version https://git-lfs.github.com/spec/v1
oid sha256:6a7a57fbf9a52445ea6396a733e7fcf5ab195759b615e1209a4881d2a5690467
size 471935
