UNITID,EFBAGE,LINE,LSTUDY,EFAGE01,EFAGE02,EFAGE03,EFAGE04,EFAGE05,EFAGE06,EFAGE07,EFAGE08,EFAGE09
100654,1,412,1,2023,3226,279,449,5249,728,2302,3675,5977
100654,1,112,2,1849,2814,177,253,4663,430,2026,3067,5093
100654,1,312,5,174,412,102,196,586,298,276,608,884
100654,2,999,1,1827,2870,152,248,4697,400,1979,3118,5097
100654,2,999,2,1766,2710,138,200,4476,338,1904,2910,4814
100654,2,999,5,61,160,14,48,221,62,75,208,283
100654,3,1,1,14,26,0,0,40,0,14,26,40
100654,3,1,2,14,26,0,0,40,0,14,26,40
100654,4,2,1,876,1377,20,41,2253,61,896,1418,2314
100654,4,2,2,876,1377,20,41,2253,61,896,1418,2314
100654,5,3,1,547,899,42,63,1446,105,589,962,1551
100654,5,3,2,547,894,42,62,1441,104,589,956,1545
100654,5,3,5,0,5,0,1,5,1,0,6,6
100654,6,4,1,390,568,90,144,958,234,480,712,1192
100654,6,4,2,329,413,76,97,742,173,405,510,915
100654,6,4,5,61,155,14,47,216,61,75,202,277
100654,7,999,1,196,356,127,201,552,328,323,557,880
100654,7,999,2,83,104,39,53,187,92,122,157,279
100654,7,999,5,113,252,88,148,365,236,201,400,601
100654,8,5,1,130,213,74,97,343,171,204,310,514
100654,8,5,2,58,65,26,26,123,52,84,91,175
100654,8,5,5,72,148,48,71,220,119,120,219,339
100654,9,6,1,31,53,19,39,84,58,50,92,142
100654,9,6,2,9,14,3,9,23,12,12,23,35
100654,9,6,5,22,39,16,30,61,46,38,69,107
100654,10,7,1,10,41,14,19,51,33,24,60,84
100654,10,7,2,4,14,7,8,18,15,11,22,33
100654,10,7,5,6,27,7,11,33,18,13,38,51
100654,11,8,1,17,28,11,23,45,34,28,51,79
100654,11,8,2,6,6,1,4,12,5,7,10,17
100654,11,8,5,11,22,10,19,33,29,21,41,62
100654,12,9,1,8,18,9,23,26,32,17,41,58
100654,12,9,2,6,4,2,6,10,8,8,10,18
100654,12,9,5,2,14,7,17,16,24,9,31,40
100654,13,10,1,0,3,0,0,3,0,0,3,3
100654,13,10,2,0,1,0,0,1,0,0,1,1
100654,13,10,5,0,2,0,0,2,0,0,2,2
100663,1,412,1,5681,9199,2562,5121,14880,7683,8243,14320,22563
100663,1,112,2,3990,6412,1324,2152,10402,3476,5314,8564,13878
100663,1,312,5,1691,2787,1238,2969,4478,4207,2929,5756,8685
100663,2,999,1,4281,7186,784,1265,11467,2049,5065,8451,13516
100663,2,999,2,3653,5994,650,883,9647,1533,4303,6877,11180
100663,2,999,5,628,1192,134,382,1820,516,762,1574,2336
100663,3,1,1,27,78,30,39,105,69,57,117,174
100663,3,1,2,27,78,30,39,105,69,57,117,174
100663,4,2,1,1427,2605,66,75,4032,141,1493,2680,4173
100663,4,2,2,1427,2605,66,75,4032,141,1493,2680,4173
100663,5,3,1,1483,2535,177,263,4018,440,1660,2798,4458
100663,5,3,2,1468,2506,176,259,3974,435,1644,2765,4409
100663,5,3,5,15,29,1,4,44,5,16,33,49
100663,6,4,1,1344,1968,511,888,3312,1399,1855,2856,4711
100663,6,4,2,731,805,378,510,1536,888,1109,1315,2424
100663,6,4,5,613,1163,133,378,1776,511,746,1541,2287
100663,7,999,1,1400,2013,1778,3856,3413,5634,3178,5869,9047
100663,7,999,2,337,418,674,1269,755,1943,1011,1687,2698
100663,7,999,5,1063,1595,1104,2587,2658,3691,2167,4182,6349
100663,8,5,1,912,1258,659,1520,2170,2179,1571,2778,4349
100663,8,5,2,216,243,312,478,459,790,528,721,1249
100663,8,5,5,696,1015,347,1042,1711,1389,1043,2057,3100
100663,9,6,1,299,381,393,780,680,1173,692,1161,1853
100663,9,6,2,71,90,146,278,161,424,217,368,585
100663,9,6,5,228,291,247,502,519,749,475,793,1268
100663,10,7,1,100,164,250,529,264,779,350,693,1043
100663,10,7,2,28,37,81,168,65,249,109,205,314
100663,10,7,5,72,127,169,361,199,530,241,488,729
100663,11,8,1,68,158,326,698,226,1024,394,856,1250
100663,11,8,2,19,38,97,227,57,324,116,265,381
100663,11,8,5,49,120,229,471,169,700,278,591,869
100663,12,9,1,21,51,138,317,72,455,159,368,527
100663,12,9,2,3,9,33,116,12,149,36,125,161
100663,12,9,5,18,42,105,201,60,306,123,243,366
100663,13,10,1,0,1,12,12,1,24,12,13,25
100663,13,10,2,0,1,5,2,1,7,5,3,8
100663,13,10,5,0,0,7,10,0,17,7,10,17
100706,1,412,1,4292,3053,1359,1295,7345,2654,5651,4348,9999
100706,1,112,2,3970,2760,747,550,6730,1297,4717,3310,8027
100706,1,312,5,322,293,612,745,615,1357,934,1038,1972
100706,2,999,1,3746,2538,570,385,6284,955,4316,2923,7239
100706,2,999,2,3643,2439,441,283,6082,724,4084,2722,6806
100706,2,999,5,103,99,129,102,202,231,232,201,433
100706,3,1,1,28,30,59,66,58,125,87,96,183
100706,3,1,2,28,30,59,66,58,125,87,96,183
100706,4,2,1,1528,957,28,18,2485,46,1556,975,2531
100706,4,2,2,1528,957,28,18,2485,46,1556,975,2531
100706,5,3,1,1480,1020,107,61,2500,168,1587,1081,2668
100706,5,3,2,1478,1016,106,59,2494,165,1584,1075,2659
100706,5,3,5,2,4,1,2,6,3,3,6,9
100706,6,4,1,710,531,376,240,1241,616,1086,771,1857
100706,6,4,2,609,436,248,140,1045,388,857,576,1433
100706,6,4,5,101,95,128,100,196,228,229,195,424
100706,7,999,1,546,513,789,910,1059,1699,1335,1423,2758
100706,7,999,2,327,321,306,267,648,573,633,588,1221
100706,7,999,5,219,192,483,643,411,1126,702,835,1537
100706,8,5,1,312,243,354,286,555,640,666,529,1195
100706,8,5,2,202,172,154,91,374,245,356,263,619
100706,8,5,5,110,71,200,195,181,395,310,266,576
100706,9,6,1,138,116,192,197,254,389,330,313,643
100706,9,6,2,69,73,82,69,142,151,151,142,293
100706,9,6,5,69,43,110,128,112,238,179,171,350
100706,10,7,1,46,55,95,119,101,214,141,174,315
100706,10,7,2,30,30,29,38,60,67,59,68,127
100706,10,7,5,16,25,66,81,41,147,82,106,188
100706,11,8,1,38,81,90,203,119,293,128,284,412
100706,11,8,2,21,40,23,44,61,67,44,84,128
100706,11,8,5,17,41,67,159,58,226,84,200,284
100706,12,9,1,10,18,51,102,28,153,61,120,181
100706,12,9,2,5,6,15,23,11,38,20,29,49
100706,12,9,5,5,12,36,79,17,115,41,91,132
100706,13,10,1,2,0,7,3,2,10,9,3,12
100706,13,10,2,0,0,3,2,0,5,3,2,5
100706,13,10,5,2,0,4,1,2,5,6,1,7
100706,14,11,1,0,2,0,0,2,0,0,2,2
100706,14,11,5,0,2,0,0,2,0,0,2,2
100724,1,412,1,1257,2350,178,287,3607,465,1435,2637,4072
100724,1,112,2,1171,2118,128,197,3289,325,1299,2315,3614
100724,1,312,5,86,232,50,90,318,140,136,322,458
100724,2,999,1,1125,2123,113,155,3248,268,1238,2278,3516
100724,2,999,2,1090,2017,110,146,3107,256,1200,2163,3363
100724,2,999,5,35,106,3,9,141,12,38,115,153
100724,3,1,1,5,18,0,13,23,13,5,31,36
100724,3,1,2,5,18,0,13,23,13,5,31,36
100724,4,2,1,475,944,38,45,1419,83,513,989,1502
100724,4,2,2,475,944,38,45,1419,83,513,989,1502
100724,5,3,1,374,730,28,35,1104,63,402,765,1167
100724,5,3,2,374,725,28,35,1099,63,402,760,1162
100724,5,3,5,0,5,0,0,5,0,0,5,5
100724,6,4,1,271,431,47,62,702,109,318,493,811
100724,6,4,2,236,330,44,53,566,97,280,383,663
100724,6,4,5,35,101,3,9,136,12,38,110,148
100724,7,999,1,132,227,64,132,359,196,196,359,555
100724,7,999,2,81,101,17,51,182,68,98,152,250
100724,7,999,5,51,126,47,81,177,128,98,207,305
100724,8,5,1,85,146,22,37,231,59,107,183,290
100724,8,5,2,58,71,12,19,129,31,70,90,160
100724,8,5,5,27,75,10,18,102,28,37,93,130
100724,9,6,1,28,38,16,28,66,44,44,66,110
100724,9,6,2,14,16,4,13,30,17,18,29,47
100724,9,6,5,14,22,12,15,36,27,26,37,63
100724,10,7,1,4,12,7,25,16,32,11,37,48
100724,10,7,2,3,2,1,7,5,8,4,9,13
100724,10,7,5,1,10,6,18,11,24,7,28,35
100724,11,8,1,12,26,11,24,38,35,23,50,73
100724,11,8,2,5,10,0,6,15,6,5,16,21
100724,11,8,5,7,16,11,18,23,29,18,34,52
100724,12,9,1,3,5,8,17,8,25,11,22,33
100724,12,9,2,1,2,0,5,3,5,1,7,8
100724,12,9,5,2,3,8,12,5,20,10,15,25
100724,13,10,1,0,0,0,1,0,1,0,1,1
100724,13,10,2,0,0,0,1,0,1,0,1,1
100724,14,11,1,0,0,1,0,0,1,1,0,1
100724,14,11,2,0,0,1,0,0,1,1,0,1
100751,1,412,1,13899,17634,2242,4065,31533,6307,16141,21699,37840
100751,1,112,2,12351,15399,1482,2438,27750,3920,13833,17837,31670
100751,1,312,5,1548,2235,760,1627,3783,2387,2308,3862,6170
100751,2,999,1,12644,16116,903,1589,28760,2492,13547,17705,31252
100751,2,999,2,11954,14992,827,1371,26946,2198,12781,16363,29144
100751,2,999,5,690,1124,76,218,1814,294,766,1342,2108
100751,3,1,1,67,168,257,677,235,934,324,845,1169
100751,3,1,2,67,168,257,677,235,934,324,845,1169
100751,4,2,1,4875,6949,85,78,11824,163,4960,7027,11987
100751,4,2,2,4875,6949,85,78,11824,163,4960,7027,11987
100751,5,3,1,5143,6732,156,230,11875,386,5299,6962,12261
100751,5,3,2,5094,6625,153,224,11719,377,5247,6849,12096
100751,5,3,5,49,107,3,6,156,9,52,113,165
100751,6,4,1,2559,2267,405,604,4826,1009,2964,2871,5835
100751,6,4,2,1918,1250,332,392,3168,724,2250,1642,3892
100751,6,4,5,641,1017,73,212,1658,285,714,1229,1943
100751,7,999,1,1254,1517,1337,2475,2771,3812,2591,3992,6583
100751,7,999,2,397,407,655,1067,804,1722,1052,1474,2526
100751,7,999,5,857,1110,682,1408,1967,2090,1539,2518,4057
100751,8,5,1,725,744,360,720,1469,1080,1085,1464,2549
100751,8,5,2,249,199,200,320,448,520,449,519,968
100751,8,5,5,476,545,160,400,1021,560,636,945,1581
100751,9,6,1,296,345,341,567,641,908,637,912,1549
100751,9,6,2,78,84,163,281,162,444,241,365,606
100751,9,6,5,218,261,178,286,479,464,396,547,943
100751,10,7,1,108,181,252,370,289,622,360,551,911
100751,10,7,2,29,49,133,157,78,290,162,206,368
100751,10,7,5,79,132,119,213,211,332,198,345,543
100751,11,8,1,97,175,239,523,272,762,336,698,1034
100751,11,8,2,34,54,102,203,88,305,136,257,393
100751,11,8,5,63,121,137,320,184,457,200,441,641
100751,12,9,1,27,70,136,286,97,422,163,356,519
100751,12,9,2,6,21,53,101,27,154,59,122,181
100751,12,9,5,21,49,83,185,70,268,104,234,338
100751,13,10,1,1,2,9,9,3,18,10,11,21
100751,13,10,2,1,0,4,5,1,9,5,5,10
100751,13,10,5,0,2,5,4,2,9,5,6,11
100751,14,11,1,1,1,2,1,2,3,3,2,5
100751,14,11,5,1,1,2,1,2,3,3,2,5
100760,1,412,1,254,294,389,609,548,998,643,903,1546
100760,1,112,2,254,294,389,609,548,998,643,903,1546
100760,2,999,1,231,244,347,459,475,806,578,703,1281
100760,2,999,2,231,244,347,459,475,806,578,703,1281
100760,3,1,1,0,3,191,240,3,431,191,243,434
100760,3,1,2,0,3,191,240,3,431,191,243,434
100760,4,2,1,128,160,76,100,288,176,204,260,464
100760,4,2,2,128,160,76,100,288,176,204,260,464
100760,5,3,1,94,66,54,55,160,109,148,121,269
100760,5,3,2,94,66,54,55,160,109,148,121,269
100760,6,4,1,9,15,26,64,24,90,35,79,114
100760,6,4,2,9,15,26,64,24,90,35,79,114
100760,7,999,1,23,50,42,150,73,192,65,200,265
100760,7,999,2,23,50,42,150,73,192,65,200,265
100760,8,5,1,10,20,17,56,30,73,27,76,103
100760,8,5,2,10,20,17,56,30,73,27,76,103
100760,9,6,1,8,12,10,38,20,48,18,50,68
100760,9,6,2,8,12,10,38,20,48,18,50,68
100760,10,7,1,2,8,2,26,10,28,4,34,38
100760,10,7,2,2,8,2,26,10,28,4,34,38
100760,11,8,1,2,6,8,18,8,26,10,24,34
100760,11,8,2,2,6,8,18,8,26,10,24,34
100760,12,9,1,1,4,5,11,5,16,6,15,21
100760,12,9,2,1,4,5,11,5,16,6,15,21
100760,13,10,1,0,0,0,1,0,1,0,1,1
100760,13,10,2,0,0,0,1,0,1,0,1,1
100812,1,412,1,362,884,535,1086,1246,1621,897,1970,2867
100812,1,112,2,343,859,478,1008,1202,1486,821,1867,2688
100812,1,312,5,19,25,57,78,44,135,76,103,179
100812,2,999,1,218,542,143,296,760,439,361,838,1199
100812,2,999,2,216,537,140,291,753,431,356,828,1184
100812,2,999,5,2,5,3,5,7,8,5,10,15
100812,4,2,1,10,23,5,5,33,10,15,28,43
100812,4,2,2,10,23,5,5,33,10,15,28,43
100812,5,3,1,89,284,27,90,373,117,116,374,490
100812,5,3,2,88,284,27,90,372,117,115,374,489
100812,5,3,5,1,0,0,0,1,0,1,0,1
100812,6,4,1,119,235,111,201,354,312,230,436,666
100812,6,4,2,118,230,108,196,348,304,226,426,652
100812,6,4,5,1,5,3,5,6,8,4,10,14
100812,7,999,1,144,342,392,790,486,1182,536,1132,1668
100812,7,999,2,127,322,338,717,449,1055,465,1039,1504
100812,7,999,5,17,20,54,73,37,127,71,93,164
100812,8,5,1,64,130,121,209,194,330,185,339,524
100812,8,5,2,60,126,112,192,186,304,172,318,490
100812,8,5,5,4,4,9,17,8,26,13,21,34
100812,9,6,1,38,86,93,172,124,265,131,258,389
100812,9,6,2,32,83,78,157,115,235,110,240,350
100812,9,6,5,6,3,15,15,9,30,21,18,39
100812,10,7,1,16,50,61,135,66,196,77,185,262
100812,10,7,2,14,45,56,126,59,182,70,171,241
100812,10,7,5,2,5,5,9,7,14,7,14,21
100812,11,8,1,21,56,68,170,77,238,89,226,315
100812,11,8,2,17,48,55,152,65,207,72,200,272
100812,11,8,5,4,8,13,18,12,31,17,26,43
100812,12,9,1,4,19,46,101,23,147,50,120,170
100812,12,9,2,3,19,35,87,22,122,38,106,144
100812,12,9,5,1,0,11,14,1,25,12,14,26
100812,13,10,1,1,1,3,3,2,6,4,4,8
100812,13,10,2,1,1,2,3,2,5,3,4,7
100812,13,10,5,0,0,1,0,0,1,1,0,1
100830,1,412,1,1239,2471,531,971,3710,1502,1770,3442,5212
100830,1,112,2,1103,2271,366,635,3374,1001,1469,2906,4375
100830,1,312,5,136,200,165,336,336,501,301,536,837
100830,2,999,1,1012,2053,261,409,3065,670,1273,2462,3735
100830,2,999,2,951,1980,230,344,2931,574,1181,2324,3505
100830,2,999,5,61,73,31,65,134,96,92,138,230
100830,3,1,1,11,13,30,67,24,97,41,80,121
100830,3,1,2,11,13,30,67,24,97,41,80,121
100830,4,2,1,327,765,50,47,1092,97,377,812,1189
100830,4,2,2,327,764,50,47,1091,97,377,811,1188
100830,4,2,5,0,1,0,0,1,0,0,1,1
100830,5,3,1,351,749,44,99,1100,143,395,848,1243
100830,5,3,2,351,745,44,99,1096,143,395,844,1239
100830,5,3,5,0,4,0,0,4,0,0,4,4
100830,6,4,1,323,526,137,196,849,333,460,722,1182
100830,6,4,2,262,458,106,131,720,237,368,589,957
100830,6,4,5,61,68,31,65,129,96,92,133,225
100830,7,999,1,227,418,270,562,645,832,497,980,1477
100830,7,999,2,152,291,136,291,443,427,288,582,870
100830,7,999,5,75,127,134,271,202,405,209,398,607
100830,8,5,1,126,222,109,213,348,322,235,435,670
100830,8,5,2,91,165,64,115,256,179,155,280,435
100830,8,5,5,35,57,45,98,92,143,80,155,235
100830,9,6,1,53,84,71,92,137,163,124,176,300
100830,9,6,2,35,57,41,44,92,85,76,101,177
100830,9,6,5,18,27,30,48,45,78,48,75,123
100830,10,7,1,19,42,29,88,61,117,48,130,178
100830,10,7,2,9,27,9,40,36,49,18,67,85
100830,10,7,5,10,15,20,48,25,68,30,63,93
100830,11,8,1,20,53,41,106,73,147,61,159,220
100830,11,8,2,10,31,17,57,41,74,27,88,115
100830,11,8,5,10,22,24,49,32,73,34,71,105
100830,12,9,1,9,16,19,62,25,81,28,78,106
100830,12,9,2,7,10,4,35,17,39,11,45,56
100830,12,9,5,2,6,15,27,8,42,17,33,50
100830,13,10,1,0,1,1,1,1,2,1,2,3
100830,13,10,2,0,1,1,0,1,1,1,1,2
100830,13,10,5,0,0,0,1,0,1,0,1,1
100858,1,412,1,12779,13067,2669,2222,25846,4891,15448,15289,30737
100858,1,112,2,11388,11070,1223,824,22458,2047,12611,11894,24505
100858,1,312,5,1391,1997,1446,1398,3388,2844,2837,3395,6232
100858,2,999,1,11441,12024,1161,899,23465,2060,12602,12923,25525
100858,2,999,2,10927,10902,950,650,21829,1600,11877,11552,23429
100858,2,999,5,514,1122,211,249,1636,460,725,1371,2096
100858,3,1,1,34,56,37,81,90,118,71,137,208
100858,3,1,2,34,56,37,81,90,118,71,137,208
100858,4,2,1,4223,4819,129,106,9042,235,4352,4925,9277
100858,4,2,2,4221,4819,129,106,9040,235,4350,4925,9275
100858,4,2,5,2,0,0,0,2,0,2,0,2
100858,5,3,1,4596,5032,359,231,9628,590,4955,5263,10218
100858,5,3,2,4571,4934,354,222,9505,576,4925,5156,10081
100858,5,3,5,25,98,5,9,123,14,30,107,137
100858,6,4,1,2588,2117,636,481,4705,1117,3224,2598,5822
100858,6,4,2,2101,1093,430,241,3194,671,2531,1334,3865
100858,6,4,5,487,1024,206,240,1511,446,693,1264,1957
100858,7,999,1,1338,1043,1508,1323,2381,2831,2846,2366,5212
100858,7,999,2,461,168,273,174,629,447,734,342,1076
100858,7,999,5,877,875,1235,1149,1752,2384,2112,2024,4136
100858,8,5,1,844,684,643,577,1528,1220,1487,1261,2748
100858,8,5,2,326,128,155,78,454,233,481,206,687
100858,8,5,5,518,556,488,499,1074,987,1006,1055,2061
100858,9,6,1,286,176,325,298,462,623,611,474,1085
100858,9,6,2,81,17,48,40,98,88,129,57,186
100858,9,6,5,205,159,277,258,364,535,482,417,899
100858,10,7,1,109,78,215,178,187,393,324,256,580
100858,10,7,2,34,9,35,26,43,61,69,35,104
100858,10,7,5,75,69,180,152,144,332,255,221,476
100858,11,8,1,79,76,207,161,155,368,286,237,523
100858,11,8,2,16,9,22,20,25,42,38,29,67
100858,11,8,5,63,67,185,141,130,326,248,208,456
100858,12,9,1,19,28,111,102,47,213,130,130,260
100858,12,9,2,4,5,12,9,9,21,16,14,30
100858,12,9,5,15,23,99,93,38,192,114,116,230
100858,13,10,1,1,1,7,7,2,14,8,8,16
100858,13,10,2,0,0,1,1,0,2,1,1,2
100858,13,10,5,1,1,6,6,2,12,7,7,14
100937,1,412,1,520,606,3,0,1126,3,523,606,1129
100937,1,112,2,520,606,3,0,1126,3,523,606,1129
100937,2,999,1,515,596,3,0,1111,3,518,596,1114
100937,2,999,2,515,596,3,0,1111,3,518,596,1114
100937,3,1,1,1,2,0,0,3,0,1,2,3
100937,3,1,2,1,2,0,0,3,0,1,2,3
100937,4,2,1,228,250,0,0,478,0,228,250,478
100937,4,2,2,228,250,0,0,478,0,228,250,478
100937,5,3,1,235,299,2,0,534,2,237,299,536
100937,5,3,2,235,299,2,0,534,2,237,299,536
100937,6,4,1,51,45,1,0,96,1,52,45,97
100937,6,4,2,51,45,1,0,96,1,52,45,97
100937,7,999,1,5,10,0,0,15,0,5,10,15
100937,7,999,2,5,10,0,0,15,0,5,10,15
100937,8,5,1,2,8,0,0,10,0,2,8,10
100937,8,5,2,2,8,0,0,10,0,2,8,10
100937,9,6,1,2,0,0,0,2,0,2,0,2
100937,9,6,2,2,0,0,0,2,0,2,0,2
100937,10,7,1,0,2,0,0,2,0,0,2,2
100937,10,7,2,0,2,0,0,2,0,0,2,2
100937,11,8,1,1,0,0,0,1,0,1,0,1
100937,11,8,2,1,0,0,0,1,0,1,0,1
101028,1,412,1,223,375,224,577,598,801,447,952,1399
101028,1,112,2,223,375,224,577,598,801,447,952,1399
101028,2,999,1,185,274,165,287,459,452,350,561,911
101028,2,999,2,185,274,165,287,459,452,350,561,911
101028,3,1,1,0,7,52,114,7,166,52,121,173
101028,3,1,2,0,7,52,114,7,166,52,121,173
101028,4,2,1,100,155,35,54,255,89,135,209,344
101028,4,2,2,100,155,35,54,255,89,135,209,344
101028,5,3,1,69,82,55,54,151,109,124,136,260
101028,5,3,2,69,82,55,54,151,109,124,136,260
101028,6,4,1,16,30,23,65,46,88,39,95,134
101028,6,4,2,16,30,23,65,46,88,39,95,134
101028,7,999,1,38,101,59,290,139,349,97,391,488
101028,7,999,2,38,101,59,290,139,349,97,391,488
101028,8,5,1,20,32,20,90,52,110,40,122,162
101028,8,5,2,20,32,20,90,52,110,40,122,162
101028,9,6,1,2,28,9,85,30,94,11,113,124
101028,9,6,2,2,28,9,85,30,94,11,113,124
101028,10,7,1,3,22,6,48,25,54,9,70,79
101028,10,7,2,3,22,6,48,25,54,9,70,79
101028,11,8,1,6,14,15,47,20,62,21,61,82
101028,11,8,2,6,14,15,47,20,62,21,61,82
101028,12,9,1,7,5,8,17,12,25,15,22,37
101028,12,9,2,7,5,8,17,12,25,15,22,37
101028,13,10,1,0,0,1,3,0,4,1,3,4
101028,13,10,2,0,0,1,3,0,4,1,3,4
101143,1,412,1,503,386,468,451,889,919,971,837,1808
101143,1,112,2,503,386,468,451,889,919,971,837,1808
101143,2,999,1,408,284,397,336,692,733,805,620,1425
101143,2,999,2,408,284,397,336,692,733,805,620,1425
101143,3,1,1,11,13,196,179,24,375,207,192,399
101143,3,1,2,11,13,196,179,24,375,207,192,399
101143,4,2,1,202,170,105,62,372,167,307,232,539
101143,4,2,2,202,170,105,62,372,167,307,232,539
101143,5,3,1,138,72,54,54,210,108,192,126,318
101143,5,3,2,138,72,54,54,210,108,192,126,318
101143,6,4,1,57,29,42,41,86,83,99,70,169
101143,6,4,2,57,29,42,41,86,83,99,70,169
101143,7,999,1,95,102,71,111,197,182,166,213,379
101143,7,999,2,95,102,71,111,197,182,166,213,379
101143,8,5,1,35,43,30,39,78,69,65,82,147
101143,8,5,2,35,43,30,39,78,69,65,82,147
101143,9,6,1,30,23,20,19,53,39,50,42,92
101143,9,6,2,30,23,20,19,53,39,50,42,92
101143,10,7,1,14,16,12,16,30,28,26,32,58
101143,10,7,2,14,16,12,16,30,28,26,32,58
101143,11,8,1,11,12,6,24,23,30,17,36,53
101143,11,8,2,11,12,6,24,23,30,17,36,53
101143,12,9,1,5,8,3,13,13,16,8,21,29
101143,12,9,2,5,8,3,13,13,16,8,21,29
101143,14,11,1,0,0,0,4,0,4,0,4,4
101143,14,11,2,0,0,0,4,0,4,0,4,4
101161,1,412,1,1140,1637,1658,2218,2777,3876,2798,3855,6653
101161,1,112,2,1140,1637,1658,2218,2777,3876,2798,3855,6653
101161,2,999,1,1010,1394,1463,1618,2404,3081,2473,3012,5485
101161,2,999,2,1010,1394,1463,1618,2404,3081,2473,3012,5485
101161,3,1,1,8,13,799,748,21,1547,807,761,1568
101161,3,1,2,8,13,799,748,21,1547,807,761,1568
101161,4,2,1,580,849,351,314,1429,665,931,1163,2094
101161,4,2,2,580,849,351,314,1429,665,931,1163,2094
101161,5,3,1,333,403,192,296,736,488,525,699,1224
101161,5,3,2,333,403,192,296,736,488,525,699,1224
101161,6,4,1,89,129,121,260,218,381,210,389,599
101161,6,4,2,89,129,121,260,218,381,210,389,599
101161,7,999,1,130,243,195,598,373,793,325,841,1166
101161,7,999,2,130,243,195,598,373,793,325,841,1166
101161,8,5,1,53,103,86,221,156,307,139,324,463
101161,8,5,2,53,103,86,221,156,307,139,324,463
101161,9,6,1,30,65,52,147,95,199,82,212,294
101161,9,6,2,30,65,52,147,95,199,82,212,294
101161,10,7,1,20,37,23,95,57,118,43,132,175
101161,10,7,2,20,37,23,95,57,118,43,132,175
101161,11,8,1,17,24,19,100,41,119,36,124,160
101161,11,8,2,17,24,19,100,41,119,36,124,160
101161,12,9,1,10,13,14,34,23,48,24,47,71
101161,12,9,2,10,13,14,34,23,48,24,47,71
101161,13,10,1,0,1,1,1,1,2,1,2,3
101161,13,10,2,0,1,1,1,1,2,1,2,3
101161,14,11,1,0,0,0,2,0,2,0,2,2
101161,14,11,2,0,0,0,2,0,2,0,2,2
101189,1,412,1,824,1164,363,610,1988,973,1187,1774,2961
101189,1,112,2,597,764,264,473,1361,737,861,1237,2098
101189,1,312,5,227,400,99,137,627,236,326,537,863
101189,2,999,1,501,525,147,195,1026,342,648,720,1368
101189,2,999,2,454,419,142,186,873,328,596,605,1201
101189,2,999,5,47,106,5,9,153,14,52,115,167
101189,3,1,1,3,6,99,142,9,241,102,148,250
101189,3,1,2,3,5,99,142,8,241,102,147,249
101189,3,1,5,0,1,0,0,1,0,0,1,1
101189,4,2,1,209,177,10,14,386,24,219,191,410
101189,4,2,2,209,177,10,14,386,24,219,191,410
101189,5,3,1,149,148,12,6,297,18,161,154,315
101189,5,3,2,149,148,12,5,297,17,161,153,314
101189,5,3,5,0,0,0,1,0,1,0,1,1
101189,6,4,1,140,194,26,33,334,59,166,227,393
101189,6,4,2,93,89,21,25,182,46,114,114,228
101189,6,4,5,47,105,5,8,152,13,52,113,165
101189,7,999,1,323,639,216,415,962,631,539,1054,1593
101189,7,999,2,143,345,122,287,488,409,265,632,897
101189,7,999,5,180,294,94,128,474,222,274,422,696
101189,8,5,1,100,183,38,99,283,137,138,282,420
101189,8,5,2,36,90,28,79,126,107,64,169,233
101189,8,5,5,64,93,10,20,157,30,74,113,187
101189,9,6,1,68,121,43,80,189,123,111,201,312
101189,9,6,2,25,67,25,58,92,83,50,125,175
101189,9,6,5,43,54,18,22,97,40,61,76,137
101189,10,7,1,46,106,36,69,152,105,82,175,257
101189,10,7,2,27,65,19,53,92,72,46,118,164
101189,10,7,5,19,41,17,16,60,33,36,57,93
101189,11,8,1,73,166,57,110,239,167,130,276,406
101189,11,8,2,41,87,32,64,128,96,73,151,224
101189,11,8,5,32,79,25,46,111,71,57,125,182
101189,12,9,1,35,62,40,55,97,95,75,117,192
101189,12,9,2,14,36,18,31,50,49,32,67,99
101189,12,9,5,21,26,22,24,47,46,43,50,93
101189,13,10,1,1,1,2,2,2,4,3,3,6
101189,13,10,2,0,0,0,2,0,2,0,2,2
101189,13,10,5,1,1,2,0,2,2,3,1,4
101240,1,412,1,834,1082,683,1394,1916,2077,1517,2476,3993
101240,1,112,2,834,1082,683,1394,1916,2077,1517,2476,3993
101240,2,999,1,575,770,496,852,1345,1348,1071,1622,2693
101240,2,999,2,575,770,496,852,1345,1348,1071,1622,2693
101240,3,1,1,4,2,151,213,6,364,155,215,370
101240,3,1,2,4,2,151,213,6,364,155,215,370
101240,4,2,1,308,417,136,179,725,315,444,596,1040
101240,4,2,2,308,417,136,179,725,315,444,596,1040
101240,5,3,1,178,221,112,241,399,353,290,462,752
101240,5,3,2,178,221,112,241,399,353,290,462,752
101240,6,4,1,85,130,97,219,215,316,182,349,531
101240,6,4,2,85,130,97,219,215,316,182,349,531
101240,7,999,1,259,312,187,542,571,729,446,854,1300
101240,7,999,2,259,312,187,542,571,729,446,854,1300
101240,8,5,1,71,133,65,204,204,269,136,337,473
101240,8,5,2,71,133,65,204,204,269,136,337,473
101240,9,6,1,53,59,52,129,112,181,105,188,293
101240,9,6,2,53,59,52,129,112,181,105,188,293
101240,10,7,1,46,52,22,91,98,113,68,143,211
101240,10,7,2,46,52,22,91,98,113,68,143,211
101240,11,8,1,60,43,26,84,103,110,86,127,213
101240,11,8,2,60,43,26,84,103,110,86,127,213
101240,12,9,1,25,25,15,32,50,47,40,57,97
101240,12,9,2,25,25,15,32,50,47,40,57,97
101240,13,10,1,4,0,7,2,4,9,11,2,13
101240,13,10,2,4,0,7,2,4,9,11,2,13
101286,1,412,1,426,789,773,1693,1215,2466,1199,2482,3681
101286,1,112,2,426,789,773,1693,1215,2466,1199,2482,3681
101286,2,999,1,335,585,591,1030,920,1621,926,1615,2541
101286,2,999,2,335,585,591,1030,920,1621,926,1615,2541
101286,3,1,1,2,3,219,292,5,511,221,295,516
101286,3,1,2,2,3,219,292,5,511,221,295,516
101286,4,2,1,186,309,166,260,495,426,352,569,921
101286,4,2,2,186,309,166,260,495,426,352,569,921
101286,5,3,1,101,181,118,259,282,377,219,440,659
101286,5,3,2,101,181,118,259,282,377,219,440,659
101286,6,4,1,46,92,88,219,138,307,134,311,445
101286,6,4,2,46,92,88,219,138,307,134,311,445
101286,7,999,1,91,204,182,663,295,845,273,867,1140
101286,7,999,2,91,204,182,663,295,845,273,867,1140
101286,8,5,1,24,72,46,231,96,277,70,303,373
101286,8,5,2,24,72,46,231,96,277,70,303,373
101286,9,6,1,18,57,48,148,75,196,66,205,271
101286,9,6,2,18,57,48,148,75,196,66,205,271
101286,10,7,1,17,35,30,117,52,147,47,152,199
101286,10,7,2,17,35,30,117,52,147,47,152,199
101286,11,8,1,21,28,36,125,49,161,57,153,210
101286,11,8,2,21,28,36,125,49,161,57,153,210
101286,12,9,1,11,11,20,39,22,59,31,50,81
101286,12,9,2,11,11,20,39,22,59,31,50,81
101286,13,10,1,0,1,2,3,1,5,2,4,6
101286,13,10,2,0,1,2,3,1,5,2,4,6
101295,1,412,1,850,1499,750,1664,2349,2414,1600,3163,4763
101295,1,112,2,850,1499,750,1664,2349,2414,1600,3163,4763
101295,2,999,1,716,1250,570,1129,1966,1699,1286,2379,3665
101295,2,999,2,716,1250,570,1129,1966,1699,1286,2379,3665
101295,3,1,1,34,51,126,202,85,328,160,253,413
101295,3,1,2,34,51,126,202,85,328,160,253,413
101295,4,2,1,370,647,168,301,1017,469,538,948,1486
101295,4,2,2,370,647,168,301,1017,469,538,948,1486
101295,5,3,1,233,370,171,352,603,523,404,722,1126
101295,5,3,2,233,370,171,352,603,523,404,722,1126
101295,6,4,1,79,182,105,274,261,379,184,456,640
101295,6,4,2,79,182,105,274,261,379,184,456,640
101295,7,999,1,134,249,180,535,383,715,314,784,1098
101295,7,999,2,134,249,180,535,383,715,314,784,1098
101295,8,5,1,57,123,71,221,180,292,128,344,472
101295,8,5,2,57,123,71,221,180,292,128,344,472
101295,9,6,1,29,57,39,125,86,164,68,182,250
101295,9,6,2,29,57,39,125,86,164,68,182,250
101295,10,7,1,21,26,27,62,47,89,48,88,136
101295,10,7,2,21,26,27,62,47,89,48,88,136
101295,11,8,1,17,38,25,88,55,113,42,126,168
101295,11,8,2,17,38,25,88,55,113,42,126,168
101295,12,9,1,9,5,16,37,14,53,25,42,67
101295,12,9,2,9,5,16,37,14,53,25,42,67
101295,13,10,1,1,0,2,2,1,4,3,2,5
101295,13,10,2,1,0,2,2,1,4,3,2,5
101301,1,412,1,179,279,279,579,458,858,458,858,1316
101301,1,112,2,179,279,279,579,458,858,458,858,1316
101301,2,999,1,168,214,257,350,382,607,425,564,989
101301,2,999,2,168,214,257,350,382,607,425,564,989
101301,3,1,1,3,1,146,164,4,310,149,165,314
101301,3,1,2,3,1,146,164,4,310,149,165,314
101301,4,2,1,90,115,68,73,205,141,158,188,346
101301,4,2,2,90,115,68,73,205,141,158,188,346
101301,5,3,1,62,67,31,51,129,82,93,118,211
101301,5,3,2,62,67,31,51,129,82,93,118,211
101301,6,4,1,13,31,12,62,44,74,25,93,118
101301,6,4,2,13,31,12,62,44,74,25,93,118
101301,7,999,1,11,65,22,229,76,251,33,294,327
101301,7,999,2,11,65,22,229,76,251,33,294,327
101301,8,5,1,6,29,7,85,35,92,13,114,127
101301,8,5,2,6,29,7,85,35,92,13,114,127
101301,9,6,1,0,13,3,61,13,64,3,74,77
101301,9,6,2,0,13,3,61,13,64,3,74,77
101301,10,7,1,0,15,4,40,15,44,4,55,59
101301,10,7,2,0,15,4,40,15,44,4,55,59
101301,11,8,1,4,8,4,33,12,37,8,41,49
101301,11,8,2,4,8,4,33,12,37,8,41,49
101301,12,9,1,1,0,4,10,1,14,5,10,15
101301,12,9,2,1,0,4,10,1,14,5,10,15
101435,1,412,1,428,361,35,96,789,131,463,457,920
101435,1,112,2,428,361,35,96,789,131,463,457,920
101435,2,999,1,423,350,16,25,773,41,439,375,814
101435,2,999,2,423,350,16,25,773,41,439,375,814
101435,3,1,1,2,3,0,0,5,0,2,3,5
101435,3,1,2,2,3,0,0,5,0,2,3,5
101435,4,2,1,111,92,0,0,203,0,111,92,203
101435,4,2,2,111,92,0,0,203,0,111,92,203
101435,5,3,1,262,238,2,11,500,13,264,249,513
101435,5,3,2,262,238,2,11,500,13,264,249,513
101435,6,4,1,48,17,14,14,65,28,62,31,93
101435,6,4,2,48,17,14,14,65,28,62,31,93
101435,7,999,1,5,11,19,71,16,90,24,82,106
101435,7,999,2,5,11,19,71,16,90,24,82,106
101435,8,5,1,2,2,6,24,4,30,8,26,34
101435,8,5,2,2,2,6,24,4,30,8,26,34
101435,9,6,1,3,2,7,15,5,22,10,17,27
101435,9,6,2,3,2,7,15,5,22,10,17,27
101435,10,7,1,0,0,3,9,0,12,3,9,12
101435,10,7,2,0,0,3,9,0,12,3,9,12
101435,11,8,1,0,6,1,12,6,13,1,18,19
101435,11,8,2,0,6,1,12,6,13,1,18,19
101435,12,9,1,0,1,1,10,1,11,1,11,12
101435,12,9,2,0,1,1,10,1,11,1,11,12
101435,13,10,1,0,0,1,1,0,2,1,1,2
101435,13,10,2,0,0,1,1,0,2,1,1,2
101462,1,412,1,103,149,238,335,252,573,341,484,825
101462,1,112,2,103,149,238,335,252,573,341,484,825
101462,2,999,1,56,66,189,176,122,365,245,242,487
101462,2,999,2,56,66,189,176,122,365,245,242,487
101462,3,1,1,1,0,82,104,1,186,83,104,187
101462,3,1,2,1,0,82,104,1,186,83,104,187
101462,4,2,1,20,24,39,24,44,63,59,48,107
101462,4,2,2,20,24,39,24,44,63,59,48,107
101462,5,3,1,23,25,31,13,48,44,54,38,92
101462,5,3,2,23,25,31,13,48,44,54,38,92
101462,6,4,1,12,17,37,35,29,72,49,52,101
101462,6,4,2,12,17,37,35,29,72,49,52,101
101462,7,999,1,47,83,49,159,130,208,96,242,338
101462,7,999,2,47,83,49,159,130,208,96,242,338
101462,8,5,1,17,33,19,57,50,76,36,90,126
101462,8,5,2,17,33,19,57,50,76,36,90,126
101462,9,6,1,8,18,11,23,26,34,19,41,60
101462,9,6,2,8,18,11,23,26,34,19,41,60
101462,10,7,1,10,12,8,33,22,41,18,45,63
101462,10,7,2,10,12,8,33,22,41,18,45,63
101462,11,8,1,6,10,6,30,16,36,12,40,52
101462,11,8,2,6,10,6,30,16,36,12,40,52
101462,12,9,1,6,9,5,16,15,21,11,25,36
101462,12,9,2,6,9,5,16,15,21,11,25,36
101462,13,10,1,0,1,0,0,1,0,0,1,1
101462,13,10,2,0,1,0,0,1,0,0,1,1
101471,1,412,1,199,50,115,35,249,150,314,85,399
101471,1,112,2,199,50,115,35,249,150,314,85,399
101471,2,999,1,30,4,16,2,34,18,46,6,52
101471,2,999,2,30,4,16,2,34,18,46,6,52
101471,4,2,1,1,0,1,0,1,1,2,0,2
101471,4,2,2,1,0,1,0,1,1,2,0,2
101471,5,3,1,11,2,4,0,13,4,15,2,17
101471,5,3,2,11,2,4,0,13,4,15,2,17
101471,6,4,1,18,2,11,2,20,13,29,4,33
101471,6,4,2,18,2,11,2,20,13,29,4,33
101471,7,999,1,169,46,99,33,215,132,268,79,347
101471,7,999,2,169,46,99,33,215,132,268,79,347
101471,8,5,1,33,11,19,7,44,26,52,18,70
101471,8,5,2,33,11,19,7,44,26,52,18,70
101471,9,6,1,30,12,18,9,42,27,48,21,69
101471,9,6,2,30,12,18,9,42,27,48,21,69
101471,10,7,1,36,9,23,7,45,30,59,16,75
101471,10,7,2,36,9,23,7,45,30,59,16,75
101471,11,8,1,43,10,28,8,53,36,71,18,89
101471,11,8,2,43,10,28,8,53,36,71,18,89
101471,12,9,1,27,3,11,2,30,13,38,5,43
101471,12,9,2,27,3,11,2,30,13,38,5,43
101471,13,10,1,0,1,0,0,1,0,0,1,1
101471,13,10,2,0,1,0,0,1,0,0,1,1
101480,1,412,1,2613,3871,971,1783,6484,2754,3584,5654,9238
101480,1,112,2,2457,3574,631,1085,6031,1716,3088,4659,7747
101480,1,312,5,156,297,340,698,453,1038,496,995,1491
101480,2,999,1,2314,3375,485,843,5689,1328,2799,4218,7017
101480,2,999,2,2246,3262,449,755,5508,1204,2695,4017,6712
101480,2,999,5,68,113,36,88,181,124,104,201,305
101480,3,1,1,7,25,240,506,32,746,247,531,778
101480,3,1,2,7,25,240,506,32,746,247,531,778
101480,4,2,1,880,1410,35,41,2290,76,915,1451,2366
101480,4,2,2,880,1410,35,41,2290,76,915,1451,2366
101480,5,3,1,872,1294,46,72,2166,118,918,1366,2284
101480,5,3,2,871,1287,45,70,2158,115,916,1357,2273
101480,5,3,5,1,7,1,2,8,3,2,9,11
101480,6,4,1,555,646,164,224,1201,388,719,870,1589
101480,6,4,2,488,540,129,138,1028,267,617,678,1295
101480,6,4,5,67,106,35,86,173,121,102,192,294
101480,7,999,1,296,495,486,940,791,1426,782,1435,2217
101480,7,999,2,208,311,182,330,519,512,390,641,1031
101480,7,999,5,88,184,304,610,272,914,392,794,1186
101480,8,5,1,148,217,159,232,365,391,307,449,756
101480,8,5,2,114,139,66,90,253,156,180,229,409
101480,8,5,5,34,78,93,142,112,235,127,220,347
101480,9,6,1,73,109,96,168,182,264,169,277,446
101480,9,6,2,46,75,43,64,121,107,89,139,228
101480,9,6,5,27,34,53,104,61,157,80,138,218
101480,10,7,1,42,67,79,192,109,271,121,259,380
101480,10,7,2,26,38,20,68,64,88,46,106,152
101480,10,7,5,16,29,59,124,45,183,75,153,228
101480,11,8,1,28,75,99,251,103,350,127,326,453
101480,11,8,2,18,39,30,75,57,105,48,114,162
101480,11,8,5,10,36,69,176,46,245,79,212,291
101480,12,9,1,4,26,50,93,30,143,54,119,173
101480,12,9,2,4,19,21,31,23,52,25,50,75
101480,12,9,5,0,7,29,62,7,91,29,69,98
101480,13,10,1,1,1,3,4,2,7,4,5,9
101480,13,10,2,0,1,2,2,1,4,2,3,5
101480,13,10,5,1,0,1,2,1,3,2,2,4
101480,14,11,1,3,1,0,0,4,0,3,1,4
101480,14,11,2,3,1,0,0,4,0,3,1,4
101505,1,412,1,930,1521,2133,3942,2451,6075,3063,5463,8526
101505,1,112,2,930,1521,2133,3942,2451,6075,3063,5463,8526
101505,2,999,1,759,1180,1680,2781,1939,4461,2439,3961,6400
101505,2,999,2,759,1180,1680,2781,1939,4461,2439,3961,6400
101505,3,1,1,5,20,607,1077,25,1684,612,1097,1709
101505,3,1,2,5,20,607,1077,25,1684,612,1097,1709
101505,4,2,1,405,628,499,614,1033,1113,904,1242,2146
101505,4,2,2,405,628,499,614,1033,1113,904,1242,2146
101505,5,3,1,245,344,295,566,589,861,540,910,1450
101505,5,3,2,245,344,295,566,589,861,540,910,1450
101505,6,4,1,104,188,279,524,292,803,383,712,1095
101505,6,4,2,104,188,279,524,292,803,383,712,1095
101505,7,999,1,171,341,453,1161,512,1614,624,1502,2126
101505,7,999,2,171,341,453,1161,512,1614,624,1502,2126
101505,8,5,1,82,158,207,480,240,687,289,638,927
101505,8,5,2,82,158,207,480,240,687,289,638,927
101505,9,6,1,48,81,109,267,129,376,157,348,505
101505,9,6,2,48,81,109,267,129,376,157,348,505
101505,10,7,1,21,40,54,153,61,207,75,193,268
101505,10,7,2,21,40,54,153,61,207,75,193,268
101505,11,8,1,15,43,53,188,58,241,68,231,299
101505,11,8,2,15,43,53,188,58,241,68,231,299
101505,12,9,1,4,17,26,72,21,98,30,89,119
101505,12,9,2,4,17,26,72,21,98,30,89,119
101505,13,10,1,1,2,4,1,3,5,5,3,8
101505,13,10,2,1,2,4,1,3,5,5,3,8
101514,1,412,1,1173,1385,2460,3260,2558,5720,3633,4645,8278
101514,1,112,2,1173,1385,2460,3260,2558,5720,3633,4645,8278
101514,2,999,1,961,1149,1777,2136,2110,3913,2738,3285,6023
101514,2,999,2,961,1149,1777,2136,2110,3913,2738,3285,6023
101514,3,1,1,12,17,540,561,29,1101,552,578,1130
101514,3,1,2,12,17,540,561,29,1101,552,578,1130
101514,4,2,1,492,647,478,522,1139,1000,970,1169,2139
101514,4,2,2,492,647,478,522,1139,1000,970,1169,2139
101514,5,3,1,329,337,431,554,666,985,760,891,1651
101514,5,3,2,329,337,431,554,666,985,760,891,1651
101514,6,4,1,128,148,328,499,276,827,456,647,1103
101514,6,4,2,128,148,328,499,276,827,456,647,1103
101514,7,999,1,212,236,683,1124,448,1807,895,1360,2255
101514,7,999,2,212,236,683,1124,448,1807,895,1360,2255
101514,8,5,1,112,119,280,401,231,681,392,520,912
101514,8,5,2,112,119,280,401,231,681,392,520,912
101514,9,6,1,53,54,166,268,107,434,219,322,541
101514,9,6,2,53,54,166,268,107,434,219,322,541
101514,10,7,1,16,29,94,177,45,271,110,206,316
101514,10,7,2,16,29,94,177,45,271,110,206,316
101514,11,8,1,23,26,88,173,49,261,111,199,310
101514,11,8,2,23,26,88,173,49,261,111,199,310
101514,12,9,1,8,8,48,86,16,134,56,94,150
101514,12,9,2,8,8,48,86,16,134,56,94,150
101514,13,10,1,0,0,7,19,0,26,7,19,26
101514,13,10,2,0,0,7,19,0,26,7,19,26
101569,1,412,1,458,740,502,1123,1198,1625,960,1863,2823
101569,1,112,2,458,740,502,1123,1198,1625,960,1863,2823
101569,2,999,1,390,571,352,641,961,993,742,1212,1954
101569,2,999,2,390,571,352,641,961,993,742,1212,1954
101569,3,1,1,0,3,40,96,3,136,40,99,139
101569,3,1,2,0,3,40,96,3,136,40,99,139
101569,4,2,1,235,331,117,157,566,274,352,488,840
101569,4,2,2,235,331,117,157,566,274,352,488,840
101569,5,3,1,117,157,111,202,274,313,228,359,587
101569,5,3,2,117,157,111,202,274,313,228,359,587
101569,6,4,1,38,80,84,186,118,270,122,266,388
101569,6,4,2,38,80,84,186,118,270,122,266,388
101569,7,999,1,68,169,150,482,237,632,218,651,869
101569,7,999,2,68,169,150,482,237,632,218,651,869
101569,8,5,1,32,54,70,180,86,250,102,234,336
101569,8,5,2,32,54,70,180,86,250,102,234,336
101569,9,6,1,8,48,22,106,56,128,30,154,184
101569,9,6,2,8,48,22,106,56,128,30,154,184
101569,10,7,1,11,19,23,80,30,103,34,99,133
101569,10,7,2,11,19,23,80,30,103,34,99,133
101569,11,8,1,9,36,23,82,45,105,32,118,150
101569,11,8,2,9,36,23,82,45,105,32,118,150
101569,12,9,1,7,9,7,28,16,35,14,37,51
101569,12,9,2,7,9,7,28,16,35,14,37,51
101569,13,10,1,1,3,5,6,4,11,6,9,15
101569,13,10,2,1,3,5,6,4,11,6,9,15
101587,1,412,1,1152,3843,294,445,4995,739,1446,4288,5734
101587,1,112,2,561,1214,206,267,1775,473,767,1481,2248
101587,1,312,5,591,2629,88,178,3220,266,679,2807,3486
101587,2,999,1,543,1110,169,195,1653,364,712,1305,2017
101587,2,999,2,457,742,161,178,1199,339,618,920,1538
101587,2,999,5,86,368,8,17,454,25,94,385,479
101587,3,1,1,1,7,9,14,8,23,10,21,31
101587,3,1,2,1,7,9,14,8,23,10,21,31
101587,4,2,1,187,255,12,26,442,38,199,281,480
101587,4,2,2,187,255,12,26,442,38,199,281,480
101587,5,3,1,175,339,64,85,514,149,239,424,663
101587,5,3,2,173,331,64,85,504,149,237,416,653
101587,5,3,5,2,8,0,0,10,0,2,8,10
101587,6,4,1,180,509,84,70,689,154,264,579,843
101587,6,4,2,96,149,76,53,245,129,172,202,374
101587,6,4,5,84,360,8,17,444,25,92,377,469
101587,7,999,1,506,2728,125,250,3234,375,631,2978,3609
101587,7,999,2,104,472,45,89,576,134,149,561,710
101587,7,999,5,402,2256,80,161,2658,241,482,2417,2899
101587,8,5,1,202,843,43,67,1045,110,245,910,1155
101587,8,5,2,33,152,19,32,185,51,52,184,236
101587,8,5,5,169,691,24,35,860,59,193,726,919
101587,9,6,1,42,570,28,50,612,78,70,620,690
101587,9,6,2,24,126,7,18,150,25,31,144,175
101587,9,6,5,18,444,21,32,462,53,39,476,515
101587,10,7,1,87,426,21,38,513,59,108,464,572
101587,10,7,2,19,76,8,11,95,19,27,87,114
101587,10,7,5,68,350,13,27,418,40,81,377,458
101587,11,8,1,139,668,26,68,807,94,165,736,901
101587,11,8,2,24,87,9,20,111,29,33,107,140
101587,11,8,5,115,581,17,48,696,65,132,629,761
101587,12,9,1,35,217,7,27,252,34,42,244,286
101587,12,9,2,4,30,2,8,34,10,6,38,44
101587,12,9,5,31,187,5,19,218,24,36,206,242
101587,13,10,1,1,4,0,0,5,0,1,4,5
101587,13,10,2,0,1,0,0,1,0,0,1,1
101587,13,10,5,1,3,0,0,4,0,1,3,4
101587,14,11,1,103,5,0,0,108,0,103,5,108
101587,14,11,5,103,5,0,0,108,0,103,5,108
101602,1,412,1,298,460,432,476,758,908,730,936,1666
101602,1,112,2,298,460,432,476,758,908,730,936,1666
101602,2,999,1,267,390,408,351,657,759,675,741,1416
101602,2,999,2,267,390,408,351,657,759,675,741,1416
101602,3,1,1,2,5,239,169,7,408,241,174,415
101602,3,1,2,2,5,239,169,7,408,241,174,415
101602,4,2,1,156,235,122,84,391,206,278,319,597
101602,4,2,2,156,235,122,84,391,206,278,319,597
101602,5,3,1,86,113,35,53,199,88,121,166,287
101602,5,3,2,86,113,35,53,199,88,121,166,287
101602,6,4,1,23,37,12,45,60,57,35,82,117
101602,6,4,2,23,37,12,45,60,57,35,82,117
101602,7,999,1,31,70,24,125,101,149,55,195,250
101602,7,999,2,31,70,24,125,101,149,55,195,250
101602,8,5,1,14,30,11,43,44,54,25,73,98
101602,8,5,2,14,30,11,43,44,54,25,73,98
101602,9,6,1,8,8,6,32,16,38,14,40,54
101602,9,6,2,8,8,6,32,16,38,14,40,54
101602,10,7,1,5,20,3,18,25,21,8,38,46
101602,10,7,2,5,20,3,18,25,21,8,38,46
101602,11,8,1,2,9,3,25,11,28,5,34,39
101602,11,8,2,2,9,3,25,11,28,5,34,39
101602,12,9,1,2,3,1,7,5,8,3,10,13
101602,12,9,2,2,3,1,7,5,8,3,10,13
101648,1,412,1,285,115,0,1,400,1,285,116,401
101648,1,112,2,285,115,0,1,400,1,285,116,401
101648,2,999,1,284,115,0,1,399,1,284,116,400
101648,2,999,2,284,115,0,1,399,1,284,116,400
101648,3,1,1,2,0,0,0,2,0,2,0,2
101648,3,1,2,2,0,0,0,2,0,2,0,2
101648,4,2,1,192,78,0,0,270,0,192,78,270
101648,4,2,2,192,78,0,0,270,0,192,78,270
101648,5,3,1,87,35,0,1,122,1,87,36,123
101648,5,3,2,87,35,0,1,122,1,87,36,123
101648,6,4,1,3,2,0,0,5,0,3,2,5
101648,6,4,2,3,2,0,0,5,0,3,2,5
101648,7,999,1,1,0,0,0,1,0,1,0,1
101648,7,999,2,1,0,0,0,1,0,1,0,1
101648,9,6,1,1,0,0,0,1,0,1,0,1
101648,9,6,2,1,0,0,0,1,0,1,0,1
101709,1,412,1,738,1409,135,318,2147,453,873,1727,2600
101709,1,112,2,715,1283,75,155,1998,230,790,1438,2228
101709,1,312,5,23,126,60,163,149,223,83,289,372
101709,2,999,1,697,1301,63,150,1998,213,760,1451,2211
101709,2,999,2,683,1221,51,114,1904,165,734,1335,2069
101709,2,999,5,14,80,12,36,94,48,26,116,142
101709,3,1,1,1,8,7,22,9,29,8,30,38
101709,3,1,2,1,8,7,22,9,29,8,30,38
101709,4,2,1,290,510,7,19,800,26,297,529,826
101709,4,2,2,290,510,7,19,800,26,297,529,826
101709,5,3,1,271,534,15,24,805,39,286,558,844
101709,5,3,2,270,530,15,24,800,39,285,554,839
101709,5,3,5,1,4,0,0,5,0,1,4,5
101709,6,4,1,135,249,34,85,384,119,169,334,503
101709,6,4,2,122,173,22,49,295,71,144,222,366
101709,6,4,5,13,76,12,36,89,48,25,112,137
101709,7,999,1,41,108,72,168,149,240,113,276,389
101709,7,999,2,32,62,24,41,94,65,56,103,159
101709,7,999,5,9,46,48,127,55,175,57,173,230
101709,8,5,1,26,69,29,51,95,80,55,120,175
101709,8,5,2,21,39,11,16,60,27,32,55,87
101709,8,5,5,5,30,18,35,35,53,23,65,88
101709,9,6,1,7,11,18,37,18,55,25,48,73
101709,9,6,2,5,6,6,9,11,15,11,15,26
101709,9,6,5,2,5,12,28,7,40,14,33,47
101709,10,7,1,5,9,3,26,14,29,8,35,43
101709,10,7,2,4,7,0,3,11,3,4,10,14
101709,10,7,5,1,2,3,23,3,26,4,25,29
101709,11,8,1,2,12,16,38,14,54,18,50,68
101709,11,8,2,2,5,6,8,7,14,8,13,21
101709,11,8,5,0,7,10,30,7,40,10,37,47
101709,12,9,1,1,7,6,16,8,22,7,23,30
101709,12,9,2,0,5,1,5,5,6,1,10,11
101709,12,9,5,1,2,5,11,3,16,6,13,19
101736,1,412,1,441,640,905,1374,1081,2279,1346,2014,3360
101736,1,112,2,441,640,905,1374,1081,2279,1346,2014,3360
101736,2,999,1,397,537,794,907,934,1701,1191,1444,2635
101736,2,999,2,397,537,794,907,934,1701,1191,1444,2635
101736,3,1,1,3,6,374,404,9,778,377,410,787
101736,3,1,2,3,6,374,404,9,778,377,410,787
101736,4,2,1,237,324,221,201,561,422,458,525,983
101736,4,2,2,237,324,221,201,561,422,458,525,983
101736,5,3,1,125,151,112,122,276,234,237,273,510
101736,5,3,2,125,151,112,122,276,234,237,273,510
101736,6,4,1,32,56,87,180,88,267,119,236,355
101736,6,4,2,32,56,87,180,88,267,119,236,355
101736,7,999,1,44,103,110,357,147,467,154,460,614
101736,7,999,2,44,103,110,357,147,467,154,460,614
101736,8,5,1,24,42,55,153,66,208,79,195,274
101736,8,5,2,24,42,55,153,66,208,79,195,274
101736,9,6,1,6,30,20,90,36,110,26,120,146
101736,9,6,2,6,30,20,90,36,110,26,120,146
101736,10,7,1,5,15,8,45,20,53,13,60,73
101736,10,7,2,5,15,8,45,20,53,13,60,73
101736,11,8,1,4,14,17,51,18,68,21,65,86
101736,11,8,2,4,14,17,51,18,68,21,65,86
101736,12,9,1,4,2,8,16,6,24,12,18,30
101736,12,9,2,4,2,8,16,6,24,12,18,30
101736,13,10,1,1,0,2,2,1,4,3,2,5
101736,13,10,2,1,0,2,2,1,4,3,2,5
101736,14,11,1,0,0,1,110,0,111,1,110,111
101736,14,11,2,0,0,1,110,0,111,1,110,111
101897,1,412,1,358,611,553,1008,969,1561,911,1619,2530
101897,1,112,2,358,611,553,1008,969,1561,911,1619,2530
101897,2,999,1,299,498,458,782,797,1240,757,1280,2037
101897,2,999,2,299,498,458,782,797,1240,757,1280,2037
101897,3,1,1,17,29,248,425,46,673,265,454,719
101897,3,1,2,17,29,248,425,46,673,265,454,719
101897,4,2,1,181,273,115,168,454,283,296,441,737
101897,4,2,2,181,273,115,168,454,283,296,441,737
101897,5,3,1,80,143,62,122,223,184,142,265,407
101897,5,3,2,80,143,62,122,223,184,142,265,407
101897,6,4,1,21,53,33,67,74,100,54,120,174
101897,6,4,2,21,53,33,67,74,100,54,120,174
101897,7,999,1,59,113,95,226,172,321,154,339,493
101897,7,999,2,59,113,95,226,172,321,154,339,493
101897,8,5,1,17,49,33,71,66,104,50,120,170
101897,8,5,2,17,49,33,71,66,104,50,120,170
101897,9,6,1,20,27,24,44,47,68,44,71,115
101897,9,6,2,20,27,24,44,47,68,44,71,115
101897,10,7,1,7,19,13,36,26,49,20,55,75
101897,10,7,2,7,19,13,36,26,49,20,55,75
101897,11,8,1,14,14,15,56,28,71,29,70,99
101897,11,8,2,14,14,15,56,28,71,29,70,99
101897,12,9,1,1,4,8,18,5,26,9,22,31
101897,12,9,2,1,4,8,18,5,26,9,22,31
101897,13,10,1,0,0,2,1,0,3,2,1,3
101897,13,10,2,0,0,2,1,0,3,2,1,3
101912,1,412,1,523,739,53,59,1262,112,576,798,1374
101912,1,112,2,511,729,45,54,1240,99,556,783,1339
101912,1,312,5,12,10,8,5,22,13,20,15,35
101912,2,999,1,462,681,25,34,1143,59,487,715,1202
101912,2,999,2,462,681,24,34,1143,58,486,715,1201
101912,2,999,5,0,0,1,0,0,1,1,0,1
101912,3,1,1,15,37,7,8,52,15,22,45,67
101912,3,1,2,15,37,7,8,52,15,22,45,67
101912,4,2,1,189,280,1,3,469,4,190,283,473
101912,4,2,2,189,280,1,3,469,4,190,283,473
101912,5,3,1,170,272,3,15,442,18,173,287,460
101912,5,3,2,170,272,3,15,442,18,173,287,460
101912,6,4,1,88,92,14,8,180,22,102,100,202
101912,6,4,2,88,92,13,8,180,21,101,100,201
101912,6,4,5,0,0,1,0,0,1,1,0,1
101912,7,999,1,61,58,28,25,119,53,89,83,172
101912,7,999,2,49,48,21,20,97,41,70,68,138
101912,7,999,5,12,10,7,5,22,12,19,15,34
101912,8,5,1,18,17,8,4,35,12,26,21,47
101912,8,5,2,18,17,8,4,35,12,26,21,47
101912,9,6,1,12,18,4,6,30,10,16,24,40
101912,9,6,2,11,16,4,5,27,9,15,21,36
101912,9,6,5,1,2,0,1,3,1,1,3,4
101912,10,7,1,8,5,2,4,13,6,10,9,19
101912,10,7,2,6,5,1,2,11,3,7,7,14
101912,10,7,5,2,0,1,2,2,3,3,2,5
101912,11,8,1,13,10,7,6,23,13,20,16,36
101912,11,8,2,9,6,4,5,15,9,13,11,24
101912,11,8,5,4,4,3,1,8,4,7,5,12
101912,12,9,1,9,6,7,4,15,11,16,10,26
101912,12,9,2,5,4,4,4,9,8,9,8,17
101912,12,9,5,4,2,3,0,6,3,7,2,9
101912,13,10,1,1,2,0,1,3,1,1,3,4
101912,13,10,5,1,2,0,1,3,1,1,3,4
101994,1,412,1,60,39,70,110,99,180,130,149,279
101994,1,112,2,60,39,70,110,99,180,130,149,279
101994,2,999,1,53,22,65,29,75,94,118,51,169
101994,2,999,2,53,22,65,29,75,94,118,51,169
101994,3,1,1,0,0,37,1,0,38,37,1,38
101994,3,1,2,0,0,37,1,0,38,37,1,38
101994,4,2,1,30,15,21,4,45,25,51,19,70
101994,4,2,2,30,15,21,4,45,25,51,19,70
101994,5,3,1,17,4,7,5,21,12,24,9,33
101994,5,3,2,17,4,7,5,21,12,24,9,33
101994,6,4,1,6,3,0,19,9,19,6,22,28
101994,6,4,2,6,3,0,19,9,19,6,22,28
101994,7,999,1,7,14,5,81,21,86,12,95,107
101994,7,999,2,7,14,5,81,21,86,12,95,107
101994,8,5,1,2,8,2,36,10,38,4,44,48
101994,8,5,2,2,8,2,36,10,38,4,44,48
101994,9,6,1,2,3,1,19,5,20,3,22,25
101994,9,6,2,2,3,1,19,5,20,3,22,25
101994,10,7,1,0,3,1,11,3,12,1,14,15
101994,10,7,2,0,3,1,11,3,12,1,14,15
101994,11,8,1,0,0,1,14,0,15,1,14,15
101994,11,8,2,0,0,1,14,0,15,1,14,15
101994,12,9,1,3,0,0,1,3,1,3,1,4
101994,12,9,2,3,0,0,1,3,1,3,1,4
101994,14,11,1,0,3,0,0,3,0,0,3,3
101994,14,11,2,0,3,0,0,3,0,0,3,3
102030,1,412,1,326,429,418,1003,755,1421,744,1432,2176
102030,1,112,2,326,429,418,1003,755,1421,744,1432,2176
102030,2,999,1,245,288,348,617,533,965,593,905,1498
102030,2,999,2,245,288,348,617,533,965,593,905,1498
102030,3,1,1,1,1,178,267,2,445,179,268,447
102030,3,1,2,1,1,178,267,2,445,179,268,447
102030,4,2,1,127,144,66,115,271,181,193,259,452
102030,4,2,2,127,144,66,115,271,181,193,259,452
102030,5,3,1,79,104,64,105,183,169,143,209,352
102030,5,3,2,79,104,64,105,183,169,143,209,352
102030,6,4,1,38,39,40,130,77,170,78,169,247
102030,6,4,2,38,39,40,130,77,170,78,169,247
102030,7,999,1,81,141,70,386,222,456,151,527,678
102030,7,999,2,81,141,70,386,222,456,151,527,678
102030,8,5,1,42,56,27,160,98,187,69,216,285
102030,8,5,2,42,56,27,160,98,187,69,216,285
102030,9,6,1,14,37,19,103,51,122,33,140,173
102030,9,6,2,14,37,19,103,51,122,33,140,173
102030,10,7,1,12,18,8,47,30,55,20,65,85
102030,10,7,2,12,18,8,47,30,55,20,65,85
102030,11,8,1,6,14,8,57,20,65,14,71,85
102030,11,8,2,6,14,8,57,20,65,14,71,85
102030,12,9,1,7,16,7,14,23,21,14,30,44
102030,12,9,2,7,16,7,14,23,21,14,30,44
102030,13,10,1,0,0,1,5,0,6,1,5,6
102030,13,10,2,0,0,1,5,0,6,1,5,6
102049,1,412,1,1795,3655,92,187,5450,279,1887,3842,5729
102049,1,112,2,1121,2380,30,45,3501,75,1151,2425,3576
102049,1,312,5,674,1275,62,142,1949,204,736,1417,2153
102049,2,999,1,1456,3020,25,35,4476,60,1481,3055,4536
102049,2,999,2,1102,2360,21,26,3462,47,1123,2386,3509
102049,2,999,5,354,660,4,9,1014,13,358,669,1027
102049,3,1,1,9,19,1,2,28,3,10,21,31
102049,3,1,2,9,19,1,2,28,3,10,21,31
102049,4,2,1,505,1164,0,0,1669,0,505,1164,1669
102049,4,2,2,505,1162,0,0,1667,0,505,1162,1667
102049,4,2,5,0,2,0,0,2,0,0,2,2
102049,5,3,1,517,1098,7,12,1615,19,524,1110,1634
102049,5,3,2,478,1016,7,12,1494,19,485,1028,1513
102049,5,3,5,39,82,0,0,121,0,39,82,121
102049,6,4,1,425,739,17,21,1164,38,442,760,1202
102049,6,4,2,110,163,13,12,273,25,123,175,298
102049,6,4,5,315,576,4,9,891,13,319,585,904
102049,7,999,1,339,635,67,152,974,219,406,787,1193
102049,7,999,2,19,20,9,19,39,28,28,39,67
102049,7,999,5,320,615,58,133,935,191,378,748,1126
102049,8,5,1,206,319,13,32,525,45,219,351,570
102049,8,5,2,8,12,3,5,20,8,11,17,28
102049,8,5,5,198,307,10,27,505,37,208,334,542
102049,9,6,1,62,114,14,22,176,36,76,136,212
102049,9,6,2,1,1,1,1,2,2,2,2,4
102049,9,6,5,61,113,13,21,174,34,74,134,208
102049,10,7,1,33,70,12,23,103,35,45,93,138
102049,10,7,2,3,3,2,3,6,5,5,6,11
102049,10,7,5,30,67,10,20,97,30,40,87,127
102049,11,8,1,25,85,21,44,110,65,46,129,175
102049,11,8,2,4,3,2,4,7,6,6,7,13
102049,11,8,5,21,82,19,40,103,59,40,122,162
102049,12,9,1,11,44,6,29,55,35,17,73,90
102049,12,9,2,3,1,1,4,4,5,4,5,9
102049,12,9,5,8,43,5,25,51,30,13,68,81
102049,13,10,1,2,3,1,2,5,3,3,5,8
102049,13,10,2,0,0,0,2,0,2,0,2,2
102049,13,10,5,2,3,1,0,5,1,3,3,6
102067,1,412,1,796,807,784,1356,1603,2140,1580,2163,3743
102067,1,112,2,796,807,784,1356,1603,2140,1580,2163,3743
102067,2,999,1,717,686,627,929,1403,1556,1344,1615,2959
102067,2,999,2,717,686,627,929,1403,1556,1344,1615,2959
102067,3,1,1,0,4,80,121,4,201,80,125,205
102067,3,1,2,0,4,80,121,4,201,80,125,205
102067,4,2,1,381,413,172,228,794,400,553,641,1194
102067,4,2,2,381,413,172,228,794,400,553,641,1194
102067,5,3,1,247,187,228,329,434,557,475,516,991
102067,5,3,2,247,187,228,329,434,557,475,516,991
102067,6,4,1,89,82,147,251,171,398,236,333,569
102067,6,4,2,89,82,147,251,171,398,236,333,569
102067,7,999,1,79,121,157,427,200,584,236,548,784
102067,7,999,2,79,121,157,427,200,584,236,548,784
102067,8,5,1,46,48,80,185,94,265,126,233,359
102067,8,5,2,46,48,80,185,94,265,126,233,359
102067,9,6,1,11,32,34,104,43,138,45,136,181
102067,9,6,2,11,32,34,104,43,138,45,136,181
102067,10,7,1,10,14,17,50,24,67,27,64,91
102067,10,7,2,10,14,17,50,24,67,27,64,91
102067,11,8,1,10,20,14,53,30,67,24,73,97
102067,11,8,2,10,20,14,53,30,67,24,73,97
102067,12,9,1,2,6,7,31,8,38,9,37,46
102067,12,9,2,2,6,7,31,8,38,9,37,46
102067,13,10,1,0,1,5,4,1,9,5,5,10
102067,13,10,2,0,1,5,4,1,9,5,5,10
102076,1,412,1,377,601,365,663,978,1028,742,1264,2006
102076,1,112,2,377,601,365,663,978,1028,742,1264,2006
102076,2,999,1,340,511,292,477,851,769,632,988,1620
102076,2,999,2,340,511,292,477,851,769,632,988,1620
102076,3,1,1,8,10,58,158,18,216,66,168,234
102076,3,1,2,8,10,58,158,18,216,66,168,234
102076,4,2,1,207,349,78,84,556,162,285,433,718
102076,4,2,2,207,349,78,84,556,162,285,433,718
102076,5,3,1,111,118,101,137,229,238,212,255,467
102076,5,3,2,111,118,101,137,229,238,212,255,467
102076,6,4,1,14,34,55,98,48,153,69,132,201
102076,6,4,2,14,34,55,98,48,153,69,132,201
102076,7,999,1,37,90,73,186,127,259,110,276,386
102076,7,999,2,37,90,73,186,127,259,110,276,386
102076,8,5,1,17,28,32,51,45,83,49,79,128
102076,8,5,2,17,28,32,51,45,83,49,79,128
102076,9,6,1,10,21,15,47,31,62,25,68,93
102076,9,6,2,10,21,15,47,31,62,25,68,93
102076,10,7,1,5,21,9,41,26,50,14,62,76
102076,10,7,2,5,21,9,41,26,50,14,62,76
102076,11,8,1,2,15,9,34,17,43,11,49,60
102076,11,8,2,2,15,9,34,17,43,11,49,60
102076,12,9,1,2,5,6,13,7,19,8,18,26
102076,12,9,2,2,5,6,13,7,19,8,18,26
102076,13,10,1,1,0,2,0,1,2,3,0,3
102076,13,10,2,1,0,2,0,1,2,3,0,3
102094,1,412,1,3766,8033,796,1629,11799,2425,4562,9662,14224
102094,1,112,2,2930,4681,619,820,7611,1439,3549,5501,9050
102094,1,312,5,836,3352,177,809,4188,986,1013,4161,5174
102094,2,999,1,2874,4937,403,520,7811,923,3277,5457,8734
102094,2,999,2,2646,4304,386,495,6950,881,3032,4799,7831
102094,2,999,5,228,633,17,25,861,42,245,658,903
102094,3,1,1,14,54,59,117,68,176,73,171,244
102094,3,1,2,14,54,59,117,68,176,73,171,244
102094,4,2,1,977,1732,26,37,2709,63,1003,1769,2772
102094,4,2,2,977,1732,26,37,2709,63,1003,1769,2772
102094,5,3,1,1126,1835,94,140,2961,234,1220,1975,3195
102094,5,3,2,1120,1810,94,140,2930,234,1214,1950,3164
102094,5,3,5,6,25,0,0,31,0,6,25,31
102094,6,4,1,757,1316,224,226,2073,450,981,1542,2523
102094,6,4,2,535,708,207,201,1243,408,742,909,1651
102094,6,4,5,222,608,17,25,830,42,239,633,872
102094,7,999,1,892,3096,393,1109,3988,1502,1285,4205,5490
102094,7,999,2,284,377,233,325,661,558,517,702,1219
102094,7,999,5,608,2719,160,784,3327,944,768,3503,4271
102094,8,5,1,442,1167,148,300,1609,448,590,1467,2057
102094,8,5,2,168,196,119,131,364,250,287,327,614
102094,8,5,5,274,971,29,169,1245,198,303,1140,1443
102094,9,6,1,183,743,79,274,926,353,262,1017,1279
102094,9,6,2,67,84,40,68,151,108,107,152,259
102094,9,6,5,116,659,39,206,775,245,155,865,1020
102094,10,7,1,117,498,53,194,615,247,170,692,862
102094,10,7,2,28,42,32,35,70,67,60,77,137
102094,10,7,5,89,456,21,159,545,180,110,615,725
102094,11,8,1,111,535,76,246,646,322,187,781,968
102094,11,8,2,16,46,28,68,62,96,44,114,158
102094,11,8,5,95,489,48,178,584,226,143,667,810
102094,12,9,1,38,150,34,90,188,124,72,240,312
102094,12,9,2,5,9,11,20,14,31,16,29,45
102094,12,9,5,33,141,23,70,174,93,56,211,267
102094,13,10,1,1,3,3,5,4,8,4,8,12
102094,13,10,2,0,0,3,3,0,6,3,3,6
102094,13,10,5,1,3,0,2,4,2,1,5,6
102234,1,412,1,420,640,66,65,1060,131,486,705,1191
102234,1,112,2,405,629,9,18,1034,27,414,647,1061
102234,1,312,5,15,11,57,47,26,104,72,58,130
102234,2,999,1,415,624,10,7,1039,17,425,631,1056
102234,2,999,2,402,617,4,3,1019,7,406,620,1026
102234,2,999,5,13,7,6,4,20,10,19,11,30
102234,3,1,1,3,3,0,0,6,0,3,3,6
102234,3,1,2,3,3,0,0,6,0,3,3,6
102234,4,2,1,188,283,0,0,471,0,188,283,471
102234,4,2,2,188,283,0,0,471,0,188,283,471
102234,5,3,1,166,300,2,0,466,2,168,300,468
102234,5,3,2,166,300,2,0,466,2,168,300,468
102234,6,4,1,58,38,8,7,96,15,66,45,111
102234,6,4,2,45,31,2,3,76,5,47,34,81
102234,6,4,5,13,7,6,4,20,10,19,11,30
102234,7,999,1,5,16,56,56,21,112,61,72,133
102234,7,999,2,3,12,5,14,15,19,8,26,34
102234,7,999,5,2,4,51,42,6,93,53,46,99
102234,8,5,1,4,7,7,11,11,18,11,18,29
102234,8,5,2,3,5,1,2,8,3,4,7,11
102234,8,5,5,1,2,6,9,3,15,7,11,18
102234,9,6,1,0,3,9,7,3,16,9,10,19
102234,9,6,2,0,2,1,1,2,2,1,3,4
102234,9,6,5,0,1,8,6,1,14,8,7,15
102234,10,7,1,0,3,13,6,3,19,13,9,22
102234,10,7,2,0,3,0,3,3,3,0,6,6
102234,10,7,5,0,0,13,3,0,16,13,3,16
102234,11,8,1,1,2,13,12,3,25,14,14,28
102234,11,8,2,0,1,1,2,1,3,1,3,4
102234,11,8,5,1,1,12,10,2,22,13,11,24
102234,12,9,1,0,1,9,16,1,25,9,17,26
102234,12,9,2,0,1,2,5,1,7,2,6,8
102234,12,9,5,0,0,7,11,0,18,7,11,18
102234,13,10,1,0,0,5,4,0,9,5,4,9
102234,13,10,2,0,0,0,1,0,1,0,1,1
102234,13,10,5,0,0,5,3,0,8,5,3,8
102234,14,11,1,0,0,0,2,0,2,0,2,2
102234,14,11,2,0,0,0,1,0,1,0,1,1
102234,14,11,5,0,0,0,1,0,1,0,1,1
102313,1,412,1,297,345,292,592,642,884,589,937,1526
102313,1,112,2,297,345,292,592,642,884,589,937,1526
102313,2,999,1,201,223,207,359,424,566,408,582,990
102313,2,999,2,201,223,207,359,424,566,408,582,990
102313,3,1,1,1,0,57,84,1,141,58,84,142
102313,3,1,2,1,0,57,84,1,141,58,84,142
102313,4,2,1,82,87,54,80,169,134,136,167,303
102313,4,2,2,82,87,54,80,169,134,136,167,303
102313,5,3,1,83,75,48,86,158,134,131,161,292
102313,5,3,2,83,75,48,86,158,134,131,161,292
102313,6,4,1,35,61,48,109,96,157,83,170,253
102313,6,4,2,35,61,48,109,96,157,83,170,253
102313,7,999,1,96,122,85,233,218,318,181,355,536
102313,7,999,2,96,122,85,233,218,318,181,355,536
102313,8,5,1,44,46,35,96,90,131,79,142,221
102313,8,5,2,44,46,35,96,90,131,79,142,221
102313,9,6,1,24,33,13,49,57,62,37,82,119
102313,9,6,2,24,33,13,49,57,62,37,82,119
102313,10,7,1,7,14,11,40,21,51,18,54,72
102313,10,7,2,7,14,11,40,21,51,18,54,72
102313,11,8,1,17,21,13,29,38,42,30,50,80
102313,11,8,2,17,21,13,29,38,42,30,50,80
102313,12,9,1,3,8,12,15,11,27,15,23,38
102313,12,9,2,3,8,12,15,11,27,15,23,38
102313,13,10,1,1,0,1,4,1,5,2,4,6
102313,13,10,2,1,0,1,4,1,5,2,4,6
102368,1,412,1,3381,6046,2742,4328,9427,7070,6123,10374,16497
102368,1,112,2,3046,5162,1658,2846,8208,4504,4704,8008,12712
102368,1,312,5,335,884,1084,1482,1219,2566,1419,2366,3785
102368,2,999,1,2508,4086,706,1217,6594,1923,3214,5303,8517
102368,2,999,2,2420,3881,640,1071,6301,1711,3060,4952,8012
102368,2,999,5,88,205,66,146,293,212,154,351,505
102368,3,1,1,16,20,115,151,36,266,131,171,302
102368,3,1,2,16,20,115,151,36,266,131,171,302
102368,4,2,1,856,1383,84,149,2239,233,940,1532,2472
102368,4,2,2,856,1383,84,149,2239,233,940,1532,2472
102368,5,3,1,966,1663,153,305,2629,458,1119,1968,3087
102368,5,3,2,964,1654,151,301,2618,452,1115,1955,3070
102368,5,3,5,2,9,2,4,11,6,4,13,17
102368,6,4,1,670,1020,354,612,1690,966,1024,1632,2656
102368,6,4,2,584,824,290,470,1408,760,874,1294,2168
102368,6,4,5,86,196,64,142,282,206,150,338,488
102368,7,999,1,873,1907,2036,3111,2780,5147,2909,5018,7927
102368,7,999,2,626,1228,1018,1775,1854,2793,1644,3003,4647
102368,7,999,5,247,679,1018,1336,926,2354,1265,2015,3280
102368,8,5,1,316,681,607,894,997,1501,923,1575,2498
102368,8,5,2,225,449,336,547,674,883,561,996,1557
102368,8,5,5,91,232,271,347,323,618,362,579,941
102368,9,6,1,165,365,488,694,530,1182,653,1059,1712
102368,9,6,2,120,211,233,395,331,628,353,606,959
102368,9,6,5,45,154,255,299,199,554,300,453,753
102368,10,7,1,140,332,417,532,472,949,557,864,1421
102368,10,7,2,103,239,192,291,342,483,295,530,825
102368,10,7,5,37,93,225,241,130,466,262,334,596
102368,11,8,1,189,381,367,624,570,991,556,1005,1561
102368,11,8,2,132,238,181,343,370,524,313,581,894
102368,11,8,5,57,143,186,281,200,467,243,424,667
102368,12,9,1,62,145,150,353,207,503,212,498,710
102368,12,9,2,45,88,72,191,133,263,117,279,396
102368,12,9,5,17,57,78,162,74,240,95,219,314
102368,13,10,1,1,3,7,14,4,21,8,17,25
102368,13,10,2,1,3,4,8,4,12,5,11,16
102368,13,10,5,0,0,3,6,0,9,3,6,9
102368,14,11,1,0,53,0,0,53,0,0,53,53
102368,14,11,2,0,53,0,0,53,0,0,53,53
102395,1,412,1,102,34,148,54,136,202,250,88,338
102395,1,112,2,25,6,83,23,31,106,108,29,137
102395,1,312,5,77,28,65,31,105,96,142,59,201
102395,2,999,1,16,4,24,11,20,35,40,15,55
102395,2,999,2,8,2,19,9,10,28,27,11,38
102395,2,999,5,8,2,5,2,10,7,13,4,17
102395,4,2,1,1,1,3,3,2,6,4,4,8
102395,4,2,2,1,1,3,3,2,6,4,4,8
102395,5,3,1,4,1,7,2,5,9,11,3,14
102395,5,3,2,2,0,6,2,2,8,8,2,10
102395,5,3,5,2,1,1,0,3,1,3,1,4
102395,6,4,1,11,2,14,6,13,20,25,8,33
102395,6,4,2,5,1,10,4,6,14,15,5,20
102395,6,4,5,6,1,4,2,7,6,10,3,13
102395,7,999,1,86,30,124,43,116,167,210,73,283
102395,7,999,2,17,4,64,14,21,78,81,18,99
102395,7,999,5,69,26,60,29,95,89,129,55,184
102395,8,5,1,18,5,23,5,23,28,41,10,51
102395,8,5,2,5,0,13,2,5,15,18,2,20
102395,8,5,5,13,5,10,3,18,13,23,8,31
102395,9,6,1,12,3,20,7,15,27,32,10,42
102395,9,6,2,5,1,15,3,6,18,20,4,24
102395,9,6,5,7,2,5,4,9,9,12,6,18
102395,10,7,1,12,9,25,17,21,42,37,26,63
102395,10,7,2,2,3,17,6,5,23,19,9,28
102395,10,7,5,10,6,8,11,16,19,18,17,35
102395,11,8,1,34,8,36,12,42,48,70,20,90
102395,11,8,2,5,0,14,3,5,17,19,3,22
102395,11,8,5,29,8,22,9,37,31,51,17,68
102395,12,9,1,9,5,20,2,14,22,29,7,36
102395,12,9,2,0,0,5,0,0,5,5,0,5
102395,12,9,5,9,5,15,2,14,17,24,7,31
102395,13,10,1,1,0,0,0,1,0,1,0,1
102395,13,10,5,1,0,0,0,1,0,1,0,1
102553,1,412,1,2178,2693,2388,4694,4871,7082,4566,7387,11953
102553,1,112,2,2119,2602,2247,4355,4721,6602,4366,6957,11323
102553,1,312,5,59,91,141,339,150,480,200,430,630
102553,2,999,1,1472,1966,1166,1900,3438,3066,2638,3866,6504
102553,2,999,2,1464,1941,1158,1871,3405,3029,2622,3812,6434
102553,2,999,5,8,25,8,29,33,37,16,54,70
102553,3,1,1,88,137,322,491,225,813,410,628,1038
102553,3,1,2,88,137,322,491,225,813,410,628,1038
102553,4,2,1,502,732,238,372,1234,610,740,1104,1844
102553,4,2,2,502,732,238,372,1234,610,740,1104,1844
102553,5,3,1,475,624,258,458,1099,716,733,1082,1815
102553,5,3,2,475,622,258,458,1097,716,733,1080,1813
102553,5,3,5,0,2,0,0,2,0,0,2,2
102553,6,4,1,407,473,348,579,880,927,755,1052,1807
102553,6,4,2,399,450,340,550,849,890,739,1000,1739
102553,6,4,5,8,23,8,29,31,37,16,52,68
102553,7,999,1,706,727,1220,2793,1433,4013,1926,3520,5446
102553,7,999,2,655,661,1087,2483,1316,3570,1742,3144,4886
102553,7,999,5,51,66,133,310,117,443,184,376,560
102553,8,5,1,325,325,393,776,650,1169,718,1101,1819
102553,8,5,2,309,293,359,695,602,1054,668,988,1656
102553,8,5,5,16,32,34,81,48,115,50,113,163
102553,9,6,1,189,197,276,622,386,898,465,819,1284
102553,9,6,2,171,183,243,550,354,793,414,733,1147
102553,9,6,5,18,14,33,72,32,105,51,86,137
102553,10,7,1,86,94,216,452,180,668,302,546,848
102553,10,7,2,79,84,189,400,163,589,268,484,752
102553,10,7,5,7,10,27,52,17,79,34,62,96
102553,11,8,1,83,84,205,515,167,720,288,599,887
102553,11,8,2,74,76,179,449,150,628,253,525,778
102553,11,8,5,9,8,26,66,17,92,35,74,109
102553,12,9,1,22,25,113,383,47,496,135,408,543
102553,12,9,2,21,23,102,346,44,448,123,369,492
102553,12,9,5,1,2,11,37,3,48,12,39,51
102553,13,10,1,1,2,17,45,3,62,18,47,65
102553,13,10,2,1,2,15,43,3,58,16,45,61
102553,13,10,5,0,0,2,2,0,4,2,2,4
102553,14,11,1,0,0,2,1,0,3,2,1,3
102553,14,11,2,0,0,2,1,0,3,2,1,3
102614,1,412,1,1294,1489,1411,2619,2783,4030,2705,4108,6813
102614,1,112,2,1119,1280,1197,2254,2399,3451,2316,3534,5850
102614,1,312,5,175,209,214,365,384,579,389,574,963
102614,2,999,1,887,1022,601,806,1909,1407,1488,1828,3316
102614,2,999,2,833,958,585,772,1791,1357,1418,1730,3148
102614,2,999,5,54,64,16,34,118,50,70,98,168
102614,3,1,1,19,31,188,234,50,422,207,265,472
102614,3,1,2,19,31,188,234,50,422,207,265,472
102614,4,2,1,326,410,109,124,736,233,435,534,969
102614,4,2,2,326,410,109,124,736,233,435,534,969
102614,5,3,1,301,330,111,168,631,279,412,498,910
102614,5,3,2,294,326,110,168,620,278,404,494,898
102614,5,3,5,7,4,1,0,11,1,8,4,12
102614,6,4,1,241,251,193,280,492,473,434,531,965
102614,6,4,2,194,191,178,246,385,424,372,437,809
102614,6,4,5,47,60,15,34,107,49,62,94,156
102614,7,999,1,405,467,809,1811,872,2620,1214,2278,3492
102614,7,999,2,286,322,611,1480,608,2091,897,1802,2699
102614,7,999,5,119,145,198,331,264,529,317,476,793
102614,8,5,1,186,210,253,453,396,706,439,663,1102
102614,8,5,2,127,140,200,373,267,573,327,513,840
102614,8,5,5,59,70,53,80,129,133,112,150,262
102614,9,6,1,93,106,175,363,199,538,268,469,737
102614,9,6,2,59,71,132,300,130,432,191,371,562
102614,9,6,5,34,35,43,63,69,106,77,98,175
102614,10,7,1,63,58,122,264,121,386,185,322,507
102614,10,7,2,46,45,83,222,91,305,129,267,396
102614,10,7,5,17,13,39,42,30,81,56,55,111
102614,11,8,1,49,65,137,387,114,524,186,452,638
102614,11,8,2,44,49,94,294,93,388,138,343,481
102614,11,8,5,5,16,43,93,21,136,48,109,157
102614,12,9,1,13,25,99,300,38,399,112,325,437
102614,12,9,2,9,16,82,255,25,337,91,271,362
102614,12,9,5,4,9,17,45,13,62,21,54,75
102614,13,10,1,1,3,23,44,4,67,24,47,71
102614,13,10,2,1,1,20,36,2,56,21,37,58
102614,13,10,5,0,2,3,8,2,11,3,10,13
102614,14,11,1,2,0,1,2,2,3,3,2,5
102614,14,11,2,0,0,1,2,0,3,1,2,3
102614,14,11,5,2,0,0,0,2,0,2,0,2
102632,1,412,1,249,349,433,1039,598,1472,682,1388,2070
102632,1,112,2,221,313,397,874,534,1271,618,1187,1805
102632,1,312,5,28,36,36,165,64,201,64,201,265
102632,2,999,1,131,222,189,324,353,513,320,546,866
102632,2,999,2,127,220,189,318,347,507,316,538,854
102632,2,999,5,4,2,0,6,6,6,4,8,12
102632,3,1,1,1,13,76,106,14,182,77,119,196
102632,3,1,2,1,13,76,106,14,182,77,119,196
102632,4,2,1,49,87,40,62,136,102,89,149,238
102632,4,2,2,49,87,40,62,136,102,89,149,238
102632,5,3,1,43,74,42,68,117,110,85,142,227
102632,5,3,2,43,74,42,67,117,109,85,141,226
102632,5,3,5,0,0,0,1,0,1,0,1,1
102632,6,4,1,38,48,31,88,86,119,69,136,205
102632,6,4,2,34,46,31,83,80,114,65,129,194
102632,6,4,5,4,2,0,5,6,5,4,7,11
102632,7,999,1,117,127,244,715,244,959,361,842,1203
102632,7,999,2,93,93,208,556,186,764,301,649,950
102632,7,999,5,24,34,36,159,58,195,60,193,253
102632,8,5,1,49,47,56,160,96,216,105,207,312
102632,8,5,2,38,37,52,128,75,180,90,165,255
102632,8,5,5,11,10,4,32,21,36,15,42,57
102632,9,6,1,33,29,48,153,62,201,81,182,263
102632,9,6,2,25,23,39,118,48,157,64,141,205
102632,9,6,5,8,6,9,35,14,44,17,41,58
102632,10,7,1,20,25,39,116,45,155,59,141,200
102632,10,7,2,18,20,29,88,38,117,47,108,155
102632,10,7,5,2,5,10,28,7,38,12,33,45
102632,11,8,1,9,17,57,170,26,227,66,187,253
102632,11,8,2,7,7,50,123,14,173,57,130,187
102632,11,8,5,2,10,7,47,12,54,9,57,66
102632,12,9,1,5,8,40,100,13,140,45,108,153
102632,12,9,2,5,5,34,83,10,117,39,88,127
102632,12,9,5,0,3,6,17,3,23,6,20,26
102632,13,10,1,1,1,4,16,2,20,5,17,22
102632,13,10,2,0,1,4,16,1,20,4,17,21
102632,13,10,5,1,0,0,0,1,0,1,0,1
102632,14,11,1,1,0,0,0,1,0,1,0,1
102632,14,11,2,1,0,0,0,1,0,1,0,1
103501,1,412,1,51,361,0,0,412,0,51,361,412
103501,1,112,2,51,361,0,0,412,0,51,361,412
103501,2,999,1,19,139,0,0,158,0,19,139,158
103501,2,999,2,19,139,0,0,158,0,19,139,158
103501,4,2,1,4,15,0,0,19,0,4,15,19
103501,4,2,2,4,15,0,0,19,0,4,15,19
103501,5,3,1,6,61,0,0,67,0,6,61,67
103501,5,3,2,6,61,0,0,67,0,6,61,67
103501,6,4,1,9,63,0,0,72,0,9,63,72
103501,6,4,2,9,63,0,0,72,0,9,63,72
103501,7,999,1,32,222,0,0,254,0,32,222,254
103501,7,999,2,32,222,0,0,254,0,32,222,254
103501,8,5,1,11,96,0,0,107,0,11,96,107
103501,8,5,2,11,96,0,0,107,0,11,96,107
103501,9,6,1,11,52,0,0,63,0,11,52,63
103501,9,6,2,11,52,0,0,63,0,11,52,63
103501,10,7,1,4,26,0,0,30,0,4,26,30
103501,10,7,2,4,26,0,0,30,0,4,26,30
103501,11,8,1,4,32,0,0,36,0,4,32,36
103501,11,8,2,4,32,0,0,36,0,4,32,36
103501,12,9,1,2,15,0,0,17,0,2,15,17
103501,12,9,2,2,15,0,0,17,0,2,15,17
103501,13,10,1,0,1,0,0,1,0,0,1,1
103501,13,10,2,0,1,0,0,1,0,0,1,1
103741,1,412,1,2,83,2,27,85,29,4,110,114
103741,1,112,2,2,83,2,27,85,29,4,110,114
103741,2,999,1,0,57,2,13,57,15,2,70,72
103741,2,999,2,0,57,2,13,57,15,2,70,72
103741,4,2,1,0,23,1,5,23,6,1,28,29
103741,4,2,2,0,23,1,5,23,6,1,28,29
103741,5,3,1,0,22,0,4,22,4,0,26,26
103741,5,3,2,0,22,0,4,22,4,0,26,26
103741,6,4,1,0,12,1,4,12,5,1,16,17
103741,6,4,2,0,12,1,4,12,5,1,16,17
103741,7,999,1,2,26,0,14,28,14,2,40,42
103741,7,999,2,2,26,0,14,28,14,2,40,42
103741,8,5,1,1,11,0,3,12,3,1,14,15
103741,8,5,2,1,11,0,3,12,3,1,14,15
103741,9,6,1,0,7,0,5,7,5,0,12,12
103741,9,6,2,0,7,0,5,7,5,0,12,12
103741,10,7,1,1,5,0,2,6,2,1,7,8
103741,10,7,2,1,5,0,2,6,2,1,7,8
103741,11,8,1,0,2,0,3,2,3,0,5,5
103741,11,8,2,0,2,0,3,2,3,0,5,5
103741,12,9,1,0,1,0,1,1,1,0,2,2
103741,12,9,2,0,1,0,1,1,1,0,2,2
104151,1,412,1,33146,33263,4532,3854,66409,8386,37678,37117,74795
104151,1,112,2,28517,28968,3216,2423,57485,5639,31733,31391,63124
104151,1,312,5,4629,4295,1316,1431,8924,2747,5945,5726,11671
104151,2,999,1,27703,28905,2324,1791,56608,4115,30027,30696,60723
104151,2,999,2,25848,27044,2109,1576,52892,3685,27957,28620,56577
104151,2,999,5,1855,1861,215,215,3716,430,2070,2076,4146
104151,3,1,1,430,619,152,187,1049,339,582,806,1388
104151,3,1,2,429,618,152,187,1047,339,581,805,1386
104151,3,1,5,1,1,0,0,2,0,1,1,2
104151,4,2,1,10750,12221,318,248,22971,566,11068,12469,23537
104151,4,2,2,10748,12220,318,248,22968,566,11066,12468,23534
104151,4,2,5,2,1,0,0,3,0,2,1,3
104151,5,3,1,10320,11007,493,436,21327,929,10813,11443,22256
104151,5,3,2,10198,10833,485,428,21031,913,10683,11261,21944
104151,5,3,5,122,174,8,8,296,16,130,182,312
104151,6,4,1,6203,5058,1361,920,11261,2281,7564,5978,13542
104151,6,4,2,4473,3373,1154,713,7846,1867,5627,4086,9713
104151,6,4,5,1730,1685,207,207,3415,414,1937,1892,3829
104151,7,999,1,5442,4357,2206,2060,9799,4266,7648,6417,14065
104151,7,999,2,2668,1923,1105,844,4591,1949,3773,2767,6540
104151,7,999,5,2774,2434,1101,1216,5208,2317,3875,3650,7525
104151,8,5,1,3504,2599,1083,852,6103,1935,4587,3451,8038
104151,8,5,2,1815,1179,634,430,2994,1064,2449,1609,4058
104151,8,5,5,1689,1420,449,422,3109,871,2138,1842,3980
104151,9,6,1,1150,855,518,500,2005,1018,1668,1355,3023
104151,9,6,2,511,347,221,181,858,402,732,528,1260
104151,9,6,5,639,508,297,319,1147,616,936,827,1763
104151,10,7,1,438,407,266,235,845,501,704,642,1346
104151,10,7,2,205,191,127,83,396,210,332,274,606
104151,10,7,5,233,216,139,152,449,291,372,368,740
104151,11,8,1,278,371,205,310,649,515,483,681,1164
104151,11,8,2,109,156,74,108,265,182,183,264,447
104151,11,8,5,169,215,131,202,384,333,300,417,717
104151,12,9,1,71,117,115,142,188,257,186,259,445
104151,12,9,2,28,46,44,38,74,82,72,84,156
104151,12,9,5,43,71,71,104,114,175,114,175,289
104151,13,10,1,1,8,19,21,9,40,20,29,49
104151,13,10,2,0,4,5,4,4,9,5,8,13
104151,13,10,5,1,4,14,17,5,31,15,21,36
104151,14,11,1,1,1,2,3,2,5,3,4,7
104151,14,11,2,1,1,2,3,2,5,3,4,7
104160,1,412,1,704,1006,1836,2941,1710,4777,2540,3947,6487
104160,1,112,2,704,1006,1836,2941,1710,4777,2540,3947,6487
104160,2,999,1,595,888,1453,2083,1483,3536,2048,2971,5019
104160,2,999,2,595,888,1453,2083,1483,3536,2048,2971,5019
104160,3,1,1,46,59,435,663,105,1098,481,722,1203
104160,3,1,2,46,59,435,663,105,1098,481,722,1203
104160,4,2,1,362,578,465,571,940,1036,827,1149,1976
104160,4,2,2,362,578,465,571,940,1036,827,1149,1976
104160,5,3,1,139,188,311,453,327,764,450,641,1091
104160,5,3,2,139,188,311,453,327,764,450,641,1091
104160,6,4,1,48,63,242,396,111,638,290,459,749
104160,6,4,2,48,63,242,396,111,638,290,459,749
104160,7,999,1,109,118,383,856,227,1239,492,974,1466
104160,7,999,2,109,118,383,856,227,1239,492,974,1466
104160,8,5,1,58,58,157,338,116,495,215,396,611
104160,8,5,2,58,58,157,338,116,495,215,396,611
104160,9,6,1,31,24,98,210,55,308,129,234,363
104160,9,6,2,31,24,98,210,55,308,129,234,363
104160,10,7,1,7,25,50,121,32,171,57,146,203
104160,10,7,2,7,25,50,121,32,171,57,146,203
104160,11,8,1,10,7,52,125,17,177,62,132,194
104160,11,8,2,10,7,52,125,17,177,62,132,194
104160,12,9,1,3,4,21,51,7,72,24,55,79
104160,12,9,2,3,4,21,51,7,72,24,55,79
104160,13,10,1,0,0,5,11,0,16,5,11,16
104160,13,10,2,0,0,5,11,0,16,5,11,16
104160,14,11,1,0,0,0,2,0,2,0,2,2
104160,14,11,2,0,0,0,2,0,2,0,2,2
104179,1,412,1,15303,19179,5275,5844,34482,11119,20578,25023,45601
104179,1,112,2,12679,15877,3261,3540,28556,6801,15940,19417,35357
104179,1,312,5,2624,3302,2014,2304,5926,4318,4638,5606,10244
104179,2,999,1,12259,16055,2205,2628,28314,4833,14464,18683,33147
104179,2,999,2,11446,14840,2028,2348,26286,4376,13474,17188,30662
104179,2,999,5,813,1215,177,280,2028,457,990,1495,2485
104179,3,1,1,146,287,253,222,433,475,399,509,908
104179,3,1,2,146,287,253,222,433,475,399,509,908
104179,4,2,1,4426,6431,808,1244,10857,2052,5234,7675,12909
104179,4,2,2,4426,6431,808,1244,10857,2052,5234,7675,12909
104179,5,3,1,4894,6458,365,358,11352,723,5259,6816,12075
104179,5,3,2,4847,6380,361,348,11227,709,5208,6728,11936
104179,5,3,5,47,78,4,10,125,14,51,88,139
104179,6,4,1,2793,2879,779,804,5672,1583,3572,3683,7255
104179,6,4,2,2027,1742,606,534,3769,1140,2633,2276,4909
104179,6,4,5,766,1137,173,270,1903,443,939,1407,2346
104179,7,999,1,3044,3124,3070,3216,6168,6286,6114,6340,12454
104179,7,999,2,1233,1037,1233,1192,2270,2425,2466,2229,4695
104179,7,999,5,1811,2087,1837,2024,3898,3861,3648,4111,7759
104179,8,5,1,1852,1818,1197,1191,3670,2388,3049,3009,6058
104179,8,5,2,778,590,501,474,1368,975,1279,1064,2343
104179,8,5,5,1074,1228,696,717,2302,1413,1770,1945,3715
104179,9,6,1,649,620,799,727,1269,1526,1448,1347,2795
104179,9,6,2,249,212,301,258,461,559,550,470,1020
104179,9,6,5,400,408,498,469,808,967,898,877,1775
104179,10,7,1,284,333,445,468,617,913,729,801,1530
104179,10,7,2,108,112,191,171,220,362,299,283,582
104179,10,7,5,176,221,254,297,397,551,430,518,948
104179,11,8,1,214,272,453,526,486,979,667,798,1465
104179,11,8,2,85,96,177,188,181,365,262,284,546
104179,11,8,5,129,176,276,338,305,614,405,514,919
104179,12,9,1,44,75,157,283,119,440,201,358,559
104179,12,9,2,13,25,54,90,38,144,67,115,182
104179,12,9,5,31,50,103,193,81,296,134,243,377
104179,13,10,1,1,6,19,21,7,40,20,27,47
104179,13,10,2,0,2,9,11,2,20,9,13,22
104179,13,10,5,1,4,10,10,5,20,11,14,25
104346,1,412,1,462,719,970,1925,1181,2895,1432,2644,4076
104346,1,112,2,462,719,970,1925,1181,2895,1432,2644,4076
104346,2,999,1,349,549,691,1082,898,1773,1040,1631,2671
104346,2,999,2,349,549,691,1082,898,1773,1040,1631,2671
104346,3,1,1,4,3,85,166,7,251,89,169,258
104346,3,1,2,4,3,85,166,7,251,89,169,258
104346,4,2,1,95,187,224,330,282,554,319,517,836
104346,4,2,2,95,187,224,330,282,554,319,517,836
104346,5,3,1,192,274,199,316,466,515,391,590,981
104346,5,3,2,192,274,199,316,466,515,391,590,981
104346,6,4,1,58,85,183,270,143,453,241,355,596
104346,6,4,2,58,85,183,270,143,453,241,355,596
104346,7,999,1,113,170,278,843,283,1121,391,1013,1404
104346,7,999,2,113,170,278,843,283,1121,391,1013,1404
104346,8,5,1,37,70,103,235,107,338,140,305,445
104346,8,5,2,37,70,103,235,107,338,140,305,445
104346,9,6,1,28,36,54,162,64,216,82,198,280
104346,9,6,2,28,36,54,162,64,216,82,198,280
104346,10,7,1,18,30,45,139,48,184,63,169,232
104346,10,7,2,18,30,45,139,48,184,63,169,232
104346,11,8,1,20,27,42,188,47,230,62,215,277
104346,11,8,2,20,27,42,188,47,230,62,215,277
104346,12,9,1,10,7,28,110,17,138,38,117,155
104346,12,9,2,10,7,28,110,17,138,38,117,155
104346,13,10,1,0,0,6,9,0,15,6,9,15
104346,13,10,2,0,0,6,9,0,15,6,9,15
104346,14,11,1,0,0,1,0,0,1,1,0,1
104346,14,11,2,0,0,1,0,0,1,1,0,1
104425,1,412,1,507,803,901,1116,1310,2017,1408,1919,3327
104425,1,112,2,507,803,901,1116,1310,2017,1408,1919,3327
104425,2,999,1,384,618,415,535,1002,950,799,1153,1952
104425,2,999,2,384,618,415,535,1002,950,799,1153,1952
104425,3,1,1,6,12,32,82,18,114,38,94,132
104425,3,1,2,6,12,32,82,18,114,38,94,132
104425,4,2,1,210,356,108,125,566,233,318,481,799
104425,4,2,2,210,356,108,125,566,233,318,481,799
104425,5,3,1,121,167,136,164,288,300,257,331,588
104425,5,3,2,121,167,136,164,288,300,257,331,588
104425,6,4,1,47,83,139,164,130,303,186,247,433
104425,6,4,2,47,83,139,164,130,303,186,247,433
104425,7,999,1,123,185,486,581,308,1067,609,766,1375
104425,7,999,2,123,185,486,581,308,1067,609,766,1375
104425,8,5,1,52,72,180,182,124,362,232,254,486
104425,8,5,2,52,72,180,182,124,362,232,254,486
104425,9,6,1,23,46,131,120,69,251,154,166,320
104425,9,6,2,23,46,131,120,69,251,154,166,320
104425,10,7,1,13,30,72,85,43,157,85,115,200
104425,10,7,2,13,30,72,85,43,157,85,115,200
104425,11,8,1,23,26,59,111,49,170,82,137,219
104425,11,8,2,23,26,59,111,49,170,82,137,219
104425,12,9,1,12,10,33,67,22,100,45,77,122
104425,12,9,2,12,10,33,67,22,100,45,77,122
104425,13,10,1,0,1,11,16,1,27,11,17,28
104425,13,10,2,0,1,11,16,1,27,11,17,28
104434,1,412,1,0,11,0,0,11,0,0,11,11
104434,1,112,2,0,11,0,0,11,0,0,11,11
104434,2,999,1,0,8,0,0,8,0,0,8,8
104434,2,999,2,0,8,0,0,8,0,0,8,8
104434,4,2,1,0,3,0,0,3,0,0,3,3
104434,4,2,2,0,3,0,0,3,0,0,3,3
104434,5,3,1,0,2,0,0,2,0,0,2,2
104434,5,3,2,0,2,0,0,2,0,0,2,2
104434,6,4,1,0,3,0,0,3,0,0,3,3
104434,6,4,2,0,3,0,0,3,0,0,3,3
104434,7,999,1,0,3,0,0,3,0,0,3,3
104434,7,999,2,0,3,0,0,3,0,0,3,3
104434,8,5,1,0,1,0,0,1,0,0,1,1
104434,8,5,2,0,1,0,0,1,0,0,1,1
104434,9,6,1,0,1,0,0,1,0,0,1,1
104434,9,6,2,0,1,0,0,1,0,0,1,1
104434,10,7,1,0,1,0,0,1,0,0,1,1
104434,10,7,2,0,1,0,0,1,0,0,1,1
104443,1,412,1,1,27,3,13,28,16,4,40,44
104443,1,112,2,1,27,3,13,28,16,4,40,44
104443,2,999,1,0,15,0,3,15,3,0,18,18
104443,2,999,2,0,15,0,3,15,3,0,18,18
104443,3,1,1,0,1,0,0,1,0,0,1,1
104443,3,1,2,0,1,0,0,1,0,0,1,1
104443,4,2,1,0,5,0,3,5,3,0,8,8
104443,4,2,2,0,5,0,3,5,3,0,8,8
104443,5,3,1,0,4,0,0,4,0,0,4,4
104443,5,3,2,0,4,0,0,4,0,0,4,4
104443,6,4,1,0,5,0,0,5,0,0,5,5
104443,6,4,2,0,5,0,0,5,0,0,5,5
104443,7,999,1,1,12,3,10,13,13,4,22,26
104443,7,999,2,1,12,3,10,13,13,4,22,26
104443,8,5,1,0,9,1,6,9,7,1,15,16
104443,8,5,2,0,9,1,6,9,7,1,15,16
104443,9,6,1,0,2,0,3,2,3,0,5,5
104443,9,6,2,0,2,0,3,2,3,0,5,5
104443,10,7,1,1,1,1,1,2,2,2,2,4
104443,10,7,2,1,1,1,1,2,2,2,2,4
104443,13,10,1,0,0,1,0,0,1,1,0,1
104443,13,10,2,0,0,1,0,0,1,1,0,1
104568,1,412,1,3,184,4,149,187,153,7,333,340
104568,1,112,2,3,184,4,149,187,153,7,333,340
104568,2,999,1,2,129,0,90,131,90,2,219,221
104568,2,999,2,2,129,0,90,131,90,2,219,221
104568,3,1,1,0,1,0,0,1,0,0,1,1
104568,3,1,2,0,1,0,0,1,0,0,1,1
104568,4,2,1,2,56,0,20,58,20,2,76,78
104568,4,2,2,2,56,0,20,58,20,2,76,78
104568,5,3,1,0,34,0,35,34,35,0,69,69
104568,5,3,2,0,34,0,35,34,35,0,69,69
104568,6,4,1,0,38,0,35,38,35,0,73,73
104568,6,4,2,0,38,0,35,38,35,0,73,73
104568,7,999,1,1,55,4,59,56,63,5,114,119
104568,7,999,2,1,55,4,59,56,63,5,114,119
104568,8,5,1,1,33,1,34,34,35,2,67,69
104568,8,5,2,1,33,1,34,34,35,2,67,69
104568,9,6,1,0,7,1,11,7,12,1,18,19
104568,9,6,2,0,7,1,11,7,12,1,18,19
104568,10,7,1,0,5,1,10,5,11,1,15,16
104568,10,7,2,0,5,1,10,5,11,1,15,16
104568,11,8,1,0,7,1,2,7,3,1,9,10
104568,11,8,2,0,7,1,2,7,3,1,9,10
104568,12,9,1,0,2,0,2,2,2,0,4,4
104568,12,9,2,0,2,0,2,2,2,0,4,4
104568,13,10,1,0,1,0,0,1,0,0,1,1
104568,13,10,2,0,1,0,0,1,0,0,1,1
104577,1,412,1,463,838,1105,1986,1301,3091,1568,2824,4392
104577,1,112,2,463,838,1105,1986,1301,3091,1568,2824,4392
104577,2,999,1,417,727,541,789,1144,1330,958,1516,2474
104577,2,999,2,417,727,541,789,1144,1330,958,1516,2474
104577,3,1,1,58,127,310,423,185,733,368,550,918
104577,3,1,2,58,127,310,423,185,733,368,550,918
104577,4,2,1,179,428,103,128,607,231,282,556,838
104577,4,2,2,179,428,103,128,607,231,282,556,838
104577,5,3,1,123,119,50,120,242,170,173,239,412
104577,5,3,2,123,119,50,120,242,170,173,239,412
104577,6,4,1,57,53,78,118,110,196,135,171,306
104577,6,4,2,57,53,78,118,110,196,135,171,306
104577,7,999,1,46,111,564,1197,157,1761,610,1308,1918
104577,7,999,2,46,111,564,1197,157,1761,610,1308,1918
104577,8,5,1,24,45,60,121,69,181,84,166,250
104577,8,5,2,24,45,60,121,69,181,84,166,250
104577,9,6,1,9,21,26,92,30,118,35,113,148
104577,9,6,2,9,21,26,92,30,118,35,113,148
104577,10,7,1,5,12,27,55,17,82,32,67,99
104577,10,7,2,5,12,27,55,17,82,32,67,99
104577,11,8,1,5,18,47,101,23,148,52,119,171
104577,11,8,2,5,18,47,101,23,148,52,119,171
104577,12,9,1,3,10,133,309,13,442,136,319,455
104577,12,9,2,3,10,133,309,13,442,136,319,455
104577,13,10,1,0,5,271,519,5,790,271,524,795
104577,13,10,2,0,5,271,519,5,790,271,524,795
104586,1,412,1,2105,782,94,23,2887,117,2199,805,3004
104586,1,112,2,2083,770,88,20,2853,108,2171,790,2961
104586,1,312,5,22,12,6,3,34,9,28,15,43
104586,2,999,1,1946,763,66,20,2709,86,2012,783,2795
104586,2,999,2,1941,759,64,20,2700,84,2005,779,2784
104586,2,999,5,5,4,2,0,9,2,7,4,11
104586,3,1,1,26,18,0,0,44,0,26,18,44
104586,3,1,2,26,18,0,0,44,0,26,18,44
104586,4,2,1,869,386,4,1,1255,5,873,387,1260
104586,4,2,2,869,386,4,1,1255,5,873,387,1260
104586,5,3,1,745,292,15,7,1037,22,760,299,1059
104586,5,3,2,745,292,15,7,1037,22,760,299,1059
104586,6,4,1,306,67,47,12,373,59,353,79,432
104586,6,4,2,301,63,45,12,364,57,346,75,421
104586,6,4,5,5,4,2,0,9,2,7,4,11
104586,7,999,1,159,19,28,3,178,31,187,22,209
104586,7,999,2,142,11,24,0,153,24,166,11,177
104586,7,999,5,17,8,4,3,25,7,21,11,32
104586,8,5,1,120,11,12,3,131,15,132,14,146
104586,8,5,2,109,8,11,0,117,11,120,8,128
104586,8,5,5,11,3,1,3,14,4,12,6,18
104586,9,6,1,23,6,8,0,29,8,31,6,37
104586,9,6,2,20,3,6,0,23,6,26,3,29
104586,9,6,5,3,3,2,0,6,2,5,3,8
104586,10,7,1,9,0,5,0,9,5,14,0,14
104586,10,7,2,7,0,4,0,7,4,11,0,11
104586,10,7,5,2,0,1,0,2,1,3,0,3
104586,11,8,1,7,1,1,0,8,1,8,1,9
104586,11,8,2,6,0,1,0,6,1,7,0,7
104586,11,8,5,1,1,0,0,2,0,1,1,2
104586,12,9,1,0,1,2,0,1,2,2,1,3
104586,12,9,2,0,0,2,0,0,2,2,0,2
104586,12,9,5,0,1,0,0,1,0,0,1,1
104708,1,412,1,1834,2299,4109,6132,4133,10241,5943,8431,14374
104708,1,112,2,1834,2299,4109,6132,4133,10241,5943,8431,14374
104708,2,999,1,1500,1914,2882,3820,3414,6702,4382,5734,10116
104708,2,999,2,1500,1914,2882,3820,3414,6702,4382,5734,10116
104708,3,1,1,38,73,672,1069,111,1741,710,1142,1852
104708,3,1,2,38,73,672,1069,111,1741,710,1142,1852
104708,4,2,1,832,1153,794,852,1985,1646,1626,2005,3631
104708,4,2,2,832,1153,794,852,1985,1646,1626,2005,3631
104708,5,3,1,437,449,782,958,886,1740,1219,1407,2626
104708,5,3,2,437,449,782,958,886,1740,1219,1407,2626
104708,6,4,1,193,239,634,941,432,1575,827,1180,2007
104708,6,4,2,193,239,634,941,432,1575,827,1180,2007
104708,7,999,1,334,385,1226,2312,719,3538,1560,2697,4257
104708,7,999,2,334,385,1226,2312,719,3538,1560,2697,4257
104708,8,5,1,176,187,534,839,363,1373,710,1026,1736
104708,8,5,2,176,187,534,839,363,1373,710,1026,1736
104708,9,6,1,85,86,253,505,171,758,338,591,929
104708,9,6,2,85,86,253,505,171,758,338,591,929
104708,10,7,1,35,53,151,321,88,472,186,374,560
104708,10,7,2,35,53,151,321,88,472,186,374,560
104708,11,8,1,26,42,163,390,68,553,189,432,621
104708,11,8,2,26,42,163,390,68,553,189,432,621
104708,12,9,1,11,16,81,223,27,304,92,239,331
104708,12,9,2,11,16,81,223,27,304,92,239,331
104708,13,10,1,1,1,44,34,2,78,45,35,80
104708,13,10,2,1,1,44,34,2,78,45,35,80
104708,14,11,1,0,0,1,0,0,1,1,0,1
104708,14,11,2,0,0,1,0,0,1,1,0,1
104717,1,412,1,7677,12267,19663,63820,19944,83483,27340,76087,103427
104717,1,112,2,7673,12264,10541,33274,19937,43815,18214,45538,63752
104717,1,312,5,4,3,9122,30546,7,39668,9126,30549,39675
104717,2,999,1,7341,11984,2810,9120,19325,11930,10151,21104,31255
104717,2,999,2,7341,11982,2214,6664,19323,8878,9555,18646,28201
104717,2,999,5,0,2,596,2456,2,3052,596,2458,3054
104717,3,1,1,18,63,224,493,81,717,242,556,798
104717,3,1,2,18,63,224,493,81,717,242,556,798
104717,4,2,1,3311,6477,245,621,9788,866,3556,7098,10654
104717,4,2,2,3311,6477,245,599,9788,844,3556,7076,10632
104717,4,2,5,0,0,0,22,0,22,0,22,22
104717,5,3,1,2969,4412,521,2045,7381,2566,3490,6457,9947
104717,5,3,2,2969,4410,507,1889,7379,2396,3476,6299,9775
104717,5,3,5,0,2,14,156,2,170,14,158,172
104717,6,4,1,1043,1032,1820,5961,2075,7781,2863,6993,9856
104717,6,4,2,1043,1032,1238,3683,2075,4921,2281,4715,6996
104717,6,4,5,0,0,582,2278,0,2860,582,2278,2860
104717,7,999,1,336,283,16852,54700,619,71552,17188,54983,72171
104717,7,999,2,332,282,8326,26610,614,34936,8658,26892,35550
104717,7,999,5,4,1,8526,28090,5,36616,8530,28091,36621
104717,8,5,1,231,183,4051,12698,414,16749,4282,12881,17163
104717,8,5,2,229,183,2368,6693,412,9061,2597,6876,9473
104717,8,5,5,2,0,1683,6005,2,7688,1685,6005,7690
104717,9,6,1,61,54,3550,10744,115,14294,3611,10798,14409
104717,9,6,2,60,53,2025,5970,113,7995,2085,6023,8108
104717,9,6,5,1,1,1525,4774,2,6299,1526,4775,6301
104717,10,7,1,20,24,2919,9351,44,12270,2939,9375,12314
104717,10,7,2,19,24,1480,4855,43,6335,1499,4879,6378
104717,10,7,5,1,0,1439,4496,1,5935,1440,4496,5936
104717,11,8,1,16,16,3904,13778,32,17682,3920,13794,17714
104717,11,8,2,16,16,1689,6178,32,7867,1705,6194,7899
104717,11,8,5,0,0,2215,7600,0,9815,2215,7600,9815
104717,12,9,1,8,5,2208,7659,13,9867,2216,7664,9880
104717,12,9,2,8,5,721,2778,13,3499,729,2783,3512
104717,12,9,5,0,0,1487,4881,0,6368,1487,4881,6368
104717,13,10,1,0,1,220,470,1,690,220,471,691
104717,13,10,2,0,1,43,136,1,179,43,137,180
104717,13,10,5,0,0,177,334,0,511,177,334,511
104717,14,11,1,0,0,1,0,0,1,1,0,1
104717,14,11,2,0,0,1,0,0,1,1,0,1
105145,1,412,1,398,620,1298,2354,1018,3652,1696,2974,4670
105145,1,112,2,398,620,1298,2354,1018,3652,1696,2974,4670
105145,2,999,1,266,353,651,1094,619,1745,917,1447,2364
105145,2,999,2,266,353,651,1094,619,1745,917,1447,2364
105145,3,1,1,20,24,155,312,44,467,175,336,511
105145,3,1,2,20,24,155,312,44,467,175,336,511
105145,4,2,1,141,162,136,182,303,318,277,344,621
105145,4,2,2,141,162,136,182,303,318,277,344,621
105145,5,3,1,59,77,158,219,136,377,217,296,513
105145,5,3,2,59,77,158,219,136,377,217,296,513
105145,6,4,1,46,90,202,381,136,583,248,471,719
105145,6,4,2,46,90,202,381,136,583,248,471,719
105145,7,999,1,132,267,646,1260,399,1906,778,1527,2305
105145,7,999,2,132,267,646,1260,399,1906,778,1527,2305
105145,8,5,1,56,109,236,439,165,675,292,548,840
105145,8,5,2,56,109,236,439,165,675,292,548,840
105145,9,6,1,29,63,150,297,92,447,179,360,539
105145,9,6,2,29,63,150,297,92,447,179,360,539
105145,10,7,1,27,49,112,189,76,301,139,238,377
105145,10,7,2,27,49,112,189,76,301,139,238,377
105145,11,8,1,14,32,103,235,46,338,117,267,384
105145,11,8,2,14,32,103,235,46,338,117,267,384
105145,12,9,1,6,14,44,96,20,140,50,110,160
105145,12,9,2,6,14,44,96,20,140,50,110,160
105145,13,10,1,0,0,1,4,0,5,1,4,5
105145,13,10,2,0,0,1,4,0,5,1,4,5
105145,14,11,1,0,0,1,0,0,1,1,0,1
105145,14,11,2,0,0,1,0,0,1,1,0,1
105154,1,412,1,2250,2725,5066,6907,4975,11973,7316,9632,16948
105154,1,112,2,2250,2725,5066,6907,4975,11973,7316,9632,16948
105154,2,999,1,1783,2124,3182,4348,3907,7530,4965,6472,11437
105154,2,999,2,1783,2124,3182,4348,3907,7530,4965,6472,11437
105154,3,1,1,70,142,714,1311,212,2025,784,1453,2237
105154,3,1,2,70,142,714,1311,212,2025,784,1453,2237
105154,4,2,1,823,1123,715,880,1946,1595,1538,2003,3541
105154,4,2,2,823,1123,715,880,1946,1595,1538,2003,3541
105154,5,3,1,532,536,898,1068,1068,1966,1430,1604,3034
105154,5,3,2,532,536,898,1068,1068,1966,1430,1604,3034
105154,6,4,1,358,323,855,1089,681,1944,1213,1412,2625
105154,6,4,2,358,323,855,1089,681,1944,1213,1412,2625
105154,7,999,1,467,600,1881,2557,1067,4438,2348,3157,5505
105154,7,999,2,467,600,1881,2557,1067,4438,2348,3157,5505
105154,8,5,1,274,323,793,942,597,1735,1067,1265,2332
105154,8,5,2,274,323,793,942,597,1735,1067,1265,2332
105154,9,6,1,100,137,437,561,237,998,537,698,1235
105154,9,6,2,100,137,437,561,237,998,537,698,1235
105154,10,7,1,43,68,237,332,111,569,280,400,680
105154,10,7,2,43,68,237,332,111,569,280,400,680
105154,11,8,1,40,53,233,418,93,651,273,471,744
105154,11,8,2,40,53,233,418,93,651,273,471,744
105154,12,9,1,10,19,144,250,29,394,154,269,423
105154,12,9,2,10,19,144,250,29,394,154,269,423
105154,13,10,1,0,0,37,54,0,91,37,54,91
105154,13,10,2,0,0,37,54,0,91,37,54,91
105154,14,11,1,0,1,3,2,1,5,3,3,6
105154,14,11,2,0,1,3,2,1,5,3,3,6
105206,1,412,1,271,383,850,2150,654,3000,1121,2533,3654
105206,1,112,2,271,383,850,2150,654,3000,1121,2533,3654
105206,2,999,1,138,224,540,1045,362,1585,678,1269,1947
105206,2,999,2,138,224,540,1045,362,1585,678,1269,1947
105206,3,1,1,15,26,177,265,41,442,192,291,483
105206,3,1,2,15,26,177,265,41,442,192,291,483
105206,4,2,1,57,84,175,299,141,474,232,383,615
105206,4,2,2,57,84,175,299,141,474,232,383,615
105206,5,3,1,35,66,77,226,101,303,112,292,404
105206,5,3,2,35,66,77,226,101,303,112,292,404
105206,6,4,1,31,48,111,255,79,366,142,303,445
105206,6,4,2,31,48,111,255,79,366,142,303,445
105206,7,999,1,133,159,309,1105,292,1414,442,1264,1706
105206,7,999,2,133,159,309,1105,292,1414,442,1264,1706
105206,8,5,1,61,55,111,349,116,460,172,404,576
105206,8,5,2,61,55,111,349,116,460,172,404,576
105206,9,6,1,25,35,60,252,60,312,85,287,372
105206,9,6,2,25,35,60,252,60,312,85,287,372
105206,10,7,1,16,26,42,161,42,203,58,187,245
105206,10,7,2,16,26,42,161,42,203,58,187,245
105206,11,8,1,15,28,54,228,43,282,69,256,325
105206,11,8,2,15,28,54,228,43,282,69,256,325
105206,12,9,1,15,13,36,99,28,135,51,112,163
105206,12,9,2,15,13,36,99,28,135,51,112,163
105206,13,10,1,1,2,6,16,3,22,7,18,25
105206,13,10,2,1,2,6,16,3,22,7,18,25
105206,14,11,1,0,0,1,0,0,1,1,0,1
105206,14,11,2,0,0,1,0,0,1,1,0,1
105297,1,412,1,196,510,185,478,706,663,381,988,1369
105297,1,112,2,196,510,185,478,706,663,381,988,1369
105297,2,999,1,132,286,88,158,418,246,220,444,664
105297,2,999,2,132,286,88,158,418,246,220,444,664
105297,3,1,1,4,9,16,29,13,45,20,38,58
105297,3,1,2,4,9,16,29,13,45,20,38,58
105297,4,2,1,48,122,29,29,170,58,77,151,228
105297,4,2,2,48,122,29,29,170,58,77,151,228
105297,5,3,1,39,76,15,51,115,66,54,127,181
105297,5,3,2,39,76,15,51,115,66,54,127,181
105297,6,4,1,41,79,28,49,120,77,69,128,197
105297,6,4,2,41,79,28,49,120,77,69,128,197
105297,7,999,1,64,224,97,320,288,417,161,544,705
105297,7,999,2,64,224,97,320,288,417,161,544,705
105297,8,5,1,21,78,35,81,99,116,56,159,215
105297,8,5,2,21,78,35,81,99,116,56,159,215
105297,9,6,1,17,53,19,74,70,93,36,127,163
105297,9,6,2,17,53,19,74,70,93,36,127,163
105297,10,7,1,12,40,19,45,52,64,31,85,116
105297,10,7,2,12,40,19,45,52,64,31,85,116
105297,11,8,1,9,41,15,78,50,93,24,119,143
105297,11,8,2,9,41,15,78,50,93,24,119,143
105297,12,9,1,5,12,8,37,17,45,13,49,62
105297,12,9,2,5,12,8,37,17,45,13,49,62
105297,13,10,1,0,0,1,5,0,6,1,5,6
105297,13,10,2,0,0,1,5,0,6,1,5,6
105330,1,412,1,8340,14530,2376,4320,22870,6696,10716,18850,29566
105330,1,112,2,7615,13027,1786,2800,20642,4586,9401,15827,25228
105330,1,312,5,725,1503,590,1520,2228,2110,1315,3023,4338
105330,2,999,1,7030,12475,1122,1375,19505,2497,8152,13850,22002
105330,2,999,2,6812,11882,1103,1249,18694,2352,7915,13131,21046
105330,2,999,5,218,593,19,126,811,145,237,719,956
105330,3,1,1,82,275,33,38,357,71,115,313,428
105330,3,1,2,82,275,33,38,357,71,115,313,428
105330,4,2,1,2807,5453,481,410,8260,891,3288,5863,9151
105330,4,2,2,2807,5453,481,410,8260,891,3288,5863,9151
105330,5,3,1,2838,4990,250,285,7828,535,3088,5275,8363
105330,5,3,2,2831,4953,250,279,7784,529,3081,5232,8313
105330,5,3,5,7,37,0,6,44,6,7,43,50
105330,6,4,1,1303,1757,358,642,3060,1000,1661,2399,4060
105330,6,4,2,1092,1201,339,522,2293,861,1431,1723,3154
105330,6,4,5,211,556,19,120,767,139,230,676,906
105330,7,999,1,1310,2055,1254,2945,3365,4199,2564,5000,7564
105330,7,999,2,803,1145,683,1551,1948,2234,1486,2696,4182
105330,7,999,5,507,910,571,1394,1417,1965,1078,2304,3382
105330,8,5,1,683,962,323,847,1645,1170,1006,1809,2815
105330,8,5,2,430,521,225,511,951,736,655,1032,1687
105330,8,5,5,253,441,98,336,694,434,351,777,1128
105330,9,6,1,307,395,291,637,702,928,598,1032,1630
105330,9,6,2,172,231,159,357,403,516,331,588,919
105330,9,6,5,135,164,132,280,299,412,267,444,711
105330,10,7,1,140,263,222,484,403,706,362,747,1109
105330,10,7,2,97,144,122,259,241,381,219,403,622
105330,10,7,5,43,119,100,225,162,325,143,344,487
105330,11,8,1,131,318,293,651,449,944,424,969,1393
105330,11,8,2,74,178,124,289,252,413,198,467,665
105330,11,8,5,57,140,169,362,197,531,226,502,728
105330,12,9,1,44,111,115,311,155,426,159,422,581
105330,12,9,2,28,67,49,127,95,176,77,194,271
105330,12,9,5,16,44,66,184,60,250,82,228,310
105330,13,10,1,5,6,10,15,11,25,15,21,36
105330,13,10,2,2,4,4,8,6,12,6,12,18
105330,13,10,5,3,2,6,7,5,13,9,9,18
105349,1,412,1,245,279,841,1335,524,2176,1086,1614,2700
105349,1,112,2,245,279,841,1335,524,2176,1086,1614,2700
105349,2,999,1,186,208,666,832,394,1498,852,1040,1892
105349,2,999,2,186,208,666,832,394,1498,852,1040,1892
105349,3,1,1,93,106,456,520,199,976,549,626,1175
105349,3,1,2,93,106,456,520,199,976,549,626,1175
105349,4,2,1,58,64,116,163,122,279,174,227,401
105349,4,2,2,58,64,116,163,122,279,174,227,401
105349,5,3,1,18,20,52,76,38,128,70,96,166
105349,5,3,2,18,20,52,76,38,128,70,96,166
105349,6,4,1,17,18,42,73,35,115,59,91,150
105349,6,4,2,17,18,42,73,35,115,59,91,150
105349,7,999,1,59,71,175,503,130,678,234,574,808
105349,7,999,2,59,71,175,503,130,678,234,574,808
105349,8,5,1,25,28,42,139,53,181,67,167,234
105349,8,5,2,25,28,42,139,53,181,67,167,234
105349,9,6,1,20,17,39,108,37,147,59,125,184
105349,9,6,2,20,17,39,108,37,147,59,125,184
105349,10,7,1,2,8,37,80,10,117,39,88,127
105349,10,7,2,2,8,37,80,10,117,39,88,127
105349,11,8,1,10,15,31,104,25,135,41,119,160
105349,11,8,2,10,15,31,104,25,135,41,119,160
105349,12,9,1,1,3,22,59,4,81,23,62,85
105349,12,9,2,1,3,22,59,4,81,23,62,85
105349,13,10,1,1,0,4,13,1,17,5,13,18
105349,13,10,2,1,0,4,13,1,17,5,13,18
105367,1,412,1,46,209,338,458,255,796,384,667,1051
105367,1,112,2,31,135,69,161,166,230,100,296,396
105367,1,312,5,15,74,269,297,89,566,284,371,655
105367,2,999,1,9,44,19,27,53,46,28,71,99
105367,2,999,2,8,33,9,19,41,28,17,52,69
105367,2,999,5,1,11,10,8,12,18,11,19,30
105367,4,2,1,1,2,0,0,3,0,1,2,3
105367,4,2,2,1,1,0,0,2,0,1,1,2
105367,4,2,5,0,1,0,0,1,0,0,1,1
105367,5,3,1,1,11,6,4,12,10,7,15,22
105367,5,3,2,1,10,4,4,11,8,5,14,19
105367,5,3,5,0,1,2,0,1,2,2,1,3
105367,6,4,1,7,31,13,23,38,36,20,54,74
105367,6,4,2,6,22,5,15,28,20,11,37,48
105367,6,4,5,1,9,8,8,10,16,9,17,26
105367,7,999,1,37,165,319,431,202,750,356,596,952
105367,7,999,2,23,102,60,142,125,202,83,244,327
105367,7,999,5,14,63,259,289,77,548,273,352,625
105367,8,5,1,12,50,139,147,62,286,151,197,348
105367,8,5,2,11,36,13,33,47,46,24,69,93
105367,8,5,5,1,14,126,114,15,240,127,128,255
105367,9,6,1,5,41,101,109,46,210,106,150,256
105367,9,6,2,4,25,7,30,29,37,11,55,66
105367,9,6,5,1,16,94,79,17,173,95,95,190
105367,10,7,1,10,14,30,56,24,86,40,70,110
105367,10,7,2,6,8,10,22,14,32,16,30,46
105367,10,7,5,4,6,20,34,10,54,24,40,64
105367,11,8,1,7,49,30,69,56,99,37,118,155
105367,11,8,2,2,28,18,39,30,57,20,67,87
105367,11,8,5,5,21,12,30,26,42,17,51,68
105367,12,9,1,3,10,18,47,13,65,21,57,78
105367,12,9,2,0,5,11,16,5,27,11,21,32
105367,12,9,5,3,5,7,31,8,38,10,36,46
105367,13,10,1,0,1,1,3,1,4,1,4,5
105367,13,10,2,0,0,1,2,0,3,1,2,3
105367,13,10,5,0,1,0,1,1,1,0,2,2
105428,1,412,1,780,1444,2365,4949,2224,7314,3145,6393,9538
105428,1,112,2,780,1444,2365,4949,2224,7314,3145,6393,9538
105428,2,999,1,575,1084,1434,2666,1659,4100,2009,3750,5759
105428,2,999,2,575,1084,1434,2666,1659,4100,2009,3750,5759
105428,3,1,1,20,61,390,623,81,1013,410,684,1094
105428,3,1,2,20,61,390,623,81,1013,410,684,1094
105428,4,2,1,295,514,340,546,809,886,635,1060,1695
105428,4,2,2,295,514,340,546,809,886,635,1060,1695
105428,5,3,1,148,284,358,737,432,1095,506,1021,1527
105428,5,3,2,148,284,358,737,432,1095,506,1021,1527
105428,6,4,1,112,225,346,760,337,1106,458,985,1443
105428,6,4,2,112,225,346,760,337,1106,458,985,1443
105428,7,999,1,205,360,931,2283,565,3214,1136,2643,3779
105428,7,999,2,205,360,931,2283,565,3214,1136,2643,3779
105428,8,5,1,106,157,303,852,263,1155,409,1009,1418
105428,8,5,2,106,157,303,852,263,1155,409,1009,1418
105428,9,6,1,47,83,213,473,130,686,260,556,816
105428,9,6,2,47,83,213,473,130,686,260,556,816
105428,10,7,1,26,48,134,327,74,461,160,375,535
105428,10,7,2,26,48,134,327,74,461,160,375,535
105428,11,8,1,18,49,157,373,67,530,175,422,597
105428,11,8,2,18,49,157,373,67,530,175,422,597
105428,12,9,1,8,20,89,213,28,302,97,233,330
105428,12,9,2,8,20,89,213,28,302,97,233,330
105428,13,10,1,0,3,35,45,3,80,35,48,83
105428,13,10,2,0,3,35,45,3,80,35,48,83
105525,1,412,1,1393,1972,4815,7364,3365,12179,6208,9336,15544
105525,1,112,2,1393,1972,4815,7364,3365,12179,6208,9336,15544
105525,2,999,1,1082,1497,2908,3940,2579,6848,3990,5437,9427
105525,2,999,2,1082,1497,2908,3940,2579,6848,3990,5437,9427
105525,3,1,1,43,59,130,139,102,269,173,198,371
105525,3,1,2,43,59,130,139,102,269,173,198,371
105525,4,2,1,550,808,935,1169,1358,2104,1485,1977,3462
105525,4,2,2,550,808,935,1169,1358,2104,1485,1977,3462
105525,5,3,1,295,392,1019,1373,687,2392,1314,1765,3079
105525,5,3,2,295,392,1019,1373,687,2392,1314,1765,3079
105525,6,4,1,194,238,824,1259,432,2083,1018,1497,2515
105525,6,4,2,194,238,824,1259,432,2083,1018,1497,2515
105525,7,999,1,311,475,1907,3423,786,5330,2218,3898,6116
105525,7,999,2,311,475,1907,3423,786,5330,2218,3898,6116
105525,8,5,1,146,210,774,1245,356,2019,920,1455,2375
105525,8,5,2,146,210,774,1245,356,2019,920,1455,2375
105525,9,6,1,75,95,434,720,170,1154,509,815,1324
105525,9,6,2,75,95,434,720,170,1154,509,815,1324
105525,10,7,1,41,68,266,464,109,730,307,532,839
105525,10,7,2,41,68,266,464,109,730,307,532,839
105525,11,8,1,30,71,250,563,101,813,280,634,914
105525,11,8,2,30,71,250,563,101,813,280,634,914
105525,12,9,1,16,29,140,368,45,508,156,397,553
105525,12,9,2,16,29,140,368,45,508,156,397,553
105525,13,10,1,3,2,43,63,5,106,46,65,111
105525,13,10,2,3,2,43,63,5,106,46,65,111
105525,14,11,1,0,0,0,1,0,1,0,1,1
105525,14,11,2,0,0,0,1,0,1,0,1,1
105659,1,412,1,834,63,0,0,897,0,834,63,897
105659,1,112,2,834,63,0,0,897,0,834,63,897
105659,2,999,1,295,20,0,0,315,0,295,20,315
105659,2,999,2,295,20,0,0,315,0,295,20,315
105659,3,1,1,2,0,0,0,2,0,2,0,2
105659,3,1,2,2,0,0,0,2,0,2,0,2
105659,4,2,1,81,3,0,0,84,0,81,3,84
105659,4,2,2,81,3,0,0,84,0,81,3,84
105659,5,3,1,94,8,0,0,102,0,94,8,102
105659,5,3,2,94,8,0,0,102,0,94,8,102
105659,6,4,1,118,9,0,0,127,0,118,9,127
105659,6,4,2,118,9,0,0,127,0,118,9,127
105659,7,999,1,539,43,0,0,582,0,539,43,582
105659,7,999,2,539,43,0,0,582,0,539,43,582
105659,8,5,1,243,17,0,0,260,0,243,17,260
105659,8,5,2,243,17,0,0,260,0,243,17,260
105659,9,6,1,129,13,0,0,142,0,129,13,142
105659,9,6,2,129,13,0,0,142,0,129,13,142
105659,10,7,1,76,4,0,0,80,0,76,4,80
105659,10,7,2,76,4,0,0,80,0,76,4,80
105659,11,8,1,68,8,0,0,76,0,68,8,76
105659,11,8,2,68,8,0,0,76,0,68,8,76
105659,12,9,1,23,1,0,0,24,0,23,1,24
105659,12,9,2,23,1,0,0,24,0,23,1,24
105668,1,412,1,1052,1582,5527,9201,2634,14728,6579,10783,17362
105668,1,112,2,1052,1582,5527,9201,2634,14728,6579,10783,17362
105668,2,999,1,740,1137,3721,5844,1877,9565,4461,6981,11442
105668,2,999,2,740,1137,3721,5844,1877,9565,4461,6981,11442
105668,3,1,1,428,753,2580,3792,1181,6372,3008,4545,7553
105668,3,1,2,428,753,2580,3792,1181,6372,3008,4545,7553
105668,4,2,1,101,136,319,422,237,741,420,558,978
105668,4,2,2,101,136,319,422,237,741,420,558,978
105668,5,3,1,86,115,349,663,201,1012,435,778,1213
105668,5,3,2,86,115,349,663,201,1012,435,778,1213
105668,6,4,1,125,133,473,967,258,1440,598,1100,1698
105668,6,4,2,125,133,473,967,258,1440,598,1100,1698
105668,7,999,1,311,445,1804,3355,756,5159,2115,3800,5915
105668,7,999,2,311,445,1804,3355,756,5159,2115,3800,5915
105668,8,5,1,138,182,558,1060,320,1618,696,1242,1938
105668,8,5,2,138,182,558,1060,320,1618,696,1242,1938
105668,9,6,1,83,103,411,687,186,1098,494,790,1284
105668,9,6,2,83,103,411,687,186,1098,494,790,1284
105668,10,7,1,33,70,320,514,103,834,353,584,937
105668,10,7,2,33,70,320,514,103,834,353,584,937
105668,11,8,1,31,60,339,691,91,1030,370,751,1121
105668,11,8,2,31,60,339,691,91,1030,370,751,1121
105668,12,9,1,26,29,152,363,55,515,178,392,570
105668,12,9,2,26,29,152,363,55,515,178,392,570
105668,13,10,1,0,1,24,40,1,64,24,41,65
105668,13,10,2,0,1,24,40,1,64,24,41,65
105668,14,11,1,1,0,2,2,1,4,3,2,5
105668,14,11,2,1,0,2,2,1,4,3,2,5
105747,1,412,1,879,1134,2290,3331,2013,5621,3169,4465,7634
105747,1,112,2,879,1134,2290,3331,2013,5621,3169,4465,7634
105747,2,999,1,715,857,1571,1959,1572,3530,2286,2816,5102
105747,2,999,2,715,857,1571,1959,1572,3530,2286,2816,5102
105747,3,1,1,22,41,530,676,63,1206,552,717,1269
105747,3,1,2,22,41,530,676,63,1206,552,717,1269
105747,4,2,1,387,463,353,377,850,730,740,840,1580
105747,4,2,2,387,463,353,377,850,730,740,840,1580
105747,5,3,1,187,220,372,413,407,785,559,633,1192
105747,5,3,2,187,220,372,413,407,785,559,633,1192
105747,6,4,1,119,133,316,493,252,809,435,626,1061
105747,6,4,2,119,133,316,493,252,809,435,626,1061
105747,7,999,1,164,276,719,1369,440,2088,883,1645,2528
105747,7,999,2,164,276,719,1369,440,2088,883,1645,2528
105747,8,5,1,97,112,297,455,209,752,394,567,961
105747,8,5,2,97,112,297,455,209,752,394,567,961
105747,9,6,1,37,56,146,269,93,415,183,325,508
105747,9,6,2,37,56,146,269,93,415,183,325,508
105747,10,7,1,18,27,87,164,45,251,105,191,296
105747,10,7,2,18,27,87,164,45,251,105,191,296
105747,11,8,1,7,55,96,214,62,310,103,269,372
105747,11,8,2,7,55,96,214,62,310,103,269,372
105747,12,9,1,5,24,57,199,29,256,62,223,285
105747,12,9,2,5,24,57,199,29,256,62,223,285
105747,13,10,1,0,2,36,68,2,104,36,70,106
105747,13,10,2,0,2,36,68,2,104,36,70,106
105747,14,11,1,0,1,0,3,1,3,0,4,4
105747,14,11,2,0,1,0,3,1,3,0,4,4
105792,1,412,1,385,551,937,1624,936,2561,1322,2175,3497
105792,1,112,2,385,551,937,1624,936,2561,1322,2175,3497
105792,2,999,1,325,439,654,1115,764,1769,979,1554,2533
105792,2,999,2,325,439,654,1115,764,1769,979,1554,2533
105792,3,1,1,22,34,245,500,56,745,267,534,801
105792,3,1,2,22,34,245,500,56,745,267,534,801
105792,4,2,1,191,268,138,196,459,334,329,464,793
105792,4,2,2,191,268,138,196,459,334,329,464,793
105792,5,3,1,76,89,146,214,165,360,222,303,525
105792,5,3,2,76,89,146,214,165,360,222,303,525
105792,6,4,1,36,48,125,205,84,330,161,253,414
105792,6,4,2,36,48,125,205,84,330,161,253,414
105792,7,999,1,60,112,282,509,172,791,342,621,963
105792,7,999,2,60,112,282,509,172,791,342,621,963
105792,8,5,1,29,53,104,186,82,290,133,239,372
105792,8,5,2,29,53,104,186,82,290,133,239,372
105792,9,6,1,16,25,68,98,41,166,84,123,207
105792,9,6,2,16,25,68,98,41,166,84,123,207
105792,10,7,1,6,17,40,75,23,115,46,92,138
105792,10,7,2,6,17,40,75,23,115,46,92,138
105792,11,8,1,5,14,38,82,19,120,43,96,139
105792,11,8,2,5,14,38,82,19,120,43,96,139
105792,12,9,1,4,3,24,45,7,69,28,48,76
105792,12,9,2,4,3,24,45,7,69,28,48,76
105792,13,10,1,0,0,8,23,0,31,8,23,31
105792,13,10,2,0,0,8,23,0,31,8,23,31
105792,14,11,1,0,0,1,0,0,1,1,0,1
105792,14,11,2,0,0,1,0,0,1,1,0,1
105899,1,412,1,490,289,73,73,779,146,563,362,925
105899,1,112,2,490,289,73,73,779,146,563,362,925
105899,2,999,1,470,282,36,41,752,77,506,323,829
105899,2,999,2,470,282,36,41,752,77,506,323,829
105899,3,1,1,4,3,15,21,7,36,19,24,43
105899,3,1,2,4,3,15,21,7,36,19,24,43
105899,4,2,1,232,136,5,5,368,10,237,141,378
105899,4,2,2,232,136,5,5,368,10,237,141,378
105899,5,3,1,143,113,9,7,256,16,152,120,272
105899,5,3,2,143,113,9,7,256,16,152,120,272
105899,6,4,1,91,30,7,8,121,15,98,38,136
105899,6,4,2,91,30,7,8,121,15,98,38,136
105899,7,999,1,20,7,36,32,27,68,56,39,95
105899,7,999,2,20,7,36,32,27,68,56,39,95
105899,8,5,1,14,3,8,4,17,12,22,7,29
105899,8,5,2,14,3,8,4,17,12,22,7,29
105899,9,6,1,3,1,4,6,4,10,7,7,14
105899,9,6,2,3,1,4,6,4,10,7,7,14
105899,10,7,1,1,1,8,3,2,11,9,4,13
105899,10,7,2,1,1,8,3,2,11,9,4,13
105899,11,8,1,1,2,9,12,3,21,10,14,24
105899,11,8,2,1,2,9,12,3,21,10,14,24
105899,12,9,1,1,0,7,7,1,14,8,7,15
105899,12,9,2,1,0,7,7,1,14,8,7,15
105899,14,11,1,0,0,1,0,0,1,1,0,1
105899,14,11,2,0,0,1,0,0,1,1,0,1
106111,1,412,1,0,38,0,23,38,23,0,61,61
106111,1,112,2,0,38,0,23,38,23,0,61,61
106111,2,999,1,0,25,0,8,25,8,0,33,33
106111,2,999,2,0,25,0,8,25,8,0,33,33
106111,4,2,1,0,10,0,2,10,2,0,12,12
106111,4,2,2,0,10,0,2,10,2,0,12,12
106111,5,3,1,0,10,0,3,10,3,0,13,13
106111,5,3,2,0,10,0,3,10,3,0,13,13
106111,6,4,1,0,5,0,3,5,3,0,8,8
106111,6,4,2,0,5,0,3,5,3,0,8,8
106111,7,999,1,0,13,0,15,13,15,0,28,28
106111,7,999,2,0,13,0,15,13,15,0,28,28
106111,8,5,1,0,5,0,7,5,7,0,12,12
106111,8,5,2,0,5,0,7,5,7,0,12,12
106111,9,6,1,0,6,0,4,6,4,0,10,10
106111,9,6,2,0,6,0,4,6,4,0,10,10
106111,10,7,1,0,2,0,2,2,2,0,4,4
106111,10,7,2,0,2,0,2,2,2,0,4,4
106111,11,8,1,0,0,0,2,0,2,0,2,2
106111,11,8,2,0,0,0,2,0,2,0,2,2
106245,1,412,1,1823,2738,1453,2885,4561,4338,3276,5623,8899
106245,1,112,2,1386,2155,961,2066,3541,3027,2347,4221,6568
106245,1,312,5,437,583,492,819,1020,1311,929,1402,2331
106245,2,999,1,1138,1776,558,1056,2914,1614,1696,2832,4528
106245,2,999,2,1013,1557,514,976,2570,1490,1527,2533,4060
106245,2,999,5,125,219,44,80,344,124,169,299,468
106245,3,1,1,35,54,225,397,89,622,260,451,711
106245,3,1,2,35,54,225,397,89,622,260,451,711
106245,4,2,1,307,472,66,120,779,186,373,592,965
106245,4,2,2,307,472,66,120,779,186,373,592,965
106245,5,3,1,387,626,68,128,1013,196,455,754,1209
106245,5,3,2,383,618,68,128,1001,196,451,746,1197
106245,5,3,5,4,8,0,0,12,0,4,8,12
106245,6,4,1,409,624,199,411,1033,610,608,1035,1643
106245,6,4,2,288,413,155,331,701,486,443,744,1187
106245,6,4,5,121,211,44,80,332,124,165,291,456
106245,7,999,1,685,962,895,1829,1647,2724,1580,2791,4371
106245,7,999,2,373,598,447,1090,971,1537,820,1688,2508
106245,7,999,5,312,364,448,739,676,1187,760,1103,1863
106245,8,5,1,332,402,256,530,734,786,588,932,1520
106245,8,5,2,190,235,152,337,425,489,342,572,914
106245,8,5,5,142,167,104,193,309,297,246,360,606
106245,9,6,1,157,221,205,413,378,618,362,634,996
106245,9,6,2,78,143,99,265,221,364,177,408,585
106245,9,6,5,79,78,106,148,157,254,185,226,411
106245,10,7,1,97,125,133,284,222,417,230,409,639
106245,10,7,2,53,87,65,159,140,224,118,246,364
106245,10,7,5,44,38,68,125,82,193,112,163,275
106245,11,8,1,70,154,192,363,224,555,262,517,779
106245,11,8,2,34,100,87,205,134,292,121,305,426
106245,11,8,5,36,54,105,158,90,263,141,212,353
106245,12,9,1,26,48,81,203,74,284,107,251,358
106245,12,9,2,16,27,35,105,43,140,51,132,183
106245,12,9,5,10,21,46,98,31,144,56,119,175
106245,13,10,1,3,12,28,36,15,64,31,48,79
106245,13,10,2,2,6,9,19,8,28,11,25,36
106245,13,10,5,1,6,19,17,7,36,20,23,43
106306,1,412,1,238,49,136,45,287,181,374,94,468
106306,1,112,2,238,49,136,45,287,181,374,94,468
106306,2,999,1,200,26,123,37,226,160,323,63,386
106306,2,999,2,200,26,123,37,226,160,323,63,386
106306,3,1,1,0,0,1,0,0,1,1,0,1
106306,3,1,2,0,0,1,0,0,1,1,0,1
106306,4,2,1,132,16,60,14,148,74,192,30,222
106306,4,2,2,132,16,60,14,148,74,192,30,222
106306,5,3,1,56,8,44,18,64,62,100,26,126
106306,5,3,2,56,8,44,18,64,62,100,26,126
106306,6,4,1,12,2,18,5,14,23,30,7,37
106306,6,4,2,12,2,18,5,14,23,30,7,37
106306,7,999,1,38,23,13,8,61,21,51,31,82
106306,7,999,2,38,23,13,8,61,21,51,31,82
106306,8,5,1,14,8,6,4,22,10,20,12,32
106306,8,5,2,14,8,6,4,22,10,20,12,32
106306,9,6,1,6,7,1,2,13,3,7,9,16
106306,9,6,2,6,7,1,2,13,3,7,9,16
106306,10,7,1,5,4,3,0,9,3,8,4,12
106306,10,7,2,5,4,3,0,9,3,8,4,12
106306,11,8,1,9,1,3,0,10,3,12,1,13
106306,11,8,2,9,1,3,0,10,3,12,1,13
106306,12,9,1,4,3,0,2,7,2,4,5,9
106306,12,9,2,4,3,0,2,7,2,4,5,9
106342,1,412,1,357,293,9,6,650,15,366,299,665
106342,1,112,2,357,293,9,6,650,15,366,299,665
106342,2,999,1,349,286,8,5,635,13,357,291,648
106342,2,999,2,349,286,8,5,635,13,357,291,648
106342,3,1,1,0,6,0,1,6,1,0,7,7
106342,3,1,2,0,6,0,1,6,1,0,7,7
106342,4,2,1,142,128,3,0,270,3,145,128,273
106342,4,2,2,142,128,3,0,270,3,145,128,273
106342,5,3,1,145,128,0,1,273,1,145,129,274
106342,5,3,2,145,128,0,1,273,1,145,129,274
106342,6,4,1,62,24,5,3,86,8,67,27,94
106342,6,4,2,62,24,5,3,86,8,67,27,94
106342,7,999,1,7,7,1,1,14,2,8,8,16
106342,7,999,2,7,7,1,1,14,2,8,8,16
106342,8,5,1,5,4,1,0,9,1,6,4,10
106342,8,5,2,5,4,1,0,9,1,6,4,10
106342,9,6,1,1,1,0,1,2,1,1,2,3
106342,9,6,2,1,1,0,1,2,1,1,2,3
106342,10,7,1,1,2,0,0,3,0,1,2,3
106342,10,7,2,1,2,0,0,3,0,1,2,3
106342,14,11,1,1,0,0,0,1,0,1,0,1
106342,14,11,2,1,0,0,0,1,0,1,0,1
106397,1,412,1,9891,12179,2659,2833,22070,5492,12550,15012,27562
106397,1,112,2,9060,11192,1212,1361,20252,2573,10272,12553,22825
106397,1,312,5,831,987,1447,1472,1818,2919,2278,2459,4737
106397,2,999,1,9055,11337,998,954,20392,1952,10053,12291,22344
106397,2,999,2,8654,10774,760,708,19428,1468,9414,11482,20896
106397,2,999,5,401,563,238,246,964,484,639,809,1448
106397,3,1,1,44,94,13,5,138,18,57,99,156
106397,3,1,2,44,94,13,5,138,18,57,99,156
106397,4,2,1,3541,4830,78,81,8371,159,3619,4911,8530
106397,4,2,2,3541,4830,78,81,8371,159,3619,4911,8530
106397,5,3,1,3843,4926,240,291,8769,531,4083,5217,9300
106397,5,3,2,3819,4896,237,284,8715,521,4056,5180,9236
106397,5,3,5,24,30,3,7,54,10,27,37,64
106397,6,4,1,1627,1487,667,577,3114,1244,2294,2064,4358
106397,6,4,2,1250,954,432,338,2204,770,1682,1292,2974
106397,6,4,5,377,533,235,239,910,474,612,772,1384
106397,7,999,1,836,842,1661,1879,1678,3540,2497,2721,5218
106397,7,999,2,406,418,452,653,824,1105,858,1071,1929
106397,7,999,5,430,424,1209,1226,854,2435,1639,1650,3289
106397,8,5,1,491,420,645,653,911,1298,1136,1073,2209
106397,8,5,2,259,196,202,211,455,413,461,407,868
106397,8,5,5,232,224,443,442,456,885,675,666,1341
106397,9,6,1,208,159,417,357,367,774,625,516,1141
106397,9,6,2,88,87,101,123,175,224,189,210,399
106397,9,6,5,120,72,316,234,192,550,436,306,742
106397,10,7,1,76,114,224,289,190,513,300,403,703
106397,10,7,2,39,56,52,97,95,149,91,153,244
106397,10,7,5,37,58,172,192,95,364,209,250,459
106397,11,8,1,45,113,262,362,158,624,307,475,782
106397,11,8,2,16,61,49,133,77,182,65,194,259
106397,11,8,5,29,52,213,229,81,442,242,281,523
106397,12,9,1,14,31,87,189,45,276,101,220,321
106397,12,9,2,3,15,29,68,18,97,32,83,115
106397,12,9,5,11,16,58,121,27,179,69,137,206
106397,13,10,1,2,5,26,29,7,55,28,34,62
106397,13,10,2,1,3,19,21,4,40,20,24,44
106397,13,10,5,1,2,7,8,3,15,8,10,18
106412,1,412,1,923,1339,184,222,2262,406,1107,1561,2668
106412,1,112,2,871,1287,159,190,2158,349,1030,1477,2507
106412,1,312,5,52,52,25,32,104,57,77,84,161
106412,2,999,1,855,1216,147,127,2071,274,1002,1343,2345
106412,2,999,2,831,1195,138,123,2026,261,969,1318,2287
106412,2,999,5,24,21,9,4,45,13,33,25,58
106412,3,1,1,44,77,23,22,121,45,67,99,166
106412,3,1,2,44,77,23,22,121,45,67,99,166
106412,4,2,1,360,567,55,45,927,100,415,612,1027
106412,4,2,2,360,567,55,45,927,100,415,612,1027
106412,5,3,1,290,424,26,16,714,42,316,440,756
106412,5,3,2,290,420,26,16,710,42,316,436,752
106412,5,3,5,0,4,0,0,4,0,0,4,4
106412,6,4,1,161,148,43,44,309,87,204,192,396
106412,6,4,2,137,131,34,40,268,74,171,171,342
106412,6,4,5,24,17,9,4,41,13,33,21,54
106412,7,999,1,68,123,37,95,191,132,105,218,323
106412,7,999,2,40,92,21,67,132,88,61,159,220
106412,7,999,5,28,31,16,28,59,44,44,59,103
106412,8,5,1,39,42,17,26,81,43,56,68,124
106412,8,5,2,22,32,12,19,54,31,34,51,85
106412,8,5,5,17,10,5,7,27,12,22,17,39
106412,9,6,1,11,29,5,17,40,22,16,46,62
106412,9,6,2,6,24,1,12,30,13,7,36,43
106412,9,6,5,5,5,4,5,10,9,9,10,19
106412,10,7,1,5,12,5,12,17,17,10,24,34
106412,10,7,2,3,10,2,10,13,12,5,20,25
106412,10,7,5,2,2,3,2,4,5,5,4,9
106412,11,8,1,6,23,5,17,29,22,11,40,51
106412,11,8,2,4,13,2,11,17,13,6,24,30
106412,11,8,5,2,10,3,6,12,9,5,16,21
106412,12,9,1,6,16,4,17,22,21,10,33,43
106412,12,9,2,4,12,3,9,16,12,7,21,28
106412,12,9,5,2,4,1,8,6,9,3,12,15
106412,13,10,1,1,1,1,6,2,7,2,7,9
106412,13,10,2,1,1,1,6,2,7,2,7,9
106449,1,412,1,569,981,544,888,1550,1432,1113,1869,2982
106449,1,112,2,569,981,544,888,1550,1432,1113,1869,2982
106449,2,999,1,488,809,459,656,1297,1115,947,1465,2412
106449,2,999,2,488,809,459,656,1297,1115,947,1465,2412
106449,3,1,1,8,23,283,395,31,678,291,418,709
106449,3,1,2,8,23,283,395,31,678,291,418,709
106449,4,2,1,323,548,84,76,871,160,407,624,1031
106449,4,2,2,323,548,84,76,871,160,407,624,1031
106449,5,3,1,98,154,46,100,252,146,144,254,398
106449,5,3,2,98,154,46,100,252,146,144,254,398
106449,6,4,1,59,84,46,85,143,131,105,169,274
106449,6,4,2,59,84,46,85,143,131,105,169,274
106449,7,999,1,81,172,85,232,253,317,166,404,570
106449,7,999,2,81,172,85,232,253,317,166,404,570
106449,8,5,1,34,70,29,92,104,121,63,162,225
106449,8,5,2,34,70,29,92,104,121,63,162,225
106449,9,6,1,17,42,12,44,59,56,29,86,115
106449,9,6,2,17,42,12,44,59,56,29,86,115
106449,10,7,1,15,25,16,25,40,41,31,50,81
106449,10,7,2,15,25,16,25,40,41,31,50,81
106449,11,8,1,11,26,15,38,37,53,26,64,90
106449,11,8,2,11,26,15,38,37,53,26,64,90
106449,12,9,1,4,8,11,28,12,39,15,36,51
106449,12,9,2,4,8,11,28,12,39,15,36,51
106449,13,10,1,0,1,2,5,1,7,2,6,8
106449,13,10,2,0,1,2,5,1,7,2,6,8
106458,1,412,1,2554,3911,2147,4494,6465,6641,4701,8405,13106
106458,1,112,2,2335,3501,949,1701,5836,2650,3284,5202,8486
106458,1,312,5,219,410,1198,2793,629,3991,1417,3203,4620
106458,2,999,1,2277,3493,818,1225,5770,2043,3095,4718,7813
106458,2,999,2,2168,3234,653,933,5402,1586,2821,4167,6988
106458,2,999,5,109,259,165,292,368,457,274,551,825
106458,3,1,1,15,38,268,406,53,674,283,444,727
106458,3,1,2,15,38,268,406,53,674,283,444,727
106458,4,2,1,865,1429,70,97,2294,167,935,1526,2461
106458,4,2,2,865,1429,70,97,2294,167,935,1526,2461
106458,5,3,1,944,1413,120,170,2357,290,1064,1583,2647
106458,5,3,2,937,1390,115,162,2327,277,1052,1552,2604
106458,5,3,5,7,23,5,8,30,13,12,31,43
106458,6,4,1,453,613,360,552,1066,912,813,1165,1978
106458,6,4,2,351,377,200,268,728,468,551,645,1196
106458,6,4,5,102,236,160,284,338,444,262,520,782
106458,7,999,1,277,418,1329,3269,695,4598,1606,3687,5293
106458,7,999,2,167,267,296,768,434,1064,463,1035,1498
106458,7,999,5,110,151,1033,2501,261,3534,1143,2652,3795
106458,8,5,1,154,202,429,866,356,1295,583,1068,1651
106458,8,5,2,95,120,115,220,215,335,210,340,550
106458,8,5,5,59,82,314,646,141,960,373,728,1101
106458,9,6,1,62,98,322,632,160,954,384,730,1114
106458,9,6,2,34,62,73,185,96,258,107,247,354
106458,9,6,5,28,36,249,447,64,696,277,483,760
106458,10,7,1,29,58,221,602,87,823,250,660,910
106458,10,7,2,18,41,40,125,59,165,58,166,224
106458,10,7,5,11,17,181,477,28,658,192,494,686
106458,11,8,1,28,45,266,842,73,1108,294,887,1181
106458,11,8,2,18,32,48,171,50,219,66,203,269
106458,11,8,5,10,13,218,671,23,889,228,684,912
106458,12,9,1,3,14,80,311,17,391,83,325,408
106458,12,9,2,1,12,18,59,13,77,19,71,90
106458,12,9,5,2,2,62,252,4,314,64,254,318
106458,13,10,1,1,1,11,16,2,27,12,17,29
106458,13,10,2,1,0,2,8,1,10,3,8,11
106458,13,10,5,0,1,9,8,1,17,9,9,18
106467,1,412,1,2887,3475,1759,2708,6362,4467,4646,6183,10829
106467,1,112,2,2821,3406,1588,2295,6227,3883,4409,5701,10110
106467,1,312,5,66,69,171,413,135,584,237,482,719
106467,2,999,1,2619,2992,1440,1875,5611,3315,4059,4867,8926
106467,2,999,2,2587,2964,1393,1816,5551,3209,3980,4780,8760
106467,2,999,5,32,28,47,59,60,106,79,87,166
106467,3,1,1,112,173,1122,1487,285,2609,1234,1660,2894
106467,3,1,2,112,173,1122,1487,285,2609,1234,1660,2894
106467,4,2,1,1203,1516,94,100,2719,194,1297,1616,2913
106467,4,2,2,1203,1516,94,100,2719,194,1297,1616,2913
106467,5,3,1,939,971,67,107,1910,174,1006,1078,2084
106467,5,3,2,937,969,64,101,1906,165,1001,1070,2071
106467,5,3,5,2,2,3,6,4,9,5,8,13
106467,6,4,1,365,332,157,181,697,338,522,513,1035
106467,6,4,2,335,306,113,128,641,241,448,434,882
106467,6,4,5,30,26,44,53,56,97,74,79,153
106467,7,999,1,268,483,319,833,751,1152,587,1316,1903
106467,7,999,2,234,442,195,479,676,674,429,921,1350
106467,7,999,5,34,41,124,354,75,478,158,395,553
106467,8,5,1,126,206,95,234,332,329,221,440,661
106467,8,5,2,110,191,60,145,301,205,170,336,506
106467,8,5,5,16,15,35,89,31,124,51,104,155
106467,9,6,1,64,123,69,189,187,258,133,312,445
106467,9,6,2,59,112,46,120,171,166,105,232,337
106467,9,6,5,5,11,23,69,16,92,28,80,108
106467,10,7,1,33,60,56,148,93,204,89,208,297
106467,10,7,2,28,58,29,76,86,105,57,134,191
106467,10,7,5,5,2,27,72,7,99,32,74,106
106467,11,8,1,29,69,62,176,98,238,91,245,336
106467,11,8,2,25,60,36,85,85,121,61,145,206
106467,11,8,5,4,9,26,91,13,117,30,100,130
106467,12,9,1,14,22,31,82,36,113,45,104,149
106467,12,9,2,10,18,20,50,28,70,30,68,98
106467,12,9,5,4,4,11,32,8,43,15,36,51
106467,13,10,1,2,3,6,4,5,10,8,7,15
106467,13,10,2,2,3,4,3,5,7,6,6,12
106467,13,10,5,0,0,2,1,0,3,2,1,3
106546,1,412,1,75,528,8,50,603,58,83,578,661
106546,1,112,2,75,528,8,50,603,58,83,578,661
106546,2,999,1,42,306,5,24,348,29,47,330,377
106546,2,999,2,42,306,5,24,348,29,47,330,377
106546,3,1,1,0,1,0,0,1,0,0,1,1
106546,3,1,2,0,1,0,0,1,0,0,1,1
106546,4,2,1,1,17,0,3,18,3,1,20,21
106546,4,2,2,1,17,0,3,18,3,1,20,21
106546,5,3,1,15,125,1,5,140,6,16,130,146
106546,5,3,2,15,125,1,5,140,6,16,130,146
106546,6,4,1,26,163,4,16,189,20,30,179,209
106546,6,4,2,26,163,4,16,189,20,30,179,209
106546,7,999,1,33,222,3,26,255,29,36,248,284
106546,7,999,2,33,222,3,26,255,29,36,248,284
106546,8,5,1,13,116,2,11,129,13,15,127,142
106546,8,5,2,13,116,2,11,129,13,15,127,142
106546,9,6,1,6,46,1,8,52,9,7,54,61
106546,9,6,2,6,46,1,8,52,9,7,54,61
106546,10,7,1,9,30,0,5,39,5,9,35,44
106546,10,7,2,9,30,0,5,39,5,9,35,44
106546,11,8,1,4,24,0,2,28,2,4,26,30
106546,11,8,2,4,24,0,2,28,2,4,26,30
106546,12,9,1,1,6,0,0,7,0,1,6,7
106546,12,9,2,1,6,0,0,7,0,1,6,7
106704,1,412,1,3000,5027,861,1447,8027,2308,3861,6474,10335
106704,1,112,2,2788,4513,602,712,7301,1314,3390,5225,8615
106704,1,312,5,212,514,259,735,726,994,471,1249,1720
106704,2,999,1,2739,4714,512,626,7453,1138,3251,5340,8591
106704,2,999,2,2607,4323,443,498,6930,941,3050,4821,7871
106704,2,999,5,132,391,69,128,523,197,201,519,720
106704,3,1,1,101,197,139,122,298,261,240,319,559
106704,3,1,2,101,197,139,122,298,261,240,319,559
106704,4,2,1,1141,2023,33,61,3164,94,1174,2084,3258
106704,4,2,2,1141,2023,33,60,3164,93,1174,2083,3257
106704,4,2,5,0,0,0,1,0,1,0,1,1
106704,5,3,1,1057,1751,97,138,2808,235,1154,1889,3043
106704,5,3,2,1045,1706,94,137,2751,231,1139,1843,2982
106704,5,3,5,12,45,3,1,57,4,15,46,61
106704,6,4,1,440,743,243,305,1183,548,683,1048,1731
106704,6,4,2,320,397,177,179,717,356,497,576,1073
106704,6,4,5,120,346,66,126,466,192,186,472,658
106704,7,999,1,261,313,345,815,574,1160,606,1128,1734
106704,7,999,2,181,190,155,208,371,363,336,398,734
106704,7,999,5,80,123,190,607,203,797,270,730,1000
106704,8,5,1,159,185,148,308,344,456,307,493,800
106704,8,5,2,106,107,74,94,213,168,180,201,381
106704,8,5,5,53,78,74,214,131,288,127,292,419
106704,9,6,1,45,63,69,151,108,220,114,214,328
106704,9,6,2,33,40,26,32,73,58,59,72,131
106704,9,6,5,12,23,43,119,35,162,55,142,197
106704,10,7,1,22,17,42,118,39,160,64,135,199
106704,10,7,2,13,12,15,24,25,39,28,36,64
106704,10,7,5,9,5,27,94,14,121,36,99,135
106704,11,8,1,28,42,42,141,70,183,70,183,253
106704,11,8,2,24,25,13,31,49,44,37,56,93
106704,11,8,5,4,17,29,110,21,139,33,127,160
106704,12,9,1,5,5,30,86,10,116,35,91,126
106704,12,9,2,4,5,15,19,9,34,19,24,43
106704,12,9,5,1,0,15,67,1,82,16,67,83
106704,13,10,1,2,1,14,11,3,25,16,12,28
106704,13,10,2,1,1,12,8,2,20,13,9,22
106704,13,10,5,1,0,2,3,1,5,3,3,6
106704,14,11,1,0,0,4,6,0,10,4,6,10
106704,14,11,2,0,0,4,6,0,10,4,6,10
106713,1,412,1,284,237,46,37,521,83,330,274,604
106713,1,112,2,284,237,46,37,521,83,330,274,604
106713,2,999,1,240,184,35,25,424,60,275,209,484
106713,2,999,2,240,184,35,25,424,60,275,209,484
106713,3,1,1,3,0,22,21,3,43,25,21,46
106713,3,1,2,3,0,22,21,3,43,25,21,46
106713,4,2,1,100,79,4,1,179,5,104,80,184
106713,4,2,2,100,79,4,1,179,5,104,80,184
106713,5,3,1,86,83,1,2,169,3,87,85,172
106713,5,3,2,86,83,1,2,169,3,87,85,172
106713,6,4,1,51,22,8,1,73,9,59,23,82
106713,6,4,2,51,22,8,1,73,9,59,23,82
106713,7,999,1,43,52,11,12,95,23,54,64,118
106713,7,999,2,43,52,11,12,95,23,54,64,118
106713,8,5,1,13,10,5,0,23,5,18,10,28
106713,8,5,2,13,10,5,0,23,5,18,10,28
106713,9,6,1,10,13,3,3,23,6,13,16,29
106713,9,6,2,10,13,3,3,23,6,13,16,29
106713,10,7,1,5,7,0,1,12,1,5,8,13
106713,10,7,2,5,7,0,1,12,1,5,8,13
106713,11,8,1,10,17,2,5,27,7,12,22,34
106713,11,8,2,10,17,2,5,27,7,12,22,34
106713,12,9,1,5,5,1,3,10,4,6,8,14
106713,12,9,2,5,5,1,3,10,4,6,8,14
106713,14,11,1,1,1,0,0,2,0,1,1,2
106713,14,11,2,1,1,0,0,2,0,1,1,2
106883,1,412,1,141,307,152,334,448,486,293,641,934
106883,1,112,2,141,307,152,334,448,486,293,641,934
106883,2,999,1,93,200,114,167,293,281,207,367,574
106883,2,999,2,93,200,114,167,293,281,207,367,574
106883,3,1,1,5,7,71,98,12,169,76,105,181
106883,3,1,2,5,7,71,98,12,169,76,105,181
106883,4,2,1,58,111,20,15,169,35,78,126,204
106883,4,2,2,58,111,20,15,169,35,78,126,204
106883,5,3,1,24,47,7,25,71,32,31,72,103
106883,5,3,2,24,47,7,25,71,32,31,72,103
106883,6,4,1,6,35,16,29,41,45,22,64,86
106883,6,4,2,6,35,16,29,41,45,22,64,86
106883,7,999,1,48,107,38,167,155,205,86,274,360
106883,7,999,2,48,107,38,167,155,205,86,274,360
106883,8,5,1,23,45,10,33,68,43,33,78,111
106883,8,5,2,23,45,10,33,68,43,33,78,111
106883,9,6,1,8,25,7,21,33,28,15,46,61
106883,9,6,2,8,25,7,21,33,28,15,46,61
106883,10,7,1,9,13,5,19,22,24,14,32,46
106883,10,7,2,9,13,5,19,22,24,14,32,46
106883,11,8,1,4,16,4,23,20,27,8,39,47
106883,11,8,2,4,16,4,23,20,27,8,39,47
106883,12,9,1,4,8,8,22,12,30,12,30,42
106883,12,9,2,4,8,8,22,12,30,12,30,42
106883,13,10,1,0,0,4,49,0,53,4,49,53
106883,13,10,2,0,0,4,49,0,53,4,49,53
107123,1,412,1,4,51,0,0,55,0,4,51,55
107123,1,112,2,4,51,0,0,55,0,4,51,55
107123,2,999,1,2,33,0,0,35,0,2,33,35
107123,2,999,2,2,33,0,0,35,0,2,33,35
107123,5,3,1,1,15,0,0,16,0,1,15,16
107123,5,3,2,1,15,0,0,16,0,1,15,16
107123,6,4,1,1,18,0,0,19,0,1,18,19
107123,6,4,2,1,18,0,0,19,0,1,18,19
107123,7,999,1,2,18,0,0,20,0,2,18,20
107123,7,999,2,2,18,0,0,20,0,2,18,20
107123,8,5,1,0,12,0,0,12,0,0,12,12
107123,8,5,2,0,12,0,0,12,0,0,12,12
107123,9,6,1,1,5,0,0,6,0,1,5,6
107123,9,6,2,1,5,0,0,6,0,1,5,6
107123,11,8,1,0,1,0,0,1,0,0,1,1
107123,11,8,2,0,1,0,0,1,0,0,1,1
107123,12,9,1,1,0,0,0,1,0,1,0,1
107123,12,9,2,1,0,0,0,1,0,1,0,1
107141,1,412,1,563,903,338,539,1466,877,901,1442,2343
107141,1,112,2,521,805,203,291,1326,494,724,1096,1820
107141,1,312,5,42,98,135,248,140,383,177,346,523
107141,2,999,1,496,764,207,283,1260,490,703,1047,1750
107141,2,999,2,486,735,181,231,1221,412,667,966,1633
107141,2,999,5,10,29,26,52,39,78,36,81,117
107141,3,1,1,9,7,149,200,16,349,158,207,365
107141,3,1,2,9,7,149,200,16,349,158,207,365
107141,4,2,1,211,344,20,13,555,33,231,357,588
107141,4,2,2,211,344,20,13,555,33,231,357,588
107141,5,3,1,208,324,3,5,532,8,211,329,540
107141,5,3,2,208,322,3,4,530,7,211,326,537
107141,5,3,5,0,2,0,1,2,1,0,3,3
107141,6,4,1,68,89,35,65,157,100,103,154,257
107141,6,4,2,58,62,9,14,120,23,67,76,143
107141,6,4,5,10,27,26,51,37,77,36,78,114
107141,7,999,1,67,139,131,256,206,387,198,395,593
107141,7,999,2,35,70,22,60,105,82,57,130,187
107141,7,999,5,32,69,109,196,101,305,141,265,406
107141,8,5,1,27,47,46,79,74,125,73,126,199
107141,8,5,2,14,24,7,7,38,14,21,31,52
107141,8,5,5,13,23,39,72,36,111,52,95,147
107141,9,6,1,12,28,21,53,40,74,33,81,114
107141,9,6,2,4,18,0,16,22,16,4,34,38
107141,9,6,5,8,10,21,37,18,58,29,47,76
107141,10,7,1,12,18,21,43,30,64,33,61,94
107141,10,7,2,7,8,6,9,15,15,13,17,30
107141,10,7,5,5,10,15,34,15,49,20,44,64
107141,11,8,1,10,38,34,56,48,90,44,94,138
107141,11,8,2,7,18,6,20,25,26,13,38,51
107141,11,8,5,3,20,28,36,23,64,31,56,87
107141,12,9,1,6,8,8,24,14,32,14,32,46
107141,12,9,2,3,2,2,7,5,9,5,9,14
107141,12,9,5,3,6,6,17,9,23,9,23,32
107141,13,10,1,0,0,1,1,0,2,1,1,2
107141,13,10,2,0,0,1,1,0,2,1,1,2
107327,1,412,1,237,325,273,523,562,796,510,848,1358
107327,1,112,2,237,325,273,523,562,796,510,848,1358
107327,2,999,1,188,260,212,343,448,555,400,603,1003
107327,2,999,2,188,260,212,343,448,555,400,603,1003
107327,3,1,1,4,12,169,230,16,399,173,242,415
107327,3,1,2,4,12,169,230,16,399,173,242,415
107327,4,2,1,132,149,25,49,281,74,157,198,355
107327,4,2,2,132,149,25,49,281,74,157,198,355
107327,5,3,1,38,70,9,28,108,37,47,98,145
107327,5,3,2,38,70,9,28,108,37,47,98,145
107327,6,4,1,14,29,9,36,43,45,23,65,88
107327,6,4,2,14,29,9,36,43,45,23,65,88
107327,7,999,1,49,65,61,180,114,241,110,245,355
107327,7,999,2,49,65,61,180,114,241,110,245,355
107327,8,5,1,16,29,10,35,45,45,26,64,90
107327,8,5,2,16,29,10,35,45,45,26,64,90
107327,9,6,1,13,14,3,27,27,30,16,41,57
107327,9,6,2,13,14,3,27,27,30,16,41,57
107327,10,7,1,5,11,7,24,16,31,12,35,47
107327,10,7,2,5,11,7,24,16,31,12,35,47
107327,11,8,1,9,7,11,24,16,35,20,31,51
107327,11,8,2,9,7,11,24,16,35,20,31,51
107327,12,9,1,6,4,10,31,10,41,16,35,51
107327,12,9,2,6,4,10,31,10,41,16,35,51
107327,13,10,1,0,0,20,39,0,59,20,39,59
107327,13,10,2,0,0,20,39,0,59,20,39,59
107460,1,412,1,324,452,304,524,776,828,628,976,1604
107460,1,112,2,324,452,304,524,776,828,628,976,1604
107460,2,999,1,269,338,236,349,607,585,505,687,1192
107460,2,999,2,269,338,236,349,607,585,505,687,1192
107460,3,1,1,10,13,148,196,23,344,158,209,367
107460,3,1,2,10,13,148,196,23,344,158,209,367
107460,4,2,1,178,210,53,48,388,101,231,258,489
107460,4,2,2,178,210,53,48,388,101,231,258,489
107460,5,3,1,65,78,25,49,143,74,90,127,217
107460,5,3,2,65,78,25,49,143,74,90,127,217
107460,6,4,1,16,37,10,56,53,66,26,93,119
107460,6,4,2,16,37,10,56,53,66,26,93,119
107460,7,999,1,55,114,68,175,169,243,123,289,412
107460,7,999,2,55,114,68,175,169,243,123,289,412
107460,8,5,1,16,41,20,47,57,67,36,88,124
107460,8,5,2,16,41,20,47,57,67,36,88,124
107460,9,6,1,17,30,12,54,47,66,29,84,113
107460,9,6,2,17,30,12,54,47,66,29,84,113
107460,10,7,1,6,19,13,33,25,46,19,52,71
107460,10,7,2,6,19,13,33,25,46,19,52,71
107460,11,8,1,8,17,18,29,25,47,26,46,72
107460,11,8,2,8,17,18,29,25,47,26,46,72
107460,12,9,1,6,7,4,8,13,12,10,15,25
107460,12,9,2,6,7,4,8,13,12,10,15,25
107460,13,10,1,2,0,1,4,2,5,3,4,7
107460,13,10,2,2,0,1,4,2,5,3,4,7
107512,1,412,1,608,933,88,75,1541,163,696,1008,1704
107512,1,112,2,606,896,87,75,1502,162,693,971,1664
107512,1,312,5,2,37,1,0,39,1,3,37,40
107512,2,999,1,600,909,82,71,1509,153,682,980,1662
107512,2,999,2,598,889,82,71,1487,153,680,960,1640
107512,2,999,5,2,20,0,0,22,0,2,20,22
107512,3,1,1,2,12,67,60,14,127,69,72,141
107512,3,1,2,2,12,67,60,14,127,69,72,141
107512,4,2,1,258,439,9,10,697,19,267,449,716
107512,4,2,2,258,439,9,10,697,19,267,449,716
107512,5,3,1,289,413,2,1,702,3,291,414,705
107512,5,3,2,289,412,2,1,701,3,291,413,704
107512,5,3,5,0,1,0,0,1,0,0,1,1
107512,6,4,1,51,45,4,0,96,4,55,45,100
107512,6,4,2,49,26,4,0,75,4,53,26,79
107512,6,4,5,2,19,0,0,21,0,2,19,21
107512,7,999,1,8,24,6,4,32,10,14,28,42
107512,7,999,2,8,7,5,4,15,9,13,11,24
107512,7,999,5,0,17,1,0,17,1,1,17,18
107512,8,5,1,4,11,1,1,15,2,5,12,17
107512,8,5,2,4,4,1,1,8,2,5,5,10
107512,8,5,5,0,7,0,0,7,0,0,7,7
107512,9,6,1,1,7,2,0,8,2,3,7,10
107512,9,6,2,1,2,1,0,3,1,2,2,4
107512,9,6,5,0,5,1,0,5,1,1,5,6
107512,11,8,1,2,2,2,1,4,3,4,3,7
107512,11,8,2,2,0,2,1,2,3,4,1,5
107512,11,8,5,0,2,0,0,2,0,0,2,2
107512,12,9,1,1,3,1,2,4,3,2,5,7
107512,12,9,2,1,0,1,2,1,3,2,2,4
107512,12,9,5,0,3,0,0,3,0,0,3,3
107512,13,10,1,0,1,0,0,1,0,0,1,1
107512,13,10,2,0,1,0,0,1,0,0,1,1
107521,1,412,1,73,219,410,541,292,951,483,760,1243
107521,1,112,2,73,219,410,541,292,951,483,760,1243
107521,2,999,1,47,75,388,463,122,851,435,538,973
107521,2,999,2,47,75,388,463,122,851,435,538,973
107521,3,1,1,5,8,342,392,13,734,347,400,747
107521,3,1,2,5,8,342,392,13,734,347,400,747
107521,4,2,1,21,32,31,32,53,63,52,64,116
107521,4,2,2,21,32,31,32,53,63,52,64,116
107521,5,3,1,12,21,9,15,33,24,21,36,57
107521,5,3,2,12,21,9,15,33,24,21,36,57
107521,6,4,1,9,14,6,24,23,30,15,38,53
107521,6,4,2,9,14,6,24,23,30,15,38,53
107521,7,999,1,26,144,22,78,170,100,48,222,270
107521,7,999,2,26,144,22,78,170,100,48,222,270
107521,8,5,1,2,45,6,30,47,36,8,75,83
107521,8,5,2,2,45,6,30,47,36,8,75,83
107521,9,6,1,11,47,7,19,58,26,18,66,84
107521,9,6,2,11,47,7,19,58,26,18,66,84
107521,10,7,1,6,21,2,13,27,15,8,34,42
107521,10,7,2,6,21,2,13,27,15,8,34,42
107521,11,8,1,5,21,7,11,26,18,12,32,44
107521,11,8,2,5,21,7,11,26,18,12,32,44
107521,12,9,1,2,10,0,5,12,5,2,15,17
107521,12,9,2,2,10,0,5,12,5,2,15,17
107558,1,412,1,417,409,1,9,826,10,418,418,836
107558,1,112,2,417,409,1,9,826,10,418,418,836
107558,2,999,1,407,405,0,7,812,7,407,412,819
107558,2,999,2,407,405,0,7,812,7,407,412,819
107558,3,1,1,3,11,0,1,14,1,3,12,15
107558,3,1,2,3,11,0,1,14,1,3,12,15
107558,4,2,1,141,191,0,1,332,1,141,192,333
107558,4,2,2,141,191,0,1,332,1,141,192,333
107558,5,3,1,209,169,0,3,378,3,209,172,381
107558,5,3,2,209,169,0,3,378,3,209,172,381
107558,6,4,1,54,34,0,2,88,2,54,36,90
107558,6,4,2,54,34,0,2,88,2,54,36,90
107558,7,999,1,10,4,1,2,14,3,11,6,17
107558,7,999,2,10,4,1,2,14,3,11,6,17
107558,8,5,1,9,3,0,1,12,1,9,4,13
107558,8,5,2,9,3,0,1,12,1,9,4,13
107558,9,6,1,1,1,0,0,2,0,1,1,2
107558,9,6,2,1,1,0,0,2,0,1,1,2
107558,10,7,1,0,0,0,1,0,1,0,1,1
107558,10,7,2,0,0,0,1,0,1,0,1,1
107558,11,8,1,0,0,1,0,0,1,1,0,1
107558,11,8,2,0,0,1,0,0,1,1,0,1
107585,1,412,1,399,661,262,514,1060,776,661,1175,1836
107585,1,112,2,399,661,262,514,1060,776,661,1175,1836
107585,2,999,1,314,509,188,293,823,481,502,802,1304
107585,2,999,2,314,509,188,293,823,481,502,802,1304
107585,3,1,1,11,28,56,86,39,142,67,114,181
107585,3,1,2,11,28,56,86,39,142,67,114,181
107585,4,2,1,211,311,40,58,522,98,251,369,620
107585,4,2,2,211,311,40,58,522,98,251,369,620
107585,5,3,1,64,106,49,68,170,117,113,174,287
107585,5,3,2,64,106,49,68,170,117,113,174,287
107585,6,4,1,28,64,43,81,92,124,71,145,216
107585,6,4,2,28,64,43,81,92,124,71,145,216
107585,7,999,1,85,152,74,221,237,295,159,373,532
107585,7,999,2,85,152,74,221,237,295,159,373,532
107585,8,5,1,37,63,26,92,100,118,63,155,218
107585,8,5,2,37,63,26,92,100,118,63,155,218
107585,9,6,1,28,45,15,60,73,75,43,105,148
107585,9,6,2,28,45,15,60,73,75,43,105,148
107585,10,7,1,12,19,11,30,31,41,23,49,72
107585,10,7,2,12,19,11,30,31,41,23,49,72
107585,11,8,1,6,20,17,31,26,48,23,51,74
107585,11,8,2,6,20,17,31,26,48,23,51,74
107585,12,9,1,2,5,4,8,7,12,6,13,19
107585,12,9,2,2,5,4,8,7,12,6,13,19
107585,13,10,1,0,0,1,0,0,1,1,0,1
107585,13,10,2,0,0,1,0,0,1,1,0,1
107600,1,412,1,234,465,43,57,699,100,277,522,799
107600,1,112,2,234,465,43,57,699,100,277,522,799
107600,2,999,1,204,419,39,42,623,81,243,461,704
107600,2,999,2,204,419,39,42,623,81,243,461,704
107600,3,1,1,10,13,0,2,23,2,10,15,25
107600,3,1,2,10,13,0,2,23,2,10,15,25
107600,4,2,1,76,160,15,14,236,29,91,174,265
107600,4,2,2,76,160,15,14,236,29,91,174,265
107600,5,3,1,78,184,17,13,262,30,95,197,292
107600,5,3,2,78,184,17,13,262,30,95,197,292
107600,6,4,1,40,62,7,13,102,20,47,75,122
107600,6,4,2,40,62,7,13,102,20,47,75,122
107600,7,999,1,30,46,4,15,76,19,34,61,95
107600,7,999,2,30,46,4,15,76,19,34,61,95
107600,8,5,1,12,19,3,4,31,7,15,23,38
107600,8,5,2,12,19,3,4,31,7,15,23,38
107600,9,6,1,8,10,0,2,18,2,8,12,20
107600,9,6,2,8,10,0,2,18,2,8,12,20
107600,10,7,1,2,3,1,5,5,6,3,8,11
107600,10,7,2,2,3,1,5,5,6,3,8,11
107600,11,8,1,4,12,0,2,16,2,4,14,18
107600,11,8,2,4,12,0,2,16,2,4,14,18
107600,12,9,1,4,2,0,1,6,1,4,3,7
107600,12,9,2,4,2,0,1,6,1,4,3,7
107600,13,10,1,0,0,0,1,0,1,0,1,1
107600,13,10,2,0,0,0,1,0,1,0,1,1
107619,1,412,1,159,300,235,399,459,634,394,699,1093
107619,1,112,2,159,300,235,399,459,634,394,699,1093
107619,2,999,1,136,207,224,315,343,539,360,522,882
107619,2,999,2,136,207,224,315,343,539,360,522,882
107619,3,1,1,50,70,192,251,120,443,242,321,563
107619,3,1,2,50,70,192,251,120,443,242,321,563
107619,4,2,1,64,81,21,33,145,54,85,114,199
107619,4,2,2,64,81,21,33,145,54,85,114,199
107619,5,3,1,10,23,6,16,33,22,16,39,55
107619,5,3,2,10,23,6,16,33,22,16,39,55
107619,6,4,1,12,33,5,15,45,20,17,48,65
107619,6,4,2,12,33,5,15,45,20,17,48,65
107619,7,999,1,23,93,11,84,116,95,34,177,211
107619,7,999,2,23,93,11,84,116,95,34,177,211
107619,8,5,1,6,40,5,26,46,31,11,66,77
107619,8,5,2,6,40,5,26,46,31,11,66,77
107619,9,6,1,4,18,3,19,22,22,7,37,44
107619,9,6,2,4,18,3,19,22,22,7,37,44
107619,10,7,1,2,14,1,9,16,10,3,23,26
107619,10,7,2,2,14,1,9,16,10,3,23,26
107619,11,8,1,8,18,1,20,26,21,9,38,47
107619,11,8,2,8,18,1,20,26,21,9,38,47
107619,12,9,1,2,3,1,8,5,9,3,11,14
107619,12,9,2,2,3,1,8,5,9,3,11,14
107619,13,10,1,1,0,0,2,1,2,1,2,3
107619,13,10,2,1,0,0,2,1,2,1,2,3
107664,1,412,1,896,1516,745,1653,2412,2398,1641,3169,4810
107664,1,112,2,896,1516,745,1653,2412,2398,1641,3169,4810
107664,2,999,1,604,953,449,730,1557,1179,1053,1683,2736
107664,2,999,2,604,953,449,730,1557,1179,1053,1683,2736
107664,3,1,1,6,19,104,178,25,282,110,197,307
107664,3,1,2,6,19,104,178,25,282,110,197,307
107664,4,2,1,376,565,125,133,941,258,501,698,1199
107664,4,2,2,376,565,125,133,941,258,501,698,1199
107664,5,3,1,169,229,99,180,398,279,268,409,677
107664,5,3,2,169,229,99,180,398,279,268,409,677
107664,6,4,1,53,140,121,239,193,360,174,379,553
107664,6,4,2,53,140,121,239,193,360,174,379,553
107664,7,999,1,266,503,296,923,769,1219,562,1426,1988
107664,7,999,2,266,503,296,923,769,1219,562,1426,1988
107664,8,5,1,99,213,103,305,312,408,202,518,720
107664,8,5,2,99,213,103,305,312,408,202,518,720
107664,9,6,1,60,127,69,217,187,286,129,344,473
107664,9,6,2,60,127,69,217,187,286,129,344,473
107664,10,7,1,43,70,53,129,113,182,96,199,295
107664,10,7,2,43,70,53,129,113,182,96,199,295
107664,11,8,1,41,66,43,159,107,202,84,225,309
107664,11,8,2,41,66,43,159,107,202,84,225,309
107664,12,9,1,22,22,22,100,44,122,44,122,166
107664,12,9,2,22,22,22,100,44,122,44,122,166
107664,13,10,1,1,5,6,13,6,19,7,18,25
107664,13,10,2,1,5,6,13,6,19,7,18,25
107664,14,11,1,26,60,0,0,86,0,26,60,86
107664,14,11,2,26,60,0,0,86,0,26,60,86
107789,1,412,1,1,100,0,0,101,0,1,100,101
107789,1,112,2,1,100,0,0,101,0,1,100,101
107789,2,999,1,0,81,0,0,81,0,0,81,81
107789,2,999,2,0,81,0,0,81,0,0,81,81
107789,4,2,1,0,37,0,0,37,0,0,37,37
107789,4,2,2,0,37,0,0,37,0,0,37,37
107789,5,3,1,0,28,0,0,28,0,0,28,28
107789,5,3,2,0,28,0,0,28,0,0,28,28
107789,6,4,1,0,16,0,0,16,0,0,16,16
107789,6,4,2,0,16,0,0,16,0,0,16,16
107789,7,999,1,1,19,0,0,20,0,1,19,20
107789,7,999,2,1,19,0,0,20,0,1,19,20
107789,8,5,1,1,8,0,0,9,0,1,8,9
107789,8,5,2,1,8,0,0,9,0,1,8,9
107789,9,6,1,0,4,0,0,4,0,0,4,4
107789,9,6,2,0,4,0,0,4,0,0,4,4
107789,10,7,1,0,5,0,0,5,0,0,5,5
107789,10,7,2,0,5,0,0,5,0,0,5,5
107789,11,8,1,0,2,0,0,2,0,0,2,2
107789,11,8,2,0,2,0,0,2,0,0,2,2
107974,1,412,1,145,385,239,484,530,723,384,869,1253
107974,1,112,2,145,385,239,484,530,723,384,869,1253
107974,2,999,1,114,225,182,284,339,466,296,509,805
107974,2,999,2,114,225,182,284,339,466,296,509,805
107974,3,1,1,7,10,118,120,17,238,125,130,255
107974,3,1,2,7,10,118,120,17,238,125,130,255
107974,4,2,1,74,109,31,45,183,76,105,154,259
107974,4,2,2,74,109,31,45,183,76,105,154,259
107974,5,3,1,22,58,17,54,80,71,39,112,151
107974,5,3,2,22,58,17,54,80,71,39,112,151
107974,6,4,1,11,48,16,65,59,81,27,113,140
107974,6,4,2,11,48,16,65,59,81,27,113,140
107974,7,999,1,31,160,57,200,191,257,88,360,448
107974,7,999,2,31,160,57,200,191,257,88,360,448
107974,8,5,1,9,59,31,64,68,95,40,123,163
107974,8,5,2,9,59,31,64,68,95,40,123,163
107974,9,6,1,6,33,7,59,39,66,13,92,105
107974,9,6,2,6,33,7,59,39,66,13,92,105
107974,10,7,1,4,29,4,30,33,34,8,59,67
107974,10,7,2,4,29,4,30,33,34,8,59,67
107974,11,8,1,9,33,10,37,42,47,19,70,89
107974,11,8,2,9,33,10,37,42,47,19,70,89
107974,12,9,1,3,6,5,8,9,13,8,14,22
107974,12,9,2,3,6,5,8,9,13,8,14,22
107974,13,10,1,0,0,0,2,0,2,0,2,2
107974,13,10,2,0,0,0,2,0,2,0,2,2
107983,1,412,1,1387,1720,456,869,3107,1325,1843,2589,4432
107983,1,112,2,1325,1625,196,301,2950,497,1521,1926,3447
107983,1,312,5,62,95,260,568,157,828,322,663,985
107983,2,999,1,1292,1545,230,351,2837,581,1522,1896,3418
107983,2,999,2,1269,1508,168,226,2777,394,1437,1734,3171
107983,2,999,5,23,37,62,125,60,187,85,162,247
107983,3,1,1,20,29,104,176,49,280,124,205,329
107983,3,1,2,20,29,104,176,49,280,124,205,329
107983,4,2,1,628,742,12,9,1370,21,640,751,1391
107983,4,2,2,628,742,12,9,1370,21,640,751,1391
107983,5,3,1,479,589,17,21,1068,38,496,610,1106
107983,5,3,2,478,586,16,14,1064,30,494,600,1094
107983,5,3,5,1,3,1,7,4,8,2,10,12
107983,6,4,1,165,185,97,145,350,242,262,330,592
107983,6,4,2,143,151,36,27,294,63,179,178,357
107983,6,4,5,22,34,61,118,56,179,83,152,235
107983,7,999,1,95,175,226,518,270,744,321,693,1014
107983,7,999,2,56,117,28,75,173,103,84,192,276
107983,7,999,5,39,58,198,443,97,641,237,501,738
107983,8,5,1,48,77,82,170,125,252,130,247,377
107983,8,5,2,29,49,7,18,78,25,36,67,103
107983,8,5,5,19,28,75,152,47,227,94,180,274
107983,9,6,1,24,44,53,100,68,153,77,144,221
107983,9,6,2,12,24,8,5,36,13,20,29,49
107983,9,6,5,12,20,45,95,32,140,57,115,172
107983,10,7,1,16,28,38,80,44,118,54,108,162
107983,10,7,2,11,24,7,4,35,11,18,28,46
107983,10,7,5,5,4,31,76,9,107,36,80,116
107983,11,8,1,4,18,33,102,22,135,37,120,157
107983,11,8,2,3,14,3,23,17,26,6,37,43
107983,11,8,5,1,4,30,79,5,109,31,83,114
107983,12,9,1,3,8,18,50,11,68,21,58,79
107983,12,9,2,1,6,3,11,7,14,4,17,21
107983,12,9,5,2,2,15,39,4,54,17,41,58
107983,13,10,1,0,0,2,16,0,18,2,16,18
107983,13,10,2,0,0,0,14,0,14,0,14,14
107983,13,10,5,0,0,2,2,0,4,2,2,4
107992,1,412,1,216,249,116,188,465,304,332,437,769
107992,1,112,2,216,249,116,188,465,304,332,437,769
107992,2,999,1,196,181,54,99,377,153,250,280,530
107992,2,999,2,196,181,54,99,377,153,250,280,530
107992,3,1,1,5,6,15,25,11,40,20,31,51
107992,3,1,2,5,6,15,25,11,40,20,31,51
107992,4,2,1,127,117,14,31,244,45,141,148,289
107992,4,2,2,127,117,14,31,244,45,141,148,289
107992,5,3,1,39,33,14,24,72,38,53,57,110
107992,5,3,2,39,33,14,24,72,38,53,57,110
107992,6,4,1,25,25,11,19,50,30,36,44,80
107992,6,4,2,25,25,11,19,50,30,36,44,80
107992,7,999,1,20,68,62,89,88,151,82,157,239
107992,7,999,2,20,68,62,89,88,151,82,157,239
107992,8,5,1,9,29,12,30,38,42,21,59,80
107992,8,5,2,9,29,12,30,38,42,21,59,80
107992,9,6,1,5,14,19,14,19,33,24,28,52
107992,9,6,2,5,14,19,14,19,33,24,28,52
107992,10,7,1,3,10,14,14,13,28,17,24,41
107992,10,7,2,3,10,14,14,13,28,17,24,41
107992,11,8,1,2,10,11,24,12,35,13,34,47
107992,11,8,2,2,10,11,24,12,35,13,34,47
107992,12,9,1,1,5,6,7,6,13,7,12,19
107992,12,9,2,1,5,6,7,6,13,7,12,19
108092,1,412,1,1462,2360,965,1100,3822,2065,2427,3460,5887
108092,1,112,2,1460,2351,953,1066,3811,2019,2413,3417,5830
108092,1,312,5,2,9,12,34,11,46,14,43,57
108092,2,999,1,1247,1941,764,823,3188,1587,2011,2764,4775
108092,2,999,2,1246,1937,764,820,3183,1584,2010,2757,4767
108092,2,999,5,1,4,0,3,5,3,1,7,8
108092,3,1,1,70,90,501,515,160,1016,571,605,1176
108092,3,1,2,70,90,501,515,160,1016,571,605,1176
108092,4,2,1,516,813,75,81,1329,156,591,894,1485
108092,4,2,2,516,813,75,81,1329,156,591,894,1485
108092,5,3,1,451,712,91,99,1163,190,542,811,1353
108092,5,3,2,451,711,91,99,1162,190,542,810,1352
108092,5,3,5,0,1,0,0,1,0,0,1,1
108092,6,4,1,210,326,97,128,536,225,307,454,761
108092,6,4,2,209,323,97,125,532,222,306,448,754
108092,6,4,5,1,3,0,3,4,3,1,6,7
108092,7,999,1,215,419,201,277,634,478,416,696,1112
108092,7,999,2,214,414,189,246,628,435,403,660,1063
108092,7,999,5,1,5,12,31,6,43,13,36,49
108092,8,5,1,101,180,72,82,281,154,173,262,435
108092,8,5,2,100,177,67,73,277,140,167,250,417
108092,8,5,5,1,3,5,9,4,14,6,12,18
108092,9,6,1,52,108,45,58,160,103,97,166,263
108092,9,6,2,52,107,43,50,159,93,95,157,252
108092,9,6,5,0,1,2,8,1,10,2,9,11
108092,10,7,1,28,58,37,47,86,84,65,105,170
108092,10,7,2,28,57,34,41,85,75,62,98,160
108092,10,7,5,0,1,3,6,1,9,3,7,10
108092,11,8,1,25,55,37,56,80,93,62,111,173
108092,11,8,2,25,55,36,49,80,85,61,104,165
108092,11,8,5,0,0,1,7,0,8,1,7,8
108092,12,9,1,8,16,9,26,24,35,17,42,59
108092,12,9,2,8,16,8,25,24,33,16,41,57
108092,12,9,5,0,0,1,1,0,2,1,1,2
108092,13,10,1,1,2,1,8,3,9,2,10,12
108092,13,10,2,1,2,1,8,3,9,2,10,12
108232,1,412,1,1831,2429,1721,2947,4260,4668,3552,5376,8928
108232,1,112,2,1342,1540,1265,1977,2882,3242,2607,3517,6124
108232,1,312,5,489,889,456,970,1378,1426,945,1859,2804
108232,2,999,1,857,1411,614,1078,2268,1692,1471,2489,3960
108232,2,999,2,745,1166,574,978,1911,1552,1319,2144,3463
108232,2,999,5,112,245,40,100,357,140,152,345,497
108232,3,1,1,2,15,9,12,17,21,11,27,38
108232,3,1,2,2,15,8,12,17,20,10,27,37
108232,3,1,5,0,0,1,0,0,1,1,0,1
108232,4,2,1,142,281,155,243,423,398,297,524,821
108232,4,2,2,142,281,155,243,423,398,297,524,821
108232,5,3,1,249,440,151,300,689,451,400,740,1140
108232,5,3,2,247,433,150,297,680,447,397,730,1127
108232,5,3,5,2,7,1,3,9,4,3,10,13
108232,6,4,1,464,675,299,523,1139,822,763,1198,1961
108232,6,4,2,354,437,261,426,791,687,615,863,1478
108232,6,4,5,110,238,38,97,348,135,148,335,483
108232,7,999,1,963,996,1086,1842,1959,2928,2049,2838,4887
108232,7,999,2,592,367,677,982,959,1659,1269,1349,2618
108232,7,999,5,371,629,409,860,1000,1269,780,1489,2269
108232,8,5,1,514,619,441,798,1133,1239,955,1417,2372
108232,8,5,2,312,218,296,488,530,784,608,706,1314
108232,8,5,5,202,401,145,310,603,455,347,711,1058
108232,9,6,1,223,192,270,402,415,672,493,594,1087
108232,9,6,2,147,71,176,212,218,388,323,283,606
108232,9,6,5,76,121,94,190,197,284,170,311,481
108232,10,7,1,111,82,141,233,193,374,252,315,567
108232,10,7,2,74,36,97,113,110,210,171,149,320
108232,10,7,5,37,46,44,120,83,164,81,166,247
108232,11,8,1,83,75,157,245,158,402,240,320,560
108232,11,8,2,51,33,76,102,84,178,127,135,262
108232,11,8,5,32,42,81,143,74,224,113,185,298
108232,12,9,1,30,25,69,149,55,218,99,174,273
108232,12,9,2,7,9,29,62,16,91,36,71,107
108232,12,9,5,23,16,40,87,39,127,63,103,166
108232,13,10,1,2,3,8,15,5,23,10,18,28
108232,13,10,2,1,0,3,5,1,8,4,5,9
108232,13,10,5,1,3,5,10,4,15,6,13,19
108232,14,11,1,11,22,21,27,33,48,32,49,81
108232,14,11,2,5,7,14,17,12,31,19,24,43
108232,14,11,5,6,15,7,10,21,17,13,25,38
108667,1,412,1,295,343,1747,2722,638,4469,2042,3065,5107
108667,1,112,2,295,343,1747,2722,638,4469,2042,3065,5107
108667,2,999,1,202,215,1196,1476,417,2672,1398,1691,3089
108667,2,999,2,202,215,1196,1476,417,2672,1398,1691,3089
108667,3,1,1,14,22,241,376,36,617,255,398,653
108667,3,1,2,14,22,241,376,36,617,255,398,653
108667,4,2,1,105,97,375,325,202,700,480,422,902
108667,4,2,2,105,97,375,325,202,700,480,422,902
108667,5,3,1,41,47,331,386,88,717,372,433,805
108667,5,3,2,41,47,331,386,88,717,372,433,805
108667,6,4,1,42,49,249,389,91,638,291,438,729
108667,6,4,2,42,49,249,389,91,638,291,438,729
108667,7,999,1,93,128,551,1246,221,1797,644,1374,2018
108667,7,999,2,93,128,551,1246,221,1797,644,1374,2018
108667,8,5,1,33,50,235,397,83,632,268,447,715
108667,8,5,2,33,50,235,397,83,632,268,447,715
108667,9,6,1,22,23,111,314,45,425,133,337,470
108667,9,6,2,22,23,111,314,45,425,133,337,470
108667,10,7,1,21,21,82,185,42,267,103,206,309
108667,10,7,2,21,21,82,185,42,267,103,206,309
108667,11,8,1,13,17,64,184,30,248,77,201,278
108667,11,8,2,13,17,64,184,30,248,77,201,278
108667,12,9,1,4,13,43,139,17,182,47,152,199
108667,12,9,2,4,13,43,139,17,182,47,152,199
108667,13,10,1,0,4,16,27,4,43,16,31,47
108667,13,10,2,0,4,16,27,4,43,16,31,47
108807,1,412,1,1247,1691,3120,4190,2938,7310,4367,5881,10248
108807,1,112,2,1247,1691,3120,4190,2938,7310,4367,5881,10248
108807,2,999,1,1071,1418,2083,2716,2489,4799,3154,4134,7288
108807,2,999,2,1071,1418,2083,2716,2489,4799,3154,4134,7288
108807,3,1,1,50,71,691,1044,121,1735,741,1115,1856
108807,3,1,2,50,71,691,1044,121,1735,741,1115,1856
108807,4,2,1,677,927,523,490,1604,1013,1200,1417,2617
108807,4,2,2,677,927,523,490,1604,1013,1200,1417,2617
108807,5,3,1,231,292,457,600,523,1057,688,892,1580
108807,5,3,2,231,292,457,600,523,1057,688,892,1580
108807,6,4,1,113,128,412,582,241,994,525,710,1235
108807,6,4,2,113,128,412,582,241,994,525,710,1235
108807,7,999,1,176,273,1037,1474,449,2511,1213,1747,2960
108807,7,999,2,176,273,1037,1474,449,2511,1213,1747,2960
108807,8,5,1,80,128,367,548,208,915,447,676,1123
108807,8,5,2,80,128,367,548,208,915,447,676,1123
108807,9,6,1,44,76,215,347,120,562,259,423,682
108807,9,6,2,44,76,215,347,120,562,259,423,682
108807,10,7,1,20,31,161,206,51,367,181,237,418
108807,10,7,2,20,31,161,206,51,367,181,237,418
108807,11,8,1,20,26,193,222,46,415,213,248,461
108807,11,8,2,20,26,193,222,46,415,213,248,461
108807,12,9,1,10,12,86,136,22,222,96,148,244
108807,12,9,2,10,12,86,136,22,222,96,148,244
108807,13,10,1,2,0,15,15,2,30,17,15,32
108807,13,10,2,2,0,15,15,2,30,17,15,32
108852,1,412,1,40,66,0,0,106,0,40,66,106
108852,1,112,2,40,66,0,0,106,0,40,66,106
108852,2,999,1,32,51,0,0,83,0,32,51,83
108852,2,999,2,32,51,0,0,83,0,32,51,83
108852,4,2,1,14,20,0,0,34,0,14,20,34
108852,4,2,2,14,20,0,0,34,0,14,20,34
108852,5,3,1,11,17,0,0,28,0,11,17,28
108852,5,3,2,11,17,0,0,28,0,11,17,28
108852,6,4,1,7,14,0,0,21,0,7,14,21
108852,6,4,2,7,14,0,0,21,0,7,14,21
108852,7,999,1,8,15,0,0,23,0,8,15,23
108852,7,999,2,8,15,0,0,23,0,8,15,23
108852,8,5,1,2,11,0,0,13,0,2,11,13
108852,8,5,2,2,11,0,0,13,0,2,11,13
108852,9,6,1,2,2,0,0,4,0,2,2,4
108852,9,6,2,2,2,0,0,4,0,2,2,4
108852,10,7,1,2,2,0,0,4,0,2,2,4
108852,10,7,2,2,2,0,0,4,0,2,2,4
108852,11,8,1,2,0,0,0,2,0,2,0,2
108852,11,8,2,2,0,0,0,2,0,2,0,2
108870,1,412,1,173,164,0,0,337,0,173,164,337
108870,1,312,5,173,164,0,0,337,0,173,164,337
108870,2,999,1,33,50,0,0,83,0,33,50,83
108870,2,999,5,33,50,0,0,83,0,33,50,83
108870,5,3,1,1,1,0,0,2,0,1,1,2
108870,5,3,5,1,1,0,0,2,0,1,1,2
108870,6,4,1,32,49,0,0,81,0,32,49,81
108870,6,4,5,32,49,0,0,81,0,32,49,81
108870,7,999,1,140,114,0,0,254,0,140,114,254
108870,7,999,5,140,114,0,0,254,0,140,114,254
108870,8,5,1,81,73,0,0,154,0,81,73,154
108870,8,5,5,81,73,0,0,154,0,81,73,154
108870,9,6,1,40,30,0,0,70,0,40,30,70
108870,9,6,5,40,30,0,0,70,0,40,30,70
108870,10,7,1,14,7,0,0,21,0,14,7,21
108870,10,7,5,14,7,0,0,21,0,14,7,21
108870,11,8,1,5,4,0,0,9,0,5,4,9
108870,11,8,5,5,4,0,0,9,0,5,4,9
109208,1,412,1,2125,2864,8703,11730,4989,20433,10828,14594,25422
109208,1,112,2,2125,2864,8703,11730,4989,20433,10828,14594,25422
109208,2,999,1,1517,1861,4624,5596,3378,10220,6141,7457,13598
109208,2,999,2,1517,1861,4624,5596,3378,10220,6141,7457,13598
109208,3,1,1,49,69,566,772,118,1338,615,841,1456
109208,3,1,2,49,69,566,772,118,1338,615,841,1456
109208,4,2,1,872,985,1411,1498,1857,2909,2283,2483,4766
109208,4,2,2,872,985,1411,1498,1857,2909,2283,2483,4766
109208,5,3,1,352,475,1384,1577,827,2961,1736,2052,3788
109208,5,3,2,352,475,1384,1577,827,2961,1736,2052,3788
109208,6,4,1,244,332,1263,1749,576,3012,1507,2081,3588
109208,6,4,2,244,332,1263,1749,576,3012,1507,2081,3588
109208,7,999,1,608,1003,4078,6134,1611,10212,4686,7137,11823
109208,7,999,2,608,1003,4078,6134,1611,10212,4686,7137,11823
109208,8,5,1,227,349,1424,1989,576,3413,1651,2338,3989
109208,8,5,2,227,349,1424,1989,576,3413,1651,2338,3989
109208,9,6,1,177,227,1020,1413,404,2433,1197,1640,2837
109208,9,6,2,177,227,1020,1413,404,2433,1197,1640,2837
109208,10,7,1,86,144,624,922,230,1546,710,1066,1776
109208,10,7,2,86,144,624,922,230,1546,710,1066,1776
109208,11,8,1,81,192,645,1077,273,1722,726,1269,1995
109208,11,8,2,81,192,645,1077,273,1722,726,1269,1995
109208,12,9,1,32,83,308,643,115,951,340,726,1066
109208,12,9,2,32,83,308,643,115,951,340,726,1066
109208,13,10,1,5,8,57,90,13,147,62,98,160
109208,13,10,2,5,8,57,90,13,147,62,98,160
109208,14,11,1,0,0,1,0,0,1,1,0,1
109208,14,11,2,0,0,1,0,0,1,1,0,1
109350,1,412,1,1571,2211,3206,5069,3782,8275,4777,7280,12057
109350,1,112,2,1571,2211,3206,5069,3782,8275,4777,7280,12057
109350,2,999,1,1322,1716,2133,2936,3038,5069,3455,4652,8107
109350,2,999,2,1322,1716,2133,2936,3038,5069,3455,4652,8107
109350,3,1,1,70,90,280,514,160,794,350,604,954
109350,3,1,2,70,90,280,514,160,794,350,604,954
109350,4,2,1,759,964,696,802,1723,1498,1455,1766,3221
109350,4,2,2,759,964,696,802,1723,1498,1455,1766,3221
109350,5,3,1,321,427,652,853,748,1505,973,1280,2253
109350,5,3,2,321,427,652,853,748,1505,973,1280,2253
109350,6,4,1,172,235,505,767,407,1272,677,1002,1679
109350,6,4,2,172,235,505,767,407,1272,677,1002,1679
109350,7,999,1,249,495,1072,2133,744,3205,1321,2628,3949
109350,7,999,2,249,495,1072,2133,744,3205,1321,2628,3949
109350,8,5,1,115,195,407,786,310,1193,522,981,1503
109350,8,5,2,115,195,407,786,310,1193,522,981,1503
109350,9,6,1,56,103,251,484,159,735,307,587,894
109350,9,6,2,56,103,251,484,159,735,307,587,894
109350,10,7,1,34,59,133,304,93,437,167,363,530
109350,10,7,2,34,59,133,304,93,437,167,363,530
109350,11,8,1,29,100,167,355,129,522,196,455,651
109350,11,8,2,29,100,167,355,129,522,196,455,651
109350,12,9,1,14,36,100,192,50,292,114,228,342
109350,12,9,2,14,36,100,192,50,292,114,228,342
109350,13,10,1,1,2,14,12,3,26,15,14,29
109350,13,10,2,1,2,14,12,3,26,15,14,29
109350,14,11,1,0,0,1,0,0,1,1,0,1
109350,14,11,2,0,0,1,0,0,1,1,0,1
109819,1,412,1,3011,4377,7037,10478,7388,17515,10048,14855,24903
109819,1,112,2,3011,4377,7037,10478,7388,17515,10048,14855,24903
109819,2,999,1,2347,3450,4652,6996,5797,11648,6999,10446,17445
109819,2,999,2,2347,3450,4652,6996,5797,11648,6999,10446,17445
109819,3,1,1,90,159,1903,3349,249,5252,1993,3508,5501
109819,3,1,2,90,159,1903,3349,249,5252,1993,3508,5501
109819,4,2,1,1446,2015,1054,1222,3461,2276,2500,3237,5737
109819,4,2,2,1446,2015,1054,1222,3461,2276,2500,3237,5737
109819,5,3,1,528,794,877,1221,1322,2098,1405,2015,3420
109819,5,3,2,528,794,877,1221,1322,2098,1405,2015,3420
109819,6,4,1,283,482,818,1204,765,2022,1101,1686,2787
109819,6,4,2,283,482,818,1204,765,2022,1101,1686,2787
109819,7,999,1,664,927,2383,3481,1591,5864,3047,4408,7455
109819,7,999,2,664,927,2383,3481,1591,5864,3047,4408,7455
109819,8,5,1,253,446,894,1391,699,2285,1147,1837,2984
109819,8,5,2,253,446,894,1391,699,2285,1147,1837,2984
109819,9,6,1,173,235,555,864,408,1419,728,1099,1827
109819,9,6,2,173,235,555,864,408,1419,728,1099,1827
109819,10,7,1,88,111,358,520,199,878,446,631,1077
109819,10,7,2,88,111,358,520,199,878,446,631,1077
109819,11,8,1,114,97,384,498,211,882,498,595,1093
109819,11,8,2,114,97,384,498,211,882,498,595,1093
109819,12,9,1,34,37,182,195,71,377,216,232,448
109819,12,9,2,34,37,182,195,71,377,216,232,448
109819,13,10,1,2,1,10,13,3,23,12,14,26
109819,13,10,2,2,1,10,13,3,23,12,14,26
109819,14,11,1,0,0,2,1,0,3,2,1,3
109819,14,11,2,0,0,2,1,0,3,2,1,3
109907,1,412,1,280,777,453,934,1057,1387,733,1711,2444
109907,1,112,2,280,777,453,934,1057,1387,733,1711,2444
109907,2,999,1,178,404,248,358,582,606,426,762,1188
109907,2,999,2,178,404,248,358,582,606,426,762,1188
109907,3,1,1,6,18,45,73,24,118,51,91,142
109907,3,1,2,6,18,45,73,24,118,51,91,142
109907,4,2,1,87,184,53,72,271,125,140,256,396
109907,4,2,2,87,184,53,72,271,125,140,256,396
109907,5,3,1,48,107,81,90,155,171,129,197,326
109907,5,3,2,48,107,81,90,155,171,129,197,326
109907,6,4,1,37,95,69,123,132,192,106,218,324
109907,6,4,2,37,95,69,123,132,192,106,218,324
109907,7,999,1,102,373,205,576,475,781,307,949,1256
109907,7,999,2,102,373,205,576,475,781,307,949,1256
109907,8,5,1,38,123,73,193,161,266,111,316,427
109907,8,5,2,38,123,73,193,161,266,111,316,427
109907,9,6,1,20,97,42,134,117,176,62,231,293
109907,9,6,2,20,97,42,134,117,176,62,231,293
109907,10,7,1,21,62,39,91,83,130,60,153,213
109907,10,7,2,21,62,39,91,83,130,60,153,213
109907,11,8,1,14,63,29,108,77,137,43,171,214
109907,11,8,2,14,63,29,108,77,137,43,171,214
109907,12,9,1,6,27,19,46,33,65,25,73,98
109907,12,9,2,6,27,19,46,33,65,25,73,98
109907,13,10,1,3,1,3,4,4,7,6,5,11
109907,13,10,2,3,1,3,4,4,7,6,5,11
109934,1,412,1,63,271,0,0,334,0,63,271,334
109934,1,112,2,63,271,0,0,334,0,63,271,334
109934,2,999,1,16,127,0,0,143,0,16,127,143
109934,2,999,2,16,127,0,0,143,0,16,127,143
109934,3,1,1,0,2,0,0,2,0,0,2,2
109934,3,1,2,0,2,0,0,2,0,0,2,2
109934,4,2,1,2,22,0,0,24,0,2,22,24
109934,4,2,2,2,22,0,0,24,0,2,22,24
109934,5,3,1,3,35,0,0,38,0,3,35,38
109934,5,3,2,3,35,0,0,38,0,3,35,38
109934,6,4,1,11,68,0,0,79,0,11,68,79
109934,6,4,2,11,68,0,0,79,0,11,68,79
109934,7,999,1,47,144,0,0,191,0,47,144,191
109934,7,999,2,47,144,0,0,191,0,47,144,191
109934,8,5,1,26,63,0,0,89,0,26,63,89
109934,8,5,2,26,63,0,0,89,0,26,63,89
109934,9,6,1,15,47,0,0,62,0,15,47,62
109934,9,6,2,15,47,0,0,62,0,15,47,62
109934,10,7,1,2,12,0,0,14,0,2,12,14
109934,10,7,2,2,12,0,0,14,0,2,12,14
109934,11,8,1,3,17,0,0,20,0,3,17,20
109934,11,8,2,3,17,0,0,20,0,3,17,20
109934,12,9,1,1,5,0,0,6,0,1,5,6
109934,12,9,2,1,5,0,0,6,0,1,5,6
110097,1,412,1,1686,2539,833,757,4225,1590,2519,3296,5815
110097,1,112,2,1236,2155,116,176,3391,292,1352,2331,3683
110097,1,312,5,450,384,717,581,834,1298,1167,965,2132
110097,2,999,1,1248,2201,95,164,3449,259,1343,2365,3708
110097,2,999,2,1162,2073,50,92,3235,142,1212,2165,3377
110097,2,999,5,86,128,45,72,214,117,131,200,331
110097,3,1,1,22,52,1,1,74,2,23,53,76
110097,3,1,2,22,52,1,1,74,2,23,53,76
110097,4,2,1,484,873,9,24,1357,33,493,897,1390
110097,4,2,2,484,873,9,24,1357,33,493,897,1390
110097,5,3,1,495,901,17,36,1396,53,512,937,1449
110097,5,3,2,491,889,16,33,1380,49,507,922,1429
110097,5,3,5,4,12,1,3,16,4,5,15,20
110097,6,4,1,247,375,68,103,622,171,315,478,793
110097,6,4,2,165,259,24,34,424,58,189,293,482
110097,6,4,5,82,116,44,69,198,113,126,185,311
110097,7,999,1,438,338,737,592,776,1329,1175,930,2105
110097,7,999,2,74,82,66,83,156,149,140,165,305
110097,7,999,5,364,256,671,509,620,1180,1035,765,1800
110097,8,5,1,155,197,182,170,352,352,337,367,704
110097,8,5,2,50,57,29,24,107,53,79,81,160
110097,8,5,5,105,140,153,146,245,299,258,286,544
110097,9,6,1,66,50,132,98,116,230,198,148,346
110097,9,6,2,9,11,12,18,20,30,21,29,50
110097,9,6,5,57,39,120,80,96,200,177,119,296
110097,10,7,1,65,30,106,84,95,190,171,114,285
110097,10,7,2,8,9,7,12,17,19,15,21,36
110097,10,7,5,57,21,99,72,78,171,156,93,249
110097,11,8,1,98,35,152,115,133,267,250,150,400
110097,11,8,2,6,2,10,19,8,29,16,21,37
110097,11,8,5,92,33,142,96,125,238,234,129,363
110097,12,9,1,51,22,152,118,73,270,203,140,343
110097,12,9,2,1,3,7,9,4,16,8,12,20
110097,12,9,5,50,19,145,109,69,254,195,128,323
110097,13,10,1,3,4,13,7,7,20,16,11,27
110097,13,10,2,0,0,1,1,0,2,1,1,2
110097,13,10,5,3,4,12,6,7,18,15,10,25
110097,14,11,1,0,0,1,1,0,2,1,1,2
110097,14,11,2,0,0,0,1,0,1,0,1,1
110097,14,11,5,0,0,1,0,0,1,1,0,1
110316,1,412,1,252,875,103,300,1127,403,355,1175,1530
110316,1,112,2,21,69,2,6,90,8,23,75,98
110316,1,312,5,231,806,101,294,1037,395,332,1100,1432
110316,2,999,1,8,40,0,6,48,6,8,46,54
110316,2,999,2,3,9,0,1,12,1,3,10,13
110316,2,999,5,5,31,0,5,36,5,5,36,41
110316,5,3,1,1,3,0,1,4,1,1,4,5
110316,5,3,2,1,3,0,0,4,0,1,3,4
110316,5,3,5,0,0,0,1,0,1,0,1,1
110316,6,4,1,7,37,0,5,44,5,7,42,49
110316,6,4,2,2,6,0,1,8,1,2,7,9
110316,6,4,5,5,31,0,4,36,4,5,35,40
110316,7,999,1,244,831,103,293,1075,396,347,1124,1471
110316,7,999,2,18,60,2,5,78,7,20,65,85
110316,7,999,5,226,771,101,288,997,389,327,1059,1386
110316,8,5,1,32,163,19,41,195,60,51,204,255
110316,8,5,2,7,6,1,1,13,2,8,7,15
110316,8,5,5,25,157,18,40,182,58,43,197,240
110316,9,6,1,41,194,27,55,235,82,68,249,317
110316,9,6,2,3,21,0,1,24,1,3,22,25
110316,9,6,5,38,173,27,54,211,81,65,227,292
110316,10,7,1,58,137,13,66,195,79,71,203,274
110316,10,7,2,3,8,0,0,11,0,3,8,11
110316,10,7,5,55,129,13,66,184,79,68,195,263
110316,11,8,1,63,188,26,67,251,93,89,255,344
110316,11,8,2,5,15,1,3,20,4,6,18,24
110316,11,8,5,58,173,25,64,231,89,83,237,320
110316,12,9,1,41,131,14,56,172,70,55,187,242
110316,12,9,2,0,10,0,0,10,0,0,10,10
110316,12,9,5,41,121,14,56,162,70,55,177,232
110316,13,10,1,9,18,4,8,27,12,13,26,39
110316,13,10,5,9,18,4,8,27,12,13,26,39
110316,14,11,1,0,4,0,1,4,1,0,5,5
110316,14,11,5,0,4,0,1,4,1,0,5,5
110334,1,412,1,1353,1848,2728,3863,3201,6591,4081,5711,9792
110334,1,112,2,1353,1848,2728,3863,3201,6591,4081,5711,9792
110334,2,999,1,1151,1485,1596,1957,2636,3553,2747,3442,6189
110334,2,999,2,1151,1485,1596,1957,2636,3553,2747,3442,6189
110334,3,1,1,34,58,237,352,92,589,271,410,681
110334,3,1,2,34,58,237,352,92,589,271,410,681
110334,4,2,1,661,839,496,447,1500,943,1157,1286,2443
110334,4,2,2,661,839,496,447,1500,943,1157,1286,2443
110334,5,3,1,314,369,469,547,683,1016,783,916,1699
110334,5,3,2,314,369,469,547,683,1016,783,916,1699
110334,6,4,1,142,219,394,611,361,1005,536,830,1366
110334,6,4,2,142,219,394,611,361,1005,536,830,1366
110334,7,999,1,202,363,1132,1906,565,3038,1334,2269,3603
110334,7,999,2,202,363,1132,1906,565,3038,1334,2269,3603
110334,8,5,1,102,149,369,604,251,973,471,753,1224
110334,8,5,2,102,149,369,604,251,973,471,753,1224
110334,9,6,1,36,82,236,346,118,582,272,428,700
110334,9,6,2,36,82,236,346,118,582,272,428,700
110334,10,7,1,28,55,142,267,83,409,170,322,492
110334,10,7,2,28,55,142,267,83,409,170,322,492
110334,11,8,1,20,48,146,252,68,398,166,300,466
110334,11,8,2,20,48,146,252,68,398,166,300,466
110334,12,9,1,14,28,131,295,42,426,145,323,468
110334,12,9,2,14,28,131,295,42,426,145,323,468
110334,13,10,1,2,1,108,142,3,250,110,143,253
110334,13,10,2,2,1,108,142,3,250,110,143,253
110361,1,412,1,3159,5938,730,1490,9097,2220,3889,7428,11317
110361,1,112,2,2701,4542,289,577,7243,866,2990,5119,8109
110361,1,312,5,458,1396,441,913,1854,1354,899,2309,3208
110361,2,999,1,2405,4376,177,362,6781,539,2582,4738,7320
110361,2,999,2,2252,3836,106,216,6088,322,2358,4052,6410
110361,2,999,5,153,540,71,146,693,217,224,686,910
110361,3,1,1,57,125,4,6,182,10,61,131,192
110361,3,1,2,57,125,4,6,182,10,61,131,192
110361,4,2,1,884,1632,12,40,2516,52,896,1672,2568
110361,4,2,2,884,1632,12,40,2516,52,896,1672,2568
110361,5,3,1,900,1510,31,65,2410,96,931,1575,2506
110361,5,3,2,893,1471,28,61,2364,89,921,1532,2453
110361,5,3,5,7,39,3,4,46,7,10,43,53
110361,6,4,1,564,1109,130,251,1673,381,694,1360,2054
110361,6,4,2,418,608,62,109,1026,171,480,717,1197
110361,6,4,5,146,501,68,142,647,210,214,643,857
110361,7,999,1,754,1562,553,1128,2316,1681,1307,2690,3997
110361,7,999,2,449,706,183,361,1155,544,632,1067,1699
110361,7,999,5,305,856,370,767,1161,1137,675,1623,2298
110361,8,5,1,415,773,208,404,1188,612,623,1177,1800
110361,8,5,2,254,312,79,137,566,216,333,449,782
110361,8,5,5,161,461,129,267,622,396,290,728,1018
110361,9,6,1,183,325,117,269,508,386,300,594,894
110361,9,6,2,115,169,40,79,284,119,155,248,403
110361,9,6,5,68,156,77,190,224,267,145,346,491
110361,10,7,1,80,186,77,165,266,242,157,351,508
110361,10,7,2,46,80,21,58,126,79,67,138,205
110361,10,7,5,34,106,56,107,140,163,90,213,303
110361,11,8,1,60,202,107,198,262,305,167,400,567
110361,11,8,2,29,103,32,59,132,91,61,162,223
110361,11,8,5,31,99,75,139,130,214,106,238,344
110361,12,9,1,16,75,41,88,91,129,57,163,220
110361,12,9,2,5,42,11,28,47,39,16,70,86
110361,12,9,5,11,33,30,60,44,90,41,93,134
110361,13,10,1,0,1,3,4,1,7,3,5,8
110361,13,10,5,0,1,3,4,1,7,3,5,8
110404,1,412,1,1402,838,0,0,2240,0,1402,838,2240
110404,1,112,2,490,411,0,0,901,0,490,411,901
110404,1,312,5,912,427,0,0,1339,0,912,427,1339
110404,2,999,1,810,592,0,0,1402,0,810,592,1402
110404,2,999,2,487,411,0,0,898,0,487,411,898
110404,2,999,5,323,181,0,0,504,0,323,181,504
110404,3,1,1,12,20,0,0,32,0,12,20,32
110404,3,1,2,12,20,0,0,32,0,12,20,32
110404,4,2,1,233,184,0,0,417,0,233,184,417
110404,4,2,2,231,184,0,0,415,0,231,184,415
110404,4,2,5,2,0,0,0,2,0,2,0,2
110404,5,3,1,222,197,0,0,419,0,222,197,419
110404,5,3,2,206,187,0,0,393,0,206,187,393
110404,5,3,5,16,10,0,0,26,0,16,10,26
110404,6,4,1,343,191,0,0,534,0,343,191,534
110404,6,4,2,38,20,0,0,58,0,38,20,58
110404,6,4,5,305,171,0,0,476,0,305,171,476
110404,7,999,1,592,246,0,0,838,0,592,246,838
110404,7,999,2,3,0,0,0,3,0,3,0,3
110404,7,999,5,589,246,0,0,835,0,589,246,835
110404,8,5,1,496,219,0,0,715,0,496,219,715
110404,8,5,2,1,0,0,0,1,0,1,0,1
110404,8,5,5,495,219,0,0,714,0,495,219,714
110404,9,6,1,88,23,0,0,111,0,88,23,111
110404,9,6,2,2,0,0,0,2,0,2,0,2
110404,9,6,5,86,23,0,0,109,0,86,23,109
110404,10,7,1,8,4,0,0,12,0,8,4,12
110404,10,7,5,8,4,0,0,12,0,8,4,12
110413,1,412,1,1448,2234,143,202,3682,345,1591,2436,4027
110413,1,112,2,1176,1538,38,52,2714,90,1214,1590,2804
110413,1,312,5,272,696,105,150,968,255,377,846,1223
110413,2,999,1,1129,1602,28,42,2731,70,1157,1644,2801
110413,2,999,2,1062,1398,15,24,2460,39,1077,1422,2499
110413,2,999,5,67,204,13,18,271,31,80,222,302
110413,3,1,1,23,41,1,0,64,1,24,41,65
110413,3,1,2,23,41,1,0,64,1,24,41,65
110413,4,2,1,456,573,3,1,1029,4,459,574,1033
110413,4,2,2,456,573,3,1,1029,4,459,574,1033
110413,5,3,1,452,674,3,11,1126,14,455,685,1140
110413,5,3,2,449,659,3,11,1108,14,452,670,1122
110413,5,3,5,3,15,0,0,18,0,3,15,18
110413,6,4,1,198,314,21,30,512,51,219,344,563
110413,6,4,2,134,125,8,12,259,20,142,137,279
110413,6,4,5,64,189,13,18,253,31,77,207,284
110413,7,999,1,319,632,115,160,951,275,434,792,1226
110413,7,999,2,114,140,23,28,254,51,137,168,305
110413,7,999,5,205,492,92,132,697,224,297,624,921
110413,8,5,1,143,319,38,61,462,99,181,380,561
110413,8,5,2,47,65,9,6,112,15,56,71,127
110413,8,5,5,96,254,29,55,350,84,125,309,434
110413,9,6,1,91,124,27,26,215,53,118,150,268
110413,9,6,2,42,29,3,3,71,6,45,32,77
110413,9,6,5,49,95,24,23,144,47,73,118,191
110413,10,7,1,31,69,18,23,100,41,49,92,141
110413,10,7,2,10,18,4,2,28,6,14,20,34
110413,10,7,5,21,51,14,21,72,35,35,72,107
110413,11,8,1,45,86,21,30,131,51,66,116,182
110413,11,8,2,15,23,4,10,38,14,19,33,52
110413,11,8,5,30,63,17,20,93,37,47,83,130
110413,12,9,1,9,32,9,16,41,25,18,48,66
110413,12,9,2,0,5,2,7,5,9,2,12,14
110413,12,9,5,9,27,7,9,36,16,16,36,52
110413,13,10,1,0,2,2,4,2,6,2,6,8
110413,13,10,2,0,0,1,0,0,1,1,0,1
110413,13,10,5,0,2,1,4,2,5,1,6,7
110422,1,412,1,10504,10419,938,579,20923,1517,11442,10998,22440
110422,1,112,2,10142,10056,789,469,20198,1258,10931,10525,21456
110422,1,312,5,362,363,149,110,725,259,511,473,984
110422,2,999,1,10057,10126,770,466,20183,1236,10827,10592,21419
110422,2,999,2,9791,9870,693,424,19661,1117,10484,10294,20778
110422,2,999,5,266,256,77,42,522,119,343,298,641
110422,3,1,1,103,158,0,1,261,1,103,159,262
110422,3,1,2,103,158,0,1,261,1,103,159,262
110422,4,2,1,4140,4389,97,86,8529,183,4237,4475,8712
110422,4,2,2,4140,4389,97,86,8529,183,4237,4475,8712
110422,5,3,1,4172,4473,283,200,8645,483,4455,4673,9128
110422,5,3,2,4154,4447,278,197,8601,475,4432,4644,9076
110422,5,3,5,18,26,5,3,44,8,23,29,52
110422,6,4,1,1642,1106,390,179,2748,569,2032,1285,3317
110422,6,4,2,1394,876,318,140,2270,458,1712,1016,2728
110422,6,4,5,248,230,72,39,478,111,320,269,589
110422,7,999,1,447,293,168,113,740,281,615,406,1021
110422,7,999,2,351,186,96,45,537,141,447,231,678
110422,7,999,5,96,107,72,68,203,140,168,175,343
110422,8,5,1,300,195,105,59,495,164,405,254,659
110422,8,5,2,236,131,67,27,367,94,303,158,461
110422,8,5,5,64,64,38,32,128,70,102,96,198
110422,9,6,1,94,55,31,24,149,55,125,79,204
110422,9,6,2,77,32,18,8,109,26,95,40,135
110422,9,6,5,17,23,13,16,40,29,30,39,69
110422,10,7,1,28,24,7,12,52,19,35,36,71
110422,10,7,2,20,13,2,5,33,7,22,18,40
110422,10,7,5,8,11,5,7,19,12,13,18,31
110422,11,8,1,17,11,16,10,28,26,33,21,54
110422,11,8,2,13,7,8,4,20,12,21,11,32
110422,11,8,5,4,4,8,6,8,14,12,10,22
110422,12,9,1,8,8,8,7,16,15,16,15,31
110422,12,9,2,5,3,0,1,8,1,5,4,9
110422,12,9,5,3,5,8,6,8,14,11,11,22
110422,13,10,1,0,0,1,1,0,2,1,1,2
110422,13,10,2,0,0,1,0,0,1,1,0,1
110422,13,10,5,0,0,0,1,0,1,0,1,1
110486,1,412,1,3275,6478,718,1274,9753,1992,3993,7752,11745
110486,1,112,2,2947,5485,600,947,8432,1547,3547,6432,9979
110486,1,312,5,328,993,118,327,1321,445,446,1320,1766
110486,2,999,1,2463,4874,321,482,7337,803,2784,5356,8140
110486,2,999,2,2389,4562,306,440,6951,746,2695,5002,7697
110486,2,999,5,74,312,15,42,386,57,89,354,443
110486,3,1,1,37,112,5,1,149,6,42,113,155
110486,3,1,2,37,112,5,1,149,6,42,113,155
110486,4,2,1,779,1684,45,61,2463,106,824,1745,2569
110486,4,2,2,779,1684,45,61,2463,106,824,1745,2569
110486,5,3,1,818,1599,75,115,2417,190,893,1714,2607
110486,5,3,2,817,1580,75,115,2397,190,892,1695,2587
110486,5,3,5,1,19,0,0,20,0,1,19,20
110486,6,4,1,829,1479,196,305,2308,501,1025,1784,2809
110486,6,4,2,756,1186,181,263,1942,444,937,1449,2386
110486,6,4,5,73,293,15,42,366,57,88,335,423
110486,7,999,1,812,1604,397,792,2416,1189,1209,2396,3605
110486,7,999,2,558,923,294,507,1481,801,852,1430,2282
110486,7,999,5,254,681,103,285,935,388,357,966,1323
110486,8,5,1,500,859,200,340,1359,540,700,1199,1899
110486,8,5,2,374,529,173,243,903,416,547,772,1319
110486,8,5,5,126,330,27,97,456,124,153,427,580
110486,9,6,1,139,348,95,169,487,264,234,517,751
110486,9,6,2,92,187,59,102,279,161,151,289,440
110486,9,6,5,47,161,36,67,208,103,83,228,311
110486,10,7,1,76,162,39,110,238,149,115,272,387
110486,10,7,2,43,93,30,65,136,95,73,158,231
110486,10,7,5,33,69,9,45,102,54,42,114,156
110486,11,8,1,62,170,43,121,232,164,105,291,396
110486,11,8,2,32,90,24,72,122,96,56,162,218
110486,11,8,5,30,80,19,49,110,68,49,129,178
110486,12,9,1,32,63,17,49,95,66,49,112,161
110486,12,9,2,15,23,7,22,38,29,22,45,67
110486,12,9,5,17,40,10,27,57,37,27,67,94
110486,13,10,1,3,2,3,3,5,6,6,5,11
110486,13,10,2,2,1,1,3,3,4,3,4,7
110486,13,10,5,1,1,2,0,2,2,3,1,4
110495,1,412,1,2907,6259,733,1264,9166,1997,3640,7523,11163
110495,1,112,2,2720,5589,598,996,8309,1594,3318,6585,9903
110495,1,312,5,187,670,135,268,857,403,322,938,1260
110495,2,999,1,2311,4866,396,610,7177,1006,2707,5476,8183
110495,2,999,2,2251,4642,373,568,6893,941,2624,5210,7834
110495,2,999,5,60,224,23,42,284,65,83,266,349
110495,3,1,1,35,94,2,4,129,6,37,98,135
110495,3,1,2,35,94,2,4,129,6,37,98,135
110495,4,2,1,719,1563,52,133,2282,185,771,1696,2467
110495,4,2,2,719,1563,52,133,2282,185,771,1696,2467
110495,5,3,1,799,1768,95,153,2567,248,894,1921,2815
110495,5,3,2,796,1755,94,153,2551,247,890,1908,2798
110495,5,3,5,3,13,1,0,16,1,4,13,17
110495,6,4,1,758,1441,247,320,2199,567,1005,1761,2766
110495,6,4,2,701,1230,225,278,1931,503,926,1508,2434
110495,6,4,5,57,211,22,42,268,64,79,253,332
110495,7,999,1,596,1393,337,654,1989,991,933,2047,2980
110495,7,999,2,469,947,225,428,1416,653,694,1375,2069
110495,7,999,5,127,446,112,226,573,338,239,672,911
110495,8,5,1,368,790,187,286,1158,473,555,1076,1631
110495,8,5,2,303,557,134,205,860,339,437,762,1199
110495,8,5,5,65,233,53,81,298,134,118,314,432
110495,9,6,1,123,268,72,153,391,225,195,421,616
110495,9,6,2,91,185,49,102,276,151,140,287,427
110495,9,6,5,32,83,23,51,115,74,55,134,189
110495,10,7,1,49,164,42,98,213,140,91,262,353
110495,10,7,2,36,101,27,65,137,92,63,166,229
110495,10,7,5,13,63,15,33,76,48,28,96,124
110495,11,8,1,43,133,27,89,176,116,70,222,292
110495,11,8,2,30,81,8,40,111,48,38,121,159
110495,11,8,5,13,52,19,49,65,68,32,101,133
110495,12,9,1,12,38,8,26,50,34,20,64,84
110495,12,9,2,8,23,7,14,31,21,15,37,52
110495,12,9,5,4,15,1,12,19,13,5,27,32
110495,13,10,1,1,0,1,2,1,3,2,2,4
110495,13,10,2,1,0,0,2,1,2,1,2,3
110495,13,10,5,0,0,1,0,0,1,1,0,1
110510,1,412,1,5815,10208,1529,2137,16023,3666,7344,12345,19689
110510,1,112,2,5367,9213,1164,1506,14580,2670,6531,10719,17250
110510,1,312,5,448,995,365,631,1443,996,813,1626,2439
110510,2,999,1,4572,7945,776,1033,12517,1809,5348,8978,14326
110510,2,999,2,4453,7659,741,946,12112,1687,5194,8605,13799
110510,2,999,5,119,286,35,87,405,122,154,373,527
110510,3,1,1,84,173,74,99,257,173,158,272,430
110510,3,1,2,84,173,74,99,257,173,158,272,430
110510,4,2,1,1459,2792,144,146,4251,290,1603,2938,4541
110510,4,2,2,1459,2792,144,146,4251,290,1603,2938,4541
110510,5,3,1,1627,2725,171,234,4352,405,1798,2959,4757
110510,5,3,2,1625,2708,171,231,4333,402,1796,2939,4735
110510,5,3,5,2,17,0,3,19,3,2,20,22
110510,6,4,1,1402,2255,387,554,3657,941,1789,2809,4598
110510,6,4,2,1285,1986,352,470,3271,822,1637,2456,4093
110510,6,4,5,117,269,35,84,386,119,152,353,505
110510,7,999,1,1243,2263,753,1104,3506,1857,1996,3367,5363
110510,7,999,2,914,1554,423,560,2468,983,1337,2114,3451
110510,7,999,5,329,709,330,544,1038,874,659,1253,1912
110510,8,5,1,728,1241,358,475,1969,833,1086,1716,2802
110510,8,5,2,584,909,249,288,1493,537,833,1197,2030
110510,8,5,5,144,332,109,187,476,296,253,519,772
110510,9,6,1,258,470,159,217,728,376,417,687,1104
110510,9,6,2,167,314,85,104,481,189,252,418,670
110510,9,6,5,91,156,74,113,247,187,165,269,434
110510,10,7,1,128,246,94,137,374,231,222,383,605
110510,10,7,2,82,148,37,76,230,113,119,224,343
110510,10,7,5,46,98,57,61,144,118,103,159,262
110510,11,8,1,98,211,90,164,309,254,188,375,563
110510,11,8,2,62,128,36,53,190,89,98,181,279
110510,11,8,5,36,83,54,111,119,165,90,194,284
110510,12,9,1,24,86,42,98,110,140,66,184,250
110510,12,9,2,14,48,12,32,62,44,26,80,106
110510,12,9,5,10,38,30,66,48,96,40,104,144
110510,13,10,1,7,9,10,13,16,23,17,22,39
110510,13,10,2,5,7,4,7,12,11,9,14,23
110510,13,10,5,2,2,6,6,4,12,8,8,16
110529,1,412,1,13172,12195,2695,1952,25367,4647,15867,14147,30014
110529,1,112,2,12733,11655,2117,1407,24388,3524,14850,13062,27912
110529,1,312,5,439,540,578,545,979,1123,1017,1085,2102
110529,2,999,1,10854,10042,1389,943,20896,2332,12243,10985,23228
110529,2,999,2,10708,9850,1265,845,20558,2110,11973,10695,22668
110529,2,999,5,146,192,124,98,338,222,270,290,560
110529,3,1,1,237,250,19,20,487,39,256,270,526
110529,3,1,2,237,250,19,20,487,39,256,270,526
110529,4,2,1,3701,3301,161,99,7002,260,3862,3400,7262
110529,4,2,2,3701,3301,161,99,7002,260,3862,3400,7262
110529,5,3,1,3605,3574,284,197,7179,481,3889,3771,7660
110529,5,3,2,3600,3569,282,192,7169,474,3882,3761,7643
110529,5,3,5,5,5,2,5,10,7,7,10,17
110529,6,4,1,3311,2917,925,627,6228,1552,4236,3544,7780
110529,6,4,2,3170,2730,803,534,5900,1337,3973,3264,7237
110529,6,4,5,141,187,122,93,328,215,263,280,543
110529,7,999,1,2318,2153,1306,1009,4471,2315,3624,3162,6786
110529,7,999,2,2025,1805,852,562,3830,1414,2877,2367,5244
110529,7,999,5,293,348,454,447,641,901,747,795,1542
110529,8,5,1,1576,1436,800,552,3012,1352,2376,1988,4364
110529,8,5,2,1426,1248,571,346,2674,917,1997,1594,3591
110529,8,5,5,150,188,229,206,338,435,379,394,773
110529,9,6,1,449,400,286,220,849,506,735,620,1355
110529,9,6,2,374,327,165,113,701,278,539,440,979
110529,9,6,5,75,73,121,107,148,228,196,180,376
110529,10,7,1,166,158,117,91,324,208,283,249,532
110529,10,7,2,135,116,72,42,251,114,207,158,365
110529,10,7,5,31,42,45,49,73,94,76,91,167
110529,11,8,1,96,114,63,89,210,152,159,203,362
110529,11,8,2,71,81,31,35,152,66,102,116,218
110529,11,8,5,25,33,32,54,58,86,57,87,144
110529,12,9,1,31,44,36,53,75,89,67,97,164
110529,12,9,2,19,33,12,23,52,35,31,56,87
110529,12,9,5,12,11,24,30,23,54,36,41,77
110529,13,10,1,0,1,4,4,1,8,4,5,9
110529,13,10,2,0,0,1,3,0,4,1,3,4
110529,13,10,5,0,1,3,1,1,4,3,2,5
110538,1,412,1,6645,8334,851,916,14979,1767,7496,9250,16746
110538,1,112,2,6450,7778,776,743,14228,1519,7226,8521,15747
110538,1,312,5,195,556,75,173,751,248,270,729,999
110538,2,999,1,5705,7243,531,426,12948,957,6236,7669,13905
110538,2,999,2,5627,7007,519,401,12634,920,6146,7408,13554
110538,2,999,5,78,236,12,25,314,37,90,261,351
110538,3,1,1,67,108,5,9,175,14,72,117,189
110538,3,1,2,67,108,5,9,175,14,72,117,189
110538,4,2,1,1686,2445,85,66,4131,151,1771,2511,4282
110538,4,2,2,1686,2445,85,66,4131,151,1771,2511,4282
110538,5,3,1,2094,2927,144,133,5021,277,2238,3060,5298
110538,5,3,2,2092,2909,144,133,5001,277,2236,3042,5278
110538,5,3,5,2,18,0,0,20,0,2,18,20
110538,6,4,1,1858,1763,297,218,3621,515,2155,1981,4136
110538,6,4,2,1782,1545,285,193,3327,478,2067,1738,3805
110538,6,4,5,76,218,12,25,294,37,88,243,331
110538,7,999,1,940,1091,320,490,2031,810,1260,1581,2841
110538,7,999,2,823,771,257,342,1594,599,1080,1113,2193
110538,7,999,5,117,320,63,148,437,211,180,468,648
110538,8,5,1,608,585,167,199,1193,366,775,784,1559
110538,8,5,2,552,428,145,138,980,283,697,566,1263
110538,8,5,5,56,157,22,61,213,83,78,218,296
110538,9,6,1,168,214,69,98,382,167,237,312,549
110538,9,6,2,142,148,51,70,290,121,193,218,411
110538,9,6,5,26,66,18,28,92,46,44,94,138
110538,10,7,1,74,122,29,67,196,96,103,189,292
110538,10,7,2,58,82,25,48,140,73,83,130,213
110538,10,7,5,16,40,4,19,56,23,20,59,79
110538,11,8,1,72,117,41,85,189,126,113,202,315
110538,11,8,2,60,79,30,61,139,91,90,140,230
110538,11,8,5,12,38,11,24,50,35,23,62,85
110538,12,9,1,15,52,12,40,67,52,27,92,119
110538,12,9,2,8,33,5,24,41,29,13,57,70
110538,12,9,5,7,19,7,16,26,23,14,35,49
110538,13,10,1,3,1,2,1,4,3,5,2,7
110538,13,10,2,3,1,1,1,4,2,4,2,6
110538,13,10,5,0,0,1,0,0,1,1,0,1
110547,1,412,1,4820,9070,1840,2957,13890,4797,6660,12027,18687
110547,1,112,2,4450,8001,1431,2140,12451,3571,5881,10141,16022
110547,1,312,5,370,1069,409,817,1439,1226,779,1886,2665
110547,2,999,1,3389,6275,723,882,9664,1605,4112,7157,11269
110547,2,999,2,3326,6031,702,816,9357,1518,4028,6847,10875
110547,2,999,5,63,244,21,66,307,87,84,310,394
110547,3,1,1,83,147,5,15,230,20,88,162,250
110547,3,1,2,83,147,5,15,230,20,88,162,250
110547,4,2,1,1279,2344,175,175,3623,350,1454,2519,3973
110547,4,2,2,1279,2344,175,175,3623,350,1454,2519,3973
110547,5,3,1,914,1839,163,151,2753,314,1077,1990,3067
110547,5,3,2,912,1832,162,150,2744,312,1074,1982,3056
110547,5,3,5,2,7,1,1,9,2,3,8,11
110547,6,4,1,1113,1945,380,541,3058,921,1493,2486,3979
110547,6,4,2,1052,1708,360,476,2760,836,1412,2184,3596
110547,6,4,5,61,237,20,65,298,85,81,302,383
110547,7,999,1,1431,2795,1117,2075,4226,3192,2548,4870,7418
110547,7,999,2,1124,1970,729,1324,3094,2053,1853,3294,5147
110547,7,999,5,307,825,388,751,1132,1139,695,1576,2271
110547,8,5,1,894,1605,489,804,2499,1293,1383,2409,3792
110547,8,5,2,741,1197,383,590,1938,973,1124,1787,2911
110547,8,5,5,153,408,106,214,561,320,259,622,881
110547,9,6,1,315,620,284,507,935,791,599,1127,1726
110547,9,6,2,239,420,181,320,659,501,420,740,1160
110547,9,6,5,76,200,103,187,276,290,179,387,566
110547,10,7,1,105,261,137,305,366,442,242,566,808
110547,10,7,2,69,166,69,174,235,243,138,340,478
110547,10,7,5,36,95,68,131,131,199,104,226,330
110547,11,8,1,78,219,132,297,297,429,210,516,726
110547,11,8,2,43,128,57,145,171,202,100,273,373
110547,11,8,5,35,91,75,152,126,227,110,243,353
110547,12,9,1,34,86,68,147,120,215,102,233,335
110547,12,9,2,27,56,34,85,83,119,61,141,202
110547,12,9,5,7,30,34,62,37,96,41,92,133
110547,13,10,1,5,4,7,15,9,22,12,19,31
110547,13,10,2,5,3,5,10,8,15,10,13,23
110547,13,10,5,0,1,2,5,1,7,2,6,8
110556,1,412,1,8199,13014,1901,2383,21213,4284,10100,15397,25497
110556,1,112,2,7623,11674,1586,1821,19297,3407,9209,13495,22704
110556,1,312,5,576,1340,315,562,1916,877,891,1902,2793
110556,2,999,1,6822,11084,1170,1366,17906,2536,7992,12450,20442
110556,2,999,2,6627,10477,1107,1254,17104,2361,7734,11731,19465
110556,2,999,5,195,607,63,112,802,175,258,719,977
110556,3,1,1,146,250,146,206,396,352,292,456,748
110556,3,1,2,146,250,146,206,396,352,292,456,748
110556,4,2,1,2332,3590,202,216,5922,418,2534,3806,6340
110556,4,2,2,2332,3590,202,216,5922,418,2534,3806,6340
110556,5,3,1,2299,4135,266,323,6434,589,2565,4458,7023
110556,5,3,2,2292,4103,266,319,6395,585,2558,4422,6980
110556,5,3,5,7,32,0,4,39,4,7,36,43
110556,6,4,1,2045,3109,556,621,5154,1177,2601,3730,6331
110556,6,4,2,1857,2534,493,513,4391,1006,2350,3047,5397
110556,6,4,5,188,575,63,108,763,171,251,683,934
110556,7,999,1,1377,1930,731,1017,3307,1748,2108,2947,5055
110556,7,999,2,996,1197,479,567,2193,1046,1475,1764,3239
110556,7,999,5,381,733,252,450,1114,702,633,1183,1816
110556,8,5,1,834,1106,417,521,1940,938,1251,1627,2878
110556,8,5,2,630,700,304,318,1330,622,934,1018,1952
110556,8,5,5,204,406,113,203,610,316,317,609,926
110556,9,6,1,285,394,137,220,679,357,422,614,1036
110556,9,6,2,200,255,86,117,455,203,286,372,658
110556,9,6,5,85,139,51,103,224,154,136,242,378
110556,10,7,1,136,198,77,103,334,180,213,301,514
110556,10,7,2,93,115,41,52,208,93,134,167,301
110556,10,7,5,43,83,36,51,126,87,79,134,213
110556,11,8,1,86,178,74,122,264,196,160,300,460
110556,11,8,2,58,101,37,61,159,98,95,162,257
110556,11,8,5,28,77,37,61,105,98,65,138,203
110556,12,9,1,33,52,19,47,85,66,52,99,151
110556,12,9,2,13,25,8,17,38,25,21,42,63
110556,12,9,5,20,27,11,30,47,41,31,57,88
110556,13,10,1,3,2,7,4,5,11,10,6,16
110556,13,10,2,2,1,3,2,3,5,5,3,8
110556,13,10,5,1,1,4,2,2,6,5,3,8
110565,1,412,1,12933,19160,4457,5501,32093,9958,17390,24661,42051
110565,1,112,2,12140,17581,3330,3924,29721,7254,15470,21505,36975
110565,1,312,5,793,1579,1127,1577,2372,2704,1920,3156,5076
110565,2,999,1,10614,16183,2107,2277,26797,4384,12721,18460,31181
110565,2,999,2,10343,15574,1929,2061,25917,3990,12272,17635,29907
110565,2,999,5,271,609,178,216,880,394,449,825,1274
110565,3,1,1,185,363,16,12,548,28,201,375,576
110565,3,1,2,185,363,16,12,548,28,201,375,576
110565,4,2,1,3271,5547,306,303,8818,609,3577,5850,9427
110565,4,2,2,3271,5547,306,303,8818,609,3577,5850,9427
110565,5,3,1,3620,5811,489,567,9431,1056,4109,6378,10487
110565,5,3,2,3613,5782,487,562,9395,1049,4100,6344,10444
110565,5,3,5,7,29,2,5,36,7,9,34,43
110565,6,4,1,3538,4462,1296,1395,8000,2691,4834,5857,10691
110565,6,4,2,3274,3882,1120,1184,7156,2304,4394,5066,9460
110565,6,4,5,264,580,176,211,844,387,440,791,1231
110565,7,999,1,2319,2977,2350,3224,5296,5574,4669,6201,10870
110565,7,999,2,1797,2007,1401,1863,3804,3264,3198,3870,7068
110565,7,999,5,522,970,949,1361,1492,2310,1471,2331,3802
110565,8,5,1,1607,1910,1295,1437,3517,2732,2902,3347,6249
110565,8,5,2,1311,1359,875,937,2670,1812,2186,2296,4482
110565,8,5,5,296,551,420,500,847,920,716,1051,1767
110565,9,6,1,446,546,503,727,992,1230,949,1273,2222
110565,9,6,2,323,351,272,418,674,690,595,769,1364
110565,9,6,5,123,195,231,309,318,540,354,504,858
110565,10,7,1,148,226,265,412,374,677,413,638,1051
110565,10,7,2,92,140,139,222,232,361,231,362,593
110565,10,7,5,56,86,126,190,142,316,182,276,458
110565,11,8,1,86,195,206,429,281,635,292,624,916
110565,11,8,2,55,110,82,197,165,279,137,307,444
110565,11,8,5,31,85,124,232,116,356,155,317,472
110565,12,9,1,29,95,75,210,124,285,104,305,409
110565,12,9,2,14,45,30,85,59,115,44,130,174
110565,12,9,5,15,50,45,125,65,170,60,175,235
110565,13,10,1,3,5,6,9,8,15,9,14,23
110565,13,10,2,2,2,3,4,4,7,5,6,11
110565,13,10,5,1,3,3,5,4,8,4,8,12
110574,1,412,1,4757,7750,1529,2217,12507,3746,6286,9967,16253
110574,1,112,2,4099,6374,1140,1528,10473,2668,5239,7902,13141
110574,1,312,5,658,1376,389,689,2034,1078,1047,2065,3112
110574,2,999,1,3043,4953,510,666,7996,1176,3553,5619,9172
110574,2,999,2,2884,4650,466,567,7534,1033,3350,5217,8567
110574,2,999,5,159,303,44,99,462,143,203,402,605
110574,3,1,1,43,85,1,2,128,3,44,87,131
110574,3,1,2,43,85,1,2,128,3,44,87,131
110574,4,2,1,740,1324,40,40,2064,80,780,1364,2144
110574,4,2,2,740,1324,40,40,2064,80,780,1364,2144
110574,5,3,1,870,1510,99,139,2380,238,969,1649,2618
110574,5,3,2,867,1506,98,135,2373,233,965,1641,2606
110574,5,3,5,3,4,1,4,7,5,4,8,12
110574,6,4,1,1390,2034,370,485,3424,855,1760,2519,4279
110574,6,4,2,1234,1735,327,390,2969,717,1561,2125,3686
110574,6,4,5,156,299,43,95,455,138,199,394,593
110574,7,999,1,1714,2797,1019,1551,4511,2570,2733,4348,7081
110574,7,999,2,1215,1724,674,961,2939,1635,1889,2685,4574
110574,7,999,5,499,1073,345,590,1572,935,844,1663,2507
110574,8,5,1,994,1402,502,596,2396,1098,1496,1998,3494
110574,8,5,2,803,920,377,394,1723,771,1180,1314,2494
110574,8,5,5,191,482,125,202,673,327,316,684,1000
110574,9,6,1,369,619,225,349,988,574,594,968,1562
110574,9,6,2,245,382,135,205,627,340,380,587,967
110574,9,6,5,124,237,90,144,361,234,214,381,595
110574,10,7,1,158,328,127,224,486,351,285,552,837
110574,10,7,2,86,212,76,140,298,216,162,352,514
110574,10,7,5,72,116,51,84,188,135,123,200,323
110574,11,8,1,137,308,106,243,445,349,243,551,794
110574,11,8,2,62,152,57,150,214,207,119,302,421
110574,11,8,5,75,156,49,93,231,142,124,249,373
110574,12,9,1,50,134,54,121,184,175,104,255,359
110574,12,9,2,18,54,26,59,72,85,44,113,157
110574,12,9,5,32,80,28,62,112,90,60,142,202
110574,13,10,1,6,6,5,18,12,23,11,24,35
110574,13,10,2,1,4,3,13,5,16,4,17,21
110574,13,10,5,5,2,2,5,7,7,7,7,14
110583,1,412,1,13404,19325,3453,3887,32729,7340,16857,23212,40069
110583,1,112,2,12180,16930,2535,2571,29110,5106,14715,19501,34216
110583,1,312,5,1224,2395,918,1316,3619,2234,2142,3711,5853
110583,2,999,1,10449,15645,1639,1801,26094,3440,12088,17446,29534
110583,2,999,2,10071,14827,1487,1585,24898,3072,11558,16412,27970
110583,2,999,5,378,818,152,216,1196,368,530,1034,1564
110583,3,1,1,173,345,14,9,518,23,187,354,541
110583,3,1,2,173,345,14,9,518,23,187,354,541
110583,4,2,1,3406,5319,196,268,8725,464,3602,5587,9189
110583,4,2,2,3406,5319,196,268,8725,464,3602,5587,9189
110583,5,3,1,3477,5449,345,417,8926,762,3822,5866,9688
110583,5,3,2,3469,5413,344,413,8882,757,3813,5826,9639
110583,5,3,5,8,36,1,4,44,5,9,40,49
110583,6,4,1,3393,4532,1084,1107,7925,2191,4477,5639,10116
110583,6,4,2,3023,3750,933,895,6773,1828,3956,4645,8601
110583,6,4,5,370,782,151,212,1152,363,521,994,1515
110583,7,999,1,2955,3680,1814,2086,6635,3900,4769,5766,10535
110583,7,999,2,2109,2103,1048,986,4212,2034,3157,3089,6246
110583,7,999,5,846,1577,766,1100,2423,1866,1612,2677,4289
110583,8,5,1,1939,2358,1026,1078,4297,2104,2965,3436,6401
110583,8,5,2,1454,1424,659,577,2878,1236,2113,2001,4114
110583,8,5,5,485,934,367,501,1419,868,852,1435,2287
110583,9,6,1,619,758,407,442,1377,849,1026,1200,2226
110583,9,6,2,427,408,225,190,835,415,652,598,1250
110583,9,6,5,192,350,182,252,542,434,374,602,976
110583,10,7,1,221,280,175,199,501,374,396,479,875
110583,10,7,2,135,150,82,86,285,168,217,236,453
110583,10,7,5,86,130,93,113,216,206,179,243,422
110583,11,8,1,126,204,144,247,330,391,270,451,721
110583,11,8,2,68,84,55,81,152,136,123,165,288
110583,11,8,5,58,120,89,166,178,255,147,286,433
110583,12,9,1,47,79,53,107,126,160,100,186,286
110583,12,9,2,24,37,23,44,61,67,47,81,128
110583,12,9,5,23,42,30,63,65,93,53,105,158
110583,13,10,1,3,1,9,13,4,22,12,14,26
110583,13,10,2,1,0,4,8,1,12,5,8,13
110583,13,10,5,2,1,5,5,3,10,7,6,13
110592,1,412,1,8615,13336,2154,2640,21951,4794,10769,15976,26745
110592,1,112,2,7785,11640,1591,1816,19425,3407,9376,13456,22832
110592,1,312,5,830,1696,563,824,2526,1387,1393,2520,3913
110592,2,999,1,6550,10032,874,1042,16582,1916,7424,11074,18498
110592,2,999,2,6381,9569,834,955,15950,1789,7215,10524,17739
110592,2,999,5,169,463,40,87,632,127,209,550,759
110592,3,1,1,213,321,9,12,534,21,222,333,555
110592,3,1,2,213,321,9,12,534,21,222,333,555
110592,4,2,1,2394,3557,154,216,5951,370,2548,3773,6321
110592,4,2,2,2394,3557,154,216,5951,370,2548,3773,6321
110592,5,3,1,2032,3256,223,256,5288,479,2255,3512,5767
110592,5,3,2,2026,3233,222,254,5259,476,2248,3487,5735
110592,5,3,5,6,23,1,2,29,3,7,25,32
110592,6,4,1,1911,2898,488,558,4809,1046,2399,3456,5855
110592,6,4,2,1748,2458,449,473,4206,922,2197,2931,5128
110592,6,4,5,163,440,39,85,603,124,202,525,727
110592,7,999,1,2065,3304,1280,1598,5369,2878,3345,4902,8247
110592,7,999,2,1404,2071,757,861,3475,1618,2161,2932,5093
110592,7,999,5,661,1233,523,737,1894,1260,1184,1970,3154
110592,8,5,1,1179,1949,640,731,3128,1371,1819,2680,4499
110592,8,5,2,882,1269,424,449,2151,873,1306,1718,3024
110592,8,5,5,297,680,216,282,977,498,513,962,1475
110592,9,6,1,493,719,312,385,1212,697,805,1104,1909
110592,9,6,2,312,426,169,186,738,355,481,612,1093
110592,9,6,5,181,293,143,199,474,342,324,492,816
110592,10,7,1,190,305,130,185,495,315,320,490,810
110592,10,7,2,105,181,67,88,286,155,172,269,441
110592,10,7,5,85,124,63,97,209,160,148,221,369
110592,11,8,1,145,253,129,195,398,324,274,448,722
110592,11,8,2,76,158,63,90,234,153,139,248,387
110592,11,8,5,69,95,66,105,164,171,135,200,335
110592,12,9,1,52,75,63,95,127,158,115,170,285
110592,12,9,2,24,36,29,44,60,73,53,80,133
110592,12,9,5,28,39,34,51,67,85,62,90,152
110592,13,10,1,6,3,6,7,9,13,12,10,22
110592,13,10,2,5,1,5,4,6,9,10,5,15
110592,13,10,5,1,2,1,3,3,4,2,5,7
110608,1,412,1,13591,18302,3817,4671,31893,8488,17408,22973,40381
110608,1,112,2,12743,16448,2866,2859,29191,5725,15609,19307,34916
110608,1,312,5,848,1854,951,1812,2702,2763,1799,3666,5465
110608,2,999,1,10637,14182,1809,1745,24819,3554,12446,15927,28373
110608,2,999,2,10434,13620,1682,1521,24054,3203,12116,15141,27257
110608,2,999,5,203,562,127,224,765,351,330,786,1116
110608,3,1,1,186,257,1,0,443,1,187,257,444
110608,3,1,2,186,257,1,0,443,1,187,257,444
110608,4,2,1,3186,4374,123,131,7560,254,3309,4505,7814
110608,4,2,2,3186,4374,123,131,7560,254,3309,4505,7814
110608,5,3,1,3717,5163,443,433,8880,876,4160,5596,9756
110608,5,3,2,3707,5139,438,429,8846,867,4145,5568,9713
110608,5,3,5,10,24,5,4,34,9,15,28,43
110608,6,4,1,3548,4388,1242,1181,7936,2423,4790,5569,10359
110608,6,4,2,3355,3850,1120,961,7205,2081,4475,4811,9286
110608,6,4,5,193,538,122,220,731,342,315,758,1073
110608,7,999,1,2954,4120,2008,2926,7074,4934,4962,7046,12008
110608,7,999,2,2309,2828,1184,1338,5137,2522,3493,4166,7659
110608,7,999,5,645,1292,824,1588,1937,2412,1469,2880,4349
110608,8,5,1,1953,2510,1031,1281,4463,2312,2984,3791,6775
110608,8,5,2,1619,1791,704,671,3410,1375,2323,2462,4785
110608,8,5,5,334,719,327,610,1053,937,661,1329,1990
110608,9,6,1,573,791,470,664,1364,1134,1043,1455,2498
110608,9,6,2,430,522,268,289,952,557,698,811,1509
110608,9,6,5,143,269,202,375,412,577,345,644,989
110608,10,7,1,219,349,240,383,568,623,459,732,1191
110608,10,7,2,142,227,112,159,369,271,254,386,640
110608,10,7,5,77,122,128,224,199,352,205,346,551
110608,11,8,1,147,331,177,398,478,575,324,729,1053
110608,11,8,2,85,210,66,150,295,216,151,360,511
110608,11,8,5,62,121,111,248,183,359,173,369,542
110608,12,9,1,58,135,81,176,193,257,139,311,450
110608,12,9,2,32,76,30,57,108,87,62,133,195
110608,12,9,5,26,59,51,119,85,170,77,178,255
110608,13,10,1,4,4,9,24,8,33,13,28,41
110608,13,10,2,1,2,4,12,3,16,5,14,19
110608,13,10,5,3,2,5,12,5,17,8,14,22
110617,1,412,1,10548,15138,3102,3505,25686,6607,13650,18643,32293
110617,1,112,2,10076,13992,2588,2640,24068,5228,12664,16632,29296
110617,1,312,5,472,1146,514,865,1618,1379,986,2011,2997
110617,2,999,1,8323,12161,1537,1592,20484,3129,9860,13753,23613
110617,2,999,2,8189,11784,1443,1428,19973,2871,9632,13212,22844
110617,2,999,5,134,377,94,164,511,258,228,541,769
110617,3,1,1,151,280,7,7,431,14,158,287,445
110617,3,1,2,151,280,7,7,431,14,158,287,445
110617,4,2,1,2594,4035,182,190,6629,372,2776,4225,7001
110617,4,2,2,2594,4035,182,190,6629,372,2776,4225,7001
110617,5,3,1,2706,4156,365,399,6862,764,3071,4555,7626
110617,5,3,2,2703,4136,362,394,6839,756,3065,4530,7595
110617,5,3,5,3,20,3,5,23,8,6,25,31
110617,6,4,1,2872,3690,983,996,6562,1979,3855,4686,8541
110617,6,4,2,2741,3333,892,837,6074,1729,3633,4170,7803
110617,6,4,5,131,357,91,159,488,250,222,516,738
110617,7,999,1,2225,2977,1565,1913,5202,3478,3790,4890,8680
110617,7,999,2,1887,2208,1145,1212,4095,2357,3032,3420,6452
110617,7,999,5,338,769,420,701,1107,1121,758,1470,2228
110617,8,5,1,1442,1784,903,841,3226,1744,2345,2625,4970
110617,8,5,2,1272,1338,716,580,2610,1296,1988,1918,3906
110617,8,5,5,170,446,187,261,616,448,357,707,1064
110617,9,6,1,452,597,336,420,1049,756,788,1017,1805
110617,9,6,2,376,448,220,262,824,482,596,710,1306
110617,9,6,5,76,149,116,158,225,274,192,307,499
110617,10,7,1,163,265,150,223,428,373,313,488,801
110617,10,7,2,120,197,97,131,317,228,217,328,545
110617,10,7,5,43,68,53,92,111,145,96,160,256
110617,11,8,1,132,232,120,272,364,392,252,504,756
110617,11,8,2,92,156,76,157,248,233,168,313,481
110617,11,8,5,40,76,44,115,116,159,84,191,275
110617,12,9,1,34,95,54,150,129,204,88,245,333
110617,12,9,2,25,66,35,80,91,115,60,146,206
110617,12,9,5,9,29,19,70,38,89,28,99,127
110617,13,10,1,2,4,2,7,6,9,4,11,15
110617,13,10,2,2,3,1,2,5,3,3,5,8
110617,13,10,5,0,1,1,5,1,6,1,6,7
110635,1,412,1,18350,20452,1971,1554,38802,3525,20321,22006,42327
110635,1,112,2,13478,15822,700,799,29300,1499,14178,16621,30799
110635,1,312,5,4872,4630,1271,755,9502,2026,6143,5385,11528
110635,2,999,1,14142,16653,613,657,30795,1270,14755,17310,32065
110635,2,999,2,12694,15218,497,573,27912,1070,13191,15791,28982
110635,2,999,5,1448,1435,116,84,2883,200,1564,1519,3083
110635,3,1,1,352,494,4,5,846,9,356,499,855
110635,3,1,2,352,494,4,5,846,9,356,499,855
110635,4,2,1,5348,6482,62,73,11830,135,5410,6555,11965
110635,4,2,2,5347,6480,62,73,11827,135,5409,6553,11962
110635,4,2,5,1,2,0,0,3,0,1,2,3
110635,5,3,1,5610,6951,198,255,12561,453,5808,7206,13014
110635,5,3,2,5511,6864,196,250,12375,446,5707,7114,12821
110635,5,3,5,99,87,2,5,186,7,101,92,193
110635,6,4,1,2832,2726,349,324,5558,673,3181,3050,6231
110635,6,4,2,1484,1380,235,245,2864,480,1719,1625,3344
110635,6,4,5,1348,1346,114,79,2694,193,1462,1425,2887
110635,7,999,1,4208,3799,1358,897,8007,2255,5566,4696,10262
110635,7,999,2,784,604,203,226,1388,429,987,830,1817
110635,7,999,5,3424,3195,1155,671,6619,1826,4579,3866,8445
110635,8,5,1,2723,2552,405,359,5275,764,3128,2911,6039
110635,8,5,2,510,391,100,93,901,193,610,484,1094
110635,8,5,5,2213,2161,305,266,4374,571,2518,2427,4945
110635,9,6,1,988,832,469,283,1820,752,1457,1115,2572
110635,9,6,2,165,109,48,68,274,116,213,177,390
110635,9,6,5,823,723,421,215,1546,636,1244,938,2182
110635,10,7,1,314,248,226,135,562,361,540,383,923
110635,10,7,2,61,48,26,26,109,52,87,74,161
110635,10,7,5,253,200,200,109,453,309,453,309,762
110635,11,8,1,149,128,193,82,277,275,342,210,552
110635,11,8,2,40,34,20,21,74,41,60,55,115
110635,11,8,5,109,94,173,61,203,234,282,155,437
110635,12,9,1,33,35,62,33,68,95,95,68,163
110635,12,9,2,8,19,7,15,27,22,15,34,49
110635,12,9,5,25,16,55,18,41,73,80,34,114
110635,13,10,1,1,4,3,5,5,8,4,9,13
110635,13,10,2,0,3,2,3,3,5,2,6,8
110635,13,10,5,1,1,1,2,2,3,2,3,5
110644,1,412,1,14860,22598,787,829,37458,1616,15647,23427,39074
110644,1,112,2,11700,18486,477,499,30186,976,12177,18985,31162
110644,1,312,5,3160,4112,310,330,7272,640,3470,4442,7912
110644,2,999,1,11848,18984,401,485,30832,886,12249,19469,31718
110644,2,999,2,10990,17732,377,408,28722,785,11367,18140,29507
110644,2,999,5,858,1252,24,77,2110,101,882,1329,2211
110644,3,1,1,237,543,5,9,780,14,242,552,794
110644,3,1,2,236,543,5,9,779,14,241,552,793
110644,3,1,5,1,0,0,0,1,0,1,0,1
110644,4,2,1,3969,7256,72,98,11225,170,4041,7354,11395
110644,4,2,2,3966,7256,72,98,11222,170,4038,7354,11392
110644,4,2,5,3,0,0,0,3,0,3,0,3
110644,5,3,1,4741,7660,111,132,12401,243,4852,7792,12644
110644,5,3,2,4717,7594,110,129,12311,239,4827,7723,12550
110644,5,3,5,24,66,1,3,90,4,25,69,94
110644,6,4,1,2901,3525,213,246,6426,459,3114,3771,6885
110644,6,4,2,2071,2339,190,172,4410,362,2261,2511,4772
110644,6,4,5,830,1186,23,74,2016,97,853,1260,2113
110644,7,999,1,3012,3614,386,344,6626,730,3398,3958,7356
110644,7,999,2,710,754,100,91,1464,191,810,845,1655
110644,7,999,5,2302,2860,286,253,5162,539,2588,3113,5701
110644,8,5,1,1932,2328,142,164,4260,306,2074,2492,4566
110644,8,5,2,518,517,59,61,1035,120,577,578,1155
110644,8,5,5,1414,1811,83,103,3225,186,1497,1914,3411
110644,9,6,1,684,779,103,77,1463,180,787,856,1643
110644,9,6,2,113,146,18,17,259,35,131,163,294
110644,9,6,5,571,633,85,60,1204,145,656,693,1349
110644,10,7,1,223,246,80,42,469,122,303,288,591
110644,10,7,2,42,38,13,5,80,18,55,43,98
110644,10,7,5,181,208,67,37,389,104,248,245,493
110644,11,8,1,137,187,52,49,324,101,189,236,425
110644,11,8,2,26,35,9,6,61,15,35,41,76
110644,11,8,5,111,152,43,43,263,86,154,195,349
110644,12,9,1,34,70,9,11,104,20,43,81,124
110644,12,9,2,10,16,1,1,26,2,11,17,28
110644,12,9,5,24,54,8,10,78,18,32,64,96
110644,13,10,1,2,4,0,1,6,1,2,5,7
110644,13,10,2,1,2,0,1,3,1,1,3,4
110644,13,10,5,1,2,0,0,3,0,1,2,3
110653,1,412,1,16859,18460,528,456,35319,984,17387,18916,36303
110653,1,112,2,13641,15349,374,274,28990,648,14015,15623,29638
110653,1,312,5,3218,3111,154,182,6329,336,3372,3293,6665
110653,2,999,1,14078,15938,340,285,30016,625,14418,16223,30641
110653,2,999,2,13013,14831,311,229,27844,540,13324,15060,28384
110653,2,999,5,1065,1107,29,56,2172,85,1094,1163,2257
110653,3,1,1,332,468,2,3,800,5,334,471,805
110653,3,1,2,332,468,2,3,800,5,334,471,805
110653,4,2,1,4808,6184,36,16,10992,52,4844,6200,11044
110653,4,2,2,4806,6183,36,16,10989,52,4842,6199,11041
110653,4,2,5,2,1,0,0,3,0,2,1,3
110653,5,3,1,5926,6645,105,109,12571,214,6031,6754,12785
110653,5,3,2,5871,6569,105,107,12440,212,5976,6676,12652
110653,5,3,5,55,76,0,2,131,2,55,78,133
110653,6,4,1,3012,2641,197,157,5653,354,3209,2798,6007
110653,6,4,2,2004,1611,168,103,3615,271,2172,1714,3886
110653,6,4,5,1008,1030,29,54,2038,83,1037,1084,2121
110653,7,999,1,2781,2522,188,171,5303,359,2969,2693,5662
110653,7,999,2,628,518,63,45,1146,108,691,563,1254
110653,7,999,5,2153,2004,125,126,4157,251,2278,2130,4408
110653,8,5,1,1852,1671,100,100,3523,200,1952,1771,3723
110653,8,5,2,467,364,37,27,831,64,504,391,895
110653,8,5,5,1385,1307,63,73,2692,136,1448,1380,2828
110653,9,6,1,572,520,54,36,1092,90,626,556,1182
110653,9,6,2,108,95,14,10,203,24,122,105,227
110653,9,6,5,464,425,40,26,889,66,504,451,955
110653,10,7,1,207,174,22,22,381,44,229,196,425
110653,10,7,2,38,28,4,2,66,6,42,30,72
110653,10,7,5,169,146,18,20,315,38,187,166,353
110653,11,8,1,122,123,11,10,245,21,133,133,266
110653,11,8,2,11,21,7,4,32,11,18,25,43
110653,11,8,5,111,102,4,6,213,10,115,108,223
110653,12,9,1,28,31,0,3,59,3,28,34,62
110653,12,9,2,4,8,0,2,12,2,4,10,14
110653,12,9,5,24,23,0,1,47,1,24,24,48
110653,13,10,1,0,3,1,0,3,1,1,3,4
110653,13,10,2,0,2,1,0,2,1,1,2,3
110653,13,10,5,0,1,0,0,1,0,0,1,1
110662,1,412,1,18717,24222,1048,602,42939,1650,19765,24824,44589
110662,1,112,2,12808,18260,295,273,31068,568,13103,18533,31636
110662,1,312,5,5909,5962,753,329,11871,1082,6662,6291,12953
110662,2,999,1,13818,19518,393,304,33336,697,14211,19822,34033
110662,2,999,2,12180,17696,243,233,29876,476,12423,17929,30352
110662,2,999,5,1638,1822,150,71,3460,221,1788,1893,3681
110662,3,1,1,305,514,0,1,819,1,305,515,820
110662,3,1,2,305,513,0,1,818,1,305,514,819
110662,3,1,5,0,1,0,0,1,0,0,1,1
110662,4,2,1,4697,7471,16,28,12168,44,4713,7499,12212
110662,4,2,2,4694,7466,16,27,12160,43,4710,7493,12203
110662,4,2,5,3,5,0,1,8,1,3,6,9
110662,5,3,1,5754,8367,130,128,14121,258,5884,8495,14379
110662,5,3,2,5678,8277,125,127,13955,252,5803,8404,14207
110662,5,3,5,76,90,5,1,166,6,81,91,172
110662,6,4,1,3062,3166,247,147,6228,394,3309,3313,6622
110662,6,4,2,1503,1440,102,78,2943,180,1605,1518,3123
110662,6,4,5,1559,1726,145,69,3285,214,1704,1795,3499
110662,7,999,1,4899,4704,655,298,9603,953,5554,5002,10556
110662,7,999,2,628,564,52,40,1192,92,680,604,1284
110662,7,999,5,4271,4140,603,258,8411,861,4874,4398,9272
110662,8,5,1,3109,2923,318,154,6032,472,3427,3077,6504
110662,8,5,2,439,337,28,21,776,49,467,358,825
110662,8,5,5,2670,2586,290,133,5256,423,2960,2719,5679
110662,9,6,1,1173,1073,215,90,2246,305,1388,1163,2551
110662,9,6,2,114,114,9,8,228,17,123,122,245
110662,9,6,5,1059,959,206,82,2018,288,1265,1041,2306
110662,10,7,1,349,384,69,20,733,89,418,404,822
110662,10,7,2,41,61,7,3,102,10,48,64,112
110662,10,7,5,308,323,62,17,631,79,370,340,710
110662,11,8,1,214,248,44,24,462,68,258,272,530
110662,11,8,2,23,34,5,6,57,11,28,40,68
110662,11,8,5,191,214,39,18,405,57,230,232,462
110662,12,9,1,50,69,8,9,119,17,58,78,136
110662,12,9,2,9,17,2,2,26,4,11,19,30
110662,12,9,5,41,52,6,7,93,13,47,59,106
110662,13,10,1,4,7,1,1,11,2,5,8,13
110662,13,10,2,2,1,1,0,3,1,3,1,4
110662,13,10,5,2,6,0,1,8,1,2,7,9
110671,1,412,1,11942,13524,551,417,25466,968,12493,13941,26434
110671,1,112,2,10129,11927,364,273,22056,637,10493,12200,22693
110671,1,312,5,1813,1597,187,144,3410,331,2000,1741,3741
110671,2,999,1,9920,11799,338,246,21719,584,10258,12045,22303
110671,2,999,2,9372,11279,308,210,20651,518,9680,11489,21169
110671,2,999,5,548,520,30,36,1068,66,578,556,1134
110671,3,1,1,277,429,2,1,706,3,279,430,709
110671,3,1,2,277,429,2,1,706,3,279,430,709
110671,4,2,1,3899,4996,53,30,8895,83,3952,5026,8978
110671,4,2,2,3899,4994,53,30,8893,83,3952,5024,8976
110671,4,2,5,0,2,0,0,2,0,0,2,2
110671,5,3,1,3732,4598,103,80,8330,183,3835,4678,8513
110671,5,3,2,3697,4558,102,78,8255,180,3799,4636,8435
110671,5,3,5,35,40,1,2,75,3,36,42,78
110671,6,4,1,2012,1776,180,135,3788,315,2192,1911,4103
110671,6,4,2,1499,1298,151,101,2797,252,1650,1399,3049
110671,6,4,5,513,478,29,34,991,63,542,512,1054
110671,7,999,1,2022,1725,213,171,3747,384,2235,1896,4131
110671,7,999,2,757,648,56,63,1405,119,813,711,1524
110671,7,999,5,1265,1077,157,108,2342,265,1422,1185,2607
110671,8,5,1,1375,1109,92,77,2484,169,1467,1186,2653
110671,8,5,2,535,415,37,41,950,78,572,456,1028
110671,8,5,5,840,694,55,36,1534,91,895,730,1625
110671,9,6,1,426,362,50,38,788,88,476,400,876
110671,9,6,2,149,130,13,11,279,24,162,141,303
110671,9,6,5,277,232,37,27,509,64,314,259,573
110671,10,7,1,134,127,24,15,261,39,158,142,300
110671,10,7,2,44,45,3,5,89,8,47,50,97
110671,10,7,5,90,82,21,10,172,31,111,92,203
110671,11,8,1,67,94,33,18,161,51,100,112,212
110671,11,8,2,19,43,2,5,62,7,21,48,69
110671,11,8,5,48,51,31,13,99,44,79,64,143
110671,12,9,1,19,32,11,21,51,32,30,53,83
110671,12,9,2,10,15,1,1,25,2,11,16,27
110671,12,9,5,9,17,10,20,26,30,19,37,56
110671,13,10,1,1,1,3,2,2,5,4,3,7
110671,13,10,5,1,1,3,2,2,5,4,3,7
110680,1,412,1,19421,18651,902,602,38072,1504,20323,19253,39576
110680,1,112,2,15330,15609,525,378,30939,903,15855,15987,31842
110680,1,312,5,4091,3042,377,224,7133,601,4468,3266,7734
110680,2,999,1,16085,16215,547,422,32300,969,16632,16637,33269
110680,2,999,2,14453,14997,405,297,29450,702,14858,15294,30152
110680,2,999,5,1632,1218,142,125,2850,267,1774,1343,3117
110680,3,1,1,385,511,2,0,896,2,387,511,898
110680,3,1,2,384,511,2,0,895,2,386,511,897
110680,3,1,5,1,0,0,0,1,0,1,0,1
110680,4,2,1,5670,6066,42,26,11736,68,5712,6092,11804
110680,4,2,2,5669,6066,42,26,11735,68,5711,6092,11803
110680,4,2,5,1,0,0,0,1,0,1,0,1
110680,5,3,1,6234,6763,132,118,12997,250,6366,6881,13247
110680,5,3,2,6156,6681,131,115,12837,246,6287,6796,13083
110680,5,3,5,78,82,1,3,160,4,79,85,164
110680,6,4,1,3796,2875,371,278,6671,649,4167,3153,7320
110680,6,4,2,2244,1739,230,156,3983,386,2474,1895,4369
110680,6,4,5,1552,1136,141,122,2688,263,1693,1258,2951
110680,7,999,1,3336,2436,355,180,5772,535,3691,2616,6307
110680,7,999,2,877,612,120,81,1489,201,997,693,1690
110680,7,999,5,2459,1824,235,99,4283,334,2694,1923,4617
110680,8,5,1,2330,1703,191,93,4033,284,2521,1796,4317
110680,8,5,2,614,437,79,57,1051,136,693,494,1187
110680,8,5,5,1716,1266,112,36,2982,148,1828,1302,3130
110680,9,6,1,677,489,73,47,1166,120,750,536,1286
110680,9,6,2,180,99,20,11,279,31,200,110,310
110680,9,6,5,497,390,53,36,887,89,550,426,976
110680,10,7,1,200,136,54,13,336,67,254,149,403
110680,10,7,2,48,37,15,6,85,21,63,43,106
110680,10,7,5,152,99,39,7,251,46,191,106,297
110680,11,8,1,103,68,24,21,171,45,127,89,216
110680,11,8,2,27,24,3,4,51,7,30,28,58
110680,11,8,5,76,44,21,17,120,38,97,61,158
110680,12,9,1,25,36,13,5,61,18,38,41,79
110680,12,9,2,8,14,3,2,22,5,11,16,27
110680,12,9,5,17,22,10,3,39,13,27,25,52
110680,13,10,1,1,4,0,1,5,1,1,5,6
110680,13,10,2,0,1,0,1,1,1,0,2,2
110680,13,10,5,1,3,0,0,4,0,1,3,4
110699,1,412,1,1156,2045,0,0,3201,0,1156,2045,3201
110699,1,312,5,1156,2045,0,0,3201,0,1156,2045,3201
110699,2,999,1,335,555,0,0,890,0,335,555,890
110699,2,999,5,335,555,0,0,890,0,335,555,890
110699,5,3,1,5,14,0,0,19,0,5,14,19
110699,5,3,5,5,14,0,0,19,0,5,14,19
110699,6,4,1,330,541,0,0,871,0,330,541,871
110699,6,4,5,330,541,0,0,871,0,330,541,871
110699,7,999,1,821,1490,0,0,2311,0,821,1490,2311
110699,7,999,5,821,1490,0,0,2311,0,821,1490,2311
110699,8,5,1,574,952,0,0,1526,0,574,952,1526
110699,8,5,5,574,952,0,0,1526,0,574,952,1526
110699,9,6,1,156,322,0,0,478,0,156,322,478
110699,9,6,5,156,322,0,0,478,0,156,322,478
110699,10,7,1,51,113,0,0,164,0,51,113,164
110699,10,7,5,51,113,0,0,164,0,51,113,164
110699,11,8,1,35,71,0,0,106,0,35,71,106
110699,11,8,5,35,71,0,0,106,0,35,71,106
110699,12,9,1,5,31,0,0,36,0,5,31,36
110699,12,9,5,5,31,0,0,36,0,5,31,36
110699,13,10,1,0,1,0,0,1,0,0,1,1
110699,13,10,5,0,1,0,0,1,0,0,1,1
110705,1,412,1,11500,13754,499,426,25254,925,11999,14180,26179
110705,1,112,2,10004,12476,401,315,22480,716,10405,12791,23196
110705,1,312,5,1496,1278,98,111,2774,209,1594,1389,2983
110705,2,999,1,10049,12603,373,308,22652,681,10422,12911,23333
110705,2,999,2,9633,12213,355,291,21846,646,9988,12504,22492
110705,2,999,5,416,390,18,17,806,35,434,407,841
110705,3,1,1,197,360,3,1,557,4,200,361,561
110705,3,1,2,197,360,3,1,557,4,200,361,561
110705,4,2,1,3760,5288,45,51,9048,96,3805,5339,9144
110705,4,2,2,3760,5288,45,51,9048,96,3805,5339,9144
110705,5,3,1,4339,5520,159,141,9859,300,4498,5661,10159
110705,5,3,2,4316,5511,159,140,9827,299,4475,5651,10126
110705,5,3,5,23,9,0,1,32,1,23,10,33
110705,6,4,1,1753,1435,166,115,3188,281,1919,1550,3469
110705,6,4,2,1360,1054,148,99,2414,247,1508,1153,2661
110705,6,4,5,393,381,18,16,774,34,411,397,808
110705,7,999,1,1451,1151,126,118,2602,244,1577,1269,2846
110705,7,999,2,371,263,46,24,634,70,417,287,704
110705,7,999,5,1080,888,80,94,1968,174,1160,982,2142
110705,8,5,1,1000,759,75,75,1759,150,1075,834,1909
110705,8,5,2,279,180,33,16,459,49,312,196,508
110705,8,5,5,721,579,42,59,1300,101,763,638,1401
110705,9,6,1,308,238,32,24,546,56,340,262,602
110705,9,6,2,56,38,6,5,94,11,62,43,105
110705,9,6,5,252,200,26,19,452,45,278,219,497
110705,10,7,1,81,83,14,10,164,24,95,93,188
110705,10,7,2,22,23,6,1,45,7,28,24,52
110705,10,7,5,59,60,8,9,119,17,67,69,136
110705,11,8,1,43,48,4,5,91,9,47,53,100
110705,11,8,2,10,12,0,0,22,0,10,12,22
110705,11,8,5,33,36,4,5,69,9,37,41,78
110705,12,9,1,18,19,1,4,37,5,19,23,42
110705,12,9,2,4,9,1,2,13,3,5,11,16
110705,12,9,5,14,10,0,2,24,2,14,12,26
110705,13,10,1,1,4,0,0,5,0,1,4,5
110705,13,10,2,0,1,0,0,1,0,0,1,1
110705,13,10,5,1,3,0,0,4,0,1,3,4
110714,1,412,1,9707,8703,425,326,18410,751,10132,9029,19161
110714,1,112,2,8695,7826,396,290,16521,686,9091,8116,17207
110714,1,312,5,1012,877,29,36,1889,65,1041,913,1954
110714,2,999,1,8478,7727,346,242,16205,588,8824,7969,16793
110714,2,999,2,8228,7518,341,237,15746,578,8569,7755,16324
110714,2,999,5,250,209,5,5,459,10,255,214,469
110714,3,1,1,262,290,4,1,552,5,266,291,557
110714,3,1,2,262,290,4,1,552,5,266,291,557
110714,4,2,1,3459,3371,49,32,6830,81,3508,3403,6911
110714,4,2,2,3459,3371,49,32,6830,81,3508,3403,6911
110714,5,3,1,3315,3061,116,90,6376,206,3431,3151,6582
110714,5,3,2,3298,3047,116,90,6345,206,3414,3137,6551
110714,5,3,5,17,14,0,0,31,0,17,14,31
110714,6,4,1,1442,1005,177,119,2447,296,1619,1124,2743
110714,6,4,2,1209,810,172,114,2019,286,1381,924,2305
110714,6,4,5,233,195,5,5,428,10,238,200,438
110714,7,999,1,1229,976,79,84,2205,163,1308,1060,2368
110714,7,999,2,467,308,55,53,775,108,522,361,883
110714,7,999,5,762,668,24,31,1430,55,786,699,1485
110714,8,5,1,760,567,42,42,1327,84,802,609,1411
110714,8,5,2,343,203,37,30,546,67,380,233,613
110714,8,5,5,417,364,5,12,781,17,422,376,798
110714,9,6,1,288,254,23,19,542,42,311,273,584
110714,9,6,2,75,61,11,10,136,21,86,71,157
110714,9,6,5,213,193,12,9,406,21,225,202,427
110714,10,7,1,115,82,3,12,197,15,118,94,212
110714,10,7,2,31,16,3,8,47,11,34,24,58
110714,10,7,5,84,66,0,4,150,4,84,70,154
110714,11,8,1,44,54,7,4,98,11,51,58,109
110714,11,8,2,14,18,2,2,32,4,16,20,36
110714,11,8,5,30,36,5,2,66,7,35,38,73
110714,12,9,1,18,18,3,6,36,9,21,24,45
110714,12,9,2,3,9,1,2,12,3,4,11,15
110714,12,9,5,15,9,2,4,24,6,17,13,30
110714,13,10,1,4,1,1,1,5,2,5,2,7
110714,13,10,2,1,1,1,1,2,2,2,2,4
110714,13,10,5,3,0,0,0,3,0,3,0,3
110778,1,412,1,29,85,717,683,114,1400,746,768,1514
110778,1,112,2,0,7,2,1,7,3,2,8,10
110778,1,312,5,29,78,715,682,107,1397,744,760,1504
110778,2,999,1,1,5,4,11,6,15,5,16,21
110778,2,999,2,0,1,0,0,1,0,0,1,1
110778,2,999,5,1,4,4,11,5,15,5,15,20
110778,5,3,1,0,1,0,2,1,2,0,3,3
110778,5,3,2,0,1,0,0,1,0,0,1,1
110778,5,3,5,0,0,0,2,0,2,0,2,2
110778,6,4,1,1,4,4,9,5,13,5,13,18
110778,6,4,5,1,4,4,9,5,13,5,13,18
110778,7,999,1,27,80,712,671,107,1383,739,751,1490
110778,7,999,2,0,6,2,0,6,2,2,6,8
110778,7,999,5,27,74,710,671,101,1381,737,745,1482
110778,8,5,1,8,29,52,67,37,119,60,96,156
110778,8,5,2,0,2,1,0,2,1,1,2,3
110778,8,5,5,8,27,51,67,35,118,59,94,153
110778,9,6,1,7,18,130,158,25,288,137,176,313
110778,9,6,2,0,1,0,0,1,0,0,1,1
110778,9,6,5,7,17,130,158,24,288,137,175,312
110778,10,7,1,4,12,218,220,16,438,222,232,454
110778,10,7,2,0,2,1,0,2,1,1,2,3
110778,10,7,5,4,10,217,220,14,437,221,230,451
110778,11,8,1,7,16,263,188,23,451,270,204,474
110778,11,8,2,0,1,0,0,1,0,0,1,1
110778,11,8,5,7,15,263,188,22,451,270,203,473
110778,12,9,1,1,5,41,37,6,78,42,42,84
110778,12,9,5,1,5,41,37,6,78,42,42,84
110778,13,10,1,0,0,8,1,0,9,8,1,9
110778,13,10,5,0,0,8,1,0,9,8,1,9
110778,14,11,1,1,0,1,1,1,2,2,1,3
110778,14,11,2,0,0,0,1,0,1,0,1,1
110778,14,11,5,1,0,1,0,1,1,2,0,2
111188,1,412,1,703,170,61,18,873,79,764,188,952
111188,1,112,2,703,170,31,3,873,34,734,173,907
111188,1,312,5,0,0,30,15,0,45,30,15,45
111188,2,999,1,641,148,29,2,789,31,670,150,820
111188,2,999,2,641,148,25,1,789,26,666,149,815
111188,2,999,5,0,0,4,1,0,5,4,1,5
111188,3,1,1,6,6,0,0,12,0,6,6,12
111188,3,1,2,6,6,0,0,12,0,6,6,12
111188,4,2,1,235,64,2,0,299,2,237,64,301
111188,4,2,2,235,64,2,0,299,2,237,64,301
111188,5,3,1,280,60,9,0,340,9,289,60,349
111188,5,3,2,280,60,9,0,340,9,289,60,349
111188,6,4,1,120,18,18,2,138,20,138,20,158
111188,6,4,2,120,18,14,1,138,15,134,19,153
111188,6,4,5,0,0,4,1,0,5,4,1,5
111188,7,999,1,62,22,32,16,84,48,94,38,132
111188,7,999,2,62,22,6,2,84,8,68,24,92
111188,7,999,5,0,0,26,14,0,40,26,14,40
111188,8,5,1,40,8,11,7,48,18,51,15,66
111188,8,5,2,40,8,5,2,48,7,45,10,55
111188,8,5,5,0,0,6,5,0,11,6,5,11
111188,9,6,1,13,8,8,1,21,9,21,9,30
111188,9,6,2,13,8,0,0,21,0,13,8,21
111188,9,6,5,0,0,8,1,0,9,8,1,9
111188,10,7,1,6,5,3,2,11,5,9,7,16
111188,10,7,2,6,5,1,0,11,1,7,5,12
111188,10,7,5,0,0,2,2,0,4,2,2,4
111188,11,8,1,1,1,8,4,2,12,9,5,14
111188,11,8,2,1,1,0,0,2,0,1,1,2
111188,11,8,5,0,0,8,4,0,12,8,4,12
111188,12,9,1,2,0,2,1,2,3,4,1,5
111188,12,9,2,2,0,0,0,2,0,2,0,2
111188,12,9,5,0,0,2,1,0,3,2,1,3
111188,13,10,1,0,0,0,1,0,1,0,1,1
111188,13,10,5,0,0,0,1,0,1,0,1,1
111434,1,412,1,271,321,1751,2888,592,4639,2022,3209,5231
111434,1,112,2,271,321,1751,2888,592,4639,2022,3209,5231
111434,2,999,1,248,242,1279,1452,490,2731,1527,1694,3221
111434,2,999,2,248,242,1279,1452,490,2731,1527,1694,3221
111434,3,1,1,9,10,153,211,19,364,162,221,383
111434,3,1,2,9,10,153,211,19,364,162,221,383
111434,4,2,1,154,153,452,468,307,920,606,621,1227
111434,4,2,2,154,153,452,468,307,920,606,621,1227
111434,5,3,1,63,58,358,383,121,741,421,441,862
111434,5,3,2,63,58,358,383,121,741,421,441,862
111434,6,4,1,22,21,316,390,43,706,338,411,749
111434,6,4,2,22,21,316,390,43,706,338,411,749
111434,7,999,1,23,79,472,1436,102,1908,495,1515,2010
111434,7,999,2,23,79,472,1436,102,1908,495,1515,2010
111434,8,5,1,11,30,227,402,41,629,238,432,670
111434,8,5,2,11,30,227,402,41,629,238,432,670
111434,9,6,1,8,17,99,290,25,389,107,307,414
111434,9,6,2,8,17,99,290,25,389,107,307,414
111434,10,7,1,2,16,45,189,18,234,47,205,252
111434,10,7,2,2,16,45,189,18,234,47,205,252
111434,11,8,1,1,9,60,268,10,328,61,277,338
111434,11,8,2,1,9,60,268,10,328,61,277,338
111434,12,9,1,1,7,34,238,8,272,35,245,280
111434,12,9,2,1,7,34,238,8,272,35,245,280
111434,13,10,1,0,0,7,49,0,56,7,49,56
111434,13,10,2,0,0,7,49,0,56,7,49,56
111461,1,412,1,2785,3293,8168,6327,6078,14495,10953,9620,20573
111461,1,112,2,2785,3293,8168,6327,6078,14495,10953,9620,20573
111461,2,999,1,2420,2894,3076,3452,5314,6528,5496,6346,11842
111461,2,999,2,2420,2894,3076,3452,5314,6528,5496,6346,11842
111461,3,1,1,101,177,678,989,278,1667,779,1166,1945
111461,3,1,2,101,177,678,989,278,1667,779,1166,1945
111461,4,2,1,1508,1873,729,660,3381,1389,2237,2533,4770
111461,4,2,2,1508,1873,729,660,3381,1389,2237,2533,4770
111461,5,3,1,512,575,823,887,1087,1710,1335,1462,2797
111461,5,3,2,512,575,823,887,1087,1710,1335,1462,2797
111461,6,4,1,299,269,846,916,568,1762,1145,1185,2330
111461,6,4,2,299,269,846,916,568,1762,1145,1185,2330
111461,7,999,1,365,399,5092,2875,764,7967,5457,3274,8731
111461,7,999,2,365,399,5092,2875,764,7967,5457,3274,8731
111461,8,5,1,202,203,1246,1009,405,2255,1448,1212,2660
111461,8,5,2,202,203,1246,1009,405,2255,1448,1212,2660
111461,9,6,1,97,81,872,584,178,1456,969,665,1634
111461,9,6,2,97,81,872,584,178,1456,969,665,1634
111461,10,7,1,29,39,804,373,68,1177,833,412,1245
111461,10,7,2,29,39,804,373,68,1177,833,412,1245
111461,11,8,1,22,54,1310,551,76,1861,1332,605,1937
111461,11,8,2,22,54,1310,551,76,1861,1332,605,1937
111461,12,9,1,13,21,832,336,34,1168,845,357,1202
111461,12,9,2,13,21,832,336,34,1168,845,357,1202
111461,13,10,1,2,1,28,22,3,50,30,23,53
111461,13,10,2,2,1,28,22,3,50,30,23,53
111638,1,412,1,50,114,0,0,164,0,50,114,164
111638,1,112,2,50,114,0,0,164,0,50,114,164
111638,2,999,1,11,23,0,0,34,0,11,23,34
111638,2,999,2,11,23,0,0,34,0,11,23,34
111638,4,2,1,1,3,0,0,4,0,1,3,4
111638,4,2,2,1,3,0,0,4,0,1,3,4
111638,5,3,1,4,4,0,0,8,0,4,4,8
111638,5,3,2,4,4,0,0,8,0,4,4,8
111638,6,4,1,6,16,0,0,22,0,6,16,22
111638,6,4,2,6,16,0,0,22,0,6,16,22
111638,7,999,1,39,91,0,0,130,0,39,91,130
111638,7,999,2,39,91,0,0,130,0,39,91,130
111638,8,5,1,20,46,0,0,66,0,20,46,66
111638,8,5,2,20,46,0,0,66,0,20,46,66
111638,9,6,1,7,16,0,0,23,0,7,16,23
111638,9,6,2,7,16,0,0,23,0,7,16,23
111638,10,7,1,5,16,0,0,21,0,5,16,21
111638,10,7,2,5,16,0,0,21,0,5,16,21
111638,11,8,1,3,10,0,0,13,0,3,10,13
111638,11,8,2,3,10,0,0,13,0,3,10,13
111638,12,9,1,4,3,0,0,7,0,4,3,7
111638,12,9,2,4,3,0,0,7,0,4,3,7
111887,1,412,1,3623,4617,5565,6601,8240,12166,9188,11218,20406
111887,1,112,2,3623,4617,5565,6601,8240,12166,9188,11218,20406
111887,2,999,1,2890,3392,2834,3238,6282,6072,5724,6630,12354
111887,2,999,2,2890,3392,2834,3238,6282,6072,5724,6630,12354
111887,3,1,1,153,158,217,393,311,610,370,551,921
111887,3,1,2,153,158,217,393,311,610,370,551,921
111887,4,2,1,1586,1892,809,824,3478,1633,2395,2716,5111
111887,4,2,2,1586,1892,809,824,3478,1633,2395,2716,5111
111887,5,3,1,748,774,881,903,1522,1784,1629,1677,3306
111887,5,3,2,748,774,881,903,1522,1784,1629,1677,3306
111887,6,4,1,403,568,927,1118,971,2045,1330,1686,3016
111887,6,4,2,403,568,927,1118,971,2045,1330,1686,3016
111887,7,999,1,733,1225,2718,3363,1958,6081,3451,4588,8039
111887,7,999,2,733,1225,2718,3363,1958,6081,3451,4588,8039
111887,8,5,1,343,576,1158,1242,919,2400,1501,1818,3319
111887,8,5,2,343,576,1158,1242,919,2400,1501,1818,3319
111887,9,6,1,186,273,670,802,459,1472,856,1075,1931
111887,9,6,2,186,273,670,802,459,1472,856,1075,1931
111887,10,7,1,73,163,368,470,236,838,441,633,1074
111887,10,7,2,73,163,368,470,236,838,441,633,1074
111887,11,8,1,84,147,336,563,231,899,420,710,1130
111887,11,8,2,84,147,336,563,231,899,420,710,1130
111887,12,9,1,42,59,150,265,101,415,192,324,516
111887,12,9,2,42,59,150,265,101,415,192,324,516
111887,13,10,1,5,7,36,21,12,57,41,28,69
111887,13,10,2,5,7,36,21,12,57,41,28,69
111887,14,11,1,0,0,13,0,0,13,13,0,13
111887,14,11,2,0,0,13,0,0,13,13,0,13
111896,1,412,1,509,396,1734,2520,905,4254,2243,2916,5159
111896,1,112,2,509,396,1734,2520,905,4254,2243,2916,5159
111896,2,999,1,200,249,750,1269,449,2019,950,1518,2468
111896,2,999,2,200,249,750,1269,449,2019,950,1518,2468
111896,3,1,1,13,21,310,594,34,904,323,615,938
111896,3,1,2,13,21,310,594,34,904,323,615,938
111896,4,2,1,108,149,164,220,257,384,272,369,641
111896,4,2,2,108,149,164,220,257,384,272,369,641
111896,5,3,1,44,45,143,230,89,373,187,275,462
111896,5,3,2,44,45,143,230,89,373,187,275,462
111896,6,4,1,35,34,133,225,69,358,168,259,427
111896,6,4,2,35,34,133,225,69,358,168,259,427
111896,7,999,1,309,147,983,1250,456,2233,1292,1397,2689
111896,7,999,2,309,147,983,1250,456,2233,1292,1397,2689
111896,8,5,1,58,42,220,361,100,581,278,403,681
111896,8,5,2,58,42,220,361,100,581,278,403,681
111896,9,6,1,77,51,196,285,128,481,273,336,609
111896,9,6,2,77,51,196,285,128,481,273,336,609
111896,10,7,1,59,22,163,217,81,380,222,239,461
111896,10,7,2,59,22,163,217,81,380,222,239,461
111896,11,8,1,77,24,243,233,101,476,320,257,577
111896,11,8,2,77,24,243,233,101,476,320,257,577
111896,12,9,1,38,8,147,131,46,278,185,139,324
111896,12,9,2,38,8,147,131,46,278,185,139,324
111896,13,10,1,0,0,14,23,0,37,14,23,37
111896,13,10,2,0,0,14,23,0,37,14,23,37
111896,14,11,1,0,0,1,1,0,2,1,1,2
111896,14,11,2,0,0,1,1,0,2,1,1,2
111939,1,412,1,2166,3416,5183,9260,5582,14443,7349,12676,20025
111939,1,112,2,2166,3416,5183,9260,5582,14443,7349,12676,20025
111939,2,999,1,1744,2525,3491,5201,4269,8692,5235,7726,12961
111939,2,999,2,1744,2525,3491,5201,4269,8692,5235,7726,12961
111939,3,1,1,75,108,461,939,183,1400,536,1047,1583
111939,3,1,2,75,108,461,939,183,1400,536,1047,1583
111939,4,2,1,928,1276,1012,1316,2204,2328,1940,2592,4532
111939,4,2,2,928,1276,1012,1316,2204,2328,1940,2592,4532
111939,5,3,1,460,702,1057,1438,1162,2495,1517,2140,3657
111939,5,3,2,460,702,1057,1438,1162,2495,1517,2140,3657
111939,6,4,1,281,439,961,1508,720,2469,1242,1947,3189
111939,6,4,2,281,439,961,1508,720,2469,1242,1947,3189
111939,7,999,1,422,891,1692,4058,1313,5750,2114,4949,7063
111939,7,999,2,422,891,1692,4058,1313,5750,2114,4949,7063
111939,8,5,1,212,406,776,1558,618,2334,988,1964,2952
111939,8,5,2,212,406,776,1558,618,2334,988,1964,2952
111939,9,6,1,93,192,411,971,285,1382,504,1163,1667
111939,9,6,2,93,192,411,971,285,1382,504,1163,1667
111939,10,7,1,43,127,204,565,170,769,247,692,939
111939,10,7,2,43,127,204,565,170,769,247,692,939
111939,11,8,1,46,134,200,659,180,859,246,793,1039
111939,11,8,2,46,134,200,659,180,859,246,793,1039
111939,12,9,1,19,30,90,282,49,372,109,312,421
111939,12,9,2,19,30,90,282,49,372,109,312,421
111939,13,10,1,9,2,11,23,11,34,20,25,45
111939,13,10,2,9,2,11,23,11,34,20,25,45
111939,14,11,1,0,0,0,1,0,1,0,1,1
111939,14,11,2,0,0,0,1,0,1,0,1,1
111948,1,412,1,3368,5291,493,609,8659,1102,3861,5900,9761
111948,1,112,2,2657,4186,290,271,6843,561,2947,4457,7404
111948,1,312,5,711,1105,203,338,1816,541,914,1443,2357
111948,2,999,1,2838,4688,278,337,7526,615,3116,5025,8141
111948,2,999,2,2566,4127,253,248,6693,501,2819,4375,7194
111948,2,999,5,272,561,25,89,833,114,297,650,947
111948,3,1,1,34,78,74,75,112,149,108,153,261
111948,3,1,2,34,78,74,75,112,149,108,153,261
111948,4,2,1,1082,1927,29,25,3009,54,1111,1952,3063
111948,4,2,2,1080,1926,29,25,3006,54,1109,1951,3060
111948,4,2,5,2,1,0,0,3,0,2,1,3
111948,5,3,1,1199,1950,83,111,3149,194,1282,2061,3343
111948,5,3,2,1163,1868,82,105,3031,187,1245,1973,3218
111948,5,3,5,36,82,1,6,118,7,37,88,125
111948,6,4,1,523,733,92,126,1256,218,615,859,1474
111948,6,4,2,289,255,68,43,544,111,357,298,655
111948,6,4,5,234,478,24,83,712,107,258,561,819
111948,7,999,1,530,603,214,272,1133,486,744,875,1619
111948,7,999,2,91,59,36,23,150,59,127,82,209
111948,7,999,5,439,544,178,249,983,427,617,793,1410
111948,8,5,1,380,462,117,133,842,250,497,595,1092
111948,8,5,2,70,41,26,14,111,40,96,55,151
111948,8,5,5,310,421,91,119,731,210,401,540,941
111948,9,6,1,91,81,43,54,172,97,134,135,269
111948,9,6,2,18,11,8,3,29,11,26,14,40
111948,9,6,5,73,70,35,51,143,86,108,121,229
111948,10,7,1,33,29,23,37,62,60,56,66,122
111948,10,7,2,1,3,0,1,4,1,1,4,5
111948,10,7,5,32,26,23,36,58,59,55,62,117
111948,11,8,1,23,19,18,35,42,53,41,54,95
111948,11,8,2,1,4,1,5,5,6,2,9,11
111948,11,8,5,22,15,17,30,37,47,39,45,84
111948,12,9,1,3,11,10,12,14,22,13,23,36
111948,12,9,2,1,0,0,0,1,0,1,0,1
111948,12,9,5,2,11,10,12,13,22,12,23,35
111948,13,10,1,0,1,3,1,1,4,3,2,5
111948,13,10,2,0,0,1,0,0,1,1,0,1
111948,13,10,5,0,1,2,1,1,3,2,2,4
111948,14,11,1,0,0,1,0,0,1,1,0,1
111948,14,11,2,0,0,1,0,0,1,1,0,1
111966,1,412,1,196,554,30,92,750,122,226,646,872
111966,1,112,2,62,106,15,58,168,73,77,164,241
111966,1,312,5,134,448,15,34,582,49,149,482,631
111966,2,999,1,42,101,2,22,143,24,44,123,167
111966,2,999,2,27,55,2,22,82,24,29,77,106
111966,2,999,5,15,46,0,0,61,0,15,46,61
111966,3,1,1,0,2,0,1,2,1,0,3,3
111966,3,1,2,0,2,0,1,2,1,0,3,3
111966,4,2,1,8,23,1,2,31,3,9,25,34
111966,4,2,2,8,23,1,2,31,3,9,25,34
111966,5,3,1,11,21,0,6,32,6,11,27,38
111966,5,3,2,10,20,0,6,30,6,10,26,36
111966,5,3,5,1,1,0,0,2,0,1,1,2
111966,6,4,1,23,55,1,13,78,14,24,68,92
111966,6,4,2,9,10,1,13,19,14,10,23,33
111966,6,4,5,14,45,0,0,59,0,14,45,59
111966,7,999,1,154,453,28,70,607,98,182,523,705
111966,7,999,2,35,51,13,36,86,49,48,87,135
111966,7,999,5,119,402,15,34,521,49,134,436,570
111966,8,5,1,57,153,7,12,210,19,64,165,229
111966,8,5,2,16,15,6,10,31,16,22,25,47
111966,8,5,5,41,138,1,2,179,3,42,140,182
111966,9,6,1,41,98,4,16,139,20,45,114,159
111966,9,6,2,12,20,2,11,32,13,14,31,45
111966,9,6,5,29,78,2,5,107,7,31,83,114
111966,10,7,1,26,80,5,12,106,17,31,92,123
111966,10,7,2,4,8,1,9,12,10,5,17,22
111966,10,7,5,22,72,4,3,94,7,26,75,101
111966,11,8,1,18,75,5,15,93,20,23,90,113
111966,11,8,2,2,5,2,4,7,6,4,9,13
111966,11,8,5,16,70,3,11,86,14,19,81,100
111966,12,9,1,12,47,7,14,59,21,19,61,80
111966,12,9,2,1,3,2,2,4,4,3,5,8
111966,12,9,5,11,44,5,12,55,17,16,56,72
111966,13,10,1,0,0,0,1,0,1,0,1,1
111966,13,10,5,0,0,0,1,0,1,0,1,1
112075,1,412,1,1146,2108,401,416,3254,817,1547,2524,4071
112075,1,112,2,596,942,47,119,1538,166,643,1061,1704
112075,1,312,5,550,1166,354,297,1716,651,904,1463,2367
112075,2,999,1,620,1016,44,68,1636,112,664,1084,1748
112075,2,999,2,542,843,14,31,1385,45,556,874,1430
112075,2,999,5,78,173,30,37,251,67,108,210,318
112075,3,1,1,6,21,0,0,27,0,6,21,27
112075,3,1,2,6,21,0,0,27,0,6,21,27
112075,4,2,1,207,319,1,0,526,1,208,319,527
112075,4,2,2,207,319,1,0,526,1,208,319,527
112075,5,3,1,222,342,3,0,564,3,225,342,567
112075,5,3,2,219,330,2,0,549,2,221,330,551
112075,5,3,5,3,12,1,0,15,1,4,12,16
112075,6,4,1,185,334,40,68,519,108,225,402,627
112075,6,4,2,110,173,11,31,283,42,121,204,325
112075,6,4,5,75,161,29,37,236,66,104,198,302
112075,7,999,1,526,1092,357,348,1618,705,883,1440,2323
112075,7,999,2,54,99,33,88,153,121,87,187,274
112075,7,999,5,472,993,324,260,1465,584,796,1253,2049
112075,8,5,1,183,366,108,132,549,240,291,498,789
112075,8,5,2,42,81,16,49,123,65,58,130,188
112075,8,5,5,141,285,92,83,426,175,233,368,601
112075,9,6,1,103,182,76,64,285,140,179,246,425
112075,9,6,2,10,11,7,11,21,18,17,22,39
112075,9,6,5,93,171,69,53,264,122,162,224,386
112075,10,7,1,71,145,55,44,216,99,126,189,315
112075,10,7,2,1,5,2,9,6,11,3,14,17
112075,10,7,5,70,140,53,35,210,88,123,175,298
112075,11,8,1,115,245,78,69,360,147,193,314,507
112075,11,8,2,1,2,6,15,3,21,7,17,24
112075,11,8,5,114,243,72,54,357,126,186,297,483
112075,12,9,1,53,146,36,38,199,74,89,184,273
112075,12,9,2,0,0,2,4,0,6,2,4,6
112075,12,9,5,53,146,34,34,199,68,87,180,267
112075,13,10,1,1,8,4,1,9,5,5,9,14
112075,13,10,5,1,8,4,1,9,5,5,9,14
112084,1,412,1,226,196,46,44,422,90,272,240,512
112084,1,112,2,209,178,40,37,387,77,249,215,464
112084,1,312,5,17,18,6,7,35,13,23,25,48
112084,2,999,1,162,151,2,7,313,9,164,158,322
112084,2,999,2,158,149,2,7,307,9,160,156,316
112084,2,999,5,4,2,0,0,6,0,4,2,6
112084,4,2,1,48,43,0,1,91,1,48,44,92
112084,4,2,2,48,43,0,1,91,1,48,44,92
112084,5,3,1,59,68,0,1,127,1,59,69,128
112084,5,3,2,59,68,0,1,127,1,59,69,128
112084,6,4,1,55,40,2,5,95,7,57,45,102
112084,6,4,2,51,38,2,5,89,7,53,43,96
112084,6,4,5,4,2,0,0,6,0,4,2,6
112084,7,999,1,64,45,34,30,109,64,98,75,173
112084,7,999,2,51,29,28,23,80,51,79,52,131
112084,7,999,5,13,16,6,7,29,13,19,23,42
112084,8,5,1,31,22,7,2,53,9,38,24,62
112084,8,5,2,30,17,7,1,47,8,37,18,55
112084,8,5,5,1,5,0,1,6,1,1,6,7
112084,9,6,1,13,3,5,11,16,16,18,14,32
112084,9,6,2,8,3,3,10,11,13,11,13,24
112084,9,6,5,5,0,2,1,5,3,7,1,8
112084,10,7,1,10,7,8,4,17,12,18,11,29
112084,10,7,2,8,4,6,2,12,8,14,6,20
112084,10,7,5,2,3,2,2,5,4,4,5,9
112084,11,8,1,6,8,5,6,14,11,11,14,25
112084,11,8,2,4,4,5,5,8,10,9,9,18
112084,11,8,5,2,4,0,1,6,1,2,5,7
112084,12,9,1,4,5,8,7,9,15,12,12,24
112084,12,9,2,1,1,7,5,2,12,8,6,14
112084,12,9,5,3,4,1,2,7,3,4,6,10
112084,13,10,1,0,0,1,0,0,1,1,0,1
112084,13,10,5,0,0,1,0,0,1,1,0,1
112084,14,11,1,0,0,10,7,0,17,10,7,17
112084,14,11,2,0,0,10,7,0,17,10,7,17
112172,1,412,1,1942,2544,3063,4314,4486,7377,5005,6858,11863
112172,1,112,2,1942,2544,3063,4314,4486,7377,5005,6858,11863
112172,2,999,1,1623,2052,2118,2634,3675,4752,3741,4686,8427
112172,2,999,2,1623,2052,2118,2634,3675,4752,3741,4686,8427
112172,3,1,1,62,80,435,736,142,1171,497,816,1313
112172,3,1,2,62,80,435,736,142,1171,497,816,1313
112172,4,2,1,913,1165,486,474,2078,960,1399,1639,3038
112172,4,2,2,913,1165,486,474,2078,960,1399,1639,3038
112172,5,3,1,407,506,603,673,913,1276,1010,1179,2189
112172,5,3,2,407,506,603,673,913,1276,1010,1179,2189
112172,6,4,1,241,301,594,751,542,1345,835,1052,1887
112172,6,4,2,241,301,594,751,542,1345,835,1052,1887
112172,7,999,1,319,492,945,1680,811,2625,1264,2172,3436
112172,7,999,2,319,492,945,1680,811,2625,1264,2172,3436
112172,8,5,1,184,259,456,750,443,1206,640,1009,1649
112172,8,5,2,184,259,456,750,443,1206,640,1009,1649
112172,9,6,1,74,112,231,389,186,620,305,501,806
112172,9,6,2,74,112,231,389,186,620,305,501,806
112172,10,7,1,33,52,99,192,85,291,132,244,376
112172,10,7,2,33,52,99,192,85,291,132,244,376
112172,11,8,1,18,52,112,237,70,349,130,289,419
112172,11,8,2,18,52,112,237,70,349,130,289,419
112172,12,9,1,10,15,40,106,25,146,50,121,171
112172,12,9,2,10,15,40,106,25,146,50,121,171
112172,13,10,1,0,2,7,6,2,13,7,8,15
112172,13,10,2,0,2,7,6,2,13,7,8,15
112181,1,412,1,0,81,0,0,81,0,0,81,81
112181,1,112,2,0,81,0,0,81,0,0,81,81
112181,2,999,1,0,62,0,0,62,0,0,62,62
112181,2,999,2,0,62,0,0,62,0,0,62,62
112181,3,1,1,0,2,0,0,2,0,0,2,2
112181,3,1,2,0,2,0,0,2,0,0,2,2
112181,4,2,1,0,24,0,0,24,0,0,24,24
112181,4,2,2,0,24,0,0,24,0,0,24,24
112181,5,3,1,0,27,0,0,27,0,0,27,27
112181,5,3,2,0,27,0,0,27,0,0,27,27
112181,6,4,1,0,9,0,0,9,0,0,9,9
112181,6,4,2,0,9,0,0,9,0,0,9,9
112181,7,999,1,0,19,0,0,19,0,0,19,19
112181,7,999,2,0,19,0,0,19,0,0,19,19
112181,8,5,1,0,10,0,0,10,0,0,10,10
112181,8,5,2,0,10,0,0,10,0,0,10,10
112181,9,6,1,0,8,0,0,8,0,0,8,8
112181,9,6,2,0,8,0,0,8,0,0,8,8
112181,10,7,1,0,1,0,0,1,0,0,1,1
112181,10,7,2,0,1,0,0,1,0,0,1,1
112190,1,412,1,3239,3498,5597,7373,6737,12970,8836,10871,19707
112190,1,112,2,3239,3498,5597,7373,6737,12970,8836,10871,19707
112190,2,999,1,1913,1917,2187,2525,3830,4712,4100,4442,8542
112190,2,999,2,1913,1917,2187,2525,3830,4712,4100,4442,8542
112190,3,1,1,44,55,358,596,99,954,402,651,1053
112190,3,1,2,44,55,358,596,99,954,402,651,1053
112190,4,2,1,828,765,577,470,1593,1047,1405,1235,2640
112190,4,2,2,828,765,577,470,1593,1047,1405,1235,2640
112190,5,3,1,581,552,567,524,1133,1091,1148,1076,2224
112190,5,3,2,581,552,567,524,1133,1091,1148,1076,2224
112190,6,4,1,460,545,685,935,1005,1620,1145,1480,2625
112190,6,4,2,460,545,685,935,1005,1620,1145,1480,2625
112190,7,999,1,1326,1581,3410,4848,2907,8258,4736,6429,11165
112190,7,999,2,1326,1581,3410,4848,2907,8258,4736,6429,11165
112190,8,5,1,585,647,930,1378,1232,2308,1515,2025,3540
112190,8,5,2,585,647,930,1378,1232,2308,1515,2025,3540
112190,9,6,1,345,410,760,1099,755,1859,1105,1509,2614
112190,9,6,2,345,410,760,1099,755,1859,1105,1509,2614
112190,10,7,1,177,240,514,733,417,1247,691,973,1664
112190,10,7,2,177,240,514,733,417,1247,691,973,1664
112190,11,8,1,150,194,567,865,344,1432,717,1059,1776
112190,11,8,2,150,194,567,865,344,1432,717,1059,1776
112190,12,9,1,62,83,492,604,145,1096,554,687,1241
112190,12,9,2,62,83,492,604,145,1096,554,687,1241
112190,13,10,1,7,7,147,169,14,316,154,176,330
112190,13,10,2,7,7,147,169,14,316,154,176,330
112251,1,412,1,489,680,327,453,1169,780,816,1133,1949
112251,1,312,5,489,680,327,453,1169,780,816,1133,1949
112251,2,999,1,40,94,36,52,134,88,76,146,222
112251,2,999,5,40,94,36,52,134,88,76,146,222
112251,4,2,1,0,1,0,0,1,0,0,1,1
112251,4,2,5,0,1,0,0,1,0,0,1,1
112251,5,3,1,1,3,2,1,4,3,3,4,7
112251,5,3,5,1,3,2,1,4,3,3,4,7
112251,6,4,1,39,90,34,51,129,85,73,141,214
112251,6,4,5,39,90,34,51,129,85,73,141,214
112251,7,999,1,449,586,291,399,1035,690,740,985,1725
112251,7,999,5,449,586,291,399,1035,690,740,985,1725
112251,8,5,1,109,147,78,116,256,194,187,263,450
112251,8,5,5,109,147,78,116,256,194,187,263,450
112251,9,6,1,106,159,82,89,265,171,188,248,436
112251,9,6,5,106,159,82,89,265,171,188,248,436
112251,10,7,1,87,112,47,55,199,102,134,167,301
112251,10,7,5,87,112,47,55,199,102,134,167,301
112251,11,8,1,93,98,51,99,191,150,144,197,341
112251,11,8,5,93,98,51,99,191,150,144,197,341
112251,12,9,1,46,58,29,36,104,65,75,94,169
112251,12,9,5,46,58,29,36,104,65,75,94,169
112251,13,10,1,8,12,4,4,20,8,12,16,28
112251,13,10,5,8,12,4,4,20,8,12,16,28
112251,14,11,1,0,0,0,2,0,2,0,2,2
112251,14,11,5,0,0,0,2,0,2,0,2,2
112385,1,412,1,314,491,4391,3630,805,8021,4705,4121,8826
112385,1,112,2,314,491,4391,3630,805,8021,4705,4121,8826
112385,2,999,1,146,226,1348,1832,372,3180,1494,2058,3552
112385,2,999,2,146,226,1348,1832,372,3180,1494,2058,3552
112385,3,1,1,0,10,297,375,10,672,297,385,682
112385,3,1,2,0,10,297,375,10,672,297,385,682
112385,4,2,1,54,79,273,285,133,558,327,364,691
112385,4,2,2,54,79,273,285,133,558,327,364,691
112385,5,3,1,48,61,353,479,109,832,401,540,941
112385,5,3,2,48,61,353,479,109,832,401,540,941
112385,6,4,1,44,76,425,693,120,1118,469,769,1238
112385,6,4,2,44,76,425,693,120,1118,469,769,1238
112385,7,999,1,168,265,3043,1798,433,4841,3211,2063,5274
112385,7,999,2,168,265,3043,1798,433,4841,3211,2063,5274
112385,8,5,1,58,86,616,639,144,1255,674,725,1399
112385,8,5,2,58,86,616,639,144,1255,674,725,1399
112385,9,6,1,31,44,572,365,75,937,603,409,1012
112385,9,6,2,31,44,572,365,75,937,603,409,1012
112385,10,7,1,17,47,503,266,64,769,520,313,833
112385,10,7,2,17,47,503,266,64,769,520,313,833
112385,11,8,1,16,39,721,282,55,1003,737,321,1058
112385,11,8,2,16,39,721,282,55,1003,737,321,1058
112385,12,9,1,25,34,553,207,59,760,578,241,819
112385,12,9,2,25,34,553,207,59,760,578,241,819
112385,13,10,1,21,15,78,39,36,117,99,54,153
112385,13,10,2,21,15,78,39,36,117,99,54,153
112561,1,412,1,238,336,656,902,574,1558,894,1238,2132
112561,1,112,2,238,336,656,902,574,1558,894,1238,2132
112561,2,999,1,191,270,314,506,461,820,505,776,1281
112561,2,999,2,191,270,314,506,461,820,505,776,1281
112561,3,1,1,9,15,108,169,24,277,117,184,301
112561,3,1,2,9,15,108,169,24,277,117,184,301
112561,4,2,1,123,185,88,96,308,184,211,281,492
112561,4,2,2,123,185,88,96,308,184,211,281,492
112561,5,3,1,40,46,59,115,86,174,99,161,260
112561,5,3,2,40,46,59,115,86,174,99,161,260
112561,6,4,1,19,24,59,126,43,185,78,150,228
112561,6,4,2,19,24,59,126,43,185,78,150,228
112561,7,999,1,47,66,342,396,113,738,389,462,851
112561,7,999,2,47,66,342,396,113,738,389,462,851
112561,8,5,1,27,23,90,134,50,224,117,157,274
112561,8,5,2,27,23,90,134,50,224,117,157,274
112561,9,6,1,10,23,71,88,33,159,81,111,192
112561,9,6,2,10,23,71,88,33,159,81,111,192
112561,10,7,1,5,5,61,64,10,125,66,69,135
112561,10,7,2,5,5,61,64,10,125,66,69,135
112561,11,8,1,3,9,69,60,12,129,72,69,141
112561,11,8,2,3,9,69,60,12,129,72,69,141
112561,12,9,1,2,6,42,40,8,82,44,46,90
112561,12,9,2,2,6,42,40,8,82,44,46,90
112561,13,10,1,0,0,9,10,0,19,9,10,19
112561,13,10,2,0,0,9,10,0,19,9,10,19
112686,1,412,1,265,600,1183,2564,865,3747,1448,3164,4612
112686,1,112,2,265,600,1183,2564,865,3747,1448,3164,4612
112686,2,999,1,182,333,873,1448,515,2321,1055,1781,2836
112686,2,999,2,182,333,873,1448,515,2321,1055,1781,2836
112686,3,1,1,4,7,475,826,11,1301,479,833,1312
112686,3,1,2,4,7,475,826,11,1301,479,833,1312
112686,4,2,1,73,112,113,126,185,239,186,238,424
112686,4,2,2,73,112,113,126,185,239,186,238,424
112686,5,3,1,61,124,145,218,185,363,206,342,548
112686,5,3,2,61,124,145,218,185,363,206,342,548
112686,6,4,1,44,90,140,278,134,418,184,368,552
112686,6,4,2,44,90,140,278,134,418,184,368,552
112686,7,999,1,83,267,310,1116,350,1426,393,1383,1776
112686,7,999,2,83,267,310,1116,350,1426,393,1383,1776
112686,8,5,1,39,105,121,416,144,537,160,521,681
112686,8,5,2,39,105,121,416,144,537,160,521,681
112686,9,6,1,15,77,72,286,92,358,87,363,450
112686,9,6,2,15,77,72,286,92,358,87,363,450
112686,10,7,1,9,45,43,164,54,207,52,209,261
112686,10,7,2,9,45,43,164,54,207,52,209,261
112686,11,8,1,10,30,35,179,40,214,45,209,254
112686,11,8,2,10,30,35,179,40,214,45,209,254
112686,12,9,1,8,10,36,66,18,102,44,76,120
112686,12,9,2,8,10,36,66,18,102,44,76,120
112686,13,10,1,2,0,3,5,2,8,5,5,10
112686,13,10,2,2,0,3,5,2,8,5,5,10
112826,1,412,1,566,843,1772,3068,1409,4840,2338,3911,6249
112826,1,112,2,566,843,1772,3068,1409,4840,2338,3911,6249
112826,2,999,1,456,585,1298,1595,1041,2893,1754,2180,3934
112826,2,999,2,456,585,1298,1595,1041,2893,1754,2180,3934
112826,3,1,1,22,29,341,411,51,752,363,440,803
112826,3,1,2,22,29,341,411,51,752,363,440,803
112826,4,2,1,249,303,387,390,552,777,636,693,1329
112826,4,2,2,249,303,387,390,552,777,636,693,1329
112826,5,3,1,118,152,338,384,270,722,456,536,992
112826,5,3,2,118,152,338,384,270,722,456,536,992
112826,6,4,1,67,101,232,410,168,642,299,511,810
112826,6,4,2,67,101,232,410,168,642,299,511,810
112826,7,999,1,110,258,474,1473,368,1947,584,1731,2315
112826,7,999,2,110,258,474,1473,368,1947,584,1731,2315
112826,8,5,1,55,97,173,462,152,635,228,559,787
112826,8,5,2,55,97,173,462,152,635,228,559,787
112826,9,6,1,32,58,105,345,90,450,137,403,540
112826,9,6,2,32,58,105,345,90,450,137,403,540
112826,10,7,1,11,39,67,230,50,297,78,269,347
112826,10,7,2,11,39,67,230,50,297,78,269,347
112826,11,8,1,5,42,68,265,47,333,73,307,380
112826,11,8,2,5,42,68,265,47,333,73,307,380
112826,12,9,1,7,21,46,141,28,187,53,162,215
112826,12,9,2,7,21,46,141,28,187,53,162,215
112826,13,10,1,0,1,15,30,1,45,15,31,46
112826,13,10,2,0,1,15,30,1,45,15,31,46
113096,1,412,1,1375,1739,4693,6860,3114,11553,6068,8599,14667
113096,1,112,2,1375,1739,4693,6860,3114,11553,6068,8599,14667
113096,2,999,1,1226,1426,3087,3785,2652,6872,4313,5211,9524
113096,2,999,2,1226,1426,3087,3785,2652,6872,4313,5211,9524
113096,3,1,1,57,86,161,274,143,435,218,360,578
113096,3,1,2,57,86,161,274,143,435,218,360,578
113096,4,2,1,780,896,1137,1217,1676,2354,1917,2113,4030
113096,4,2,2,780,896,1137,1217,1676,2354,1917,2113,4030
113096,5,3,1,264,298,967,1158,562,2125,1231,1456,2687
113096,5,3,2,264,298,967,1158,562,2125,1231,1456,2687
113096,6,4,1,125,146,822,1136,271,1958,947,1282,2229
113096,6,4,2,125,146,822,1136,271,1958,947,1282,2229
113096,7,999,1,149,313,1606,3074,462,4680,1755,3387,5142
113096,7,999,2,149,313,1606,3074,462,4680,1755,3387,5142
113096,8,5,1,65,113,662,1063,178,1725,727,1176,1903
113096,8,5,2,65,113,662,1063,178,1725,727,1176,1903
113096,9,6,1,26,73,372,675,99,1047,398,748,1146
113096,9,6,2,26,73,372,675,99,1047,398,748,1146
113096,10,7,1,21,52,215,480,73,695,236,532,768
113096,10,7,2,21,52,215,480,73,695,236,532,768
113096,11,8,1,24,49,219,521,73,740,243,570,813
113096,11,8,2,24,49,219,521,73,740,243,570,813
113096,12,9,1,10,23,114,305,33,419,124,328,452
113096,12,9,2,10,23,114,305,33,419,124,328,452
113096,13,10,1,3,3,24,30,6,54,27,33,60
113096,13,10,2,3,3,24,30,6,54,27,33,60
113096,14,11,1,0,0,0,1,0,1,0,1,1
113096,14,11,2,0,0,0,1,0,1,0,1,1
113111,1,412,1,821,1150,1777,2264,1971,4041,2598,3414,6012
113111,1,112,2,821,1150,1777,2264,1971,4041,2598,3414,6012
113111,2,999,1,696,954,1090,1270,1650,2360,1786,2224,4010
113111,2,999,2,696,954,1090,1270,1650,2360,1786,2224,4010
113111,3,1,1,26,52,94,199,78,293,120,251,371
113111,3,1,2,26,52,94,199,78,293,120,251,371
113111,4,2,1,446,605,296,305,1051,601,742,910,1652
113111,4,2,2,446,605,296,305,1051,601,742,910,1652
113111,5,3,1,150,183,355,367,333,722,505,550,1055
113111,5,3,2,150,183,355,367,333,722,505,550,1055
113111,6,4,1,74,114,345,399,188,744,419,513,932
113111,6,4,2,74,114,345,399,188,744,419,513,932
113111,7,999,1,125,196,687,994,321,1681,812,1190,2002
113111,7,999,2,125,196,687,994,321,1681,812,1190,2002
113111,8,5,1,77,99,324,381,176,705,401,480,881
113111,8,5,2,77,99,324,381,176,705,401,480,881
113111,9,6,1,21,44,158,231,65,389,179,275,454
113111,9,6,2,21,44,158,231,65,389,179,275,454
113111,10,7,1,16,19,82,157,35,239,98,176,274
113111,10,7,2,16,19,82,157,35,239,98,176,274
113111,11,8,1,9,27,79,158,36,237,88,185,273
113111,11,8,2,9,27,79,158,36,237,88,185,273
113111,12,9,1,2,7,39,63,9,102,41,70,111
113111,12,9,2,2,7,39,63,9,102,41,70,111
113111,13,10,1,0,0,5,4,0,9,5,4,9
113111,13,10,2,0,0,5,4,0,9,5,4,9
113193,1,412,1,1378,1609,3363,3743,2987,7106,4741,5352,10093
113193,1,112,2,1378,1609,3363,3743,2987,7106,4741,5352,10093
113193,2,999,1,1150,1349,2044,2325,2499,4369,3194,3674,6868
113193,2,999,2,1150,1349,2044,2325,2499,4369,3194,3674,6868
113193,3,1,1,36,55,782,936,91,1718,818,991,1809
113193,3,1,2,36,55,782,936,91,1718,818,991,1809
113193,4,2,1,701,824,512,478,1525,990,1213,1302,2515
113193,4,2,2,701,824,512,478,1525,990,1213,1302,2515
113193,5,3,1,292,330,417,475,622,892,709,805,1514
113193,5,3,2,292,330,417,475,622,892,709,805,1514
113193,6,4,1,121,140,333,436,261,769,454,576,1030
113193,6,4,2,121,140,333,436,261,769,454,576,1030
113193,7,999,1,228,260,1318,1418,488,2736,1546,1678,3224
113193,7,999,2,228,260,1318,1418,488,2736,1546,1678,3224
113193,8,5,1,105,123,347,504,228,851,452,627,1079
113193,8,5,2,105,123,347,504,228,851,452,627,1079
113193,9,6,1,66,51,273,306,117,579,339,357,696
113193,9,6,2,66,51,273,306,117,579,339,357,696
113193,10,7,1,24,35,197,198,59,395,221,233,454
113193,10,7,2,24,35,197,198,59,395,221,233,454
113193,11,8,1,17,35,233,213,52,446,250,248,498
113193,11,8,2,17,35,233,213,52,446,250,248,498
113193,12,9,1,15,16,222,171,31,393,237,187,424
113193,12,9,2,15,16,222,171,31,393,237,187,424
113193,13,10,1,1,0,46,26,1,72,47,26,73
113193,13,10,2,1,0,46,26,1,72,47,26,73
113193,14,11,1,0,0,1,0,0,1,1,0,1
113193,14,11,2,0,0,1,0,0,1,1,0,1
113218,1,412,1,717,929,2890,4184,1646,7074,3607,5113,8720
113218,1,112,2,717,929,2890,4184,1646,7074,3607,5113,8720
113218,2,999,1,463,445,1898,2529,908,4427,2361,2974,5335
113218,2,999,2,463,445,1898,2529,908,4427,2361,2974,5335
113218,3,1,1,27,25,233,502,52,735,260,527,787
113218,3,1,2,27,25,233,502,52,735,260,527,787
113218,4,2,1,275,255,661,731,530,1392,936,986,1922
113218,4,2,2,275,255,661,731,530,1392,936,986,1922
113218,5,3,1,105,106,557,706,211,1263,662,812,1474
113218,5,3,2,105,106,557,706,211,1263,662,812,1474
113218,6,4,1,56,59,447,590,115,1037,503,649,1152
113218,6,4,2,56,59,447,590,115,1037,503,649,1152
113218,7,999,1,254,484,992,1655,738,2647,1246,2139,3385
113218,7,999,2,254,484,992,1655,738,2647,1246,2139,3385
113218,8,5,1,49,70,397,566,119,963,446,636,1082
113218,8,5,2,49,70,397,566,119,963,446,636,1082
113218,9,6,1,42,94,224,351,136,575,266,445,711
113218,9,6,2,42,94,224,351,136,575,266,445,711
113218,10,7,1,37,85,109,225,122,334,146,310,456
113218,10,7,2,37,85,109,225,122,334,146,310,456
113218,11,8,1,48,127,151,280,175,431,199,407,606
113218,11,8,2,48,127,151,280,175,431,199,407,606
113218,12,9,1,47,92,89,203,139,292,136,295,431
113218,12,9,2,47,92,89,203,139,292,136,295,431
113218,13,10,1,31,16,22,30,47,52,53,46,99
113218,13,10,2,31,16,22,30,47,52,53,46,99
113236,1,412,1,2253,3015,4075,5982,5268,10057,6328,8997,15325
113236,1,112,2,2253,3015,4075,5982,5268,10057,6328,8997,15325
113236,2,999,1,1893,2414,2671,3506,4307,6177,4564,5920,10484
113236,2,999,2,1893,2414,2671,3506,4307,6177,4564,5920,10484
113236,3,1,1,74,102,369,528,176,897,443,630,1073
113236,3,1,2,74,102,369,528,176,897,443,630,1073
113236,4,2,1,1047,1356,681,787,2403,1468,1728,2143,3871
113236,4,2,2,1047,1356,681,787,2403,1468,1728,2143,3871
113236,5,3,1,487,604,822,1046,1091,1868,1309,1650,2959
113236,5,3,2,487,604,822,1046,1091,1868,1309,1650,2959
113236,6,4,1,285,352,799,1145,637,1944,1084,1497,2581
113236,6,4,2,285,352,799,1145,637,1944,1084,1497,2581
113236,7,999,1,360,601,1404,2476,961,3880,1764,3077,4841
113236,7,999,2,360,601,1404,2476,961,3880,1764,3077,4841
113236,8,5,1,194,290,693,1179,484,1872,887,1469,2356
113236,8,5,2,194,290,693,1179,484,1872,887,1469,2356
113236,9,6,1,74,143,305,575,217,880,379,718,1097
113236,9,6,2,74,143,305,575,217,880,379,718,1097
113236,10,7,1,40,80,139,288,120,427,179,368,547
113236,10,7,2,40,80,139,288,120,427,179,368,547
113236,11,8,1,35,62,175,290,97,465,210,352,562
113236,11,8,2,35,62,175,290,97,465,210,352,562
113236,12,9,1,16,26,75,128,42,203,91,154,245
113236,12,9,2,16,26,75,128,42,203,91,154,245
113236,13,10,1,1,0,17,16,1,33,18,16,34
113236,13,10,2,1,0,17,16,1,33,18,16,34
113333,1,412,1,4871,4445,4148,5185,9316,9333,9019,9630,18649
113333,1,112,2,4871,4445,4148,5185,9316,9333,9019,9630,18649
113333,2,999,1,4258,3596,2665,2555,7854,5220,6923,6151,13074
113333,2,999,2,4258,3596,2665,2555,7854,5220,6923,6151,13074
113333,3,1,1,183,210,368,481,393,849,551,691,1242
113333,3,1,2,183,210,368,481,393,849,551,691,1242
113333,4,2,1,2344,2070,700,532,4414,1232,3044,2602,5646
113333,4,2,2,2344,2070,700,532,4414,1232,3044,2602,5646
113333,5,3,1,1144,821,821,703,1965,1524,1965,1524,3489
113333,5,3,2,1144,821,821,703,1965,1524,1965,1524,3489
113333,6,4,1,587,495,776,839,1082,1615,1363,1334,2697
113333,6,4,2,587,495,776,839,1082,1615,1363,1334,2697
113333,7,999,1,613,849,1483,2630,1462,4113,2096,3479,5575
113333,7,999,2,613,849,1483,2630,1462,4113,2096,3479,5575
113333,8,5,1,353,414,600,861,767,1461,953,1275,2228
113333,8,5,2,353,414,600,861,767,1461,953,1275,2228
113333,9,6,1,127,200,340,541,327,881,467,741,1208
113333,9,6,2,127,200,340,541,327,881,467,741,1208
113333,10,7,1,51,108,166,390,159,556,217,498,715
113333,10,7,2,51,108,166,390,159,556,217,498,715
113333,11,8,1,51,101,171,534,152,705,222,635,857
113333,11,8,2,51,101,171,534,152,705,222,635,857
113333,12,9,1,31,23,149,250,54,399,180,273,453
113333,12,9,2,31,23,149,250,54,399,180,273,453
113333,13,10,1,0,3,57,54,3,111,57,57,114
113333,13,10,2,0,3,57,54,3,111,57,57,114
113537,1,412,1,3,2,0,0,5,0,3,2,5
113537,1,312,5,3,2,0,0,5,0,3,2,5
113537,2,999,1,1,1,0,0,2,0,1,1,2
113537,2,999,5,1,1,0,0,2,0,1,1,2
113537,6,4,1,1,1,0,0,2,0,1,1,2
113537,6,4,5,1,1,0,0,2,0,1,1,2
113537,7,999,1,2,1,0,0,3,0,2,1,3
113537,7,999,5,2,1,0,0,3,0,2,1,3
113537,8,5,1,2,0,0,0,2,0,2,0,2
113537,8,5,5,2,0,0,0,2,0,2,0,2
113537,12,9,1,0,1,0,0,1,0,0,1,1
113537,12,9,5,0,1,0,0,1,0,0,1,1
113573,1,412,1,1695,2502,2706,4029,4197,6735,4401,6531,10932
113573,1,112,2,1695,2502,2706,4029,4197,6735,4401,6531,10932
113573,2,999,1,1480,2085,1797,2130,3565,3927,3277,4215,7492
113573,2,999,2,1480,2085,1797,2130,3565,3927,3277,4215,7492
113573,3,1,1,68,105,376,399,173,775,444,504,948
113573,3,1,2,68,105,376,399,173,775,444,504,948
113573,4,2,1,913,1317,572,544,2230,1116,1485,1861,3346
113573,4,2,2,913,1317,572,544,2230,1116,1485,1861,3346
113573,5,3,1,345,457,445,599,802,1044,790,1056,1846
113573,5,3,2,345,457,445,599,802,1044,790,1056,1846
113573,6,4,1,154,206,404,588,360,992,558,794,1352
113573,6,4,2,154,206,404,588,360,992,558,794,1352
113573,7,999,1,215,417,909,1899,632,2808,1124,2316,3440
113573,7,999,2,215,417,909,1899,632,2808,1124,2316,3440
113573,8,5,1,116,179,379,738,295,1117,495,917,1412
113573,8,5,2,116,179,379,738,295,1117,495,917,1412
113573,9,6,1,41,94,197,453,135,650,238,547,785
113573,9,6,2,41,94,197,453,135,650,238,547,785
113573,10,7,1,22,58,104,268,80,372,126,326,452
113573,10,7,2,22,58,104,268,80,372,126,326,452
113573,11,8,1,24,61,115,255,85,370,139,316,455
113573,11,8,2,24,61,115,255,85,370,139,316,455
113573,12,9,1,11,24,100,163,35,263,111,187,298
113573,12,9,2,11,24,100,163,35,263,111,187,298
113573,13,10,1,1,1,14,22,2,36,15,23,38
113573,13,10,2,1,1,14,22,2,36,15,23,38
113582,1,412,1,7,68,4,51,75,55,11,119,130
113582,1,112,2,7,68,4,45,75,49,11,113,124
113582,1,312,5,0,0,0,6,0,6,0,6,6
113582,2,999,1,2,40,0,9,42,9,2,49,51
113582,2,999,2,2,40,0,9,42,9,2,49,51
113582,4,2,1,1,2,0,0,3,0,1,2,3
113582,4,2,2,1,2,0,0,3,0,1,2,3
113582,5,3,1,1,17,0,5,18,5,1,22,23
113582,5,3,2,1,17,0,5,18,5,1,22,23
113582,6,4,1,0,21,0,4,21,4,0,25,25
113582,6,4,2,0,21,0,4,21,4,0,25,25
113582,7,999,1,5,28,4,42,33,46,9,70,79
113582,7,999,2,5,28,4,36,33,40,9,64,73
113582,7,999,5,0,0,0,6,0,6,0,6,6
113582,8,5,1,2,14,1,18,16,19,3,32,35
113582,8,5,2,2,14,1,16,16,17,3,30,33
113582,8,5,5,0,0,0,2,0,2,0,2,2
113582,9,6,1,1,8,1,14,9,15,2,22,24
113582,9,6,2,1,8,1,13,9,14,2,21,23
113582,9,6,5,0,0,0,1,0,1,0,1,1
113582,10,7,1,1,4,1,2,5,3,2,6,8
113582,10,7,2,1,4,1,2,5,3,2,6,8
113582,11,8,1,1,1,0,7,2,7,1,8,9
113582,11,8,2,1,1,0,4,2,4,1,5,6
113582,11,8,5,0,0,0,3,0,3,0,3,3
113582,12,9,1,0,1,1,1,1,2,1,2,3
113582,12,9,2,0,1,1,1,1,2,1,2,3
113634,1,412,1,3352,3357,5363,6621,6709,11984,8715,9978,18693
113634,1,112,2,3352,3357,5363,6621,6709,11984,8715,9978,18693
113634,2,999,1,2955,2840,3258,3530,5795,6788,6213,6370,12583
113634,2,999,2,2955,2840,3258,3530,5795,6788,6213,6370,12583
113634,3,1,1,96,113,408,577,209,985,504,690,1194
113634,3,1,2,96,113,408,577,209,985,504,690,1194
113634,4,2,1,1698,1656,911,898,3354,1809,2609,2554,5163
113634,4,2,2,1698,1656,911,898,3354,1809,2609,2554,5163
113634,5,3,1,820,732,1045,1036,1552,2081,1865,1768,3633
113634,5,3,2,820,732,1045,1036,1552,2081,1865,1768,3633
113634,6,4,1,341,339,894,1019,680,1913,1235,1358,2593
113634,6,4,2,341,339,894,1019,680,1913,1235,1358,2593
113634,7,999,1,397,517,2105,3091,914,5196,2502,3608,6110
113634,7,999,2,397,517,2105,3091,914,5196,2502,3608,6110
113634,8,5,1,225,242,803,967,467,1770,1028,1209,2237
113634,8,5,2,225,242,803,967,467,1770,1028,1209,2237
113634,9,6,1,79,118,488,640,197,1128,567,758,1325
113634,9,6,2,79,118,488,640,197,1128,567,758,1325
113634,10,7,1,39,55,292,458,94,750,331,513,844
113634,10,7,2,39,55,292,458,94,750,331,513,844
113634,11,8,1,33,61,272,548,94,820,305,609,914
113634,11,8,2,33,61,272,548,94,820,305,609,914
113634,12,9,1,19,40,195,409,59,604,214,449,663
113634,12,9,2,19,40,195,409,59,604,214,449,663
113634,13,10,1,2,1,55,69,3,124,57,70,127
113634,13,10,2,2,1,55,69,3,124,57,70,127
113698,1,412,1,502,1092,62,181,1594,243,564,1273,1837
113698,1,112,2,421,808,45,105,1229,150,466,913,1379
113698,1,312,5,81,284,17,76,365,93,98,360,458
113698,2,999,1,377,827,24,54,1204,78,401,881,1282
113698,2,999,2,356,754,23,43,1110,66,379,797,1176
113698,2,999,5,21,73,1,11,94,12,22,84,106
113698,3,1,1,14,23,0,0,37,0,14,23,37
113698,3,1,2,14,23,0,0,37,0,14,23,37
113698,4,2,1,148,324,1,0,472,1,149,324,473
113698,4,2,2,148,324,1,0,472,1,149,324,473
113698,5,3,1,128,353,6,5,481,11,134,358,492
113698,5,3,2,128,347,6,5,475,11,134,352,486
113698,5,3,5,0,6,0,0,6,0,0,6,6
113698,6,4,1,87,127,17,49,214,66,104,176,280
113698,6,4,2,66,60,16,38,126,54,82,98,180
113698,6,4,5,21,67,1,11,88,12,22,78,100
113698,7,999,1,112,261,37,119,373,156,149,380,529
113698,7,999,2,55,51,22,59,106,81,77,110,187
113698,7,999,5,57,210,15,60,267,75,72,270,342
113698,8,5,1,65,143,14,39,208,53,79,182,261
113698,8,5,2,36,25,12,25,61,37,48,50,98
113698,8,5,5,29,118,2,14,147,16,31,132,163
113698,9,6,1,26,59,7,18,85,25,33,77,110
113698,9,6,2,10,15,5,10,25,15,15,25,40
113698,9,6,5,16,44,2,8,60,10,18,52,70
113698,10,7,1,12,24,4,13,36,17,16,37,53
113698,10,7,2,6,6,2,9,12,11,8,15,23
113698,10,7,5,6,18,2,4,24,6,8,22,30
113698,11,8,1,5,24,7,20,29,27,12,44,56
113698,11,8,2,2,2,2,7,4,9,4,9,13
113698,11,8,5,3,22,5,13,25,18,8,35,43
113698,12,9,1,4,11,4,26,15,30,8,37,45
113698,12,9,2,1,3,1,7,4,8,2,10,12
113698,12,9,5,3,8,3,19,11,22,6,27,33
113698,13,10,1,0,0,1,3,0,4,1,3,4
113698,13,10,2,0,0,0,1,0,1,0,1,1
113698,13,10,5,0,0,1,2,0,3,1,2,3
113698,14,11,1,13,4,1,8,17,9,14,12,26
113698,14,11,2,10,3,0,3,13,3,10,6,16
113698,14,11,5,3,1,1,5,4,6,4,6,10
113704,1,412,1,48,2,15,7,50,22,63,9,72
113704,1,312,5,48,2,15,7,50,22,63,9,72
113704,2,999,1,10,1,0,1,11,1,10,2,12
113704,2,999,5,10,1,0,1,11,1,10,2,12
113704,5,3,1,2,0,0,0,2,0,2,0,2
113704,5,3,5,2,0,0,0,2,0,2,0,2
113704,6,4,1,8,1,0,1,9,1,8,2,10
113704,6,4,5,8,1,0,1,9,1,8,2,10
113704,7,999,1,38,1,15,6,39,21,53,7,60
113704,7,999,5,38,1,15,6,39,21,53,7,60
113704,8,5,1,19,1,2,2,20,4,21,3,24
113704,8,5,5,19,1,2,2,20,4,21,3,24
113704,9,6,1,13,0,6,1,13,7,19,1,20
113704,9,6,5,13,0,6,1,13,7,19,1,20
113704,10,7,1,4,0,2,1,4,3,6,1,7
113704,10,7,5,4,0,2,1,4,3,6,1,7
113704,11,8,1,2,0,2,0,2,2,4,0,4
113704,11,8,5,2,0,2,0,2,2,4,0,4
113704,12,9,1,0,0,3,1,0,4,3,1,4
113704,12,9,5,0,0,3,1,0,4,3,1,4
113704,13,10,1,0,0,0,1,0,1,0,1,1
113704,13,10,5,0,0,0,1,0,1,0,1,1
113856,1,412,1,2414,3555,13194,14234,5969,27428,15608,17789,33397
113856,1,112,2,2414,3555,13194,14234,5969,27428,15608,17789,33397
113856,2,999,1,1961,2654,4688,6703,4615,11391,6649,9357,16006
113856,2,999,2,1961,2654,4688,6703,4615,11391,6649,9357,16006
113856,3,1,1,73,102,818,1581,175,2399,891,1683,2574
113856,3,1,2,73,102,818,1581,175,2399,891,1683,2574
113856,4,2,1,1032,1267,1171,1242,2299,2413,2203,2509,4712
113856,4,2,2,1032,1267,1171,1242,2299,2413,2203,2509,4712
113856,5,3,1,498,764,1301,1709,1262,3010,1799,2473,4272
113856,5,3,2,498,764,1301,1709,1262,3010,1799,2473,4272
113856,6,4,1,358,521,1398,2171,879,3569,1756,2692,4448
113856,6,4,2,358,521,1398,2171,879,3569,1756,2692,4448
113856,7,999,1,453,901,8502,7530,1354,16032,8955,8431,17386
113856,7,999,2,453,901,8502,7530,1354,16032,8955,8431,17386
113856,8,5,1,238,483,1864,2562,721,4426,2102,3045,5147
113856,8,5,2,238,483,1864,2562,721,4426,2102,3045,5147
113856,9,6,1,121,209,1320,1603,330,2923,1441,1812,3253
113856,9,6,2,121,209,1320,1603,330,2923,1441,1812,3253
113856,10,7,1,46,96,1166,1021,142,2187,1212,1117,2329
113856,10,7,2,46,96,1166,1021,142,2187,1212,1117,2329
113856,11,8,1,33,87,2107,1414,120,3521,2140,1501,3641
113856,11,8,2,33,87,2107,1414,120,3521,2140,1501,3641
113856,12,9,1,15,23,1960,876,38,2836,1975,899,2874
113856,12,9,2,15,23,1960,876,38,2836,1975,899,2874
113856,13,10,1,0,3,85,54,3,139,85,57,142
113856,13,10,2,0,3,85,54,3,139,85,57,142
113856,14,11,1,0,0,4,1,0,5,4,1,5
113856,14,11,2,0,0,4,1,0,5,4,1,5
113980,1,412,1,3550,3953,5562,7353,7503,12915,9112,11306,20418
113980,1,112,2,3550,3953,5562,7353,7503,12915,9112,11306,20418
113980,2,999,1,3115,3316,3760,4160,6431,7920,6875,7476,14351
113980,2,999,2,3115,3316,3760,4160,6431,7920,6875,7476,14351
113980,3,1,1,143,163,392,665,306,1057,535,828,1363
113980,3,1,2,143,163,392,665,306,1057,535,828,1363
113980,4,2,1,1849,2003,1077,977,3852,2054,2926,2980,5906
113980,4,2,2,1849,2003,1077,977,3852,2054,2926,2980,5906
113980,5,3,1,756,766,1210,1231,1522,2441,1966,1997,3963
113980,5,3,2,756,766,1210,1231,1522,2441,1966,1997,3963
113980,6,4,1,367,384,1081,1287,751,2368,1448,1671,3119
113980,6,4,2,367,384,1081,1287,751,2368,1448,1671,3119
113980,7,999,1,428,637,1802,3193,1065,4995,2230,3830,6060
113980,7,999,2,428,637,1802,3193,1065,4995,2230,3830,6060
113980,8,5,1,236,315,884,1321,551,2205,1120,1636,2756
113980,8,5,2,236,315,884,1321,551,2205,1120,1636,2756
113980,9,6,1,96,156,414,698,252,1112,510,854,1364
113980,9,6,2,96,156,414,698,252,1112,510,854,1364
113980,10,7,1,46,56,190,404,102,594,236,460,696
113980,10,7,2,46,56,190,404,102,594,236,460,696
113980,11,8,1,32,80,152,435,112,587,184,515,699
113980,11,8,2,32,80,152,435,112,587,184,515,699
113980,12,9,1,15,27,127,288,42,415,142,315,457
113980,12,9,2,15,27,127,288,42,415,142,315,457
113980,13,10,1,3,3,35,47,6,82,38,50,88
113980,13,10,2,3,3,35,47,6,82,38,50,88
113980,14,11,1,7,0,0,0,7,0,7,0,7
113980,14,11,2,7,0,0,0,7,0,7,0,7
114123,1,412,1,54,147,15,25,201,40,69,172,241
114123,1,112,2,34,113,7,12,147,19,41,125,166
114123,1,312,5,20,34,8,13,54,21,28,47,75
114123,2,999,1,15,48,3,6,63,9,18,54,72
114123,2,999,2,14,44,3,4,58,7,17,48,65
114123,2,999,5,1,4,0,2,5,2,1,6,7
114123,4,2,1,1,7,1,0,8,1,2,7,9
114123,4,2,2,1,7,1,0,8,1,2,7,9
114123,5,3,1,5,12,2,3,17,5,7,15,22
114123,5,3,2,5,12,2,3,17,5,7,15,22
114123,6,4,1,9,29,0,3,38,3,9,32,41
114123,6,4,2,8,25,0,1,33,1,8,26,34
114123,6,4,5,1,4,0,2,5,2,1,6,7
114123,7,999,1,39,99,12,18,138,30,51,117,168
114123,7,999,2,20,69,4,7,89,11,24,76,100
114123,7,999,5,19,30,8,11,49,19,27,41,68
114123,8,5,1,14,31,1,0,45,1,15,31,46
114123,8,5,2,8,20,0,0,28,0,8,20,28
114123,8,5,5,6,11,1,0,17,1,7,11,18
114123,9,6,1,10,27,1,4,37,5,11,31,42
114123,9,6,2,7,17,0,3,24,3,7,20,27
114123,9,6,5,3,10,1,1,13,2,4,11,15
114123,10,7,1,9,17,4,3,26,7,13,20,33
114123,10,7,2,3,13,1,1,16,2,4,14,18
114123,10,7,5,6,4,3,2,10,5,9,6,15
114123,11,8,1,4,15,3,9,19,12,7,24,31
114123,11,8,2,2,11,2,3,13,5,4,14,18
114123,11,8,5,2,4,1,6,6,7,3,10,13
114123,12,9,1,2,7,2,1,9,3,4,8,12
114123,12,9,2,0,6,0,0,6,0,0,6,6
114123,12,9,5,2,1,2,1,3,3,4,2,6
114123,13,10,1,0,2,1,1,2,2,1,3,4
114123,13,10,2,0,2,1,0,2,1,1,2,3
114123,13,10,5,0,0,0,1,0,1,0,1,1
114123,14,11,1,0,0,0,1,0,1,0,1,1
114123,14,11,2,0,0,0,1,0,1,0,1,1
114266,1,412,1,1025,1386,2622,3666,2411,6288,3647,5052,8699
114266,1,112,2,1025,1386,2622,3666,2411,6288,3647,5052,8699
114266,2,999,1,889,1108,1862,2115,1997,3977,2751,3223,5974
114266,2,999,2,889,1108,1862,2115,1997,3977,2751,3223,5974
114266,3,1,1,42,49,222,291,91,513,264,340,604
114266,3,1,2,42,49,222,291,91,513,264,340,604
114266,4,2,1,503,626,567,551,1129,1118,1070,1177,2247
114266,4,2,2,503,626,567,551,1129,1118,1070,1177,2247
114266,5,3,1,222,288,591,663,510,1254,813,951,1764
114266,5,3,2,222,288,591,663,510,1254,813,951,1764
114266,6,4,1,122,145,482,610,267,1092,604,755,1359
114266,6,4,2,122,145,482,610,267,1092,604,755,1359
114266,7,999,1,136,278,760,1550,414,2310,896,1828,2724
114266,7,999,2,136,278,760,1550,414,2310,896,1828,2724
114266,8,5,1,64,116,345,586,180,931,409,702,1111
114266,8,5,2,64,116,345,586,180,931,409,702,1111
114266,9,6,1,27,56,147,303,83,450,174,359,533
114266,9,6,2,27,56,147,303,83,450,174,359,533
114266,10,7,1,7,34,74,221,41,295,81,255,336
114266,10,7,2,7,34,74,221,41,295,81,255,336
114266,11,8,1,19,33,85,253,52,338,104,286,390
114266,11,8,2,19,33,85,253,52,338,104,286,390
114266,12,9,1,9,27,71,151,36,222,80,178,258
114266,12,9,2,9,27,71,151,36,222,80,178,258
114266,13,10,1,10,12,38,36,22,74,48,48,96
114266,13,10,2,10,12,38,36,22,74,48,48,96
114266,14,11,1,0,0,0,1,0,1,0,1,1
114266,14,11,2,0,0,0,1,0,1,0,1,1
114354,1,412,1,267,1336,54,229,1603,283,321,1565,1886
114354,1,112,2,266,1314,54,213,1580,267,320,1527,1847
114354,1,312,5,1,22,0,16,23,16,1,38,39
114354,2,999,1,217,1164,43,154,1381,197,260,1318,1578
114354,2,999,2,217,1151,43,149,1368,192,260,1300,1560
114354,2,999,5,0,13,0,5,13,5,0,18,18
114354,3,1,1,0,4,0,0,4,0,0,4,4
114354,3,1,2,0,4,0,0,4,0,0,4,4
114354,4,2,1,72,406,4,23,478,27,76,429,505
114354,4,2,2,72,406,4,23,478,27,76,429,505
114354,5,3,1,85,435,19,60,520,79,104,495,599
114354,5,3,2,85,434,19,60,519,79,104,494,598
114354,5,3,5,0,1,0,0,1,0,0,1,1
114354,6,4,1,60,319,20,71,379,91,80,390,470
114354,6,4,2,60,307,20,66,367,86,80,373,453
114354,6,4,5,0,12,0,5,12,5,0,17,17
114354,7,999,1,50,172,11,75,222,86,61,247,308
114354,7,999,2,49,163,11,64,212,75,60,227,287
114354,7,999,5,1,9,0,11,10,11,1,20,21
114354,8,5,1,36,123,8,39,159,47,44,162,206
114354,8,5,2,35,116,8,32,151,40,43,148,191
114354,8,5,5,1,7,0,7,8,7,1,14,15
114354,9,6,1,7,31,1,23,38,24,8,54,62
114354,9,6,2,7,29,1,20,36,21,8,49,57
114354,9,6,5,0,2,0,3,2,3,0,5,5
114354,10,7,1,3,8,0,5,11,5,3,13,16
114354,10,7,2,3,8,0,4,11,4,3,12,15
114354,10,7,5,0,0,0,1,0,1,0,1,1
114354,11,8,1,4,8,1,5,12,6,5,13,18
114354,11,8,2,4,8,1,5,12,6,5,13,18
114354,12,9,1,0,2,1,3,2,4,1,5,6
114354,12,9,2,0,2,1,3,2,4,1,5,6
114390,1,412,1,13,85,9,6,98,15,22,91,113
114390,1,112,2,13,85,9,6,98,15,22,91,113
114390,2,999,1,12,72,5,3,84,8,17,75,92
114390,2,999,2,12,72,5,3,84,8,17,75,92
114390,3,1,1,0,4,0,0,4,0,0,4,4
114390,3,1,2,0,4,0,0,4,0,0,4,4
114390,4,2,1,6,27,1,0,33,1,7,27,34
114390,4,2,2,6,27,1,0,33,1,7,27,34
114390,5,3,1,2,23,2,1,25,3,4,24,28
114390,5,3,2,2,23,2,1,25,3,4,24,28
114390,6,4,1,4,18,2,2,22,4,6,20,26
114390,6,4,2,4,18,2,2,22,4,6,20,26
114390,7,999,1,1,13,4,3,14,7,5,16,21
114390,7,999,2,1,13,4,3,14,7,5,16,21
114390,8,5,1,0,11,3,0,11,3,3,11,14
114390,8,5,2,0,11,3,0,11,3,3,11,14
114390,9,6,1,0,2,0,1,2,1,0,3,3
114390,9,6,2,0,2,0,1,2,1,0,3,3
114390,10,7,1,0,0,0,2,0,2,0,2,2
114390,10,7,2,0,0,0,2,0,2,0,2,2
114390,11,8,1,1,0,1,0,1,1,2,0,2
114390,11,8,2,1,0,1,0,1,1,2,0,2
114433,1,412,1,168,190,766,697,358,1463,934,887,1821
114433,1,112,2,168,190,766,697,358,1463,934,887,1821
114433,2,999,1,155,173,169,246,328,415,324,419,743
114433,2,999,2,155,173,169,246,328,415,324,419,743
114433,3,1,1,0,0,46,75,0,121,46,75,121
114433,3,1,2,0,0,46,75,0,121,46,75,121
114433,4,2,1,70,102,33,37,172,70,103,139,242
114433,4,2,2,70,102,33,37,172,70,103,139,242
114433,5,3,1,77,54,44,62,131,106,121,116,237
114433,5,3,2,77,54,44,62,131,106,121,116,237
114433,6,4,1,8,17,46,72,25,118,54,89,143
114433,6,4,2,8,17,46,72,25,118,54,89,143
114433,7,999,1,13,17,597,451,30,1048,610,468,1078
114433,7,999,2,13,17,597,451,30,1048,610,468,1078
114433,8,5,1,4,6,106,112,10,218,110,118,228
114433,8,5,2,4,6,106,112,10,218,110,118,228
114433,9,6,1,2,4,119,94,6,213,121,98,219
114433,9,6,2,2,4,119,94,6,213,121,98,219
114433,10,7,1,3,2,95,70,5,165,98,72,170
114433,10,7,2,3,2,95,70,5,165,98,72,170
114433,11,8,1,3,4,156,91,7,247,159,95,254
114433,11,8,2,3,4,156,91,7,247,159,95,254
114433,12,9,1,1,1,107,73,2,180,108,74,182
114433,12,9,2,1,1,107,73,2,180,108,74,182
114433,13,10,1,0,0,14,11,0,25,14,11,25
114433,13,10,2,0,0,14,11,0,25,14,11,25
114549,1,412,1,158,601,77,235,759,312,235,836,1071
114549,1,312,5,158,601,77,235,759,312,235,836,1071
114549,2,999,1,2,11,1,5,13,6,3,16,19
114549,2,999,5,2,11,1,5,13,6,3,16,19
114549,6,4,1,2,11,1,5,13,6,3,16,19
114549,6,4,5,2,11,1,5,13,6,3,16,19
114549,7,999,1,156,590,76,230,746,306,232,820,1052
114549,7,999,5,156,590,76,230,746,306,232,820,1052
114549,8,5,1,11,68,3,18,79,21,14,86,100
114549,8,5,5,11,68,3,18,79,21,14,86,100
114549,9,6,1,30,96,9,19,126,28,39,115,154
114549,9,6,5,30,96,9,19,126,28,39,115,154
114549,10,7,1,23,94,9,30,117,39,32,124,156
114549,10,7,5,23,94,9,30,117,39,32,124,156
114549,11,8,1,42,175,22,74,217,96,64,249,313
114549,11,8,5,42,175,22,74,217,96,64,249,313
114549,12,9,1,37,133,27,73,170,100,64,206,270
114549,12,9,5,37,133,27,73,170,100,64,206,270
114549,13,10,1,13,24,6,16,37,22,19,40,59
114549,13,10,5,13,24,6,16,37,22,19,40,59
114716,1,412,1,1872,2144,5565,5024,4016,10589,7437,7168,14605
114716,1,112,2,1872,2144,5565,5024,4016,10589,7437,7168,14605
114716,2,999,1,1473,1537,2683,2705,3010,5388,4156,4242,8398
114716,2,999,2,1473,1537,2683,2705,3010,5388,4156,4242,8398
114716,3,1,1,104,92,616,722,196,1338,720,814,1534
114716,3,1,2,104,92,616,722,196,1338,720,814,1534
114716,4,2,1,674,738,458,476,1412,934,1132,1214,2346
114716,4,2,2,674,738,458,476,1412,934,1132,1214,2346
114716,5,3,1,402,383,755,673,785,1428,1157,1056,2213
114716,5,3,2,402,383,755,673,785,1428,1157,1056,2213
114716,6,4,1,293,324,854,834,617,1688,1147,1158,2305
114716,6,4,2,293,324,854,834,617,1688,1147,1158,2305
114716,7,999,1,399,607,2882,2318,1006,5200,3281,2925,6206
114716,7,999,2,399,607,2882,2318,1006,5200,3281,2925,6206
114716,8,5,1,199,272,1156,820,471,1976,1355,1092,2447
114716,8,5,2,199,272,1156,820,471,1976,1355,1092,2447
114716,9,6,1,86,147,841,501,233,1342,927,648,1575
114716,9,6,2,86,147,841,501,233,1342,927,648,1575
114716,10,7,1,47,80,400,330,127,730,447,410,857
114716,10,7,2,47,80,400,330,127,730,447,410,857
114716,11,8,1,41,71,328,378,112,706,369,449,818
114716,11,8,2,41,71,328,378,112,706,369,449,818
114716,12,9,1,24,30,132,257,54,389,156,287,443
114716,12,9,2,24,30,132,257,54,389,156,287,443
114716,13,10,1,2,7,25,32,9,57,27,39,66
114716,13,10,2,2,7,25,32,9,57,27,39,66
114716,14,11,1,0,0,0,1,0,1,0,1,1
114716,14,11,2,0,0,0,1,0,1,0,1,1
114734,1,412,1,17,9,12,19,26,31,29,28,57
114734,1,312,5,17,9,12,19,26,31,29,28,57
114734,2,999,1,3,0,0,0,3,0,3,0,3
114734,2,999,5,3,0,0,0,3,0,3,0,3
114734,6,4,1,3,0,0,0,3,0,3,0,3
114734,6,4,5,3,0,0,0,3,0,3,0,3
114734,7,999,1,14,9,12,19,23,31,26,28,54
114734,7,999,5,14,9,12,19,23,31,26,28,54
114734,8,5,1,2,0,1,0,2,1,3,0,3
114734,8,5,5,2,0,1,0,2,1,3,0,3
114734,9,6,1,3,0,1,1,3,2,4,1,5
114734,9,6,5,3,0,1,1,3,2,4,1,5
114734,10,7,1,3,1,0,2,4,2,3,3,6
114734,10,7,5,3,1,0,2,4,2,3,3,6
114734,11,8,1,2,0,4,4,2,8,6,4,10
114734,11,8,5,2,0,4,4,2,8,6,4,10
114734,12,9,1,4,8,3,9,12,12,7,17,24
114734,12,9,5,4,8,3,9,12,12,7,17,24
114734,13,10,1,0,0,3,3,0,6,3,3,6
114734,13,10,5,0,0,3,3,0,6,3,3,6
114761,1,412,1,9,44,0,0,53,0,9,44,53
114761,1,112,2,9,44,0,0,53,0,9,44,53
114761,2,999,1,1,19,0,0,20,0,1,19,20
114761,2,999,2,1,19,0,0,20,0,1,19,20
114761,3,1,1,0,1,0,0,1,0,0,1,1
114761,3,1,2,0,1,0,0,1,0,0,1,1
114761,4,2,1,0,6,0,0,6,0,0,6,6
114761,4,2,2,0,6,0,0,6,0,0,6,6
114761,5,3,1,1,7,0,0,8,0,1,7,8
114761,5,3,2,1,7,0,0,8,0,1,7,8
114761,6,4,1,0,5,0,0,5,0,0,5,5
114761,6,4,2,0,5,0,0,5,0,0,5,5
114761,7,999,1,8,25,0,0,33,0,8,25,33
114761,7,999,2,8,25,0,0,33,0,8,25,33
114761,8,5,1,2,13,0,0,15,0,2,13,15
114761,8,5,2,2,13,0,0,15,0,2,13,15
114761,9,6,1,2,5,0,0,7,0,2,5,7
114761,9,6,2,2,5,0,0,7,0,2,5,7
114761,10,7,1,2,4,0,0,6,0,2,4,6
114761,10,7,2,2,4,0,0,6,0,2,4,6
114761,11,8,1,1,3,0,0,4,0,1,3,4
114761,11,8,2,1,3,0,0,4,0,1,3,4
114761,12,9,1,1,0,0,0,1,0,1,0,1
114761,12,9,2,1,0,0,0,1,0,1,0,1
114789,1,412,1,2439,3573,7085,9181,6012,16266,9524,12754,22278
114789,1,112,2,2439,3573,7085,9181,6012,16266,9524,12754,22278
114789,2,999,1,1965,2742,3807,5045,4707,8852,5772,7787,13559
114789,2,999,2,1965,2742,3807,5045,4707,8852,5772,7787,13559
114789,3,1,1,99,188,592,848,287,1440,691,1036,1727
114789,3,1,2,99,188,592,848,287,1440,691,1036,1727
114789,4,2,1,1182,1608,1192,1357,2790,2549,2374,2965,5339
114789,4,2,2,1182,1608,1192,1357,2790,2549,2374,2965,5339
114789,5,3,1,422,545,1046,1399,967,2445,1468,1944,3412
114789,5,3,2,422,545,1046,1399,967,2445,1468,1944,3412
114789,6,4,1,262,401,977,1441,663,2418,1239,1842,3081
114789,6,4,2,262,401,977,1441,663,2418,1239,1842,3081
114789,7,999,1,474,831,3276,4136,1305,7412,3750,4967,8717
114789,7,999,2,474,831,3276,4136,1305,7412,3750,4967,8717
114789,8,5,1,215,387,1067,1649,602,2716,1282,2036,3318
114789,8,5,2,215,387,1067,1649,602,2716,1282,2036,3318
114789,9,6,1,138,203,721,1012,341,1733,859,1215,2074
114789,9,6,2,138,203,721,1012,341,1733,859,1215,2074
114789,10,7,1,57,111,547,598,168,1145,604,709,1313
114789,10,7,2,57,111,547,598,168,1145,604,709,1313
114789,11,8,1,45,97,630,581,142,1211,675,678,1353
114789,11,8,2,45,97,630,581,142,1211,675,678,1353
114789,12,9,1,18,30,284,267,48,551,302,297,599
114789,12,9,2,18,30,284,267,48,551,302,297,599
114789,13,10,1,1,3,27,29,4,56,28,32,60
114789,13,10,2,1,3,27,29,4,56,28,32,60
114789,14,11,1,0,0,2,0,0,2,2,0,2
114789,14,11,2,0,0,2,0,0,2,2,0,2
114859,1,412,1,3753,4438,5837,7399,8191,13236,9590,11837,21427
114859,1,112,2,3753,4438,5837,7399,8191,13236,9590,11837,21427
114859,2,999,1,3233,3795,3871,4609,7028,8480,7104,8404,15508
114859,2,999,2,3233,3795,3871,4609,7028,8480,7104,8404,15508
114859,3,1,1,104,161,386,687,265,1073,490,848,1338
114859,3,1,2,104,161,386,687,265,1073,490,848,1338
114859,4,2,1,1814,2213,1020,1114,4027,2134,2834,3327,6161
114859,4,2,2,1814,2213,1020,1114,4027,2134,2834,3327,6161
114859,5,3,1,892,969,1303,1392,1861,2695,2195,2361,4556
114859,5,3,2,892,969,1303,1392,1861,2695,2195,2361,4556
114859,6,4,1,423,452,1162,1416,875,2578,1585,1868,3453
114859,6,4,2,423,452,1162,1416,875,2578,1585,1868,3453
114859,7,999,1,518,642,1966,2790,1160,4756,2484,3432,5916
114859,7,999,2,518,642,1966,2790,1160,4756,2484,3432,5916
114859,8,5,1,297,320,984,1253,617,2237,1281,1573,2854
114859,8,5,2,297,320,984,1253,617,2237,1281,1573,2854
114859,9,6,1,115,134,417,585,249,1002,532,719,1251
114859,9,6,2,115,134,417,585,249,1002,532,719,1251
114859,10,7,1,41,81,218,317,122,535,259,398,657
114859,10,7,2,41,81,218,317,122,535,259,398,657
114859,11,8,1,43,77,200,373,120,573,243,450,693
114859,11,8,2,43,77,200,373,120,573,243,450,693
114859,12,9,1,18,29,122,234,47,356,140,263,403
114859,12,9,2,18,29,122,234,47,356,140,263,403
114859,13,10,1,4,1,25,28,5,53,29,29,58
114859,13,10,2,4,1,25,28,5,53,29,29,58
114859,14,11,1,2,1,0,0,3,0,2,1,3
114859,14,11,2,2,1,0,0,3,0,2,1,3
114938,1,412,1,689,849,1324,1632,1538,2956,2013,2481,4494
114938,1,112,2,689,849,1324,1632,1538,2956,2013,2481,4494
114938,2,999,1,521,708,774,919,1229,1693,1295,1627,2922
114938,2,999,2,521,708,774,919,1229,1693,1295,1627,2922
114938,3,1,1,20,28,142,238,48,380,162,266,428
114938,3,1,2,20,28,142,238,48,380,162,266,428
114938,4,2,1,296,411,214,219,707,433,510,630,1140
114938,4,2,2,296,411,214,219,707,433,510,630,1140
114938,5,3,1,144,184,219,235,328,454,363,419,782
114938,5,3,2,144,184,219,235,328,454,363,419,782
114938,6,4,1,61,85,199,227,146,426,260,312,572
114938,6,4,2,61,85,199,227,146,426,260,312,572
114938,7,999,1,168,141,550,713,309,1263,718,854,1572
114938,7,999,2,168,141,550,713,309,1263,718,854,1572
114938,8,5,1,77,58,201,221,135,422,278,279,557
114938,8,5,2,77,58,201,221,135,422,278,279,557
114938,9,6,1,42,40,130,160,82,290,172,200,372
114938,9,6,2,42,40,130,160,82,290,172,200,372
114938,10,7,1,22,18,72,115,40,187,94,133,227
114938,10,7,2,22,18,72,115,40,187,94,133,227
114938,11,8,1,22,17,87,132,39,219,109,149,258
114938,11,8,2,22,17,87,132,39,219,109,149,258
114938,12,9,1,4,7,53,77,11,130,57,84,141
114938,12,9,2,4,7,53,77,11,130,57,84,141
114938,13,10,1,1,1,7,8,2,15,8,9,17
114938,13,10,2,1,1,7,8,2,15,8,9,17
115001,1,412,1,2837,3645,2701,3790,6482,6491,5538,7435,12973
115001,1,112,2,2837,3645,2701,3790,6482,6491,5538,7435,12973
115001,2,999,1,2052,2161,1619,1842,4213,3461,3671,4003,7674
115001,2,999,2,2052,2161,1619,1842,4213,3461,3671,4003,7674
115001,3,1,1,110,112,351,564,222,915,461,676,1137
115001,3,1,2,110,112,351,564,222,915,461,676,1137
115001,4,2,1,1105,1165,379,370,2270,749,1484,1535,3019
115001,4,2,2,1105,1165,379,370,2270,749,1484,1535,3019
115001,5,3,1,518,522,458,460,1040,918,976,982,1958
115001,5,3,2,518,522,458,460,1040,918,976,982,1958
115001,6,4,1,319,362,431,448,681,879,750,810,1560
115001,6,4,2,319,362,431,448,681,879,750,810,1560
115001,7,999,1,785,1484,1082,1948,2269,3030,1867,3432,5299
115001,7,999,2,785,1484,1082,1948,2269,3030,1867,3432,5299
115001,8,5,1,261,405,362,526,666,888,623,931,1554
115001,8,5,2,261,405,362,526,666,888,623,931,1554
115001,9,6,1,165,279,249,367,444,616,414,646,1060
115001,9,6,2,165,279,249,367,444,616,414,646,1060
115001,10,7,1,108,210,143,290,318,433,251,500,751
115001,10,7,2,108,210,143,290,318,433,251,500,751
115001,11,8,1,102,290,170,373,392,543,272,663,935
115001,11,8,2,102,290,170,373,392,543,272,663,935
115001,12,9,1,86,216,109,320,302,429,195,536,731
115001,12,9,2,86,216,109,320,302,429,195,536,731
115001,13,10,1,63,84,49,72,147,121,112,156,268
115001,13,10,2,63,84,49,72,147,121,112,156,268
115126,1,412,1,1566,1939,3190,4701,3505,7891,4756,6640,11396
115126,1,112,2,1566,1939,3190,4701,3505,7891,4756,6640,11396
115126,2,999,1,1357,1588,2231,3022,2945,5253,3588,4610,8198
115126,2,999,2,1357,1588,2231,3022,2945,5253,3588,4610,8198
115126,3,1,1,39,59,380,548,98,928,419,607,1026
115126,3,1,2,39,59,380,548,98,928,419,607,1026
115126,4,2,1,786,941,601,714,1727,1315,1387,1655,3042
115126,4,2,2,786,941,601,714,1727,1315,1387,1655,3042
115126,5,3,1,349,419,653,823,768,1476,1002,1242,2244
115126,5,3,2,349,419,653,823,768,1476,1002,1242,2244
115126,6,4,1,183,169,597,937,352,1534,780,1106,1886
115126,6,4,2,183,169,597,937,352,1534,780,1106,1886
115126,7,999,1,209,351,959,1679,560,2638,1168,2030,3198
115126,7,999,2,209,351,959,1679,560,2638,1168,2030,3198
115126,8,5,1,132,199,511,803,331,1314,643,1002,1645
115126,8,5,2,132,199,511,803,331,1314,643,1002,1645
115126,9,6,1,38,74,218,365,112,583,256,439,695
115126,9,6,2,38,74,218,365,112,583,256,439,695
115126,10,7,1,17,38,81,202,55,283,98,240,338
115126,10,7,2,17,38,81,202,55,283,98,240,338
115126,11,8,1,10,30,77,194,40,271,87,224,311
115126,11,8,2,10,30,77,194,40,271,87,224,311
115126,12,9,1,11,9,55,97,20,152,66,106,172
115126,12,9,2,11,9,55,97,20,152,66,106,172
115126,13,10,1,1,1,17,18,2,35,18,19,37
115126,13,10,2,1,1,17,18,2,35,18,19,37
115296,1,412,1,1926,2890,4174,6436,4816,10610,6100,9326,15426
115296,1,112,2,1926,2890,4174,6436,4816,10610,6100,9326,15426
115296,2,999,1,1542,2223,2791,3788,3765,6579,4333,6011,10344
115296,2,999,2,1542,2223,2791,3788,3765,6579,4333,6011,10344
115296,3,1,1,47,93,383,631,140,1014,430,724,1154
115296,3,1,2,47,93,383,631,140,1014,430,724,1154
115296,4,2,1,902,1350,895,1014,2252,1909,1797,2364,4161
115296,4,2,2,902,1350,895,1014,2252,1909,1797,2364,4161
115296,5,3,1,373,483,831,1085,856,1916,1204,1568,2772
115296,5,3,2,373,483,831,1085,856,1916,1204,1568,2772
115296,6,4,1,220,297,682,1058,517,1740,902,1355,2257
115296,6,4,2,220,297,682,1058,517,1740,902,1355,2257
115296,7,999,1,384,667,1383,2648,1051,4031,1767,3315,5082
115296,7,999,2,384,667,1383,2648,1051,4031,1767,3315,5082
115296,8,5,1,147,255,625,1009,402,1634,772,1264,2036
115296,8,5,2,147,255,625,1009,402,1634,772,1264,2036
115296,9,6,1,82,134,314,591,216,905,396,725,1121
115296,9,6,2,82,134,314,591,216,905,396,725,1121
115296,10,7,1,46,99,147,337,145,484,193,436,629
115296,10,7,2,46,99,147,337,145,484,193,436,629
115296,11,8,1,60,99,168,415,159,583,228,514,742
115296,11,8,2,60,99,168,415,159,583,228,514,742
115296,12,9,1,40,72,104,263,112,367,144,335,479
115296,12,9,2,40,72,104,263,112,367,144,335,479
115296,13,10,1,9,8,25,33,17,58,34,41,75
115296,13,10,2,9,8,25,33,17,58,34,41,75
115393,1,412,1,1405,2008,2399,2861,3413,5260,3804,4869,8673
115393,1,112,2,1405,2008,2399,2861,3413,5260,3804,4869,8673
115393,2,999,1,1258,1737,1337,1687,2995,3024,2595,3424,6019
115393,2,999,2,1258,1737,1337,1687,2995,3024,2595,3424,6019
115393,3,1,1,47,76,307,443,123,750,354,519,873
115393,3,1,2,47,76,307,443,123,750,354,519,873
115393,4,2,1,814,1104,402,411,1918,813,1216,1515,2731
115393,4,2,2,814,1104,402,411,1918,813,1216,1515,2731
115393,5,3,1,285,382,334,384,667,718,619,766,1385
115393,5,3,2,285,382,334,384,667,718,619,766,1385
115393,6,4,1,112,175,294,449,287,743,406,624,1030
115393,6,4,2,112,175,294,449,287,743,406,624,1030
115393,7,999,1,147,271,1060,1174,418,2234,1207,1445,2652
115393,7,999,2,147,271,1060,1174,418,2234,1207,1445,2652
115393,8,5,1,79,120,334,463,199,797,413,583,996
115393,8,5,2,79,120,334,463,199,797,413,583,996
115393,9,6,1,35,70,236,263,105,499,271,333,604
115393,9,6,2,35,70,236,263,105,499,271,333,604
115393,10,7,1,15,37,181,188,52,369,196,225,421
115393,10,7,2,15,37,181,188,52,369,196,225,421
115393,11,8,1,10,35,195,191,45,386,205,226,431
115393,11,8,2,10,35,195,191,45,386,205,226,431
115393,12,9,1,7,9,102,66,16,168,109,75,184
115393,12,9,2,7,9,102,66,16,168,109,75,184
115393,13,10,1,1,0,12,3,1,15,13,3,16
115393,13,10,2,1,0,12,3,1,15,13,3,16
115393,14,11,1,0,0,2,0,0,2,2,0,2
115393,14,11,2,0,0,2,0,0,2,2,0,2
115755,1,412,1,2252,3392,444,524,5644,968,2696,3916,6612
115755,1,112,2,2127,3111,372,398,5238,770,2499,3509,6008
115755,1,312,5,125,281,72,126,406,198,197,407,604
115755,2,999,1,1642,2614,198,238,4256,436,1840,2852,4692
115755,2,999,2,1615,2534,190,227,4149,417,1805,2761,4566
115755,2,999,5,27,80,8,11,107,19,35,91,126
115755,3,1,1,12,30,0,0,42,0,12,30,42
115755,3,1,2,12,30,0,0,42,0,12,30,42
115755,4,2,1,405,666,23,38,1071,61,428,704,1132
115755,4,2,2,405,666,23,38,1071,61,428,704,1132
115755,5,3,1,587,1108,50,65,1695,115,637,1173,1810
115755,5,3,2,586,1103,50,65,1689,115,636,1168,1804
115755,5,3,5,1,5,0,0,6,0,1,5,6
115755,6,4,1,638,810,125,135,1448,260,763,945,1708
115755,6,4,2,612,735,117,124,1347,241,729,859,1588
115755,6,4,5,26,75,8,11,101,19,34,86,120
115755,7,999,1,610,778,246,286,1388,532,856,1064,1920
115755,7,999,2,512,577,182,171,1089,353,694,748,1442
115755,7,999,5,98,201,64,115,299,179,162,316,478
115755,8,5,1,399,445,128,107,844,235,527,552,1079
115755,8,5,2,346,349,102,71,695,173,448,420,868
115755,8,5,5,53,96,26,36,149,62,79,132,211
115755,9,6,1,116,139,50,68,255,118,166,207,373
115755,9,6,2,98,103,34,35,201,69,132,138,270
115755,9,6,5,18,36,16,33,54,49,34,69,103
115755,10,7,1,43,78,27,42,121,69,70,120,190
115755,10,7,2,30,60,19,22,90,41,49,82,131
115755,10,7,5,13,18,8,20,31,28,21,38,59
115755,11,8,1,38,80,26,46,118,72,64,126,190
115755,11,8,2,28,41,18,32,69,50,46,73,119
115755,11,8,5,10,39,8,14,49,22,18,53,71
115755,12,9,1,13,33,9,22,46,31,22,55,77
115755,12,9,2,10,23,6,10,33,16,16,33,49
115755,12,9,5,3,10,3,12,13,15,6,22,28
115755,13,10,1,1,3,6,1,4,7,7,4,11
115755,13,10,2,0,1,3,1,1,4,3,2,5
115755,13,10,5,1,2,3,0,3,3,4,2,6
115861,1,412,1,1264,2126,1574,2159,3390,3733,2838,4285,7123
115861,1,112,2,1264,2126,1574,2159,3390,3733,2838,4285,7123
115861,2,999,1,1072,1626,994,1348,2698,2342,2066,2974,5040
115861,2,999,2,1072,1626,994,1348,2698,2342,2066,2974,5040
115861,3,1,1,43,64,89,280,107,369,132,344,476
115861,3,1,2,43,64,89,280,107,369,132,344,476
115861,4,2,1,577,892,331,400,1469,731,908,1292,2200
115861,4,2,2,577,892,331,400,1469,731,908,1292,2200
115861,5,3,1,324,460,324,340,784,664,648,800,1448
115861,5,3,2,324,460,324,340,784,664,648,800,1448
115861,6,4,1,128,210,250,328,338,578,378,538,916
115861,6,4,2,128,210,250,328,338,578,378,538,916
115861,7,999,1,192,500,580,811,692,1391,772,1311,2083
115861,7,999,2,192,500,580,811,692,1391,772,1311,2083
115861,8,5,1,104,196,198,309,300,507,302,505,807
115861,8,5,2,104,196,198,309,300,507,302,505,807
115861,9,6,1,25,113,138,183,138,321,163,296,459
115861,9,6,2,25,113,138,183,138,321,163,296,459
115861,10,7,1,29,70,98,113,99,211,127,183,310
115861,10,7,2,29,70,98,113,99,211,127,183,310
115861,11,8,1,20,84,106,141,104,247,126,225,351
115861,11,8,2,20,84,106,141,104,247,126,225,351
115861,12,9,1,11,34,35,60,45,95,46,94,140
115861,12,9,2,11,34,35,60,45,95,46,94,140
115861,13,10,1,3,3,5,5,6,10,8,8,16
115861,13,10,2,3,3,5,5,6,10,8,8,16
116439,1,412,1,2251,1950,3740,4258,4201,7998,5991,6208,12199
116439,1,112,2,2251,1950,3740,4258,4201,7998,5991,6208,12199
116439,2,999,1,2054,1717,2790,2644,3771,5434,4844,4361,9205
116439,2,999,2,2054,1717,2790,2644,3771,5434,4844,4361,9205
116439,3,1,1,71,77,607,690,148,1297,678,767,1445
116439,3,1,2,71,77,607,690,148,1297,678,767,1445
116439,4,2,1,1248,1063,767,664,2311,1431,2015,1727,3742
116439,4,2,2,1248,1063,767,664,2311,1431,2015,1727,3742
116439,5,3,1,522,427,822,684,949,1506,1344,1111,2455
116439,5,3,2,522,427,822,684,949,1506,1344,1111,2455
116439,6,4,1,213,150,594,606,363,1200,807,756,1563
116439,6,4,2,213,150,594,606,363,1200,807,756,1563
116439,7,999,1,197,233,950,1614,430,2564,1147,1847,2994
116439,7,999,2,197,233,950,1614,430,2564,1147,1847,2994
116439,8,5,1,103,100,399,503,203,902,502,603,1105
116439,8,5,2,103,100,399,503,203,902,502,603,1105
116439,9,6,1,42,44,214,279,86,493,256,323,579
116439,9,6,2,42,44,214,279,86,493,256,323,579
116439,10,7,1,11,29,101,216,40,317,112,245,357
116439,10,7,2,11,29,101,216,40,317,112,245,357
116439,11,8,1,26,42,143,372,68,515,169,414,583
116439,11,8,2,26,42,143,372,68,515,169,414,583
116439,12,9,1,12,18,76,217,30,293,88,235,323
116439,12,9,2,12,18,76,217,30,293,88,235,323
116439,13,10,1,3,0,17,27,3,44,20,27,47
116439,13,10,2,3,0,17,27,3,44,20,27,47
116563,1,412,1,6,178,0,0,184,0,6,178,184
116563,1,112,2,6,178,0,0,184,0,6,178,184
116563,2,999,1,2,98,0,0,100,0,2,98,100
116563,2,999,2,2,98,0,0,100,0,2,98,100
116563,3,1,1,0,2,0,0,2,0,0,2,2
116563,3,1,2,0,2,0,0,2,0,0,2,2
116563,4,2,1,0,27,0,0,27,0,0,27,27
116563,4,2,2,0,27,0,0,27,0,0,27,27
116563,5,3,1,0,24,0,0,24,0,0,24,24
116563,5,3,2,0,24,0,0,24,0,0,24,24
116563,6,4,1,2,45,0,0,47,0,2,45,47
116563,6,4,2,2,45,0,0,47,0,2,45,47
116563,7,999,1,4,80,0,0,84,0,4,80,84
116563,7,999,2,4,80,0,0,84,0,4,80,84
116563,8,5,1,2,48,0,0,50,0,2,48,50
116563,8,5,2,2,48,0,0,50,0,2,48,50
116563,9,6,1,0,20,0,0,20,0,0,20,20
116563,9,6,2,0,20,0,0,20,0,0,20,20
116563,10,7,1,1,7,0,0,8,0,1,7,8
116563,10,7,2,1,7,0,0,8,0,1,7,8
116563,11,8,1,1,5,0,0,6,0,1,5,6
116563,11,8,2,1,5,0,0,6,0,1,5,6
116846,1,412,1,23,63,2,5,86,7,25,68,93
116846,1,112,2,6,28,1,2,34,3,7,30,37
116846,1,312,5,17,35,1,3,52,4,18,38,56
116846,2,999,1,2,8,0,1,10,1,2,9,11
116846,2,999,2,2,8,0,1,10,1,2,9,11
116846,5,3,1,2,6,0,0,8,0,2,6,8
116846,5,3,2,2,6,0,0,8,0,2,6,8
116846,6,4,1,0,2,0,1,2,1,0,3,3
116846,6,4,2,0,2,0,1,2,1,0,3,3
116846,7,999,1,21,55,2,4,76,6,23,59,82
116846,7,999,2,4,20,1,1,24,2,5,21,26
116846,7,999,5,17,35,1,3,52,4,18,38,56
116846,8,5,1,9,18,1,2,27,3,10,20,30
116846,8,5,2,2,7,0,1,9,1,2,8,10
116846,8,5,5,7,11,1,1,18,2,8,12,20
116846,9,6,1,9,15,0,1,24,1,9,16,25
116846,9,6,2,2,5,0,0,7,0,2,5,7
116846,9,6,5,7,10,0,1,17,1,7,11,18
116846,10,7,1,0,6,0,1,6,1,0,7,7
116846,10,7,2,0,3,0,0,3,0,0,3,3
116846,10,7,5,0,3,0,1,3,1,0,4,4
116846,11,8,1,1,10,1,0,11,1,2,10,12
116846,11,8,2,0,3,1,0,3,1,1,3,4
116846,11,8,5,1,7,0,0,8,0,1,7,8
116846,12,9,1,2,5,0,0,7,0,2,5,7
116846,12,9,2,0,2,0,0,2,0,0,2,2
116846,12,9,5,2,3,0,0,5,0,2,3,5
116846,13,10,1,0,1,0,0,1,0,0,1,1
116846,13,10,5,0,1,0,0,1,0,0,1,1
117052,1,412,1,835,1000,2032,2929,1835,4961,2867,3929,6796
117052,1,112,2,835,1000,2032,2929,1835,4961,2867,3929,6796
117052,2,999,1,746,880,1642,2087,1626,3729,2388,2967,5355
117052,2,999,2,746,880,1642,2087,1626,3729,2388,2967,5355
117052,3,1,1,44,67,585,711,111,1296,629,778,1407
117052,3,1,2,44,67,585,711,111,1296,629,778,1407
117052,4,2,1,486,585,472,484,1071,956,958,1069,2027
117052,4,2,2,486,585,472,484,1071,956,958,1069,2027
117052,5,3,1,161,163,351,467,324,818,512,630,1142
117052,5,3,2,161,163,351,467,324,818,512,630,1142
117052,6,4,1,55,65,234,425,120,659,289,490,779
117052,6,4,2,55,65,234,425,120,659,289,490,779
117052,7,999,1,89,120,390,842,209,1232,479,962,1441
117052,7,999,2,89,120,390,842,209,1232,479,962,1441
117052,8,5,1,44,53,187,359,97,546,231,412,643
117052,8,5,2,44,53,187,359,97,546,231,412,643
117052,9,6,1,21,35,87,189,56,276,108,224,332
117052,9,6,2,21,35,87,189,56,276,108,224,332
117052,10,7,1,15,18,48,136,33,184,63,154,217
117052,10,7,2,15,18,48,136,33,184,63,154,217
117052,11,8,1,7,13,46,114,20,160,53,127,180
117052,11,8,2,7,13,46,114,20,160,53,127,180
117052,12,9,1,2,1,19,42,3,61,21,43,64
117052,12,9,2,2,1,19,42,3,61,21,43,64
117052,13,10,1,0,0,3,2,0,5,3,2,5
117052,13,10,2,0,0,3,2,0,5,3,2,5
117104,1,412,1,235,278,43,48,513,91,278,326,604
117104,1,112,2,178,233,35,44,411,79,213,277,490
117104,1,312,5,57,45,8,4,102,12,65,49,114
117104,2,999,1,141,209,18,20,350,38,159,229,388
117104,2,999,2,140,207,18,18,347,36,158,225,383
117104,2,999,5,1,2,0,2,3,2,1,4,5
117104,3,1,1,1,6,0,0,7,0,1,6,7
117104,3,1,2,1,6,0,0,7,0,1,6,7
117104,4,2,1,44,75,2,1,119,3,46,76,122
117104,4,2,2,44,75,2,1,119,3,46,76,122
117104,5,3,1,59,81,7,8,140,15,66,89,155
117104,5,3,2,59,81,7,8,140,15,66,89,155
117104,6,4,1,37,47,9,11,84,20,46,58,104
117104,6,4,2,36,45,9,9,81,18,45,54,99
117104,6,4,5,1,2,0,2,3,2,1,4,5
117104,7,999,1,94,69,25,28,163,53,119,97,216
117104,7,999,2,38,26,17,26,64,43,55,52,107
117104,7,999,5,56,43,8,2,99,10,64,45,109
117104,8,5,1,25,20,8,11,45,19,33,31,64
117104,8,5,2,23,15,7,10,38,17,30,25,55
117104,8,5,5,2,5,1,1,7,2,3,6,9
117104,9,6,1,12,5,5,6,17,11,17,11,28
117104,9,6,2,8,3,2,6,11,8,10,9,19
117104,9,6,5,4,2,3,0,6,3,7,2,9
117104,10,7,1,14,1,2,2,15,4,16,3,19
117104,10,7,2,3,0,2,2,3,4,5,2,7
117104,10,7,5,11,1,0,0,12,0,11,1,12
117104,11,8,1,24,26,7,5,50,12,31,31,62
117104,11,8,2,2,6,4,5,8,9,6,11,17
117104,11,8,5,22,20,3,0,42,3,25,20,45
117104,12,9,1,18,16,3,4,34,7,21,20,41
117104,12,9,2,2,2,2,3,4,5,4,5,9
117104,12,9,5,16,14,1,1,30,2,17,15,32
117104,13,10,1,1,1,0,0,2,0,1,1,2
117104,13,10,5,1,1,0,0,2,0,1,1,2
117195,1,412,1,316,320,1002,694,636,1696,1318,1014,2332
117195,1,112,2,316,320,1002,694,636,1696,1318,1014,2332
117195,2,999,1,168,204,294,321,372,615,462,525,987
117195,2,999,2,168,204,294,321,372,615,462,525,987
117195,3,1,1,3,7,36,61,10,97,39,68,107
117195,3,1,2,3,7,36,61,10,97,39,68,107
117195,4,2,1,91,115,56,54,206,110,147,169,316
117195,4,2,2,91,115,56,54,206,110,147,169,316
117195,5,3,1,46,44,99,102,90,201,145,146,291
117195,5,3,2,46,44,99,102,90,201,145,146,291
117195,6,4,1,28,38,103,104,66,207,131,142,273
117195,6,4,2,28,38,103,104,66,207,131,142,273
117195,7,999,1,148,116,707,372,264,1079,855,488,1343
117195,7,999,2,148,116,707,372,264,1079,855,488,1343
117195,8,5,1,56,49,174,119,105,293,230,168,398
117195,8,5,2,56,49,174,119,105,293,230,168,398
117195,9,6,1,40,31,173,75,71,248,213,106,319
117195,9,6,2,40,31,173,75,71,248,213,106,319
117195,10,7,1,13,19,133,58,32,191,146,77,223
117195,10,7,2,13,19,133,58,32,191,146,77,223
117195,11,8,1,27,12,160,69,39,229,187,81,268
117195,11,8,2,27,12,160,69,39,229,187,81,268
117195,12,9,1,12,5,64,40,17,104,76,45,121
117195,12,9,2,12,5,64,40,17,104,76,45,121
117195,13,10,1,0,0,3,11,0,14,3,11,14
117195,13,10,2,0,0,3,11,0,14,3,11,14
117195,14,11,1,0,0,1,1,0,2,1,1,2
117195,14,11,2,0,0,1,1,0,2,1,1,2
117247,1,412,1,819,898,3239,4269,1717,7508,4058,5167,9225
117247,1,112,2,819,898,3239,4269,1717,7508,4058,5167,9225
117247,2,999,1,527,433,2040,2204,960,4244,2567,2637,5204
117247,2,999,2,527,433,2040,2204,960,4244,2567,2637,5204
117247,3,1,1,17,23,506,684,40,1190,523,707,1230
117247,3,1,2,17,23,506,684,40,1190,523,707,1230
117247,4,2,1,209,150,564,506,359,1070,773,656,1429
117247,4,2,2,209,150,564,506,359,1070,773,656,1429
117247,5,3,1,162,127,511,488,289,999,673,615,1288
117247,5,3,2,162,127,511,488,289,999,673,615,1288
117247,6,4,1,139,133,459,526,272,985,598,659,1257
117247,6,4,2,139,133,459,526,272,985,598,659,1257
117247,7,999,1,292,465,1199,2064,757,3263,1491,2529,4020
117247,7,999,2,292,465,1199,2064,757,3263,1491,2529,4020
117247,8,5,1,108,125,420,625,233,1045,528,750,1278
117247,8,5,2,108,125,420,625,233,1045,528,750,1278
117247,9,6,1,71,114,278,465,185,743,349,579,928
117247,9,6,2,71,114,278,465,185,743,349,579,928
117247,10,7,1,42,79,164,303,121,467,206,382,588
117247,10,7,2,42,79,164,303,121,467,206,382,588
117247,11,8,1,37,92,165,323,129,488,202,415,617
117247,11,8,2,37,92,165,323,129,488,202,415,617
117247,12,9,1,26,45,114,264,71,378,140,309,449
117247,12,9,2,26,45,114,264,71,378,140,309,449
117247,13,10,1,8,10,58,84,18,142,66,94,160
117247,13,10,2,8,10,58,84,18,142,66,94,160
117247,14,11,1,0,0,0,1,0,1,0,1,1
117247,14,11,2,0,0,0,1,0,1,0,1,1
117274,1,412,1,286,189,1053,293,475,1346,1339,482,1821
117274,1,112,2,286,189,1053,293,475,1346,1339,482,1821
117274,2,999,1,143,137,198,140,280,338,341,277,618
117274,2,999,2,143,137,198,140,280,338,341,277,618
117274,3,1,1,5,9,40,72,14,112,45,81,126
117274,3,1,2,5,9,40,72,14,112,45,81,126
117274,4,2,1,66,82,50,19,148,69,116,101,217
117274,4,2,2,66,82,50,19,148,69,116,101,217
117274,5,3,1,44,25,35,19,69,54,79,44,123
117274,5,3,2,44,25,35,19,69,54,79,44,123
117274,6,4,1,28,21,73,30,49,103,101,51,152
117274,6,4,2,28,21,73,30,49,103,101,51,152
117274,7,999,1,139,52,853,153,191,1006,992,205,1197
117274,7,999,2,139,52,853,153,191,1006,992,205,1197
117274,8,5,1,51,18,186,46,69,232,237,64,301
117274,8,5,2,51,18,186,46,69,232,237,64,301
117274,9,6,1,34,19,177,39,53,216,211,58,269
117274,9,6,2,34,19,177,39,53,216,211,58,269
117274,10,7,1,20,10,160,28,30,188,180,38,218
117274,10,7,2,20,10,160,28,30,188,180,38,218
117274,11,8,1,22,5,217,22,27,239,239,27,266
117274,11,8,2,22,5,217,22,27,239,239,27,266
117274,12,9,1,9,0,106,16,9,122,115,16,131
117274,12,9,2,9,0,106,16,9,122,115,16,131
117274,13,10,1,3,0,7,2,3,9,10,2,12
117274,13,10,2,3,0,7,2,3,9,10,2,12
117274,14,11,1,4,0,2,0,4,2,6,0,6
117274,14,11,2,4,0,2,0,4,2,6,0,6
117520,1,412,1,305,268,18,7,573,25,323,275,598
117520,1,312,5,305,268,18,7,573,25,323,275,598
117520,2,999,1,84,87,0,0,171,0,84,87,171
117520,2,999,5,84,87,0,0,171,0,84,87,171
117520,4,2,1,0,1,0,0,1,0,0,1,1
117520,4,2,5,0,1,0,0,1,0,0,1,1
117520,5,3,1,2,6,0,0,8,0,2,6,8
117520,5,3,5,2,6,0,0,8,0,2,6,8
117520,6,4,1,82,80,0,0,162,0,82,80,162
117520,6,4,5,82,80,0,0,162,0,82,80,162
117520,7,999,1,213,177,18,7,390,25,231,184,415
117520,7,999,5,213,177,18,7,390,25,231,184,415
117520,8,5,1,136,120,4,2,256,6,140,122,262
117520,8,5,5,136,120,4,2,256,6,140,122,262
117520,9,6,1,41,33,4,3,74,7,45,36,81
117520,9,6,5,41,33,4,3,74,7,45,36,81
117520,10,7,1,19,11,5,2,30,7,24,13,37
117520,10,7,5,19,11,5,2,30,7,24,13,37
117520,11,8,1,12,13,3,0,25,3,15,13,28
117520,11,8,5,12,13,3,0,25,3,15,13,28
117520,12,9,1,5,0,1,0,5,1,6,0,6
117520,12,9,5,5,0,1,0,5,1,6,0,6
117520,13,10,1,0,0,1,0,0,1,1,0,1
117520,13,10,5,0,0,1,0,0,1,1,0,1
117520,14,11,1,8,4,0,0,12,0,8,4,12
117520,14,11,5,8,4,0,0,12,0,8,4,12
117645,1,412,1,3955,5393,5599,8200,9348,13799,9554,13593,23147
117645,1,112,2,3955,5393,5599,8200,9348,13799,9554,13593,23147
117645,2,999,1,3139,4141,3325,4384,7280,7709,6464,8525,14989
117645,2,999,2,3139,4141,3325,4384,7280,7709,6464,8525,14989
117645,3,1,1,135,177,299,469,312,768,434,646,1080
117645,3,1,2,135,177,299,469,312,768,434,646,1080
117645,4,2,1,1763,2284,839,972,4047,1811,2602,3256,5858
117645,4,2,2,1763,2284,839,972,4047,1811,2602,3256,5858
117645,5,3,1,767,996,1051,1337,1763,2388,1818,2333,4151
117645,5,3,2,767,996,1051,1337,1763,2388,1818,2333,4151
117645,6,4,1,474,684,1136,1606,1158,2742,1610,2290,3900
117645,6,4,2,474,684,1136,1606,1158,2742,1610,2290,3900
117645,7,999,1,816,1252,2273,3816,2068,6089,3089,5068,8157
117645,7,999,2,816,1252,2273,3816,2068,6089,3089,5068,8157
117645,8,5,1,405,580,1024,1634,985,2658,1429,2214,3643
117645,8,5,2,405,580,1024,1634,985,2658,1429,2214,3643
117645,9,6,1,220,294,525,858,514,1383,745,1152,1897
117645,9,6,2,220,294,525,858,514,1383,745,1152,1897
117645,10,7,1,90,156,278,478,246,756,368,634,1002
117645,10,7,2,90,156,278,478,246,756,368,634,1002
117645,11,8,1,58,145,254,483,203,737,312,628,940
117645,11,8,2,58,145,254,483,203,737,312,628,940
117645,12,9,1,39,72,150,328,111,478,189,400,589
117645,12,9,2,39,72,150,328,111,478,189,400,589
117645,13,10,1,4,5,42,35,9,77,46,40,86
117645,13,10,2,4,5,42,35,9,77,46,40,86
117645,14,11,1,0,0,1,0,0,1,1,0,1
117645,14,11,2,0,0,1,0,0,1,1,0,1
117672,1,412,1,391,367,138,329,758,467,529,696,1225
117672,1,112,2,0,0,104,314,0,418,104,314,418
117672,1,312,5,391,367,34,15,758,49,425,382,807
117672,2,999,1,80,98,35,91,178,126,115,189,304
117672,2,999,2,0,0,29,87,0,116,29,87,116
117672,2,999,5,80,98,6,4,178,10,86,102,188
117672,4,2,1,0,0,2,2,0,4,2,2,4
117672,4,2,2,0,0,2,2,0,4,2,2,4
117672,5,3,1,1,3,1,11,4,12,2,14,16
117672,5,3,2,0,0,1,11,0,12,1,11,12
117672,5,3,5,1,3,0,0,4,0,1,3,4
117672,6,4,1,79,95,32,78,174,110,111,173,284
117672,6,4,2,0,0,26,74,0,100,26,74,100
117672,6,4,5,79,95,6,4,174,10,85,99,184
117672,7,999,1,311,269,103,238,580,341,414,507,921
117672,7,999,2,0,0,75,227,0,302,75,227,302
117672,7,999,5,311,269,28,11,580,39,339,280,619
117672,8,5,1,181,177,37,97,358,134,218,274,492
117672,8,5,2,0,0,25,92,0,117,25,92,117
117672,8,5,5,181,177,12,5,358,17,193,182,375
117672,9,6,1,80,49,31,51,129,82,111,100,211
117672,9,6,2,0,0,22,47,0,69,22,47,69
117672,9,6,5,80,49,9,4,129,13,89,53,142
117672,10,7,1,28,18,15,32,46,47,43,50,93
117672,10,7,2,0,0,12,32,0,44,12,32,44
117672,10,7,5,28,18,3,0,46,3,31,18,49
117672,11,8,1,19,20,16,41,39,57,35,61,96
117672,11,8,2,0,0,13,39,0,52,13,39,52
117672,11,8,5,19,20,3,2,39,5,22,22,44
117672,12,9,1,3,5,4,16,8,20,7,21,28
117672,12,9,2,0,0,3,16,0,19,3,16,19
117672,12,9,5,3,5,1,0,8,1,4,5,9
117672,13,10,1,0,0,0,1,0,1,0,1,1
117672,13,10,2,0,0,0,1,0,1,0,1,1
117690,1,412,1,711,950,2408,4032,1661,6440,3119,4982,8101
117690,1,112,2,711,950,2408,4032,1661,6440,3119,4982,8101
117690,2,999,1,629,783,1601,2271,1412,3872,2230,3054,5284
117690,2,999,2,629,783,1601,2271,1412,3872,2230,3054,5284
117690,3,1,1,31,32,333,492,63,825,364,524,888
117690,3,1,2,31,32,333,492,63,825,364,524,888
117690,4,2,1,352,479,404,490,831,894,756,969,1725
117690,4,2,2,352,479,404,490,831,894,756,969,1725
117690,5,3,1,163,192,457,635,355,1092,620,827,1447
117690,5,3,2,163,192,457,635,355,1092,620,827,1447
117690,6,4,1,83,80,407,654,163,1061,490,734,1224
117690,6,4,2,83,80,407,654,163,1061,490,734,1224
117690,7,999,1,82,167,807,1761,249,2568,889,1928,2817
117690,7,999,2,82,167,807,1761,249,2568,889,1928,2817
117690,8,5,1,42,72,365,697,114,1062,407,769,1176
117690,8,5,2,42,72,365,697,114,1062,407,769,1176
117690,9,6,1,12,43,182,432,55,614,194,475,669
117690,9,6,2,12,43,182,432,55,614,194,475,669
117690,10,7,1,15,26,100,238,41,338,115,264,379
117690,10,7,2,15,26,100,238,41,338,115,264,379
117690,11,8,1,10,22,95,250,32,345,105,272,377
117690,11,8,2,10,22,95,250,32,345,105,272,377
117690,12,9,1,3,4,56,132,7,188,59,136,195
117690,12,9,2,3,4,56,132,7,188,59,136,195
117690,13,10,1,0,0,9,12,0,21,9,12,21
117690,13,10,2,0,0,9,12,0,21,9,12,21
117706,1,412,1,2042,2655,5227,7597,4697,12824,7269,10252,17521
117706,1,112,2,2042,2655,5227,7597,4697,12824,7269,10252,17521
117706,2,999,1,1688,2130,3458,4345,3818,7803,5146,6475,11621
117706,2,999,2,1688,2130,3458,4345,3818,7803,5146,6475,11621
117706,3,1,1,94,117,538,819,211,1357,632,936,1568
117706,3,1,2,94,117,538,819,211,1357,632,936,1568
117706,4,2,1,1027,1300,1022,1108,2327,2130,2049,2408,4457
117706,4,2,2,1027,1300,1022,1108,2327,2130,2049,2408,4457
117706,5,3,1,377,455,1011,1206,832,2217,1388,1661,3049
117706,5,3,2,377,455,1011,1206,832,2217,1388,1661,3049
117706,6,4,1,190,258,887,1212,448,2099,1077,1470,2547
117706,6,4,2,190,258,887,1212,448,2099,1077,1470,2547
117706,7,999,1,354,525,1769,3250,879,5019,2123,3775,5898
117706,7,999,2,354,525,1769,3250,879,5019,2123,3775,5898
117706,8,5,1,152,201,734,1268,353,2002,886,1469,2355
117706,8,5,2,152,201,734,1268,353,2002,886,1469,2355
117706,9,6,1,59,90,403,639,149,1042,462,729,1191
117706,9,6,2,59,90,403,639,149,1042,462,729,1191
117706,10,7,1,37,61,231,427,98,658,268,488,756
117706,10,7,2,37,61,231,427,98,658,268,488,756
117706,11,8,1,54,98,202,498,152,700,256,596,852
117706,11,8,2,54,98,202,498,152,700,256,596,852
117706,12,9,1,39,60,144,343,99,487,183,403,586
117706,12,9,2,39,60,144,343,99,487,183,403,586
117706,13,10,1,13,15,55,75,28,130,68,90,158
117706,13,10,2,13,15,55,75,28,130,68,90,158
117706,14,11,1,0,0,0,2,0,2,0,2,2
117706,14,11,2,0,0,0,2,0,2,0,2,2
117715,1,412,1,167,531,1333,3185,698,4518,1500,3716,5216
117715,1,112,2,167,531,1333,3185,698,4518,1500,3716,5216
117715,2,999,1,109,290,838,1544,399,2382,947,1834,2781
117715,2,999,2,109,290,838,1544,399,2382,947,1834,2781
117715,3,1,1,6,15,283,469,21,752,289,484,773
117715,3,1,2,6,15,283,469,21,752,289,484,773
117715,4,2,1,51,119,182,282,170,464,233,401,634
117715,4,2,2,51,119,182,282,170,464,233,401,634
117715,5,3,1,30,80,208,379,110,587,238,459,697
117715,5,3,2,30,80,208,379,110,587,238,459,697
117715,6,4,1,22,76,165,414,98,579,187,490,677
117715,6,4,2,22,76,165,414,98,579,187,490,677
117715,7,999,1,58,241,495,1641,299,2136,553,1882,2435
117715,7,999,2,58,241,495,1641,299,2136,553,1882,2435
117715,8,5,1,18,92,186,573,110,759,204,665,869
117715,8,5,2,18,92,186,573,110,759,204,665,869
117715,9,6,1,14,65,110,392,79,502,124,457,581
117715,9,6,2,14,65,110,392,79,502,124,457,581
117715,10,7,1,12,35,56,234,47,290,68,269,337
117715,10,7,2,12,35,56,234,47,290,68,269,337
117715,11,8,1,11,38,78,276,49,354,89,314,403
117715,11,8,2,11,38,78,276,49,354,89,314,403
117715,12,9,1,2,10,57,152,12,209,59,162,221
117715,12,9,2,2,10,57,152,12,209,59,162,221
117715,13,10,1,1,1,8,14,2,22,9,15,24
117715,13,10,2,1,1,8,14,2,22,9,15,24
117724,1,412,1,1180,942,4354,4809,2122,9163,5534,5751,11285
117724,1,112,2,1180,942,4354,4809,2122,9163,5534,5751,11285
117724,2,999,1,718,546,2292,2613,1264,4905,3010,3159,6169
117724,2,999,2,718,546,2292,2613,1264,4905,3010,3159,6169
117724,3,1,1,26,21,513,916,47,1429,539,937,1476
117724,3,1,2,26,21,513,916,47,1429,539,937,1476
117724,4,2,1,350,247,598,467,597,1065,948,714,1662
117724,4,2,2,350,247,598,467,597,1065,948,714,1662
117724,5,3,1,186,158,565,559,344,1124,751,717,1468
117724,5,3,2,186,158,565,559,344,1124,751,717,1468
117724,6,4,1,156,120,616,671,276,1287,772,791,1563
117724,6,4,2,156,120,616,671,276,1287,772,791,1563
117724,7,999,1,462,396,2062,2196,858,4258,2524,2592,5116
117724,7,999,2,462,396,2062,2196,858,4258,2524,2592,5116
117724,8,5,1,174,190,803,882,364,1685,977,1072,2049
117724,8,5,2,174,190,803,882,364,1685,977,1072,2049
117724,9,6,1,113,77,510,531,190,1041,623,608,1231
117724,9,6,2,113,77,510,531,190,1041,623,608,1231
117724,10,7,1,82,58,293,287,140,580,375,345,720
117724,10,7,2,82,58,293,287,140,580,375,345,720
117724,11,8,1,59,46,292,306,105,598,351,352,703
117724,11,8,2,59,46,292,306,105,598,351,352,703
117724,12,9,1,33,23,144,171,56,315,177,194,371
117724,12,9,2,33,23,144,171,56,315,177,194,371
117724,13,10,1,1,2,20,19,3,39,21,21,42
117724,13,10,2,1,2,20,19,3,39,21,21,42
117733,1,412,1,1384,1851,5072,7650,3235,12722,6456,9501,15957
117733,1,112,2,1384,1851,5072,7650,3235,12722,6456,9501,15957
117733,2,999,1,1049,1211,3005,3902,2260,6907,4054,5113,9167
117733,2,999,2,1049,1211,3005,3902,2260,6907,4054,5113,9167
117733,3,1,1,58,80,633,955,138,1588,691,1035,1726
117733,3,1,2,58,80,633,955,138,1588,691,1035,1726
117733,4,2,1,586,676,746,856,1262,1602,1332,1532,2864
117733,4,2,2,586,676,746,856,1262,1602,1332,1532,2864
117733,5,3,1,249,292,822,997,541,1819,1071,1289,2360
117733,5,3,2,249,292,822,997,541,1819,1071,1289,2360
117733,6,4,1,156,163,804,1094,319,1898,960,1257,2217
117733,6,4,2,156,163,804,1094,319,1898,960,1257,2217
117733,7,999,1,335,640,2067,3748,975,5815,2402,4388,6790
117733,7,999,2,335,640,2067,3748,975,5815,2402,4388,6790
117733,8,5,1,122,200,839,1358,322,2197,961,1558,2519
117733,8,5,2,122,200,839,1358,322,2197,961,1558,2519
117733,9,6,1,74,130,424,836,204,1260,498,966,1464
117733,9,6,2,74,130,424,836,204,1260,498,966,1464
117733,10,7,1,53,113,260,522,166,782,313,635,948
117733,10,7,2,53,113,260,522,166,782,313,635,948
117733,11,8,1,42,98,287,569,140,856,329,667,996
117733,11,8,2,42,98,287,569,140,856,329,667,996
117733,12,9,1,30,81,188,364,111,552,218,445,663
117733,12,9,2,30,81,188,364,111,552,218,445,663
117733,13,10,1,14,18,69,99,32,168,83,117,200
117733,13,10,2,14,18,69,99,32,168,83,117,200
117788,1,412,1,1488,1981,4348,6983,3469,11331,5836,8964,14800
117788,1,112,2,1488,1981,4348,6983,3469,11331,5836,8964,14800
117788,2,999,1,909,1065,2203,3450,1974,5653,3112,4515,7627
117788,2,999,2,909,1065,2203,3450,1974,5653,3112,4515,7627
117788,3,1,1,40,53,541,1103,93,1644,581,1156,1737
117788,3,1,2,40,53,541,1103,93,1644,581,1156,1737
117788,4,2,1,421,489,511,527,910,1038,932,1016,1948
117788,4,2,2,421,489,511,527,910,1038,932,1016,1948
117788,5,3,1,245,278,541,782,523,1323,786,1060,1846
117788,5,3,2,245,278,541,782,523,1323,786,1060,1846
117788,6,4,1,203,245,610,1038,448,1648,813,1283,2096
117788,6,4,2,203,245,610,1038,448,1648,813,1283,2096
117788,7,999,1,579,916,2145,3532,1495,5677,2724,4448,7172
117788,7,999,2,579,916,2145,3532,1495,5677,2724,4448,7172
117788,8,5,1,221,301,774,1276,522,2050,995,1577,2572
117788,8,5,2,221,301,774,1276,522,2050,995,1577,2572
117788,9,6,1,115,214,495,820,329,1315,610,1034,1644
117788,9,6,2,115,214,495,820,329,1315,610,1034,1644
117788,10,7,1,85,106,275,471,191,746,360,577,937
117788,10,7,2,85,106,275,471,191,746,360,577,937
117788,11,8,1,68,133,315,526,201,841,383,659,1042
117788,11,8,2,68,133,315,526,201,841,383,659,1042
117788,12,9,1,63,121,222,350,184,572,285,471,756
117788,12,9,2,63,121,222,350,184,572,285,471,756
117788,13,10,1,27,41,64,89,68,153,91,130,221
117788,13,10,2,27,41,64,89,68,153,91,130,221
117788,14,11,1,0,0,0,1,0,1,0,1,1
117788,14,11,2,0,0,0,1,0,1,0,1,1
117867,1,412,1,604,953,2810,5084,1557,7894,3414,6037,9451
117867,1,112,2,604,953,2810,5084,1557,7894,3414,6037,9451
117867,2,999,1,503,721,1969,2916,1224,4885,2472,3637,6109
117867,2,999,2,503,721,1969,2916,1224,4885,2472,3637,6109
117867,3,1,1,19,26,500,957,45,1457,519,983,1502
117867,3,1,2,19,26,500,957,45,1457,519,983,1502
117867,4,2,1,307,393,552,554,700,1106,859,947,1806
117867,4,2,2,307,393,552,554,700,1106,859,947,1806
117867,5,3,1,111,177,476,635,288,1111,587,812,1399
117867,5,3,2,111,177,476,635,288,1111,587,812,1399
117867,6,4,1,66,125,441,770,191,1211,507,895,1402
117867,6,4,2,66,125,441,770,191,1211,507,895,1402
117867,7,999,1,101,232,841,2168,333,3009,942,2400,3342
117867,7,999,2,101,232,841,2168,333,3009,942,2400,3342
117867,8,5,1,54,96,383,885,150,1268,437,981,1418
117867,8,5,2,54,96,383,885,150,1268,437,981,1418
117867,9,6,1,16,49,199,494,65,693,215,543,758
117867,9,6,2,16,49,199,494,65,693,215,543,758
117867,10,7,1,9,32,97,289,41,386,106,321,427
117867,10,7,2,9,32,97,289,41,386,106,321,427
117867,11,8,1,10,31,98,297,41,395,108,328,436
117867,11,8,2,10,31,98,297,41,395,108,328,436
117867,12,9,1,7,17,49,173,24,222,56,190,246
117867,12,9,2,7,17,49,173,24,222,56,190,246
117867,13,10,1,5,7,15,30,12,45,20,37,57
117867,13,10,2,5,7,15,30,12,45,20,37,57
117894,1,412,1,1226,1668,2192,3435,2894,5627,3418,5103,8521
117894,1,112,2,1226,1668,2192,3435,2894,5627,3418,5103,8521
117894,2,999,1,1080,1439,1613,1970,2519,3583,2693,3409,6102
117894,2,999,2,1080,1439,1613,1970,2519,3583,2693,3409,6102
117894,3,1,1,38,70,233,308,108,541,271,378,649
117894,3,1,2,38,70,233,308,108,541,271,378,649
117894,4,2,1,725,944,562,547,1669,1109,1287,1491,2778
117894,4,2,2,725,944,562,547,1669,1109,1287,1491,2778
117894,5,3,1,204,309,503,588,513,1091,707,897,1604
117894,5,3,2,204,309,503,588,513,1091,707,897,1604
117894,6,4,1,113,116,315,527,229,842,428,643,1071
117894,6,4,2,113,116,315,527,229,842,428,643,1071
117894,7,999,1,146,229,578,1465,375,2043,724,1694,2418
117894,7,999,2,146,229,578,1465,375,2043,724,1694,2418
117894,8,5,1,86,98,243,499,184,742,329,597,926
117894,8,5,2,86,98,243,499,184,742,329,597,926
117894,9,6,1,37,62,116,319,99,435,153,381,534
117894,9,6,2,37,62,116,319,99,435,153,381,534
117894,10,7,1,9,32,85,219,41,304,94,251,345
117894,10,7,2,9,32,85,219,41,304,94,251,345
117894,11,8,1,12,20,77,255,32,332,89,275,364
117894,11,8,2,12,20,77,255,32,332,89,275,364
117894,12,9,1,2,16,49,153,18,202,51,169,220
117894,12,9,2,2,16,49,153,18,202,51,169,220
117894,13,10,1,0,1,8,20,1,28,8,21,29
117894,13,10,2,0,1,8,20,1,28,8,21,29
117894,14,11,1,0,0,1,0,0,1,1,0,1
117894,14,11,2,0,0,1,0,0,1,1,0,1
117946,1,412,1,3831,5024,370,461,8855,831,4201,5485,9686
117946,1,112,2,2920,3463,153,137,6383,290,3073,3600,6673
117946,1,312,5,911,1561,217,324,2472,541,1128,1885,3013
117946,2,999,1,3207,4114,155,159,7321,314,3362,4273,7635
117946,2,999,2,2859,3424,127,110,6283,237,2986,3534,6520
117946,2,999,5,348,690,28,49,1038,77,376,739,1115
117946,3,1,1,38,53,0,1,91,1,38,54,92
117946,3,1,2,38,53,0,1,91,1,38,54,92
117946,4,2,1,1206,1437,36,35,2643,71,1242,1472,2714
117946,4,2,2,1205,1437,36,35,2642,71,1241,1472,2713
117946,4,2,5,1,0,0,0,1,0,1,0,1
117946,5,3,1,1307,1687,31,33,2994,64,1338,1720,3058
117946,5,3,2,1293,1646,31,31,2939,62,1324,1677,3001
117946,5,3,5,14,41,0,2,55,2,14,43,57
117946,6,4,1,656,937,88,90,1593,178,744,1027,1771
117946,6,4,2,323,288,60,43,611,103,383,331,714
117946,6,4,5,333,649,28,47,982,75,361,696,1057
117946,7,999,1,624,910,215,302,1534,517,839,1212,2051
117946,7,999,2,61,39,26,27,100,53,87,66,153
117946,7,999,5,563,871,189,275,1434,464,752,1146,1898
117946,8,5,1,390,592,77,108,982,185,467,700,1167
117946,8,5,2,47,28,13,12,75,25,60,40,100
117946,8,5,5,343,564,64,96,907,160,407,660,1067
117946,9,6,1,104,155,51,58,259,109,155,213,368
117946,9,6,2,6,7,4,1,13,5,10,8,18
117946,9,6,5,98,148,47,57,246,104,145,205,350
117946,10,7,1,51,58,35,38,109,73,86,96,182
117946,10,7,2,3,3,1,1,6,2,4,4,8
117946,10,7,5,48,55,34,37,103,71,82,92,174
117946,11,8,1,48,64,29,61,112,90,77,125,202
117946,11,8,2,4,1,4,3,5,7,8,4,12
117946,11,8,5,44,63,25,58,107,83,69,121,190
117946,12,9,1,24,41,21,33,65,54,45,74,119
117946,12,9,2,1,0,4,8,1,12,5,8,13
117946,12,9,5,23,41,17,25,64,42,40,66,106
117946,13,10,1,7,0,2,4,7,6,9,4,13
117946,13,10,2,0,0,0,2,0,2,0,2,2
117946,13,10,5,7,0,2,2,7,4,9,2,11
117955,1,412,1,23,89,14,64,112,78,37,153,190
117955,1,112,2,23,89,14,64,112,78,37,153,190
117955,2,999,1,14,54,9,38,68,47,23,92,115
117955,2,999,2,14,54,9,38,68,47,23,92,115
117955,4,2,1,4,17,4,5,21,9,8,22,30
117955,4,2,2,4,17,4,5,21,9,8,22,30
117955,5,3,1,5,20,3,11,25,14,8,31,39
117955,5,3,2,5,20,3,11,25,14,8,31,39
117955,6,4,1,5,17,2,22,22,24,7,39,46
117955,6,4,2,5,17,2,22,22,24,7,39,46
117955,7,999,1,9,35,5,26,44,31,14,61,75
117955,7,999,2,9,35,5,26,44,31,14,61,75
117955,8,5,1,6,19,3,11,25,14,9,30,39
117955,8,5,2,6,19,3,11,25,14,9,30,39
117955,9,6,1,1,8,2,7,9,9,3,15,18
117955,9,6,2,1,8,2,7,9,9,3,15,18
117955,10,7,1,0,3,0,3,3,3,0,6,6
117955,10,7,2,0,3,0,3,3,3,0,6,6
117955,11,8,1,2,3,0,4,5,4,2,7,9
117955,11,8,2,2,3,0,4,5,4,2,7,9
117955,12,9,1,0,2,0,1,2,1,0,3,3
117955,12,9,2,0,2,0,1,2,1,0,3,3
118347,1,412,1,546,685,1262,2016,1231,3278,1808,2701,4509
118347,1,112,2,546,685,1262,2016,1231,3278,1808,2701,4509
118347,2,999,1,482,484,799,821,966,1620,1281,1305,2586
118347,2,999,2,482,484,799,821,966,1620,1281,1305,2586
118347,3,1,1,12,25,151,215,37,366,163,240,403
118347,3,1,2,12,25,151,215,37,366,163,240,403
118347,4,2,1,245,237,274,215,482,489,519,452,971
118347,4,2,2,245,237,274,215,482,489,519,452,971
118347,5,3,1,157,146,233,174,303,407,390,320,710
118347,5,3,2,157,146,233,174,303,407,390,320,710
118347,6,4,1,68,76,141,217,144,358,209,293,502
118347,6,4,2,68,76,141,217,144,358,209,293,502
118347,7,999,1,64,201,463,1195,265,1658,527,1396,1923
118347,7,999,2,64,201,463,1195,265,1658,527,1396,1923
118347,8,5,1,33,96,143,290,129,433,176,386,562
118347,8,5,2,33,96,143,290,129,433,176,386,562
118347,9,6,1,13,37,78,194,50,272,91,231,322
118347,9,6,2,13,37,78,194,50,272,91,231,322
118347,10,7,1,9,28,59,127,37,186,68,155,223
118347,10,7,2,9,28,59,127,37,186,68,155,223
118347,11,8,1,6,24,58,209,30,267,64,233,297
118347,11,8,2,6,24,58,209,30,267,64,233,297
118347,12,9,1,1,15,83,259,16,342,84,274,358
118347,12,9,2,1,15,83,259,16,342,84,274,358
118347,13,10,1,2,1,42,116,3,158,44,117,161
118347,13,10,2,2,1,42,116,3,158,44,117,161
118684,1,412,1,258,541,847,1692,799,2539,1105,2233,3338
118684,1,112,2,258,541,847,1692,799,2539,1105,2233,3338
118684,2,999,1,200,360,559,998,560,1557,759,1358,2117
118684,2,999,2,200,360,559,998,560,1557,759,1358,2117
118684,3,1,1,12,12,281,510,24,791,293,522,815
118684,3,1,2,12,12,281,510,24,791,293,522,815
118684,4,2,1,108,221,105,173,329,278,213,394,607
118684,4,2,2,108,221,105,173,329,278,213,394,607
118684,5,3,1,48,82,93,155,130,248,141,237,378
118684,5,3,2,48,82,93,155,130,248,141,237,378
118684,6,4,1,32,45,80,160,77,240,112,205,317
118684,6,4,2,32,45,80,160,77,240,112,205,317
118684,7,999,1,58,181,288,694,239,982,346,875,1221
118684,7,999,2,58,181,288,694,239,982,346,875,1221
118684,8,5,1,22,57,81,198,79,279,103,255,358
118684,8,5,2,22,57,81,198,79,279,103,255,358
118684,9,6,1,13,56,67,126,69,193,80,182,262
118684,9,6,2,13,56,67,126,69,193,80,182,262
118684,10,7,1,15,28,33,105,43,138,48,133,181
118684,10,7,2,15,28,33,105,43,138,48,133,181
118684,11,8,1,6,28,46,134,34,180,52,162,214
118684,11,8,2,6,28,46,134,34,180,52,162,214
118684,12,9,1,1,11,40,91,12,131,41,102,143
118684,12,9,2,1,11,40,91,12,131,41,102,143
118684,13,10,1,1,1,21,40,2,61,22,41,63
118684,13,10,2,1,1,21,40,2,61,22,41,63
118693,1,412,1,433,380,10,3,813,13,443,383,826
118693,1,112,2,433,380,10,3,813,13,443,383,826
118693,2,999,1,406,348,7,0,754,7,413,348,761
118693,2,999,2,406,348,7,0,754,7,413,348,761
118693,3,1,1,7,7,1,0,14,1,8,7,15
118693,3,1,2,7,7,1,0,14,1,8,7,15
118693,4,2,1,133,148,0,0,281,0,133,148,281
118693,4,2,2,133,148,0,0,281,0,133,148,281
118693,5,3,1,165,146,2,0,311,2,167,146,313
118693,5,3,2,165,146,2,0,311,2,167,146,313
118693,6,4,1,101,47,4,0,148,4,105,47,152
118693,6,4,2,101,47,4,0,148,4,105,47,152
118693,7,999,1,26,32,3,3,58,6,29,35,64
118693,7,999,2,26,32,3,3,58,6,29,35,64
118693,8,5,1,20,21,2,2,41,4,22,23,45
118693,8,5,2,20,21,2,2,41,4,22,23,45
118693,9,6,1,4,3,0,1,7,1,4,4,8
118693,9,6,2,4,3,0,1,7,1,4,4,8
118693,10,7,1,1,4,0,0,5,0,1,4,5
118693,10,7,2,1,4,0,0,5,0,1,4,5
118693,11,8,1,1,3,0,0,4,0,1,3,4
118693,11,8,2,1,3,0,0,4,0,1,3,4
118693,12,9,1,0,1,1,0,1,1,1,1,2
118693,12,9,2,0,1,1,0,1,1,1,1,2
118693,14,11,1,1,0,0,0,1,0,1,0,1
118693,14,11,2,1,0,0,0,1,0,1,0,1
118718,1,412,1,1631,2702,2325,3987,4333,6312,3956,6689,10645
118718,1,112,2,1631,2702,2325,3987,4333,6312,3956,6689,10645
118718,2,999,1,1388,2116,1592,2414,3504,4006,2980,4530,7510
118718,2,999,2,1388,2116,1592,2414,3504,4006,2980,4530,7510
118718,3,1,1,61,117,421,895,178,1316,482,1012,1494
118718,3,1,2,61,117,421,895,178,1316,482,1012,1494
118718,4,2,1,805,1236,425,490,2041,915,1230,1726,2956
118718,4,2,2,805,1236,425,490,2041,915,1230,1726,2956
118718,5,3,1,326,481,401,470,807,871,727,951,1678
118718,5,3,2,326,481,401,470,807,871,727,951,1678
118718,6,4,1,196,282,345,559,478,904,541,841,1382
118718,6,4,2,196,282,345,559,478,904,541,841,1382
118718,7,999,1,243,586,726,1571,829,2297,969,2157,3126
118718,7,999,2,243,586,726,1571,829,2297,969,2157,3126
118718,8,5,1,109,253,256,573,362,829,365,826,1191
118718,8,5,2,109,253,256,573,362,829,365,826,1191
118718,9,6,1,69,145,145,415,214,560,214,560,774
118718,9,6,2,69,145,145,415,214,560,214,560,774
118718,10,7,1,31,85,79,244,116,323,110,329,439
118718,10,7,2,31,85,79,244,116,323,110,329,439
118718,11,8,1,25,81,135,232,106,367,160,313,473
118718,11,8,2,25,81,135,232,106,367,160,313,473
118718,12,9,1,9,19,98,97,28,195,107,116,223
118718,12,9,2,9,19,98,97,28,195,107,116,223
118718,13,10,1,0,3,13,10,3,23,13,13,26
118718,13,10,2,0,3,13,10,3,23,13,13,26
118718,14,11,1,0,0,7,2,0,9,7,2,9
118718,14,11,2,0,0,7,2,0,9,7,2,9
118772,1,412,1,377,797,1646,3441,1174,5087,2023,4238,6261
118772,1,112,2,377,797,1646,3441,1174,5087,2023,4238,6261
118772,2,999,1,212,382,1032,1634,594,2666,1244,2016,3260
118772,2,999,2,212,382,1032,1634,594,2666,1244,2016,3260
118772,3,1,1,15,12,279,436,27,715,294,448,742
118772,3,1,2,15,12,279,436,27,715,294,448,742
118772,4,2,1,90,156,253,366,246,619,343,522,865
118772,4,2,2,90,156,253,366,246,619,343,522,865
118772,5,3,1,63,123,276,381,186,657,339,504,843
118772,5,3,2,63,123,276,381,186,657,339,504,843
118772,6,4,1,44,91,224,451,135,675,268,542,810
118772,6,4,2,44,91,224,451,135,675,268,542,810
118772,7,999,1,165,415,614,1807,580,2421,779,2222,3001
118772,7,999,2,165,415,614,1807,580,2421,779,2222,3001
118772,8,5,1,56,152,222,527,208,749,278,679,957
118772,8,5,2,56,152,222,527,208,749,278,679,957
118772,9,6,1,33,103,140,447,136,587,173,550,723
118772,9,6,2,33,103,140,447,136,587,173,550,723
118772,10,7,1,28,52,76,254,80,330,104,306,410
118772,10,7,2,28,52,76,254,80,330,104,306,410
118772,11,8,1,25,55,94,304,80,398,119,359,478
118772,11,8,2,25,55,94,304,80,398,119,359,478
118772,12,9,1,18,47,57,215,65,272,75,262,337
118772,12,9,2,18,47,57,215,65,272,75,262,337
118772,13,10,1,5,6,25,60,11,85,30,66,96
118772,13,10,2,5,6,25,60,11,85,30,66,96
118912,1,412,1,1956,2718,2990,4981,4674,7971,4946,7699,12645
118912,1,112,2,1956,2718,2990,4981,4674,7971,4946,7699,12645
118912,2,999,1,1558,2052,1829,2382,3610,4211,3387,4434,7821
118912,2,999,2,1558,2052,1829,2382,3610,4211,3387,4434,7821
118912,3,1,1,53,84,237,345,137,582,290,429,719
118912,3,1,2,53,84,237,345,137,582,290,429,719
118912,4,2,1,825,1103,463,487,1928,950,1288,1590,2878
118912,4,2,2,825,1103,463,487,1928,950,1288,1590,2878
118912,5,3,1,440,531,570,708,971,1278,1010,1239,2249
118912,5,3,2,440,531,570,708,971,1278,1010,1239,2249
118912,6,4,1,240,334,559,842,574,1401,799,1176,1975
118912,6,4,2,240,334,559,842,574,1401,799,1176,1975
118912,7,999,1,398,666,1161,2599,1064,3760,1559,3265,4824
118912,7,999,2,398,666,1161,2599,1064,3760,1559,3265,4824
118912,8,5,1,215,305,511,909,520,1420,726,1214,1940
118912,8,5,2,215,305,511,909,520,1420,726,1214,1940
118912,9,6,1,93,145,267,557,238,824,360,702,1062
118912,9,6,2,93,145,267,557,238,824,360,702,1062
118912,10,7,1,34,79,132,347,113,479,166,426,592
118912,10,7,2,34,79,132,347,113,479,166,426,592
118912,11,8,1,39,97,130,443,136,573,169,540,709
118912,11,8,2,39,97,130,443,136,573,169,540,709
118912,12,9,1,13,39,92,303,52,395,105,342,447
118912,12,9,2,13,39,92,303,52,395,105,342,447
118912,13,10,1,4,1,29,40,5,69,33,41,74
118912,13,10,2,4,1,29,40,5,69,33,41,74
118930,1,412,1,758,807,1980,2959,1565,4939,2738,3766,6504
118930,1,112,2,758,807,1980,2959,1565,4939,2738,3766,6504
118930,2,999,1,567,561,1187,1354,1128,2541,1754,1915,3669
118930,2,999,2,567,561,1187,1354,1128,2541,1754,1915,3669
118930,3,1,1,35,57,174,258,92,432,209,315,524
118930,3,1,2,35,57,174,258,92,432,209,315,524
118930,4,2,1,287,271,321,305,558,626,608,576,1184
118930,4,2,2,287,271,321,305,558,626,608,576,1184
118930,5,3,1,136,144,360,359,280,719,496,503,999
118930,5,3,2,136,144,360,359,280,719,496,503,999
118930,6,4,1,109,89,332,432,198,764,441,521,962
118930,6,4,2,109,89,332,432,198,764,441,521,962
118930,7,999,1,191,246,793,1605,437,2398,984,1851,2835
118930,7,999,2,191,246,793,1605,437,2398,984,1851,2835
118930,8,5,1,95,97,323,476,192,799,418,573,991
118930,8,5,2,95,97,323,476,192,799,418,573,991
118930,9,6,1,46,62,171,346,108,517,217,408,625
118930,9,6,2,46,62,171,346,108,517,217,408,625
118930,10,7,1,22,36,96,272,58,368,118,308,426
118930,10,7,2,22,36,96,272,58,368,118,308,426
118930,11,8,1,7,32,104,317,39,421,111,349,460
118930,11,8,2,7,32,104,317,39,421,111,349,460
118930,12,9,1,15,18,83,170,33,253,98,188,286
118930,12,9,2,15,18,83,170,33,253,98,188,286
118930,13,10,1,6,1,16,24,7,40,22,25,47
118930,13,10,2,6,1,16,24,7,40,22,25,47
118976,1,412,1,2017,3114,4052,7182,5131,11234,6069,10296,16365
118976,1,112,2,2017,3114,4052,7182,5131,11234,6069,10296,16365
118976,2,999,1,1786,2513,2857,3998,4299,6855,4643,6511,11154
118976,2,999,2,1786,2513,2857,3998,4299,6855,4643,6511,11154
118976,3,1,1,59,117,366,636,176,1002,425,753,1178
118976,3,1,2,59,117,366,636,176,1002,425,753,1178
118976,4,2,1,1105,1513,979,1115,2618,2094,2084,2628,4712
118976,4,2,2,1105,1513,979,1115,2618,2094,2084,2628,4712
118976,5,3,1,438,545,820,1137,983,1957,1258,1682,2940
118976,5,3,2,438,545,820,1137,983,1957,1258,1682,2940
118976,6,4,1,184,338,692,1110,522,1802,876,1448,2324
118976,6,4,2,184,338,692,1110,522,1802,876,1448,2324
118976,7,999,1,231,601,1195,3184,832,4379,1426,3785,5211
118976,7,999,2,231,601,1195,3184,832,4379,1426,3785,5211
118976,8,5,1,116,245,581,1240,361,1821,697,1485,2182
118976,8,5,2,116,245,581,1240,361,1821,697,1485,2182
118976,9,6,1,51,154,253,742,205,995,304,896,1200
118976,9,6,2,51,154,253,742,205,995,304,896,1200
118976,10,7,1,33,99,161,510,132,671,194,609,803
118976,10,7,2,33,99,161,510,132,671,194,609,803
118976,11,8,1,19,72,130,461,91,591,149,533,682
118976,11,8,2,19,72,130,461,91,591,149,533,682
118976,12,9,1,11,31,58,213,42,271,69,244,313
118976,12,9,2,11,31,58,213,42,271,69,244,313
118976,13,10,1,1,0,12,18,1,30,13,18,31
118976,13,10,2,1,0,12,18,1,30,13,18,31
119067,1,412,1,984,1447,2040,2683,2431,4723,3024,4130,7154
119067,1,112,2,984,1447,2040,2683,2431,4723,3024,4130,7154
119067,2,999,1,763,1048,1022,1305,1811,2327,1785,2353,4138
119067,2,999,2,763,1048,1022,1305,1811,2327,1785,2353,4138
119067,3,1,1,20,47,313,448,67,761,333,495,828
119067,3,1,2,20,47,313,448,67,761,333,495,828
119067,4,2,1,409,510,235,217,919,452,644,727,1371
119067,4,2,2,409,510,235,217,919,452,644,727,1371
119067,5,3,1,203,283,223,251,486,474,426,534,960
119067,5,3,2,203,283,223,251,486,474,426,534,960
119067,6,4,1,131,208,251,389,339,640,382,597,979
119067,6,4,2,131,208,251,389,339,640,382,597,979
119067,7,999,1,221,399,1018,1378,620,2396,1239,1777,3016
119067,7,999,2,221,399,1018,1378,620,2396,1239,1777,3016
119067,8,5,1,122,180,247,471,302,718,369,651,1020
119067,8,5,2,122,180,247,471,302,718,369,651,1020
119067,9,6,1,41,99,222,282,140,504,263,381,644
119067,9,6,2,41,99,222,282,140,504,263,381,644
119067,10,7,1,25,51,178,158,76,336,203,209,412
119067,10,7,2,25,51,178,158,76,336,203,209,412
119067,11,8,1,22,44,212,202,66,414,234,246,480
119067,11,8,2,22,44,212,202,66,414,234,246,480
119067,12,9,1,11,25,116,192,36,308,127,217,344
119067,12,9,2,11,25,116,192,36,308,127,217,344
119067,13,10,1,0,0,43,73,0,116,43,73,116
119067,13,10,2,0,0,43,73,0,116,43,73,116
119137,1,412,1,2197,2540,4168,5456,4737,9624,6365,7996,14361
119137,1,112,2,2197,2540,4168,5456,4737,9624,6365,7996,14361
119137,2,999,1,1999,2228,3091,3472,4227,6563,5090,5700,10790
119137,2,999,2,1999,2228,3091,3472,4227,6563,5090,5700,10790
119137,3,1,1,59,111,487,803,170,1290,546,914,1460
119137,3,1,2,59,111,487,803,170,1290,546,914,1460
119137,4,2,1,1281,1437,906,898,2718,1804,2187,2335,4522
119137,4,2,2,1281,1437,906,898,2718,1804,2187,2335,4522
119137,5,3,1,478,485,946,934,963,1880,1424,1419,2843
119137,5,3,2,478,485,946,934,963,1880,1424,1419,2843
119137,6,4,1,181,195,752,837,376,1589,933,1032,1965
119137,6,4,2,181,195,752,837,376,1589,933,1032,1965
119137,7,999,1,198,311,1077,1982,509,3059,1275,2293,3568
119137,7,999,2,198,311,1077,1982,509,3059,1275,2293,3568
119137,8,5,1,125,158,528,801,283,1329,653,959,1612
119137,8,5,2,125,158,528,801,283,1329,653,959,1612
119137,9,6,1,48,61,217,424,109,641,265,485,750
119137,9,6,2,48,61,217,424,109,641,265,485,750
119137,10,7,1,15,36,130,249,51,379,145,285,430
119137,10,7,2,15,36,130,249,51,379,145,285,430
119137,11,8,1,6,33,109,284,39,393,115,317,432
119137,11,8,2,6,33,109,284,39,393,115,317,432
119137,12,9,1,4,23,78,201,27,279,82,224,306
119137,12,9,2,4,23,78,201,27,279,82,224,306
119137,13,10,1,0,0,15,23,0,38,15,23,38
119137,13,10,2,0,0,15,23,0,38,15,23,38
119137,14,11,1,0,1,0,2,1,2,0,3,3
119137,14,11,2,0,1,0,2,1,2,0,3,3
119164,1,412,1,4544,5334,8103,10412,9878,18515,12647,15746,28393
119164,1,112,2,4544,5334,8103,10412,9878,18515,12647,15746,28393
119164,2,999,1,3691,4168,5238,5973,7859,11211,8929,10141,19070
119164,2,999,2,3691,4168,5238,5973,7859,11211,8929,10141,19070
119164,3,1,1,134,161,517,760,295,1277,651,921,1572
119164,3,1,2,134,161,517,760,295,1277,651,921,1572
119164,4,2,1,1952,2108,1466,1499,4060,2965,3418,3607,7025
119164,4,2,2,1952,2108,1466,1499,4060,2965,3418,3607,7025
119164,5,3,1,1006,1177,1710,1724,2183,3434,2716,2901,5617
119164,5,3,2,1006,1177,1710,1724,2183,3434,2716,2901,5617
119164,6,4,1,599,722,1545,1990,1321,3535,2144,2712,4856
119164,6,4,2,599,722,1545,1990,1321,3535,2144,2712,4856
119164,7,999,1,853,1166,2864,4438,2019,7302,3717,5604,9321
119164,7,999,2,853,1166,2864,4438,2019,7302,3717,5604,9321
119164,8,5,1,503,586,1428,1969,1089,3397,1931,2555,4486
119164,8,5,2,503,586,1428,1969,1089,3397,1931,2555,4486
119164,9,6,1,185,252,650,1051,437,1701,835,1303,2138
119164,9,6,2,185,252,650,1051,437,1701,835,1303,2138
119164,10,7,1,70,124,341,487,194,828,411,611,1022
119164,10,7,2,70,124,341,487,194,828,411,611,1022
119164,11,8,1,68,151,278,584,219,862,346,735,1081
119164,11,8,2,68,151,278,584,219,862,346,735,1081
119164,12,9,1,24,51,148,323,75,471,172,374,546
119164,12,9,2,24,51,148,323,75,471,172,374,546
119164,13,10,1,3,2,19,24,5,43,22,26,48
119164,13,10,2,3,2,19,24,5,43,22,26,48
119164,14,11,1,0,0,1,1,0,2,1,1,2
119164,14,11,2,0,0,1,1,0,2,1,1,2
119216,1,412,1,2060,3165,3133,5630,5225,8763,5193,8795,13988
119216,1,112,2,2060,3165,3133,5630,5225,8763,5193,8795,13988
119216,2,999,1,1671,2350,2116,3133,4021,5249,3787,5483,9270
119216,2,999,2,1671,2350,2116,3133,4021,5249,3787,5483,9270
119216,3,1,1,70,99,251,548,169,799,321,647,968
119216,3,1,2,70,99,251,548,169,799,321,647,968
119216,4,2,1,918,1311,705,847,2229,1552,1623,2158,3781
119216,4,2,2,918,1311,705,847,2229,1552,1623,2158,3781
119216,5,3,1,463,566,637,882,1029,1519,1100,1448,2548
119216,5,3,2,463,566,637,882,1029,1519,1100,1448,2548
119216,6,4,1,220,374,523,856,594,1379,743,1230,1973
119216,6,4,2,220,374,523,856,594,1379,743,1230,1973
119216,7,999,1,387,815,1017,2497,1202,3514,1404,3312,4716
119216,7,999,2,387,815,1017,2497,1202,3514,1404,3312,4716
119216,8,5,1,195,350,431,881,545,1312,626,1231,1857
119216,8,5,2,195,350,431,881,545,1312,626,1231,1857
119216,9,6,1,74,193,219,607,267,826,293,800,1093
119216,9,6,2,74,193,219,607,267,826,293,800,1093
119216,10,7,1,47,119,153,403,166,556,200,522,722
119216,10,7,2,47,119,153,403,166,556,200,522,722
119216,11,8,1,51,104,125,393,155,518,176,497,673
119216,11,8,2,51,104,125,393,155,518,176,497,673
119216,12,9,1,19,48,79,192,67,271,98,240,338
119216,12,9,2,19,48,79,192,67,271,98,240,338
119216,13,10,1,1,1,10,21,2,31,11,22,33
119216,13,10,2,1,1,10,21,2,31,11,22,33
119216,14,11,1,2,0,0,0,2,0,2,0,2
119216,14,11,2,2,0,0,0,2,0,2,0,2
119331,1,412,1,901,1184,1043,1803,2085,2846,1944,2987,4931
119331,1,112,2,901,1184,1043,1803,2085,2846,1944,2987,4931
119331,2,999,1,751,956,683,976,1707,1659,1434,1932,3366
119331,2,999,2,751,956,683,976,1707,1659,1434,1932,3366
119331,3,1,1,25,46,38,54,71,92,63,100,163
119331,3,1,2,25,46,38,54,71,92,63,100,163
119331,4,2,1,435,558,218,270,993,488,653,828,1481
119331,4,2,2,435,558,218,270,993,488,653,828,1481
119331,5,3,1,198,230,232,330,428,562,430,560,990
119331,5,3,2,198,230,232,330,428,562,430,560,990
119331,6,4,1,93,122,195,322,215,517,288,444,732
119331,6,4,2,93,122,195,322,215,517,288,444,732
119331,7,999,1,150,228,359,827,378,1186,509,1055,1564
119331,7,999,2,150,228,359,827,378,1186,509,1055,1564
119331,8,5,1,77,115,141,344,192,485,218,459,677
119331,8,5,2,77,115,141,344,192,485,218,459,677
119331,9,6,1,31,44,80,166,75,246,111,210,321
119331,9,6,2,31,44,80,166,75,246,111,210,321
119331,10,7,1,23,35,42,106,58,148,65,141,206
119331,10,7,2,23,35,42,106,58,148,65,141,206
119331,11,8,1,15,28,42,108,43,150,57,136,193
119331,11,8,2,15,28,42,108,43,150,57,136,193
119331,12,9,1,4,5,36,87,9,123,40,92,132
119331,12,9,2,4,5,36,87,9,123,40,92,132
119331,13,10,1,0,1,18,16,1,34,18,17,35
119331,13,10,2,0,1,18,16,1,34,18,17,35
119331,14,11,1,0,0,1,0,0,1,1,0,1
119331,14,11,2,0,0,1,0,0,1,1,0,1
120254,1,412,1,739,1052,18,30,1791,48,757,1082,1839
120254,1,112,2,739,1052,18,30,1791,48,757,1082,1839
120254,2,999,1,736,1052,18,30,1788,48,754,1082,1836
120254,2,999,2,736,1052,18,30,1788,48,754,1082,1836
120254,3,1,1,4,25,1,0,29,1,5,25,30
120254,3,1,2,4,25,1,0,29,1,5,25,30
120254,4,2,1,337,462,2,7,799,9,339,469,808
120254,4,2,2,337,462,2,7,799,9,339,469,808
120254,5,3,1,345,526,11,20,871,31,356,546,902
120254,5,3,2,345,526,11,20,871,31,356,546,902
120254,6,4,1,50,39,4,3,89,7,54,42,96
120254,6,4,2,50,39,4,3,89,7,54,42,96
120254,7,999,1,3,0,0,0,3,0,3,0,3
120254,7,999,2,3,0,0,0,3,0,3,0,3
120254,8,5,1,2,0,0,0,2,0,2,0,2
120254,8,5,2,2,0,0,0,2,0,2,0,2
120254,9,6,1,1,0,0,0,1,0,1,0,1
120254,9,6,2,1,0,0,0,1,0,1,0,1
120290,1,412,1,1618,1691,2701,3050,3309,5751,4319,4741,9060
120290,1,112,2,1618,1691,2701,3050,3309,5751,4319,4741,9060
120290,2,999,1,1402,1380,1900,1879,2782,3779,3302,3259,6561
120290,2,999,2,1402,1380,1900,1879,2782,3779,3302,3259,6561
120290,3,1,1,72,94,454,517,166,971,526,611,1137
120290,3,1,2,72,94,454,517,166,971,526,611,1137
120290,4,2,1,742,734,528,503,1476,1031,1270,1237,2507
120290,4,2,2,742,734,528,503,1476,1031,1270,1237,2507
120290,5,3,1,400,368,502,454,768,956,902,822,1724
120290,5,3,2,400,368,502,454,768,956,902,822,1724
120290,6,4,1,188,184,416,405,372,821,604,589,1193
120290,6,4,2,188,184,416,405,372,821,604,589,1193
120290,7,999,1,216,311,801,1171,527,1972,1017,1482,2499
120290,7,999,2,216,311,801,1171,527,1972,1017,1482,2499
120290,8,5,1,124,147,297,425,271,722,421,572,993
120290,8,5,2,124,147,297,425,271,722,421,572,993
120290,9,6,1,46,67,172,231,113,403,218,298,516
120290,9,6,2,46,67,172,231,113,403,218,298,516
120290,10,7,1,25,29,103,181,54,284,128,210,338
120290,10,7,2,25,29,103,181,54,284,128,210,338
120290,11,8,1,15,54,142,197,69,339,157,251,408
120290,11,8,2,15,54,142,197,69,339,157,251,408
120290,12,9,1,5,12,72,117,17,189,77,129,206
120290,12,9,2,5,12,72,117,17,189,77,129,206
120290,13,10,1,1,2,15,20,3,35,16,22,38
120290,13,10,2,1,2,15,20,3,35,16,22,38
120342,1,412,1,3176,3312,5525,6112,6488,11637,8701,9424,18125
120342,1,112,2,3176,3312,5525,6112,6488,11637,8701,9424,18125
120342,2,999,1,2693,2840,3537,3591,5533,7128,6230,6431,12661
120342,2,999,2,2693,2840,3537,3591,5533,7128,6230,6431,12661
120342,3,1,1,63,104,102,149,167,251,165,253,418
120342,3,1,2,63,104,102,149,167,251,165,253,418
120342,4,2,1,1502,1643,1104,1045,3145,2149,2606,2688,5294
120342,4,2,2,1502,1643,1104,1045,3145,2149,2606,2688,5294
120342,5,3,1,715,721,1218,1180,1436,2398,1933,1901,3834
120342,5,3,2,715,721,1218,1180,1436,2398,1933,1901,3834
120342,6,4,1,413,372,1113,1217,785,2330,1526,1589,3115
120342,6,4,2,413,372,1113,1217,785,2330,1526,1589,3115
120342,7,999,1,483,472,1988,2521,955,4509,2471,2993,5464
120342,7,999,2,483,472,1988,2521,955,4509,2471,2993,5464
120342,8,5,1,282,251,937,1106,533,2043,1219,1357,2576
120342,8,5,2,282,251,937,1106,533,2043,1219,1357,2576
120342,9,6,1,88,98,466,495,186,961,554,593,1147
120342,9,6,2,88,98,466,495,186,961,554,593,1147
120342,10,7,1,51,52,213,297,103,510,264,349,613
120342,10,7,2,51,52,213,297,103,510,264,349,613
120342,11,8,1,40,40,197,324,80,521,237,364,601
120342,11,8,2,40,40,197,324,80,521,237,364,601
120342,12,9,1,21,30,138,259,51,397,159,289,448
120342,12,9,2,21,30,138,259,51,397,159,289,448
120342,13,10,1,1,1,37,40,2,77,38,41,79
120342,13,10,2,1,1,37,40,2,77,38,41,79
120403,1,412,1,337,708,11,17,1045,28,348,725,1073
120403,1,112,2,332,673,9,16,1005,25,341,689,1030
120403,1,312,5,5,35,2,1,40,3,7,36,43
120403,2,999,1,275,633,5,12,908,17,280,645,925
120403,2,999,2,274,624,5,12,898,17,279,636,915
120403,2,999,5,1,9,0,0,10,0,1,9,10
120403,3,1,1,4,20,0,0,24,0,4,20,24
120403,3,1,2,4,20,0,0,24,0,4,20,24
120403,4,2,1,102,242,0,1,344,1,102,243,345
120403,4,2,2,102,242,0,1,344,1,102,243,345
120403,5,3,1,106,257,0,7,363,7,106,264,370
120403,5,3,2,106,257,0,7,363,7,106,264,370
120403,6,4,1,63,114,5,4,177,9,68,118,186
120403,6,4,2,62,105,5,4,167,9,67,109,176
120403,6,4,5,1,9,0,0,10,0,1,9,10
120403,7,999,1,62,75,6,5,137,11,68,80,148
120403,7,999,2,58,49,4,4,107,8,62,53,115
120403,7,999,5,4,26,2,1,30,3,6,27,33
120403,8,5,1,40,52,4,1,92,5,44,53,97
120403,8,5,2,38,37,3,1,75,4,41,38,79
120403,8,5,5,2,15,1,0,17,1,3,15,18
120403,9,6,1,17,13,0,1,30,1,17,14,31
120403,9,6,2,16,7,0,1,23,1,16,8,24
120403,9,6,5,1,6,0,0,7,0,1,6,7
120403,10,7,1,2,3,0,1,5,1,2,4,6
120403,10,7,2,1,2,0,0,3,0,1,2,3
120403,10,7,5,1,1,0,1,2,1,1,2,3
120403,11,8,1,3,4,1,1,7,2,4,5,9
120403,11,8,2,3,2,1,1,5,2,4,3,7
120403,11,8,5,0,2,0,0,2,0,0,2,2
120403,12,9,1,0,1,0,0,1,0,0,1,1
120403,12,9,2,0,1,0,0,1,0,0,1,1
120403,13,10,1,0,2,1,1,2,2,1,3,4
120403,13,10,2,0,0,0,1,0,1,0,1,1
120403,13,10,5,0,2,1,0,2,1,1,2,3
120421,1,412,1,778,1060,2147,3009,1838,5156,2925,4069,6994
120421,1,112,2,778,1060,2147,3009,1838,5156,2925,4069,6994
120421,2,999,1,645,845,1468,1774,1490,3242,2113,2619,4732
120421,2,999,2,645,845,1468,1774,1490,3242,2113,2619,4732
120421,3,1,1,23,31,167,249,54,416,190,280,470
120421,3,1,2,23,31,167,249,54,416,190,280,470
120421,4,2,1,382,520,477,541,902,1018,859,1061,1920
120421,4,2,2,382,520,477,541,902,1018,859,1061,1920
120421,5,3,1,149,178,462,517,327,979,611,695,1306
120421,5,3,2,149,178,462,517,327,979,611,695,1306
120421,6,4,1,91,116,362,467,207,829,453,583,1036
120421,6,4,2,91,116,362,467,207,829,453,583,1036
120421,7,999,1,133,215,679,1235,348,1914,812,1450,2262
120421,7,999,2,133,215,679,1235,348,1914,812,1450,2262
120421,8,5,1,72,89,327,525,161,852,399,614,1013
120421,8,5,2,72,89,327,525,161,852,399,614,1013
120421,9,6,1,31,44,150,280,75,430,181,324,505
120421,9,6,2,31,44,150,280,75,430,181,324,505
120421,10,7,1,16,24,79,144,40,223,95,168,263
120421,10,7,2,16,24,79,144,40,223,95,168,263
120421,11,8,1,9,39,69,164,48,233,78,203,281
120421,11,8,2,9,39,69,164,48,233,78,203,281
120421,12,9,1,4,17,52,108,21,160,56,125,181
120421,12,9,2,4,17,52,108,21,160,56,125,181
120421,13,10,1,1,2,2,14,3,16,3,16,19
120421,13,10,2,1,2,2,14,3,16,3,16,19
120865,1,412,1,337,498,29,95,835,124,366,593,959
120865,1,112,2,337,495,29,94,832,123,366,589,955
120865,1,312,5,0,3,0,1,3,1,0,4,4
120865,2,999,1,296,414,18,51,710,69,314,465,779
120865,2,999,2,296,414,18,50,710,68,314,464,778
120865,2,999,5,0,0,0,1,0,1,0,1,1
120865,3,1,1,9,9,6,21,18,27,15,30,45
120865,3,1,2,9,9,6,21,18,27,15,30,45
120865,4,2,1,104,163,3,5,267,8,107,168,275
120865,4,2,2,104,163,3,5,267,8,107,168,275
120865,5,3,1,106,153,5,7,259,12,111,160,271
120865,5,3,2,106,153,5,6,259,11,111,159,270
120865,5,3,5,0,0,0,1,0,1,0,1,1
120865,6,4,1,77,89,4,18,166,22,81,107,188
120865,6,4,2,77,89,4,18,166,22,81,107,188
120865,7,999,1,41,84,11,44,125,55,52,128,180
120865,7,999,2,41,81,11,44,122,55,52,125,177
120865,7,999,5,0,3,0,0,3,0,0,3,3
120865,8,5,1,25,43,2,16,68,18,27,59,86
120865,8,5,2,25,42,2,16,67,18,27,58,85
120865,8,5,5,0,1,0,0,1,0,0,1,1
120865,9,6,1,8,21,2,11,29,13,10,32,42
120865,9,6,2,8,21,2,11,29,13,10,32,42
120865,10,7,1,4,9,0,5,13,5,4,14,18
120865,10,7,2,4,9,0,5,13,5,4,14,18
120865,11,8,1,3,9,4,7,12,11,7,16,23
120865,11,8,2,3,9,4,7,12,11,7,16,23
120865,12,9,1,1,2,2,5,3,7,3,7,10
120865,12,9,2,1,0,2,5,1,7,3,5,8
120865,12,9,5,0,2,0,0,2,0,0,2,2
120865,13,10,1,0,0,1,0,0,1,1,0,1
120865,13,10,2,0,0,1,0,0,1,1,0,1
120883,1,412,1,2424,3072,306,461,5496,767,2730,3533,6263
120883,1,112,2,1632,1780,64,48,3412,112,1696,1828,3524
120883,1,312,5,792,1292,242,413,2084,655,1034,1705,2739
120883,2,999,1,1926,2379,85,150,4305,235,2011,2529,4540
120883,2,999,2,1525,1668,46,41,3193,87,1571,1709,3280
120883,2,999,5,401,711,39,109,1112,148,440,820,1260
120883,3,1,1,38,52,0,0,90,0,38,52,90
120883,3,1,2,38,52,0,0,90,0,38,52,90
120883,4,2,1,643,797,4,4,1440,8,647,801,1448
120883,4,2,2,637,789,4,4,1426,8,641,793,1434
120883,4,2,5,6,8,0,0,14,0,6,8,14
120883,5,3,1,709,805,18,22,1514,40,727,827,1554
120883,5,3,2,639,675,16,17,1314,33,655,692,1347
120883,5,3,5,70,130,2,5,200,7,72,135,207
120883,6,4,1,536,725,63,124,1261,187,599,849,1448
120883,6,4,2,211,152,26,20,363,46,237,172,409
120883,6,4,5,325,573,37,104,898,141,362,677,1039
120883,7,999,1,498,693,221,311,1191,532,719,1004,1723
120883,7,999,2,107,112,18,7,219,25,125,119,244
120883,7,999,5,391,581,203,304,972,507,594,885,1479
120883,8,5,1,335,471,95,122,806,217,430,593,1023
120883,8,5,2,62,57,13,0,119,13,75,57,132
120883,8,5,5,273,414,82,122,687,204,355,536,891
120883,9,6,1,94,120,51,70,214,121,145,190,335
120883,9,6,2,21,25,3,4,46,7,24,29,53
120883,9,6,5,73,95,48,66,168,114,121,161,282
120883,10,7,1,36,48,26,37,84,63,62,85,147
120883,10,7,2,10,11,0,0,21,0,10,11,21
120883,10,7,5,26,37,26,37,63,63,52,74,126
120883,11,8,1,25,43,32,51,68,83,57,94,151
120883,11,8,2,10,13,1,2,23,3,11,15,26
120883,11,8,5,15,30,31,49,45,80,46,79,125
120883,12,9,1,6,11,15,31,17,46,21,42,63
120883,12,9,2,2,6,1,1,8,2,3,7,10
120883,12,9,5,4,5,14,30,9,44,18,35,53
120883,13,10,1,2,0,2,0,2,2,4,0,4
120883,13,10,2,2,0,0,0,2,0,2,0,2
120883,13,10,5,0,0,2,0,0,2,2,0,2
120953,1,412,1,474,98,2904,378,572,3282,3378,476,3854
120953,1,112,2,474,98,2904,378,572,3282,3378,476,3854
120953,2,999,1,47,73,278,154,120,432,325,227,552
120953,2,999,2,47,73,278,154,120,432,325,227,552
120953,3,1,1,1,2,99,75,3,174,100,77,177
120953,3,1,2,1,2,99,75,3,174,100,77,177
120953,4,2,1,13,39,33,39,52,72,46,78,124
120953,4,2,2,13,39,33,39,52,72,46,78,124
120953,5,3,1,12,20,31,18,32,49,43,38,81
120953,5,3,2,12,20,31,18,32,49,43,38,81
120953,6,4,1,21,12,115,22,33,137,136,34,170
120953,6,4,2,21,12,115,22,33,137,136,34,170
120953,7,999,1,427,25,2623,224,452,2847,3050,249,3299
120953,7,999,2,427,25,2623,224,452,2847,3050,249,3299
120953,8,5,1,90,10,302,44,100,346,392,54,446
120953,8,5,2,90,10,302,44,100,346,392,54,446
120953,9,6,1,94,3,411,43,97,454,505,46,551
120953,9,6,2,94,3,411,43,97,454,505,46,551
120953,10,7,1,72,5,484,30,77,514,556,35,591
120953,10,7,2,72,5,484,30,77,514,556,35,591
120953,11,8,1,121,5,844,52,126,896,965,57,1022
120953,11,8,2,121,5,844,52,126,896,965,57,1022
120953,12,9,1,48,1,546,47,49,593,594,48,642
120953,12,9,2,48,1,546,47,49,593,594,48,642
120953,13,10,1,2,1,36,8,3,44,38,9,47
120953,13,10,2,2,1,36,8,3,44,38,9,47
120953,14,11,1,0,0,3,0,0,3,3,0,3
120953,14,11,2,0,0,3,0,0,3,3,0,3
120971,1,412,1,3244,3757,7172,6968,7001,14140,10416,10725,21141
120971,1,112,2,3244,3757,7172,6968,7001,14140,10416,10725,21141
120971,2,999,1,2741,3216,4004,4157,5957,8161,6745,7373,14118
120971,2,999,2,2741,3216,4004,4157,5957,8161,6745,7373,14118
120971,3,1,1,94,157,636,975,251,1611,730,1132,1862
120971,3,1,2,94,157,636,975,251,1611,730,1132,1862
120971,4,2,1,1666,1937,1027,922,3603,1949,2693,2859,5552
120971,4,2,2,1666,1937,1027,922,3603,1949,2693,2859,5552
120971,5,3,1,639,752,1163,1106,1391,2269,1802,1858,3660
120971,5,3,2,639,752,1163,1106,1391,2269,1802,1858,3660
120971,6,4,1,342,370,1178,1154,712,2332,1520,1524,3044
120971,6,4,2,342,370,1178,1154,712,2332,1520,1524,3044
120971,7,999,1,503,541,3167,2811,1044,5978,3670,3352,7022
120971,7,999,2,503,541,3167,2811,1044,5978,3670,3352,7022
120971,8,5,1,260,280,1222,1139,540,2361,1482,1419,2901
120971,8,5,2,260,280,1222,1139,540,2361,1482,1419,2901
120971,9,6,1,114,117,732,560,231,1292,846,677,1523
120971,9,6,2,114,117,732,560,231,1292,846,677,1523
120971,10,7,1,67,50,454,328,117,782,521,378,899
120971,10,7,2,67,50,454,328,117,782,521,378,899
120971,11,8,1,43,61,503,446,104,949,546,507,1053
120971,11,8,2,43,61,503,446,104,949,546,507,1053
120971,12,9,1,19,33,221,301,52,522,240,334,574
120971,12,9,2,19,33,221,301,52,522,240,334,574
120971,13,10,1,0,0,35,37,0,72,35,37,72
120971,13,10,2,0,0,35,37,0,72,35,37,72
120971,14,11,1,0,0,1,0,0,1,1,0,1
120971,14,11,2,0,0,1,0,0,1,1,0,1
121044,1,412,1,4434,4993,6634,8973,9427,15607,11068,13966,25034
121044,1,112,2,4434,4993,6634,8973,9427,15607,11068,13966,25034
121044,2,999,1,3764,4045,4290,4841,7809,9131,8054,8886,16940
121044,2,999,2,3764,4045,4290,4841,7809,9131,8054,8886,16940
121044,3,1,1,161,187,411,627,348,1038,572,814,1386
121044,3,1,2,161,187,411,627,348,1038,572,814,1386
121044,4,2,1,2121,2329,1155,1165,4450,2320,3276,3494,6770
121044,4,2,2,2121,2329,1155,1165,4450,2320,3276,3494,6770
121044,5,3,1,939,986,1392,1429,1925,2821,2331,2415,4746
121044,5,3,2,939,986,1392,1429,1925,2821,2331,2415,4746
121044,6,4,1,543,543,1332,1620,1086,2952,1875,2163,4038
121044,6,4,2,543,543,1332,1620,1086,2952,1875,2163,4038
121044,7,999,1,670,948,2344,4132,1618,6476,3014,5080,8094
121044,7,999,2,670,948,2344,4132,1618,6476,3014,5080,8094
121044,8,5,1,369,468,1067,1596,837,2663,1436,2064,3500
121044,8,5,2,369,468,1067,1596,837,2663,1436,2064,3500
121044,9,6,1,150,231,566,1009,381,1575,716,1240,1956
121044,9,6,2,150,231,566,1009,381,1575,716,1240,1956
121044,10,7,1,72,99,284,531,171,815,356,630,986
121044,10,7,2,72,99,284,531,171,815,356,630,986
121044,11,8,1,56,109,247,603,165,850,303,712,1015
121044,11,8,2,56,109,247,603,165,850,303,712,1015
121044,12,9,1,22,39,139,336,61,475,161,375,536
121044,12,9,2,22,39,139,336,61,475,161,375,536
121044,13,10,1,1,2,41,57,3,98,42,59,101
121044,13,10,2,1,2,41,57,3,98,42,59,101
121150,1,412,1,2359,3569,1077,2549,5928,3626,3436,6118,9554
121150,1,112,2,1324,1808,138,189,3132,327,1462,1997,3459
121150,1,312,5,1035,1761,939,2360,2796,3299,1974,4121,6095
121150,2,999,1,1616,2428,165,548,4044,713,1781,2976,4757
121150,2,999,2,1290,1792,80,113,3082,193,1370,1905,3275
121150,2,999,5,326,636,85,435,962,520,411,1071,1482
121150,3,1,1,11,43,1,1,54,2,12,44,56
121150,3,1,2,11,43,1,1,54,2,12,44,56
121150,4,2,1,541,730,10,8,1271,18,551,738,1289
121150,4,2,2,541,730,10,8,1271,18,551,738,1289
121150,5,3,1,617,936,40,85,1553,125,657,1021,1678
121150,5,3,2,599,907,39,67,1506,106,638,974,1612
121150,5,3,5,18,29,1,18,47,19,19,47,66
121150,6,4,1,447,719,114,454,1166,568,561,1173,1734
121150,6,4,2,139,112,30,37,251,67,169,149,318
121150,6,4,5,308,607,84,417,915,501,392,1024,1416
121150,7,999,1,743,1141,912,2001,1884,2913,1655,3142,4797
121150,7,999,2,34,16,58,76,50,134,92,92,184
121150,7,999,5,709,1125,854,1925,1834,2779,1563,3050,4613
121150,8,5,1,369,613,241,733,982,974,610,1346,1956
121150,8,5,2,24,11,16,23,35,39,40,34,74
121150,8,5,5,345,602,225,710,947,935,570,1312,1882
121150,9,6,1,182,202,224,440,384,664,406,642,1048
121150,9,6,2,7,5,16,14,12,30,23,19,42
121150,9,6,5,175,197,208,426,372,634,383,623,1006
121150,10,7,1,83,116,150,276,199,426,233,392,625
121150,10,7,2,1,0,13,15,1,28,14,15,29
121150,10,7,5,82,116,137,261,198,398,219,377,596
121150,11,8,1,78,141,178,353,219,531,256,494,750
121150,11,8,2,2,0,9,16,2,25,11,16,27
121150,11,8,5,76,141,169,337,217,506,245,478,723
121150,12,9,1,29,65,110,186,94,296,139,251,390
121150,12,9,2,0,0,4,8,0,12,4,8,12
121150,12,9,5,29,65,106,178,94,284,135,243,378
121150,13,10,1,2,4,9,13,6,22,11,17,28
121150,13,10,5,2,4,9,13,6,22,11,17,28
121275,1,412,1,62,34,0,0,96,0,62,34,96
121275,1,112,2,62,34,0,0,96,0,62,34,96
121275,2,999,1,20,21,0,0,41,0,20,21,41
121275,2,999,2,20,21,0,0,41,0,20,21,41
121275,3,1,1,0,1,0,0,1,0,0,1,1
121275,3,1,2,0,1,0,0,1,0,0,1,1
121275,4,2,1,6,5,0,0,11,0,6,5,11
121275,4,2,2,6,5,0,0,11,0,6,5,11
121275,5,3,1,5,8,0,0,13,0,5,8,13
121275,5,3,2,5,8,0,0,13,0,5,8,13
121275,6,4,1,9,7,0,0,16,0,9,7,16
121275,6,4,2,9,7,0,0,16,0,9,7,16
121275,7,999,1,41,13,0,0,54,0,41,13,54
121275,7,999,2,41,13,0,0,54,0,41,13,54
121275,8,5,1,18,7,0,0,25,0,18,7,25
121275,8,5,2,18,7,0,0,25,0,18,7,25
121275,9,6,1,17,3,0,0,20,0,17,3,20
121275,9,6,2,17,3,0,0,20,0,17,3,20
121275,10,7,1,5,2,0,0,7,0,5,2,7
121275,10,7,2,5,2,0,0,7,0,5,2,7
121275,11,8,1,1,1,0,0,2,0,1,1,2
121275,11,8,2,1,1,0,0,2,0,1,1,2
121275,14,11,1,1,0,0,0,1,0,1,0,1
121275,14,11,2,1,0,0,0,1,0,1,0,1
121309,1,412,1,1020,2161,435,1000,3181,1435,1455,3161,4616
121309,1,112,2,862,1681,236,437,2543,673,1098,2118,3216
121309,1,312,5,158,480,199,563,638,762,357,1043,1400
121309,2,999,1,854,1766,121,205,2620,326,975,1971,2946
121309,2,999,2,818,1622,95,146,2440,241,913,1768,2681
121309,2,999,5,36,144,26,59,180,85,62,203,265
121309,3,1,1,11,43,0,0,54,0,11,43,54
121309,3,1,2,11,43,0,0,54,0,11,43,54
121309,4,2,1,314,744,3,5,1058,8,317,749,1066
121309,4,2,2,314,744,3,5,1058,8,317,749,1066
121309,5,3,1,396,743,26,51,1139,77,422,794,1216
121309,5,3,2,396,735,26,49,1131,75,422,784,1206
121309,5,3,5,0,8,0,2,8,2,0,10,10
121309,6,4,1,133,236,92,149,369,241,225,385,610
121309,6,4,2,97,100,66,92,197,158,163,192,355
121309,6,4,5,36,136,26,57,172,83,62,193,255
121309,7,999,1,166,395,314,795,561,1109,480,1190,1670
121309,7,999,2,44,59,141,291,103,432,185,350,535
121309,7,999,5,122,336,173,504,458,677,295,840,1135
121309,8,5,1,90,202,121,300,292,421,211,502,713
121309,8,5,2,27,36,66,121,63,187,93,157,250
121309,8,5,5,63,166,55,179,229,234,118,345,463
121309,9,6,1,38,74,74,171,112,245,112,245,357
121309,9,6,2,9,12,35,61,21,96,44,73,117
121309,9,6,5,29,62,39,110,91,149,68,172,240
121309,10,7,1,17,38,47,109,55,156,64,147,211
121309,10,7,2,7,4,18,42,11,60,25,46,71
121309,10,7,5,10,34,29,67,44,96,39,101,140
121309,11,8,1,16,58,50,156,74,206,66,214,280
121309,11,8,2,0,5,17,53,5,70,17,58,75
121309,11,8,5,16,53,33,103,69,136,49,156,205
121309,12,9,1,5,23,20,53,28,73,25,76,101
121309,12,9,2,1,2,5,12,3,17,6,14,20
121309,12,9,5,4,21,15,41,25,56,19,62,81
121309,13,10,1,0,0,2,6,0,8,2,6,8
121309,13,10,2,0,0,0,2,0,2,0,2,2
121309,13,10,5,0,0,2,4,0,6,2,4,6
121345,1,412,1,677,788,6,4,1465,10,683,792,1475
121345,1,112,2,677,788,6,4,1465,10,683,792,1475
121345,2,999,1,668,785,6,4,1453,10,674,789,1463
121345,2,999,2,668,785,6,4,1453,10,674,789,1463
121345,3,1,1,7,23,6,3,30,9,13,26,39
121345,3,1,2,7,23,6,3,30,9,13,26,39
121345,4,2,1,338,376,0,1,714,1,338,377,715
121345,4,2,2,338,376,0,1,714,1,338,377,715
121345,5,3,1,275,342,0,0,617,0,275,342,617
121345,5,3,2,275,342,0,0,617,0,275,342,617
121345,6,4,1,48,44,0,0,92,0,48,44,92
121345,6,4,2,48,44,0,0,92,0,48,44,92
121345,7,999,1,9,3,0,0,12,0,9,3,12
121345,7,999,2,9,3,0,0,12,0,9,3,12
121345,8,5,1,7,3,0,0,10,0,7,3,10
121345,8,5,2,7,3,0,0,10,0,7,3,10
121345,9,6,1,1,0,0,0,1,0,1,0,1
121345,9,6,2,1,0,0,0,1,0,1,0,1
121345,10,7,1,1,0,0,0,1,0,1,0,1
121345,10,7,2,1,0,0,0,1,0,1,0,1
121363,1,412,1,469,914,802,1779,1383,2581,1271,2693,3964
121363,1,112,2,469,914,802,1779,1383,2581,1271,2693,3964
121363,2,999,1,421,745,591,1185,1166,1776,1012,1930,2942
121363,2,999,2,421,745,591,1185,1166,1776,1012,1930,2942
121363,3,1,1,8,22,190,490,30,680,198,512,710
121363,3,1,2,8,22,190,490,30,680,198,512,710
121363,4,2,1,250,427,161,235,677,396,411,662,1073
121363,4,2,2,250,427,161,235,677,396,411,662,1073
121363,5,3,1,108,199,137,240,307,377,245,439,684
121363,5,3,2,108,199,137,240,307,377,245,439,684
121363,6,4,1,55,97,103,220,152,323,158,317,475
121363,6,4,2,55,97,103,220,152,323,158,317,475
121363,7,999,1,48,169,211,594,217,805,259,763,1022
121363,7,999,2,48,169,211,594,217,805,259,763,1022
121363,8,5,1,26,73,93,245,99,338,119,318,437
121363,8,5,2,26,73,93,245,99,338,119,318,437
121363,9,6,1,10,41,48,155,51,203,58,196,254
121363,9,6,2,10,41,48,155,51,203,58,196,254
121363,10,7,1,5,31,31,96,36,127,36,127,163
121363,10,7,2,5,31,31,96,36,127,36,127,163
121363,11,8,1,5,18,31,69,23,100,36,87,123
121363,11,8,2,5,18,31,69,23,100,36,87,123
121363,12,9,1,1,5,8,26,6,34,9,31,40
121363,12,9,2,1,5,8,26,6,34,9,31,40
121363,13,10,1,1,1,0,3,2,3,1,4,5
121363,13,10,2,1,1,0,3,2,3,1,4,5
121619,1,412,1,1921,2276,8459,7462,4197,15921,10380,9738,20118
121619,1,112,2,1921,2276,8459,7462,4197,15921,10380,9738,20118
121619,2,999,1,1503,1743,3189,3827,3246,7016,4692,5570,10262
121619,2,999,2,1503,1743,3189,3827,3246,7016,4692,5570,10262
121619,3,1,1,48,72,482,731,120,1213,530,803,1333
121619,3,1,2,48,72,482,731,120,1213,530,803,1333
121619,4,2,1,817,937,832,820,1754,1652,1649,1757,3406
121619,4,2,2,817,937,832,820,1754,1652,1649,1757,3406
121619,5,3,1,358,459,893,1024,817,1917,1251,1483,2734
121619,5,3,2,358,459,893,1024,817,1917,1251,1483,2734
121619,6,4,1,280,275,982,1252,555,2234,1262,1527,2789
121619,6,4,2,280,275,982,1252,555,2234,1262,1527,2789
121619,7,999,1,418,533,5269,3634,951,8903,5687,4167,9854
121619,7,999,2,418,533,5269,3634,951,8903,5687,4167,9854
121619,8,5,1,247,267,1257,1510,514,2767,1504,1777,3281
121619,8,5,2,247,267,1257,1510,514,2767,1504,1777,3281
121619,9,6,1,108,136,945,825,244,1770,1053,961,2014
121619,9,6,2,108,136,945,825,244,1770,1053,961,2014
121619,10,7,1,34,59,817,490,93,1307,851,549,1400
121619,10,7,2,34,59,817,490,93,1307,851,549,1400
121619,11,8,1,18,46,1288,514,64,1802,1306,560,1866
121619,11,8,2,18,46,1288,514,64,1802,1306,560,1866
121619,12,9,1,11,21,898,275,32,1173,909,296,1205
121619,12,9,2,11,21,898,275,32,1173,909,296,1205
121619,13,10,1,0,4,64,20,4,84,64,24,88
121619,13,10,2,0,4,64,20,4,84,64,24,88
121619,14,11,1,0,0,1,1,0,2,1,1,2
121619,14,11,2,0,0,1,1,0,2,1,1,2
121628,1,412,1,69,54,0,0,123,0,69,54,123
121628,1,312,5,69,54,0,0,123,0,69,54,123
121628,2,999,1,6,2,0,0,8,0,6,2,8
121628,2,999,5,6,2,0,0,8,0,6,2,8
121628,6,4,1,6,2,0,0,8,0,6,2,8
121628,6,4,5,6,2,0,0,8,0,6,2,8
121628,7,999,1,63,52,0,0,115,0,63,52,115
121628,7,999,5,63,52,0,0,115,0,63,52,115
121628,8,5,1,25,10,0,0,35,0,25,10,35
121628,8,5,5,25,10,0,0,35,0,25,10,35
121628,9,6,1,18,26,0,0,44,0,18,26,44
121628,9,6,5,18,26,0,0,44,0,18,26,44
121628,10,7,1,12,14,0,0,26,0,12,14,26
121628,10,7,5,12,14,0,0,26,0,12,14,26
121628,11,8,1,8,2,0,0,10,0,8,2,10
121628,11,8,5,8,2,0,0,10,0,8,2,10
121707,1,412,1,523,688,1108,1572,1211,2680,1631,2260,3891
121707,1,112,2,523,688,1108,1572,1211,2680,1631,2260,3891
121707,2,999,1,340,446,519,758,786,1277,859,1204,2063
121707,2,999,2,340,446,519,758,786,1277,859,1204,2063
121707,3,1,1,6,16,166,256,22,422,172,272,444
121707,3,1,2,6,16,166,256,22,422,172,272,444
121707,4,2,1,198,226,121,138,424,259,319,364,683
121707,4,2,2,198,226,121,138,424,259,319,364,683
121707,5,3,1,94,123,118,163,217,281,212,286,498
121707,5,3,2,94,123,118,163,217,281,212,286,498
121707,6,4,1,42,81,114,201,123,315,156,282,438
121707,6,4,2,42,81,114,201,123,315,156,282,438
121707,7,999,1,183,242,589,814,425,1403,772,1056,1828
121707,7,999,2,183,242,589,814,425,1403,772,1056,1828
121707,8,5,1,66,77,204,296,143,500,270,373,643
121707,8,5,2,66,77,204,296,143,500,270,373,643
121707,9,6,1,38,64,150,190,102,340,188,254,442
121707,9,6,2,38,64,150,190,102,340,188,254,442
121707,10,7,1,24,40,99,125,64,224,123,165,288
121707,10,7,2,24,40,99,125,64,224,123,165,288
121707,11,8,1,36,49,85,127,85,212,121,176,297
121707,11,8,2,36,49,85,127,85,212,121,176,297
121707,12,9,1,15,10,44,63,25,107,59,73,132
121707,12,9,2,15,10,44,63,25,107,59,73,132
121707,13,10,1,4,2,7,13,6,20,11,15,26
121707,13,10,2,4,2,7,13,6,20,11,15,26
121886,1,412,1,2071,2356,5825,5440,4427,11265,7896,7796,15692
121886,1,112,2,2071,2356,5825,5440,4427,11265,7896,7796,15692
121886,2,999,1,1792,2030,3186,3225,3822,6411,4978,5255,10233
121886,2,999,2,1792,2030,3186,3225,3822,6411,4978,5255,10233
121886,3,1,1,76,123,377,650,199,1027,453,773,1226
121886,3,1,2,76,123,377,650,199,1027,453,773,1226
121886,4,2,1,1100,1195,886,745,2295,1631,1986,1940,3926
121886,4,2,2,1100,1195,886,745,2295,1631,1986,1940,3926
121886,5,3,1,409,449,912,909,858,1821,1321,1358,2679
121886,5,3,2,409,449,912,909,858,1821,1321,1358,2679
121886,6,4,1,207,263,1011,921,470,1932,1218,1184,2402
121886,6,4,2,207,263,1011,921,470,1932,1218,1184,2402
121886,7,999,1,279,326,2639,2214,605,4853,2918,2540,5458
121886,7,999,2,279,326,2639,2214,605,4853,2918,2540,5458
121886,8,5,1,170,167,1099,968,337,2067,1269,1135,2404
121886,8,5,2,170,167,1099,968,337,2067,1269,1135,2404
121886,9,6,1,57,89,673,508,146,1181,730,597,1327
121886,9,6,2,57,89,673,508,146,1181,730,597,1327
121886,10,7,1,30,34,377,293,64,670,407,327,734
121886,10,7,2,30,34,377,293,64,670,407,327,734
121886,11,8,1,13,27,359,306,40,665,372,333,705
121886,11,8,2,13,27,359,306,40,665,372,333,705
121886,12,9,1,9,9,118,133,18,251,127,142,269
121886,12,9,2,9,9,118,133,18,251,127,142,269
121886,13,10,1,0,0,13,6,0,19,13,6,19
121886,13,10,2,0,0,13,6,0,19,13,6,19
121886,14,11,1,0,0,0,1,0,1,0,1,1
121886,14,11,2,0,0,0,1,0,1,0,1,1
121901,1,412,1,2285,3637,5369,8789,5922,14158,7654,12426,20080
121901,1,112,2,2285,3637,5369,8789,5922,14158,7654,12426,20080
121901,2,999,1,2062,3128,3865,5493,5190,9358,5927,8621,14548
121901,2,999,2,2062,3128,3865,5493,5190,9358,5927,8621,14548
121901,3,1,1,103,194,276,528,297,804,379,722,1101
121901,3,1,2,103,194,276,528,297,804,379,722,1101
121901,4,2,1,1350,2067,1372,1628,3417,3000,2722,3695,6417
121901,4,2,2,1350,2067,1372,1628,3417,3000,2722,3695,6417
121901,5,3,1,394,570,1235,1736,964,2971,1629,2306,3935
121901,5,3,2,394,570,1235,1736,964,2971,1629,2306,3935
121901,6,4,1,215,297,982,1601,512,2583,1197,1898,3095
121901,6,4,2,215,297,982,1601,512,2583,1197,1898,3095
121901,7,999,1,223,509,1504,3296,732,4800,1727,3805,5532
121901,7,999,2,223,509,1504,3296,732,4800,1727,3805,5532
121901,8,5,1,117,231,772,1313,348,2085,889,1544,2433
121901,8,5,2,117,231,772,1313,348,2085,889,1544,2433
121901,9,6,1,45,126,338,839,171,1177,383,965,1348
121901,9,6,2,45,126,338,839,171,1177,383,965,1348
121901,10,7,1,28,70,171,454,98,625,199,524,723
121901,10,7,2,28,70,171,454,98,625,199,524,723
121901,11,8,1,23,62,134,459,85,593,157,521,678
121901,11,8,2,23,62,134,459,85,593,157,521,678
121901,12,9,1,10,20,76,212,30,288,86,232,318
121901,12,9,2,10,20,76,212,30,288,86,232,318
121901,13,10,1,0,0,13,19,0,32,13,19,32
121901,13,10,2,0,0,13,19,0,32,13,19,32
122180,1,412,1,1696,2690,6043,9598,4386,15641,7739,12288,20027
122180,1,112,2,1696,2690,6043,9598,4386,15641,7739,12288,20027
122180,2,999,1,1318,2017,3658,5365,3335,9023,4976,7382,12358
122180,2,999,2,1318,2017,3658,5365,3335,9023,4976,7382,12358
122180,3,1,1,49,104,316,547,153,863,365,651,1016
122180,3,1,2,49,104,316,547,153,863,365,651,1016
122180,4,2,1,746,1118,1338,1840,1864,3178,2084,2958,5042
122180,4,2,2,746,1118,1338,1840,1864,3178,2084,2958,5042
122180,5,3,1,329,499,1020,1505,828,2525,1349,2004,3353
122180,5,3,2,329,499,1020,1505,828,2525,1349,2004,3353
122180,6,4,1,194,296,984,1473,490,2457,1178,1769,2947
122180,6,4,2,194,296,984,1473,490,2457,1178,1769,2947
122180,7,999,1,378,673,2385,4231,1051,6616,2763,4904,7667
122180,7,999,2,378,673,2385,4231,1051,6616,2763,4904,7667
122180,8,5,1,181,301,942,1557,482,2499,1123,1858,2981
122180,8,5,2,181,301,942,1557,482,2499,1123,1858,2981
122180,9,6,1,100,162,556,1008,262,1564,656,1170,1826
122180,9,6,2,100,162,556,1008,262,1564,656,1170,1826
122180,10,7,1,40,88,339,573,128,912,379,661,1040
122180,10,7,2,40,88,339,573,128,912,379,661,1040
122180,11,8,1,38,76,311,621,114,932,349,697,1046
122180,11,8,2,38,76,311,621,114,932,349,697,1046
122180,12,9,1,16,44,195,383,60,578,211,427,638
122180,12,9,2,16,44,195,383,60,578,211,427,638
122180,13,10,1,3,2,42,89,5,131,45,91,136
122180,13,10,2,3,2,42,89,5,131,45,91,136
122180,14,11,1,0,0,0,2,0,2,0,2,2
122180,14,11,2,0,0,0,2,0,2,0,2,2
122205,1,412,1,2685,2936,5408,7955,5621,13363,8093,10891,18984
122205,1,112,2,2685,2936,5408,7955,5621,13363,8093,10891,18984
122205,2,999,1,2374,2419,3769,4149,4793,7918,6143,6568,12711
122205,2,999,2,2374,2419,3769,4149,4793,7918,6143,6568,12711
122205,3,1,1,50,95,486,657,145,1143,536,752,1288
122205,3,1,2,50,95,486,657,145,1143,536,752,1288
122205,4,2,1,1496,1609,1140,1016,3105,2156,2636,2625,5261
122205,4,2,2,1496,1609,1140,1016,3105,2156,2636,2625,5261
122205,5,3,1,583,469,1204,1291,1052,2495,1787,1760,3547
122205,5,3,2,583,469,1204,1291,1052,2495,1787,1760,3547
122205,6,4,1,245,246,939,1185,491,2124,1184,1431,2615
122205,6,4,2,245,246,939,1185,491,2124,1184,1431,2615
122205,7,999,1,311,517,1639,3806,828,5445,1950,4323,6273
122205,7,999,2,311,517,1639,3806,828,5445,1950,4323,6273
122205,8,5,1,162,199,619,1121,361,1740,781,1320,2101
122205,8,5,2,162,199,619,1121,361,1740,781,1320,2101
122205,9,6,1,69,99,357,689,168,1046,426,788,1214
122205,9,6,2,69,99,357,689,168,1046,426,788,1214
122205,10,7,1,24,68,187,497,92,684,211,565,776
122205,10,7,2,24,68,187,497,92,684,211,565,776
122205,11,8,1,31,82,224,778,113,1002,255,860,1115
122205,11,8,2,31,82,224,778,113,1002,255,860,1115
122205,12,9,1,19,63,183,631,82,814,202,694,896
122205,12,9,2,19,63,183,631,82,814,202,694,896
122205,13,10,1,6,6,69,90,12,159,75,96,171
122205,13,10,2,6,6,69,90,12,159,75,96,171
122296,1,412,1,402,1062,119,467,1464,586,521,1529,2050
122296,1,112,2,120,415,30,171,535,201,150,586,736
122296,1,312,5,282,647,89,296,929,385,371,943,1314
122296,2,999,1,46,168,1,15,214,16,47,183,230
122296,2,999,2,15,98,1,9,113,10,16,107,123
122296,2,999,5,31,70,0,6,101,6,31,76,107
122296,5,3,1,0,8,0,0,8,0,0,8,8
122296,5,3,2,0,7,0,0,7,0,0,7,7
122296,5,3,5,0,1,0,0,1,0,0,1,1
122296,6,4,1,46,160,1,15,206,16,47,175,222
122296,6,4,2,15,91,1,9,106,10,16,100,116
122296,6,4,5,31,69,0,6,100,6,31,75,106
122296,7,999,1,356,894,118,452,1250,570,474,1346,1820
122296,7,999,2,105,317,29,162,422,191,134,479,613
122296,7,999,5,251,577,89,290,828,379,340,867,1207
122296,8,5,1,168,449,37,104,617,141,205,553,758
122296,8,5,2,35,160,12,13,195,25,47,173,220
122296,8,5,5,133,289,25,91,422,116,158,380,538
122296,9,6,1,105,230,30,91,335,121,135,321,456
122296,9,6,2,28,81,2,12,109,14,30,93,123
122296,9,6,5,77,149,28,79,226,107,105,228,333
122296,10,7,1,54,93,20,65,147,85,74,158,232
122296,10,7,2,30,36,6,22,66,28,36,58,94
122296,10,7,5,24,57,14,43,81,57,38,100,138
122296,11,8,1,21,94,23,128,115,151,44,222,266
122296,11,8,2,8,31,6,74,39,80,14,105,119
122296,11,8,5,13,63,17,54,76,71,30,117,147
122296,12,9,1,7,28,8,61,35,69,15,89,104
122296,12,9,2,3,9,3,39,12,42,6,48,54
122296,12,9,5,4,19,5,22,23,27,9,41,50
122296,13,10,1,1,0,0,3,1,3,1,3,4
122296,13,10,2,1,0,0,2,1,2,1,2,3
122296,13,10,5,0,0,0,1,0,1,0,1,1
122339,1,412,1,809,1142,5366,7548,1951,12914,6175,8690,14865
122339,1,112,2,809,1142,5366,7548,1951,12914,6175,8690,14865
122339,2,999,1,580,859,2980,4217,1439,7197,3560,5076,8636
122339,2,999,2,580,859,2980,4217,1439,7197,3560,5076,8636
122339,3,1,1,27,45,345,664,72,1009,372,709,1081
122339,3,1,2,27,45,345,664,72,1009,372,709,1081
122339,4,2,1,308,479,902,1191,787,2093,1210,1670,2880
122339,4,2,2,308,479,902,1191,787,2093,1210,1670,2880
122339,5,3,1,143,199,884,1177,342,2061,1027,1376,2403
122339,5,3,2,143,199,884,1177,342,2061,1027,1376,2403
122339,6,4,1,102,136,849,1185,238,2034,951,1321,2272
122339,6,4,2,102,136,849,1185,238,2034,951,1321,2272
122339,7,999,1,229,283,2385,3331,512,5716,2614,3614,6228
122339,7,999,2,229,283,2385,3331,512,5716,2614,3614,6228
122339,8,5,1,97,141,930,1355,238,2285,1027,1496,2523
122339,8,5,2,97,141,930,1355,238,2285,1027,1496,2523
122339,9,6,1,57,62,604,776,119,1380,661,838,1499
122339,9,6,2,57,62,604,776,119,1380,661,838,1499
122339,10,7,1,33,36,349,455,69,804,382,491,873
122339,10,7,2,33,36,349,455,69,804,382,491,873
122339,11,8,1,28,33,292,461,61,753,320,494,814
122339,11,8,2,28,33,292,461,61,753,320,494,814
122339,12,9,1,12,11,174,254,23,428,186,265,451
122339,12,9,2,12,11,174,254,23,428,186,265,451
122339,13,10,1,2,0,36,30,2,66,38,30,68
122339,13,10,2,2,0,36,30,2,66,38,30,68
122339,14,11,1,0,0,1,0,0,1,1,0,1
122339,14,11,2,0,0,1,0,0,1,1,0,1
122375,1,412,1,1843,2125,7062,9663,3968,16725,8905,11788,20693
122375,1,112,2,1843,2125,7062,9663,3968,16725,8905,11788,20693
122375,2,999,1,1453,1704,4555,5700,3157,10255,6008,7404,13412
122375,2,999,2,1453,1704,4555,5700,3157,10255,6008,7404,13412
122375,3,1,1,52,61,780,916,113,1696,832,977,1809
122375,3,1,2,52,61,780,916,113,1696,832,977,1809
122375,4,2,1,846,975,1333,1561,1821,2894,2179,2536,4715
122375,4,2,2,846,975,1333,1561,1821,2894,2179,2536,4715
122375,5,3,1,316,388,1253,1531,704,2784,1569,1919,3488
122375,5,3,2,316,388,1253,1531,704,2784,1569,1919,3488
122375,6,4,1,239,280,1189,1692,519,2881,1428,1972,3400
122375,6,4,2,239,280,1189,1692,519,2881,1428,1972,3400
122375,7,999,1,390,421,2506,3963,811,6469,2896,4384,7280
122375,7,999,2,390,421,2506,3963,811,6469,2896,4384,7280
122375,8,5,1,239,203,1165,1682,442,2847,1404,1885,3289
122375,8,5,2,239,203,1165,1682,442,2847,1404,1885,3289
122375,9,6,1,71,103,588,897,174,1485,659,1000,1659
122375,9,6,2,71,103,588,897,174,1485,659,1000,1659
122375,10,7,1,38,44,307,478,82,785,345,522,867
122375,10,7,2,38,44,307,478,82,785,345,522,867
122375,11,8,1,33,45,259,544,78,803,292,589,881
122375,11,8,2,33,45,259,544,78,803,292,589,881
122375,12,9,1,9,26,144,308,35,452,153,334,487
122375,12,9,2,9,26,144,308,35,452,153,334,487
122375,13,10,1,0,0,43,54,0,97,43,54,97
122375,13,10,2,0,0,43,54,0,97,43,54,97
122375,14,11,1,0,0,1,0,0,1,1,0,1
122375,14,11,2,0,0,1,0,0,1,1,0,1
122384,1,412,1,1073,819,5300,6216,1892,11516,6373,7035,13408
122384,1,112,2,1073,819,5300,6216,1892,11516,6373,7035,13408
122384,2,999,1,825,652,3420,3769,1477,7189,4245,4421,8666
122384,2,999,2,825,652,3420,3769,1477,7189,4245,4421,8666
122384,3,1,1,32,27,609,848,59,1457,641,875,1516
122384,3,1,2,32,27,609,848,59,1457,641,875,1516
122384,4,2,1,456,437,975,998,893,1973,1431,1435,2866
122384,4,2,2,456,437,975,998,893,1973,1431,1435,2866
122384,5,3,1,200,114,963,975,314,1938,1163,1089,2252
122384,5,3,2,200,114,963,975,314,1938,1163,1089,2252
122384,6,4,1,137,74,873,948,211,1821,1010,1022,2032
122384,6,4,2,137,74,873,948,211,1821,1010,1022,2032
122384,7,999,1,248,167,1879,2447,415,4326,2127,2614,4741
122384,7,999,2,248,167,1879,2447,415,4326,2127,2614,4741
122384,8,5,1,129,83,886,996,212,1882,1015,1079,2094
122384,8,5,2,129,83,886,996,212,1882,1015,1079,2094
122384,9,6,1,59,29,466,567,88,1033,525,596,1121
122384,9,6,2,59,29,466,567,88,1033,525,596,1121
122384,10,7,1,25,17,229,324,42,553,254,341,595
122384,10,7,2,25,17,229,324,42,553,254,341,595
122384,11,8,1,24,28,204,385,52,589,228,413,641
122384,11,8,2,24,28,204,385,52,589,228,413,641
122384,12,9,1,11,9,84,159,20,243,95,168,263
122384,12,9,2,11,9,84,159,20,243,95,168,263
122384,13,10,1,0,1,10,16,1,26,10,17,27
122384,13,10,2,0,1,10,16,1,26,10,17,27
122384,14,11,1,0,0,1,0,0,1,1,0,1
122384,14,11,2,0,0,1,0,0,1,1,0,1
122409,1,412,1,13091,18058,2455,2730,31149,5185,15546,20788,36334
122409,1,112,2,12085,15999,1713,1694,28084,3407,13798,17693,31491
122409,1,312,5,1006,2059,742,1036,3065,1778,1748,3095,4843
122409,2,999,1,10880,15271,1153,1179,26151,2332,12033,16450,28483
122409,2,999,2,10553,14447,1044,1021,25000,2065,11597,15468,27065
122409,2,999,5,327,824,109,158,1151,267,436,982,1418
122409,3,1,1,135,239,7,6,374,13,142,245,387
122409,3,1,2,135,239,7,6,374,13,142,245,387
122409,4,2,1,3515,5413,119,190,8928,309,3634,5603,9237
122409,4,2,2,3515,5412,119,190,8927,309,3634,5602,9236
122409,4,2,5,0,1,0,0,1,0,0,1,1
122409,5,3,1,4349,6254,328,322,10603,650,4677,6576,11253
122409,5,3,2,4333,6203,328,316,10536,644,4661,6519,11180
122409,5,3,5,16,51,0,6,67,6,16,57,73
122409,6,4,1,2881,3365,699,661,6246,1360,3580,4026,7606
122409,6,4,2,2570,2593,590,509,5163,1099,3160,3102,6262
122409,6,4,5,311,772,109,152,1083,261,420,924,1344
122409,7,999,1,2211,2787,1302,1551,4998,2853,3513,4338,7851
122409,7,999,2,1532,1552,669,673,3084,1342,2201,2225,4426
122409,7,999,5,679,1235,633,878,1914,1511,1312,2113,3425
122409,8,5,1,1377,1582,635,680,2959,1315,2012,2262,4274
122409,8,5,2,1009,921,353,317,1930,670,1362,1238,2600
122409,8,5,5,368,661,282,363,1029,645,650,1024,1674
122409,9,6,1,486,598,335,374,1084,709,821,972,1793
122409,9,6,2,327,338,157,161,665,318,484,499,983
122409,9,6,5,159,260,178,213,419,391,337,473,810
122409,10,7,1,172,241,151,186,413,337,323,427,750
122409,10,7,2,103,126,78,74,229,152,181,200,381
122409,10,7,5,69,115,73,112,184,185,142,227,369
122409,11,8,1,129,269,118,202,398,320,247,471,718
122409,11,8,2,67,123,52,73,190,125,119,196,315
122409,11,8,5,62,146,66,129,208,195,128,275,403
122409,12,9,1,42,91,58,100,133,158,100,191,291
122409,12,9,2,23,42,27,45,65,72,50,87,137
122409,12,9,5,19,49,31,55,68,86,50,104,154
122409,13,10,1,5,6,5,9,11,14,10,15,25
122409,13,10,2,3,2,2,3,5,5,5,5,10
122409,13,10,5,2,4,3,6,6,9,5,10,15
122436,1,412,1,2844,4178,876,963,7022,1839,3720,5141,8861
122436,1,112,2,2240,3054,130,105,5294,235,2370,3159,5529
122436,1,312,5,604,1124,746,858,1728,1604,1350,1982,3332
122436,2,999,1,2262,3463,164,172,5725,336,2426,3635,6061
122436,2,999,2,2051,2992,114,93,5043,207,2165,3085,5250
122436,2,999,5,211,471,50,79,682,129,261,550,811
122436,3,1,1,19,67,22,34,86,56,41,101,142
122436,3,1,2,19,67,22,34,86,56,41,101,142
122436,4,2,1,724,1274,7,9,1998,16,731,1283,2014
122436,4,2,2,724,1274,7,9,1998,16,731,1283,2014
122436,5,3,1,985,1468,37,29,2453,66,1022,1497,2519
122436,5,3,2,977,1430,37,25,2407,62,1014,1455,2469
122436,5,3,5,8,38,0,4,46,4,8,42,50
122436,6,4,1,534,654,98,100,1188,198,632,754,1386
122436,6,4,2,331,221,48,25,552,73,379,246,625
122436,6,4,5,203,433,50,75,636,125,253,508,761
122436,7,999,1,582,715,712,791,1297,1503,1294,1506,2800
122436,7,999,2,189,62,16,12,251,28,205,74,279
122436,7,999,5,393,653,696,779,1046,1475,1089,1432,2521
122436,8,5,1,348,445,145,240,793,385,493,685,1178
122436,8,5,2,119,40,6,5,159,11,125,45,170
122436,8,5,5,229,405,139,235,634,374,368,640,1008
122436,9,6,1,136,144,168,167,280,335,304,311,615
122436,9,6,2,48,14,7,4,62,11,55,18,73
122436,9,6,5,88,130,161,163,218,324,249,293,542
122436,10,7,1,52,54,124,138,106,262,176,192,368
122436,10,7,2,15,3,1,1,18,2,16,4,20
122436,10,7,5,37,51,123,137,88,260,160,188,348
122436,11,8,1,32,54,193,158,86,351,225,212,437
122436,11,8,2,7,4,1,1,11,2,8,5,13
122436,11,8,5,25,50,192,157,75,349,217,207,424
122436,12,9,1,13,17,79,80,30,159,92,97,189
122436,12,9,2,0,1,0,1,1,1,0,2,2
122436,12,9,5,13,16,79,79,29,158,92,95,187
122436,13,10,1,1,1,3,8,2,11,4,9,13
122436,13,10,2,0,0,1,0,0,1,1,0,1
122436,13,10,5,1,1,2,8,2,10,3,9,12
122454,1,412,1,5,15,9,12,20,21,14,27,41
122454,1,112,2,3,7,7,9,10,16,10,16,26
122454,1,312,5,2,8,2,3,10,5,4,11,15
122454,2,999,1,2,5,3,5,7,8,5,10,15
122454,2,999,2,2,5,3,5,7,8,5,10,15
122454,5,3,1,0,1,0,0,1,0,0,1,1
122454,5,3,2,0,1,0,0,1,0,0,1,1
122454,6,4,1,2,4,3,5,6,8,5,9,14
122454,6,4,2,2,4,3,5,6,8,5,9,14
122454,7,999,1,3,10,4,5,13,9,7,15,22
122454,7,999,2,1,2,2,2,3,4,3,4,7
122454,7,999,5,2,8,2,3,10,5,4,11,15
122454,8,5,1,1,3,0,0,4,0,1,3,4
122454,8,5,5,1,3,0,0,4,0,1,3,4
122454,9,6,1,0,1,1,1,1,2,1,2,3
122454,9,6,2,0,0,1,1,0,2,1,1,2
122454,9,6,5,0,1,0,0,1,0,0,1,1
122454,10,7,1,0,1,1,0,1,1,1,1,2
122454,10,7,2,0,0,1,0,0,1,1,0,1
122454,10,7,5,0,1,0,0,1,0,0,1,1
122454,11,8,1,1,2,1,2,3,3,2,4,6
122454,11,8,2,1,2,0,1,3,1,1,3,4
122454,11,8,5,0,0,1,1,0,2,1,1,2
122454,12,9,1,1,3,1,2,4,3,2,5,7
122454,12,9,5,1,3,1,2,4,3,2,5,7
122454,14,11,1,0,0,2,2,0,4,2,2,4
122454,14,11,2,0,0,2,2,0,4,2,2,4
122597,1,412,1,9294,12725,2564,2766,22019,5330,11858,15491,27349
122597,1,112,2,8595,11252,2115,2062,19847,4177,10710,13314,24024
122597,1,312,5,699,1473,449,704,2172,1153,1148,2177,3325
122597,2,999,1,7053,10006,1421,1480,17059,2901,8474,11486,19960
122597,2,999,2,6876,9612,1352,1383,16488,2735,8228,10995,19223
122597,2,999,5,177,394,69,97,571,166,246,491,737
122597,3,1,1,101,163,196,325,264,521,297,488,785
122597,3,1,2,101,163,196,325,264,521,297,488,785
122597,4,2,1,1949,3194,241,210,5143,451,2190,3404,5594
122597,4,2,2,1949,3194,241,210,5143,451,2190,3404,5594
122597,5,3,1,2413,3802,277,321,6215,598,2690,4123,6813
122597,5,3,2,2406,3790,277,316,6196,593,2683,4106,6789
122597,5,3,5,7,12,0,5,19,5,7,17,24
122597,6,4,1,2590,2847,707,624,5437,1331,3297,3471,6768
122597,6,4,2,2420,2465,638,532,4885,1170,3058,2997,6055
122597,6,4,5,170,382,69,92,552,161,239,474,713
122597,7,999,1,2241,2719,1143,1286,4960,2429,3384,4005,7389
122597,7,999,2,1719,1640,763,679,3359,1442,2482,2319,4801
122597,7,999,5,522,1079,380,607,1601,987,902,1686,2588
122597,8,5,1,1376,1582,643,609,2958,1252,2019,2191,4210
122597,8,5,2,1138,1024,477,368,2162,845,1615,1392,3007
122597,8,5,5,238,558,166,241,796,407,404,799,1203
122597,9,6,1,475,564,233,271,1039,504,708,835,1543
122597,9,6,2,347,332,148,138,679,286,495,470,965
122597,9,6,5,128,232,85,133,360,218,213,365,578
122597,10,7,1,175,243,115,134,418,249,290,377,667
122597,10,7,2,129,136,64,68,265,132,193,204,397
122597,10,7,5,46,107,51,66,153,117,97,173,270
122597,11,8,1,146,220,89,158,366,247,235,378,613
122597,11,8,2,79,110,50,67,189,117,129,177,306
122597,11,8,5,67,110,39,91,177,130,106,201,307
122597,12,9,1,64,104,60,102,168,162,124,206,330
122597,12,9,2,25,36,24,35,61,59,49,71,120
122597,12,9,5,39,68,36,67,107,103,75,135,210
122597,13,10,1,5,6,3,12,11,15,8,18,26
122597,13,10,2,1,2,0,3,3,3,1,5,6
122597,13,10,5,4,4,3,9,8,12,7,13,20
122612,1,412,1,2632,4809,953,1674,7441,2627,3585,6483,10068
122612,1,112,2,2008,3564,143,137,5572,280,2151,3701,5852
122612,1,312,5,624,1245,810,1537,1869,2347,1434,2782,4216
122612,2,999,1,2059,3835,265,403,5894,668,2324,4238,6562
122612,2,999,2,1864,3429,80,89,5293,169,1944,3518,5462
122612,2,999,5,195,406,185,314,601,499,380,720,1100
122612,3,1,1,42,120,1,1,162,2,43,121,164
122612,3,1,2,42,120,1,1,162,2,43,121,164
122612,4,2,1,709,1388,13,17,2097,30,722,1405,2127
122612,4,2,2,709,1388,12,17,2097,29,721,1405,2126
122612,4,2,5,0,0,1,0,0,1,1,0,1
122612,5,3,1,843,1593,38,34,2436,72,881,1627,2508
122612,5,3,2,829,1567,28,19,2396,47,857,1586,2443
122612,5,3,5,14,26,10,15,40,25,24,41,65
122612,6,4,1,465,734,213,351,1199,564,678,1085,1763
122612,6,4,2,284,354,39,52,638,91,323,406,729
122612,6,4,5,181,380,174,299,561,473,355,679,1034
122612,7,999,1,573,974,688,1271,1547,1959,1261,2245,3506
122612,7,999,2,144,135,63,48,279,111,207,183,390
122612,7,999,5,429,839,625,1223,1268,1848,1054,2062,3116
122612,8,5,1,322,571,275,530,893,805,597,1101,1698
122612,8,5,2,85,80,27,19,165,46,112,99,211
122612,8,5,5,237,491,248,511,728,759,485,1002,1487
122612,9,6,1,123,183,165,263,306,428,288,446,734
122612,9,6,2,36,28,9,12,64,21,45,40,85
122612,9,6,5,87,155,156,251,242,407,243,406,649
122612,10,7,1,61,74,95,152,135,247,156,226,382
122612,10,7,2,17,14,13,4,31,17,30,18,48
122612,10,7,5,44,60,82,148,104,230,126,208,334
122612,11,8,1,48,100,114,204,148,318,162,304,466
122612,11,8,2,6,13,12,10,19,22,18,23,41
122612,11,8,5,42,87,102,194,129,296,144,281,425
122612,12,9,1,19,46,39,122,65,161,58,168,226
122612,12,9,2,0,0,2,3,0,5,2,3,5
122612,12,9,5,19,46,37,119,65,156,56,165,221
122658,1,412,1,3061,4449,3903,6811,7510,10714,6964,11260,18224
122658,1,112,2,3061,4449,3903,6811,7510,10714,6964,11260,18224
122658,2,999,1,2578,3493,2974,4225,6071,7199,5552,7718,13270
122658,2,999,2,2578,3493,2974,4225,6071,7199,5552,7718,13270
122658,3,1,1,127,203,932,1539,330,2471,1059,1742,2801
122658,3,1,2,127,203,932,1539,330,2471,1059,1742,2801
122658,4,2,1,1438,1965,828,969,3403,1797,2266,2934,5200
122658,4,2,2,1438,1965,828,969,3403,1797,2266,2934,5200
122658,5,3,1,629,827,664,885,1456,1549,1293,1712,3005
122658,5,3,2,629,827,664,885,1456,1549,1293,1712,3005
122658,6,4,1,384,498,550,832,882,1382,934,1330,2264
122658,6,4,2,384,498,550,832,882,1382,934,1330,2264
122658,7,999,1,483,956,929,2586,1439,3515,1412,3542,4954
122658,7,999,2,483,956,929,2586,1439,3515,1412,3542,4954
122658,8,5,1,227,409,372,920,636,1292,599,1329,1928
122658,8,5,2,227,409,372,920,636,1292,599,1329,1928
122658,9,6,1,84,242,198,616,326,814,282,858,1140
122658,9,6,2,84,242,198,616,326,814,282,858,1140
122658,10,7,1,76,112,140,407,188,547,216,519,735
122658,10,7,2,76,112,140,407,188,547,216,519,735
122658,11,8,1,62,137,142,438,199,580,204,575,779
122658,11,8,2,62,137,142,438,199,580,204,575,779
122658,12,9,1,31,51,62,194,82,256,93,245,338
122658,12,9,2,31,51,62,194,82,256,93,245,338
122658,13,10,1,3,5,15,11,8,26,18,16,34
122658,13,10,2,3,5,15,11,8,26,18,16,34
122728,1,412,1,625,915,117,183,1540,300,742,1098,1840
122728,1,112,2,444,658,71,116,1102,187,515,774,1289
122728,1,312,5,181,257,46,67,438,113,227,324,551
122728,2,999,1,380,582,28,33,962,61,408,615,1023
122728,2,999,2,365,540,26,23,905,49,391,563,954
122728,2,999,5,15,42,2,10,57,12,17,52,69
122728,3,1,1,2,0,3,3,2,6,5,3,8
122728,3,1,2,2,0,3,3,2,6,5,3,8
122728,4,2,1,83,160,1,3,243,4,84,163,247
122728,4,2,2,83,160,1,3,243,4,84,163,247
122728,5,3,1,158,247,4,6,405,10,162,253,415
122728,5,3,2,158,246,4,5,404,9,162,251,413
122728,5,3,5,0,1,0,1,1,1,0,2,2
122728,6,4,1,137,175,20,21,312,41,157,196,353
122728,6,4,2,122,134,18,12,256,30,140,146,286
122728,6,4,5,15,41,2,9,56,11,17,50,67
122728,7,999,1,245,333,89,150,578,239,334,483,817
122728,7,999,2,79,118,45,93,197,138,124,211,335
122728,7,999,5,166,215,44,57,381,101,210,272,482
122728,8,5,1,108,154,25,43,262,68,133,197,330
122728,8,5,2,37,55,13,24,92,37,50,79,129
122728,8,5,5,71,99,12,19,170,31,83,118,201
122728,9,6,1,69,57,11,22,126,33,80,79,159
122728,9,6,2,19,19,6,12,38,18,25,31,56
122728,9,6,5,50,38,5,10,88,15,55,48,103
122728,10,7,1,30,50,11,28,80,39,41,78,119
122728,10,7,2,13,26,6,20,39,26,19,46,65
122728,10,7,5,17,24,5,8,41,13,22,32,54
122728,11,8,1,23,46,27,36,69,63,50,82,132
122728,11,8,2,4,11,18,22,15,40,22,33,55
122728,11,8,5,19,35,9,14,54,23,28,49,77
122728,12,9,1,13,25,15,21,38,36,28,46,74
122728,12,9,2,5,7,2,15,12,17,7,22,29
122728,12,9,5,8,18,13,6,26,19,21,24,45
122728,13,10,1,2,1,0,0,3,0,2,1,3
122728,13,10,2,1,0,0,0,1,0,1,0,1
122728,13,10,5,1,1,0,0,2,0,1,1,2
122746,1,412,1,677,1005,2605,4091,1682,6696,3282,5096,8378
122746,1,112,2,677,1005,2605,4091,1682,6696,3282,5096,8378
122746,2,999,1,464,717,1530,2078,1181,3608,1994,2795,4789
122746,2,999,2,464,717,1530,2078,1181,3608,1994,2795,4789
122746,3,1,1,19,31,316,448,50,764,335,479,814
122746,3,1,2,19,31,316,448,50,764,335,479,814
122746,4,2,1,222,350,424,428,572,852,646,778,1424
122746,4,2,2,222,350,424,428,572,852,646,778,1424
122746,5,3,1,119,207,382,535,326,917,501,742,1243
122746,5,3,2,119,207,382,535,326,917,501,742,1243
122746,6,4,1,104,129,408,667,233,1075,512,796,1308
122746,6,4,2,104,129,408,667,233,1075,512,796,1308
122746,7,999,1,213,288,1074,2012,501,3086,1287,2300,3587
122746,7,999,2,213,288,1074,2012,501,3086,1287,2300,3587
122746,8,5,1,99,132,401,702,231,1103,500,834,1334
122746,8,5,2,99,132,401,702,231,1103,500,834,1334
122746,9,6,1,53,65,229,445,118,674,282,510,792
122746,9,6,2,53,65,229,445,118,674,282,510,792
122746,10,7,1,23,46,146,295,69,441,169,341,510
122746,10,7,2,23,46,146,295,69,441,169,341,510
122746,11,8,1,27,32,180,335,59,515,207,367,574
122746,11,8,2,27,32,180,335,59,515,207,367,574
122746,12,9,1,9,11,100,201,20,301,109,212,321
122746,12,9,2,9,11,100,201,20,301,109,212,321
122746,13,10,1,2,2,18,34,4,52,20,36,56
122746,13,10,2,2,2,18,34,4,52,20,36,56
122746,14,11,1,0,0,1,1,0,2,1,1,2
122746,14,11,2,0,0,1,1,0,2,1,1,2
122755,1,412,1,12918,14522,4040,4728,27440,8768,16958,19250,36208
122755,1,112,2,11492,11825,2424,1960,23317,4384,13916,13785,27701
122755,1,312,5,1426,2697,1616,2768,4123,4384,3042,5465,8507
122755,2,999,1,10393,11045,1770,1411,21438,3181,12163,12456,24619
122755,2,999,2,9869,10301,1557,1157,20170,2714,11426,11458,22884
122755,2,999,5,524,744,213,254,1268,467,737,998,1735
122755,3,1,1,160,181,10,9,341,19,170,190,360
122755,3,1,2,160,181,10,9,341,19,170,190,360
122755,4,2,1,2986,3354,203,167,6340,370,3189,3521,6710
122755,4,2,2,2984,3352,203,167,6336,370,3187,3519,6706
122755,4,2,5,2,2,0,0,4,0,2,2,4
122755,5,3,1,3582,4117,385,283,7699,668,3967,4400,8367
122755,5,3,2,3570,4093,380,278,7663,658,3950,4371,8321
122755,5,3,5,12,24,5,5,36,10,17,29,46
122755,6,4,1,3665,3393,1172,952,7058,2124,4837,4345,9182
122755,6,4,2,3155,2675,964,703,5830,1667,4119,3378,7497
122755,6,4,5,510,718,208,249,1228,457,718,967,1685
122755,7,999,1,2525,3477,2270,3317,6002,5587,4795,6794,11589
122755,7,999,2,1623,1524,867,803,3147,1670,2490,2327,4817
122755,7,999,5,902,1953,1403,2514,2855,3917,2305,4467,6772
122755,8,5,1,1814,2082,1173,1257,3896,2430,2987,3339,6326
122755,8,5,2,1222,1001,572,429,2223,1001,1794,1430,3224
122755,8,5,5,592,1081,601,828,1673,1429,1193,1909,3102
122755,9,6,1,415,711,523,764,1126,1287,938,1475,2413
122755,9,6,2,260,294,169,155,554,324,429,449,878
122755,9,6,5,155,417,354,609,572,963,509,1026,1535
122755,10,7,1,161,277,228,436,438,664,389,713,1102
122755,10,7,2,85,92,63,83,177,146,148,175,323
122755,10,7,5,76,185,165,353,261,518,241,538,779
122755,11,8,1,99,299,230,518,398,748,329,817,1146
122755,11,8,2,43,104,42,93,147,135,85,197,282
122755,11,8,5,56,195,188,425,251,613,244,620,864
122755,12,9,1,35,104,109,321,139,430,144,425,569
122755,12,9,2,13,30,19,37,43,56,32,67,99
122755,12,9,5,22,74,90,284,96,374,112,358,470
122755,13,10,1,1,4,7,21,5,28,8,25,33
122755,13,10,2,0,3,2,6,3,8,2,9,11
122755,13,10,5,1,1,5,15,2,20,6,16,22
122791,1,412,1,722,620,2863,3289,1342,6152,3585,3909,7494
122791,1,112,2,722,620,2863,3289,1342,6152,3585,3909,7494
122791,2,999,1,641,543,2059,2013,1184,4072,2700,2556,5256
122791,2,999,2,641,543,2059,2013,1184,4072,2700,2556,5256
122791,3,1,1,17,27,317,429,44,746,334,456,790
122791,3,1,2,17,27,317,429,44,746,334,456,790
122791,4,2,1,405,382,769,704,787,1473,1174,1086,2260
122791,4,2,2,405,382,769,704,787,1473,1174,1086,2260
122791,5,3,1,151,92,560,471,243,1031,711,563,1274
122791,5,3,2,151,92,560,471,243,1031,711,563,1274
122791,6,4,1,68,42,413,409,110,822,481,451,932
122791,6,4,2,68,42,413,409,110,822,481,451,932
122791,7,999,1,80,77,804,1276,157,2080,884,1353,2237
122791,7,999,2,80,77,804,1276,157,2080,884,1353,2237
122791,8,5,1,49,40,302,436,89,738,351,476,827
122791,8,5,2,49,40,302,436,89,738,351,476,827
122791,9,6,1,17,17,166,242,34,408,183,259,442
122791,9,6,2,17,17,166,242,34,408,183,259,442
122791,10,7,1,5,4,97,159,9,256,102,163,265
122791,10,7,2,5,4,97,159,9,256,102,163,265
122791,11,8,1,5,12,98,213,17,311,103,225,328
122791,11,8,2,5,12,98,213,17,311,103,225,328
122791,12,9,1,3,4,99,186,7,285,102,190,292
122791,12,9,2,3,4,99,186,7,285,102,190,292
122791,13,10,1,1,0,42,40,1,82,43,40,83
122791,13,10,2,1,0,42,40,1,82,43,40,83
122791,14,11,1,1,0,0,0,1,0,1,0,1
122791,14,11,2,1,0,0,0,1,0,1,0,1
122889,1,412,1,2450,2950,2854,4271,5400,7125,5304,7221,12525
122889,1,112,2,2450,2950,2854,4271,5400,7125,5304,7221,12525
122889,2,999,1,2179,2557,1930,2212,4736,4142,4109,4769,8878
122889,2,999,2,2179,2557,1930,2212,4736,4142,4109,4769,8878
122889,3,1,1,38,92,214,338,130,552,252,430,682
122889,3,1,2,38,92,214,338,130,552,252,430,682
122889,4,2,1,1285,1644,552,556,2929,1108,1837,2200,4037
122889,4,2,2,1285,1644,552,556,2929,1108,1837,2200,4037
122889,5,3,1,579,560,666,668,1139,1334,1245,1228,2473
122889,5,3,2,579,560,666,668,1139,1334,1245,1228,2473
122889,6,4,1,277,261,498,650,538,1148,775,911,1686
122889,6,4,2,277,261,498,650,538,1148,775,911,1686
122889,7,999,1,271,393,924,2059,664,2983,1195,2452,3647
122889,7,999,2,271,393,924,2059,664,2983,1195,2452,3647
122889,8,5,1,142,171,385,659,313,1044,527,830,1357
122889,8,5,2,142,171,385,659,313,1044,527,830,1357
122889,9,6,1,72,90,202,395,162,597,274,485,759
122889,9,6,2,72,90,202,395,162,597,274,485,759
122889,10,7,1,19,50,108,268,69,376,127,318,445
122889,10,7,2,19,50,108,268,69,376,127,318,445
122889,11,8,1,24,44,116,378,68,494,140,422,562
122889,11,8,2,24,44,116,378,68,494,140,422,562
122889,12,9,1,14,37,85,306,51,391,99,343,442
122889,12,9,2,14,37,85,306,51,391,99,343,442
122889,13,10,1,0,1,28,53,1,81,28,54,82
122889,13,10,2,0,1,28,53,1,81,28,54,82
122931,1,412,1,3740,3691,551,634,7431,1185,4291,4325,8616
122931,1,112,2,2829,2649,76,54,5478,130,2905,2703,5608
122931,1,312,5,911,1042,475,580,1953,1055,1386,1622,3008
122931,2,999,1,3098,2960,133,116,6058,249,3231,3076,6307
122931,2,999,2,2799,2635,69,45,5434,114,2868,2680,5548
122931,2,999,5,299,325,64,71,624,135,363,396,759
122931,3,1,1,2,8,0,0,10,0,2,8,10
122931,3,1,2,2,8,0,0,10,0,2,8,10
122931,4,2,1,1093,1078,7,5,2171,12,1100,1083,2183
122931,4,2,2,1093,1078,7,5,2171,12,1100,1083,2183
122931,5,3,1,1387,1310,28,21,2697,49,1415,1331,2746
122931,5,3,2,1380,1302,28,19,2682,47,1408,1321,2729
122931,5,3,5,7,8,0,2,15,2,7,10,17
122931,6,4,1,616,564,98,90,1180,188,714,654,1368
122931,6,4,2,324,247,34,21,571,55,358,268,626
122931,6,4,5,292,317,64,69,609,133,356,386,742
122931,7,999,1,641,730,418,518,1371,936,1059,1248,2307
122931,7,999,2,29,13,7,9,42,16,36,22,58
122931,7,999,5,612,717,411,509,1329,920,1023,1226,2249
122931,8,5,1,346,443,151,180,789,331,497,623,1120
122931,8,5,2,20,6,5,2,26,7,25,8,33
122931,8,5,5,326,437,146,178,763,324,472,615,1087
122931,9,6,1,141,128,99,114,269,213,240,242,482
122931,9,6,2,6,3,2,2,9,4,8,5,13
122931,9,6,5,135,125,97,112,260,209,232,237,469
122931,10,7,1,71,56,53,62,127,115,124,118,242
122931,10,7,2,2,2,0,2,4,2,2,4,6
122931,10,7,5,69,54,53,60,123,113,122,114,236
122931,11,8,1,66,84,64,99,150,163,130,183,313
122931,11,8,2,0,2,0,2,2,2,0,4,4
122931,11,8,5,66,82,64,97,148,161,130,179,309
122931,12,9,1,16,18,45,57,34,102,61,75,136
122931,12,9,2,1,0,0,1,1,1,1,1,2
122931,12,9,5,15,18,45,56,33,101,60,74,134
122931,13,10,1,1,1,6,6,2,12,7,7,14
122931,13,10,5,1,1,6,6,2,12,7,7,14
122931,14,11,1,1,1,0,0,2,0,1,1,2
122931,14,11,2,1,1,0,0,2,0,1,1,2
122977,1,412,1,4402,5603,6751,9192,10005,15943,11153,14795,25948
122977,1,112,2,4402,5603,6751,9192,10005,15943,11153,14795,25948
122977,2,999,1,3737,4702,4282,5079,8439,9361,8019,9781,17800
122977,2,999,2,3737,4702,4282,5079,8439,9361,8019,9781,17800
122977,3,1,1,157,255,460,565,412,1025,617,820,1437
122977,3,1,2,157,255,460,565,412,1025,617,820,1437
122977,4,2,1,2046,2640,1279,1416,4686,2695,3325,4056,7381
122977,4,2,2,2046,2640,1279,1416,4686,2695,3325,4056,7381
122977,5,3,1,992,1189,1356,1512,2181,2868,2348,2701,5049
122977,5,3,2,992,1189,1356,1512,2181,2868,2348,2701,5049
122977,6,4,1,542,618,1187,1586,1160,2773,1729,2204,3933
122977,6,4,2,542,618,1187,1586,1160,2773,1729,2204,3933
122977,7,999,1,665,901,2469,4113,1566,6582,3134,5014,8148
122977,7,999,2,665,901,2469,4113,1566,6582,3134,5014,8148
122977,8,5,1,380,447,1091,1663,827,2754,1471,2110,3581
122977,8,5,2,380,447,1091,1663,827,2754,1471,2110,3581
122977,9,6,1,175,218,540,919,393,1459,715,1137,1852
122977,9,6,2,175,218,540,919,393,1459,715,1137,1852
122977,10,7,1,46,109,319,544,155,863,365,653,1018
122977,10,7,2,46,109,319,544,155,863,365,653,1018
122977,11,8,1,43,80,273,532,123,805,316,612,928
122977,11,8,2,43,80,273,532,123,805,316,612,928
122977,12,9,1,20,45,193,381,65,574,213,426,639
122977,12,9,2,20,45,193,381,65,574,213,426,639
122977,13,10,1,1,2,53,74,3,127,54,76,130
122977,13,10,2,1,2,53,74,3,127,54,76,130
123013,1,412,1,2154,2763,4815,7025,4917,11840,6969,9788,16757
123013,1,112,2,2154,2763,4815,7025,4917,11840,6969,9788,16757
123013,2,999,1,1792,2216,2866,3637,4008,6503,4658,5853,10511
123013,2,999,2,1792,2216,2866,3637,4008,6503,4658,5853,10511
123013,3,1,1,49,95,497,866,144,1363,546,961,1507
123013,3,1,2,49,95,497,866,144,1363,546,961,1507
123013,4,2,1,1041,1269,804,820,2310,1624,1845,2089,3934
123013,4,2,2,1041,1269,804,820,2310,1624,1845,2089,3934
123013,5,3,1,456,561,805,917,1017,1722,1261,1478,2739
123013,5,3,2,456,561,805,917,1017,1722,1261,1478,2739
123013,6,4,1,246,291,760,1034,537,1794,1006,1325,2331
123013,6,4,2,246,291,760,1034,537,1794,1006,1325,2331
123013,7,999,1,362,547,1949,3388,909,5337,2311,3935,6246
123013,7,999,2,362,547,1949,3388,909,5337,2311,3935,6246
123013,8,5,1,197,231,705,1139,428,1844,902,1370,2272
123013,8,5,2,197,231,705,1139,428,1844,902,1370,2272
123013,9,6,1,79,121,442,674,200,1116,521,795,1316
123013,9,6,2,79,121,442,674,200,1116,521,795,1316
123013,10,7,1,38,84,277,471,122,748,315,555,870
123013,10,7,2,38,84,277,471,122,748,315,555,870
123013,11,8,1,35,79,301,554,114,855,336,633,969
123013,11,8,2,35,79,301,554,114,855,336,633,969
123013,12,9,1,10,30,170,453,40,623,180,483,663
123013,12,9,2,10,30,170,453,40,623,180,483,663
123013,13,10,1,3,2,54,97,5,151,57,99,156
123013,13,10,2,3,2,54,97,5,151,57,99,156
123165,1,412,1,8,874,1,75,882,76,9,949,958
123165,1,112,2,0,861,1,74,861,75,1,935,936
123165,1,312,5,8,13,0,1,21,1,8,14,22
123165,2,999,1,3,865,1,72,868,73,4,937,941
123165,2,999,2,0,858,1,72,858,73,1,930,931
123165,2,999,5,3,7,0,0,10,0,3,7,10
123165,3,1,1,0,18,1,2,18,3,1,20,21
123165,3,1,2,0,18,1,2,18,3,1,20,21
123165,4,2,1,0,398,0,27,398,27,0,425,425
123165,4,2,2,0,398,0,27,398,27,0,425,425
123165,5,3,1,0,398,0,43,398,43,0,441,441
123165,5,3,2,0,396,0,43,396,43,0,439,439
123165,5,3,5,0,2,0,0,2,0,0,2,2
123165,6,4,1,3,51,0,0,54,0,3,51,54
123165,6,4,2,0,46,0,0,46,0,0,46,46
123165,6,4,5,3,5,0,0,8,0,3,5,8
123165,7,999,1,5,8,0,3,13,3,5,11,16
123165,7,999,2,0,2,0,2,2,2,0,4,4
123165,7,999,5,5,6,0,1,11,1,5,7,12
123165,8,5,1,4,3,0,0,7,0,4,3,7
123165,8,5,2,0,1,0,0,1,0,0,1,1
123165,8,5,5,4,2,0,0,6,0,4,2,6
123165,9,6,1,1,4,0,2,5,2,1,6,7
123165,9,6,2,0,1,0,1,1,1,0,2,2
123165,9,6,5,1,3,0,1,4,1,1,4,5
123165,10,7,1,0,1,0,0,1,0,0,1,1
123165,10,7,5,0,1,0,0,1,0,0,1,1
123165,11,8,1,0,0,0,1,0,1,0,1,1
123165,11,8,2,0,0,0,1,0,1,0,1,1
123165,14,11,1,0,1,0,0,1,0,0,1,1
123165,14,11,2,0,1,0,0,1,0,0,1,1
123217,1,412,1,2073,3056,2833,4609,5129,7442,4906,7665,12571
123217,1,112,2,2073,3056,2833,4609,5129,7442,4906,7665,12571
123217,2,999,1,1771,2562,2032,3051,4333,5083,3803,5613,9416
123217,2,999,2,1771,2562,2032,3051,4333,5083,3803,5613,9416
123217,3,1,1,73,150,560,1106,223,1666,633,1256,1889
123217,3,1,2,73,150,560,1106,223,1666,633,1256,1889
123217,4,2,1,1113,1580,600,657,2693,1257,1713,2237,3950
123217,4,2,2,1113,1580,600,657,2693,1257,1713,2237,3950
123217,5,3,1,414,579,457,680,993,1137,871,1259,2130
123217,5,3,2,414,579,457,680,993,1137,871,1259,2130
123217,6,4,1,171,253,415,608,424,1023,586,861,1447
123217,6,4,2,171,253,415,608,424,1023,586,861,1447
123217,7,999,1,302,494,801,1558,796,2359,1103,2052,3155
123217,7,999,2,302,494,801,1558,796,2359,1103,2052,3155
123217,8,5,1,144,225,368,597,369,965,512,822,1334
123217,8,5,2,144,225,368,597,369,965,512,822,1334
123217,9,6,1,67,116,196,397,183,593,263,513,776
123217,9,6,2,67,116,196,397,183,593,263,513,776
123217,10,7,1,42,67,100,214,109,314,142,281,423
123217,10,7,2,42,67,100,214,109,314,142,281,423
123217,11,8,1,41,61,96,246,102,342,137,307,444
123217,11,8,2,41,61,96,246,102,342,137,307,444
123217,12,9,1,8,22,35,96,30,131,43,118,161
123217,12,9,2,8,22,35,96,30,131,43,118,161
123217,13,10,1,0,3,6,8,3,14,6,11,17
123217,13,10,2,0,3,6,8,3,14,6,11,17
123299,1,412,1,1088,1907,1920,3206,2995,5126,3008,5113,8121
123299,1,112,2,1088,1907,1920,3206,2995,5126,3008,5113,8121
123299,2,999,1,795,1205,1377,1960,2000,3337,2172,3165,5337
123299,2,999,2,795,1205,1377,1960,2000,3337,2172,3165,5337
123299,3,1,1,33,64,754,1101,97,1855,787,1165,1952
123299,3,1,2,33,64,754,1101,97,1855,787,1165,1952
123299,4,2,1,515,720,280,300,1235,580,795,1020,1815
123299,4,2,2,515,720,280,300,1235,580,795,1020,1815
123299,5,3,1,159,224,193,278,383,471,352,502,854
123299,5,3,2,159,224,193,278,383,471,352,502,854
123299,6,4,1,88,197,150,281,285,431,238,478,716
123299,6,4,2,88,197,150,281,285,431,238,478,716
123299,7,999,1,293,702,543,1246,995,1789,836,1948,2784
123299,7,999,2,293,702,543,1246,995,1789,836,1948,2784
123299,8,5,1,93,227,182,362,320,544,275,589,864
123299,8,5,2,93,227,182,362,320,544,275,589,864
123299,9,6,1,77,184,111,292,261,403,188,476,664
123299,9,6,2,77,184,111,292,261,403,188,476,664
123299,10,7,1,51,119,89,217,170,306,140,336,476
123299,10,7,2,51,119,89,217,170,306,140,336,476
123299,11,8,1,48,121,94,210,169,304,142,331,473
123299,11,8,2,48,121,94,210,169,304,142,331,473
123299,12,9,1,21,47,54,149,68,203,75,196,271
123299,12,9,2,21,47,54,149,68,203,75,196,271
123299,13,10,1,3,4,13,16,7,29,16,20,36
123299,13,10,2,3,4,13,16,7,29,16,20,36
123341,1,412,1,2928,3701,4528,6346,6629,10874,7456,10047,17503
123341,1,112,2,2928,3701,4528,6346,6629,10874,7456,10047,17503
123341,2,999,1,2497,3064,3227,3821,5561,7048,5724,6885,12609
123341,2,999,2,2497,3064,3227,3821,5561,7048,5724,6885,12609
123341,3,1,1,84,163,817,1100,247,1917,901,1263,2164
123341,3,1,2,84,163,817,1100,247,1917,901,1263,2164
123341,4,2,1,1591,2018,832,797,3609,1629,2423,2815,5238
123341,4,2,2,1591,2018,832,797,3609,1629,2423,2815,5238
123341,5,3,1,570,599,867,1016,1169,1883,1437,1615,3052
123341,5,3,2,570,599,867,1016,1169,1883,1437,1615,3052
123341,6,4,1,252,284,711,908,536,1619,963,1192,2155
123341,6,4,2,252,284,711,908,536,1619,963,1192,2155
123341,7,999,1,431,637,1300,2525,1068,3825,1731,3162,4893
123341,7,999,2,431,637,1300,2525,1068,3825,1731,3162,4893
123341,8,5,1,221,259,555,858,480,1413,776,1117,1893
123341,8,5,2,221,259,555,858,480,1413,776,1117,1893
123341,9,6,1,115,142,280,534,257,814,395,676,1071
123341,9,6,2,115,142,280,534,257,814,395,676,1071
123341,10,7,1,41,92,146,397,133,543,187,489,676
123341,10,7,2,41,92,146,397,133,543,187,489,676
123341,11,8,1,35,100,177,457,135,634,212,557,769
123341,11,8,2,35,100,177,457,135,634,212,557,769
123341,12,9,1,17,41,111,237,58,348,128,278,406
123341,12,9,2,17,41,111,237,58,348,128,278,406
123341,13,10,1,2,3,31,42,5,73,33,45,78
123341,13,10,2,2,3,31,42,5,73,33,45,78
123341,14,11,1,0,0,1,0,0,1,1,0,1
123341,14,11,2,0,0,1,0,0,1,1,0,1
123448,1,412,1,61,131,66,119,192,185,127,250,377
123448,1,312,5,61,131,66,119,192,185,127,250,377
123448,2,999,1,10,7,2,7,17,9,12,14,26
123448,2,999,5,10,7,2,7,17,9,12,14,26
123448,4,2,1,0,0,1,0,0,1,1,0,1
123448,4,2,5,0,0,1,0,0,1,1,0,1
123448,5,3,1,0,0,1,0,0,1,1,0,1
123448,5,3,5,0,0,1,0,0,1,1,0,1
123448,6,4,1,10,7,0,7,17,7,10,14,24
123448,6,4,5,10,7,0,7,17,7,10,14,24
123448,7,999,1,51,124,64,112,175,176,115,236,351
123448,7,999,5,51,124,64,112,175,176,115,236,351
123448,8,5,1,12,17,7,15,29,22,19,32,51
123448,8,5,5,12,17,7,15,29,22,19,32,51
123448,9,6,1,11,12,8,16,23,24,19,28,47
123448,9,6,5,11,12,8,16,23,24,19,28,47
123448,10,7,1,2,23,9,21,25,30,11,44,55
123448,10,7,5,2,23,9,21,25,30,11,44,55
123448,11,8,1,13,45,22,34,58,56,35,79,114
123448,11,8,5,13,45,22,34,58,56,35,79,114
123448,12,9,1,12,25,17,25,37,42,29,50,79
123448,12,9,5,12,25,17,25,37,42,29,50,79
123448,13,10,1,1,2,1,1,3,2,2,3,5
123448,13,10,5,1,2,1,1,3,2,2,3,5
123457,1,412,1,232,332,86,205,564,291,318,537,855
123457,1,112,2,228,321,37,110,549,147,265,431,696
123457,1,312,5,4,11,49,95,15,144,53,106,159
123457,2,999,1,183,264,27,37,447,64,210,301,511
123457,2,999,2,183,259,19,27,442,46,202,286,488
123457,2,999,5,0,5,8,10,5,18,8,15,23
123457,3,1,1,3,5,0,0,8,0,3,5,8
123457,3,1,2,3,5,0,0,8,0,3,5,8
123457,4,2,1,64,101,2,0,165,2,66,101,167
123457,4,2,2,64,101,2,0,165,2,66,101,167
123457,5,3,1,74,90,1,9,164,10,75,99,174
123457,5,3,2,74,88,1,9,162,10,75,97,172
123457,5,3,5,0,2,0,0,2,0,0,2,2
123457,6,4,1,42,68,24,28,110,52,66,96,162
123457,6,4,2,42,65,16,18,107,34,58,83,141
123457,6,4,5,0,3,8,10,3,18,8,13,21
123457,7,999,1,35,59,57,166,94,223,92,225,317
123457,7,999,2,32,53,16,81,85,97,48,134,182
123457,7,999,5,3,6,41,85,9,126,44,91,135
123457,8,5,1,25,32,17,47,57,64,42,79,121
123457,8,5,2,25,30,10,27,55,37,35,57,92
123457,8,5,5,0,2,7,20,2,27,7,22,29
123457,9,6,1,7,13,9,38,20,47,16,51,67
123457,9,6,2,5,12,1,16,17,17,6,28,34
123457,9,6,5,2,1,8,22,3,30,10,23,33
123457,10,7,1,1,8,13,31,9,44,14,39,53
123457,10,7,2,1,8,2,19,9,21,3,27,30
123457,10,7,5,0,0,11,12,0,23,11,12,23
123457,11,8,1,2,5,15,34,7,49,17,39,56
123457,11,8,2,1,3,3,11,4,14,4,14,18
123457,11,8,5,1,2,12,23,3,35,13,25,38
123457,12,9,1,0,1,2,15,1,17,2,16,18
123457,12,9,2,0,0,0,7,0,7,0,7,7
123457,12,9,5,0,1,2,8,1,10,2,9,11
123457,13,10,1,0,0,1,1,0,2,1,1,2
123457,13,10,2,0,0,0,1,0,1,0,1,1
123457,13,10,5,0,0,1,0,0,1,1,0,1
123457,14,11,1,14,9,2,2,23,4,16,11,27
123457,14,11,2,13,9,2,2,22,4,15,11,26
123457,14,11,5,1,0,0,0,1,0,1,0,1
123484,1,412,1,235,286,317,438,521,755,552,724,1276
123484,1,112,2,235,286,317,438,521,755,552,724,1276
123484,2,999,1,189,204,202,223,393,425,391,427,818
123484,2,999,2,189,204,202,223,393,425,391,427,818
123484,3,1,1,4,13,76,121,17,197,80,134,214
123484,3,1,2,4,13,76,121,17,197,80,134,214
123484,4,2,1,110,129,66,33,239,99,176,162,338
123484,4,2,2,110,129,66,33,239,99,176,162,338
123484,5,3,1,53,36,32,30,89,62,85,66,151
123484,5,3,2,53,36,32,30,89,62,85,66,151
123484,6,4,1,22,26,28,39,48,67,50,65,115
123484,6,4,2,22,26,28,39,48,67,50,65,115
123484,7,999,1,46,82,115,215,128,330,161,297,458
123484,7,999,2,46,82,115,215,128,330,161,297,458
123484,8,5,1,20,33,36,63,53,99,56,96,152
123484,8,5,2,20,33,36,63,53,99,56,96,152
123484,9,6,1,10,16,22,48,26,70,32,64,96
123484,9,6,2,10,16,22,48,26,70,32,64,96
123484,10,7,1,6,14,22,41,20,63,28,55,83
123484,10,7,2,6,14,22,41,20,63,28,55,83
123484,11,8,1,4,12,17,35,16,52,21,47,68
123484,11,8,2,4,12,17,35,16,52,21,47,68
123484,12,9,1,5,7,13,22,12,35,18,29,47
123484,12,9,2,5,7,13,22,12,35,18,29,47
123484,13,10,1,1,0,5,6,1,11,6,6,12
123484,13,10,2,1,0,5,6,1,11,6,6,12
123493,1,412,1,41,76,0,0,117,0,41,76,117
123493,1,112,2,41,76,0,0,117,0,41,76,117
123493,2,999,1,10,26,0,0,36,0,10,26,36
123493,2,999,2,10,26,0,0,36,0,10,26,36
123493,4,2,1,2,1,0,0,3,0,2,1,3
123493,4,2,2,2,1,0,0,3,0,2,1,3
123493,5,3,1,4,11,0,0,15,0,4,11,15
123493,5,3,2,4,11,0,0,15,0,4,11,15
123493,6,4,1,4,14,0,0,18,0,4,14,18
123493,6,4,2,4,14,0,0,18,0,4,14,18
123493,7,999,1,31,50,0,0,81,0,31,50,81
123493,7,999,2,31,50,0,0,81,0,31,50,81
123493,8,5,1,5,18,0,0,23,0,5,18,23
123493,8,5,2,5,18,0,0,23,0,5,18,23
123493,9,6,1,11,16,0,0,27,0,11,16,27
123493,9,6,2,11,16,0,0,27,0,11,16,27
123493,10,7,1,6,5,0,0,11,0,6,5,11
123493,10,7,2,6,5,0,0,11,0,6,5,11
123493,11,8,1,6,9,0,0,15,0,6,9,15
123493,11,8,2,6,9,0,0,15,0,6,9,15
123493,12,9,1,3,2,0,0,5,0,3,2,5
123493,12,9,2,3,2,0,0,5,0,3,2,5
123509,1,412,1,777,783,3100,4087,1560,7187,3877,4870,8747
123509,1,112,2,777,783,3100,4087,1560,7187,3877,4870,8747
123509,2,999,1,653,622,2303,2595,1275,4898,2956,3217,6173
123509,2,999,2,653,622,2303,2595,1275,4898,2956,3217,6173
123509,3,1,1,27,24,673,829,51,1502,700,853,1553
123509,3,1,2,27,24,673,829,51,1502,700,853,1553
123509,4,2,1,383,363,617,623,746,1240,1000,986,1986
123509,4,2,2,383,363,617,623,746,1240,1000,986,1986
123509,5,3,1,153,148,546,546,301,1092,699,694,1393
123509,5,3,2,153,148,546,546,301,1092,699,694,1393
123509,6,4,1,90,87,467,597,177,1064,557,684,1241
123509,6,4,2,90,87,467,597,177,1064,557,684,1241
123509,7,999,1,124,161,796,1492,285,2288,920,1653,2573
123509,7,999,2,124,161,796,1492,285,2288,920,1653,2573
123509,8,5,1,59,69,349,568,128,917,408,637,1045
123509,8,5,2,59,69,349,568,128,917,408,637,1045
123509,9,6,1,28,35,186,315,63,501,214,350,564
123509,9,6,2,28,35,186,315,63,501,214,350,564
123509,10,7,1,20,19,85,194,39,279,105,213,318
123509,10,7,2,20,19,85,194,39,279,105,213,318
123509,11,8,1,9,22,79,219,31,298,88,241,329
123509,11,8,2,9,22,79,219,31,298,88,241,329
123509,12,9,1,8,15,70,173,23,243,78,188,266
123509,12,9,2,8,15,70,173,23,243,78,188,266
123509,13,10,1,0,1,27,23,1,50,27,24,51
123509,13,10,2,0,1,27,23,1,50,27,24,51
123509,14,11,1,0,0,1,0,0,1,1,0,1
123509,14,11,2,0,0,1,0,0,1,1,0,1
123527,1,412,1,1512,2284,3075,5335,3796,8410,4587,7619,12206
123527,1,112,2,1512,2284,3075,5335,3796,8410,4587,7619,12206
123527,2,999,1,1136,1629,1769,2468,2765,4237,2905,4097,7002
123527,2,999,2,1136,1629,1769,2468,2765,4237,2905,4097,7002
123527,3,1,1,54,62,198,324,116,522,252,386,638
123527,3,1,2,54,62,198,324,116,522,252,386,638
123527,4,2,1,688,913,552,622,1601,1174,1240,1535,2775
123527,4,2,2,688,913,552,622,1601,1174,1240,1535,2775
123527,5,3,1,233,364,515,660,597,1175,748,1024,1772
123527,5,3,2,233,364,515,660,597,1175,748,1024,1772
123527,6,4,1,161,290,504,862,451,1366,665,1152,1817
123527,6,4,2,161,290,504,862,451,1366,665,1152,1817
123527,7,999,1,376,655,1306,2867,1031,4173,1682,3522,5204
123527,7,999,2,376,655,1306,2867,1031,4173,1682,3522,5204
123527,8,5,1,172,287,526,1105,459,1631,698,1392,2090
123527,8,5,2,172,287,526,1105,459,1631,698,1392,2090
123527,9,6,1,81,140,308,700,221,1008,389,840,1229
123527,9,6,2,81,140,308,700,221,1008,389,840,1229
123527,10,7,1,49,109,169,435,158,604,218,544,762
123527,10,7,2,49,109,169,435,158,604,218,544,762
123527,11,8,1,42,83,197,419,125,616,239,502,741
123527,11,8,2,42,83,197,419,125,616,239,502,741
123527,12,9,1,31,34,94,186,65,280,125,220,345
123527,12,9,2,31,34,94,186,65,280,125,220,345
123527,13,10,1,1,2,12,22,3,34,13,24,37
123527,13,10,2,1,2,12,22,3,34,13,24,37
123554,1,412,1,1193,1650,199,397,2843,596,1392,2047,3439
123554,1,112,2,973,1335,62,98,2308,160,1035,1433,2468
123554,1,312,5,220,315,137,299,535,436,357,614,971
123554,2,999,1,998,1387,39,52,2385,91,1037,1439,2476
123554,2,999,2,925,1292,29,22,2217,51,954,1314,2268
123554,2,999,5,73,95,10,30,168,40,83,125,208
123554,3,1,1,15,37,0,0,52,0,15,37,52
123554,3,1,2,15,37,0,0,52,0,15,37,52
123554,4,2,1,341,511,2,2,852,4,343,513,856
123554,4,2,2,341,511,2,2,852,4,343,513,856
123554,5,3,1,470,654,9,6,1124,15,479,660,1139
123554,5,3,2,469,652,9,5,1121,14,478,657,1135
123554,5,3,5,1,2,0,1,3,1,1,3,4
123554,6,4,1,172,185,28,44,357,72,200,229,429
123554,6,4,2,100,92,18,15,192,33,118,107,225
123554,6,4,5,72,93,10,29,165,39,82,122,204
123554,7,999,1,193,254,150,309,447,459,343,563,906
123554,7,999,2,48,43,33,76,91,109,81,119,200
123554,7,999,5,145,211,117,233,356,350,262,444,706
123554,8,5,1,81,124,47,84,205,131,128,208,336
123554,8,5,2,31,28,9,18,59,27,40,46,86
123554,8,5,5,50,96,38,66,146,104,88,162,250
123554,9,6,1,44,45,25,71,89,96,69,116,185
123554,9,6,2,11,7,9,20,18,29,20,27,47
123554,9,6,5,33,38,16,51,71,67,49,89,138
123554,10,7,1,24,30,23,41,54,64,47,71,118
123554,10,7,2,4,6,8,10,10,18,12,16,28
123554,10,7,5,20,24,15,31,44,46,35,55,90
123554,11,8,1,25,31,36,73,56,109,61,104,165
123554,11,8,2,1,0,4,16,1,20,5,16,21
123554,11,8,5,24,31,32,57,55,89,56,88,144
123554,12,9,1,17,23,18,38,40,56,35,61,96
123554,12,9,2,1,2,2,11,3,13,3,13,16
123554,12,9,5,16,21,16,27,37,43,32,48,80
123554,13,10,1,2,1,1,2,3,3,3,3,6
123554,13,10,2,0,0,1,1,0,2,1,1,2
123554,13,10,5,2,1,0,1,3,1,2,2,4
123554,14,11,1,2,9,10,36,11,46,12,45,57
123554,14,11,5,2,9,10,36,11,46,12,45,57
123563,1,412,1,1068,1586,2629,3968,2654,6597,3697,5554,9251
123563,1,112,2,1068,1586,2629,3968,2654,6597,3697,5554,9251
123563,2,999,1,904,1214,1542,2183,2118,3725,2446,3397,5843
123563,2,999,2,904,1214,1542,2183,2118,3725,2446,3397,5843
123563,3,1,1,44,62,306,550,106,856,350,612,962
123563,3,1,2,44,62,306,550,106,856,350,612,962
123563,4,2,1,516,684,429,482,1200,911,945,1166,2111
123563,4,2,2,516,684,429,482,1200,911,945,1166,2111
123563,5,3,1,225,266,396,529,491,925,621,795,1416
123563,5,3,2,225,266,396,529,491,925,621,795,1416
123563,6,4,1,119,202,411,622,321,1033,530,824,1354
123563,6,4,2,119,202,411,622,321,1033,530,824,1354
123563,7,999,1,163,372,1086,1785,535,2871,1249,2157,3406
123563,7,999,2,163,372,1086,1785,535,2871,1249,2157,3406
123563,8,5,1,80,158,340,637,238,977,420,795,1215
123563,8,5,2,80,158,340,637,238,977,420,795,1215
123563,9,6,1,35,89,239,437,124,676,274,526,800
123563,9,6,2,35,89,239,437,124,676,274,526,800
123563,10,7,1,15,49,145,248,64,393,160,297,457
123563,10,7,2,15,49,145,248,64,393,160,297,457
123563,11,8,1,24,56,199,260,80,459,223,316,539
123563,11,8,2,24,56,199,260,80,459,223,316,539
123563,12,9,1,9,17,130,177,26,307,139,194,333
123563,12,9,2,9,17,130,177,26,307,139,194,333
123563,13,10,1,0,3,33,26,3,59,33,29,62
123563,13,10,2,0,3,33,26,3,59,33,29,62
123563,14,11,1,1,0,1,0,1,1,2,0,2
123563,14,11,2,1,0,1,0,1,1,2,0,2
123572,1,412,1,2406,4405,520,687,6811,1207,2926,5092,8018
123572,1,112,2,2308,4111,402,434,6419,836,2710,4545,7255
123572,1,312,5,98,294,118,253,392,371,216,547,763
123572,2,999,1,2082,3870,275,281,5952,556,2357,4151,6508
123572,2,999,2,2060,3772,260,264,5832,524,2320,4036,6356
123572,2,999,5,22,98,15,17,120,32,37,115,152
123572,3,1,1,17,53,4,7,70,11,21,60,81
123572,3,1,2,17,53,4,7,70,11,21,60,81
123572,4,2,1,621,1349,38,46,1970,84,659,1395,2054
123572,4,2,2,621,1349,38,46,1970,84,659,1395,2054
123572,5,3,1,854,1725,61,90,2579,151,915,1815,2730
123572,5,3,2,853,1721,61,89,2574,150,914,1810,2724
123572,5,3,5,1,4,0,1,5,1,1,5,6
123572,6,4,1,590,743,172,138,1333,310,762,881,1643
123572,6,4,2,569,649,157,122,1218,279,726,771,1497
123572,6,4,5,21,94,15,16,115,31,36,110,146
123572,7,999,1,324,535,245,406,859,651,569,941,1510
123572,7,999,2,248,339,142,170,587,312,390,509,899
123572,7,999,5,76,196,103,236,272,339,179,432,611
123572,8,5,1,173,269,100,128,442,228,273,397,670
123572,8,5,2,142,179,68,62,321,130,210,241,451
123572,8,5,5,31,90,32,66,121,98,63,156,219
123572,9,6,1,69,100,66,99,169,165,135,199,334
123572,9,6,2,56,66,36,35,122,71,92,101,193
123572,9,6,5,13,34,30,64,47,94,43,98,141
123572,10,7,1,36,52,30,67,88,97,66,119,185
123572,10,7,2,26,33,15,31,59,46,41,64,105
123572,10,7,5,10,19,15,36,29,51,25,55,80
123572,11,8,1,26,78,32,76,104,108,58,154,212
123572,11,8,2,13,46,16,29,59,45,29,75,104
123572,11,8,5,13,32,16,47,45,63,29,79,108
123572,12,9,1,18,34,14,32,52,46,32,66,98
123572,12,9,2,10,14,6,12,24,18,16,26,42
123572,12,9,5,8,20,8,20,28,28,16,40,56
123572,13,10,1,2,2,3,4,4,7,5,6,11
123572,13,10,2,1,1,1,1,2,2,2,2,4
123572,13,10,5,1,1,2,3,2,5,3,4,7
123633,1,412,1,77,160,22,47,237,69,99,207,306
123633,1,312,5,77,160,22,47,237,69,99,207,306
123633,2,999,1,3,4,0,1,7,1,3,5,8
123633,2,999,5,3,4,0,1,7,1,3,5,8
123633,5,3,1,1,0,0,0,1,0,1,0,1
123633,5,3,5,1,0,0,0,1,0,1,0,1
123633,6,4,1,2,4,0,1,6,1,2,5,7
123633,6,4,5,2,4,0,1,6,1,2,5,7
123633,7,999,1,74,156,22,46,230,68,96,202,298
123633,7,999,5,74,156,22,46,230,68,96,202,298
123633,8,5,1,11,31,2,4,42,6,13,35,48
123633,8,5,5,11,31,2,4,42,6,13,35,48
123633,9,6,1,12,23,1,7,35,8,13,30,43
123633,9,6,5,12,23,1,7,35,8,13,30,43
123633,10,7,1,6,25,3,6,31,9,9,31,40
123633,10,7,5,6,25,3,6,31,9,9,31,40
123633,11,8,1,21,52,7,14,73,21,28,66,94
123633,11,8,5,21,52,7,14,73,21,28,66,94
123633,12,9,1,20,24,8,13,44,21,28,37,65
123633,12,9,5,20,24,8,13,44,21,28,37,65
123633,13,10,1,4,1,1,2,5,3,5,3,8
123633,13,10,5,4,1,1,2,5,3,5,3,8
123642,1,412,1,16,152,3,83,168,86,19,235,254
123642,1,112,2,16,152,3,83,168,86,19,235,254
123642,2,999,1,3,52,0,5,55,5,3,57,60
123642,2,999,2,3,52,0,5,55,5,3,57,60
123642,4,2,1,0,5,0,0,5,0,0,5,5
123642,4,2,2,0,5,0,0,5,0,0,5,5
123642,5,3,1,0,12,0,1,12,1,0,13,13
123642,5,3,2,0,12,0,1,12,1,0,13,13
123642,6,4,1,3,35,0,4,38,4,3,39,42
123642,6,4,2,3,35,0,4,38,4,3,39,42
123642,7,999,1,13,99,3,78,112,81,16,177,193
123642,7,999,2,13,99,3,78,112,81,16,177,193
123642,8,5,1,9,36,0,19,45,19,9,55,64
123642,8,5,2,9,36,0,19,45,19,9,55,64
123642,9,6,1,2,31,1,18,33,19,3,49,52
123642,9,6,2,2,31,1,18,33,19,3,49,52
123642,10,7,1,0,13,1,9,13,10,1,22,23
123642,10,7,2,0,13,1,9,13,10,1,22,23
123642,11,8,1,1,12,0,18,13,18,1,30,31
123642,11,8,2,1,12,0,18,13,18,1,30,31
123642,12,9,1,1,6,1,14,7,15,2,20,22
123642,12,9,2,1,6,1,14,7,15,2,20,22
123642,13,10,1,0,1,0,0,1,0,0,1,1
123642,13,10,2,0,1,0,0,1,0,0,1,1
123642,14,11,1,0,1,0,0,1,0,0,1,1
123642,14,11,2,0,1,0,0,1,0,0,1,1
123800,1,412,1,2621,3782,4867,6351,6403,11218,7488,10133,17621
123800,1,112,2,2621,3782,4867,6351,6403,11218,7488,10133,17621
123800,2,999,1,2267,2973,3015,3695,5240,6710,5282,6668,11950
123800,2,999,2,2267,2973,3015,3695,5240,6710,5282,6668,11950
123800,3,1,1,91,130,382,654,221,1036,473,784,1257
123800,3,1,2,91,130,382,654,221,1036,473,784,1257
123800,4,2,1,1254,1652,890,926,2906,1816,2144,2578,4722
123800,4,2,2,1254,1652,890,926,2906,1816,2144,2578,4722
123800,5,3,1,597,762,934,1043,1359,1977,1531,1805,3336
123800,5,3,2,597,762,934,1043,1359,1977,1531,1805,3336
123800,6,4,1,325,429,809,1072,754,1881,1134,1501,2635
123800,6,4,2,325,429,809,1072,754,1881,1134,1501,2635
123800,7,999,1,354,809,1852,2656,1163,4508,2206,3465,5671
123800,7,999,2,354,809,1852,2656,1163,4508,2206,3465,5671
123800,8,5,1,200,341,696,975,541,1671,896,1316,2212
123800,8,5,2,200,341,696,975,541,1671,896,1316,2212
123800,9,6,1,83,192,363,612,275,975,446,804,1250
123800,9,6,2,83,192,363,612,275,975,446,804,1250
123800,10,7,1,33,109,240,358,142,598,273,467,740
123800,10,7,2,33,109,240,358,142,598,273,467,740
123800,11,8,1,27,104,331,447,131,778,358,551,909
123800,11,8,2,27,104,331,447,131,778,358,551,909
123800,12,9,1,11,60,195,246,71,441,206,306,512
123800,12,9,2,11,60,195,246,71,441,206,306,512
123800,13,10,1,0,3,27,18,3,45,27,21,48
123800,13,10,2,0,3,27,18,3,45,27,21,48
123916,1,412,1,16,26,10,35,42,45,26,61,87
123916,1,312,5,16,26,10,35,42,45,26,61,87
123916,2,999,1,1,1,0,0,2,0,1,1,2
123916,2,999,5,1,1,0,0,2,0,1,1,2
123916,6,4,1,1,1,0,0,2,0,1,1,2
123916,6,4,5,1,1,0,0,2,0,1,1,2
123916,7,999,1,15,25,10,35,40,45,25,60,85
123916,7,999,5,15,25,10,35,40,45,25,60,85
123916,8,5,1,1,2,0,2,3,2,1,4,5
123916,8,5,5,1,2,0,2,3,2,1,4,5
123916,9,6,1,3,5,2,7,8,9,5,12,17
123916,9,6,5,3,5,2,7,8,9,5,12,17
123916,10,7,1,5,4,1,3,9,4,6,7,13
123916,10,7,5,5,4,1,3,9,4,6,7,13
123916,11,8,1,3,8,3,11,11,14,6,19,25
123916,11,8,5,3,8,3,11,11,14,6,19,25
123916,12,9,1,3,5,4,9,8,13,7,14,21
123916,12,9,5,3,5,4,9,8,13,7,14,21
123916,13,10,1,0,1,0,3,1,3,0,4,4
123916,13,10,5,0,1,0,3,1,3,0,4,4
123961,1,412,1,17782,20825,3585,4095,38607,7680,21367,24920,46287
123961,1,112,2,8909,9651,639,587,18560,1226,9548,10238,19786
123961,1,312,5,8873,11174,2946,3508,20047,6454,11819,14682,26501
123961,2,999,1,11668,13708,1411,1378,25376,2789,13079,15086,28165
123961,2,999,2,8601,9476,500,448,18077,948,9101,9924,19025
123961,2,999,5,3067,4232,911,930,7299,1841,3978,5162,9140
123961,3,1,1,85,127,1,4,212,5,86,131,217
123961,3,1,2,85,127,1,4,212,5,86,131,217
123961,4,2,1,3024,3716,80,69,6740,149,3104,3785,6889
123961,4,2,2,3021,3714,80,69,6735,149,3101,3783,6884
123961,4,2,5,3,2,0,0,5,0,3,2,5
123961,5,3,1,4306,4933,260,278,9239,538,4566,5211,9777
123961,5,3,2,4206,4732,243,250,8938,493,4449,4982,9431
123961,5,3,5,100,201,17,28,301,45,117,229,346
123961,6,4,1,4253,4932,1070,1027,9185,2097,5323,5959,11282
123961,6,4,2,1289,903,176,125,2192,301,1465,1028,2493
123961,6,4,5,2964,4029,894,902,6993,1796,3858,4931,8789
123961,7,999,1,6114,7117,2088,2623,13231,4711,8202,9740,17942
123961,7,999,2,308,175,53,45,483,98,361,220,581
123961,7,999,5,5806,6942,2035,2578,12748,4613,7841,9520,17361
123961,8,5,1,3511,4071,951,1106,7582,2057,4462,5177,9639
123961,8,5,2,205,113,36,18,318,54,241,131,372
123961,8,5,5,3306,3958,915,1088,7264,2003,4221,5046,9267
123961,9,6,1,1379,1410,455,582,2789,1037,1834,1992,3826
123961,9,6,2,65,38,9,13,103,22,74,51,125
123961,9,6,5,1314,1372,446,569,2686,1015,1760,1941,3701
123961,10,7,1,540,665,279,343,1205,622,819,1008,1827
123961,10,7,2,21,15,2,3,36,5,23,18,41
123961,10,7,5,519,650,277,340,1169,617,796,990,1786
123961,11,8,1,487,644,264,387,1131,651,751,1031,1782
123961,11,8,2,14,6,3,7,20,10,17,13,30
123961,11,8,5,473,638,261,380,1111,641,734,1018,1752
123961,12,9,1,190,312,131,190,502,321,321,502,823
123961,12,9,2,3,3,3,4,6,7,6,7,13
123961,12,9,5,187,309,128,186,496,314,315,495,810
123961,13,10,1,7,15,8,15,22,23,15,30,45
123961,13,10,5,7,15,8,15,22,23,15,30,45
123961,14,11,1,0,0,86,94,0,180,86,94,180
123961,14,11,2,0,0,86,94,0,180,86,94,180
124113,1,412,1,371,820,1158,1217,1191,2375,1529,2037,3566
124113,1,112,2,371,820,1158,1217,1191,2375,1529,2037,3566
124113,2,999,1,280,607,387,560,887,947,667,1167,1834
124113,2,999,2,280,607,387,560,887,947,667,1167,1834
124113,3,1,1,9,20,23,56,29,79,32,76,108
124113,3,1,2,9,20,23,56,29,79,32,76,108
124113,4,2,1,155,329,94,124,484,218,249,453,702
124113,4,2,2,155,329,94,124,484,218,249,453,702
124113,5,3,1,69,145,136,184,214,320,205,329,534
124113,5,3,2,69,145,136,184,214,320,205,329,534
124113,6,4,1,47,113,134,196,160,330,181,309,490
124113,6,4,2,47,113,134,196,160,330,181,309,490
124113,7,999,1,91,213,771,657,304,1428,862,870,1732
124113,7,999,2,91,213,771,657,304,1428,862,870,1732
124113,8,5,1,46,105,168,276,151,444,214,381,595
124113,8,5,2,46,105,168,276,151,444,214,381,595
124113,9,6,1,23,50,135,171,73,306,158,221,379
124113,9,6,2,23,50,135,171,73,306,158,221,379
124113,10,7,1,9,33,126,83,42,209,135,116,251
124113,10,7,2,9,33,126,83,42,209,135,116,251
124113,11,8,1,4,17,169,84,21,253,173,101,274
124113,11,8,2,4,17,169,84,21,253,173,101,274
124113,12,9,1,9,5,153,40,14,193,162,45,207
124113,12,9,2,9,5,153,40,14,193,162,45,207
124113,13,10,1,0,3,20,3,3,23,20,6,26
124113,13,10,2,0,3,20,3,3,23,20,6,26
124487,1,412,1,31,11,60,68,42,128,91,79,170
124487,1,112,2,16,8,39,56,24,95,55,64,119
124487,1,312,5,15,3,21,12,18,33,36,15,51
124487,2,999,1,1,0,3,3,1,6,4,3,7
124487,2,999,2,0,0,3,3,0,6,3,3,6
124487,2,999,5,1,0,0,0,1,0,1,0,1
124487,4,2,1,0,0,0,1,0,1,0,1,1
124487,4,2,2,0,0,0,1,0,1,0,1,1
124487,5,3,1,0,0,1,2,0,3,1,2,3
124487,5,3,2,0,0,1,2,0,3,1,2,3
124487,6,4,1,1,0,2,0,1,2,3,0,3
124487,6,4,2,0,0,2,0,0,2,2,0,2
124487,6,4,5,1,0,0,0,1,0,1,0,1
124487,7,999,1,30,11,57,65,41,122,87,76,163
124487,7,999,2,16,8,36,53,24,89,52,61,113
124487,7,999,5,14,3,21,12,17,33,35,15,50
124487,8,5,1,0,1,9,5,1,14,9,6,15
124487,8,5,2,0,1,9,5,1,14,9,6,15
124487,9,6,1,5,1,3,5,6,8,8,6,14
124487,9,6,2,4,1,3,4,5,7,7,5,12
124487,9,6,5,1,0,0,1,1,1,1,1,2
124487,10,7,1,8,2,9,14,10,23,17,16,33
124487,10,7,2,6,2,6,13,8,19,12,15,27
124487,10,7,5,2,0,3,1,2,4,5,1,6
124487,11,8,1,8,3,12,12,11,24,20,15,35
124487,11,8,2,4,2,8,11,6,19,12,13,25
124487,11,8,5,4,1,4,1,5,5,8,2,10
124487,12,9,1,9,3,18,19,12,37,27,22,49
124487,12,9,2,2,2,7,13,4,20,9,15,24
124487,12,9,5,7,1,11,6,8,17,18,7,25
124487,13,10,1,0,1,6,10,1,16,6,11,17
124487,13,10,2,0,0,3,7,0,10,3,7,10
124487,13,10,5,0,1,3,3,1,6,3,4,7
125028,1,412,1,1420,1963,3324,5082,3383,8406,4744,7045,11789
125028,1,112,2,1420,1963,3324,5082,3383,8406,4744,7045,11789
125028,2,999,1,1227,1684,2316,2958,2911,5274,3543,4642,8185
125028,2,999,2,1227,1684,2316,2958,2911,5274,3543,4642,8185
125028,3,1,1,46,90,285,460,136,745,331,550,881
125028,3,1,2,46,90,285,460,136,745,331,550,881
125028,4,2,1,788,1113,718,762,1901,1480,1506,1875,3381
125028,4,2,2,788,1113,718,762,1901,1480,1506,1875,3381
125028,5,3,1,267,321,767,873,588,1640,1034,1194,2228
125028,5,3,2,267,321,767,873,588,1640,1034,1194,2228
125028,6,4,1,126,160,546,863,286,1409,672,1023,1695
125028,6,4,2,126,160,546,863,286,1409,672,1023,1695
125028,7,999,1,193,279,1008,2124,472,3132,1201,2403,3604
125028,7,999,2,193,279,1008,2124,472,3132,1201,2403,3604
125028,8,5,1,98,143,466,860,241,1326,564,1003,1567
125028,8,5,2,98,143,466,860,241,1326,564,1003,1567
125028,9,6,1,49,54,219,460,103,679,268,514,782
125028,9,6,2,49,54,219,460,103,679,268,514,782
125028,10,7,1,19,37,124,297,56,421,143,334,477
125028,10,7,2,19,37,124,297,56,421,143,334,477
125028,11,8,1,16,29,107,296,45,403,123,325,448
125028,11,8,2,16,29,107,296,45,403,123,325,448
125028,12,9,1,9,15,71,186,24,257,80,201,281
125028,12,9,2,9,15,71,186,24,257,80,201,281
125028,13,10,1,2,1,21,25,3,46,23,26,49
125028,13,10,2,2,1,21,25,3,46,23,26,49
125170,1,412,1,505,607,2046,2939,1112,4985,2551,3546,6097
125170,1,112,2,505,607,2046,2939,1112,4985,2551,3546,6097
125170,2,999,1,392,445,1397,1647,837,3044,1789,2092,3881
125170,2,999,2,392,445,1397,1647,837,3044,1789,2092,3881
125170,3,1,1,16,39,282,368,55,650,298,407,705
125170,3,1,2,16,39,282,368,55,650,298,407,705
125170,4,2,1,188,207,415,436,395,851,603,643,1246
125170,4,2,2,188,207,415,436,395,851,603,643,1246
125170,5,3,1,113,126,385,424,239,809,498,550,1048
125170,5,3,2,113,126,385,424,239,809,498,550,1048
125170,6,4,1,75,73,315,419,148,734,390,492,882
125170,6,4,2,75,73,315,419,148,734,390,492,882
125170,7,999,1,113,162,649,1292,275,1941,762,1454,2216
125170,7,999,2,113,162,649,1292,275,1941,762,1454,2216
125170,8,5,1,61,67,283,484,128,767,344,551,895
125170,8,5,2,61,67,283,484,128,767,344,551,895
125170,9,6,1,23,34,145,299,57,444,168,333,501
125170,9,6,2,23,34,145,299,57,444,168,333,501
125170,10,7,1,11,29,85,179,40,264,96,208,304
125170,10,7,2,11,29,85,179,40,264,96,208,304
125170,11,8,1,10,20,64,166,30,230,74,186,260
125170,11,8,2,10,20,64,166,30,230,74,186,260
125170,12,9,1,8,11,54,129,19,183,62,140,202
125170,12,9,2,8,11,54,129,19,183,62,140,202
125170,13,10,1,0,1,18,35,1,53,18,36,54
125170,13,10,2,0,1,18,35,1,53,18,36,54
125462,1,412,1,199,274,1703,2053,473,3756,1902,2327,4229
125462,1,112,2,199,274,1703,2053,473,3756,1902,2327,4229
125462,2,999,1,184,220,1105,1509,404,2614,1289,1729,3018
125462,2,999,2,184,220,1105,1509,404,2614,1289,1729,3018
125462,3,1,1,11,25,715,915,36,1630,726,940,1666
125462,3,1,2,11,25,715,915,36,1630,726,940,1666
125462,4,2,1,107,132,151,218,239,369,258,350,608
125462,4,2,2,107,132,151,218,239,369,258,350,608
125462,5,3,1,50,39,133,201,89,334,183,240,423
125462,5,3,2,50,39,133,201,89,334,183,240,423
125462,6,4,1,16,24,106,175,40,281,122,199,321
125462,6,4,2,16,24,106,175,40,281,122,199,321
125462,7,999,1,15,54,598,544,69,1142,613,598,1211
125462,7,999,2,15,54,598,544,69,1142,613,598,1211
125462,8,5,1,8,28,146,221,36,367,154,249,403
125462,8,5,2,8,28,146,221,36,367,154,249,403
125462,9,6,1,3,9,142,125,12,267,145,134,279
125462,9,6,2,3,9,142,125,12,267,145,134,279
125462,10,7,1,2,9,111,95,11,206,113,104,217
125462,10,7,2,2,9,111,95,11,206,113,104,217
125462,11,8,1,2,6,136,76,8,212,138,82,220
125462,11,8,2,2,6,136,76,8,212,138,82,220
125462,12,9,1,0,2,59,27,2,86,59,29,88
125462,12,9,2,0,2,59,27,2,86,59,29,88
125462,13,10,1,0,0,4,0,0,4,4,0,4
125462,13,10,2,0,0,4,0,0,4,4,0,4
125471,1,412,1,789,1155,3565,5908,1944,9473,4354,7063,11417
125471,1,112,2,789,1155,3565,5908,1944,9473,4354,7063,11417
125471,2,999,1,526,700,1921,2777,1226,4698,2447,3477,5924
125471,2,999,2,526,700,1921,2777,1226,4698,2447,3477,5924
125471,3,1,1,29,50,392,646,79,1038,421,696,1117
125471,3,1,2,29,50,392,646,79,1038,421,696,1117
125471,4,2,1,262,317,467,516,579,983,729,833,1562
125471,4,2,2,262,317,467,516,579,983,729,833,1562
125471,5,3,1,134,158,549,710,292,1259,683,868,1551
125471,5,3,2,134,158,549,710,292,1259,683,868,1551
125471,6,4,1,101,175,513,905,276,1418,614,1080,1694
125471,6,4,2,101,175,513,905,276,1418,614,1080,1694
125471,7,999,1,263,455,1644,3131,718,4775,1907,3586,5493
125471,7,999,2,263,455,1644,3131,718,4775,1907,3586,5493
125471,8,5,1,130,186,626,1176,316,1802,756,1362,2118
125471,8,5,2,130,186,626,1176,316,1802,756,1362,2118
125471,9,6,1,55,115,342,741,170,1083,397,856,1253
125471,9,6,2,55,115,342,741,170,1083,397,856,1253
125471,10,7,1,37,56,222,421,93,643,259,477,736
125471,10,7,2,37,56,222,421,93,643,259,477,736
125471,11,8,1,27,65,254,480,92,734,281,545,826
125471,11,8,2,27,65,254,480,92,734,281,545,826
125471,12,9,1,13,30,162,275,43,437,175,305,480
125471,12,9,2,13,30,162,275,43,437,175,305,480
125471,13,10,1,1,3,38,38,4,76,39,41,80
125471,13,10,2,1,3,38,38,4,76,39,41,80
125499,1,412,1,1159,1221,2129,3004,2380,5133,3288,4225,7513
125499,1,112,2,1159,1221,2129,3004,2380,5133,3288,4225,7513
125499,2,999,1,1071,1033,1588,1716,2104,3304,2659,2749,5408
125499,2,999,2,1071,1033,1588,1716,2104,3304,2659,2749,5408
125499,3,1,1,27,50,363,416,77,779,390,466,856
125499,3,1,2,27,50,363,416,77,779,390,466,856
125499,4,2,1,638,647,434,399,1285,833,1072,1046,2118
125499,4,2,2,638,647,434,399,1285,833,1072,1046,2118
125499,5,3,1,288,227,453,448,515,901,741,675,1416
125499,5,3,2,288,227,453,448,515,901,741,675,1416
125499,6,4,1,118,109,338,453,227,791,456,562,1018
125499,6,4,2,118,109,338,453,227,791,456,562,1018
125499,7,999,1,88,188,541,1288,276,1829,629,1476,2105
125499,7,999,2,88,188,541,1288,276,1829,629,1476,2105
125499,8,5,1,43,72,222,353,115,575,265,425,690
125499,8,5,2,43,72,222,353,115,575,265,425,690
125499,9,6,1,19,36,97,206,55,303,116,242,358
125499,9,6,2,19,36,97,206,55,303,116,242,358
125499,10,7,1,8,21,49,177,29,226,57,198,255
125499,10,7,2,8,21,49,177,29,226,57,198,255
125499,11,8,1,8,43,71,280,51,351,79,323,402
125499,11,8,2,8,43,71,280,51,351,79,323,402
125499,12,9,1,7,14,76,244,21,320,83,258,341
125499,12,9,2,7,14,76,244,21,320,83,258,341
125499,13,10,1,3,2,26,28,5,54,29,30,59
125499,13,10,2,3,2,26,28,5,54,29,30,59
125727,1,412,1,486,738,1,1,1224,2,487,739,1226
125727,1,112,2,486,738,1,1,1224,2,487,739,1226
125727,2,999,1,476,731,1,1,1207,2,477,732,1209
125727,2,999,2,476,731,1,1,1207,2,477,732,1209
125727,3,1,1,4,20,0,0,24,0,4,20,24
125727,3,1,2,4,20,0,0,24,0,4,20,24
125727,4,2,1,206,361,0,0,567,0,206,361,567
125727,4,2,2,206,361,0,0,567,0,206,361,567
125727,5,3,1,231,319,0,0,550,0,231,319,550
125727,5,3,2,231,319,0,0,550,0,231,319,550
125727,6,4,1,35,31,1,1,66,2,36,32,68
125727,6,4,2,35,31,1,1,66,2,36,32,68
125727,7,999,1,10,7,0,0,17,0,10,7,17
125727,7,999,2,10,7,0,0,17,0,10,7,17
125727,8,5,1,8,4,0,0,12,0,8,4,12
125727,8,5,2,8,4,0,0,12,0,8,4,12
125727,9,6,1,2,0,0,0,2,0,2,0,2
125727,9,6,2,2,0,0,0,2,0,2,0,2
125727,10,7,1,0,1,0,0,1,0,0,1,1
125727,10,7,2,0,1,0,0,1,0,0,1,1
125727,11,8,1,0,1,0,0,1,0,0,1,1
125727,11,8,2,0,1,0,0,1,0,0,1,1
125727,12,9,1,0,1,0,0,1,0,0,1,1
125727,12,9,2,0,1,0,0,1,0,0,1,1
125763,1,412,1,634,861,32,37,1495,69,666,898,1564
125763,1,112,2,620,835,20,15,1455,35,640,850,1490
125763,1,312,5,14,26,12,22,40,34,26,48,74
125763,2,999,1,594,831,22,19,1425,41,616,850,1466
125763,2,999,2,590,815,16,8,1405,24,606,823,1429
125763,2,999,5,4,16,6,11,20,17,10,27,37
125763,3,1,1,9,23,1,0,32,1,10,23,33
125763,3,1,2,9,23,1,0,32,1,10,23,33
125763,4,2,1,229,363,4,3,592,7,233,366,599
125763,4,2,2,229,363,4,3,592,7,233,366,599
125763,5,3,1,289,403,2,6,692,8,291,409,700
125763,5,3,2,289,401,2,5,690,7,291,406,697
125763,5,3,5,0,2,0,1,2,1,0,3,3
125763,6,4,1,67,42,15,10,109,25,82,52,134
125763,6,4,2,63,28,9,0,91,9,72,28,100
125763,6,4,5,4,14,6,10,18,16,10,24,34
125763,7,999,1,40,29,10,18,69,28,50,47,97
125763,7,999,2,30,19,4,7,49,11,34,26,60
125763,7,999,5,10,10,6,11,20,17,16,21,37
125763,8,5,1,29,20,4,12,49,16,33,32,65
125763,8,5,2,21,13,1,4,34,5,22,17,39
125763,8,5,5,8,7,3,8,15,11,11,15,26
125763,9,6,1,8,4,4,1,12,5,12,5,17
125763,9,6,2,6,2,1,0,8,1,7,2,9
125763,9,6,5,2,2,3,1,4,4,5,3,8
125763,10,7,1,0,2,1,1,2,2,1,3,4
125763,10,7,2,0,1,1,0,1,1,1,1,2
125763,10,7,5,0,1,0,1,1,1,0,2,2
125763,11,8,1,3,1,1,4,4,5,4,5,9
125763,11,8,2,3,1,1,3,4,4,4,4,8
125763,11,8,5,0,0,0,1,0,1,0,1,1
125763,12,9,1,0,2,0,0,2,0,0,2,2
125763,12,9,2,0,2,0,0,2,0,0,2,2
125763,14,11,1,0,1,0,0,1,0,0,1,1
125763,14,11,2,0,1,0,0,1,0,0,1,1
125897,1,412,1,492,580,35,25,1072,60,527,605,1132
125897,1,112,2,450,516,30,24,966,54,480,540,1020
125897,1,312,5,42,64,5,1,106,6,47,65,112
125897,2,999,1,346,445,14,12,791,26,360,457,817
125897,2,999,2,339,432,14,11,771,25,353,443,796
125897,2,999,5,7,13,0,1,20,1,7,14,21
125897,3,1,1,0,2,0,0,2,0,0,2,2
125897,3,1,2,0,2,0,0,2,0,0,2,2
125897,4,2,1,106,141,4,1,247,5,110,142,252
125897,4,2,2,106,141,4,1,247,5,110,142,252
125897,5,3,1,124,170,1,5,294,6,125,175,300
125897,5,3,2,123,169,1,5,292,6,124,174,298
125897,5,3,5,1,1,0,0,2,0,1,1,2
125897,6,4,1,116,132,9,6,248,15,125,138,263
125897,6,4,2,110,120,9,5,230,14,119,125,244
125897,6,4,5,6,12,0,1,18,1,6,13,19
125897,7,999,1,146,135,19,13,281,32,165,148,313
125897,7,999,2,111,84,15,13,195,28,126,97,223
125897,7,999,5,35,51,4,0,86,4,39,51,90
125897,8,5,1,94,84,11,8,178,19,105,92,197
125897,8,5,2,78,56,9,8,134,17,87,64,151
125897,8,5,5,16,28,2,0,44,2,18,28,46
125897,9,6,1,32,27,3,1,59,4,35,28,63
125897,9,6,2,25,17,2,1,42,3,27,18,45
125897,9,6,5,7,10,1,0,17,1,8,10,18
125897,10,7,1,13,11,2,3,24,5,15,14,29
125897,10,7,2,6,1,2,3,7,5,8,4,12
125897,10,7,5,7,10,0,0,17,0,7,10,17
125897,11,8,1,5,9,2,1,14,3,7,10,17
125897,11,8,2,2,6,1,1,8,2,3,7,10
125897,11,8,5,3,3,1,0,6,1,4,3,7
125897,12,9,1,1,4,1,0,5,1,2,4,6
125897,12,9,2,0,4,1,0,4,1,1,4,5
125897,12,9,5,1,0,0,0,1,0,1,0,1
125897,13,10,1,1,0,0,0,1,0,1,0,1
125897,13,10,5,1,0,0,0,1,0,1,0,1
125897,14,11,1,0,0,2,0,0,2,2,0,2
125897,14,11,2,0,0,1,0,0,1,1,0,1
125897,14,11,5,0,0,1,0,0,1,1,0,1
126119,1,412,1,721,1118,1184,2152,1839,3336,1905,3270,5175
126119,1,112,2,721,1118,1184,2152,1839,3336,1905,3270,5175
126119,2,999,1,602,840,843,1259,1442,2102,1445,2099,3544
126119,2,999,2,602,840,843,1259,1442,2102,1445,2099,3544
126119,3,1,1,54,105,296,494,159,790,350,599,949
126119,3,1,2,54,105,296,494,159,790,350,599,949
126119,4,2,1,362,470,200,235,832,435,562,705,1267
126119,4,2,2,362,470,200,235,832,435,562,705,1267
126119,5,3,1,117,154,224,270,271,494,341,424,765
126119,5,3,2,117,154,224,270,271,494,341,424,765
126119,6,4,1,69,111,123,260,180,383,192,371,563
126119,6,4,2,69,111,123,260,180,383,192,371,563
126119,7,999,1,119,278,341,893,397,1234,460,1171,1631
126119,7,999,2,119,278,341,893,397,1234,460,1171,1631
126119,8,5,1,48,104,133,332,152,465,181,436,617
126119,8,5,2,48,104,133,332,152,465,181,436,617
126119,9,6,1,37,71,81,211,108,292,118,282,400
126119,9,6,2,37,71,81,211,108,292,118,282,400
126119,10,7,1,18,49,46,133,67,179,64,182,246
126119,10,7,2,18,49,46,133,67,179,64,182,246
126119,11,8,1,14,40,48,160,54,208,62,200,262
126119,11,8,2,14,40,48,160,54,208,62,200,262
126119,12,9,1,1,13,27,52,14,79,28,65,93
126119,12,9,2,1,13,27,52,14,79,28,65,93
126119,13,10,1,1,1,6,5,2,11,7,6,13
126119,13,10,2,1,1,6,5,2,11,7,6,13
126182,1,412,1,768,1108,611,677,1876,1288,1379,1785,3164
126182,1,112,2,636,628,368,270,1264,638,1004,898,1902
126182,1,312,5,132,480,243,407,612,650,375,887,1262
126182,2,999,1,557,624,172,230,1181,402,729,854,1583
126182,2,999,2,549,574,149,196,1123,345,698,770,1468
126182,2,999,5,8,50,23,34,58,57,31,84,115
126182,3,1,1,1,2,71,110,3,181,72,112,184
126182,3,1,2,1,2,71,110,3,181,72,112,184
126182,4,2,1,170,216,43,57,386,100,213,273,486
126182,4,2,2,170,216,43,57,386,100,213,273,486
126182,5,3,1,205,246,8,17,451,25,213,263,476
126182,5,3,2,205,244,7,15,449,22,212,259,471
126182,5,3,5,0,2,1,2,2,3,1,4,5
126182,6,4,1,181,160,50,46,341,96,231,206,437
126182,6,4,2,173,112,28,14,285,42,201,126,327
126182,6,4,5,8,48,22,32,56,54,30,80,110
126182,7,999,1,211,484,439,446,695,885,650,930,1580
126182,7,999,2,87,54,219,73,141,292,306,127,433
126182,7,999,5,124,430,220,373,554,593,344,803,1147
126182,8,5,1,65,140,87,127,205,214,152,267,419
126182,8,5,2,43,20,31,19,63,50,74,39,113
126182,8,5,5,22,120,56,108,142,164,78,228,306
126182,9,6,1,47,105,86,88,152,174,133,193,326
126182,9,6,2,19,14,47,12,33,59,66,26,92
126182,9,6,5,28,91,39,76,119,115,67,167,234
126182,10,7,1,35,69,97,74,104,171,132,143,275
126182,10,7,2,10,5,54,13,15,67,64,18,82
126182,10,7,5,25,64,43,61,89,104,68,125,193
126182,11,8,1,43,118,126,102,161,228,169,220,389
126182,11,8,2,6,13,62,21,19,83,68,34,102
126182,11,8,5,37,105,64,81,142,145,101,186,287
126182,12,9,1,21,52,39,54,73,93,60,106,166
126182,12,9,2,9,2,25,8,11,33,34,10,44
126182,12,9,5,12,50,14,46,62,60,26,96,122
126182,13,10,1,0,0,4,1,0,5,4,1,5
126182,13,10,5,0,0,4,1,0,5,4,1,5
126182,14,11,1,0,0,0,1,0,1,0,1,1
126182,14,11,2,0,0,0,1,0,1,0,1,1
126207,1,412,1,777,930,1838,2436,1707,4274,2615,3366,5981
126207,1,112,2,777,930,1838,2436,1707,4274,2615,3366,5981
126207,2,999,1,578,695,1551,1799,1273,3350,2129,2494,4623
126207,2,999,2,578,695,1551,1799,1273,3350,2129,2494,4623
126207,3,1,1,66,88,823,896,154,1719,889,984,1873
126207,3,1,2,66,88,823,896,154,1719,889,984,1873
126207,4,2,1,253,330,349,392,583,741,602,722,1324
126207,4,2,2,253,330,349,392,583,741,602,722,1324
126207,5,3,1,159,181,221,296,340,517,380,477,857
126207,5,3,2,159,181,221,296,340,517,380,477,857
126207,6,4,1,100,96,158,215,196,373,258,311,569
126207,6,4,2,100,96,158,215,196,373,258,311,569
126207,7,999,1,199,235,287,637,434,924,486,872,1358
126207,7,999,2,199,235,287,637,434,924,486,872,1358
126207,8,5,1,100,87,109,222,187,331,209,309,518
126207,8,5,2,100,87,109,222,187,331,209,309,518
126207,9,6,1,53,56,53,128,109,181,106,184,290
126207,9,6,2,53,56,53,128,109,181,106,184,290
126207,10,7,1,24,34,34,97,58,131,58,131,189
126207,10,7,2,24,34,34,97,58,131,58,131,189
126207,11,8,1,16,44,50,118,60,168,66,162,228
126207,11,8,2,16,44,50,118,60,168,66,162,228
126207,12,9,1,5,14,29,57,19,86,34,71,105
126207,12,9,2,5,14,29,57,19,86,34,71,105
126207,13,10,1,1,0,12,15,1,27,13,15,28
126207,13,10,2,1,0,12,15,1,27,13,15,28
126289,1,412,1,902,1163,4389,5547,2065,9936,5291,6710,12001
126289,1,112,2,902,1163,4389,5547,2065,9936,5291,6710,12001
126289,2,999,1,670,836,3306,3797,1506,7103,3976,4633,8609
126289,2,999,2,670,836,3306,3797,1506,7103,3976,4633,8609
126289,3,1,1,87,179,2313,2583,266,4896,2400,2762,5162
126289,3,1,2,87,179,2313,2583,266,4896,2400,2762,5162
126289,4,2,1,352,389,477,494,741,971,829,883,1712
126289,4,2,2,352,389,477,494,741,971,829,883,1712
126289,5,3,1,139,150,280,341,289,621,419,491,910
126289,5,3,2,139,150,280,341,289,621,419,491,910
126289,6,4,1,92,118,236,379,210,615,328,497,825
126289,6,4,2,92,118,236,379,210,615,328,497,825
126289,7,999,1,232,327,1083,1750,559,2833,1315,2077,3392
126289,7,999,2,232,327,1083,1750,559,2833,1315,2077,3392
126289,8,5,1,111,155,325,540,266,865,436,695,1131
126289,8,5,2,111,155,325,540,266,865,436,695,1131
126289,9,6,1,58,68,226,402,126,628,284,470,754
126289,9,6,2,58,68,226,402,126,628,284,470,754
126289,10,7,1,30,37,207,239,67,446,237,276,513
126289,10,7,2,30,37,207,239,67,446,237,276,513
126289,11,8,1,25,56,223,347,81,570,248,403,651
126289,11,8,2,25,56,223,347,81,570,248,403,651
126289,12,9,1,8,11,91,199,19,290,99,210,309
126289,12,9,2,8,11,91,199,19,290,99,210,309
126289,13,10,1,0,0,11,23,0,34,11,23,34
126289,13,10,2,0,0,11,23,0,34,11,23,34
126562,1,412,1,5407,7423,4477,7416,12830,11893,9884,14839,24723
126562,1,112,2,3768,4854,2592,3780,8622,6372,6360,8634,14994
126562,1,312,5,1639,2569,1885,3636,4208,5521,3524,6205,9729
126562,2,999,1,3295,4984,2141,3294,8279,5435,5436,8278,13714
126562,2,999,2,2880,4085,1972,2966,6965,4938,4852,7051,11903
126562,2,999,5,415,899,169,328,1314,497,584,1227,1811
126562,3,1,1,33,59,1197,2024,92,3221,1230,2083,3313
126562,3,1,2,33,59,1197,2024,92,3221,1230,2083,3313
126562,4,2,1,949,1496,232,239,2445,471,1181,1735,2916
126562,4,2,2,949,1490,228,231,2439,459,1177,1721,2898
126562,4,2,5,0,6,4,8,6,12,4,14,18
126562,5,3,1,1098,1720,212,273,2818,485,1310,1993,3303
126562,5,3,2,1087,1688,208,269,2775,477,1295,1957,3252
126562,5,3,5,11,32,4,4,43,8,15,36,51
126562,6,4,1,1215,1709,500,758,2924,1258,1715,2467,4182
126562,6,4,2,811,848,339,442,1659,781,1150,1290,2440
126562,6,4,5,404,861,161,316,1265,477,565,1177,1742
126562,7,999,1,2112,2439,2336,4122,4551,6458,4448,6561,11009
126562,7,999,2,888,769,620,814,1657,1434,1508,1583,3091
126562,7,999,5,1224,1670,1716,3308,2894,5024,2940,4978,7918
126562,8,5,1,1250,1544,856,1455,2794,2311,2106,2999,5105
126562,8,5,2,533,456,294,338,989,632,827,794,1621
126562,8,5,5,717,1088,562,1117,1805,1679,1279,2205,3484
126562,9,6,1,524,488,616,999,1012,1615,1140,1487,2627
126562,9,6,2,235,178,164,205,413,369,399,383,782
126562,9,6,5,289,310,452,794,599,1246,741,1104,1845
126562,10,7,1,177,212,381,625,389,1006,558,837,1395
126562,10,7,2,67,73,82,105,140,187,149,178,327
126562,10,7,5,110,139,299,520,249,819,409,659,1068
126562,11,8,1,131,151,348,734,282,1082,479,885,1364
126562,11,8,2,48,50,60,124,98,184,108,174,282
126562,11,8,5,83,101,288,610,184,898,371,711,1082
126562,12,9,1,30,42,116,285,72,401,146,327,473
126562,12,9,2,5,11,14,37,16,51,19,48,67
126562,12,9,5,25,31,102,248,56,350,127,279,406
126562,13,10,1,0,2,19,24,2,43,19,26,45
126562,13,10,2,0,1,6,5,1,11,6,6,12
126562,13,10,5,0,1,13,19,1,32,13,20,33
126580,1,412,1,3790,4452,1825,2313,8242,4138,5615,6765,12380
126580,1,112,2,3631,4151,1123,1383,7782,2506,4754,5534,10288
126580,1,312,5,159,301,702,930,460,1632,861,1231,2092
126580,2,999,1,2921,3600,763,894,6521,1657,3684,4494,8178
126580,2,999,2,2891,3525,704,818,6416,1522,3595,4343,7938
126580,2,999,5,30,75,59,76,105,135,89,151,240
126580,3,1,1,6,10,141,192,16,333,147,202,349
126580,3,1,2,6,10,141,192,16,333,147,202,349
126580,4,2,1,942,1241,99,117,2183,216,1041,1358,2399
126580,4,2,2,942,1241,99,117,2183,216,1041,1358,2399
126580,5,3,1,1168,1462,196,217,2630,413,1364,1679,3043
126580,5,3,2,1168,1458,193,213,2626,406,1361,1671,3032
126580,5,3,5,0,4,3,4,4,7,3,8,11
126580,6,4,1,805,887,327,368,1692,695,1132,1255,2387
126580,6,4,2,775,816,271,296,1591,567,1046,1112,2158
126580,6,4,5,30,71,56,72,101,128,86,143,229
126580,7,999,1,869,852,1062,1419,1721,2481,1931,2271,4202
126580,7,999,2,740,626,419,565,1366,984,1159,1191,2350
126580,7,999,5,129,226,643,854,355,1497,772,1080,1852
126580,8,5,1,431,430,394,469,861,863,825,899,1724
126580,8,5,2,397,327,210,234,724,444,607,561,1168
126580,8,5,5,34,103,184,235,137,419,218,338,556
126580,9,6,1,204,202,266,345,406,611,470,547,1017
126580,9,6,2,170,166,108,138,336,246,278,304,582
126580,9,6,5,34,36,158,207,70,365,192,243,435
126580,10,7,1,124,106,164,210,230,374,288,316,604
126580,10,7,2,94,68,50,74,162,124,144,142,286
126580,10,7,5,30,38,114,136,68,250,144,174,318
126580,11,8,1,80,79,149,273,159,422,229,352,581
126580,11,8,2,59,49,34,82,108,116,93,131,224
126580,11,8,5,21,30,115,191,51,306,136,221,357
126580,12,9,1,28,35,83,118,63,201,111,153,264
126580,12,9,2,18,16,15,34,34,49,33,50,83
126580,12,9,5,10,19,68,84,29,152,78,103,181
126580,13,10,1,2,0,6,4,2,10,8,4,12
126580,13,10,2,2,0,2,3,2,5,4,3,7
126580,13,10,5,0,0,4,1,0,5,4,1,5
126614,1,412,1,16346,14173,4123,2795,30519,6918,20469,16968,37437
126614,1,112,2,14838,12865,1569,1035,27703,2604,16407,13900,30307
126614,1,312,5,1508,1308,2554,1760,2816,4314,4062,3068,7130
126614,2,999,1,14680,13182,1674,1053,27862,2727,16354,14235,30589
126614,2,999,2,14014,12591,1107,693,26605,1800,15121,13284,28405
126614,2,999,5,666,591,567,360,1257,927,1233,951,2184
126614,3,1,1,122,155,38,24,277,62,160,179,339
126614,3,1,2,122,155,37,24,277,61,159,179,338
126614,3,1,5,0,0,1,0,0,1,1,0,1
126614,4,2,1,5888,5965,198,122,11853,320,6086,6087,12173
126614,4,2,2,5888,5965,197,122,11853,319,6085,6087,12172
126614,4,2,5,0,0,1,0,0,1,1,0,1
126614,5,3,1,5932,5472,419,271,11404,690,6351,5743,12094
126614,5,3,2,5910,5452,407,258,11362,665,6317,5710,12027
126614,5,3,5,22,20,12,13,42,25,34,33,67
126614,6,4,1,2738,1590,1019,636,4328,1655,3757,2226,5983
126614,6,4,2,2094,1019,466,289,3113,755,2560,1308,3868
126614,6,4,5,644,571,553,347,1215,900,1197,918,2115
126614,7,999,1,1666,991,2449,1742,2657,4191,4115,2733,6848
126614,7,999,2,824,274,462,342,1098,804,1286,616,1902
126614,7,999,5,842,717,1987,1400,1559,3387,2829,2117,4946
126614,8,5,1,1135,672,1333,875,1807,2208,2468,1547,4015
126614,8,5,2,581,175,247,175,756,422,828,350,1178
126614,8,5,5,554,497,1086,700,1051,1786,1640,1197,2837
126614,9,6,1,381,208,539,385,589,924,920,593,1513
126614,9,6,2,187,58,102,66,245,168,289,124,413
126614,9,6,5,194,150,437,319,344,756,631,469,1100
126614,10,7,1,100,67,271,200,167,471,371,267,638
126614,10,7,2,39,21,53,39,60,92,92,60,152
126614,10,7,5,61,46,218,161,107,379,279,207,486
126614,11,8,1,40,33,200,196,73,396,240,229,469
126614,11,8,2,14,15,32,38,29,70,46,53,99
126614,11,8,5,26,18,168,158,44,326,194,176,370
126614,12,9,1,8,10,94,81,18,175,102,91,193
126614,12,9,2,2,4,22,22,6,44,24,26,50
126614,12,9,5,6,6,72,59,12,131,78,65,143
126614,13,10,1,2,1,12,5,3,17,14,6,20
126614,13,10,2,1,1,6,2,2,8,7,3,10
126614,13,10,5,1,0,6,3,1,9,7,3,10
126711,1,412,1,663,759,1546,2347,1422,3893,2209,3106,5315
126711,1,112,2,663,759,1546,2347,1422,3893,2209,3106,5315
126711,2,999,1,507,598,1069,1341,1105,2410,1576,1939,3515
126711,2,999,2,507,598,1069,1341,1105,2410,1576,1939,3515
126711,3,1,1,68,106,690,835,174,1525,758,941,1699
126711,3,1,2,68,106,690,835,174,1525,758,941,1699
126711,4,2,1,242,287,161,181,529,342,403,468,871
126711,4,2,2,242,287,161,181,529,342,403,468,871
126711,5,3,1,114,125,107,150,239,257,221,275,496
126711,5,3,2,114,125,107,150,239,257,221,275,496
126711,6,4,1,83,80,111,175,163,286,194,255,449
126711,6,4,2,83,80,111,175,163,286,194,255,449
126711,7,999,1,156,161,477,1006,317,1483,633,1167,1800
126711,7,999,2,156,161,477,1006,317,1483,633,1167,1800
126711,8,5,1,76,75,181,315,151,496,257,390,647
126711,8,5,2,76,75,181,315,151,496,257,390,647
126711,9,6,1,38,48,105,237,86,342,143,285,428
126711,9,6,2,38,48,105,237,86,342,143,285,428
126711,10,7,1,24,13,64,143,37,207,88,156,244
126711,10,7,2,24,13,64,143,37,207,88,156,244
126711,11,8,1,14,18,69,175,32,244,83,193,276
126711,11,8,2,14,18,69,175,32,244,83,193,276
126711,12,9,1,3,7,42,115,10,157,45,122,167
126711,12,9,2,3,7,42,115,10,157,45,122,167
126711,13,10,1,1,0,16,21,1,37,17,21,38
126711,13,10,2,1,0,16,21,1,37,17,21,38
126748,1,412,1,167,264,220,342,431,562,387,606,993
126748,1,112,2,167,264,220,342,431,562,387,606,993
126748,2,999,1,144,192,170,243,336,413,314,435,749
126748,2,999,2,144,192,170,243,336,413,314,435,749
126748,3,1,1,10,19,138,170,29,308,148,189,337
126748,3,1,2,10,19,138,170,29,308,148,189,337
126748,4,2,1,88,91,14,32,179,46,102,123,225
126748,4,2,2,88,91,14,32,179,46,102,123,225
126748,5,3,1,31,40,12,24,71,36,43,64,107
126748,5,3,2,31,40,12,24,71,36,43,64,107
126748,6,4,1,15,42,6,17,57,23,21,59,80
126748,6,4,2,15,42,6,17,57,23,21,59,80
126748,7,999,1,23,72,50,99,95,149,73,171,244
126748,7,999,2,23,72,50,99,95,149,73,171,244
126748,8,5,1,7,29,13,27,36,40,20,56,76
126748,8,5,2,7,29,13,27,36,40,20,56,76
126748,9,6,1,9,18,12,23,27,35,21,41,62
126748,9,6,2,9,18,12,23,27,35,21,41,62
126748,10,7,1,4,13,4,23,17,27,8,36,44
126748,10,7,2,4,13,4,23,17,27,8,36,44
126748,11,8,1,3,9,11,19,12,30,14,28,42
126748,11,8,2,3,9,11,19,12,30,14,28,42
126748,12,9,1,0,3,9,6,3,15,9,9,18
126748,12,9,2,0,3,9,6,3,15,9,9,18
126748,13,10,1,0,0,1,1,0,2,1,1,2
126748,13,10,2,0,0,1,1,0,2,1,1,2
126775,1,412,1,4217,1927,447,153,6144,600,4664,2080,6744
126775,1,112,2,3381,1537,199,83,4918,282,3580,1620,5200
126775,1,312,5,836,390,248,70,1226,318,1084,460,1544
126775,2,999,1,3521,1649,193,65,5170,258,3714,1714,5428
126775,2,999,2,3209,1489,146,53,4698,199,3355,1542,4897
126775,2,999,5,312,160,47,12,472,59,359,172,531
126775,3,1,1,30,21,7,6,51,13,37,27,64
126775,3,1,2,30,21,7,6,51,13,37,27,64
126775,4,2,1,1468,712,9,4,2180,13,1477,716,2193
126775,4,2,2,1467,711,9,4,2178,13,1476,715,2191
126775,4,2,5,1,1,0,0,2,0,1,1,2
126775,5,3,1,1435,670,52,30,2105,82,1487,700,2187
126775,5,3,2,1411,658,48,30,2069,78,1459,688,2147
126775,5,3,5,24,12,4,0,36,4,28,12,40
126775,6,4,1,588,246,125,25,834,150,713,271,984
126775,6,4,2,301,99,82,13,400,95,383,112,495
126775,6,4,5,287,147,43,12,434,55,330,159,489
126775,7,999,1,696,278,254,88,974,342,950,366,1316
126775,7,999,2,172,48,53,30,220,83,225,78,303
126775,7,999,5,524,230,201,58,754,259,725,288,1013
126775,8,5,1,418,181,111,42,599,153,529,223,752
126775,8,5,2,102,30,33,19,132,52,135,49,184
126775,8,5,5,316,151,78,23,467,101,394,174,568
126775,9,6,1,198,68,53,23,266,76,251,91,342
126775,9,6,2,50,12,10,5,62,15,60,17,77
126775,9,6,5,148,56,43,18,204,61,191,74,265
126775,10,7,1,49,15,46,11,64,57,95,26,121
126775,10,7,2,16,3,8,2,19,10,24,5,29
126775,10,7,5,33,12,38,9,45,47,71,21,92
126775,11,8,1,28,10,27,9,38,36,55,19,74
126775,11,8,2,4,2,2,3,6,5,6,5,11
126775,11,8,5,24,8,25,6,32,31,49,14,63
126775,12,9,1,3,4,15,2,7,17,18,6,24
126775,12,9,2,0,1,0,1,1,1,0,2,2
126775,12,9,5,3,3,15,1,6,16,18,4,22
126775,13,10,1,0,0,2,1,0,3,2,1,3
126775,13,10,5,0,0,2,1,0,3,2,1,3
126818,1,412,1,10186,12686,4659,4897,22872,9556,14845,17583,32428
126818,1,112,2,9055,10889,2363,2485,19944,4848,11418,13374,24792
126818,1,312,5,1131,1797,2296,2412,2928,4708,3427,4209,7636
126818,2,999,1,8630,11196,1881,1970,19826,3851,10511,13166,23677
126818,2,999,2,8231,10416,1679,1714,18647,3393,9910,12130,22040
126818,2,999,5,399,780,202,256,1179,458,601,1036,1637
126818,3,1,1,41,114,18,55,155,73,59,169,228
126818,3,1,2,41,114,18,55,155,73,59,169,228
126818,4,2,1,3163,4699,424,437,7862,861,3587,5136,8723
126818,4,2,2,3163,4699,424,437,7862,861,3587,5136,8723
126818,5,3,1,3533,4516,684,647,8049,1331,4217,5163,9380
126818,5,3,2,3519,4478,677,642,7997,1319,4196,5120,9316
126818,5,3,5,14,38,7,5,52,12,21,43,64
126818,6,4,1,1893,1867,755,831,3760,1586,2648,2698,5346
126818,6,4,2,1508,1125,560,580,2633,1140,2068,1705,3773
126818,6,4,5,385,742,195,251,1127,446,580,993,1573
126818,7,999,1,1556,1490,2778,2927,3046,5705,4334,4417,8751
126818,7,999,2,824,473,684,771,1297,1455,1508,1244,2752
126818,7,999,5,732,1017,2094,2156,1749,4250,2826,3173,5999
126818,8,5,1,989,981,992,1093,1970,2085,1981,2074,4055
126818,8,5,2,568,306,355,332,874,687,923,638,1561
126818,8,5,5,421,675,637,761,1096,1398,1058,1436,2494
126818,9,6,1,357,327,735,685,684,1420,1092,1012,2104
126818,9,6,2,169,104,166,167,273,333,335,271,606
126818,9,6,5,188,223,569,518,411,1087,757,741,1498
126818,10,7,1,114,100,435,405,214,840,549,505,1054
126818,10,7,2,55,37,86,85,92,171,141,122,263
126818,10,7,5,59,63,349,320,122,669,408,383,791
126818,11,8,1,76,67,413,496,143,909,489,563,1052
126818,11,8,2,25,21,53,115,46,168,78,136,214
126818,11,8,5,51,46,360,381,97,741,411,427,838
126818,12,9,1,19,13,184,233,32,417,203,246,449
126818,12,9,2,7,3,22,65,10,87,29,68,97
126818,12,9,5,12,10,162,168,22,330,174,178,352
126818,13,10,1,1,2,19,15,3,34,20,17,37
126818,13,10,2,0,2,2,7,2,9,2,9,11
126818,13,10,5,1,0,17,8,1,25,18,8,26
126827,1,412,1,6283,11795,3432,6734,18078,10166,9715,18529,28244
126827,1,112,2,5121,10014,3180,6444,15135,9624,8301,16458,24759
126827,1,312,5,1162,1781,252,290,2943,542,1414,2071,3485
126827,2,999,1,685,1700,330,915,2385,1245,1015,2615,3630
126827,2,999,2,665,1657,328,912,2322,1240,993,2569,3562
126827,2,999,5,20,43,2,3,63,5,22,46,68
126827,3,1,1,0,5,0,0,5,0,0,5,5
126827,3,1,2,0,5,0,0,5,0,0,5,5
126827,4,2,1,30,164,22,90,194,112,52,254,306
126827,4,2,2,30,164,22,90,194,112,52,254,306
126827,5,3,1,146,480,96,287,626,383,242,767,1009
126827,5,3,2,146,477,96,287,623,383,242,764,1006
126827,5,3,5,0,3,0,0,3,0,0,3,3
126827,6,4,1,509,1051,212,538,1560,750,721,1589,2310
126827,6,4,2,489,1011,210,535,1500,745,699,1546,2245
126827,6,4,5,20,40,2,3,60,5,22,43,65
126827,7,999,1,5598,9795,3102,5819,15393,8921,8700,15614,24314
126827,7,999,2,4456,8357,2852,5532,12813,8384,7308,13889,21197
126827,7,999,5,1142,1438,250,287,2580,537,1392,1725,3117
126827,8,5,1,1256,2542,624,1189,3798,1813,1880,3731,5611
126827,8,5,2,1113,2264,603,1163,3377,1766,1716,3427,5143
126827,8,5,5,143,278,21,26,421,47,164,304,468
126827,9,6,1,1378,2317,701,1190,3695,1891,2079,3507,5586
126827,9,6,2,1157,2012,661,1145,3169,1806,1818,3157,4975
126827,9,6,5,221,305,40,45,526,85,261,350,611
126827,10,7,1,1043,1834,547,1016,2877,1563,1590,2850,4440
126827,10,7,2,823,1499,503,963,2322,1466,1326,2462,3788
126827,10,7,5,220,335,44,53,555,97,264,388,652
126827,11,8,1,1253,1969,747,1461,3222,2208,2000,3430,5430
126827,11,8,2,907,1769,661,1382,2676,2043,1568,3151,4719
126827,11,8,5,346,200,86,79,546,165,432,279,711
126827,12,9,1,622,1076,446,907,1698,1353,1068,1983,3051
126827,12,9,2,426,770,389,832,1196,1221,815,1602,2417
126827,12,9,5,196,306,57,75,502,132,253,381,634
126827,13,10,1,46,57,37,56,103,93,83,113,196
126827,13,10,2,30,43,35,47,73,82,65,90,155
126827,13,10,5,16,14,2,9,30,11,18,23,41
126827,14,11,1,0,300,0,0,300,0,0,300,300
126827,14,11,5,0,300,0,0,300,0,0,300,300
126863,1,412,1,590,761,2516,3968,1351,6484,3106,4729,7835
126863,1,112,2,590,761,2516,3968,1351,6484,3106,4729,7835
126863,2,999,1,413,562,2085,2935,975,5020,2498,3497,5995
126863,2,999,2,413,562,2085,2935,975,5020,2498,3497,5995
126863,3,1,1,51,79,1444,2055,130,3499,1495,2134,3629
126863,3,1,2,51,79,1444,2055,130,3499,1495,2134,3629
126863,4,2,1,178,268,266,352,446,618,444,620,1064
126863,4,2,2,178,268,266,352,446,618,444,620,1064
126863,5,3,1,108,123,206,255,231,461,314,378,692
126863,5,3,2,108,123,206,255,231,461,314,378,692
126863,6,4,1,76,92,169,273,168,442,245,365,610
126863,6,4,2,76,92,169,273,168,442,245,365,610
126863,7,999,1,177,199,431,1033,376,1464,608,1232,1840
126863,7,999,2,177,199,431,1033,376,1464,608,1232,1840
126863,8,5,1,69,91,176,336,160,512,245,427,672
126863,8,5,2,69,91,176,336,160,512,245,427,672
126863,9,6,1,58,56,99,250,114,349,157,306,463
126863,9,6,2,58,56,99,250,114,349,157,306,463
126863,10,7,1,30,20,67,187,50,254,97,207,304
126863,10,7,2,30,20,67,187,50,254,97,207,304
126863,11,8,1,15,22,62,182,37,244,77,204,281
126863,11,8,2,15,22,62,182,37,244,77,204,281
126863,12,9,1,5,9,21,74,14,95,26,83,109
126863,12,9,2,5,9,21,74,14,95,26,83,109
126863,13,10,1,0,1,6,4,1,10,6,5,11
126863,13,10,2,0,1,6,4,1,10,6,5,11
126915,1,412,1,46,60,40,71,106,111,86,131,217
126915,1,112,2,46,60,40,71,106,111,86,131,217
126915,2,999,1,19,31,37,58,50,95,56,89,145
126915,2,999,2,19,31,37,58,50,95,56,89,145
126915,3,1,1,0,0,7,16,0,23,7,16,23
126915,3,1,2,0,0,7,16,0,23,7,16,23
126915,4,2,1,4,12,21,26,16,47,25,38,63
126915,4,2,2,4,12,21,26,16,47,25,38,63
126915,5,3,1,8,10,5,10,18,15,13,20,33
126915,5,3,2,8,10,5,10,18,15,13,20,33
126915,6,4,1,7,9,4,6,16,10,11,15,26
126915,6,4,2,7,9,4,6,16,10,11,15,26
126915,7,999,1,27,29,3,13,56,16,30,42,72
126915,7,999,2,27,29,3,13,56,16,30,42,72
126915,8,5,1,7,10,0,3,17,3,7,13,20
126915,8,5,2,7,10,0,3,17,3,7,13,20
126915,9,6,1,11,6,0,3,17,3,11,9,20
126915,9,6,2,11,6,0,3,17,3,11,9,20
126915,10,7,1,3,6,3,2,9,5,6,8,14
126915,10,7,2,3,6,3,2,9,5,6,8,14
126915,11,8,1,5,6,0,2,11,2,5,8,13
126915,11,8,2,5,6,0,2,11,2,5,8,13
126915,12,9,1,1,1,0,3,2,3,1,4,5
126915,12,9,2,1,1,0,3,2,3,1,4,5
126942,1,412,1,772,1278,1888,3335,2050,5223,2660,4613,7273
126942,1,112,2,772,1278,1888,3335,2050,5223,2660,4613,7273
126942,2,999,1,539,880,1244,2099,1419,3343,1783,2979,4762
126942,2,999,2,539,880,1244,2099,1419,3343,1783,2979,4762
126942,3,1,1,33,55,392,674,88,1066,425,729,1154
126942,3,1,2,33,55,392,674,88,1066,425,729,1154
126942,4,2,1,241,410,346,527,651,873,587,937,1524
126942,4,2,2,241,410,346,527,651,873,587,937,1524
126942,5,3,1,134,230,262,388,364,650,396,618,1014
126942,5,3,2,134,230,262,388,364,650,396,618,1014
126942,6,4,1,131,185,244,510,316,754,375,695,1070
126942,6,4,2,131,185,244,510,316,754,375,695,1070
126942,7,999,1,233,398,644,1235,631,1879,877,1633,2510
126942,7,999,2,233,398,644,1235,631,1879,877,1633,2510
126942,8,5,1,116,200,282,598,316,880,398,798,1196
126942,8,5,2,116,200,282,598,316,880,398,798,1196
126942,9,6,1,62,118,163,279,180,442,225,397,622
126942,9,6,2,62,118,163,279,180,442,225,397,622
126942,10,7,1,29,37,102,165,66,267,131,202,333
126942,10,7,2,29,37,102,165,66,267,131,202,333
126942,11,8,1,15,33,68,137,48,205,83,170,253
126942,11,8,2,15,33,68,137,48,205,83,170,253
126942,12,9,1,11,10,23,53,21,76,34,63,97
126942,12,9,2,11,10,23,53,21,76,34,63,97
126942,13,10,1,0,0,6,3,0,9,6,3,9
126942,13,10,2,0,0,6,3,0,9,6,3,9
126942,14,11,1,0,0,0,1,0,1,0,1,1
126942,14,11,2,0,0,0,1,0,1,0,1,1
126951,1,412,1,1417,112,0,0,1529,0,1417,112,1529
126951,1,112,2,1417,112,0,0,1529,0,1417,112,1529
126951,2,999,1,818,64,0,0,882,0,818,64,882
126951,2,999,2,818,64,0,0,882,0,818,64,882
126951,3,1,1,6,0,0,0,6,0,6,0,6
126951,3,1,2,6,0,0,0,6,0,6,0,6
126951,4,2,1,417,36,0,0,453,0,417,36,453
126951,4,2,2,417,36,0,0,453,0,417,36,453
126951,5,3,1,217,16,0,0,233,0,217,16,233
126951,5,3,2,217,16,0,0,233,0,217,16,233
126951,6,4,1,178,12,0,0,190,0,178,12,190
126951,6,4,2,178,12,0,0,190,0,178,12,190
126951,7,999,1,599,48,0,0,647,0,599,48,647
126951,7,999,2,599,48,0,0,647,0,599,48,647
126951,8,5,1,239,21,0,0,260,0,239,21,260
126951,8,5,2,239,21,0,0,260,0,239,21,260
126951,9,6,1,171,17,0,0,188,0,171,17,188
126951,9,6,2,171,17,0,0,188,0,171,17,188
126951,10,7,1,108,8,0,0,116,0,108,8,116
126951,10,7,2,108,8,0,0,116,0,108,8,116
126951,11,8,1,64,2,0,0,66,0,64,2,66
126951,11,8,2,64,2,0,0,66,0,64,2,66
126951,12,9,1,15,0,0,0,15,0,15,0,15
126951,12,9,2,15,0,0,0,15,0,15,0,15
126951,13,10,1,2,0,0,0,2,0,2,0,2
126951,13,10,2,2,0,0,0,2,0,2,0,2
126979,1,412,1,239,275,184,158,514,342,423,433,856
126979,1,312,5,239,275,184,158,514,342,423,433,856
126979,2,999,1,36,71,14,20,107,34,50,91,141
126979,2,999,5,36,71,14,20,107,34,50,91,141
126979,5,3,1,3,4,1,0,7,1,4,4,8
126979,5,3,5,3,4,1,0,7,1,4,4,8
126979,6,4,1,33,67,13,20,100,33,46,87,133
126979,6,4,5,33,67,13,20,100,33,46,87,133
126979,7,999,1,203,204,170,138,407,308,373,342,715
126979,7,999,5,203,204,170,138,407,308,373,342,715
126979,8,5,1,82,92,42,21,174,63,124,113,237
126979,8,5,5,82,92,42,21,174,63,124,113,237
126979,9,6,1,54,30,37,25,84,62,91,55,146
126979,9,6,5,54,30,37,25,84,62,91,55,146
126979,10,7,1,24,19,29,10,43,39,53,29,82
126979,10,7,5,24,19,29,10,43,39,53,29,82
126979,11,8,1,23,30,37,33,53,70,60,63,123
126979,11,8,5,23,30,37,33,53,70,60,63,123
126979,12,9,1,16,30,19,44,46,63,35,74,109
126979,12,9,5,16,30,19,44,46,63,35,74,109
126979,13,10,1,4,3,6,5,7,11,10,8,18
126979,13,10,5,4,3,6,5,7,11,10,8,18
127060,1,412,1,3482,5214,1964,3196,8696,5160,5446,8410,13856
127060,1,112,2,2434,2928,160,177,5362,337,2594,3105,5699
127060,1,312,5,1048,2286,1804,3019,3334,4823,2852,5305,8157
127060,2,999,1,2603,3692,304,598,6295,902,2907,4290,7197
127060,2,999,2,2324,2873,102,91,5197,193,2426,2964,5390
127060,2,999,5,279,819,202,507,1098,709,481,1326,1807
127060,3,1,1,3,9,1,0,12,1,4,9,13
127060,3,1,2,3,9,1,0,12,1,4,9,13
127060,4,2,1,889,1209,18,9,2098,27,907,1218,2125
127060,4,2,2,889,1209,18,9,2098,27,907,1218,2125
127060,5,3,1,1048,1377,45,45,2425,90,1093,1422,2515
127060,5,3,2,1040,1348,41,35,2388,76,1081,1383,2464
127060,5,3,5,8,29,4,10,37,14,12,39,51
127060,6,4,1,663,1097,240,544,1760,784,903,1641,2544
127060,6,4,2,392,307,42,47,699,89,434,354,788
127060,6,4,5,271,790,198,497,1061,695,469,1287,1756
127060,7,999,1,879,1522,1660,2598,2401,4258,2539,4120,6659
127060,7,999,2,110,55,58,86,165,144,168,141,309
127060,7,999,5,769,1467,1602,2512,2236,4114,2371,3979,6350
127060,8,5,1,466,950,660,1162,1416,1822,1126,2112,3238
127060,8,5,2,64,39,22,30,103,52,86,69,155
127060,8,5,5,402,911,638,1132,1313,1770,1040,2043,3083
127060,9,6,1,230,283,415,570,513,985,645,853,1498
127060,9,6,2,30,9,12,17,39,29,42,26,68
127060,9,6,5,200,274,403,553,474,956,603,827,1430
127060,10,7,1,102,127,215,319,229,534,317,446,763
127060,10,7,2,9,2,9,9,11,18,18,11,29
127060,10,7,5,93,125,206,310,218,516,299,435,734
127060,11,8,1,58,116,241,364,174,605,299,480,779
127060,11,8,2,7,3,12,16,10,28,19,19,38
127060,11,8,5,51,113,229,348,164,577,280,461,741
127060,12,9,1,22,45,117,178,67,295,139,223,362
127060,12,9,2,0,2,3,13,2,16,3,15,18
127060,12,9,5,22,43,114,165,65,279,136,208,344
127060,13,10,1,1,1,12,5,2,17,13,6,19
127060,13,10,2,0,0,0,1,0,1,0,1,1
127060,13,10,5,1,1,12,4,2,16,13,5,18
127185,1,412,1,1339,1594,217,319,2933,536,1556,1913,3469
127185,1,112,2,1327,1577,203,252,2904,455,1530,1829,3359
127185,1,312,5,12,17,14,67,29,81,26,84,110
127185,2,999,1,1170,1429,143,168,2599,311,1313,1597,2910
127185,2,999,2,1170,1429,143,165,2599,308,1313,1594,2907
127185,2,999,5,0,0,0,3,0,3,0,3,3
127185,3,1,1,18,27,31,45,45,76,49,72,121
127185,3,1,2,18,27,31,45,45,76,49,72,121
127185,4,2,1,518,679,29,22,1197,51,547,701,1248
127185,4,2,2,518,679,29,22,1197,51,547,701,1248
127185,5,3,1,395,539,34,35,934,69,429,574,1003
127185,5,3,2,395,539,34,35,934,69,429,574,1003
127185,6,4,1,239,184,49,66,423,115,288,250,538
127185,6,4,2,239,184,49,63,423,112,288,247,535
127185,6,4,5,0,0,0,3,0,3,0,3,3
127185,7,999,1,169,165,74,151,334,225,243,316,559
127185,7,999,2,157,148,60,87,305,147,217,235,452
127185,7,999,5,12,17,14,64,29,78,26,81,107
127185,8,5,1,94,93,34,43,187,77,128,136,264
127185,8,5,2,89,91,28,33,180,61,117,124,241
127185,8,5,5,5,2,6,10,7,16,11,12,23
127185,9,6,1,36,31,14,32,67,46,50,63,113
127185,9,6,2,35,23,12,25,58,37,47,48,95
127185,9,6,5,1,8,2,7,9,9,3,15,18
127185,10,7,1,21,15,14,19,36,33,35,34,69
127185,10,7,2,19,13,12,10,32,22,31,23,54
127185,10,7,5,2,2,2,9,4,11,4,11,15
127185,11,8,1,15,17,9,36,32,45,24,53,77
127185,11,8,2,13,15,6,13,28,19,19,28,47
127185,11,8,5,2,2,3,23,4,26,5,25,30
127185,12,9,1,3,9,2,20,12,22,5,29,34
127185,12,9,2,1,6,1,5,7,6,2,11,13
127185,12,9,5,2,3,1,15,5,16,3,18,21
127185,13,10,1,0,0,1,1,0,2,1,1,2
127185,13,10,2,0,0,1,1,0,2,1,1,2
127200,1,412,1,1996,2535,5736,8436,4531,14172,7732,10971,18703
127200,1,112,2,1996,2535,5736,8436,4531,14172,7732,10971,18703
127200,2,999,1,1490,1880,4485,5853,3370,10338,5975,7733,13708
127200,2,999,2,1490,1880,4485,5853,3370,10338,5975,7733,13708
127200,3,1,1,111,186,2305,2748,297,5053,2416,2934,5350
127200,3,1,2,111,186,2305,2748,297,5053,2416,2934,5350
127200,4,2,1,728,935,858,1159,1663,2017,1586,2094,3680
127200,4,2,2,728,935,858,1159,1663,2017,1586,2094,3680
127200,5,3,1,359,435,698,995,794,1693,1057,1430,2487
127200,5,3,2,359,435,698,995,794,1693,1057,1430,2487
127200,6,4,1,292,324,624,951,616,1575,916,1275,2191
127200,6,4,2,292,324,624,951,616,1575,916,1275,2191
127200,7,999,1,506,655,1251,2583,1161,3834,1757,3238,4995
127200,7,999,2,506,655,1251,2583,1161,3834,1757,3238,4995
127200,8,5,1,279,313,572,1008,592,1580,851,1321,2172
127200,8,5,2,279,313,572,1008,592,1580,851,1321,2172
127200,9,6,1,128,151,281,605,279,886,409,756,1165
127200,9,6,2,128,151,281,605,279,886,409,756,1165
127200,10,7,1,47,80,175,352,127,527,222,432,654
127200,10,7,2,47,80,175,352,127,527,222,432,654
127200,11,8,1,34,82,132,413,116,545,166,495,661
127200,11,8,2,34,82,132,413,116,545,166,495,661
127200,12,9,1,18,29,87,192,47,279,105,221,326
127200,12,9,2,18,29,87,192,47,279,105,221,326
127200,13,10,1,0,0,4,13,0,17,4,13,17
127200,13,10,2,0,0,4,13,0,17,4,13,17
127273,1,412,1,46,67,38,64,113,102,84,131,215
127273,1,312,5,46,67,38,64,113,102,84,131,215
127273,2,999,1,3,5,0,0,8,0,3,5,8
127273,2,999,5,3,5,0,0,8,0,3,5,8
127273,6,4,1,3,5,0,0,8,0,3,5,8
127273,6,4,5,3,5,0,0,8,0,3,5,8
127273,7,999,1,42,62,37,64,104,101,79,126,205
127273,7,999,5,42,62,37,64,104,101,79,126,205
127273,8,5,1,11,14,4,7,25,11,15,21,36
127273,8,5,5,11,14,4,7,25,11,15,21,36
127273,9,6,1,8,11,8,9,19,17,16,20,36
127273,9,6,5,8,11,8,9,19,17,16,20,36
127273,10,7,1,12,7,9,8,19,17,21,15,36
127273,10,7,5,12,7,9,8,19,17,21,15,36
127273,11,8,1,6,18,5,18,24,23,11,36,47
127273,11,8,5,6,18,5,18,24,23,11,36,47
127273,12,9,1,5,10,6,18,15,24,11,28,39
127273,12,9,5,5,10,6,18,15,24,11,28,39
127273,13,10,1,0,2,5,4,2,9,5,6,11
127273,13,10,5,0,2,5,4,2,9,5,6,11
127273,14,11,1,1,0,1,0,1,1,2,0,2
127273,14,11,5,1,0,1,0,1,1,2,0,2
127316,1,412,1,15,87,29,153,102,182,44,240,284
127316,1,112,2,15,87,29,153,102,182,44,240,284
127316,2,999,1,6,48,15,78,54,93,21,126,147
127316,2,999,2,6,48,15,78,54,93,21,126,147
127316,4,2,1,1,25,4,26,26,30,5,51,56
127316,4,2,2,1,25,4,26,26,30,5,51,56
127316,5,3,1,3,14,4,24,17,28,7,38,45
127316,5,3,2,3,14,4,24,17,28,7,38,45
127316,6,4,1,2,9,7,28,11,35,9,37,46
127316,6,4,2,2,9,7,28,11,35,9,37,46
127316,7,999,1,9,39,14,75,48,89,23,114,137
127316,7,999,2,9,39,14,75,48,89,23,114,137
127316,8,5,1,5,16,6,40,21,46,11,56,67
127316,8,5,2,5,16,6,40,21,46,11,56,67
127316,9,6,1,2,10,4,16,12,20,6,26,32
127316,9,6,2,2,10,4,16,12,20,6,26,32
127316,10,7,1,0,10,2,9,10,11,2,19,21
127316,10,7,2,0,10,2,9,10,11,2,19,21
127316,11,8,1,2,3,2,3,5,5,4,6,10
127316,11,8,2,2,3,2,3,5,5,4,6,10
127316,12,9,1,0,0,0,7,0,7,0,7,7
127316,12,9,2,0,0,0,7,0,7,0,7,7
127389,1,412,1,166,208,126,223,374,349,292,431,723
127389,1,112,2,166,208,126,223,374,349,292,431,723
127389,2,999,1,149,189,119,175,338,294,268,364,632
127389,2,999,2,149,189,119,175,338,294,268,364,632
127389,3,1,1,15,28,73,115,43,188,88,143,231
127389,3,1,2,15,28,73,115,43,188,88,143,231
127389,4,2,1,104,128,29,32,232,61,133,160,293
127389,4,2,2,104,128,29,32,232,61,133,160,293
127389,5,3,1,26,28,13,12,54,25,39,40,79
127389,5,3,2,26,28,13,12,54,25,39,40,79
127389,6,4,1,4,5,4,16,9,20,8,21,29
127389,6,4,2,4,5,4,16,9,20,8,21,29
127389,7,999,1,17,19,7,48,36,55,24,67,91
127389,7,999,2,17,19,7,48,36,55,24,67,91
127389,8,5,1,4,5,5,22,9,27,9,27,36
127389,8,5,2,4,5,5,22,9,27,9,27,36
127389,9,6,1,3,7,1,11,10,12,4,18,22
127389,9,6,2,3,7,1,11,10,12,4,18,22
127389,10,7,1,4,5,0,6,9,6,4,11,15
127389,10,7,2,4,5,0,6,9,6,4,11,15
127389,11,8,1,3,2,0,7,5,7,3,9,12
127389,11,8,2,3,2,0,7,5,7,3,9,12
127389,12,9,1,3,0,1,2,3,3,4,2,6
127389,12,9,2,3,0,1,2,3,3,4,2,6
127556,1,412,1,3160,3767,993,1190,6927,2183,4153,4957,9110
127556,1,112,2,3137,3720,959,1129,6857,2088,4096,4849,8945
127556,1,312,5,23,47,34,61,70,95,57,108,165
127556,2,999,1,2768,3295,717,753,6063,1470,3485,4048,7533
127556,2,999,2,2764,3276,710,743,6040,1453,3474,4019,7493
127556,2,999,5,4,19,7,10,23,17,11,29,40
127556,3,1,1,24,51,304,363,75,667,328,414,742
127556,3,1,2,24,51,304,363,75,667,328,414,742
127556,4,2,1,1217,1632,109,114,2849,223,1326,1746,3072
127556,4,2,2,1217,1632,109,114,2849,223,1326,1746,3072
127556,5,3,1,982,1124,141,123,2106,264,1123,1247,2370
127556,5,3,2,982,1121,140,123,2103,263,1122,1244,2366
127556,5,3,5,0,3,1,0,3,1,1,3,4
127556,6,4,1,545,488,163,153,1033,316,708,641,1349
127556,6,4,2,541,472,157,143,1013,300,698,615,1313
127556,6,4,5,4,16,6,10,20,16,10,26,36
127556,7,999,1,392,472,276,437,864,713,668,909,1577
127556,7,999,2,373,444,249,386,817,635,622,830,1452
127556,7,999,5,19,28,27,51,47,78,46,79,125
127556,8,5,1,195,206,88,141,401,229,283,347,630
127556,8,5,2,185,192,80,124,377,204,265,316,581
127556,8,5,5,10,14,8,17,24,25,18,31,49
127556,9,6,1,85,114,64,105,199,169,149,219,368
127556,9,6,2,82,106,59,98,188,157,141,204,345
127556,9,6,5,3,8,5,7,11,12,8,15,23
127556,10,7,1,57,69,45,73,126,118,102,142,244
127556,10,7,2,53,68,40,64,121,104,93,132,225
127556,10,7,5,4,1,5,9,5,14,9,10,19
127556,11,8,1,43,69,46,79,112,125,89,148,237
127556,11,8,2,41,64,39,67,105,106,80,131,211
127556,11,8,5,2,5,7,12,7,19,9,17,26
127556,12,9,1,12,14,19,33,26,52,31,47,78
127556,12,9,2,12,14,17,27,26,44,29,41,70
127556,12,9,5,0,0,2,6,0,8,2,6,8
127556,13,10,1,0,0,14,6,0,20,14,6,20
127556,13,10,2,0,0,14,6,0,20,14,6,20
127565,1,412,1,5141,6607,3099,4239,11748,7338,8240,10846,19086
127565,1,112,2,5031,6103,2976,3878,11134,6854,8007,9981,17988
127565,1,312,5,110,504,123,361,614,484,233,865,1098
127565,2,999,1,3467,4650,1458,1850,8117,3308,4925,6500,11425
127565,2,999,2,3458,4534,1445,1822,7992,3267,4903,6356,11259
127565,2,999,5,9,116,13,28,125,41,22,144,166
127565,3,1,1,22,49,102,173,71,275,124,222,346
127565,3,1,2,22,49,102,173,71,275,124,222,346
127565,4,2,1,1144,1523,348,402,2667,750,1492,1925,3417
127565,4,2,2,1144,1523,348,402,2667,750,1492,1925,3417
127565,5,3,1,1147,1634,382,465,2781,847,1529,2099,3628
127565,5,3,2,1146,1624,382,465,2770,847,1528,2089,3617
127565,5,3,5,1,10,0,0,11,0,1,10,11
127565,6,4,1,1154,1444,626,810,2598,1436,1780,2254,4034
127565,6,4,2,1146,1338,613,782,2484,1395,1759,2120,3879
127565,6,4,5,8,106,13,28,114,41,21,134,155
127565,7,999,1,1674,1957,1641,2389,3631,4030,3315,4346,7661
127565,7,999,2,1573,1569,1531,2056,3142,3587,3104,3625,6729
127565,7,999,5,101,388,110,333,489,443,211,721,932
127565,8,5,1,931,1094,737,980,2025,1717,1668,2074,3742
127565,8,5,2,891,906,707,866,1797,1573,1598,1772,3370
127565,8,5,5,40,188,30,114,228,144,70,302,372
127565,9,6,1,444,410,426,581,854,1007,870,991,1861
127565,9,6,2,419,332,396,505,751,901,815,837,1652
127565,9,6,5,25,78,30,76,103,106,55,154,209
127565,10,7,1,157,196,201,319,353,520,358,515,873
127565,10,7,2,140,154,181,262,294,443,321,416,737
127565,10,7,5,17,42,20,57,59,77,37,99,136
127565,11,8,1,114,172,183,340,286,523,297,512,809
127565,11,8,2,97,118,163,279,215,442,260,397,657
127565,11,8,5,17,54,20,61,71,81,37,115,152
127565,12,9,1,28,82,82,158,110,240,110,240,350
127565,12,9,2,26,56,73,134,82,207,99,190,289
127565,12,9,5,2,26,9,24,28,33,11,50,61
127565,13,10,1,0,3,12,11,3,23,12,14,26
127565,13,10,2,0,3,11,10,3,21,11,13,24
127565,13,10,5,0,0,1,1,0,2,1,1,2
127617,1,412,1,124,210,369,673,334,1042,493,883,1376
127617,1,112,2,124,210,369,673,334,1042,493,883,1376
127617,2,999,1,97,139,307,478,236,785,404,617,1021
127617,2,999,2,97,139,307,478,236,785,404,617,1021
127617,3,1,1,15,33,200,315,48,515,215,348,563
127617,3,1,2,15,33,200,315,48,515,215,348,563
127617,4,2,1,60,52,74,78,112,152,134,130,264
127617,4,2,2,60,52,74,78,112,152,134,130,264
127617,5,3,1,16,28,17,51,44,68,33,79,112
127617,5,3,2,16,28,17,51,44,68,33,79,112
127617,6,4,1,6,26,16,34,32,50,22,60,82
127617,6,4,2,6,26,16,34,32,50,22,60,82
127617,7,999,1,27,71,62,195,98,257,89,266,355
127617,7,999,2,27,71,62,195,98,257,89,266,355
127617,8,5,1,9,25,17,53,34,70,26,78,104
127617,8,5,2,9,25,17,53,34,70,26,78,104
127617,9,6,1,5,21,16,52,26,68,21,73,94
127617,9,6,2,5,21,16,52,26,68,21,73,94
127617,10,7,1,4,13,7,24,17,31,11,37,48
127617,10,7,2,4,13,7,24,17,31,11,37,48
127617,11,8,1,6,10,12,42,16,54,18,52,70
127617,11,8,2,6,10,12,42,16,54,18,52,70
127617,12,9,1,3,1,6,22,4,28,9,23,32
127617,12,9,2,3,1,6,22,4,28,9,23,32
127617,13,10,1,0,1,4,2,1,6,4,3,7
127617,13,10,2,0,1,4,2,1,6,4,3,7
127653,1,412,1,183,449,50,173,632,223,233,622,855
127653,1,112,2,86,208,10,16,294,26,96,224,320
127653,1,312,5,97,241,40,157,338,197,137,398,535
127653,2,999,1,49,165,7,16,214,23,56,181,237
127653,2,999,2,41,117,5,10,158,15,46,127,173
127653,2,999,5,8,48,2,6,56,8,10,54,64
127653,3,1,1,0,1,0,0,1,0,0,1,1
127653,3,1,2,0,1,0,0,1,0,0,1,1
127653,4,2,1,7,22,0,2,29,2,7,24,31
127653,4,2,2,7,22,0,2,29,2,7,24,31
127653,5,3,1,14,44,2,4,58,6,16,48,64
127653,5,3,2,13,43,2,4,56,6,15,47,62
127653,5,3,5,1,1,0,0,2,0,1,1,2
127653,6,4,1,28,98,5,10,126,15,33,108,141
127653,6,4,2,21,51,3,4,72,7,24,55,79
127653,6,4,5,7,47,2,6,54,8,9,53,62
127653,7,999,1,134,284,43,157,418,200,177,441,618
127653,7,999,2,45,91,5,6,136,11,50,97,147
127653,7,999,5,89,193,38,151,282,189,127,344,471
127653,8,5,1,53,125,12,48,178,60,65,173,238
127653,8,5,2,22,44,3,3,66,6,25,47,72
127653,8,5,5,31,81,9,45,112,54,40,126,166
127653,9,6,1,38,83,15,44,121,59,53,127,180
127653,9,6,2,13,29,1,1,42,2,14,30,44
127653,9,6,5,25,54,14,43,79,57,39,97,136
127653,10,7,1,16,29,9,22,45,31,25,51,76
127653,10,7,2,5,6,0,1,11,1,5,7,12
127653,10,7,5,11,23,9,21,34,30,20,44,64
127653,11,8,1,18,28,5,29,46,34,23,57,80
127653,11,8,2,4,10,1,0,14,1,5,10,15
127653,11,8,5,14,18,4,29,32,33,18,47,65
127653,12,9,1,7,17,2,14,24,16,9,31,40
127653,12,9,2,0,1,0,1,1,1,0,2,2
127653,12,9,5,7,16,2,13,23,15,9,29,38
127653,13,10,1,2,2,0,0,4,0,2,2,4
127653,13,10,2,1,1,0,0,2,0,1,1,2
127653,13,10,5,1,1,0,0,2,0,1,1,2
127714,1,412,1,6,8,304,290,14,594,310,298,608
127714,1,112,2,6,8,304,290,14,594,310,298,608
127714,2,999,1,0,0,22,27,0,49,22,27,49
127714,2,999,2,0,0,22,27,0,49,22,27,49
127714,3,1,1,0,0,1,0,0,1,1,0,1
127714,3,1,2,0,0,1,0,0,1,1,0,1
127714,4,2,1,0,0,4,5,0,9,4,5,9
127714,4,2,2,0,0,4,5,0,9,4,5,9
127714,5,3,1,0,0,8,5,0,13,8,5,13
127714,5,3,2,0,0,8,5,0,13,8,5,13
127714,6,4,1,0,0,9,17,0,26,9,17,26
127714,6,4,2,0,0,9,17,0,26,9,17,26
127714,7,999,1,6,8,282,263,14,545,288,271,559
127714,7,999,2,6,8,282,263,14,545,288,271,559
127714,8,5,1,1,1,30,29,2,59,31,30,61
127714,8,5,2,1,1,30,29,2,59,31,30,61
127714,9,6,1,1,1,45,30,2,75,46,31,77
127714,9,6,2,1,1,45,30,2,75,46,31,77
127714,10,7,1,2,1,62,45,3,107,64,46,110
127714,10,7,2,2,1,62,45,3,107,64,46,110
127714,11,8,1,1,4,68,80,5,148,69,84,153
127714,11,8,2,1,4,68,80,5,148,69,84,153
127714,12,9,1,1,1,69,65,2,134,70,66,136
127714,12,9,2,1,1,69,65,2,134,70,66,136
127714,13,10,1,0,0,8,14,0,22,8,14,22
127714,13,10,2,0,0,8,14,0,22,8,14,22
127732,1,412,1,328,364,203,398,692,601,531,762,1293
127732,1,112,2,328,364,203,398,692,601,531,762,1293
127732,2,999,1,313,321,152,208,634,360,465,529,994
127732,2,999,2,313,321,152,208,634,360,465,529,994
127732,3,1,1,14,39,94,128,53,222,108,167,275
127732,3,1,2,14,39,94,128,53,222,108,167,275
127732,4,2,1,217,213,37,37,430,74,254,250,504
127732,4,2,2,217,213,37,37,430,74,254,250,504
127732,5,3,1,69,47,13,21,116,34,82,68,150
127732,5,3,2,69,47,13,21,116,34,82,68,150
127732,6,4,1,13,22,8,22,35,30,21,44,65
127732,6,4,2,13,22,8,22,35,30,21,44,65
127732,7,999,1,15,43,51,190,58,241,66,233,299
127732,7,999,2,15,43,51,190,58,241,66,233,299
127732,8,5,1,5,21,9,27,26,36,14,48,62
127732,8,5,2,5,21,9,27,26,36,14,48,62
127732,9,6,1,2,13,6,39,15,45,8,52,60
127732,9,6,2,2,13,6,39,15,45,8,52,60
127732,10,7,1,7,5,10,32,12,42,17,37,54
127732,10,7,2,7,5,10,32,12,42,17,37,54
127732,11,8,1,1,3,14,49,4,63,15,52,67
127732,11,8,2,1,3,14,49,4,63,15,52,67
127732,12,9,1,0,1,11,36,1,47,11,37,48
127732,12,9,2,0,1,11,36,1,47,11,37,48
127732,13,10,1,0,0,1,7,0,8,1,7,8
127732,13,10,2,0,0,1,7,0,8,1,7,8
127741,1,412,1,2519,5186,996,2759,7705,3755,3515,7945,11460
127741,1,112,2,2228,4498,565,1203,6726,1768,2793,5701,8494
127741,1,312,5,291,688,431,1556,979,1987,722,2244,2966
127741,2,999,1,2142,4490,490,972,6632,1462,2632,5462,8094
127741,2,999,2,2042,4217,453,817,6259,1270,2495,5034,7529
127741,2,999,5,100,273,37,155,373,192,137,428,565
127741,3,1,1,17,36,240,410,53,650,257,446,703
127741,3,1,2,17,36,240,410,53,650,257,446,703
127741,4,2,1,759,1773,68,90,2532,158,827,1863,2690
127741,4,2,2,759,1773,68,90,2532,158,827,1863,2690
127741,5,3,1,865,1847,52,134,2712,186,917,1981,2898
127741,5,3,2,854,1831,50,129,2685,179,904,1960,2864
127741,5,3,5,11,16,2,5,27,7,13,21,34
127741,6,4,1,501,834,130,338,1335,468,631,1172,1803
127741,6,4,2,412,577,95,188,989,283,507,765,1272
127741,6,4,5,89,257,35,150,346,185,124,407,531
127741,7,999,1,377,696,506,1787,1073,2293,883,2483,3366
127741,7,999,2,186,281,112,386,467,498,298,667,965
127741,7,999,5,191,415,394,1401,606,1795,585,1816,2401
127741,8,5,1,225,343,170,551,568,721,395,894,1289
127741,8,5,2,118,143,53,158,261,211,171,301,472
127741,8,5,5,107,200,117,393,307,510,224,593,817
127741,9,6,1,78,142,117,370,220,487,195,512,707
127741,9,6,2,35,55,29,88,90,117,64,143,207
127741,9,6,5,43,87,88,282,130,370,131,369,500
127741,10,7,1,30,71,82,284,101,366,112,355,467
127741,10,7,2,10,25,13,51,35,64,23,76,99
127741,10,7,5,20,46,69,233,66,302,89,279,368
127741,11,8,1,37,105,90,391,142,481,127,496,623
127741,11,8,2,19,44,9,69,63,78,28,113,141
127741,11,8,5,18,61,81,322,79,403,99,383,482
127741,12,9,1,6,35,41,181,41,222,47,216,263
127741,12,9,2,3,14,6,19,17,25,9,33,42
127741,12,9,5,3,21,35,162,24,197,38,183,221
127741,13,10,1,1,0,6,10,1,16,7,10,17
127741,13,10,2,1,0,2,1,1,3,3,1,4
127741,13,10,5,0,0,4,9,0,13,4,9,13
127778,1,412,1,225,303,248,440,528,688,473,743,1216
127778,1,112,2,225,303,248,440,528,688,473,743,1216
127778,2,999,1,195,231,180,289,426,469,375,520,895
127778,2,999,2,195,231,180,289,426,469,375,520,895
127778,3,1,1,8,15,142,194,23,336,150,209,359
127778,3,1,2,8,15,142,194,23,336,150,209,359
127778,4,2,1,127,158,28,40,285,68,155,198,353
127778,4,2,2,127,158,28,40,285,68,155,198,353
127778,5,3,1,44,45,5,26,89,31,49,71,120
127778,5,3,2,44,45,5,26,89,31,49,71,120
127778,6,4,1,16,13,5,29,29,34,21,42,63
127778,6,4,2,16,13,5,29,29,34,21,42,63
127778,7,999,1,30,72,68,151,102,219,98,223,321
127778,7,999,2,30,72,68,151,102,219,98,223,321
127778,8,5,1,11,16,9,33,27,42,20,49,69
127778,8,5,2,11,16,9,33,27,42,20,49,69
127778,9,6,1,8,27,16,31,35,47,24,58,82
127778,9,6,2,8,27,16,31,35,47,24,58,82
127778,10,7,1,3,15,7,20,18,27,10,35,45
127778,10,7,2,3,15,7,20,18,27,10,35,45
127778,11,8,1,5,13,12,20,18,32,17,33,50
127778,11,8,2,5,13,12,20,18,32,17,33,50
127778,12,9,1,3,1,17,32,4,49,20,33,53
127778,12,9,2,3,1,17,32,4,49,20,33,53
127778,13,10,1,0,0,7,15,0,22,7,15,22
127778,13,10,2,0,0,7,15,0,22,7,15,22
127820,1,412,1,1825,2569,3127,4985,4394,8112,4952,7554,12506
127820,1,112,2,1825,2569,3127,4985,4394,8112,4952,7554,12506
127820,2,999,1,1139,1733,2090,3017,2872,5107,3229,4750,7979
127820,2,999,2,1139,1733,2090,3017,2872,5107,3229,4750,7979
127820,3,1,1,192,284,790,1151,476,1941,982,1435,2417
127820,3,1,2,192,284,790,1151,476,1941,982,1435,2417
127820,4,2,1,498,735,551,651,1233,1202,1049,1386,2435
127820,4,2,2,498,735,551,651,1233,1202,1049,1386,2435
127820,5,3,1,243,371,377,578,614,955,620,949,1569
127820,5,3,2,243,371,377,578,614,955,620,949,1569
127820,6,4,1,206,343,372,637,549,1009,578,980,1558
127820,6,4,2,206,343,372,637,549,1009,578,980,1558
127820,7,999,1,686,836,1037,1968,1522,3005,1723,2804,4527
127820,7,999,2,686,836,1037,1968,1522,3005,1723,2804,4527
127820,8,5,1,295,353,419,769,648,1188,714,1122,1836
127820,8,5,2,295,353,419,769,648,1188,714,1122,1836
127820,9,6,1,190,204,258,453,394,711,448,657,1105
127820,9,6,2,190,204,258,453,394,711,448,657,1105
127820,10,7,1,88,145,141,300,233,441,229,445,674
127820,10,7,2,88,145,141,300,233,441,229,445,674
127820,11,8,1,90,97,150,284,187,434,240,381,621
127820,11,8,2,90,97,150,284,187,434,240,381,621
127820,12,9,1,20,37,61,150,57,211,81,187,268
127820,12,9,2,20,37,61,150,57,211,81,187,268
127820,13,10,1,3,0,8,12,3,20,11,12,23
127820,13,10,2,3,0,8,12,3,20,11,12,23
127884,1,412,1,628,970,1403,2550,1598,3953,2031,3520,5551
127884,1,112,2,628,970,1403,2550,1598,3953,2031,3520,5551
127884,2,999,1,360,524,908,1569,884,2477,1268,2093,3361
127884,2,999,2,360,524,908,1569,884,2477,1268,2093,3361
127884,3,1,1,77,99,486,792,176,1278,563,891,1454
127884,3,1,2,77,99,486,792,176,1278,563,891,1454
127884,4,2,1,146,174,188,296,320,484,334,470,804
127884,4,2,2,146,174,188,296,320,484,334,470,804
127884,5,3,1,76,131,116,217,207,333,192,348,540
127884,5,3,2,76,131,116,217,207,333,192,348,540
127884,6,4,1,61,120,118,264,181,382,179,384,563
127884,6,4,2,61,120,118,264,181,382,179,384,563
127884,7,999,1,268,446,495,981,714,1476,763,1427,2190
127884,7,999,2,268,446,495,981,714,1476,763,1427,2190
127884,8,5,1,92,168,127,337,260,464,219,505,724
127884,8,5,2,92,168,127,337,260,464,219,505,724
127884,9,6,1,71,114,128,251,185,379,199,365,564
127884,9,6,2,71,114,128,251,185,379,199,365,564
127884,10,7,1,46,66,92,146,112,238,138,212,350
127884,10,7,2,46,66,92,146,112,238,138,212,350
127884,11,8,1,46,68,100,163,114,263,146,231,377
127884,11,8,2,46,68,100,163,114,263,146,231,377
127884,12,9,1,13,28,47,80,41,127,60,108,168
127884,12,9,2,13,28,47,80,41,127,60,108,168
127884,13,10,1,0,2,1,4,2,5,1,6,7
127884,13,10,2,0,2,1,4,2,5,1,6,7
127909,1,412,1,1005,931,1758,2335,1936,4093,2763,3266,6029
127909,1,112,2,974,865,1758,2335,1839,4093,2732,3200,5932
127909,1,312,5,31,66,0,0,97,0,31,66,97
127909,2,999,1,606,604,1112,1453,1210,2565,1718,2057,3775
127909,2,999,2,603,599,1112,1453,1202,2565,1715,2052,3767
127909,2,999,5,3,5,0,0,8,0,3,5,8
127909,3,1,1,37,48,403,613,85,1016,440,661,1101
127909,3,1,2,37,48,403,613,85,1016,440,661,1101
127909,4,2,1,322,286,258,289,608,547,580,575,1155
127909,4,2,2,322,286,258,289,608,547,580,575,1155
127909,5,3,1,133,164,244,271,297,515,377,435,812
127909,5,3,2,133,164,244,271,297,515,377,435,812
127909,6,4,1,114,106,207,280,220,487,321,386,707
127909,6,4,2,111,101,207,280,212,487,318,381,699
127909,6,4,5,3,5,0,0,8,0,3,5,8
127909,7,999,1,399,327,646,882,726,1528,1045,1209,2254
127909,7,999,2,371,266,646,882,637,1528,1017,1148,2165
127909,7,999,5,28,61,0,0,89,0,28,61,89
127909,8,5,1,202,192,259,355,394,614,461,547,1008
127909,8,5,2,187,146,259,355,333,614,446,501,947
127909,8,5,5,15,46,0,0,61,0,15,46,61
127909,9,6,1,113,68,153,195,181,348,266,263,529
127909,9,6,2,106,60,153,195,166,348,259,255,514
127909,9,6,5,7,8,0,0,15,0,7,8,15
127909,10,7,1,42,35,96,117,77,213,138,152,290
127909,10,7,2,37,30,96,117,67,213,133,147,280
127909,10,7,5,5,5,0,0,10,0,5,5,10
127909,11,8,1,34,24,87,126,58,213,121,150,271
127909,11,8,2,33,22,87,126,55,213,120,148,268
127909,11,8,5,1,2,0,0,3,0,1,2,3
127909,12,9,1,8,8,40,86,16,126,48,94,142
127909,12,9,2,8,8,40,86,16,126,48,94,142
127909,13,10,1,0,0,11,3,0,14,11,3,14
127909,13,10,2,0,0,11,3,0,14,11,3,14
127918,1,412,1,1401,2897,826,1186,4298,2012,2227,4083,6310
127918,1,112,2,713,1377,509,598,2090,1107,1222,1975,3197
127918,1,312,5,688,1520,317,588,2208,905,1005,2108,3113
127918,2,999,1,691,1466,90,146,2157,236,781,1612,2393
127918,2,999,2,567,1185,75,128,1752,203,642,1313,1955
127918,2,999,5,124,281,15,18,405,33,139,299,438
127918,3,1,1,2,1,0,0,3,0,2,1,3
127918,3,1,2,2,1,0,0,3,0,2,1,3
127918,4,2,1,221,552,7,5,773,12,228,557,785
127918,4,2,2,221,552,7,5,773,12,228,557,785
127918,5,3,1,257,507,17,26,764,43,274,533,807
127918,5,3,2,250,491,17,26,741,43,267,517,784
127918,5,3,5,7,16,0,0,23,0,7,16,23
127918,6,4,1,211,406,66,115,617,181,277,521,798
127918,6,4,2,94,141,51,97,235,148,145,238,383
127918,6,4,5,117,265,15,18,382,33,132,283,415
127918,7,999,1,710,1431,713,1033,2141,1746,1423,2464,3887
127918,7,999,2,146,192,411,463,338,874,557,655,1212
127918,7,999,5,564,1239,302,570,1803,872,866,1809,2675
127918,8,5,1,275,559,168,222,834,390,443,781,1224
127918,8,5,2,48,100,112,109,148,221,160,209,369
127918,8,5,5,227,459,56,113,686,169,283,572,855
127918,9,6,1,183,306,167,222,489,389,350,528,878
127918,9,6,2,51,41,93,94,92,187,144,135,279
127918,9,6,5,132,265,74,128,397,202,206,393,599
127918,10,7,1,106,217,123,176,323,299,229,393,622
127918,10,7,2,25,19,77,83,44,160,102,102,204
127918,10,7,5,81,198,46,93,279,139,127,291,418
127918,11,8,1,107,236,158,238,343,396,265,474,739
127918,11,8,2,19,26,77,102,45,179,96,128,224
127918,11,8,5,88,210,81,136,298,217,169,346,515
127918,12,9,1,37,111,67,142,148,209,104,253,357
127918,12,9,2,3,6,26,47,9,73,29,53,82
127918,12,9,5,34,105,41,95,139,136,75,200,275
127918,13,10,1,2,2,30,33,4,63,32,35,67
127918,13,10,2,0,0,26,28,0,54,26,28,54
127918,13,10,5,2,2,4,5,4,9,6,7,13
127918,14,11,1,0,0,23,7,0,30,23,7,30
127918,14,11,2,0,0,23,7,0,30,23,7,30
128106,1,412,1,1417,1771,851,1886,3188,2737,2268,3657,5925
128106,1,112,2,1289,1509,560,755,2798,1315,1849,2264,4113
128106,1,312,5,128,262,291,1131,390,1422,419,1393,1812
128106,2,999,1,1071,1235,394,514,2306,908,1465,1749,3214
128106,2,999,2,1057,1220,385,498,2277,883,1442,1718,3160
128106,2,999,5,14,15,9,16,29,25,23,31,54
128106,3,1,1,16,39,202,330,55,532,218,369,587
128106,3,1,2,16,39,202,330,55,532,218,369,587
128106,4,2,1,372,436,79,68,808,147,451,504,955
128106,4,2,2,372,436,79,68,808,147,451,504,955
128106,5,3,1,385,467,36,33,852,69,421,500,921
128106,5,3,2,384,467,36,33,851,69,420,500,920
128106,5,3,5,1,0,0,0,1,0,1,0,1
128106,6,4,1,298,293,77,83,591,160,375,376,751
128106,6,4,2,285,278,68,67,563,135,353,345,698
128106,6,4,5,13,15,9,16,28,25,22,31,53
128106,7,999,1,346,536,457,1372,882,1829,803,1908,2711
128106,7,999,2,232,289,175,257,521,432,407,546,953
128106,7,999,5,114,247,282,1115,361,1397,396,1362,1758
128106,8,5,1,129,178,86,211,307,297,215,389,604
128106,8,5,2,105,130,57,79,235,136,162,209,371
128106,8,5,5,24,48,29,132,72,161,53,180,233
128106,9,6,1,88,143,82,251,231,333,170,394,564
128106,9,6,2,59,78,28,40,137,68,87,118,205
128106,9,6,5,29,65,54,211,94,265,83,276,359
128106,10,7,1,60,87,82,239,147,321,142,326,468
128106,10,7,2,37,39,24,41,76,65,61,80,141
128106,10,7,5,23,48,58,198,71,256,81,246,327
128106,11,8,1,46,95,135,413,141,548,181,508,689
128106,11,8,2,21,34,35,58,55,93,56,92,148
128106,11,8,5,25,61,100,355,86,455,125,416,541
128106,12,9,1,23,32,65,240,55,305,88,272,360
128106,12,9,2,10,8,26,33,18,59,36,41,77
128106,12,9,5,13,24,39,207,37,246,52,231,283
128106,13,10,1,0,1,7,18,1,25,7,19,26
128106,13,10,2,0,0,5,6,0,11,5,6,11
128106,13,10,5,0,1,2,12,1,14,2,13,15
128258,1,412,1,317,370,237,480,687,717,554,850,1404
128258,1,112,2,317,370,237,480,687,717,554,850,1404
128258,2,999,1,251,272,182,330,523,512,433,602,1035
128258,2,999,2,251,272,182,330,523,512,433,602,1035
128258,3,1,1,12,16,128,216,28,344,140,232,372
128258,3,1,2,12,16,128,216,28,344,140,232,372
128258,4,2,1,143,163,26,50,306,76,169,213,382
128258,4,2,2,143,163,26,50,306,76,169,213,382
128258,5,3,1,65,45,13,30,110,43,78,75,153
128258,5,3,2,65,45,13,30,110,43,78,75,153
128258,6,4,1,31,48,15,34,79,49,46,82,128
128258,6,4,2,31,48,15,34,79,49,46,82,128
128258,7,999,1,66,98,55,150,164,205,121,248,369
128258,7,999,2,66,98,55,150,164,205,121,248,369
128258,8,5,1,27,34,10,45,61,55,37,79,116
128258,8,5,2,27,34,10,45,61,55,37,79,116
128258,9,6,1,16,22,5,37,38,42,21,59,80
128258,9,6,2,16,22,5,37,38,42,21,59,80
128258,10,7,1,12,23,12,19,35,31,24,42,66
128258,10,7,2,12,23,12,19,35,31,24,42,66
128258,11,8,1,5,12,19,30,17,49,24,42,66
128258,11,8,2,5,12,19,30,17,49,24,42,66
128258,12,9,1,6,7,6,19,13,25,12,26,38
128258,12,9,2,6,7,6,19,13,25,12,26,38
128258,13,10,1,0,0,3,0,0,3,3,0,3
128258,13,10,2,0,0,3,0,0,3,3,0,3
128328,1,412,1,3100,1207,0,0,4307,0,3100,1207,4307
128328,1,112,2,3100,1207,0,0,4307,0,3100,1207,4307
128328,2,999,1,3039,1192,0,0,4231,0,3039,1192,4231
128328,2,999,2,3039,1192,0,0,4231,0,3039,1192,4231
128328,3,1,1,1,0,0,0,1,0,1,0,1
128328,3,1,2,1,0,0,0,1,0,1,0,1
128328,4,2,1,847,426,0,0,1273,0,847,426,1273
128328,4,2,2,847,426,0,0,1273,0,847,426,1273
128328,5,3,1,1440,545,0,0,1985,0,1440,545,1985
128328,5,3,2,1440,545,0,0,1985,0,1440,545,1985
128328,6,4,1,751,221,0,0,972,0,751,221,972
128328,6,4,2,751,221,0,0,972,0,751,221,972
128328,7,999,1,61,15,0,0,76,0,61,15,76
128328,7,999,2,61,15,0,0,76,0,61,15,76
128328,8,5,1,61,15,0,0,76,0,61,15,76
128328,8,5,2,61,15,0,0,76,0,61,15,76
128337,1,412,1,3,53,1,36,56,37,4,89,93
128337,1,112,2,3,53,1,36,56,37,4,89,93
128337,2,999,1,1,40,0,17,41,17,1,57,58
128337,2,999,2,1,40,0,17,41,17,1,57,58
128337,4,2,1,0,20,0,3,20,3,0,23,23
128337,4,2,2,0,20,0,3,20,3,0,23,23
128337,5,3,1,0,15,0,8,15,8,0,23,23
128337,5,3,2,0,15,0,8,15,8,0,23,23
128337,6,4,1,1,5,0,6,6,6,1,11,12
128337,6,4,2,1,5,0,6,6,6,1,11,12
128337,7,999,1,2,13,1,19,15,20,3,32,35
128337,7,999,2,2,13,1,19,15,20,3,32,35
128337,8,5,1,2,8,1,12,10,13,3,20,23
128337,8,5,2,2,8,1,12,10,13,3,20,23
128337,9,6,1,0,5,0,5,5,5,0,10,10
128337,9,6,2,0,5,0,5,5,5,0,10,10
128337,10,7,1,0,0,0,1,0,1,0,1,1
128337,10,7,2,0,0,0,1,0,1,0,1,1
128337,11,8,1,0,0,0,1,0,1,0,1,1
128337,11,8,2,0,0,0,1,0,1,0,1,1
128391,1,412,1,1054,896,544,709,1950,1253,1598,1605,3203
128391,1,112,2,935,681,510,623,1616,1133,1445,1304,2749
128391,1,312,5,119,215,34,86,334,120,153,301,454
128391,2,999,1,905,692,468,572,1597,1040,1373,1264,2637
128391,2,999,2,883,652,465,567,1535,1032,1348,1219,2567
128391,2,999,5,22,40,3,5,62,8,25,45,70
128391,3,1,1,7,12,342,490,19,832,349,502,851
128391,3,1,2,7,12,342,490,19,832,349,502,851
128391,4,2,1,420,285,59,49,705,108,479,334,813
128391,4,2,2,420,285,59,49,705,108,479,334,813
128391,5,3,1,317,282,22,12,599,34,339,294,633
128391,5,3,2,317,279,22,12,596,34,339,291,630
128391,5,3,5,0,3,0,0,3,0,0,3,3
128391,6,4,1,161,113,45,21,274,66,206,134,340
128391,6,4,2,139,76,42,16,215,58,181,92,273
128391,6,4,5,22,37,3,5,59,8,25,42,67
128391,7,999,1,149,204,76,137,353,213,225,341,566
128391,7,999,2,52,29,45,56,81,101,97,85,182
128391,7,999,5,97,175,31,81,272,112,128,256,384
128391,8,5,1,75,85,37,44,160,81,112,129,241
128391,8,5,2,35,16,30,21,51,51,65,37,102
128391,8,5,5,40,69,7,23,109,30,47,92,139
128391,9,6,1,34,35,19,31,69,50,53,66,119
128391,9,6,2,7,8,10,12,15,22,17,20,37
128391,9,6,5,27,27,9,19,54,28,36,46,82
128391,10,7,1,22,22,6,16,44,22,28,38,66
128391,10,7,2,5,1,1,4,6,5,6,5,11
128391,10,7,5,17,21,5,12,38,17,22,33,55
128391,11,8,1,13,50,10,25,63,35,23,75,98
128391,11,8,2,3,4,2,11,7,13,5,15,20
128391,11,8,5,10,46,8,14,56,22,18,60,78
128391,12,9,1,5,11,4,18,16,22,9,29,38
128391,12,9,2,2,0,2,5,2,7,4,5,9
128391,12,9,5,3,11,2,13,14,15,5,24,29
128391,13,10,1,0,1,0,3,1,3,0,4,4
128391,13,10,2,0,0,0,3,0,3,0,3,3
128391,13,10,5,0,1,0,0,1,0,0,1,1
128498,1,412,1,413,732,69,170,1145,239,482,902,1384
128498,1,112,2,365,578,37,108,943,145,402,686,1088
128498,1,312,5,48,154,32,62,202,94,80,216,296
128498,2,999,1,274,352,10,15,626,25,284,367,651
128498,2,999,2,262,323,7,6,585,13,269,329,598
128498,2,999,5,12,29,3,9,41,12,15,38,53
128498,3,1,1,0,2,2,0,2,2,2,2,4
128498,3,1,2,0,2,2,0,2,2,2,2,4
128498,4,2,1,108,166,3,1,274,4,111,167,278
128498,4,2,2,108,166,3,1,274,4,111,167,278
128498,5,3,1,107,113,0,1,220,1,107,114,221
128498,5,3,2,107,113,0,1,220,1,107,114,221
128498,6,4,1,59,71,5,13,130,18,64,84,148
128498,6,4,2,47,42,2,4,89,6,49,46,95
128498,6,4,5,12,29,3,9,41,12,15,38,53
128498,7,999,1,139,380,59,155,519,214,198,535,733
128498,7,999,2,103,255,30,102,358,132,133,357,490
128498,7,999,5,36,125,29,53,161,82,65,178,243
128498,8,5,1,36,94,13,32,130,45,49,126,175
128498,8,5,2,21,60,6,21,81,27,27,81,108
128498,8,5,5,15,34,7,11,49,18,22,45,67
128498,9,6,1,27,88,4,30,115,34,31,118,149
128498,9,6,2,23,60,0,17,83,17,23,77,100
128498,9,6,5,4,28,4,13,32,17,8,41,49
128498,10,7,1,27,67,16,25,94,41,43,92,135
128498,10,7,2,22,44,8,14,66,22,30,58,88
128498,10,7,5,5,23,8,11,28,19,13,34,47
128498,11,8,1,42,87,16,39,129,55,58,126,184
128498,11,8,2,34,60,11,25,94,36,45,85,130
128498,11,8,5,8,27,5,14,35,19,13,41,54
128498,12,9,1,7,43,10,29,50,39,17,72,89
128498,12,9,2,3,30,5,25,33,30,8,55,63
128498,12,9,5,4,13,5,4,17,9,9,17,26
128498,13,10,1,0,1,0,0,1,0,0,1,1
128498,13,10,2,0,1,0,0,1,0,0,1,1
128577,1,412,1,220,235,338,511,455,849,558,746,1304
128577,1,112,2,220,235,338,511,455,849,558,746,1304
128577,2,999,1,155,162,227,279,317,506,382,441,823
128577,2,999,2,155,162,227,279,317,506,382,441,823
128577,3,1,1,7,12,80,80,19,160,87,92,179
128577,3,1,2,7,12,80,80,19,160,87,92,179
128577,4,2,1,105,95,55,52,200,107,160,147,307
128577,4,2,2,105,95,55,52,200,107,160,147,307
128577,5,3,1,26,24,58,65,50,123,84,89,173
128577,5,3,2,26,24,58,65,50,123,84,89,173
128577,6,4,1,17,31,34,82,48,116,51,113,164
128577,6,4,2,17,31,34,82,48,116,51,113,164
128577,7,999,1,65,73,111,231,138,342,176,304,480
128577,7,999,2,65,73,111,231,138,342,176,304,480
128577,8,5,1,28,25,33,86,53,119,61,111,172
128577,8,5,2,28,25,33,86,53,119,61,111,172
128577,9,6,1,12,16,32,57,28,89,44,73,117
128577,9,6,2,12,16,32,57,28,89,44,73,117
128577,10,7,1,10,10,17,28,20,45,27,38,65
128577,10,7,2,10,10,17,28,20,45,27,38,65
128577,11,8,1,9,12,14,27,21,41,23,39,62
128577,11,8,2,9,12,14,27,21,41,23,39,62
128577,12,9,1,6,9,13,30,15,43,19,39,58
128577,12,9,2,6,9,13,30,15,43,19,39,58
128577,13,10,1,0,1,2,3,1,5,2,4,6
128577,13,10,2,0,1,2,3,1,5,2,4,6
128577,14,11,1,0,0,0,1,0,1,0,1,1
128577,14,11,2,0,0,0,1,0,1,0,1,1
128744,1,412,1,952,1713,339,1151,2665,1490,1291,2864,4155
128744,1,112,2,624,1244,76,406,1868,482,700,1650,2350
128744,1,312,5,328,469,263,745,797,1008,591,1214,1805
128744,2,999,1,631,1156,46,123,1787,169,677,1279,1956
128744,2,999,2,532,996,17,58,1528,75,549,1054,1603
128744,2,999,5,99,160,29,65,259,94,128,225,353
128744,3,1,1,17,38,1,10,55,11,18,48,66
128744,3,1,2,17,38,1,10,55,11,18,48,66
128744,4,2,1,177,352,1,3,529,4,178,355,533
128744,4,2,2,177,352,1,3,529,4,178,355,533
128744,5,3,1,221,428,3,7,649,10,224,435,659
128744,5,3,2,217,420,3,5,637,8,220,425,645
128744,5,3,5,4,8,0,2,12,2,4,10,14
128744,6,4,1,216,338,41,103,554,144,257,441,698
128744,6,4,2,121,186,12,40,307,52,133,226,359
128744,6,4,5,95,152,29,63,247,92,124,215,339
128744,7,999,1,321,557,293,1028,878,1321,614,1585,2199
128744,7,999,2,92,248,59,348,340,407,151,596,747
128744,7,999,5,229,309,234,680,538,914,463,989,1452
128744,8,5,1,160,287,70,243,447,313,230,530,760
128744,8,5,2,48,121,13,89,169,102,61,210,271
128744,8,5,5,112,166,57,154,278,211,169,320,489
128744,9,6,1,79,119,62,236,198,298,141,355,496
128744,9,6,2,22,62,17,81,84,98,39,143,182
128744,9,6,5,57,57,45,155,114,200,102,212,314
128744,10,7,1,33,66,48,163,99,211,81,229,310
128744,10,7,2,11,35,10,60,46,70,21,95,116
128744,10,7,5,22,31,38,103,53,141,60,134,194
128744,11,8,1,36,56,69,259,92,328,105,315,420
128744,11,8,2,6,20,11,83,26,94,17,103,120
128744,11,8,5,30,36,58,176,66,234,88,212,300
128744,12,9,1,12,28,41,121,40,162,53,149,202
128744,12,9,2,5,10,8,33,15,41,13,43,56
128744,12,9,5,7,18,33,88,25,121,40,106,146
128744,13,10,1,1,1,3,6,2,9,4,7,11
128744,13,10,2,0,0,0,2,0,2,0,2,2
128744,13,10,5,1,1,3,4,2,7,4,5,9
128771,1,412,1,3747,3606,1551,1748,7353,3299,5298,5354,10652
128771,1,112,2,3569,3242,1011,771,6811,1782,4580,4013,8593
128771,1,312,5,178,364,540,977,542,1517,718,1341,2059
128771,2,999,1,3269,3101,592,554,6370,1146,3861,3655,7516
128771,2,999,2,3202,2966,513,412,6168,925,3715,3378,7093
128771,2,999,5,67,135,79,142,202,221,146,277,423
128771,3,1,1,83,101,27,35,184,62,110,136,246
128771,3,1,2,83,101,27,35,184,62,110,136,246
128771,4,2,1,1180,1088,63,48,2268,111,1243,1136,2379
128771,4,2,2,1180,1088,63,48,2268,111,1243,1136,2379
128771,5,3,1,1165,1177,127,113,2342,240,1292,1290,2582
128771,5,3,2,1161,1170,124,106,2331,230,1285,1276,2561
128771,5,3,5,4,7,3,7,11,10,7,14,21
128771,6,4,1,841,735,375,358,1576,733,1216,1093,2309
128771,6,4,2,778,607,299,223,1385,522,1077,830,1907
128771,6,4,5,63,128,76,135,191,211,139,263,402
128771,7,999,1,478,505,959,1194,983,2153,1437,1699,3136
128771,7,999,2,367,276,498,359,643,857,865,635,1500
128771,7,999,5,111,229,461,835,340,1296,572,1064,1636
128771,8,5,1,302,298,402,438,600,840,704,736,1440
128771,8,5,2,249,179,252,185,428,437,501,364,865
128771,8,5,5,53,119,150,253,172,403,203,372,575
128771,9,6,1,93,103,193,231,196,424,286,334,620
128771,9,6,2,64,57,98,68,121,166,162,125,287
128771,9,6,5,29,46,95,163,75,258,124,209,333
128771,10,7,1,42,42,127,143,84,270,169,185,354
128771,10,7,2,31,22,59,34,53,93,90,56,146
128771,10,7,5,11,20,68,109,31,177,79,129,208
128771,11,8,1,36,43,125,216,79,341,161,259,420
128771,11,8,2,20,15,49,43,35,92,69,58,127
128771,11,8,5,16,28,76,173,44,249,92,201,293
128771,12,9,1,5,19,77,131,24,208,82,150,232
128771,12,9,2,3,3,30,20,6,50,33,23,56
128771,12,9,5,2,16,47,111,18,158,49,127,176
128771,13,10,1,0,0,35,35,0,70,35,35,70
128771,13,10,2,0,0,10,9,0,19,10,9,19
128771,13,10,5,0,0,25,26,0,51,25,26,51
128780,1,412,1,96,314,344,880,410,1224,440,1194,1634
128780,1,112,2,93,308,325,812,401,1137,418,1120,1538
128780,1,312,5,3,6,19,68,9,87,22,74,96
128780,2,999,1,24,62,36,94,86,130,60,156,216
128780,2,999,2,24,62,36,92,86,128,60,154,214
128780,2,999,5,0,0,0,2,0,2,0,2,2
128780,3,1,1,1,0,1,4,1,5,2,4,6
128780,3,1,2,1,0,1,3,1,4,2,3,5
128780,3,1,5,0,0,0,1,0,1,0,1,1
128780,4,2,1,1,6,8,6,7,14,9,12,21
128780,4,2,2,1,6,8,6,7,14,9,12,21
128780,5,3,1,2,10,6,16,12,22,8,26,34
128780,5,3,2,2,10,6,16,12,22,8,26,34
128780,6,4,1,20,46,21,68,66,89,41,114,155
128780,6,4,2,20,46,21,67,66,88,41,113,154
128780,6,4,5,0,0,0,1,0,1,0,1,1
128780,7,999,1,72,252,308,786,324,1094,380,1038,1418
128780,7,999,2,69,246,289,720,315,1009,358,966,1324
128780,7,999,5,3,6,19,66,9,85,22,72,94
128780,8,5,1,15,76,62,120,91,182,77,196,273
128780,8,5,2,15,76,61,114,91,175,76,190,266
128780,8,5,5,0,0,1,6,0,7,1,6,7
128780,9,6,1,23,55,50,155,78,205,73,210,283
128780,9,6,2,22,52,47,147,74,194,69,199,268
128780,9,6,5,1,3,3,8,4,11,4,11,15
128780,10,7,1,15,51,59,143,66,202,74,194,268
128780,10,7,2,14,50,56,132,64,188,70,182,252
128780,10,7,5,1,1,3,11,2,14,4,12,16
128780,11,8,1,12,46,88,219,58,307,100,265,365
128780,11,8,2,11,45,81,201,56,282,92,246,338
128780,11,8,5,1,1,7,18,2,25,8,19,27
128780,12,9,1,7,24,47,144,31,191,54,168,222
128780,12,9,2,7,23,43,122,30,165,50,145,195
128780,12,9,5,0,1,4,22,1,26,4,23,27
128780,13,10,1,0,0,2,5,0,7,2,5,7
128780,13,10,2,0,0,1,4,0,5,1,4,5
128780,13,10,5,0,0,1,1,0,2,1,1,2
128902,1,412,1,639,1050,21,27,1689,48,660,1077,1737
128902,1,112,2,639,1050,21,27,1689,48,660,1077,1737
128902,2,999,1,637,1046,20,25,1683,45,657,1071,1728
128902,2,999,2,637,1046,20,25,1683,45,657,1071,1728
128902,3,1,1,9,26,6,10,35,16,15,36,51
128902,3,1,2,9,26,6,10,35,16,15,36,51
128902,4,2,1,259,493,5,8,752,13,264,501,765
128902,4,2,2,259,493,5,8,752,13,264,501,765
128902,5,3,1,302,485,7,4,787,11,309,489,798
128902,5,3,2,302,485,7,4,787,11,309,489,798
128902,6,4,1,67,42,2,3,109,5,69,45,114
128902,6,4,2,67,42,2,3,109,5,69,45,114
128902,7,999,1,2,4,1,2,6,3,3,6,9
128902,7,999,2,2,4,1,2,6,3,3,6,9
128902,8,5,1,1,2,1,0,3,1,2,2,4
128902,8,5,2,1,2,1,0,3,1,2,2,4
128902,9,6,1,0,1,0,0,1,0,0,1,1
128902,9,6,2,0,1,0,0,1,0,0,1,1
128902,10,7,1,1,0,0,1,1,1,1,1,2
128902,10,7,2,1,0,0,1,1,1,1,1,2
128902,11,8,1,0,1,0,0,1,0,0,1,1
128902,11,8,2,0,1,0,0,1,0,0,1,1
128902,12,9,1,0,0,0,1,0,1,0,1,1
128902,12,9,2,0,0,0,1,0,1,0,1,1
129020,1,412,1,11214,12500,1739,1762,23714,3501,12953,14262,27215
129020,1,112,2,8692,9398,465,362,18090,827,9157,9760,18917
129020,1,312,5,2522,3102,1274,1400,5624,2674,3796,4502,8298
129020,2,999,1,9402,10669,501,464,20071,965,9903,11133,21036
129020,2,999,2,8499,9265,368,276,17764,644,8867,9541,18408
129020,2,999,5,903,1404,133,188,2307,321,1036,1592,2628
129020,3,1,1,239,368,5,8,607,13,244,376,620
129020,3,1,2,239,368,5,8,607,13,244,376,620
129020,4,2,1,3408,4077,59,50,7485,109,3467,4127,7594
129020,4,2,2,3408,4076,59,50,7484,109,3467,4126,7593
129020,4,2,5,0,1,0,0,1,0,0,1,1
129020,5,3,1,4123,4396,129,111,8519,240,4252,4507,8759
129020,5,3,2,4074,4291,123,102,8365,225,4197,4393,8590
129020,5,3,5,49,105,6,9,154,15,55,114,169
129020,6,4,1,1632,1828,308,295,3460,603,1940,2123,4063
129020,6,4,2,778,530,181,116,1308,297,959,646,1605
129020,6,4,5,854,1298,127,179,2152,306,981,1477,2458
129020,7,999,1,1812,1831,1238,1298,3643,2536,3050,3129,6179
129020,7,999,2,193,133,97,86,326,183,290,219,509
129020,7,999,5,1619,1698,1141,1212,3317,2353,2760,2910,5670
129020,8,5,1,1174,1178,504,428,2352,932,1678,1606,3284
129020,8,5,2,128,81,52,38,209,90,180,119,299
129020,8,5,5,1046,1097,452,390,2143,842,1498,1487,2985
129020,9,6,1,401,384,317,308,785,625,718,692,1410
129020,9,6,2,40,27,17,19,67,36,57,46,103
129020,9,6,5,361,357,300,289,718,589,661,646,1307
129020,10,7,1,138,119,172,188,257,360,310,307,617
129020,10,7,2,18,15,9,6,33,15,27,21,48
129020,10,7,5,120,104,163,182,224,345,283,286,569
129020,11,8,1,83,110,163,240,193,403,246,350,596
129020,11,8,2,7,8,12,9,15,21,19,17,36
129020,11,8,5,76,102,151,231,178,382,227,333,560
129020,12,9,1,12,39,75,120,51,195,87,159,246
129020,12,9,2,0,2,6,9,2,15,6,11,17
129020,12,9,5,12,37,69,111,49,180,81,148,229
129020,13,10,1,4,1,7,14,5,21,11,15,26
129020,13,10,2,0,0,1,5,0,6,1,5,6
129020,13,10,5,4,1,6,9,5,15,10,10,20
129154,1,412,1,112,317,487,2396,429,2883,599,2713,3312
129154,1,112,2,111,305,465,2332,416,2797,576,2637,3213
129154,1,312,5,1,12,22,64,13,86,23,76,99
129154,2,999,1,65,153,147,513,218,660,212,666,878
129154,2,999,2,65,153,145,507,218,652,210,660,870
129154,2,999,5,0,0,2,6,0,8,2,6,8
129154,3,1,1,7,5,56,44,12,100,63,49,112
129154,3,1,2,7,5,56,44,12,100,63,49,112
129154,4,2,1,17,34,20,58,51,78,37,92,129
129154,4,2,2,17,34,20,58,51,78,37,92,129
129154,5,3,1,17,45,19,115,62,134,36,160,196
129154,5,3,2,17,45,19,115,62,134,36,160,196
129154,6,4,1,24,69,52,296,93,348,76,365,441
129154,6,4,2,24,69,50,290,93,340,74,359,433
129154,6,4,5,0,0,2,6,0,8,2,6,8
129154,7,999,1,47,164,260,1818,211,2078,307,1982,2289
129154,7,999,2,46,152,240,1760,198,2000,286,1912,2198
129154,7,999,5,1,12,20,58,13,78,21,70,91
129154,8,5,1,21,81,73,617,102,690,94,698,792
129154,8,5,2,21,78,70,605,99,675,91,683,774
129154,8,5,5,0,3,3,12,3,15,3,15,18
129154,9,6,1,15,38,70,511,53,581,85,549,634
129154,9,6,2,15,36,67,497,51,564,82,533,615
129154,9,6,5,0,2,3,14,2,17,3,16,19
129154,10,7,1,3,13,44,307,16,351,47,320,367
129154,10,7,2,2,12,42,298,14,340,44,310,354
129154,10,7,5,1,1,2,9,2,11,3,10,13
129154,11,8,1,7,21,49,287,28,336,56,308,364
129154,11,8,2,7,18,42,269,25,311,49,287,336
129154,11,8,5,0,3,7,18,3,25,7,21,28
129154,12,9,1,1,11,23,95,12,118,24,106,130
129154,12,9,2,1,8,18,90,9,108,19,98,117
129154,12,9,5,0,3,5,5,3,10,5,8,13
129154,13,10,1,0,0,1,1,0,2,1,1,2
129154,13,10,2,0,0,1,1,0,2,1,1,2
129154,14,11,1,0,0,80,65,0,145,80,65,145
129154,14,11,2,0,0,80,65,0,145,80,65,145
129181,1,412,1,715,61,245,15,776,260,960,76,1036
129181,1,112,2,715,61,245,15,776,260,960,76,1036
129181,2,999,1,615,52,182,12,667,194,797,64,861
129181,2,999,2,615,52,182,12,667,194,797,64,861
129181,3,1,1,390,30,127,6,420,133,517,36,553
129181,3,1,2,390,30,127,6,420,133,517,36,553
129181,4,2,1,112,10,20,1,122,21,132,11,143
129181,4,2,2,112,10,20,1,122,21,132,11,143
129181,5,3,1,55,4,14,3,59,17,69,7,76
129181,5,3,2,55,4,14,3,59,17,69,7,76
129181,6,4,1,58,8,21,2,66,23,79,10,89
129181,6,4,2,58,8,21,2,66,23,79,10,89
129181,7,999,1,100,9,63,3,109,66,163,12,175
129181,7,999,2,100,9,63,3,109,66,163,12,175
129181,8,5,1,48,6,31,3,54,34,79,9,88
129181,8,5,2,48,6,31,3,54,34,79,9,88
129181,9,6,1,18,1,13,0,19,13,31,1,32
129181,9,6,2,18,1,13,0,19,13,31,1,32
129181,10,7,1,13,2,8,0,15,8,21,2,23
129181,10,7,2,13,2,8,0,15,8,21,2,23
129181,11,8,1,19,0,8,0,19,8,27,0,27
129181,11,8,2,19,0,8,0,19,8,27,0,27
129181,12,9,1,2,0,3,0,2,3,5,0,5
129181,12,9,2,2,0,3,0,2,3,5,0,5
129215,1,412,1,1580,2217,345,502,3797,847,1925,2719,4644
129215,1,112,2,1551,2162,323,439,3713,762,1874,2601,4475
129215,1,312,5,29,55,22,63,84,85,51,118,169
129215,2,999,1,1510,2124,265,346,3634,611,1775,2470,4245
129215,2,999,2,1491,2082,260,329,3573,589,1751,2411,4162
129215,2,999,5,19,42,5,17,61,22,24,59,83
129215,3,1,1,59,105,125,207,164,332,184,312,496
129215,3,1,2,59,105,125,207,164,332,184,312,496
129215,4,2,1,584,876,20,11,1460,31,604,887,1491
129215,4,2,2,584,876,20,11,1460,31,604,887,1491
129215,5,3,1,615,897,33,35,1512,68,648,932,1580
129215,5,3,2,614,891,32,32,1505,64,646,923,1569
129215,5,3,5,1,6,1,3,7,4,2,9,11
129215,6,4,1,252,246,87,93,498,180,339,339,678
129215,6,4,2,234,210,83,79,444,162,317,289,606
129215,6,4,5,18,36,4,14,54,18,22,50,72
129215,7,999,1,70,93,80,156,163,236,150,249,399
129215,7,999,2,60,80,63,110,140,173,123,190,313
129215,7,999,5,10,13,17,46,23,63,27,59,86
129215,8,5,1,43,62,33,61,105,94,76,123,199
129215,8,5,2,42,55,28,48,97,76,70,103,173
129215,8,5,5,1,7,5,13,8,18,6,20,26
129215,9,6,1,13,15,15,20,28,35,28,35,63
129215,9,6,2,9,11,10,12,20,22,19,23,42
129215,9,6,5,4,4,5,8,8,13,9,12,21
129215,10,7,1,7,3,7,16,10,23,14,19,33
129215,10,7,2,5,3,5,11,8,16,10,14,24
129215,10,7,5,2,0,2,5,2,7,4,5,9
129215,11,8,1,6,8,10,37,14,47,16,45,61
129215,11,8,2,4,7,8,24,11,32,12,31,43
129215,11,8,5,2,1,2,13,3,15,4,14,18
129215,12,9,1,1,5,11,13,6,24,12,18,30
129215,12,9,2,0,4,8,9,4,17,8,13,21
129215,12,9,5,1,1,3,4,2,7,4,5,9
129215,13,10,1,0,0,4,9,0,13,4,9,13
129215,13,10,2,0,0,4,6,0,10,4,6,10
129215,13,10,5,0,0,0,3,0,3,0,3,3
129242,1,412,1,1935,2878,233,467,4813,700,2168,3345,5513
129242,1,112,2,1740,2491,67,56,4231,123,1807,2547,4354
129242,1,312,5,195,387,166,411,582,577,361,798,1159
129242,2,999,1,1853,2667,81,96,4520,177,1934,2763,4697
129242,2,999,2,1730,2463,48,31,4193,79,1778,2494,4272
129242,2,999,5,123,204,33,65,327,98,156,269,425
129242,3,1,1,14,49,5,4,63,9,19,53,72
129242,3,1,2,14,49,5,4,63,9,19,53,72
129242,4,2,1,862,1239,15,7,2101,22,877,1246,2123
129242,4,2,2,862,1239,15,7,2101,22,877,1246,2123
129242,5,3,1,773,1117,13,14,1890,27,786,1131,1917
129242,5,3,2,766,1096,11,9,1862,20,777,1105,1882
129242,5,3,5,7,21,2,5,28,7,9,26,35
129242,6,4,1,204,262,48,71,466,119,252,333,585
129242,6,4,2,88,79,17,11,167,28,105,90,195
129242,6,4,5,116,183,31,60,299,91,147,243,390
129242,7,999,1,82,211,152,371,293,523,234,582,816
129242,7,999,2,10,28,19,25,38,44,29,53,82
129242,7,999,5,72,183,133,346,255,479,205,529,734
129242,8,5,1,41,94,55,140,135,195,96,234,330
129242,8,5,2,9,20,7,4,29,11,16,24,40
129242,8,5,5,32,74,48,136,106,184,80,210,290
129242,9,6,1,17,41,39,62,58,101,56,103,159
129242,9,6,2,0,5,6,3,5,9,6,8,14
129242,9,6,5,17,36,33,59,53,92,50,95,145
129242,10,7,1,8,26,26,47,34,73,34,73,107
129242,10,7,2,0,2,4,6,2,10,4,8,12
129242,10,7,5,8,24,22,41,32,63,30,65,95
129242,11,8,1,9,25,18,65,34,83,27,90,117
129242,11,8,2,1,1,0,3,2,3,1,4,5
129242,11,8,5,8,24,18,62,32,80,26,86,112
129242,12,9,1,7,22,13,53,29,66,20,75,95
129242,12,9,2,0,0,2,8,0,10,2,8,10
129242,12,9,5,7,22,11,45,29,56,18,67,85
129242,13,10,1,0,3,1,4,3,5,1,7,8
129242,13,10,2,0,0,0,1,0,1,0,1,1
129242,13,10,5,0,3,1,3,3,4,1,6,7
129349,1,412,1,4,178,0,29,182,29,4,207,211
129349,1,112,2,4,178,0,29,182,29,4,207,211
129349,2,999,1,1,108,0,12,109,12,1,120,121
129349,2,999,2,1,108,0,12,109,12,1,120,121
129349,3,1,1,0,1,0,0,1,0,0,1,1
129349,3,1,2,0,1,0,0,1,0,0,1,1
129349,4,2,1,0,44,0,2,44,2,0,46,46
129349,4,2,2,0,44,0,2,44,2,0,46,46
129349,5,3,1,1,34,0,5,35,5,1,39,40
129349,5,3,2,1,34,0,5,35,5,1,39,40
129349,6,4,1,0,29,0,5,29,5,0,34,34
129349,6,4,2,0,29,0,5,29,5,0,34,34
129349,7,999,1,3,70,0,17,73,17,3,87,90
129349,7,999,2,3,70,0,17,73,17,3,87,90
129349,8,5,1,3,44,0,8,47,8,3,52,55
129349,8,5,2,3,44,0,8,47,8,3,52,55
129349,9,6,1,0,16,0,3,16,3,0,19,19
129349,9,6,2,0,16,0,3,16,3,0,19,19
129349,10,7,1,0,5,0,5,5,5,0,10,10
129349,10,7,2,0,5,0,5,5,5,0,10,10
129349,11,8,1,0,2,0,1,2,1,0,3,3
129349,11,8,2,0,2,0,1,2,1,0,3,3
129349,12,9,1,0,3,0,0,3,0,0,3,3
129349,12,9,2,0,3,0,0,3,0,0,3,3
129367,1,412,1,166,370,570,1609,536,2179,736,1979,2715
129367,1,112,2,166,370,570,1609,536,2179,736,1979,2715
129367,2,999,1,127,248,275,634,375,909,402,882,1284
129367,2,999,2,127,248,275,634,375,909,402,882,1284
129367,3,1,1,12,16,61,128,28,189,73,144,217
129367,3,1,2,12,16,61,128,28,189,73,144,217
129367,4,2,1,56,126,49,110,182,159,105,236,341
129367,4,2,2,56,126,49,110,182,159,105,236,341
129367,5,3,1,33,57,71,161,90,232,104,218,322
129367,5,3,2,33,57,71,161,90,232,104,218,322
129367,6,4,1,26,49,94,235,75,329,120,284,404
129367,6,4,2,26,49,94,235,75,329,120,284,404
129367,7,999,1,39,122,295,975,161,1270,334,1097,1431
129367,7,999,2,39,122,295,975,161,1270,334,1097,1431
129367,8,5,1,21,68,97,340,89,437,118,408,526
129367,8,5,2,21,68,97,340,89,437,118,408,526
129367,9,6,1,5,29,73,250,34,323,78,279,357
129367,9,6,2,5,29,73,250,34,323,78,279,357
129367,10,7,1,7,15,41,150,22,191,48,165,213
129367,10,7,2,7,15,41,150,22,191,48,165,213
129367,11,8,1,3,7,47,170,10,217,50,177,227
129367,11,8,2,3,7,47,170,10,217,50,177,227
129367,12,9,1,2,3,30,58,5,88,32,61,93
129367,12,9,2,2,3,30,58,5,88,32,61,93
129367,13,10,1,1,0,7,7,1,14,8,7,15
129367,13,10,2,1,0,7,7,1,14,8,7,15
129428,1,412,1,0,0,89,26,0,115,89,26,115
129428,1,312,5,0,0,89,26,0,115,89,26,115
129428,2,999,1,0,0,9,6,0,15,9,6,15
129428,2,999,5,0,0,9,6,0,15,9,6,15
129428,6,4,1,0,0,9,6,0,15,9,6,15
129428,6,4,5,0,0,9,6,0,15,9,6,15
129428,7,999,1,0,0,80,20,0,100,80,20,100
129428,7,999,5,0,0,80,20,0,100,80,20,100
129428,8,5,1,0,0,43,12,0,55,43,12,55
129428,8,5,5,0,0,43,12,0,55,43,12,55
129428,9,6,1,0,0,20,3,0,23,20,3,23
129428,9,6,5,0,0,20,3,0,23,20,3,23
129428,10,7,1,0,0,6,1,0,7,6,1,7
129428,10,7,5,0,0,6,1,0,7,6,1,7
129428,11,8,1,0,0,5,2,0,7,5,2,7
129428,11,8,5,0,0,5,2,0,7,5,2,7
129428,12,9,1,0,0,6,2,0,8,6,2,8
129428,12,9,5,0,0,6,2,0,8,6,2,8
129491,1,412,1,18,8,40,54,26,94,58,62,120
129491,1,312,5,18,8,40,54,26,94,58,62,120
129491,2,999,1,4,1,1,3,5,4,5,4,9
129491,2,999,5,4,1,1,3,5,4,5,4,9
129491,6,4,1,4,1,1,3,5,4,5,4,9
129491,6,4,5,4,1,1,3,5,4,5,4,9
129491,7,999,1,14,7,39,51,21,90,53,58,111
129491,7,999,5,14,7,39,51,21,90,53,58,111
129491,8,5,1,4,1,7,2,5,9,11,3,14
129491,8,5,5,4,1,7,2,5,9,11,3,14
129491,9,6,1,2,0,5,8,2,13,7,8,15
129491,9,6,5,2,0,5,8,2,13,7,8,15
129491,10,7,1,4,1,4,6,5,10,8,7,15
129491,10,7,5,4,1,4,6,5,10,8,7,15
129491,11,8,1,3,1,12,8,4,20,15,9,24
129491,11,8,5,3,1,12,8,4,20,15,9,24
129491,12,9,1,1,4,9,21,5,30,10,25,35
129491,12,9,5,1,4,9,21,5,30,10,25,35
129491,13,10,1,0,0,2,6,0,8,2,6,8
129491,13,10,5,0,0,2,6,0,8,2,6,8
129525,1,412,1,2141,2681,677,994,4822,1671,2818,3675,6493
129525,1,112,2,1862,2211,207,241,4073,448,2069,2452,4521
129525,1,312,5,279,470,470,753,749,1223,749,1223,1972
129525,2,999,1,1963,2426,213,213,4389,426,2176,2639,4815
129525,2,999,2,1825,2175,150,124,4000,274,1975,2299,4274
129525,2,999,5,138,251,63,89,389,152,201,340,541
129525,3,1,1,68,131,36,18,199,54,104,149,253
129525,3,1,2,68,131,36,18,199,54,104,149,253
129525,4,2,1,829,1139,23,13,1968,36,852,1152,2004
129525,4,2,2,829,1139,22,13,1968,35,851,1152,2003
129525,4,2,5,0,0,1,0,0,1,1,0,1
129525,5,3,1,785,816,41,61,1601,102,826,877,1703
129525,5,3,2,771,799,40,59,1570,99,811,858,1669
129525,5,3,5,14,17,1,2,31,3,15,19,34
129525,6,4,1,281,340,113,121,621,234,394,461,855
129525,6,4,2,157,106,52,34,263,86,209,140,349
129525,6,4,5,124,234,61,87,358,148,185,321,506
129525,7,999,1,178,255,464,778,433,1242,642,1033,1675
129525,7,999,2,37,36,57,115,73,172,94,151,245
129525,7,999,5,141,219,407,663,360,1070,548,882,1430
129525,8,5,1,98,135,173,255,233,428,271,390,661
129525,8,5,2,22,15,19,37,37,56,41,52,93
129525,8,5,5,76,120,154,218,196,372,230,338,568
129525,9,6,1,43,42,112,158,85,270,155,200,355
129525,9,6,2,7,8,12,22,15,34,19,30,49
129525,9,6,5,36,34,100,136,70,236,136,170,306
129525,10,7,1,19,29,67,107,48,174,86,136,222
129525,10,7,2,4,4,8,11,8,19,12,15,27
129525,10,7,5,15,25,59,96,40,155,74,121,195
129525,11,8,1,12,30,74,173,42,247,86,203,289
129525,11,8,2,2,5,8,26,7,34,10,31,41
129525,11,8,5,10,25,66,147,35,213,76,172,248
129525,12,9,1,3,18,34,81,21,115,37,99,136
129525,12,9,2,1,4,7,17,5,24,8,21,29
129525,12,9,5,2,14,27,64,16,91,29,78,107
129525,13,10,1,3,1,4,4,4,8,7,5,12
129525,13,10,2,1,0,3,2,1,5,4,2,6
129525,13,10,5,2,1,1,2,3,3,3,3,6
129525,14,11,1,0,0,0,3,0,3,0,3,3
129525,14,11,2,0,0,0,2,0,2,0,2,2
129525,14,11,5,0,0,0,1,0,1,0,1,1
129534,1,412,1,167,89,243,149,256,392,410,238,648
129534,1,112,2,50,53,71,68,103,139,121,121,242
129534,1,312,5,117,36,172,81,153,253,289,117,406
129534,2,999,1,35,23,37,34,58,71,72,57,129
129534,2,999,2,29,22,31,30,51,61,60,52,112
129534,2,999,5,6,1,6,4,7,10,12,5,17
129534,3,1,1,0,0,10,10,0,20,10,10,20
129534,3,1,2,0,0,10,10,0,20,10,10,20
129534,4,2,1,7,11,8,5,18,13,15,16,31
129534,4,2,2,7,11,8,5,18,13,15,16,31
129534,5,3,1,12,5,5,6,17,11,17,11,28
129534,5,3,2,12,5,5,6,17,11,17,11,28
129534,6,4,1,16,7,14,13,23,27,30,20,50
129534,6,4,2,10,6,8,9,16,17,18,15,33
129534,6,4,5,6,1,6,4,7,10,12,5,17
129534,7,999,1,127,66,200,111,193,311,327,177,504
129534,7,999,2,21,31,39,37,52,76,60,68,128
129534,7,999,5,106,35,161,74,141,235,267,109,376
129534,8,5,1,30,16,32,20,46,52,62,36,98
129534,8,5,2,12,9,11,5,21,16,23,14,37
129534,8,5,5,18,7,21,15,25,36,39,22,61
129534,9,6,1,30,13,30,16,43,46,60,29,89
129534,9,6,2,4,8,7,7,12,14,11,15,26
129534,9,6,5,26,5,23,9,31,32,49,14,63
129534,10,7,1,25,17,32,18,42,50,57,35,92
129534,10,7,2,2,7,6,9,9,15,8,16,24
129534,10,7,5,23,10,26,9,33,35,49,19,68
129534,11,8,1,24,14,55,22,38,77,79,36,115
129534,11,8,2,2,4,11,9,6,20,13,13,26
129534,11,8,5,22,10,44,13,32,57,66,23,89
129534,12,9,1,13,6,35,33,19,68,48,39,87
129534,12,9,2,1,3,1,7,4,8,2,10,12
129534,12,9,5,12,3,34,26,15,60,46,29,75
129534,13,10,1,5,0,16,2,5,18,21,2,23
129534,13,10,2,0,0,3,0,0,3,3,0,3
129534,13,10,5,5,0,13,2,5,15,18,2,20
129534,14,11,1,5,0,6,4,5,10,11,4,15
129534,14,11,2,0,0,1,1,0,2,1,1,2
129534,14,11,5,5,0,5,3,5,8,10,3,13
129543,1,412,1,517,817,821,1666,1334,2487,1338,2483,3821
129543,1,112,2,517,817,821,1666,1334,2487,1338,2483,3821
129543,2,999,1,441,613,543,741,1054,1284,984,1354,2338
129543,2,999,2,441,613,543,741,1054,1284,984,1354,2338
129543,3,1,1,41,45,47,98,86,145,88,143,231
129543,3,1,2,41,45,47,98,86,145,88,143,231
129543,4,2,1,249,307,176,200,556,376,425,507,932
129543,4,2,2,249,307,176,200,556,376,425,507,932
129543,5,3,1,96,163,172,217,259,389,268,380,648
129543,5,3,2,96,163,172,217,259,389,268,380,648
129543,6,4,1,55,98,148,226,153,374,203,324,527
129543,6,4,2,55,98,148,226,153,374,203,324,527
129543,7,999,1,76,204,277,924,280,1201,353,1128,1481
129543,7,999,2,76,204,277,924,280,1201,353,1128,1481
129543,8,5,1,34,94,126,315,128,441,160,409,569
129543,8,5,2,34,94,126,315,128,441,160,409,569
129543,9,6,1,24,38,60,206,62,266,84,244,328
129543,9,6,2,24,38,60,206,62,266,84,244,328
129543,10,7,1,6,35,28,144,41,172,34,179,213
129543,10,7,2,6,35,28,144,41,172,34,179,213
129543,11,8,1,12,24,34,166,36,200,46,190,236
129543,11,8,2,12,24,34,166,36,200,46,190,236
129543,12,9,1,0,13,18,76,13,94,18,89,107
129543,12,9,2,0,13,18,76,13,94,18,89,107
129543,13,10,1,0,0,11,17,0,28,11,17,28
129543,13,10,2,0,0,11,17,0,28,11,17,28
129543,14,11,1,0,0,1,1,0,2,1,1,2
129543,14,11,2,0,0,1,1,0,2,1,1,2
129695,1,412,1,659,809,1252,1728,1468,2980,1911,2537,4448
129695,1,112,2,659,809,1252,1728,1468,2980,1911,2537,4448
129695,2,999,1,572,649,818,928,1221,1746,1390,1577,2967
129695,2,999,2,572,649,818,928,1221,1746,1390,1577,2967
129695,3,1,1,44,51,43,51,95,94,87,102,189
129695,3,1,2,44,51,43,51,95,94,87,102,189
129695,4,2,1,340,370,289,287,710,576,629,657,1286
129695,4,2,2,340,370,289,287,710,576,629,657,1286
129695,5,3,1,125,144,275,298,269,573,400,442,842
129695,5,3,2,125,144,275,298,269,573,400,442,842
129695,6,4,1,63,84,211,292,147,503,274,376,650
129695,6,4,2,63,84,211,292,147,503,274,376,650
129695,7,999,1,86,158,432,793,244,1225,518,951,1469
129695,7,999,2,86,158,432,793,244,1225,518,951,1469
129695,8,5,1,38,78,189,309,116,498,227,387,614
129695,8,5,2,38,78,189,309,116,498,227,387,614
129695,9,6,1,20,30,97,188,50,285,117,218,335
129695,9,6,2,20,30,97,188,50,285,117,218,335
129695,10,7,1,14,25,56,95,39,151,70,120,190
129695,10,7,2,14,25,56,95,39,151,70,120,190
129695,11,8,1,11,14,56,114,25,170,67,128,195
129695,11,8,2,11,14,56,114,25,170,67,128,195
129695,12,9,1,3,10,27,76,13,103,30,86,116
129695,12,9,2,3,10,27,76,13,103,30,86,116
129695,13,10,1,0,1,7,11,1,18,7,12,19
129695,13,10,2,0,1,7,11,1,18,7,12,19
129695,14,11,1,1,2,2,7,3,9,3,9,12
129695,14,11,2,1,2,2,7,3,9,3,9,12
129729,1,412,1,804,1082,1119,2078,1886,3197,1923,3160,5083
129729,1,112,2,804,1082,1119,2078,1886,3197,1923,3160,5083
129729,2,999,1,689,871,719,972,1560,1691,1408,1843,3251
129729,2,999,2,689,871,719,972,1560,1691,1408,1843,3251
129729,3,1,1,63,75,28,47,138,75,91,122,213
129729,3,1,2,63,75,28,47,138,75,91,122,213
129729,4,2,1,395,490,233,223,885,456,628,713,1341
129729,4,2,2,395,490,233,223,885,456,628,713,1341
129729,5,3,1,145,195,251,343,340,594,396,538,934
129729,5,3,2,145,195,251,343,340,594,396,538,934
129729,6,4,1,86,111,207,359,197,566,293,470,763
129729,6,4,2,86,111,207,359,197,566,293,470,763
129729,7,999,1,115,211,400,1106,326,1506,515,1317,1832
129729,7,999,2,115,211,400,1106,326,1506,515,1317,1832
129729,8,5,1,56,98,172,418,154,590,228,516,744
129729,8,5,2,56,98,172,418,154,590,228,516,744
129729,9,6,1,29,47,98,281,76,379,127,328,455
129729,9,6,2,29,47,98,281,76,379,127,328,455
129729,10,7,1,14,34,48,141,48,189,62,175,237
129729,10,7,2,14,34,48,141,48,189,62,175,237
129729,11,8,1,12,21,49,185,33,234,61,206,267
129729,11,8,2,12,21,49,185,33,234,61,206,267
129729,12,9,1,3,11,23,69,14,92,26,80,106
129729,12,9,2,3,11,23,69,14,92,26,80,106
129729,13,10,1,1,0,10,12,1,22,11,12,23
129729,13,10,2,1,0,10,12,1,22,11,12,23
129756,1,412,1,355,446,453,852,801,1305,808,1298,2106
129756,1,112,2,355,446,453,852,801,1305,808,1298,2106
129756,2,999,1,293,354,265,444,647,709,558,798,1356
129756,2,999,2,293,354,265,444,647,709,558,798,1356
129756,3,1,1,26,42,17,33,68,50,43,75,118
129756,3,1,2,26,42,17,33,68,50,43,75,118
129756,4,2,1,169,177,80,106,346,186,249,283,532
129756,4,2,2,169,177,80,106,346,186,249,283,532
129756,5,3,1,69,72,91,131,141,222,160,203,363
129756,5,3,2,69,72,91,131,141,222,160,203,363
129756,6,4,1,29,63,77,174,92,251,106,237,343
129756,6,4,2,29,63,77,174,92,251,106,237,343
129756,7,999,1,61,91,188,407,152,595,249,498,747
129756,7,999,2,61,91,188,407,152,595,249,498,747
129756,8,5,1,26,36,75,160,62,235,101,196,297
129756,8,5,2,26,36,75,160,62,235,101,196,297
129756,9,6,1,14,22,46,92,36,138,60,114,174
129756,9,6,2,14,22,46,92,36,138,60,114,174
129756,10,7,1,9,11,19,48,20,67,28,59,87
129756,10,7,2,9,11,19,48,20,67,28,59,87
129756,11,8,1,5,14,27,67,19,94,32,81,113
129756,11,8,2,5,14,27,67,19,94,32,81,113
129756,12,9,1,7,8,19,39,15,58,26,47,73
129756,12,9,2,7,8,19,39,15,58,26,47,73
129756,13,10,1,0,0,2,1,0,3,2,1,3
129756,13,10,2,0,0,2,1,0,3,2,1,3
129756,14,11,1,1,1,0,1,2,1,1,2,3
129756,14,11,2,1,1,0,1,2,1,1,2,3
129808,1,412,1,447,609,715,1389,1056,2104,1162,1998,3160
129808,1,112,2,447,609,715,1389,1056,2104,1162,1998,3160
129808,2,999,1,373,485,391,620,858,1011,764,1105,1869
129808,2,999,2,373,485,391,620,858,1011,764,1105,1869
129808,3,1,1,37,68,32,62,105,94,69,130,199
129808,3,1,2,37,68,32,62,105,94,69,130,199
129808,4,2,1,232,261,116,155,493,271,348,416,764
129808,4,2,2,232,261,116,155,493,271,348,416,764
129808,5,3,1,64,102,135,213,166,348,199,315,514
129808,5,3,2,64,102,135,213,166,348,199,315,514
129808,6,4,1,40,54,108,190,94,298,148,244,392
129808,6,4,2,40,54,108,190,94,298,148,244,392
129808,7,999,1,74,124,324,769,198,1093,398,893,1291
129808,7,999,2,74,124,324,769,198,1093,398,893,1291
129808,8,5,1,29,47,133,268,76,401,162,315,477
129808,8,5,2,29,47,133,268,76,401,162,315,477
129808,9,6,1,25,28,73,178,53,251,98,206,304
129808,9,6,2,25,28,73,178,53,251,98,206,304
129808,10,7,1,11,18,45,111,29,156,56,129,185
129808,10,7,2,11,18,45,111,29,156,56,129,185
129808,11,8,1,7,24,39,141,31,180,46,165,211
129808,11,8,2,7,24,39,141,31,180,46,165,211
129808,12,9,1,2,7,26,65,9,91,28,72,100
129808,12,9,2,2,7,26,65,9,91,28,72,100
129808,13,10,1,0,0,8,6,0,14,8,6,14
129808,13,10,2,0,0,8,6,0,14,8,6,14
129923,1,412,1,159,197,107,149,356,256,266,346,612
129923,1,112,2,159,197,107,149,356,256,266,346,612
129923,2,999,1,123,120,72,64,243,136,195,184,379
129923,2,999,2,123,120,72,64,243,136,195,184,379
129923,3,1,1,51,38,13,10,89,23,64,48,112
129923,3,1,2,51,38,13,10,89,23,64,48,112
129923,4,2,1,26,28,18,13,54,31,44,41,85
129923,4,2,2,26,28,18,13,54,31,44,41,85
129923,5,3,1,25,20,13,15,45,28,38,35,73
129923,5,3,2,25,20,13,15,45,28,38,35,73
129923,6,4,1,21,34,28,26,55,54,49,60,109
129923,6,4,2,21,34,28,26,55,54,49,60,109
129923,7,999,1,36,77,35,84,113,119,71,161,232
129923,7,999,2,36,77,35,84,113,119,71,161,232
129923,8,5,1,20,36,18,26,56,44,38,62,100
129923,8,5,2,20,36,18,26,56,44,38,62,100
129923,9,6,1,9,16,3,24,25,27,12,40,52
129923,9,6,2,9,16,3,24,25,27,12,40,52
129923,10,7,1,5,14,9,16,19,25,14,30,44
129923,10,7,2,5,14,9,16,19,25,14,30,44
129923,11,8,1,2,7,3,17,9,20,5,24,29
129923,11,8,2,2,7,3,17,9,20,5,24,29
129923,12,9,1,0,4,2,1,4,3,2,5,7
129923,12,9,2,0,4,2,1,4,3,2,5,7
129923,14,11,1,0,0,0,1,0,1,0,1,1
129923,14,11,2,0,0,0,1,0,1,0,1,1
129941,1,412,1,2648,3374,537,402,6022,939,3185,3776,6961
129941,1,112,2,2115,2722,149,111,4837,260,2264,2833,5097
129941,1,312,5,533,652,388,291,1185,679,921,943,1864
129941,2,999,1,2267,3035,145,125,5302,270,2412,3160,5572
129941,2,999,2,2009,2665,82,52,4674,134,2091,2717,4808
129941,2,999,5,258,370,63,73,628,136,321,443,764
129941,3,1,1,57,117,0,0,174,0,57,117,174
129941,3,1,2,57,117,0,0,174,0,57,117,174
129941,4,2,1,953,1322,10,10,2275,20,963,1332,2295
129941,4,2,2,953,1321,10,10,2274,20,963,1331,2294
129941,4,2,5,0,1,0,0,1,0,0,1,1
129941,5,3,1,851,1147,23,18,1998,41,874,1165,2039
129941,5,3,2,832,1106,23,16,1938,39,855,1122,1977
129941,5,3,5,19,41,0,2,60,2,19,43,62
129941,6,4,1,406,449,112,97,855,209,518,546,1064
129941,6,4,2,167,121,49,26,288,75,216,147,363
129941,6,4,5,239,328,63,71,567,134,302,399,701
129941,7,999,1,381,339,392,277,720,669,773,616,1389
129941,7,999,2,106,57,67,59,163,126,173,116,289
129941,7,999,5,275,282,325,218,557,543,600,500,1100
129941,8,5,1,232,204,138,114,436,252,370,318,688
129941,8,5,2,61,37,22,22,98,44,83,59,142
129941,8,5,5,171,167,116,92,338,208,287,259,546
129941,9,6,1,76,70,72,58,146,130,148,128,276
129941,9,6,2,28,15,20,14,43,34,48,29,77
129941,9,6,5,48,55,52,44,103,96,100,99,199
129941,10,7,1,40,34,70,32,74,102,110,66,176
129941,10,7,2,11,2,9,6,13,15,20,8,28
129941,10,7,5,29,32,61,26,61,87,90,58,148
129941,11,8,1,22,18,68,51,40,119,90,69,159
129941,11,8,2,4,3,9,12,7,21,13,15,28
129941,11,8,5,18,15,59,39,33,98,77,54,131
129941,12,9,1,11,13,38,22,24,60,49,35,84
129941,12,9,2,2,0,7,5,2,12,9,5,14
129941,12,9,5,9,13,31,17,22,48,40,30,70
129941,13,10,1,0,0,6,0,0,6,6,0,6
129941,13,10,5,0,0,6,0,0,6,6,0,6
130004,1,412,1,626,798,1142,1854,1424,2996,1768,2652,4420
130004,1,112,2,626,798,1142,1854,1424,2996,1768,2652,4420
130004,2,999,1,559,637,806,912,1196,1718,1365,1549,2914
130004,2,999,2,559,637,806,912,1196,1718,1365,1549,2914
130004,3,1,1,47,62,50,39,109,89,97,101,198
130004,3,1,2,47,62,50,39,109,89,97,101,198
130004,4,2,1,289,328,242,254,617,496,531,582,1113
130004,4,2,2,289,328,242,254,617,496,531,582,1113
130004,5,3,1,164,158,284,301,322,585,448,459,907
130004,5,3,2,164,158,284,301,322,585,448,459,907
130004,6,4,1,59,89,230,318,148,548,289,407,696
130004,6,4,2,59,89,230,318,148,548,289,407,696
130004,7,999,1,67,159,336,942,226,1278,403,1101,1504
130004,7,999,2,67,159,336,942,226,1278,403,1101,1504
130004,8,5,1,41,75,188,368,116,556,229,443,672
130004,8,5,2,41,75,188,368,116,556,229,443,672
130004,9,6,1,12,38,59,204,50,263,71,242,313
130004,9,6,2,12,38,59,204,50,263,71,242,313
130004,10,7,1,9,15,50,132,24,182,59,147,206
130004,10,7,2,9,15,50,132,24,182,59,147,206
130004,11,8,1,2,25,18,135,27,153,20,160,180
130004,11,8,2,2,25,18,135,27,153,20,160,180
130004,12,9,1,3,6,12,83,9,95,15,89,104
130004,12,9,2,3,6,12,83,9,95,15,89,104
130004,13,10,1,0,0,9,20,0,29,9,20,29
130004,13,10,2,0,0,9,20,0,29,9,20,29
130004,14,11,1,0,2,0,0,2,0,0,2,2
130004,14,11,2,0,2,0,0,2,0,0,2,2
130040,1,412,1,170,287,218,553,457,771,388,840,1228
130040,1,112,2,170,287,218,553,457,771,388,840,1228
130040,2,999,1,153,239,134,279,392,413,287,518,805
130040,2,999,2,153,239,134,279,392,413,287,518,805
130040,3,1,1,5,29,24,56,34,80,29,85,114
130040,3,1,2,5,29,24,56,34,80,29,85,114
130040,4,2,1,111,161,36,73,272,109,147,234,381
130040,4,2,2,111,161,36,73,272,109,147,234,381
130040,5,3,1,28,35,32,85,63,117,60,120,180
130040,5,3,2,28,35,32,85,63,117,60,120,180
130040,6,4,1,9,14,42,65,23,107,51,79,130
130040,6,4,2,9,14,42,65,23,107,51,79,130
130040,7,999,1,17,48,84,274,65,358,101,322,423
130040,7,999,2,17,48,84,274,65,358,101,322,423
130040,8,5,1,7,16,28,102,23,130,35,118,153
130040,8,5,2,7,16,28,102,23,130,35,118,153
130040,9,6,1,4,11,15,55,15,70,19,66,85
130040,9,6,2,4,11,15,55,15,70,19,66,85
130040,10,7,1,4,13,13,36,17,49,17,49,66
130040,10,7,2,4,13,13,36,17,49,17,49,66
130040,11,8,1,1,3,12,34,4,46,13,37,50
130040,11,8,2,1,3,12,34,4,46,13,37,50
130040,12,9,1,1,5,11,28,6,39,12,33,45
130040,12,9,2,1,5,11,28,6,39,12,33,45
130040,13,10,1,0,0,5,19,0,24,5,19,24
130040,13,10,2,0,0,5,19,0,24,5,19,24
130110,1,412,1,16,46,22,44,62,66,38,90,128
130110,1,112,2,16,46,22,44,62,66,38,90,128
130110,2,999,1,13,34,13,27,47,40,26,61,87
130110,2,999,2,13,34,13,27,47,40,26,61,87
130110,3,1,1,0,0,1,1,0,2,1,1,2
130110,3,1,2,0,0,1,1,0,2,1,1,2
130110,4,2,1,4,20,4,6,24,10,8,26,34
130110,4,2,2,4,20,4,6,24,10,8,26,34
130110,5,3,1,3,12,3,10,15,13,6,22,28
130110,5,3,2,3,12,3,10,15,13,6,22,28
130110,6,4,1,6,2,5,10,8,15,11,12,23
130110,6,4,2,6,2,5,10,8,15,11,12,23
130110,7,999,1,3,12,9,17,15,26,12,29,41
130110,7,999,2,3,12,9,17,15,26,12,29,41
130110,8,5,1,3,6,5,7,9,12,8,13,21
130110,8,5,2,3,6,5,7,9,12,8,13,21
130110,9,6,1,0,2,2,2,2,4,2,4,6
130110,9,6,2,0,2,2,2,2,4,2,4,6
130110,10,7,1,0,1,1,3,1,4,1,4,5
130110,10,7,2,0,1,1,3,1,4,1,4,5
130110,11,8,1,0,2,0,1,2,1,0,3,3
130110,11,8,2,0,2,0,1,2,1,0,3,3
130110,12,9,1,0,1,1,3,1,4,1,4,5
130110,12,9,2,0,1,1,3,1,4,1,4,5
130110,13,10,1,0,0,0,1,0,1,0,1,1
130110,13,10,2,0,0,0,1,0,1,0,1,1
130217,1,412,1,204,261,229,467,465,696,433,728,1161
130217,1,112,2,204,261,229,467,465,696,433,728,1161
130217,2,999,1,179,201,143,222,380,365,322,423,745
130217,2,999,2,179,201,143,222,380,365,322,423,745
130217,3,1,1,26,21,12,38,47,50,38,59,97
130217,3,1,2,26,21,12,38,47,50,38,59,97
130217,4,2,1,107,124,53,76,231,129,160,200,360
130217,4,2,2,107,124,53,76,231,129,160,200,360
130217,5,3,1,28,36,50,62,64,112,78,98,176
130217,5,3,2,28,36,50,62,64,112,78,98,176
130217,6,4,1,18,20,28,46,38,74,46,66,112
130217,6,4,2,18,20,28,46,38,74,46,66,112
130217,7,999,1,25,60,86,245,85,331,111,305,416
130217,7,999,2,25,60,86,245,85,331,111,305,416
130217,8,5,1,7,17,22,70,24,92,29,87,116
130217,8,5,2,7,17,22,70,24,92,29,87,116
130217,9,6,1,5,16,23,51,21,74,28,67,95
130217,9,6,2,5,16,23,51,21,74,28,67,95
130217,10,7,1,5,8,13,38,13,51,18,46,64
130217,10,7,2,5,8,13,38,13,51,18,46,64
130217,11,8,1,4,13,14,64,17,78,18,77,95
130217,11,8,2,4,13,14,64,17,78,18,77,95
130217,12,9,1,3,5,9,20,8,29,12,25,37
130217,12,9,2,3,5,9,20,8,29,12,25,37
130217,13,10,1,1,1,5,2,2,7,6,3,9
130217,13,10,2,1,1,5,2,2,7,6,3,9
130226,1,412,1,3054,5080,496,1116,8134,1612,3550,6196,9746
130226,1,112,2,2477,4005,129,232,6482,361,2606,4237,6843
130226,1,312,5,577,1075,367,884,1652,1251,944,1959,2903
130226,2,999,1,2727,4650,154,336,7377,490,2881,4986,7867
130226,2,999,2,2396,3961,74,100,6357,174,2470,4061,6531
130226,2,999,5,331,689,80,236,1020,316,411,925,1336
130226,3,1,1,58,132,14,21,190,35,72,153,225
130226,3,1,2,58,132,14,20,190,34,72,152,224
130226,3,1,5,0,0,0,1,0,1,0,1,1
130226,4,2,1,1131,1926,13,9,3057,22,1144,1935,3079
130226,4,2,2,1130,1926,13,9,3056,22,1143,1935,3078
130226,4,2,5,1,0,0,0,1,0,1,0,1
130226,5,3,1,1110,1904,25,53,3014,78,1135,1957,3092
130226,5,3,2,1051,1781,20,33,2832,53,1071,1814,2885
130226,5,3,5,59,123,5,20,182,25,64,143,207
130226,6,4,1,428,688,102,253,1116,355,530,941,1471
130226,6,4,2,157,122,27,38,279,65,184,160,344
130226,6,4,5,271,566,75,215,837,290,346,781,1127
130226,7,999,1,327,430,342,780,757,1122,669,1210,1879
130226,7,999,2,81,44,55,132,125,187,136,176,312
130226,7,999,5,246,386,287,648,632,935,533,1034,1567
130226,8,5,1,229,321,103,236,550,339,332,557,889
130226,8,5,2,57,28,18,39,85,57,75,67,142
130226,8,5,5,172,293,85,197,465,282,257,490,747
130226,9,6,1,59,71,85,143,130,228,144,214,358
130226,9,6,2,17,4,15,25,21,40,32,29,61
130226,9,6,5,42,67,70,118,109,188,112,185,297
130226,10,7,1,15,17,61,113,32,174,76,130,206
130226,10,7,2,2,5,9,25,7,34,11,30,41
130226,10,7,5,13,12,52,88,25,140,65,100,165
130226,11,8,1,16,21,60,158,37,218,76,179,255
130226,11,8,2,3,7,9,24,10,33,12,31,43
130226,11,8,5,13,14,51,134,27,185,64,148,212
130226,12,9,1,6,0,32,118,6,150,38,118,156
130226,12,9,2,2,0,4,18,2,22,6,18,24
130226,12,9,5,4,0,28,100,4,128,32,100,132
130226,13,10,1,2,0,1,12,2,13,3,12,15
130226,13,10,2,0,0,0,1,0,1,0,1,1
130226,13,10,5,2,0,1,11,2,12,3,11,14
130253,1,412,1,2215,4669,556,1873,6884,2429,2771,6542,9313
130253,1,112,2,1870,3801,193,553,5671,746,2063,4354,6417
130253,1,312,5,345,868,363,1320,1213,1683,708,2188,2896
130253,2,999,1,2016,4293,159,382,6309,541,2175,4675,6850
130253,2,999,2,1826,3773,88,214,5599,302,1914,3987,5901
130253,2,999,5,190,520,71,168,710,239,261,688,949
130253,3,1,1,1,15,3,11,16,14,4,26,30
130253,3,1,2,1,15,3,11,16,14,4,26,30
130253,4,2,1,819,1963,9,9,2782,18,828,1972,2800
130253,4,2,2,819,1963,9,9,2782,18,828,1972,2800
130253,5,3,1,811,1650,22,61,2461,83,833,1711,2544
130253,5,3,2,806,1623,22,58,2429,80,828,1681,2509
130253,5,3,5,5,27,0,3,32,3,5,30,35
130253,6,4,1,385,665,125,301,1050,426,510,966,1476
130253,6,4,2,200,172,54,136,372,190,254,308,562
130253,6,4,5,185,493,71,165,678,236,256,658,914
130253,7,999,1,199,376,396,1491,575,1887,595,1867,2462
130253,7,999,2,44,28,104,339,72,443,148,367,515
130253,7,999,5,155,348,292,1152,503,1444,447,1500,1947
130253,8,5,1,137,236,125,441,373,566,262,677,939
130253,8,5,2,33,18,44,123,51,167,77,141,218
130253,8,5,5,104,218,81,318,322,399,185,536,721
130253,9,6,1,41,72,110,416,113,526,151,488,639
130253,9,6,2,9,5,28,98,14,126,37,103,140
130253,9,6,5,32,67,82,318,99,400,114,385,499
130253,10,7,1,10,15,44,173,25,217,54,188,242
130253,10,7,2,1,2,7,27,3,34,8,29,37
130253,10,7,5,9,13,37,146,22,183,46,159,205
130253,11,8,1,7,38,77,292,45,369,84,330,414
130253,11,8,2,0,2,18,62,2,80,18,64,82
130253,11,8,5,7,36,59,230,43,289,66,266,332
130253,12,9,1,3,14,39,167,17,206,42,181,223
130253,12,9,2,0,1,6,29,1,35,6,30,36
130253,12,9,5,3,13,33,138,16,171,36,151,187
130253,13,10,1,1,1,1,2,2,3,2,3,5
130253,13,10,2,1,0,1,0,1,1,2,0,2
130253,13,10,5,0,1,0,2,1,2,0,3,3
130253,14,11,1,0,0,1,0,0,1,1,0,1
130253,14,11,2,0,0,1,0,0,1,1,0,1
130314,1,412,1,335,1281,113,576,1616,689,448,1857,2305
130314,1,112,2,185,635,11,67,820,78,196,702,898
130314,1,312,5,150,646,102,509,796,611,252,1155,1407
130314,2,999,1,219,798,15,112,1017,127,234,910,1144
130314,2,999,2,179,589,9,25,768,34,188,614,802
130314,2,999,5,40,209,6,87,249,93,46,296,342
130314,3,1,1,1,4,1,4,5,5,2,8,10
130314,3,1,2,1,4,0,4,5,4,1,8,9
130314,3,1,5,0,0,1,0,0,1,1,0,1
130314,4,2,1,90,264,3,0,354,3,93,264,357
130314,4,2,2,90,264,2,0,354,2,92,264,356
130314,4,2,5,0,0,1,0,0,1,1,0,1
130314,5,3,1,71,250,2,8,321,10,73,258,331
130314,5,3,2,69,243,2,6,312,8,71,249,320
130314,5,3,5,2,7,0,2,9,2,2,9,11
130314,6,4,1,57,280,9,100,337,109,66,380,446
130314,6,4,2,19,78,5,15,97,20,24,93,117
130314,6,4,5,38,202,4,85,240,89,42,287,329
130314,7,999,1,116,483,98,464,599,562,214,947,1161
130314,7,999,2,6,46,2,42,52,44,8,88,96
130314,7,999,5,110,437,96,422,547,518,206,859,1065
130314,8,5,1,57,258,34,196,315,230,91,454,545
130314,8,5,2,3,26,0,14,29,14,3,40,43
130314,8,5,5,54,232,34,182,286,216,88,414,502
130314,9,6,1,28,81,26,76,109,102,54,157,211
130314,9,6,2,0,7,1,10,7,11,1,17,18
130314,9,6,5,28,74,25,66,102,91,53,140,193
130314,10,7,1,12,40,10,57,52,67,22,97,119
130314,10,7,2,1,4,1,7,5,8,2,11,13
130314,10,7,5,11,36,9,50,47,59,20,86,106
130314,11,8,1,13,72,14,76,85,90,27,148,175
130314,11,8,2,2,8,0,4,10,4,2,12,14
130314,11,8,5,11,64,14,72,75,86,25,136,161
130314,12,9,1,6,32,14,58,38,72,20,90,110
130314,12,9,2,0,1,0,6,1,6,0,7,7
130314,12,9,5,6,31,14,52,37,66,20,83,103
130314,13,10,1,0,0,0,1,0,1,0,1,1
130314,13,10,2,0,0,0,1,0,1,0,1,1
130396,1,412,1,813,1089,1381,2720,1902,4101,2194,3809,6003
130396,1,112,2,813,1089,1381,2720,1902,4101,2194,3809,6003
130396,2,999,1,663,865,807,1217,1528,2024,1470,2082,3552
130396,2,999,2,663,865,807,1217,1528,2024,1470,2082,3552
130396,3,1,1,51,68,46,112,119,158,97,180,277
130396,3,1,2,51,68,46,112,119,158,97,180,277
130396,4,2,1,344,451,244,298,795,542,588,749,1337
130396,4,2,2,344,451,244,298,795,542,588,749,1337
130396,5,3,1,171,218,282,379,389,661,453,597,1050
130396,5,3,2,171,218,282,379,389,661,453,597,1050
130396,6,4,1,97,128,235,428,225,663,332,556,888
130396,6,4,2,97,128,235,428,225,663,332,556,888
130396,7,999,1,150,224,574,1503,374,2077,724,1727,2451
130396,7,999,2,150,224,574,1503,374,2077,724,1727,2451
130396,8,5,1,67,106,221,529,173,750,288,635,923
130396,8,5,2,67,106,221,529,173,750,288,635,923
130396,9,6,1,31,51,128,361,82,489,159,412,571
130396,9,6,2,31,51,128,361,82,489,159,412,571
130396,10,7,1,25,30,77,246,55,323,102,276,378
130396,10,7,2,25,30,77,246,55,323,102,276,378
130396,11,8,1,16,26,93,253,42,346,109,279,388
130396,11,8,2,16,26,93,253,42,346,109,279,388
130396,12,9,1,11,11,46,96,22,142,57,107,164
130396,12,9,2,11,11,46,96,22,142,57,107,164
130396,13,10,1,0,0,9,18,0,27,9,18,27
130396,13,10,2,0,0,9,18,0,27,9,18,27
130493,1,412,1,2480,4591,790,1470,7071,2260,3270,6061,9331
130493,1,112,2,2294,3974,493,679,6268,1172,2787,4653,7440
130493,1,312,5,186,617,297,791,803,1088,483,1408,1891
130493,2,999,1,2184,4180,332,499,6364,831,2516,4679,7195
130493,2,999,2,2039,3643,300,379,5682,679,2339,4022,6361
130493,2,999,5,145,537,32,120,682,152,177,657,834
130493,3,1,1,40,128,33,51,168,84,73,179,252
130493,3,1,2,40,117,33,50,157,83,73,167,240
130493,3,1,5,0,11,0,1,11,1,0,12,12
130493,4,2,1,756,1746,48,54,2502,102,804,1800,2604
130493,4,2,2,702,1458,48,53,2160,101,750,1511,2261
130493,4,2,5,54,288,0,1,342,1,54,289,343
130493,5,3,1,874,1636,80,93,2510,173,954,1729,2683
130493,5,3,2,816,1465,80,89,2281,169,896,1554,2450
130493,5,3,5,58,171,0,4,229,4,58,175,233
130493,6,4,1,514,670,171,301,1184,472,685,971,1656
130493,6,4,2,481,603,139,187,1084,326,620,790,1410
130493,6,4,5,33,67,32,114,100,146,65,181,246
130493,7,999,1,296,411,458,971,707,1429,754,1382,2136
130493,7,999,2,255,331,193,300,586,493,448,631,1079
130493,7,999,5,41,80,265,671,121,936,306,751,1057
130493,8,5,1,189,210,181,359,399,540,370,569,939
130493,8,5,2,168,182,96,129,350,225,264,311,575
130493,8,5,5,21,28,85,230,49,315,106,258,364
130493,9,6,1,66,90,87,178,156,265,153,268,421
130493,9,6,2,57,71,44,58,128,102,101,129,230
130493,9,6,5,9,19,43,120,28,163,52,139,191
130493,10,7,1,17,53,60,98,70,158,77,151,228
130493,10,7,2,12,40,21,28,52,49,33,68,101
130493,10,7,5,5,13,39,70,18,109,44,83,127
130493,11,8,1,18,46,57,173,64,230,75,219,294
130493,11,8,2,13,29,20,51,42,71,33,80,113
130493,11,8,5,5,17,37,122,22,159,42,139,181
130493,12,9,1,5,11,36,113,16,149,41,124,165
130493,12,9,2,4,8,9,23,12,32,13,31,44
130493,12,9,5,1,3,27,90,4,117,28,93,121
130493,13,10,1,1,1,37,50,2,87,38,51,89
130493,13,10,2,1,1,3,11,2,14,4,12,16
130493,13,10,5,0,0,34,39,0,73,34,39,73
130509,1,412,1,25,231,13,288,256,301,38,519,557
130509,1,112,2,25,231,13,288,256,301,38,519,557
130509,2,999,1,10,73,4,29,83,33,14,102,116
130509,2,999,2,10,73,4,29,83,33,14,102,116
130509,4,2,1,0,18,0,3,18,3,0,21,21
130509,4,2,2,0,18,0,3,18,3,0,21,21
130509,5,3,1,3,22,1,6,25,7,4,28,32
130509,5,3,2,3,22,1,6,25,7,4,28,32
130509,6,4,1,7,33,3,20,40,23,10,53,63
130509,6,4,2,7,33,3,20,40,23,10,53,63
130509,7,999,1,15,158,9,259,173,268,24,417,441
130509,7,999,2,15,158,9,259,173,268,24,417,441
130509,8,5,1,6,40,1,46,46,47,7,86,93
130509,8,5,2,6,40,1,46,46,47,7,86,93
130509,9,6,1,2,40,2,61,42,63,4,101,105
130509,9,6,2,2,40,2,61,42,63,4,101,105
130509,10,7,1,1,21,2,41,22,43,3,62,65
130509,10,7,2,1,21,2,41,22,43,3,62,65
130509,11,8,1,4,36,2,73,40,75,6,109,115
130509,11,8,2,4,36,2,73,40,75,6,109,115
130509,12,9,1,2,21,2,38,23,40,4,59,63
130509,12,9,2,2,21,2,38,23,40,4,59,63
130590,1,412,1,1081,1097,35,28,2178,63,1116,1125,2241
130590,1,112,2,1073,1094,16,17,2167,33,1089,1111,2200
130590,1,312,5,8,3,19,11,11,30,27,14,41
130590,2,999,1,1069,1092,11,6,2161,17,1080,1098,2178
130590,2,999,2,1064,1090,3,4,2154,7,1067,1094,2161
130590,2,999,5,5,2,8,2,7,10,13,4,17
130590,3,1,1,5,15,0,0,20,0,5,15,20
130590,3,1,2,5,15,0,0,20,0,5,15,20
130590,4,2,1,449,495,1,1,944,2,450,496,946
130590,4,2,2,449,495,1,1,944,2,450,496,946
130590,5,3,1,489,511,1,1,1000,2,490,512,1002
130590,5,3,2,489,511,1,1,1000,2,490,512,1002
130590,6,4,1,126,71,9,4,197,13,135,75,210
130590,6,4,2,121,69,1,2,190,3,122,71,193
130590,6,4,5,5,2,8,2,7,10,13,4,17
130590,7,999,1,12,5,22,20,17,42,34,25,59
130590,7,999,2,9,4,12,11,13,23,21,15,36
130590,7,999,5,3,1,10,9,4,19,13,10,23
130590,8,5,1,10,3,10,6,13,16,20,9,29
130590,8,5,2,8,2,5,2,10,7,13,4,17
130590,8,5,5,2,1,5,4,3,9,7,5,12
130590,9,6,1,0,0,3,6,0,9,3,6,9
130590,9,6,2,0,0,3,5,0,8,3,5,8
130590,9,6,5,0,0,0,1,0,1,0,1,1
130590,10,7,1,1,0,2,4,1,6,3,4,7
130590,10,7,2,1,0,1,2,1,3,2,2,4
130590,10,7,5,0,0,1,2,0,3,1,2,3
130590,11,8,1,1,2,4,1,3,5,5,3,8
130590,11,8,2,0,2,2,1,2,3,2,3,5
130590,11,8,5,1,0,2,0,1,2,3,0,3
130590,12,9,1,0,0,3,3,0,6,3,3,6
130590,12,9,2,0,0,1,1,0,2,1,1,2
130590,12,9,5,0,0,2,2,0,4,2,2,4
130590,14,11,1,0,0,2,2,0,4,2,2,4
130590,14,11,2,0,0,1,2,0,3,1,2,3
130590,14,11,5,0,0,1,0,0,1,1,0,1
130606,1,412,1,592,750,768,1255,1342,2023,1360,2005,3365
130606,1,112,2,592,750,768,1255,1342,2023,1360,2005,3365
130606,2,999,1,519,645,528,655,1164,1183,1047,1300,2347
130606,2,999,2,519,645,528,655,1164,1183,1047,1300,2347
130606,3,1,1,30,47,15,29,77,44,45,76,121
130606,3,1,2,30,47,15,29,77,44,45,76,121
130606,4,2,1,298,363,166,166,661,332,464,529,993
130606,4,2,2,298,363,166,166,661,332,464,529,993
130606,5,3,1,128,142,175,207,270,382,303,349,652
130606,5,3,2,128,142,175,207,270,382,303,349,652
130606,6,4,1,63,93,172,253,156,425,235,346,581
130606,6,4,2,63,93,172,253,156,425,235,346,581
130606,7,999,1,72,105,239,598,177,837,311,703,1014
130606,7,999,2,72,105,239,598,177,837,311,703,1014
130606,8,5,1,44,51,111,236,95,347,155,287,442
130606,8,5,2,44,51,111,236,95,347,155,287,442
130606,9,6,1,18,31,54,146,49,200,72,177,249
130606,9,6,2,18,31,54,146,49,200,72,177,249
130606,10,7,1,5,9,27,87,14,114,32,96,128
130606,10,7,2,5,9,27,87,14,114,32,96,128
130606,11,8,1,3,11,26,82,14,108,29,93,122
130606,11,8,2,3,11,26,82,14,108,29,93,122
130606,12,9,1,2,3,18,35,5,53,20,38,58
130606,12,9,2,2,3,18,35,5,53,20,38,58
130606,13,10,1,0,0,3,12,0,15,3,12,15
130606,13,10,2,0,0,3,12,0,15,3,12,15
130606,14,11,1,1,0,1,2,1,3,2,2,4
130606,14,11,2,1,0,1,2,1,3,2,2,4
130624,1,412,1,659,397,0,0,1056,0,659,397,1056
130624,1,112,2,659,397,0,0,1056,0,659,397,1056
130624,2,999,1,650,395,0,0,1045,0,650,395,1045
130624,2,999,2,650,395,0,0,1045,0,650,395,1045
130624,3,1,1,5,2,0,0,7,0,5,2,7
130624,3,1,2,5,2,0,0,7,0,5,2,7
130624,4,2,1,243,177,0,0,420,0,243,177,420
130624,4,2,2,243,177,0,0,420,0,243,177,420
130624,5,3,1,322,190,0,0,512,0,322,190,512
130624,5,3,2,322,190,0,0,512,0,322,190,512
130624,6,4,1,80,26,0,0,106,0,80,26,106
130624,6,4,2,80,26,0,0,106,0,80,26,106
130624,7,999,1,4,0,0,0,4,0,4,0,4
130624,7,999,2,4,0,0,0,4,0,4,0,4
130624,8,5,1,4,0,0,0,4,0,4,0,4
130624,8,5,2,4,0,0,0,4,0,4,0,4
130624,14,11,1,5,2,0,0,7,0,5,2,7
130624,14,11,2,5,2,0,0,7,0,5,2,7
130697,1,412,1,1266,1704,29,54,2970,83,1295,1758,3053
130697,1,112,2,1201,1635,6,10,2836,16,1207,1645,2852
130697,1,312,5,65,69,23,44,134,67,88,113,201
130697,2,999,1,1197,1650,11,21,2847,32,1208,1671,2879
130697,2,999,2,1177,1622,6,8,2799,14,1183,1630,2813
130697,2,999,5,20,28,5,13,48,18,25,41,66
130697,3,1,1,20,42,4,6,62,10,24,48,72
130697,3,1,2,20,42,4,6,62,10,24,48,72
130697,4,2,1,505,764,0,1,1269,1,505,765,1270
130697,4,2,2,505,764,0,1,1269,1,505,765,1270
130697,5,3,1,555,748,3,2,1303,5,558,750,1308
130697,5,3,2,553,743,2,1,1296,3,555,744,1299
130697,5,3,5,2,5,1,1,7,2,3,6,9
130697,6,4,1,117,96,4,12,213,16,121,108,229
130697,6,4,2,99,73,0,0,172,0,99,73,172
130697,6,4,5,18,23,4,12,41,16,22,35,57
130697,7,999,1,69,54,18,32,123,50,87,86,173
130697,7,999,2,24,13,0,1,37,1,24,14,38
130697,7,999,5,45,41,18,31,86,49,63,72,135
130697,8,5,1,45,23,8,7,68,15,53,30,83
130697,8,5,2,17,7,0,0,24,0,17,7,24
130697,8,5,5,28,16,8,7,44,15,36,23,59
130697,9,6,1,16,21,3,4,37,7,19,25,44
130697,9,6,2,3,5,0,0,8,0,3,5,8
130697,9,6,5,13,16,3,4,29,7,16,20,36
130697,10,7,1,4,6,1,4,10,5,5,10,15
130697,10,7,2,3,1,0,0,4,0,3,1,4
130697,10,7,5,1,5,1,4,6,5,2,9,11
130697,11,8,1,4,3,2,10,7,12,6,13,19
130697,11,8,2,1,0,0,1,1,1,1,1,2
130697,11,8,5,3,3,2,9,6,11,5,12,17
130697,12,9,1,0,1,4,6,1,10,4,7,11
130697,12,9,5,0,1,4,6,1,10,4,7,11
130697,13,10,1,0,0,0,1,0,1,0,1,1
130697,13,10,5,0,0,0,1,0,1,0,1,1
130697,14,11,1,0,0,0,1,0,1,0,1,1
130697,14,11,2,0,0,0,1,0,1,0,1,1
130776,1,412,1,1876,2041,479,850,3917,1329,2355,2891,5246
130776,1,112,2,1849,2000,361,430,3849,791,2210,2430,4640
130776,1,312,5,27,41,118,420,68,538,145,461,606
130776,2,999,1,1680,1848,231,294,3528,525,1911,2142,4053
130776,2,999,2,1670,1831,210,206,3501,416,1880,2037,3917
130776,2,999,5,10,17,21,88,27,109,31,105,136
130776,3,1,1,44,66,18,42,110,60,62,108,170
130776,3,1,2,44,66,18,42,110,60,62,108,170
130776,4,2,1,681,760,36,30,1441,66,717,790,1507
130776,4,2,2,681,760,36,30,1441,66,717,790,1507
130776,5,3,1,596,734,60,52,1330,112,656,786,1442
130776,5,3,2,595,731,59,44,1326,103,654,775,1429
130776,5,3,5,1,3,1,8,4,9,2,11,13
130776,6,4,1,359,288,117,170,647,287,476,458,934
130776,6,4,2,350,274,97,90,624,187,447,364,811
130776,6,4,5,9,14,20,80,23,100,29,94,123
130776,7,999,1,195,191,231,529,386,760,426,720,1146
130776,7,999,2,178,169,135,198,347,333,313,367,680
130776,7,999,5,17,22,96,331,39,427,113,353,466
130776,8,5,1,130,109,121,189,239,310,251,298,549
130776,8,5,2,125,101,82,70,226,152,207,171,378
130776,8,5,5,5,8,39,119,13,158,44,127,171
130776,9,6,1,42,34,32,94,76,126,74,128,202
130776,9,6,2,36,31,21,39,67,60,57,70,127
130776,9,6,5,6,3,11,55,9,66,17,58,75
130776,10,7,1,11,13,20,60,24,80,31,73,104
130776,10,7,2,9,10,11,23,19,34,20,33,53
130776,10,7,5,2,3,9,37,5,46,11,40,51
130776,11,8,1,6,19,23,92,25,115,29,111,140
130776,11,8,2,6,16,9,39,22,48,15,55,70
130776,11,8,5,0,3,14,53,3,67,14,56,70
130776,12,9,1,5,15,22,77,20,99,27,92,119
130776,12,9,2,2,10,9,23,12,32,11,33,44
130776,12,9,5,3,5,13,54,8,67,16,59,75
130776,13,10,1,1,1,13,17,2,30,14,18,32
130776,13,10,2,0,1,3,4,1,7,3,5,8
130776,13,10,5,1,0,10,13,1,23,11,13,24
130776,14,11,1,1,2,17,27,3,44,18,29,47
130776,14,11,2,1,0,16,26,1,42,17,26,43
130776,14,11,5,0,2,1,1,2,2,1,3,4
130794,1,412,1,5782,6123,57,98,11905,155,5839,6221,12060
130794,1,112,2,2352,2344,4,3,4696,7,2356,2347,4703
130794,1,312,5,3430,3779,53,95,7209,148,3483,3874,7357
130794,2,999,1,3233,3570,2,3,6803,5,3235,3573,6808
130794,2,999,2,2326,2337,1,0,4663,1,2327,2337,4664
130794,2,999,5,907,1233,1,3,2140,4,908,1236,2144
130794,3,1,1,40,63,0,0,103,0,40,63,103
130794,3,1,2,40,62,0,0,102,0,40,62,102
130794,3,1,5,0,1,0,0,1,0,0,1,1
130794,4,2,1,1072,1059,0,0,2131,0,1072,1059,2131
130794,4,2,2,1070,1058,0,0,2128,0,1070,1058,2128
130794,4,2,5,2,1,0,0,3,0,2,1,3
130794,5,3,1,1078,1153,1,0,2231,1,1079,1153,2232
130794,5,3,2,1044,1097,1,0,2141,1,1045,1097,2142
130794,5,3,5,34,56,0,0,90,0,34,56,90
130794,6,4,1,1043,1295,1,3,2338,4,1044,1298,2342
130794,6,4,2,172,120,0,0,292,0,172,120,292
130794,6,4,5,871,1175,1,3,2046,4,872,1178,2050
130794,7,999,1,2549,2553,54,95,5102,149,2603,2648,5251
130794,7,999,2,26,7,3,3,33,6,29,10,39
130794,7,999,5,2523,2546,51,92,5069,143,2574,2638,5212
130794,8,5,1,1726,1906,18,22,3632,40,1744,1928,3672
130794,8,5,2,16,3,1,0,19,1,17,3,20
130794,8,5,5,1710,1903,17,22,3613,39,1727,1925,3652
130794,9,6,1,593,444,11,26,1037,37,604,470,1074
130794,9,6,2,6,2,1,1,8,2,7,3,10
130794,9,6,5,587,442,10,25,1029,35,597,467,1064
130794,10,7,1,143,129,12,16,272,28,155,145,300
130794,10,7,2,3,2,0,0,5,0,3,2,5
130794,10,7,5,140,127,12,16,267,28,152,143,295
130794,11,8,1,65,59,11,16,124,27,76,75,151
130794,11,8,2,1,0,0,0,1,0,1,0,1
130794,11,8,5,64,59,11,16,123,27,75,75,150
130794,12,9,1,17,13,2,14,30,16,19,27,46
130794,12,9,2,0,0,1,1,0,2,1,1,2
130794,12,9,5,17,13,1,13,30,14,18,26,44
130794,13,10,1,5,2,0,1,7,1,5,3,8
130794,13,10,2,0,0,0,1,0,1,0,1,1
130794,13,10,5,5,2,0,0,7,0,5,2,7
130794,14,11,1,0,0,1,0,0,1,1,0,1
130794,14,11,5,0,0,1,0,0,1,1,0,1
130934,1,412,1,1280,2856,214,389,4136,603,1494,3245,4739
130934,1,112,2,1135,2482,187,327,3617,514,1322,2809,4131
130934,1,312,5,145,374,27,62,519,89,172,436,608
130934,2,999,1,1133,2516,157,280,3649,437,1290,2796,4086
130934,2,999,2,1096,2404,157,274,3500,431,1253,2678,3931
130934,2,999,5,37,112,0,6,149,6,37,118,155
130934,3,1,1,23,53,61,119,76,180,84,172,256
130934,3,1,2,23,53,61,119,76,180,84,172,256
130934,4,2,1,479,1129,20,71,1608,91,499,1200,1699
130934,4,2,2,479,1129,20,71,1608,91,499,1200,1699
130934,5,3,1,423,943,30,35,1366,65,453,978,1431
130934,5,3,2,423,939,30,35,1362,65,453,974,1427
130934,5,3,5,0,4,0,0,4,0,0,4,4
130934,6,4,1,208,391,46,55,599,101,254,446,700
130934,6,4,2,171,283,46,49,454,95,217,332,549
130934,6,4,5,37,108,0,6,145,6,37,114,151
130934,7,999,1,147,340,57,109,487,166,204,449,653
130934,7,999,2,39,78,30,53,117,83,69,131,200
130934,7,999,5,108,262,27,56,370,83,135,318,453
130934,8,5,1,65,146,20,29,211,49,85,175,260
130934,8,5,2,25,51,10,22,76,32,35,73,108
130934,8,5,5,40,95,10,7,135,17,50,102,152
130934,9,6,1,24,53,6,17,77,23,30,70,100
130934,9,6,2,10,9,5,10,19,15,15,19,34
130934,9,6,5,14,44,1,7,58,8,15,51,66
130934,10,7,1,21,41,9,15,62,24,30,56,86
130934,10,7,2,2,11,5,5,13,10,7,16,23
130934,10,7,5,19,30,4,10,49,14,23,40,63
130934,11,8,1,23,63,9,26,86,35,32,89,121
130934,11,8,2,2,4,1,6,6,7,3,10,13
130934,11,8,5,21,59,8,20,80,28,29,79,108
130934,12,9,1,12,35,8,21,47,29,20,56,76
130934,12,9,2,0,3,4,9,3,13,4,12,16
130934,12,9,5,12,32,4,12,44,16,16,44,60
130934,13,10,1,2,2,5,1,4,6,7,3,10
130934,13,10,2,0,0,5,1,0,6,5,1,6
130934,13,10,5,2,2,0,0,4,0,2,2,4
130943,1,412,1,9071,12113,1106,1323,21184,2429,10177,13436,23613
130943,1,112,2,7503,10409,667,749,17912,1416,8170,11158,19328
130943,1,312,5,1568,1704,439,574,3272,1013,2007,2278,4285
130943,2,999,1,7839,11022,597,665,18861,1262,8436,11687,20123
130943,2,999,2,7356,10326,545,586,17682,1131,7901,10912,18813
130943,2,999,5,483,696,52,79,1179,131,535,775,1310
130943,3,1,1,74,175,83,189,249,272,157,364,521
130943,3,1,2,74,175,82,189,249,271,156,364,520
130943,3,1,5,0,0,1,0,0,1,1,0,1
130943,4,2,1,3225,4841,121,129,8066,250,3346,4970,8316
130943,4,2,2,3225,4841,121,129,8066,250,3346,4970,8316
130943,5,3,1,3333,4836,149,130,8169,279,3482,4966,8448
130943,5,3,2,3319,4800,147,126,8119,273,3466,4926,8392
130943,5,3,5,14,36,2,4,50,6,16,40,56
130943,6,4,1,1207,1170,244,217,2377,461,1451,1387,2838
130943,6,4,2,738,510,195,142,1248,337,933,652,1585
130943,6,4,5,469,660,49,75,1129,124,518,735,1253
130943,7,999,1,1232,1091,509,658,2323,1167,1741,1749,3490
130943,7,999,2,147,83,122,163,230,285,269,246,515
130943,7,999,5,1085,1008,387,495,2093,882,1472,1503,2975
130943,8,5,1,688,628,159,179,1316,338,847,807,1654
130943,8,5,2,108,49,56,46,157,102,164,95,259
130943,8,5,5,580,579,103,133,1159,236,683,712,1395
130943,9,6,1,324,257,110,88,581,198,434,345,779
130943,9,6,2,23,18,18,24,41,42,41,42,83
130943,9,6,5,301,239,92,64,540,156,393,303,696
130943,10,7,1,106,100,82,96,206,178,188,196,384
130943,10,7,2,7,5,9,16,12,25,16,21,37
130943,10,7,5,99,95,73,80,194,153,172,175,347
130943,11,8,1,71,71,72,153,142,225,143,224,367
130943,11,8,2,5,5,11,30,10,41,16,35,51
130943,11,8,5,66,66,61,123,132,184,127,189,316
130943,12,9,1,36,33,54,101,69,155,90,134,224
130943,12,9,2,3,6,11,20,9,31,14,26,40
130943,12,9,5,33,27,43,81,60,124,76,108,184
130943,13,10,1,7,2,32,41,9,73,39,43,82
130943,13,10,2,1,0,17,27,1,44,18,27,45
130943,13,10,5,6,2,15,14,8,29,21,16,37
131283,1,412,1,1774,2156,630,806,3930,1436,2404,2962,5366
131283,1,112,2,1274,1660,70,51,2934,121,1344,1711,3055
131283,1,312,5,500,496,560,755,996,1315,1060,1251,2311
131283,2,999,1,1406,1862,73,72,3268,145,1479,1934,3413
131283,2,999,2,1241,1639,30,19,2880,49,1271,1658,2929
131283,2,999,5,165,223,43,53,388,96,208,276,484
131283,3,1,1,12,7,3,1,19,4,15,8,23
131283,3,1,2,12,7,3,1,19,4,15,8,23
131283,4,2,1,474,743,14,4,1217,18,488,747,1235
131283,4,2,2,474,743,14,4,1217,18,488,747,1235
131283,5,3,1,608,794,2,10,1402,12,610,804,1414
131283,5,3,2,606,790,2,7,1396,9,608,797,1405
131283,5,3,5,2,4,0,3,6,3,2,7,9
131283,6,4,1,312,318,54,57,630,111,366,375,741
131283,6,4,2,149,99,11,7,248,18,160,106,266
131283,6,4,5,163,219,43,50,382,93,206,269,475
131283,7,999,1,367,294,554,733,661,1287,921,1027,1948
131283,7,999,2,33,21,39,32,54,71,72,53,125
131283,7,999,5,334,273,515,701,607,1216,849,974,1823
131283,8,5,1,188,163,127,213,351,340,315,376,691
131283,8,5,2,22,13,12,6,35,18,34,19,53
131283,8,5,5,166,150,115,207,316,322,281,357,638
131283,9,6,1,82,62,120,169,144,289,202,231,433
131283,9,6,2,6,3,7,5,9,12,13,8,21
131283,9,6,5,76,59,113,164,135,277,189,223,412
131283,10,7,1,43,29,120,115,72,235,163,144,307
131283,10,7,2,4,2,2,9,6,11,6,11,17
131283,10,7,5,39,27,118,106,66,224,157,133,290
131283,11,8,1,38,31,111,129,69,240,149,160,309
131283,11,8,2,0,3,9,6,3,15,9,9,18
131283,11,8,5,38,28,102,123,66,225,140,151,291
131283,12,9,1,15,8,68,94,23,162,83,102,185
131283,12,9,2,1,0,9,5,1,14,10,5,15
131283,12,9,5,14,8,59,89,22,148,73,97,170
131283,13,10,1,1,1,8,13,2,21,9,14,23
131283,13,10,2,0,0,0,1,0,1,0,1,1
131283,13,10,5,1,1,8,12,2,20,9,13,22
131283,14,11,1,1,0,3,1,1,4,4,1,5
131283,14,11,2,0,0,1,0,0,1,1,0,1
131283,14,11,5,1,0,2,1,1,3,3,1,4
131399,1,412,1,798,1045,615,1267,1843,1882,1413,2312,3725
131399,1,112,2,707,907,561,1210,1614,1771,1268,2117,3385
131399,1,312,5,91,138,54,57,229,111,145,195,340
131399,2,999,1,480,606,292,378,1086,670,772,984,1756
131399,2,999,2,467,575,291,375,1042,666,758,950,1708
131399,2,999,5,13,31,1,3,44,4,14,34,48
131399,3,1,1,10,16,4,8,26,12,14,24,38
131399,3,1,2,10,16,4,8,26,12,14,24,38
131399,4,2,1,136,191,64,107,327,171,200,298,498
131399,4,2,2,136,191,64,107,327,171,200,298,498
131399,5,3,1,154,184,112,107,338,219,266,291,557
131399,5,3,2,153,180,112,107,333,219,265,287,552
131399,5,3,5,1,4,0,0,5,0,1,4,5
131399,6,4,1,180,215,112,156,395,268,292,371,663
131399,6,4,2,168,188,111,153,356,264,279,341,620
131399,6,4,5,12,27,1,3,39,4,13,30,43
131399,7,999,1,318,438,323,889,756,1212,641,1327,1968
131399,7,999,2,240,331,270,835,571,1105,510,1166,1676
131399,7,999,5,78,107,53,54,185,107,131,161,292
131399,8,5,1,125,190,101,252,315,353,226,442,668
131399,8,5,2,106,158,91,246,264,337,197,404,601
131399,8,5,5,19,32,10,6,51,16,29,38,67
131399,9,6,1,84,96,76,206,180,282,160,302,462
131399,9,6,2,62,75,64,189,137,253,126,264,390
131399,9,6,5,22,21,12,17,43,29,34,38,72
131399,10,7,1,55,43,48,118,98,166,103,161,264
131399,10,7,2,41,32,37,108,73,145,78,140,218
131399,10,7,5,14,11,11,10,25,21,25,21,46
131399,11,8,1,33,75,51,166,108,217,84,241,325
131399,11,8,2,18,47,41,158,65,199,59,205,264
131399,11,8,5,15,28,10,8,43,18,25,36,61
131399,12,9,1,19,29,30,118,48,148,49,147,196
131399,12,9,2,12,15,20,106,27,126,32,121,153
131399,12,9,5,7,14,10,12,21,22,17,26,43
131399,13,10,1,2,5,17,29,7,46,19,34,53
131399,13,10,2,1,4,17,28,5,45,18,32,50
131399,13,10,5,1,1,0,1,2,1,1,2,3
131399,14,11,1,0,1,0,0,1,0,0,1,1
131399,14,11,2,0,1,0,0,1,0,0,1,1
131450,1,412,1,459,702,101,189,1161,290,560,891,1451
131450,1,112,2,406,499,51,63,905,114,457,562,1019
131450,1,312,5,53,203,50,126,256,176,103,329,432
131450,2,999,1,329,480,29,42,809,71,358,522,880
131450,2,999,2,314,391,29,29,705,58,343,420,763
131450,2,999,5,15,89,0,13,104,13,15,102,117
131450,3,1,1,5,7,0,0,12,0,5,7,12
131450,3,1,2,5,7,0,0,12,0,5,7,12
131450,4,2,1,96,120,1,1,216,2,97,121,218
131450,4,2,2,96,120,1,1,216,2,97,121,218
131450,5,3,1,113,165,5,12,278,17,118,177,295
131450,5,3,2,113,158,5,12,271,17,118,170,288
131450,5,3,5,0,7,0,0,7,0,0,7,7
131450,6,4,1,115,188,23,29,303,52,138,217,355
131450,6,4,2,100,106,23,16,206,39,123,122,245
131450,6,4,5,15,82,0,13,97,13,15,95,110
131450,7,999,1,130,222,72,147,352,219,202,369,571
131450,7,999,2,92,108,22,34,200,56,114,142,256
131450,7,999,5,38,114,50,113,152,163,88,227,315
131450,8,5,1,70,130,23,44,200,67,93,174,267
131450,8,5,2,55,63,10,16,118,26,65,79,144
131450,8,5,5,15,67,13,28,82,41,28,95,123
131450,9,6,1,32,46,12,39,78,51,44,85,129
131450,9,6,2,20,19,3,9,39,12,23,28,51
131450,9,6,5,12,27,9,30,39,39,21,57,78
131450,10,7,1,11,16,19,29,27,48,30,45,75
131450,10,7,2,4,7,4,7,11,11,8,14,22
131450,10,7,5,7,9,15,22,16,37,22,31,53
131450,11,8,1,14,21,12,19,35,31,26,40,66
131450,11,8,2,11,15,3,0,26,3,14,15,29
131450,11,8,5,3,6,9,19,9,28,12,25,37
131450,12,9,1,3,9,6,16,12,22,9,25,34
131450,12,9,2,2,4,2,2,6,4,4,6,10
131450,12,9,5,1,5,4,14,6,18,5,19,24
131469,1,412,1,6762,10740,3457,6058,17502,9515,10219,16798,27017
131469,1,112,2,3706,6435,587,1035,10141,1622,4293,7470,11763
131469,1,312,5,3056,4305,2870,5023,7361,7893,5926,9328,15254
131469,2,999,1,4524,7928,488,1057,12452,1545,5012,8985,13997
131469,2,999,2,3439,6103,242,452,9542,694,3681,6555,10236
131469,2,999,5,1085,1825,246,605,2910,851,1331,2430,3761
131469,3,1,1,13,22,28,141,35,169,41,163,204
131469,3,1,2,13,22,28,141,35,169,41,163,204
131469,4,2,1,938,1892,40,40,2830,80,978,1932,2910
131469,4,2,2,938,1891,40,38,2829,78,978,1929,2907
131469,4,2,5,0,1,0,2,1,2,0,3,3
131469,5,3,1,1775,3151,78,120,4926,198,1853,3271,5124
131469,5,3,2,1755,3123,73,109,4878,182,1828,3232,5060
131469,5,3,5,20,28,5,11,48,16,25,39,64
131469,6,4,1,1798,2863,342,756,4661,1098,2140,3619,5759
131469,6,4,2,733,1067,101,164,1800,265,834,1231,2065
131469,6,4,5,1065,1796,241,592,2861,833,1306,2388,3694
131469,7,999,1,2238,2811,2944,4871,5049,7815,5182,7682,12864
131469,7,999,2,267,332,322,455,599,777,589,787,1376
131469,7,999,5,1971,2479,2622,4416,4450,7038,4593,6895,11488
131469,8,5,1,1381,1974,876,1825,3355,2701,2257,3799,6056
131469,8,5,2,137,192,78,160,329,238,215,352,567
131469,8,5,5,1244,1782,798,1665,3026,2463,2042,3447,5489
131469,9,6,1,449,475,762,1084,924,1846,1211,1559,2770
131469,9,6,2,64,73,89,94,137,183,153,167,320
131469,9,6,5,385,402,673,990,787,1663,1058,1392,2450
131469,10,7,1,207,187,501,744,394,1245,708,931,1639
131469,10,7,2,31,33,65,75,64,140,96,108,204
131469,10,7,5,176,154,436,669,330,1105,612,823,1435
131469,11,8,1,149,138,544,786,287,1330,693,924,1617
131469,11,8,2,27,27,61,78,54,139,88,105,193
131469,11,8,5,122,111,483,708,233,1191,605,819,1424
131469,12,9,1,52,37,249,403,89,652,301,440,741
131469,12,9,2,8,7,26,44,15,70,34,51,85
131469,12,9,5,44,30,223,359,74,582,267,389,656
131469,13,10,1,0,0,12,29,0,41,12,29,41
131469,13,10,2,0,0,3,4,0,7,3,4,7
131469,13,10,5,0,0,9,25,0,34,9,25,34
131469,14,11,1,0,1,25,130,1,155,25,131,156
131469,14,11,2,0,0,23,128,0,151,23,128,151
131469,14,11,5,0,1,2,2,1,4,2,3,5
131496,1,412,1,6363,7659,2488,2861,14022,5349,8851,10520,19371
131496,1,112,2,2881,3729,361,386,6610,747,3242,4115,7357
131496,1,312,5,3482,3930,2127,2475,7412,4602,5609,6405,12014
131496,2,999,1,3888,5321,495,674,9209,1169,4383,5995,10378
131496,2,999,2,2839,3709,218,246,6548,464,3057,3955,7012
131496,2,999,5,1049,1612,277,428,2661,705,1326,2040,3366
131496,3,1,1,20,67,7,13,87,20,27,80,107
131496,3,1,2,20,67,7,13,87,20,27,80,107
131496,4,2,1,1217,1677,47,76,2894,123,1264,1753,3017
131496,4,2,2,1216,1675,47,76,2891,123,1263,1751,3014
131496,4,2,5,1,2,0,0,3,0,1,2,3
131496,5,3,1,1402,1829,117,137,3231,254,1519,1966,3485
131496,5,3,2,1366,1757,114,124,3123,238,1480,1881,3361
131496,5,3,5,36,72,3,13,108,16,39,85,124
131496,6,4,1,1249,1748,324,448,2997,772,1573,2196,3769
131496,6,4,2,237,210,50,33,447,83,287,243,530
131496,6,4,5,1012,1538,274,415,2550,689,1286,1953,3239
131496,7,999,1,2472,2337,1979,2180,4809,4159,4451,4517,8968
131496,7,999,2,42,19,134,135,61,269,176,154,330
131496,7,999,5,2430,2318,1845,2045,4748,3890,4275,4363,8638
131496,8,5,1,1492,1643,780,1001,3135,1781,2272,2644,4916
131496,8,5,2,23,12,24,24,35,48,47,36,83
131496,8,5,5,1469,1631,756,977,3100,1733,2225,2608,4833
131496,9,6,1,639,449,492,494,1088,986,1131,943,2074
131496,9,6,2,10,4,10,16,14,26,20,20,40
131496,9,6,5,629,445,482,478,1074,960,1111,923,2034
131496,10,7,1,205,134,274,263,339,537,479,397,876
131496,10,7,2,5,2,8,10,7,18,13,12,25
131496,10,7,5,200,132,266,253,332,519,466,385,851
131496,11,8,1,101,84,238,240,185,478,339,324,663
131496,11,8,2,1,0,14,9,1,23,15,9,24
131496,11,8,5,100,84,224,231,184,455,324,315,639
131496,12,9,1,34,27,113,100,61,213,147,127,274
131496,12,9,2,3,1,6,4,4,10,9,5,14
131496,12,9,5,31,26,107,96,57,203,138,122,260
131496,13,10,1,1,0,82,82,1,164,83,82,165
131496,13,10,2,0,0,72,72,0,144,72,72,144
131496,13,10,5,1,0,10,10,1,20,11,10,21
131496,14,11,1,3,1,14,7,4,21,17,8,25
131496,14,11,2,0,1,9,5,1,14,9,6,15
131496,14,11,5,3,0,5,2,3,7,8,2,10
131520,1,412,1,2959,7091,279,530,10050,809,3238,7621,10859
131520,1,112,2,2085,5412,130,230,7497,360,2215,5642,7857
131520,1,312,5,874,1679,149,300,2553,449,1023,1979,3002
131520,2,999,1,2214,5875,108,204,8089,312,2322,6079,8401
131520,2,999,2,2030,5311,104,190,7341,294,2134,5501,7635
131520,2,999,5,184,564,4,14,748,18,188,578,766
131520,3,1,1,64,148,13,49,212,62,77,197,274
131520,3,1,2,64,148,13,49,212,62,77,197,274
131520,4,2,1,1007,2819,22,37,3826,59,1029,2856,3885
131520,4,2,2,1006,2818,22,37,3824,59,1028,2855,3883
131520,4,2,5,1,1,0,0,2,0,1,1,2
131520,5,3,1,807,2100,35,53,2907,88,842,2153,2995
131520,5,3,2,802,2066,35,53,2868,88,837,2119,2956
131520,5,3,5,5,34,0,0,39,0,5,34,39
131520,6,4,1,336,808,38,65,1144,103,374,873,1247
131520,6,4,2,158,279,34,51,437,85,192,330,522
131520,6,4,5,178,529,4,14,707,18,182,543,725
131520,7,999,1,745,1216,170,323,1961,493,915,1539,2454
131520,7,999,2,55,101,25,39,156,64,80,140,220
131520,7,999,5,690,1115,145,284,1805,429,835,1399,2234
131520,8,5,1,419,789,42,85,1208,127,461,874,1335
131520,8,5,2,38,72,10,8,110,18,48,80,128
131520,8,5,5,381,717,32,77,1098,109,413,794,1207
131520,9,6,1,167,227,44,79,394,123,211,306,517
131520,9,6,2,9,12,7,14,21,21,16,26,42
131520,9,6,5,158,215,37,65,373,102,195,280,475
131520,10,7,1,66,87,26,56,153,82,92,143,235
131520,10,7,2,1,8,2,6,9,8,3,14,17
131520,10,7,5,65,79,24,50,144,74,89,129,218
131520,11,8,1,52,71,39,53,123,92,91,124,215
131520,11,8,2,4,6,6,6,10,12,10,12,22
131520,11,8,5,48,65,33,47,113,80,81,112,193
131520,12,9,1,34,36,18,40,70,58,52,76,128
131520,12,9,2,3,3,0,4,6,4,3,7,10
131520,12,9,5,31,33,18,36,64,54,49,69,118
131520,13,10,1,7,6,1,10,13,11,8,16,24
131520,13,10,2,0,0,0,1,0,1,0,1,1
131520,13,10,5,7,6,1,9,13,10,8,15,23
131520,14,11,1,0,0,1,3,0,4,1,3,4
131520,14,11,2,0,0,1,1,0,2,1,1,2
131520,14,11,5,0,0,0,2,0,2,0,2,2
131830,1,412,1,15,17,0,0,32,0,15,17,32
131830,1,112,2,15,17,0,0,32,0,15,17,32
131830,2,999,1,7,10,0,0,17,0,7,10,17
131830,2,999,2,7,10,0,0,17,0,7,10,17
131830,5,3,1,7,4,0,0,11,0,7,4,11
131830,5,3,2,7,4,0,0,11,0,7,4,11
131830,6,4,1,0,6,0,0,6,0,0,6,6
131830,6,4,2,0,6,0,0,6,0,0,6,6
131830,7,999,1,8,7,0,0,15,0,8,7,15
131830,7,999,2,8,7,0,0,15,0,8,7,15
131830,8,5,1,4,5,0,0,9,0,4,5,9
131830,8,5,2,4,5,0,0,9,0,4,5,9
131830,9,6,1,3,0,0,0,3,0,3,0,3
131830,9,6,2,3,0,0,0,3,0,3,0,3
131830,12,9,1,1,2,0,0,3,0,1,2,3
131830,12,9,2,1,2,0,0,3,0,1,2,3
132693,1,412,1,1948,2560,3395,6034,4508,9429,5343,8594,13937
132693,1,112,2,1948,2560,3395,6034,4508,9429,5343,8594,13937
132693,2,999,1,1487,1939,2268,3512,3426,5780,3755,5451,9206
132693,2,999,2,1487,1939,2268,3512,3426,5780,3755,5451,9206
132693,3,1,1,197,336,792,1423,533,2215,989,1759,2748
132693,3,1,2,197,336,792,1423,533,2215,989,1759,2748
132693,4,2,1,722,910,448,641,1632,1089,1170,1551,2721
132693,4,2,2,722,910,448,641,1632,1089,1170,1551,2721
132693,5,3,1,361,424,524,725,785,1249,885,1149,2034
132693,5,3,2,361,424,524,725,785,1249,885,1149,2034
132693,6,4,1,207,269,504,723,476,1227,711,992,1703
132693,6,4,2,207,269,504,723,476,1227,711,992,1703
132693,7,999,1,461,621,1127,2522,1082,3649,1588,3143,4731
132693,7,999,2,461,621,1127,2522,1082,3649,1588,3143,4731
132693,8,5,1,224,234,452,831,458,1283,676,1065,1741
132693,8,5,2,224,234,452,831,458,1283,676,1065,1741
132693,9,6,1,118,151,267,517,269,784,385,668,1053
132693,9,6,2,118,151,267,517,269,784,385,668,1053
132693,10,7,1,52,91,154,395,143,549,206,486,692
132693,10,7,2,52,91,154,395,143,549,206,486,692
132693,11,8,1,53,103,159,505,156,664,212,608,820
132693,11,8,2,53,103,159,505,156,664,212,608,820
132693,12,9,1,13,40,85,256,53,341,98,296,394
132693,12,9,2,13,40,85,256,53,341,98,296,394
132693,13,10,1,1,2,10,18,3,28,11,20,31
132693,13,10,2,1,2,10,18,3,28,11,20,31
132709,1,412,1,4417,6298,8356,14172,10715,22528,12773,20470,33243
132709,1,112,2,4417,6298,8356,14172,10715,22528,12773,20470,33243
132709,2,999,1,3466,4875,5911,8523,8341,14434,9377,13398,22775
132709,2,999,2,3466,4875,5911,8523,8341,14434,9377,13398,22775
132709,3,1,1,350,729,1138,1940,1079,3078,1488,2669,4157
132709,3,1,2,350,729,1138,1940,1079,3078,1488,2669,4157
132709,4,2,1,1779,2436,1546,2025,4215,3571,3325,4461,7786
132709,4,2,2,1779,2436,1546,2025,4215,3571,3325,4461,7786
132709,5,3,1,830,1089,1807,2407,1919,4214,2637,3496,6133
132709,5,3,2,830,1089,1807,2407,1919,4214,2637,3496,6133
132709,6,4,1,507,621,1420,2151,1128,3571,1927,2772,4699
132709,6,4,2,507,621,1420,2151,1128,3571,1927,2772,4699
132709,7,999,1,951,1423,2445,5649,2374,8094,3396,7072,10468
132709,7,999,2,951,1423,2445,5649,2374,8094,3396,7072,10468
132709,8,5,1,462,610,1062,2097,1072,3159,1524,2707,4231
132709,8,5,2,462,610,1062,2097,1072,3159,1524,2707,4231
132709,9,6,1,230,343,572,1331,573,1903,802,1674,2476
132709,9,6,2,230,343,572,1331,573,1903,802,1674,2476
132709,10,7,1,114,218,323,813,332,1136,437,1031,1468
132709,10,7,2,114,218,323,813,332,1136,437,1031,1468
132709,11,8,1,111,186,330,965,297,1295,441,1151,1592
132709,11,8,2,111,186,330,965,297,1295,441,1151,1592
132709,12,9,1,32,65,146,424,97,570,178,489,667
132709,12,9,2,32,65,146,424,97,570,178,489,667
132709,13,10,1,2,1,12,19,3,31,14,20,34
132709,13,10,2,2,1,12,19,3,31,14,20,34
132851,1,412,1,935,1433,1211,2571,2368,3782,2146,4004,6150
132851,1,112,2,935,1433,1211,2571,2368,3782,2146,4004,6150
132851,2,999,1,723,1108,890,1632,1831,2522,1613,2740,4353
132851,2,999,2,723,1108,890,1632,1831,2522,1613,2740,4353
132851,3,1,1,108,161,309,640,269,949,417,801,1218
132851,3,1,2,108,161,309,640,269,949,417,801,1218
132851,4,2,1,351,564,209,381,915,590,560,945,1505
132851,4,2,2,351,564,209,381,915,590,560,945,1505
132851,5,3,1,166,242,206,330,408,536,372,572,944
132851,5,3,2,166,242,206,330,408,536,372,572,944
132851,6,4,1,98,141,166,281,239,447,264,422,686
132851,6,4,2,98,141,166,281,239,447,264,422,686
132851,7,999,1,212,325,321,939,537,1260,533,1264,1797
132851,7,999,2,212,325,321,939,537,1260,533,1264,1797
132851,8,5,1,86,130,122,345,216,467,208,475,683
132851,8,5,2,86,130,122,345,216,467,208,475,683
132851,9,6,1,58,69,64,190,127,254,122,259,381
132851,9,6,2,58,69,64,190,127,254,122,259,381
132851,10,7,1,27,46,45,131,73,176,72,177,249
132851,10,7,2,27,46,45,131,73,176,72,177,249
132851,11,8,1,30,56,50,162,86,212,80,218,298
132851,11,8,2,30,56,50,162,86,212,80,218,298
132851,12,9,1,11,22,37,106,33,143,48,128,176
132851,12,9,2,11,22,37,106,33,143,48,128,176
132851,13,10,1,0,2,3,5,2,8,3,7,10
132851,13,10,2,0,2,3,5,2,8,3,7,10
132879,1,412,1,92,58,6,4,150,10,98,62,160
132879,1,112,2,92,58,6,4,150,10,98,62,160
132879,2,999,1,82,53,5,4,135,9,87,57,144
132879,2,999,2,82,53,5,4,135,9,87,57,144
132879,4,2,1,27,22,1,2,49,3,28,24,52
132879,4,2,2,27,22,1,2,49,3,28,24,52
132879,5,3,1,40,25,2,2,65,4,42,27,69
132879,5,3,2,40,25,2,2,65,4,42,27,69
132879,6,4,1,15,6,2,0,21,2,17,6,23
132879,6,4,2,15,6,2,0,21,2,17,6,23
132879,7,999,1,10,5,1,0,15,1,11,5,16
132879,7,999,2,10,5,1,0,15,1,11,5,16
132879,8,5,1,7,3,0,0,10,0,7,3,10
132879,8,5,2,7,3,0,0,10,0,7,3,10
132879,9,6,1,1,1,0,0,2,0,1,1,2
132879,9,6,2,1,1,0,0,2,0,1,1,2
132879,10,7,1,1,0,0,0,1,0,1,0,1
132879,10,7,2,1,0,0,0,1,0,1,0,1
132879,11,8,1,1,0,1,0,1,1,2,0,2
132879,11,8,2,1,0,1,0,1,1,2,0,2
132879,12,9,1,0,1,0,0,1,0,0,1,1
132879,12,9,2,0,1,0,0,1,0,0,1,1
132903,1,412,1,21622,26846,10119,13294,48468,23413,31741,40140,71881
132903,1,112,2,19440,24073,8133,9755,43513,17888,27573,33828,61401
132903,1,312,5,2182,2773,1986,3539,4955,5525,4168,6312,10480
132903,2,999,1,18462,23327,5769,6553,41789,12322,24231,29880,54111
132903,2,999,2,17801,22131,5442,5963,39932,11405,23243,28094,51337
132903,2,999,5,661,1196,327,590,1857,917,988,1786,2774
132903,3,1,1,113,149,23,22,262,45,136,171,307
132903,3,1,2,113,149,23,22,262,45,136,171,307
132903,4,2,1,6162,8022,491,562,14184,1053,6653,8584,15237
132903,4,2,2,6160,8021,491,562,14181,1053,6651,8583,15234
132903,4,2,5,2,1,0,0,3,0,2,1,3
132903,5,3,1,7261,9580,1587,1912,16841,3499,8848,11492,20340
132903,5,3,2,7230,9488,1576,1890,16718,3466,8806,11378,20184
132903,5,3,5,31,92,11,22,123,33,42,114,156
132903,6,4,1,4926,5576,3668,4057,10502,7725,8594,9633,18227
132903,6,4,2,4298,4473,3352,3489,8771,6841,7650,7962,15612
132903,6,4,5,628,1103,316,568,1731,884,944,1671,2615
132903,7,999,1,3160,3519,4350,6741,6679,11091,7510,10260,17770
132903,7,999,2,1639,1942,2691,3792,3581,6483,4330,5734,10064
132903,7,999,5,1521,1577,1659,2949,3098,4608,3180,4526,7706
132903,8,5,1,2062,2170,2368,3092,4232,5460,4430,5262,9692
132903,8,5,2,1191,1256,1687,1974,2447,3661,2878,3230,6108
132903,8,5,5,871,914,681,1118,1785,1799,1552,2032,3584
132903,9,6,1,646,690,870,1350,1336,2220,1516,2040,3556
132903,9,6,2,279,363,503,758,642,1261,782,1121,1903
132903,9,6,5,367,327,367,592,694,959,734,919,1653
132903,10,7,1,256,311,464,825,567,1289,720,1136,1856
132903,10,7,2,96,161,243,427,257,670,339,588,927
132903,10,7,5,160,150,221,398,310,619,381,548,929
132903,11,8,1,136,243,430,994,379,1424,566,1237,1803
132903,11,8,2,50,116,182,450,166,632,232,566,798
132903,11,8,5,86,127,248,544,213,792,334,671,1005
132903,12,9,1,54,99,200,468,153,668,254,567,821
132903,12,9,2,20,44,66,175,64,241,86,219,305
132903,12,9,5,34,55,134,293,89,427,168,348,516
132903,13,10,1,6,6,18,12,12,30,24,18,42
132903,13,10,2,3,2,10,8,5,18,13,10,23
132903,13,10,5,3,4,8,4,7,12,11,8,19
132976,1,412,1,115,135,0,0,250,0,115,135,250
132976,1,112,2,115,135,0,0,250,0,115,135,250
132976,2,999,1,84,75,0,0,159,0,84,75,159
132976,2,999,2,84,75,0,0,159,0,84,75,159
132976,3,1,1,5,12,0,0,17,0,5,12,17
132976,3,1,2,5,12,0,0,17,0,5,12,17
132976,4,2,1,44,31,0,0,75,0,44,31,75
132976,4,2,2,44,31,0,0,75,0,44,31,75
132976,5,3,1,23,20,0,0,43,0,23,20,43
132976,5,3,2,23,20,0,0,43,0,23,20,43
132976,6,4,1,12,12,0,0,24,0,12,12,24
132976,6,4,2,12,12,0,0,24,0,12,12,24
132976,7,999,1,31,60,0,0,91,0,31,60,91
132976,7,999,2,31,60,0,0,91,0,31,60,91
132976,8,5,1,13,23,0,0,36,0,13,23,36
132976,8,5,2,13,23,0,0,36,0,13,23,36
132976,9,6,1,5,13,0,0,18,0,5,13,18
132976,9,6,2,5,13,0,0,18,0,5,13,18
132976,10,7,1,4,8,0,0,12,0,4,8,12
132976,10,7,2,4,8,0,0,12,0,4,8,12
132976,11,8,1,3,12,0,0,15,0,3,12,15
132976,11,8,2,3,12,0,0,15,0,3,12,15
132976,12,9,1,6,4,0,0,10,0,6,4,10
132976,12,9,2,6,4,0,0,10,0,6,4,10
133021,1,412,1,292,441,379,831,733,1210,671,1272,1943
133021,1,112,2,292,441,379,831,733,1210,671,1272,1943
133021,2,999,1,265,387,318,662,652,980,583,1049,1632
133021,2,999,2,265,387,318,662,652,980,583,1049,1632
133021,3,1,1,13,31,176,332,44,508,189,363,552
133021,3,1,2,13,31,176,332,44,508,189,363,552
133021,4,2,1,156,225,70,137,381,207,226,362,588
133021,4,2,2,156,225,70,137,381,207,226,362,588
133021,5,3,1,68,89,41,101,157,142,109,190,299
133021,5,3,2,68,89,41,101,157,142,109,190,299
133021,6,4,1,28,42,31,92,70,123,59,134,193
133021,6,4,2,28,42,31,92,70,123,59,134,193
133021,7,999,1,27,54,60,168,81,228,87,222,309
133021,7,999,2,27,54,60,168,81,228,87,222,309
133021,8,5,1,12,28,35,63,40,98,47,91,138
133021,8,5,2,12,28,35,63,40,98,47,91,138
133021,9,6,1,5,7,10,36,12,46,15,43,58
133021,9,6,2,5,7,10,36,12,46,15,43,58
133021,10,7,1,5,12,5,24,17,29,10,36,46
133021,10,7,2,5,12,5,24,17,29,10,36,46
133021,11,8,1,3,5,7,32,8,39,10,37,47
133021,11,8,2,3,5,7,32,8,39,10,37,47
133021,12,9,1,2,2,3,12,4,15,5,14,19
133021,12,9,2,2,2,3,12,4,15,5,14,19
133021,13,10,1,0,0,0,1,0,1,0,1,1
133021,13,10,2,0,0,0,1,0,1,0,1,1
133021,14,11,1,0,0,1,1,0,2,1,1,2
133021,14,11,2,0,0,1,1,0,2,1,1,2
133386,1,412,1,2169,2823,2701,5035,4992,7736,4870,7858,12728
133386,1,112,2,2169,2823,2701,5035,4992,7736,4870,7858,12728
133386,2,999,1,1593,2072,1764,2947,3665,4711,3357,5019,8376
133386,2,999,2,1593,2072,1764,2947,3665,4711,3357,5019,8376
133386,3,1,1,218,391,601,1018,609,1619,819,1409,2228
133386,3,1,2,218,391,601,1018,609,1619,819,1409,2228
133386,4,2,1,734,955,376,600,1689,976,1110,1555,2665
133386,4,2,2,734,955,376,600,1689,976,1110,1555,2665
133386,5,3,1,371,440,406,666,811,1072,777,1106,1883
133386,5,3,2,371,440,406,666,811,1072,777,1106,1883
133386,6,4,1,270,286,381,663,556,1044,651,949,1600
133386,6,4,2,270,286,381,663,556,1044,651,949,1600
133386,7,999,1,575,751,937,2087,1326,3024,1512,2838,4350
133386,7,999,2,575,751,937,2087,1326,3024,1512,2838,4350
133386,8,5,1,253,307,327,686,560,1013,580,993,1573
133386,8,5,2,253,307,327,686,560,1013,580,993,1573
133386,9,6,1,141,165,230,459,306,689,371,624,995
133386,9,6,2,141,165,230,459,306,689,371,624,995
133386,10,7,1,69,96,134,305,165,439,203,401,604
133386,10,7,2,69,96,134,305,165,439,203,401,604
133386,11,8,1,78,142,150,380,220,530,228,522,750
133386,11,8,2,78,142,150,380,220,530,228,522,750
133386,12,9,1,32,40,88,241,72,329,120,281,401
133386,12,9,2,32,40,88,241,72,329,120,281,401
133386,13,10,1,2,1,8,16,3,24,10,17,27
133386,13,10,2,2,1,8,16,3,24,10,17,27
133386,14,11,1,1,0,0,1,1,1,1,1,2
133386,14,11,2,1,0,0,1,1,1,1,1,2
133492,1,412,1,555,1209,19,39,1764,58,574,1248,1822
133492,1,112,2,555,1209,19,39,1764,58,574,1248,1822
133492,2,999,1,549,1200,14,38,1749,52,563,1238,1801
133492,2,999,2,549,1200,14,38,1749,52,563,1238,1801
133492,3,1,1,2,5,0,0,7,0,2,5,7
133492,3,1,2,2,5,0,0,7,0,2,5,7
133492,4,2,1,233,570,3,8,803,11,236,578,814
133492,4,2,2,233,570,3,8,803,11,236,578,814
133492,5,3,1,256,541,8,19,797,27,264,560,824
133492,5,3,2,256,541,8,19,797,27,264,560,824
133492,6,4,1,58,84,3,11,142,14,61,95,156
133492,6,4,2,58,84,3,11,142,14,61,95,156
133492,7,999,1,6,9,5,1,15,6,11,10,21
133492,7,999,2,6,9,5,1,15,6,11,10,21
133492,8,5,1,4,6,2,1,10,3,6,7,13
133492,8,5,2,4,6,2,1,10,3,6,7,13
133492,9,6,1,1,1,1,0,2,1,2,1,3
133492,9,6,2,1,1,1,0,2,1,2,1,3
133492,10,7,1,1,1,0,0,2,0,1,1,2
133492,10,7,2,1,1,0,0,2,0,1,1,2
133492,11,8,1,0,1,1,0,1,1,1,1,2
133492,11,8,2,0,1,1,0,1,1,1,1,2
133492,13,10,1,0,0,1,0,0,1,1,0,1
133492,13,10,2,0,0,1,0,0,1,1,0,1
133508,1,412,1,2158,3874,2996,6113,6032,9109,5154,9987,15141
133508,1,112,2,2158,3874,2996,6113,6032,9109,5154,9987,15141
133508,2,999,1,1892,3284,2210,4034,5176,6244,4102,7318,11420
133508,2,999,2,1892,3284,2210,4034,5176,6244,4102,7318,11420
133508,3,1,1,392,772,464,991,1164,1455,856,1763,2619
133508,3,1,2,392,772,464,991,1164,1455,856,1763,2619
133508,4,2,1,887,1548,567,992,2435,1559,1454,2540,3994
133508,4,2,2,887,1548,567,992,2435,1559,1454,2540,3994
133508,5,3,1,405,592,665,1129,997,1794,1070,1721,2791
133508,5,3,2,405,592,665,1129,997,1794,1070,1721,2791
133508,6,4,1,208,372,514,922,580,1436,722,1294,2016
133508,6,4,2,208,372,514,922,580,1436,722,1294,2016
133508,7,999,1,266,590,786,2075,856,2861,1052,2665,3717
133508,7,999,2,266,590,786,2075,856,2861,1052,2665,3717
133508,8,5,1,138,263,369,840,401,1209,507,1103,1610
133508,8,5,2,138,263,369,840,401,1209,507,1103,1610
133508,9,6,1,62,140,172,469,202,641,234,609,843
133508,9,6,2,62,140,172,469,202,641,234,609,843
133508,10,7,1,36,85,101,290,121,391,137,375,512
133508,10,7,2,36,85,101,290,121,391,137,375,512
133508,11,8,1,25,73,94,334,98,428,119,407,526
133508,11,8,2,25,73,94,334,98,428,119,407,526
133508,12,9,1,5,28,47,138,33,185,52,166,218
133508,12,9,2,5,28,47,138,33,185,52,166,218
133508,13,10,1,0,1,3,4,1,7,3,5,8
133508,13,10,2,0,1,3,4,1,7,3,5,8
133508,14,11,1,0,0,0,4,0,4,0,4,4
133508,14,11,2,0,0,0,4,0,4,0,4,4
133553,1,412,1,4919,1671,1541,666,6590,2207,6460,2337,8797
133553,1,112,2,4528,1507,1473,647,6035,2120,6001,2154,8155
133553,1,312,5,391,164,68,19,555,87,459,183,642
133553,2,999,1,4356,1559,1397,642,5915,2039,5753,2201,7954
133553,2,999,2,4140,1466,1386,633,5606,2019,5526,2099,7625
133553,2,999,5,216,93,11,9,309,20,227,102,329
133553,3,1,1,50,26,1022,509,76,1531,1072,535,1607
133553,3,1,2,50,26,1022,509,76,1531,1072,535,1607
133553,4,2,1,1857,705,157,84,2562,241,2014,789,2803
133553,4,2,2,1857,705,157,84,2562,241,2014,789,2803
133553,5,3,1,1568,576,54,15,2144,69,1622,591,2213
133553,5,3,2,1563,569,53,15,2132,68,1616,584,2200
133553,5,3,5,5,7,1,0,12,1,6,7,13
133553,6,4,1,881,252,164,34,1133,198,1045,286,1331
133553,6,4,2,670,166,154,25,836,179,824,191,1015
133553,6,4,5,211,86,10,9,297,19,221,95,316
133553,7,999,1,563,112,144,24,675,168,707,136,843
133553,7,999,2,388,41,87,14,429,101,475,55,530
133553,7,999,5,175,71,57,10,246,67,232,81,313
133553,8,5,1,400,79,82,15,479,97,482,94,576
133553,8,5,2,277,32,60,7,309,67,337,39,376
133553,8,5,5,123,47,22,8,170,30,145,55,200
133553,9,6,1,102,22,36,4,124,40,138,26,164
133553,9,6,2,70,7,18,4,77,22,88,11,99
133553,9,6,5,32,15,18,0,47,18,50,15,65
133553,10,7,1,34,5,11,1,39,12,45,6,51
133553,10,7,2,25,1,8,1,26,9,33,2,35
133553,10,7,5,9,4,3,0,13,3,12,4,16
133553,11,8,1,18,5,9,3,23,12,27,8,35
133553,11,8,2,13,1,0,2,14,2,13,3,16
133553,11,8,5,5,4,9,1,9,10,14,5,19
133553,12,9,1,7,1,5,1,8,6,12,2,14
133553,12,9,2,3,0,1,0,3,1,4,0,4
133553,12,9,5,4,1,4,1,5,5,8,2,10
133553,13,10,1,2,0,1,0,2,1,3,0,3
133553,13,10,5,2,0,1,0,2,1,3,0,3
133650,1,412,1,2592,5143,571,878,7735,1449,3163,6021,9184
133650,1,112,2,2103,4141,457,701,6244,1158,2560,4842,7402
133650,1,312,5,489,1002,114,177,1491,291,603,1179,1782
133650,2,999,1,2132,4377,370,554,6509,924,2502,4931,7433
133650,2,999,2,1961,3945,352,538,5906,890,2313,4483,6796
133650,2,999,5,171,432,18,16,603,34,189,448,637
133650,3,1,1,4,18,58,100,22,158,62,118,180
133650,3,1,2,4,18,58,100,22,158,62,118,180
133650,4,2,1,568,1250,79,118,1818,197,647,1368,2015
133650,4,2,2,568,1250,79,118,1818,197,647,1368,2015
133650,5,3,1,826,1783,91,144,2609,235,917,1927,2844
133650,5,3,2,822,1762,90,143,2584,233,912,1905,2817
133650,5,3,5,4,21,1,1,25,2,5,22,27
133650,6,4,1,734,1326,142,192,2060,334,876,1518,2394
133650,6,4,2,567,915,125,177,1482,302,692,1092,1784
133650,6,4,5,167,411,17,15,578,32,184,426,610
133650,7,999,1,460,766,201,324,1226,525,661,1090,1751
133650,7,999,2,142,196,105,163,338,268,247,359,606
133650,7,999,5,318,570,96,161,888,257,414,731,1145
133650,8,5,1,274,475,96,132,749,228,370,607,977
133650,8,5,2,108,131,58,75,239,133,166,206,372
133650,8,5,5,166,344,38,57,510,95,204,401,605
133650,9,6,1,108,163,37,67,271,104,145,230,375
133650,9,6,2,18,29,19,33,47,52,37,62,99
133650,9,6,5,90,134,18,34,224,52,108,168,276
133650,10,7,1,38,52,25,42,90,67,63,94,157
133650,10,7,2,9,9,12,20,18,32,21,29,50
133650,10,7,5,29,43,13,22,72,35,42,65,107
133650,11,8,1,29,55,30,49,84,79,59,104,163
133650,11,8,2,6,20,12,21,26,33,18,41,59
133650,11,8,5,23,35,18,28,58,46,41,63,104
133650,12,9,1,11,21,13,32,32,45,24,53,77
133650,12,9,2,1,7,4,12,8,16,5,19,24
133650,12,9,5,10,14,9,20,24,29,19,34,53
133650,13,10,1,0,0,0,2,0,2,0,2,2
133650,13,10,2,0,0,0,2,0,2,0,2,2
133702,1,412,1,2781,4272,5121,10170,7053,15291,7902,14442,22344
133702,1,112,2,2781,4272,5121,10170,7053,15291,7902,14442,22344
133702,2,999,1,1794,2636,2968,4990,4430,7958,4762,7626,12388
133702,2,999,2,1794,2636,2968,4990,4430,7958,4762,7626,12388
133702,3,1,1,195,390,510,832,585,1342,705,1222,1927
133702,3,1,2,195,390,510,832,585,1342,705,1222,1927
133702,4,2,1,767,1074,742,1180,1841,1922,1509,2254,3763
133702,4,2,2,767,1074,742,1180,1841,1922,1509,2254,3763
133702,5,3,1,449,584,857,1440,1033,2297,1306,2024,3330
133702,5,3,2,449,584,857,1440,1033,2297,1306,2024,3330
133702,6,4,1,383,588,859,1538,971,2397,1242,2126,3368
133702,6,4,2,383,588,859,1538,971,2397,1242,2126,3368
133702,7,999,1,987,1636,2153,5180,2623,7333,3140,6816,9956
133702,7,999,2,987,1636,2153,5180,2623,7333,3140,6816,9956
133702,8,5,1,411,687,831,1802,1098,2633,1242,2489,3731
133702,8,5,2,411,687,831,1802,1098,2633,1242,2489,3731
133702,9,6,1,253,393,492,1211,646,1703,745,1604,2349
133702,9,6,2,253,393,492,1211,646,1703,745,1604,2349
133702,10,7,1,141,222,316,829,363,1145,457,1051,1508
133702,10,7,2,141,222,316,829,363,1145,457,1051,1508
133702,11,8,1,132,240,343,861,372,1204,475,1101,1576
133702,11,8,2,132,240,343,861,372,1204,475,1101,1576
133702,12,9,1,50,92,162,466,142,628,212,558,770
133702,12,9,2,50,92,162,466,142,628,212,558,770
133702,13,10,1,0,2,9,11,2,20,9,13,22
133702,13,10,2,0,2,9,11,2,20,9,13,22
133711,1,412,1,815,1780,41,51,2595,92,856,1831,2687
133711,1,112,2,815,1776,41,39,2591,80,856,1815,2671
133711,1,312,5,0,4,0,12,4,12,0,16,16
133711,2,999,1,739,1632,25,26,2371,51,764,1658,2422
133711,2,999,2,739,1631,25,26,2370,51,764,1657,2421
133711,2,999,5,0,1,0,0,1,0,0,1,1
133711,3,1,1,8,21,0,0,29,0,8,21,29
133711,3,1,2,8,21,0,0,29,0,8,21,29
133711,4,2,1,287,715,0,1,1002,1,287,716,1003
133711,4,2,2,287,715,0,1,1002,1,287,716,1003
133711,5,3,1,298,722,6,7,1020,13,304,729,1033
133711,5,3,2,298,722,6,7,1020,13,304,729,1033
133711,6,4,1,146,174,19,18,320,37,165,192,357
133711,6,4,2,146,173,19,18,319,37,165,191,356
133711,6,4,5,0,1,0,0,1,0,0,1,1
133711,7,999,1,76,148,16,25,224,41,92,173,265
133711,7,999,2,76,145,16,13,221,29,92,158,250
133711,7,999,5,0,3,0,12,3,12,0,15,15
133711,8,5,1,35,62,9,7,97,16,44,69,113
133711,8,5,2,35,62,9,3,97,12,44,65,109
133711,8,5,5,0,0,0,4,0,4,0,4,4
133711,9,6,1,11,35,1,3,46,4,12,38,50
133711,9,6,2,11,35,1,3,46,4,12,38,50
133711,10,7,1,12,16,1,3,28,4,13,19,32
133711,10,7,2,12,15,1,1,27,2,13,16,29
133711,10,7,5,0,1,0,2,1,2,0,3,3
133711,11,8,1,11,18,5,8,29,13,16,26,42
133711,11,8,2,11,16,5,4,27,9,16,20,36
133711,11,8,5,0,2,0,4,2,4,0,6,6
133711,12,9,1,7,17,0,4,24,4,7,21,28
133711,12,9,2,7,17,0,2,24,2,7,19,26
133711,12,9,5,0,0,0,2,0,2,0,2,2
133809,1,412,1,223,249,8,8,472,16,231,257,488
133809,1,112,2,223,249,8,8,472,16,231,257,488
133809,2,999,1,221,249,8,5,470,13,229,254,483
133809,2,999,2,221,249,8,5,470,13,229,254,483
133809,3,1,1,4,8,0,0,12,0,4,8,12
133809,3,1,2,4,8,0,0,12,0,4,8,12
133809,4,2,1,107,137,4,2,244,6,111,139,250
133809,4,2,2,107,137,4,2,244,6,111,139,250
133809,5,3,1,85,89,3,2,174,5,88,91,179
133809,5,3,2,85,89,3,2,174,5,88,91,179
133809,6,4,1,25,15,1,1,40,2,26,16,42
133809,6,4,2,25,15,1,1,40,2,26,16,42
133809,7,999,1,2,0,0,3,2,3,2,3,5
133809,7,999,2,2,0,0,3,2,3,2,3,5
133809,8,5,1,2,0,0,1,2,1,2,1,3
133809,8,5,2,2,0,0,1,2,1,2,1,3
133809,9,6,1,0,0,0,1,0,1,0,1,1
133809,9,6,2,0,0,0,1,0,1,0,1,1
133809,12,9,1,0,0,0,1,0,1,0,1,1
133809,12,9,2,0,0,0,1,0,1,0,1,1
133872,1,412,1,154,616,208,824,770,1032,362,1440,1802
133872,1,112,2,70,393,164,622,463,786,234,1015,1249
133872,1,312,5,84,223,44,202,307,246,128,425,553
133872,2,999,1,63,365,108,335,428,443,171,700,871
133872,2,999,2,44,288,103,313,332,416,147,601,748
133872,2,999,5,19,77,5,22,96,27,24,99,123
133872,3,1,1,0,7,39,39,7,78,39,46,85
133872,3,1,2,0,7,39,39,7,78,39,46,85
133872,4,2,1,21,94,15,44,115,59,36,138,174
133872,4,2,2,21,94,15,44,115,59,36,138,174
133872,5,3,1,11,93,19,104,104,123,30,197,227
133872,5,3,2,11,91,19,104,102,123,30,195,225
133872,5,3,5,0,2,0,0,2,0,0,2,2
133872,6,4,1,31,171,35,148,202,183,66,319,385
133872,6,4,2,12,96,30,126,108,156,42,222,264
133872,6,4,5,19,75,5,22,94,27,24,97,121
133872,7,999,1,91,251,100,489,342,589,191,740,931
133872,7,999,2,26,105,61,309,131,370,87,414,501
133872,7,999,5,65,146,39,180,211,219,104,326,430
133872,8,5,1,55,138,41,177,193,218,96,315,411
133872,8,5,2,15,50,19,117,65,136,34,167,201
133872,8,5,5,40,88,22,60,128,82,62,148,210
133872,9,6,1,20,54,15,99,74,114,35,153,188
133872,9,6,2,6,26,13,60,32,73,19,86,105
133872,9,6,5,14,28,2,39,42,41,16,67,83
133872,10,7,1,10,31,22,81,41,103,32,112,144
133872,10,7,2,4,13,15,52,17,67,19,65,84
133872,10,7,5,6,18,7,29,24,36,13,47,60
133872,11,8,1,4,23,15,98,27,113,19,121,140
133872,11,8,2,1,14,7,59,15,66,8,73,81
133872,11,8,5,3,9,8,39,12,47,11,48,59
133872,12,9,1,2,5,7,34,7,41,9,39,48
133872,12,9,2,0,2,7,21,2,28,7,23,30
133872,12,9,5,2,3,0,13,5,13,2,16,18
133881,1,412,1,2648,1792,1225,1110,4440,2335,3873,2902,6775
133881,1,112,2,2090,923,306,156,3013,462,2396,1079,3475
133881,1,312,5,558,869,919,954,1427,1873,1477,1823,3300
133881,2,999,1,2138,1081,369,282,3219,651,2507,1363,3870
133881,2,999,2,1961,876,258,128,2837,386,2219,1004,3223
133881,2,999,5,177,205,111,154,382,265,288,359,647
133881,3,1,1,25,16,44,28,41,72,69,44,113
133881,3,1,2,25,16,44,28,41,72,69,44,113
133881,4,2,1,775,364,52,26,1139,78,827,390,1217
133881,4,2,2,774,364,52,26,1138,78,826,390,1216
133881,4,2,5,1,0,0,0,1,0,1,0,1
133881,5,3,1,803,402,69,49,1205,118,872,451,1323
133881,5,3,2,794,388,67,43,1182,110,861,431,1292
133881,5,3,5,9,14,2,6,23,8,11,20,31
133881,6,4,1,535,299,204,179,834,383,739,478,1217
133881,6,4,2,368,108,95,31,476,126,463,139,602
133881,6,4,5,167,191,109,148,358,257,276,339,615
133881,7,999,1,510,711,855,828,1221,1683,1365,1539,2904
133881,7,999,2,129,47,47,28,176,75,176,75,251
133881,7,999,5,381,664,808,800,1045,1608,1189,1464,2653
133881,8,5,1,266,393,290,322,659,612,556,715,1271
133881,8,5,2,85,32,29,16,117,45,114,48,162
133881,8,5,5,181,361,261,306,542,567,442,667,1109
133881,9,6,1,131,160,192,188,291,380,323,348,671
133881,9,6,2,25,6,9,3,31,12,34,9,43
133881,9,6,5,106,154,183,185,260,368,289,339,628
133881,10,7,1,53,73,154,114,126,268,207,187,394
133881,10,7,2,11,5,3,4,16,7,14,9,23
133881,10,7,5,42,68,151,110,110,261,193,178,371
133881,11,8,1,44,62,143,133,106,276,187,195,382
133881,11,8,2,7,1,3,4,8,7,10,5,15
133881,11,8,5,37,61,140,129,98,269,177,190,367
133881,12,9,1,14,23,70,70,37,140,84,93,177
133881,12,9,2,1,3,3,1,4,4,4,4,8
133881,12,9,5,13,20,67,69,33,136,80,89,169
133881,13,10,1,2,0,6,1,2,7,8,1,9
133881,13,10,5,2,0,6,1,2,7,8,1,9
133881,14,11,1,0,0,1,0,0,1,1,0,1
133881,14,11,2,0,0,1,0,0,1,1,0,1
133960,1,412,1,195,160,158,343,355,501,353,503,856
133960,1,112,2,195,160,158,343,355,501,353,503,856
133960,2,999,1,100,109,82,137,209,219,182,246,428
133960,2,999,2,100,109,82,137,209,219,182,246,428
133960,3,1,1,0,1,1,1,1,2,1,2,3
133960,3,1,2,0,1,1,1,1,2,1,2,3
133960,4,2,1,50,65,23,26,115,49,73,91,164
133960,4,2,2,50,65,23,26,115,49,73,91,164
133960,5,3,1,37,30,33,48,67,81,70,78,148
133960,5,3,2,37,30,33,48,67,81,70,78,148
133960,6,4,1,13,13,25,62,26,87,38,75,113
133960,6,4,2,13,13,25,62,26,87,38,75,113
133960,7,999,1,95,51,76,206,146,282,171,257,428
133960,7,999,2,95,51,76,206,146,282,171,257,428
133960,8,5,1,23,18,27,79,41,106,50,97,147
133960,8,5,2,23,18,27,79,41,106,50,97,147
133960,9,6,1,18,11,16,51,29,67,34,62,96
133960,9,6,2,18,11,16,51,29,67,34,62,96
133960,10,7,1,14,6,15,30,20,45,29,36,65
133960,10,7,2,14,6,15,30,20,45,29,36,65
133960,11,8,1,20,4,12,32,24,44,32,36,68
133960,11,8,2,20,4,12,32,24,44,32,36,68
133960,12,9,1,19,10,6,14,29,20,25,24,49
133960,12,9,2,19,10,6,14,29,20,25,24,49
133960,13,10,1,1,2,0,0,3,0,1,2,3
133960,13,10,2,1,2,0,0,3,0,1,2,3
134097,1,412,1,15065,20596,3293,4615,35661,7908,18358,25211,43569
134097,1,112,2,12246,16826,1757,1714,29072,3471,14003,18540,32543
134097,1,312,5,2819,3770,1536,2901,6589,4437,4355,6671,11026
134097,2,999,1,13006,18455,1510,1863,31461,3373,14516,20318,34834
134097,2,999,2,11934,16613,1287,1314,28547,2601,13221,17927,31148
134097,2,999,5,1072,1842,223,549,2914,772,1295,2391,3686
134097,3,1,1,31,79,22,37,110,59,53,116,169
134097,3,1,2,31,79,22,37,110,59,53,116,169
134097,4,2,1,4723,7378,153,196,12101,349,4876,7574,12450
134097,4,2,2,4723,7376,153,196,12099,349,4876,7572,12448
134097,4,2,5,0,2,0,0,2,0,0,2,2
134097,5,3,1,5603,8054,443,599,13657,1042,6046,8653,14699
134097,5,3,2,5538,7860,432,565,13398,997,5970,8425,14395
134097,5,3,5,65,194,11,34,259,45,76,228,304
134097,6,4,1,2649,2944,892,1031,5593,1923,3541,3975,7516
134097,6,4,2,1642,1298,680,516,2940,1196,2322,1814,4136
134097,6,4,5,1007,1646,212,515,2653,727,1219,2161,3380
134097,7,999,1,2059,2141,1783,2752,4200,4535,3842,4893,8735
134097,7,999,2,312,213,470,400,525,870,782,613,1395
134097,7,999,5,1747,1928,1313,2352,3675,3665,3060,4280,7340
134097,8,5,1,1299,1282,583,944,2581,1527,1882,2226,4108
134097,8,5,2,216,121,230,166,337,396,446,287,733
134097,8,5,5,1083,1161,353,778,2244,1131,1436,1939,3375
134097,9,6,1,458,469,458,588,927,1046,916,1057,1973
134097,9,6,2,49,49,112,81,98,193,161,130,291
134097,9,6,5,409,420,346,507,829,853,755,927,1682
134097,10,7,1,172,185,290,389,357,679,462,574,1036
134097,10,7,2,17,18,49,52,35,101,66,70,136
134097,10,7,5,155,167,241,337,322,578,396,504,900
134097,11,8,1,98,160,322,557,258,879,420,717,1137
134097,11,8,2,21,17,52,60,38,112,73,77,150
134097,11,8,5,77,143,270,497,220,767,347,640,987
134097,12,9,1,29,45,124,263,74,387,153,308,461
134097,12,9,2,9,8,25,41,17,66,34,49,83
134097,12,9,5,20,37,99,222,57,321,119,259,378
134097,13,10,1,3,0,6,11,3,17,9,11,20
134097,13,10,2,0,0,2,0,0,2,2,0,2
134097,13,10,5,3,0,4,11,3,15,7,11,18
134130,1,412,1,19126,24745,4057,5444,43871,9501,23183,30189,53372
134130,1,112,2,13308,18168,1858,1597,31476,3455,15166,19765,34931
134130,1,312,5,5818,6577,2199,3847,12395,6046,8017,10424,18441
134130,2,999,1,14990,20840,1861,2087,35830,3948,16851,22927,39778
134130,2,999,2,12943,17923,1533,1399,30866,2932,14476,19322,33798
134130,2,999,5,2047,2917,328,688,4964,1016,2375,3605,5980
134130,3,1,1,24,53,18,10,77,28,42,63,105
134130,3,1,2,24,53,18,10,77,28,42,63,105
134130,4,2,1,4450,6668,228,204,11118,432,4678,6872,11550
134130,4,2,2,4445,6666,227,204,11111,431,4672,6870,11542
134130,4,2,5,5,2,1,0,7,1,6,2,8
134130,5,3,1,6149,9158,462,572,15307,1034,6611,9730,16341
134130,5,3,2,6052,8920,458,550,14972,1008,6510,9470,15980
134130,5,3,5,97,238,4,22,335,26,101,260,361
134130,6,4,1,4367,4961,1153,1301,9328,2454,5520,6262,11782
134130,6,4,2,2422,2284,830,635,4706,1465,3252,2919,6171
134130,6,4,5,1945,2677,323,666,4622,989,2268,3343,5611
134130,7,999,1,4136,3905,2196,3357,8041,5553,6332,7262,13594
134130,7,999,2,365,245,325,198,610,523,690,443,1133
134130,7,999,5,3771,3660,1871,3159,7431,5030,5642,6819,12461
134130,8,5,1,2700,2593,903,1334,5293,2237,3603,3927,7530
134130,8,5,2,257,177,196,101,434,297,453,278,731
134130,8,5,5,2443,2416,707,1233,4859,1940,3150,3649,6799
134130,9,6,1,873,778,502,682,1651,1184,1375,1460,2835
134130,9,6,2,73,33,56,29,106,85,129,62,191
134130,9,6,5,800,745,446,653,1545,1099,1246,1398,2644
134130,10,7,1,308,282,294,470,590,764,602,752,1354
134130,10,7,2,18,16,28,23,34,51,46,39,85
134130,10,7,5,290,266,266,447,556,713,556,713,1269
134130,11,8,1,205,201,331,570,406,901,536,771,1307
134130,11,8,2,14,13,32,23,27,55,46,36,82
134130,11,8,5,191,188,299,547,379,846,490,735,1225
134130,12,9,1,44,48,144,285,92,429,188,333,521
134130,12,9,2,2,6,11,19,8,30,13,25,38
134130,12,9,5,42,42,133,266,84,399,175,308,483
134130,13,10,1,6,3,22,16,9,38,28,19,47
134130,13,10,2,1,0,2,3,1,5,3,3,6
134130,13,10,5,5,3,20,13,8,33,25,16,41
134343,1,412,1,605,1044,953,1808,1649,2761,1558,2852,4410
134343,1,112,2,605,1044,953,1808,1649,2761,1558,2852,4410
134343,2,999,1,441,728,617,1068,1169,1685,1058,1796,2854
134343,2,999,2,441,728,617,1068,1169,1685,1058,1796,2854
134343,3,1,1,9,23,195,363,32,558,204,386,590
134343,3,1,2,9,23,195,363,32,558,204,386,590
134343,4,2,1,251,404,123,228,655,351,374,632,1006
134343,4,2,2,251,404,123,228,655,351,374,632,1006
134343,5,3,1,105,193,165,257,298,422,270,450,720
134343,5,3,2,105,193,165,257,298,422,270,450,720
134343,6,4,1,76,108,134,220,184,354,210,328,538
134343,6,4,2,76,108,134,220,184,354,210,328,538
134343,7,999,1,138,255,278,720,393,998,416,975,1391
134343,7,999,2,138,255,278,720,393,998,416,975,1391
134343,8,5,1,63,105,92,227,168,319,155,332,487
134343,8,5,2,63,105,92,227,168,319,155,332,487
134343,9,6,1,29,57,71,154,86,225,100,211,311
134343,9,6,2,29,57,71,154,86,225,100,211,311
134343,10,7,1,22,42,35,117,64,152,57,159,216
134343,10,7,2,22,42,35,117,64,152,57,159,216
134343,11,8,1,16,39,42,126,55,168,58,165,223
134343,11,8,2,16,39,42,126,55,168,58,165,223
134343,12,9,1,7,11,26,65,18,91,33,76,109
134343,12,9,2,7,11,26,65,18,91,33,76,109
134343,13,10,1,1,1,12,31,2,43,13,32,45
134343,13,10,2,1,1,12,31,2,43,13,32,45
134343,14,11,1,26,61,58,20,87,78,84,81,165
134343,14,11,2,26,61,58,20,87,78,84,81,165
134495,1,412,1,4090,4813,3871,6758,8903,10629,7961,11571,19532
134495,1,112,2,4090,4813,3871,6758,8903,10629,7961,11571,19532
134495,2,999,1,3019,3739,2551,3847,6758,6398,5570,7586,13156
134495,2,999,2,3019,3739,2551,3847,6758,6398,5570,7586,13156
134495,3,1,1,47,104,19,38,151,57,66,142,208
134495,3,1,2,47,104,19,38,151,57,66,142,208
134495,4,2,1,1577,2172,766,1173,3749,1939,2343,3345,5688
134495,4,2,2,1577,2172,766,1173,3749,1939,2343,3345,5688
134495,5,3,1,872,949,1024,1468,1821,2492,1896,2417,4313
134495,5,3,2,872,949,1024,1468,1821,2492,1896,2417,4313
134495,6,4,1,523,514,742,1168,1037,1910,1265,1682,2947
134495,6,4,2,523,514,742,1168,1037,1910,1265,1682,2947
134495,7,999,1,1071,1074,1320,2911,2145,4231,2391,3985,6376
134495,7,999,2,1071,1074,1320,2911,2145,4231,2391,3985,6376
134495,8,5,1,507,453,575,1091,960,1666,1082,1544,2626
134495,8,5,2,507,453,575,1091,960,1666,1082,1544,2626
134495,9,6,1,263,247,298,696,510,994,561,943,1504
134495,9,6,2,263,247,298,696,510,994,561,943,1504
134495,10,7,1,136,144,186,430,280,616,322,574,896
134495,10,7,2,136,144,186,430,280,616,322,574,896
134495,11,8,1,120,171,182,486,291,668,302,657,959
134495,11,8,2,120,171,182,486,291,668,302,657,959
134495,12,9,1,44,58,73,200,102,273,117,258,375
134495,12,9,2,44,58,73,200,102,273,117,258,375
134495,13,10,1,1,1,6,8,2,14,7,9,16
134495,13,10,2,1,1,6,8,2,14,7,9,16
134608,1,412,1,2071,2732,3689,6744,4803,10433,5760,9476,15236
134608,1,112,2,2071,2732,3689,6744,4803,10433,5760,9476,15236
134608,2,999,1,1621,2110,2685,4432,3731,7117,4306,6542,10848
134608,2,999,2,1621,2110,2685,4432,3731,7117,4306,6542,10848
134608,3,1,1,260,461,960,1725,721,2685,1220,2186,3406
134608,3,1,2,260,461,960,1725,721,2685,1220,2186,3406
134608,4,2,1,729,885,636,1025,1614,1661,1365,1910,3275
134608,4,2,2,729,885,636,1025,1614,1661,1365,1910,3275
134608,5,3,1,382,455,595,882,837,1477,977,1337,2314
134608,5,3,2,382,455,595,882,837,1477,977,1337,2314
134608,6,4,1,250,309,494,800,559,1294,744,1109,1853
134608,6,4,2,250,309,494,800,559,1294,744,1109,1853
134608,7,999,1,450,622,1004,2312,1072,3316,1454,2934,4388
134608,7,999,2,450,622,1004,2312,1072,3316,1454,2934,4388
134608,8,5,1,209,272,402,728,481,1130,611,1000,1611
134608,8,5,2,209,272,402,728,481,1130,611,1000,1611
134608,9,6,1,113,135,208,510,248,718,321,645,966
134608,9,6,2,113,135,208,510,248,718,321,645,966
134608,10,7,1,59,87,145,322,146,467,204,409,613
134608,10,7,2,59,87,145,322,146,467,204,409,613
134608,11,8,1,59,91,166,458,150,624,225,549,774
134608,11,8,2,59,91,166,458,150,624,225,549,774
134608,12,9,1,10,35,77,274,45,351,87,309,396
134608,12,9,2,10,35,77,274,45,351,87,309,396
134608,13,10,1,0,2,6,20,2,26,6,22,28
134608,13,10,2,0,2,6,20,2,26,6,22,28
135160,1,412,1,345,673,707,1293,1018,2000,1052,1966,3018
135160,1,112,2,345,673,707,1293,1018,2000,1052,1966,3018
135160,2,999,1,261,480,478,822,741,1300,739,1302,2041
135160,2,999,2,261,480,478,822,741,1300,739,1302,2041
135160,3,1,1,27,75,251,384,102,635,278,459,737
135160,3,1,2,27,75,251,384,102,635,278,459,737
135160,4,2,1,146,250,94,161,396,255,240,411,651
135160,4,2,2,146,250,94,161,396,255,240,411,651
135160,5,3,1,59,93,69,163,152,232,128,256,384
135160,5,3,2,59,93,69,163,152,232,128,256,384
135160,6,4,1,29,62,64,114,91,178,93,176,269
135160,6,4,2,29,62,64,114,91,178,93,176,269
135160,7,999,1,84,193,229,471,277,700,313,664,977
135160,7,999,2,84,193,229,471,277,700,313,664,977
135160,8,5,1,29,77,70,151,106,221,99,228,327
135160,8,5,2,29,77,70,151,106,221,99,228,327
135160,9,6,1,24,52,53,97,76,150,77,149,226
135160,9,6,2,24,52,53,97,76,150,77,149,226
135160,10,7,1,14,23,39,75,37,114,53,98,151
135160,10,7,2,14,23,39,75,37,114,53,98,151
135160,11,8,1,14,30,37,113,44,150,51,143,194
135160,11,8,2,14,30,37,113,44,150,51,143,194
135160,12,9,1,2,11,28,32,13,60,30,43,73
135160,12,9,2,2,11,28,32,13,60,30,43,73
135160,13,10,1,1,0,2,3,1,5,3,3,6
135160,13,10,2,1,0,2,3,1,5,3,3,6
135188,1,412,1,619,977,1192,1972,1596,3164,1811,2949,4760
135188,1,112,2,619,977,1192,1972,1596,3164,1811,2949,4760
135188,2,999,1,551,865,975,1380,1416,2355,1526,2245,3771
135188,2,999,2,551,865,975,1380,1416,2355,1526,2245,3771
135188,3,1,1,88,230,318,517,318,835,406,747,1153
135188,3,1,2,88,230,318,517,318,835,406,747,1153
135188,4,2,1,328,441,288,355,769,643,616,796,1412
135188,4,2,2,328,441,288,355,769,643,616,796,1412
135188,5,3,1,98,140,232,279,238,511,330,419,749
135188,5,3,2,98,140,232,279,238,511,330,419,749
135188,6,4,1,37,54,137,229,91,366,174,283,457
135188,6,4,2,37,54,137,229,91,366,174,283,457
135188,7,999,1,68,112,217,591,180,808,285,703,988
135188,7,999,2,68,112,217,591,180,808,285,703,988
135188,8,5,1,37,42,87,225,79,312,124,267,391
135188,8,5,2,37,42,87,225,79,312,124,267,391
135188,9,6,1,19,31,43,114,50,157,62,145,207
135188,9,6,2,19,31,43,114,50,157,62,145,207
135188,10,7,1,4,13,38,83,17,121,42,96,138
135188,10,7,2,4,13,38,83,17,121,42,96,138
135188,11,8,1,7,23,37,113,30,150,44,136,180
135188,11,8,2,7,23,37,113,30,150,44,136,180
135188,12,9,1,1,3,12,50,4,62,13,53,66
135188,12,9,2,1,3,12,50,4,62,13,53,66
135188,13,10,1,0,0,0,6,0,6,0,6,6
135188,13,10,2,0,0,0,6,0,6,0,6,6
135188,14,11,1,0,0,0,1,0,1,0,1,1
135188,14,11,2,0,0,0,1,0,1,0,1,1
135391,1,412,1,1554,2373,1772,3543,3927,5315,3326,5916,9242
135391,1,112,2,1554,2373,1772,3543,3927,5315,3326,5916,9242
135391,2,999,1,1316,1933,1223,2043,3249,3266,2539,3976,6515
135391,2,999,2,1316,1933,1223,2043,3249,3266,2539,3976,6515
135391,3,1,1,191,397,165,332,588,497,356,729,1085
135391,3,1,2,191,397,165,332,588,497,356,729,1085
135391,4,2,1,686,954,347,548,1640,895,1033,1502,2535
135391,4,2,2,686,954,347,548,1640,895,1033,1502,2535
135391,5,3,1,309,391,419,630,700,1049,728,1021,1749
135391,5,3,2,309,391,419,630,700,1049,728,1021,1749
135391,6,4,1,130,191,292,533,321,825,422,724,1146
135391,6,4,2,130,191,292,533,321,825,422,724,1146
135391,7,999,1,238,440,549,1500,678,2049,787,1940,2727
135391,7,999,2,238,440,549,1500,678,2049,787,1940,2727
135391,8,5,1,113,189,226,535,302,761,339,724,1063
135391,8,5,2,113,189,226,535,302,761,339,724,1063
135391,9,6,1,61,102,132,328,163,460,193,430,623
135391,9,6,2,61,102,132,328,163,460,193,430,623
135391,10,7,1,27,54,94,202,81,296,121,256,377
135391,10,7,2,27,54,94,202,81,296,121,256,377
135391,11,8,1,26,74,60,273,100,333,86,347,433
135391,11,8,2,26,74,60,273,100,333,86,347,433
135391,12,9,1,10,20,34,152,30,186,44,172,216
135391,12,9,2,10,20,34,152,30,186,44,172,216
135391,13,10,1,1,1,3,10,2,13,4,11,15
135391,13,10,2,1,1,3,10,2,13,4,11,15
135610,1,412,1,28,40,31,73,68,104,59,113,172
135610,1,112,2,21,29,15,35,50,50,36,64,100
135610,1,312,5,7,11,16,38,18,54,23,49,72
135610,2,999,1,4,5,1,7,9,8,5,12,17
135610,2,999,2,4,3,0,6,7,6,4,9,13
135610,2,999,5,0,2,1,1,2,2,1,3,4
135610,4,2,1,0,0,0,1,0,1,0,1,1
135610,4,2,2,0,0,0,1,0,1,0,1,1
135610,5,3,1,0,1,0,0,1,0,0,1,1
135610,5,3,2,0,1,0,0,1,0,0,1,1
135610,6,4,1,4,4,1,6,8,7,5,10,15
135610,6,4,2,4,2,0,5,6,5,4,7,11
135610,6,4,5,0,2,1,1,2,2,1,3,4
135610,7,999,1,24,35,30,66,59,96,54,101,155
135610,7,999,2,17,26,15,29,43,44,32,55,87
135610,7,999,5,7,9,15,37,16,52,22,46,68
135610,8,5,1,5,3,6,14,8,20,11,17,28
135610,8,5,2,4,1,4,8,5,12,8,9,17
135610,8,5,5,1,2,2,6,3,8,3,8,11
135610,9,6,1,6,7,8,12,13,20,14,19,33
135610,9,6,2,5,6,4,5,11,9,9,11,20
135610,9,6,5,1,1,4,7,2,11,5,8,13
135610,10,7,1,5,7,1,9,12,10,6,16,22
135610,10,7,2,2,7,0,6,9,6,2,13,15
135610,10,7,5,3,0,1,3,3,4,4,3,7
135610,11,8,1,5,9,6,12,14,18,11,21,32
135610,11,8,2,5,6,3,4,11,7,8,10,18
135610,11,8,5,0,3,3,8,3,11,3,11,14
135610,12,9,1,3,9,9,18,12,27,12,27,39
135610,12,9,2,1,6,4,6,7,10,5,12,17
135610,12,9,5,2,3,5,12,5,17,7,15,22
135610,13,10,1,0,0,0,1,0,1,0,1,1
135610,13,10,5,0,0,0,1,0,1,0,1,1
135717,1,412,1,8166,11784,10569,16004,19950,26573,18735,27788,46523
135717,1,112,2,8166,11784,10569,16004,19950,26573,18735,27788,46523
135717,2,999,1,6950,9608,7389,10024,16558,17413,14339,19632,33971
135717,2,999,2,6950,9608,7389,10024,16558,17413,14339,19632,33971
135717,3,1,1,234,484,926,1882,718,2808,1160,2366,3526
135717,3,1,2,234,484,926,1882,718,2808,1160,2366,3526
135717,4,2,1,4145,5813,1909,2331,9958,4240,6054,8144,14198
135717,4,2,2,4145,5813,1909,2331,9958,4240,6054,8144,14198
135717,5,3,1,1714,2104,2594,3142,3818,5736,4308,5246,9554
135717,5,3,2,1714,2104,2594,3142,3818,5736,4308,5246,9554
135717,6,4,1,857,1207,1960,2669,2064,4629,2817,3876,6693
135717,6,4,2,857,1207,1960,2669,2064,4629,2817,3876,6693
135717,7,999,1,1216,2176,3180,5980,3392,9160,4396,8156,12552
135717,7,999,2,1216,2176,3180,5980,3392,9160,4396,8156,12552
135717,8,5,1,611,978,1450,2331,1589,3781,2061,3309,5370
135717,8,5,2,611,978,1450,2331,1589,3781,2061,3309,5370
135717,9,6,1,276,473,729,1397,749,2126,1005,1870,2875
135717,9,6,2,276,473,729,1397,749,2126,1005,1870,2875
135717,10,7,1,162,321,388,850,483,1238,550,1171,1721
135717,10,7,2,162,321,388,850,483,1238,550,1171,1721
135717,11,8,1,113,292,412,930,405,1342,525,1222,1747
135717,11,8,2,113,292,412,930,405,1342,525,1222,1747
135717,12,9,1,50,111,183,455,161,638,233,566,799
135717,12,9,2,50,111,183,455,161,638,233,566,799
135717,13,10,1,4,1,18,17,5,35,22,18,40
135717,13,10,2,4,1,18,17,5,35,22,18,40
135726,1,412,1,7629,8771,570,839,16400,1409,8199,9610,17809
135726,1,112,2,5033,5704,282,315,10737,597,5315,6019,11334
135726,1,312,5,2596,3067,288,524,5663,812,2884,3591,6475
135726,2,999,1,5893,6904,205,189,12797,394,6098,7093,13191
135726,2,999,2,4915,5556,171,128,10471,299,5086,5684,10770
135726,2,999,5,978,1348,34,61,2326,95,1012,1409,2421
135726,3,1,1,44,71,4,1,115,5,48,72,120
135726,3,1,2,44,71,4,1,115,5,48,72,120
135726,4,2,1,1992,2297,27,20,4289,47,2019,2317,4336
135726,4,2,2,1992,2297,27,20,4289,47,2019,2317,4336
135726,5,3,1,2286,2767,54,40,5053,94,2340,2807,5147
135726,5,3,2,2255,2682,54,38,4937,92,2309,2720,5029
135726,5,3,5,31,85,0,2,116,2,31,87,118
135726,6,4,1,1571,1769,120,128,3340,248,1691,1897,3588
135726,6,4,2,624,506,86,69,1130,155,710,575,1285
135726,6,4,5,947,1263,34,59,2210,93,981,1322,2303
135726,7,999,1,1736,1867,365,650,3603,1015,2101,2517,4618
135726,7,999,2,118,148,111,187,266,298,229,335,564
135726,7,999,5,1618,1719,254,463,3337,717,1872,2182,4054
135726,8,5,1,1064,1232,123,221,2296,344,1187,1453,2640
135726,8,5,2,82,100,32,50,182,82,114,150,264
135726,8,5,5,982,1132,91,171,2114,262,1073,1303,2376
135726,9,6,1,349,353,82,126,702,208,431,479,910
135726,9,6,2,21,26,26,35,47,61,47,61,108
135726,9,6,5,328,327,56,91,655,147,384,418,802
135726,10,7,1,156,134,56,106,290,162,212,240,452
135726,10,7,2,11,12,20,34,23,54,31,46,77
135726,10,7,5,145,122,36,72,267,108,181,194,375
135726,11,8,1,128,115,71,133,243,204,199,248,447
135726,11,8,2,2,8,20,44,10,64,22,52,74
135726,11,8,5,126,107,51,89,233,140,177,196,373
135726,12,9,1,38,32,29,62,70,91,67,94,161
135726,12,9,2,2,2,11,22,4,33,13,24,37
135726,12,9,5,36,30,18,40,66,58,54,70,124
135726,13,10,1,1,1,4,2,2,6,5,3,8
135726,13,10,2,0,0,2,2,0,4,2,2,4
135726,13,10,5,1,1,2,0,2,2,3,1,4
136109,1,412,1,2,96,2,71,98,73,4,167,171
136109,1,112,2,2,96,2,71,98,73,4,167,171
136109,2,999,1,1,57,1,40,58,41,2,97,99
136109,2,999,2,1,57,1,40,58,41,2,97,99
136109,3,1,1,0,1,0,1,1,1,0,2,2
136109,3,1,2,0,1,0,1,1,1,0,2,2
136109,4,2,1,1,16,0,9,17,9,1,25,26
136109,4,2,2,1,16,0,9,17,9,1,25,26
136109,5,3,1,0,23,0,17,23,17,0,40,40
136109,5,3,2,0,23,0,17,23,17,0,40,40
136109,6,4,1,0,17,1,13,17,14,1,30,31
136109,6,4,2,0,17,1,13,17,14,1,30,31
136109,7,999,1,1,39,1,31,40,32,2,70,72
136109,7,999,2,1,39,1,31,40,32,2,70,72
136109,8,5,1,1,17,1,17,18,18,2,34,36
136109,8,5,2,1,17,1,17,18,18,2,34,36
136109,9,6,1,0,11,0,6,11,6,0,17,17
136109,9,6,2,0,11,0,6,11,6,0,17,17
136109,10,7,1,0,4,0,5,4,5,0,9,9
136109,10,7,2,0,4,0,5,4,5,0,9,9
136109,11,8,1,0,5,0,2,5,2,0,7,7
136109,11,8,2,0,5,0,2,5,2,0,7,7
136109,12,9,1,0,2,0,1,2,1,0,3,3
136109,12,9,2,0,2,0,1,2,1,0,3,3
136145,1,412,1,88,250,242,601,338,843,330,851,1181
136145,1,112,2,88,250,242,601,338,843,330,851,1181
136145,2,999,1,71,173,205,386,244,591,276,559,835
136145,2,999,2,71,173,205,386,244,591,276,559,835
136145,3,1,1,23,42,96,165,65,261,119,207,326
136145,3,1,2,23,42,96,165,65,261,119,207,326
136145,4,2,1,36,72,52,109,108,161,88,181,269
136145,4,2,2,36,72,52,109,108,161,88,181,269
136145,5,3,1,8,35,39,56,43,95,47,91,138
136145,5,3,2,8,35,39,56,43,95,47,91,138
136145,6,4,1,4,24,18,56,28,74,22,80,102
136145,6,4,2,4,24,18,56,28,74,22,80,102
136145,7,999,1,17,77,37,215,94,252,54,292,346
136145,7,999,2,17,77,37,215,94,252,54,292,346
136145,8,5,1,9,25,9,70,34,79,18,95,113
136145,8,5,2,9,25,9,70,34,79,18,95,113
136145,9,6,1,2,22,8,43,24,51,10,65,75
136145,9,6,2,2,22,8,43,24,51,10,65,75
136145,10,7,1,4,9,7,42,13,49,11,51,62
136145,10,7,2,4,9,7,42,13,49,11,51,62
136145,11,8,1,2,15,9,41,17,50,11,56,67
136145,11,8,2,2,15,9,41,17,50,11,56,67
136145,12,9,1,0,6,3,17,6,20,3,23,26
136145,12,9,2,0,6,3,17,6,20,3,23,26
136145,13,10,1,0,0,1,2,0,3,1,2,3
136145,13,10,2,0,0,1,2,0,3,1,2,3
136172,1,412,1,4921,6946,2043,3016,11867,5059,6964,9962,16926
136172,1,112,2,4604,6213,1651,2082,10817,3733,6255,8295,14550
136172,1,312,5,317,733,392,934,1050,1326,709,1667,2376
136172,2,999,1,4274,6094,1161,1450,10368,2611,5435,7544,12979
136172,2,999,2,4145,5751,1101,1343,9896,2444,5246,7094,12340
136172,2,999,5,129,343,60,107,472,167,189,450,639
136172,3,1,1,16,33,14,23,49,37,30,56,86
136172,3,1,2,16,33,14,23,49,37,30,56,86
136172,4,2,1,1680,2611,145,199,4291,344,1825,2810,4635
136172,4,2,2,1680,2611,145,199,4291,344,1825,2810,4635
136172,5,3,1,1603,2269,346,505,3872,851,1949,2774,4723
136172,5,3,2,1593,2220,342,497,3813,839,1935,2717,4652
136172,5,3,5,10,49,4,8,59,12,14,57,71
136172,6,4,1,975,1181,656,723,2156,1379,1631,1904,3535
136172,6,4,2,856,887,600,624,1743,1224,1456,1511,2967
136172,6,4,5,119,294,56,99,413,155,175,393,568
136172,7,999,1,647,852,882,1566,1499,2448,1529,2418,3947
136172,7,999,2,459,462,550,739,921,1289,1009,1201,2210
136172,7,999,5,188,390,332,827,578,1159,520,1217,1737
136172,8,5,1,384,462,428,576,846,1004,812,1038,1850
136172,8,5,2,291,280,317,379,571,696,608,659,1267
136172,8,5,5,93,182,111,197,275,308,204,379,583
136172,9,6,1,132,167,207,280,299,487,339,447,786
136172,9,6,2,95,88,109,137,183,246,204,225,429
136172,9,6,5,37,79,98,143,116,241,135,222,357
136172,10,7,1,63,81,103,232,144,335,166,313,479
136172,10,7,2,37,39,54,87,76,141,91,126,217
136172,10,7,5,26,42,49,145,68,194,75,187,262
136172,11,8,1,50,101,94,288,151,382,144,389,533
136172,11,8,2,28,39,42,91,67,133,70,130,200
136172,11,8,5,22,62,52,197,84,249,74,259,333
136172,12,9,1,17,39,42,181,56,223,59,220,279
136172,12,9,2,8,16,22,43,24,65,30,59,89
136172,12,9,5,9,23,20,138,32,158,29,161,190
136172,13,10,1,1,2,8,9,3,17,9,11,20
136172,13,10,2,0,0,6,2,0,8,6,2,8
136172,13,10,5,1,2,2,7,3,9,3,9,12
136233,1,412,1,883,1350,937,1834,2233,2771,1820,3184,5004
136233,1,112,2,883,1350,937,1834,2233,2771,1820,3184,5004
136233,2,999,1,714,1035,618,1011,1749,1629,1332,2046,3378
136233,2,999,2,714,1035,618,1011,1749,1629,1332,2046,3378
136233,3,1,1,198,334,227,423,532,650,425,757,1182
136233,3,1,2,198,334,227,423,532,650,425,757,1182
136233,4,2,1,310,398,144,195,708,339,454,593,1047
136233,4,2,2,310,398,144,195,708,339,454,593,1047
136233,5,3,1,134,179,117,193,313,310,251,372,623
136233,5,3,2,134,179,117,193,313,310,251,372,623
136233,6,4,1,72,124,130,200,196,330,202,324,526
136233,6,4,2,72,124,130,200,196,330,202,324,526
136233,7,999,1,169,315,319,822,484,1141,488,1137,1625
136233,7,999,2,169,315,319,822,484,1141,488,1137,1625
136233,8,5,1,67,120,118,253,187,371,185,373,558
136233,8,5,2,67,120,118,253,187,371,185,373,558
136233,9,6,1,43,86,65,189,129,254,108,275,383
136233,9,6,2,43,86,65,189,129,254,108,275,383
136233,10,7,1,16,45,53,130,61,183,69,175,244
136233,10,7,2,16,45,53,130,61,183,69,175,244
136233,11,8,1,32,45,61,159,77,220,93,204,297
136233,11,8,2,32,45,61,159,77,220,93,204,297
136233,12,9,1,9,19,22,90,28,112,31,109,140
136233,12,9,2,9,19,22,90,28,112,31,109,140
136233,13,10,1,2,0,0,1,2,1,2,1,3
136233,13,10,2,2,0,0,1,2,1,2,1,3
136233,14,11,1,0,0,0,1,0,1,0,1,1
136233,14,11,2,0,0,0,1,0,1,0,1,1
136358,1,412,1,3503,4404,6860,11899,7907,18759,10363,16303,26666
136358,1,112,2,3503,4404,6860,11899,7907,18759,10363,16303,26666
136358,2,999,1,2735,3509,4734,7044,6244,11778,7469,10553,18022
136358,2,999,2,2735,3509,4734,7044,6244,11778,7469,10553,18022
136358,3,1,1,111,284,800,1333,395,2133,911,1617,2528
136358,3,1,2,111,284,800,1333,395,2133,911,1617,2528
136358,4,2,1,1528,1981,1291,1846,3509,3137,2819,3827,6646
136358,4,2,2,1528,1981,1291,1846,3509,3137,2819,3827,6646
136358,5,3,1,676,791,1508,2025,1467,3533,2184,2816,5000
136358,5,3,2,676,791,1508,2025,1467,3533,2184,2816,5000
136358,6,4,1,420,453,1135,1840,873,2975,1555,2293,3848
136358,6,4,2,420,453,1135,1840,873,2975,1555,2293,3848
136358,7,999,1,768,895,2126,4855,1663,6981,2894,5750,8644
136358,7,999,2,768,895,2126,4855,1663,6981,2894,5750,8644
136358,8,5,1,388,418,969,1945,806,2914,1357,2363,3720
136358,8,5,2,388,418,969,1945,806,2914,1357,2363,3720
136358,9,6,1,173,217,492,1116,390,1608,665,1333,1998
136358,9,6,2,173,217,492,1116,390,1608,665,1333,1998
136358,10,7,1,99,124,269,672,223,941,368,796,1164
136358,10,7,2,99,124,269,672,223,941,368,796,1164
136358,11,8,1,85,111,266,707,196,973,351,818,1169
136358,11,8,2,85,111,266,707,196,973,351,818,1169
136358,12,9,1,23,25,116,403,48,519,139,428,567
136358,12,9,2,23,25,116,403,48,519,139,428,567
136358,13,10,1,0,0,14,12,0,26,14,12,26
136358,13,10,2,0,0,14,12,0,26,14,12,26
136400,1,412,1,1493,2232,2192,3969,3725,6161,3685,6201,9886
136400,1,112,2,1493,2232,2192,3969,3725,6161,3685,6201,9886
136400,2,999,1,1263,1906,1686,2771,3169,4457,2949,4677,7626
136400,2,999,2,1263,1906,1686,2771,3169,4457,2949,4677,7626
136400,3,1,1,199,440,500,960,639,1460,699,1400,2099
136400,3,1,2,199,440,500,960,639,1460,699,1400,2099
136400,4,2,1,638,963,416,600,1601,1016,1054,1563,2617
136400,4,2,2,638,963,416,600,1601,1016,1054,1563,2617
136400,5,3,1,314,349,449,708,663,1157,763,1057,1820
136400,5,3,2,314,349,449,708,663,1157,763,1057,1820
136400,6,4,1,112,154,321,503,266,824,433,657,1090
136400,6,4,2,112,154,321,503,266,824,433,657,1090
136400,7,999,1,230,326,506,1197,556,1703,736,1523,2259
136400,7,999,2,230,326,506,1197,556,1703,736,1523,2259
136400,8,5,1,108,133,230,425,241,655,338,558,896
136400,8,5,2,108,133,230,425,241,655,338,558,896
136400,9,6,1,62,71,125,230,133,355,187,301,488
136400,9,6,2,62,71,125,230,133,355,187,301,488
136400,10,7,1,27,38,48,196,65,244,75,234,309
136400,10,7,2,27,38,48,196,65,244,75,234,309
136400,11,8,1,23,61,65,229,84,294,88,290,378
136400,11,8,2,23,61,65,229,84,294,88,290,378
136400,12,9,1,8,23,37,111,31,148,45,134,179
136400,12,9,2,8,23,37,111,31,148,45,134,179
136400,13,10,1,2,0,1,6,2,7,3,6,9
136400,13,10,2,2,0,1,6,2,7,3,6,9
136400,14,11,1,0,0,0,1,0,1,0,1,1
136400,14,11,2,0,0,0,1,0,1,0,1,1
136473,1,412,1,1319,2217,1931,3759,3536,5690,3250,5976,9226
136473,1,112,2,1319,2217,1931,3759,3536,5690,3250,5976,9226
136473,2,999,1,953,1605,1328,2254,2558,3582,2281,3859,6140
136473,2,999,2,953,1605,1328,2254,2558,3582,2281,3859,6140
136473,3,1,1,146,275,557,844,421,1401,703,1119,1822
136473,3,1,2,146,275,557,844,421,1401,703,1119,1822
136473,4,2,1,453,764,280,461,1217,741,733,1225,1958
136473,4,2,2,453,764,280,461,1217,741,733,1225,1958
136473,5,3,1,237,346,242,489,583,731,479,835,1314
136473,5,3,2,237,346,242,489,583,731,479,835,1314
136473,6,4,1,117,220,249,460,337,709,366,680,1046
136473,6,4,2,117,220,249,460,337,709,366,680,1046
136473,7,999,1,366,612,602,1505,978,2107,968,2117,3085
136473,7,999,2,366,612,602,1505,978,2107,968,2117,3085
136473,8,5,1,145,251,225,499,396,724,370,750,1120
136473,8,5,2,145,251,225,499,396,724,370,750,1120
136473,9,6,1,90,156,154,381,246,535,244,537,781
136473,9,6,2,90,156,154,381,246,535,244,537,781
136473,10,7,1,37,80,79,210,117,289,116,290,406
136473,10,7,2,37,80,79,210,117,289,116,290,406
136473,11,8,1,72,94,90,271,166,361,162,365,527
136473,11,8,2,72,94,90,271,166,361,162,365,527
136473,12,9,1,20,31,54,137,51,191,74,168,242
136473,12,9,2,20,31,54,137,51,191,74,168,242
136473,13,10,1,2,0,0,7,2,7,2,7,9
136473,13,10,2,2,0,0,7,2,7,2,7,9
136473,14,11,1,0,0,1,0,0,1,1,0,1
136473,14,11,2,0,0,1,0,0,1,1,0,1
136516,1,412,1,1251,2305,2053,4352,3556,6405,3304,6657,9961
136516,1,112,2,1251,2305,2053,4352,3556,6405,3304,6657,9961
136516,2,999,1,1034,1823,1442,2668,2857,4110,2476,4491,6967
136516,2,999,2,1034,1823,1442,2668,2857,4110,2476,4491,6967
136516,3,1,1,277,531,375,765,808,1140,652,1296,1948
136516,3,1,2,277,531,375,765,808,1140,652,1296,1948
136516,4,2,1,443,764,367,620,1207,987,810,1384,2194
136516,4,2,2,443,764,367,620,1207,987,810,1384,2194
136516,5,3,1,188,308,408,689,496,1097,596,997,1593
136516,5,3,2,188,308,408,689,496,1097,596,997,1593
136516,6,4,1,126,220,292,594,346,886,418,814,1232
136516,6,4,2,126,220,292,594,346,886,418,814,1232
136516,7,999,1,217,482,611,1684,699,2295,828,2166,2994
136516,7,999,2,217,482,611,1684,699,2295,828,2166,2994
136516,8,5,1,101,198,227,578,299,805,328,776,1104
136516,8,5,2,101,198,227,578,299,805,328,776,1104
136516,9,6,1,60,125,134,376,185,510,194,501,695
136516,9,6,2,60,125,134,376,185,510,194,501,695
136516,10,7,1,23,63,94,258,86,352,117,321,438
136516,10,7,2,23,63,94,258,86,352,117,321,438
136516,11,8,1,23,71,107,324,94,431,130,395,525
136516,11,8,2,23,71,107,324,94,431,130,395,525
136516,12,9,1,10,23,47,138,33,185,57,161,218
136516,12,9,2,10,23,47,138,33,185,57,161,218
136516,13,10,1,0,2,2,10,2,12,2,12,14
136516,13,10,2,0,2,2,10,2,12,2,12,14
136701,1,412,1,118,1,22,1,119,23,140,2,142
136701,1,312,5,118,1,22,1,119,23,140,2,142
136701,2,999,1,29,0,2,0,29,2,31,0,31
136701,2,999,5,29,0,2,0,29,2,31,0,31
136701,5,3,1,2,0,0,0,2,0,2,0,2
136701,5,3,5,2,0,0,0,2,0,2,0,2
136701,6,4,1,27,0,2,0,27,2,29,0,29
136701,6,4,5,27,0,2,0,27,2,29,0,29
136701,7,999,1,89,1,20,1,90,21,109,2,111
136701,7,999,5,89,1,20,1,90,21,109,2,111
136701,8,5,1,40,0,10,0,40,10,50,0,50
136701,8,5,5,40,0,10,0,40,10,50,0,50
136701,9,6,1,18,0,4,0,18,4,22,0,22
136701,9,6,5,18,0,4,0,18,4,22,0,22
136701,10,7,1,10,0,4,0,10,4,14,0,14
136701,10,7,5,10,0,4,0,10,4,14,0,14
136701,11,8,1,12,0,2,0,12,2,14,0,14
136701,11,8,5,12,0,2,0,12,2,14,0,14
136701,12,9,1,8,1,0,0,9,0,8,1,9
136701,12,9,5,8,1,0,0,9,0,8,1,9
136701,13,10,1,1,0,0,1,1,1,1,1,2
136701,13,10,5,1,0,0,1,1,1,1,1,2
136774,1,412,1,437,1151,13,23,1588,36,450,1174,1624
136774,1,112,2,437,1151,13,23,1588,36,450,1174,1624
136774,2,999,1,401,1117,9,18,1518,27,410,1135,1545
136774,2,999,2,401,1117,9,18,1518,27,410,1135,1545
136774,3,1,1,6,9,0,0,15,0,6,9,15
136774,3,1,2,6,9,0,0,15,0,6,9,15
136774,4,2,1,163,511,1,2,674,3,164,513,677
136774,4,2,2,163,511,1,2,674,3,164,513,677
136774,5,3,1,179,461,3,6,640,9,182,467,649
136774,5,3,2,179,461,3,6,640,9,182,467,649
136774,6,4,1,53,136,5,10,189,15,58,146,204
136774,6,4,2,53,136,5,10,189,15,58,146,204
136774,7,999,1,36,34,4,5,70,9,40,39,79
136774,7,999,2,36,34,4,5,70,9,40,39,79
136774,8,5,1,24,28,3,5,52,8,27,33,60
136774,8,5,2,24,28,3,5,52,8,27,33,60
136774,9,6,1,5,1,1,0,6,1,6,1,7
136774,9,6,2,5,1,1,0,6,1,6,1,7
136774,10,7,1,4,2,0,0,6,0,4,2,6
136774,10,7,2,4,2,0,0,6,0,4,2,6
136774,11,8,1,2,3,0,0,5,0,2,3,5
136774,11,8,2,2,3,0,0,5,0,2,3,5
136774,12,9,1,1,0,0,0,1,0,1,0,1
136774,12,9,2,1,0,0,0,1,0,1,0,1
136950,1,412,1,1129,1641,126,208,2770,334,1255,1849,3104
136950,1,112,2,985,1471,47,56,2456,103,1032,1527,2559
136950,1,312,5,144,170,79,152,314,231,223,322,545
136950,2,999,1,984,1451,29,35,2435,64,1013,1486,2499
136950,2,999,2,915,1375,17,15,2290,32,932,1390,2322
136950,2,999,5,69,76,12,20,145,32,81,96,177
136950,3,1,1,13,13,1,1,26,2,14,14,28
136950,3,1,2,13,13,1,1,26,2,14,14,28
136950,4,2,1,364,600,2,1,964,3,366,601,967
136950,4,2,2,364,600,2,1,964,3,366,601,967
136950,5,3,1,419,615,5,5,1034,10,424,620,1044
136950,5,3,2,402,602,5,5,1004,10,407,607,1014
136950,5,3,5,17,13,0,0,30,0,17,13,30
136950,6,4,1,188,223,21,28,411,49,209,251,460
136950,6,4,2,136,160,9,8,296,17,145,168,313
136950,6,4,5,52,63,12,20,115,32,64,83,147
136950,7,999,1,145,190,97,172,335,269,242,362,604
136950,7,999,2,70,96,30,40,166,70,100,136,236
136950,7,999,5,75,94,67,132,169,199,142,226,368
136950,8,5,1,56,82,33,68,138,101,89,150,239
136950,8,5,2,40,44,6,13,84,19,46,57,103
136950,8,5,5,16,38,27,55,54,82,43,93,136
136950,9,6,1,24,29,20,30,53,50,44,59,103
136950,9,6,2,10,14,8,9,24,17,18,23,41
136950,9,6,5,14,15,12,21,29,33,26,36,62
136950,10,7,1,19,27,13,25,46,38,32,52,84
136950,10,7,2,10,15,4,4,25,8,14,19,33
136950,10,7,5,9,12,9,21,21,30,18,33,51
136950,11,8,1,32,34,18,29,66,47,50,63,113
136950,11,8,2,6,14,6,5,20,11,12,19,31
136950,11,8,5,26,20,12,24,46,36,38,44,82
136950,12,9,1,14,16,12,17,30,29,26,33,59
136950,12,9,2,4,9,5,8,13,13,9,17,26
136950,12,9,5,10,7,7,9,17,16,17,16,33
136950,13,10,1,0,2,1,3,2,4,1,5,6
136950,13,10,2,0,0,1,1,0,2,1,1,2
136950,13,10,5,0,2,0,2,2,2,0,4,4
136950,14,11,1,0,0,0,1,0,1,0,1,1
136950,14,11,2,0,0,0,1,0,1,0,1,1
137078,1,412,1,3362,4790,6331,11947,8152,18278,9693,16737,26430
137078,1,112,2,3362,4790,6331,11947,8152,18278,9693,16737,26430
137078,2,999,1,2287,3116,3387,5435,5403,8822,5674,8551,14225
137078,2,999,2,2287,3116,3387,5435,5403,8822,5674,8551,14225
137078,3,1,1,347,621,763,1256,968,2019,1110,1877,2987
137078,3,1,2,347,621,763,1256,968,2019,1110,1877,2987
137078,4,2,1,1017,1317,822,1206,2334,2028,1839,2523,4362
137078,4,2,2,1017,1317,822,1206,2334,2028,1839,2523,4362
137078,5,3,1,492,620,889,1385,1112,2274,1381,2005,3386
137078,5,3,2,492,620,889,1385,1112,2274,1381,2005,3386
137078,6,4,1,431,558,913,1588,989,2501,1344,2146,3490
137078,6,4,2,431,558,913,1588,989,2501,1344,2146,3490
137078,7,999,1,1075,1674,2944,6511,2749,9455,4019,8185,12204
137078,7,999,2,1075,1674,2944,6511,2749,9455,4019,8185,12204
137078,8,5,1,457,648,959,2106,1105,3065,1416,2754,4170
137078,8,5,2,457,648,959,2106,1105,3065,1416,2754,4170
137078,9,6,1,261,429,699,1477,690,2176,960,1906,2866
137078,9,6,2,261,429,699,1477,690,2176,960,1906,2866
137078,10,7,1,159,250,464,989,409,1453,623,1239,1862
137078,10,7,2,159,250,464,989,409,1453,623,1239,1862
137078,11,8,1,137,250,499,1178,387,1677,636,1428,2064
137078,11,8,2,137,250,499,1178,387,1677,636,1428,2064
137078,12,9,1,57,95,272,671,152,943,329,766,1095
137078,12,9,2,57,95,272,671,152,943,329,766,1095
137078,13,10,1,4,2,51,90,6,141,55,92,147
137078,13,10,2,4,2,51,90,6,141,55,92,147
137078,14,11,1,0,0,0,1,0,1,0,1,1
137078,14,11,2,0,0,0,1,0,1,0,1,1
137096,1,412,1,2565,2778,2897,4367,5343,7264,5462,7145,12607
137096,1,112,2,2565,2778,2897,4367,5343,7264,5462,7145,12607
137096,2,999,1,2151,2431,2063,2866,4582,4929,4214,5297,9511
137096,2,999,2,2151,2431,2063,2866,4582,4929,4214,5297,9511
137096,3,1,1,159,267,129,248,426,377,288,515,803
137096,3,1,2,159,267,129,248,426,377,288,515,803
137096,4,2,1,1165,1330,644,872,2495,1516,1809,2202,4011
137096,4,2,2,1165,1330,644,872,2495,1516,1809,2202,4011
137096,5,3,1,542,570,748,960,1112,1708,1290,1530,2820
137096,5,3,2,542,570,748,960,1112,1708,1290,1530,2820
137096,6,4,1,285,264,542,786,549,1328,827,1050,1877
137096,6,4,2,285,264,542,786,549,1328,827,1050,1877
137096,7,999,1,414,347,834,1501,761,2335,1248,1848,3096
137096,7,999,2,414,347,834,1501,761,2335,1248,1848,3096
137096,8,5,1,228,169,406,626,397,1032,634,795,1429
137096,8,5,2,228,169,406,626,397,1032,634,795,1429
137096,9,6,1,89,76,207,309,165,516,296,385,681
137096,9,6,2,89,76,207,309,165,516,296,385,681
137096,10,7,1,47,46,104,196,93,300,151,242,393
137096,10,7,2,47,46,104,196,93,300,151,242,393
137096,11,8,1,41,43,85,245,84,330,126,288,414
137096,11,8,2,41,43,85,245,84,330,126,288,414
137096,12,9,1,7,11,28,122,18,150,35,133,168
137096,12,9,2,7,11,28,122,18,150,35,133,168
137096,13,10,1,2,2,4,3,4,7,6,5,11
137096,13,10,2,2,2,4,3,4,7,6,5,11
137209,1,412,1,2505,2670,4258,6865,5175,11123,6763,9535,16298
137209,1,112,2,2505,2670,4258,6865,5175,11123,6763,9535,16298
137209,2,999,1,1878,2191,2734,3802,4069,6536,4612,5993,10605
137209,2,999,2,1878,2191,2734,3802,4069,6536,4612,5993,10605
137209,3,1,1,94,95,653,830,189,1483,747,925,1672
137209,3,1,2,94,95,653,830,189,1483,747,925,1672
137209,4,2,1,988,1334,615,774,2322,1389,1603,2108,3711
137209,4,2,2,988,1334,615,774,2322,1389,1603,2108,3711
137209,5,3,1,448,499,778,1108,947,1886,1226,1607,2833
137209,5,3,2,448,499,778,1108,947,1886,1226,1607,2833
137209,6,4,1,348,263,688,1090,611,1778,1036,1353,2389
137209,6,4,2,348,263,688,1090,611,1778,1036,1353,2389
137209,7,999,1,627,479,1524,3063,1106,4587,2151,3542,5693
137209,7,999,2,627,479,1524,3063,1106,4587,2151,3542,5693
137209,8,5,1,309,211,620,1060,520,1680,929,1271,2200
137209,8,5,2,309,211,620,1060,520,1680,929,1271,2200
137209,9,6,1,149,115,356,673,264,1029,505,788,1293
137209,9,6,2,149,115,356,673,264,1029,505,788,1293
137209,10,7,1,80,52,207,453,132,660,287,505,792
137209,10,7,2,80,52,207,453,132,660,287,505,792
137209,11,8,1,69,77,217,577,146,794,286,654,940
137209,11,8,2,69,77,217,577,146,794,286,654,940
137209,12,9,1,19,21,108,287,40,395,127,308,435
137209,12,9,2,19,21,108,287,40,395,127,308,435
137209,13,10,1,1,3,16,13,4,29,17,16,33
137209,13,10,2,1,3,16,13,4,29,17,16,33
137281,1,412,1,725,1103,1716,3284,1828,5000,2441,4387,6828
137281,1,112,2,725,1103,1716,3284,1828,5000,2441,4387,6828
137281,2,999,1,630,920,1409,2401,1550,3810,2039,3321,5360
137281,2,999,2,630,920,1409,2401,1550,3810,2039,3321,5360
137281,3,1,1,111,188,718,1232,299,1950,829,1420,2249
137281,3,1,2,111,188,718,1232,299,1950,829,1420,2249
137281,4,2,1,326,482,284,485,808,769,610,967,1577
137281,4,2,2,326,482,284,485,808,769,610,967,1577
137281,5,3,1,122,165,249,379,287,628,371,544,915
137281,5,3,2,122,165,249,379,287,628,371,544,915
137281,6,4,1,71,85,158,305,156,463,229,390,619
137281,6,4,2,71,85,158,305,156,463,229,390,619
137281,7,999,1,95,183,307,883,278,1190,402,1066,1468
137281,7,999,2,95,183,307,883,278,1190,402,1066,1468
137281,8,5,1,44,72,130,276,116,406,174,348,522
137281,8,5,2,44,72,130,276,116,406,174,348,522
137281,9,6,1,22,41,61,189,63,250,83,230,313
137281,9,6,2,22,41,61,189,63,250,83,230,313
137281,10,7,1,14,22,38,141,36,179,52,163,215
137281,10,7,2,14,22,38,141,36,179,52,163,215
137281,11,8,1,9,34,56,181,43,237,65,215,280
137281,11,8,2,9,34,56,181,43,237,65,215,280
137281,12,9,1,6,14,21,91,20,112,27,105,132
137281,12,9,2,6,14,21,91,20,112,27,105,132
137281,13,10,1,0,0,1,5,0,6,1,5,6
137281,13,10,2,0,0,1,5,0,6,1,5,6
137315,1,412,1,398,658,501,1153,1056,1654,899,1811,2710
137315,1,112,2,398,658,501,1153,1056,1654,899,1811,2710
137315,2,999,1,307,516,393,769,823,1162,700,1285,1985
137315,2,999,2,307,516,393,769,823,1162,700,1285,1985
137315,3,1,1,59,127,146,254,186,400,205,381,586
137315,3,1,2,59,127,146,254,186,400,205,381,586
137315,4,2,1,130,201,106,218,331,324,236,419,655
137315,4,2,2,130,201,106,218,331,324,236,419,655
137315,5,3,1,70,114,83,160,184,243,153,274,427
137315,5,3,2,70,114,83,160,184,243,153,274,427
137315,6,4,1,48,74,58,137,122,195,106,211,317
137315,6,4,2,48,74,58,137,122,195,106,211,317
137315,7,999,1,91,142,108,384,233,492,199,526,725
137315,7,999,2,91,142,108,384,233,492,199,526,725
137315,8,5,1,45,62,46,142,107,188,91,204,295
137315,8,5,2,45,62,46,142,107,188,91,204,295
137315,9,6,1,22,36,20,90,58,110,42,126,168
137315,9,6,2,22,36,20,90,58,110,42,126,168
137315,10,7,1,10,15,19,62,25,81,29,77,106
137315,10,7,2,10,15,19,62,25,81,29,77,106
137315,11,8,1,9,21,16,64,30,80,25,85,110
137315,11,8,2,9,21,16,64,30,80,25,85,110
137315,12,9,1,4,8,6,25,12,31,10,33,43
137315,12,9,2,4,8,6,25,12,31,10,33,43
137315,13,10,1,1,0,1,1,1,2,2,1,3
137315,13,10,2,1,0,1,1,1,2,2,1,3
137351,1,412,1,15566,20903,5764,8393,36469,14157,21330,29296,50626
137351,1,112,2,12684,16966,3938,4994,29650,8932,16622,21960,38582
137351,1,312,5,2882,3937,1826,3399,6819,5225,4708,7336,12044
137351,2,999,1,12213,17184,2598,3346,29397,5944,14811,20530,35341
137351,2,999,2,11352,15543,2362,2841,26895,5203,13714,18384,32098
137351,2,999,5,861,1641,236,505,2502,741,1097,2146,3243
137351,3,1,1,62,66,186,332,128,518,248,398,646
137351,3,1,2,61,66,186,332,127,518,247,398,645
137351,3,1,5,1,0,0,0,1,0,1,0,1
137351,4,2,1,3851,5732,282,269,9583,551,4133,6001,10134
137351,4,2,2,3850,5731,281,268,9581,549,4131,5999,10130
137351,4,2,5,1,1,1,1,2,2,2,2,4
137351,5,3,1,4624,6837,598,769,11461,1367,5222,7606,12828
137351,5,3,2,4596,6708,590,752,11304,1342,5186,7460,12646
137351,5,3,5,28,129,8,17,157,25,36,146,182
137351,6,4,1,3676,4549,1532,1976,8225,3508,5208,6525,11733
137351,6,4,2,2845,3038,1305,1489,5883,2794,4150,4527,8677
137351,6,4,5,831,1511,227,487,2342,714,1058,1998,3056
137351,7,999,1,3353,3711,3166,5039,7064,8205,6519,8750,15269
137351,7,999,2,1332,1423,1576,2147,2755,3723,2908,3570,6478
137351,7,999,5,2021,2288,1590,2892,4309,4482,3611,5180,8791
137351,8,5,1,2023,2254,1411,2029,4277,3440,3434,4283,7717
137351,8,5,2,884,909,870,1028,1793,1898,1754,1937,3691
137351,8,5,5,1139,1345,541,1001,2484,1542,1680,2346,4026
137351,9,6,1,713,728,707,1125,1441,1832,1420,1853,3273
137351,9,6,2,259,268,335,480,527,815,594,748,1342
137351,9,6,5,454,460,372,645,914,1017,826,1105,1931
137351,10,7,1,291,319,434,668,610,1102,725,987,1712
137351,10,7,2,108,110,181,251,218,432,289,361,650
137351,10,7,5,183,209,253,417,392,670,436,626,1062
137351,11,8,1,232,297,391,774,529,1165,623,1071,1694
137351,11,8,2,62,100,137,245,162,382,199,345,544
137351,11,8,5,170,197,254,529,367,783,424,726,1150
137351,12,9,1,90,108,201,416,198,617,291,524,815
137351,12,9,2,18,36,50,130,54,180,68,166,234
137351,12,9,5,72,72,151,286,144,437,223,358,581
137351,13,10,1,4,5,22,27,9,49,26,32,58
137351,13,10,2,1,0,3,13,1,16,4,13,17
137351,13,10,5,3,5,19,14,8,33,22,19,41
137351,14,11,1,0,8,0,8,8,8,0,16,16
137351,14,11,2,0,0,0,6,0,6,0,6,6
137351,14,11,5,0,8,0,2,8,2,0,10,10
137476,1,412,1,1338,1595,1104,1564,2933,2668,2442,3159,5601
137476,1,112,2,775,654,960,1281,1429,2241,1735,1935,3670
137476,1,312,5,563,941,144,283,1504,427,707,1224,1931
137476,2,999,1,866,744,929,1145,1610,2074,1795,1889,3684
137476,2,999,2,710,495,921,1129,1205,2050,1631,1624,3255
137476,2,999,5,156,249,8,16,405,24,164,265,429
137476,3,1,1,13,7,843,1038,20,1881,856,1045,1901
137476,3,1,2,13,7,843,1036,20,1879,856,1043,1899
137476,3,1,5,0,0,0,2,0,2,0,2,2
137476,4,2,1,405,234,72,81,639,153,477,315,792
137476,4,2,2,405,234,72,81,639,153,477,315,792
137476,5,3,1,208,203,2,7,411,9,210,210,420
137476,5,3,2,204,172,2,6,376,8,206,178,384
137476,5,3,5,4,31,0,1,35,1,4,32,36
137476,6,4,1,240,300,12,19,540,31,252,319,571
137476,6,4,2,88,82,4,6,170,10,92,88,180
137476,6,4,5,152,218,8,13,370,21,160,231,391
137476,7,999,1,472,851,171,415,1323,586,643,1266,1909
137476,7,999,2,65,159,35,149,224,184,100,308,408
137476,7,999,5,407,692,136,266,1099,402,543,958,1501
137476,8,5,1,214,298,21,64,512,85,235,362,597
137476,8,5,2,22,49,4,22,71,26,26,71,97
137476,8,5,5,192,249,17,42,441,59,209,291,500
137476,9,6,1,82,191,29,59,273,88,111,250,361
137476,9,6,2,13,42,6,25,55,31,19,67,86
137476,9,6,5,69,149,23,34,218,57,92,183,275
137476,10,7,1,56,107,26,75,163,101,82,182,264
137476,10,7,2,12,24,6,30,36,36,18,54,72
137476,10,7,5,44,83,20,45,127,65,64,128,192
137476,11,8,1,69,174,50,125,243,175,119,299,418
137476,11,8,2,10,25,6,40,35,46,16,65,81
137476,11,8,5,59,149,44,85,208,129,103,234,337
137476,12,9,1,48,78,39,81,126,120,87,159,246
137476,12,9,2,8,18,11,29,26,40,19,47,66
137476,12,9,5,40,60,28,52,100,80,68,112,180
137476,13,10,1,3,3,6,11,6,17,9,14,23
137476,13,10,2,0,1,2,3,1,5,2,4,6
137476,13,10,5,3,2,4,8,5,12,7,10,17
137476,14,11,1,0,0,4,4,0,8,4,4,8
137476,14,11,2,0,0,4,3,0,7,4,3,7
137476,14,11,5,0,0,0,1,0,1,0,1,1
137546,1,412,1,1854,2422,80,106,4276,186,1934,2528,4462
137546,1,112,2,1338,1744,19,24,3082,43,1357,1768,3125
137546,1,312,5,516,678,61,82,1194,143,577,760,1337
137546,2,999,1,1580,2054,30,36,3634,66,1610,2090,3700
137546,2,999,2,1314,1723,15,20,3037,35,1329,1743,3072
137546,2,999,5,266,331,15,16,597,31,281,347,628
137546,3,1,1,12,49,1,0,61,1,13,49,62
137546,3,1,2,12,49,1,0,61,1,13,49,62
137546,4,2,1,613,925,1,0,1538,1,614,925,1539
137546,4,2,2,613,925,1,0,1538,1,614,925,1539
137546,5,3,1,617,701,4,11,1318,15,621,712,1333
137546,5,3,2,600,667,4,8,1267,12,604,675,1279
137546,5,3,5,17,34,0,3,51,3,17,37,54
137546,6,4,1,338,379,24,25,717,49,362,404,766
137546,6,4,2,89,82,9,12,171,21,98,94,192
137546,6,4,5,249,297,15,13,546,28,264,310,574
137546,7,999,1,274,368,50,69,642,119,324,437,761
137546,7,999,2,24,21,4,4,45,8,28,25,53
137546,7,999,5,250,347,46,65,597,111,296,412,708
137546,8,5,1,143,204,15,27,347,42,158,231,389
137546,8,5,2,15,12,1,2,27,3,16,14,30
137546,8,5,5,128,192,14,25,320,39,142,217,359
137546,9,6,1,71,62,11,5,133,16,82,67,149
137546,9,6,2,6,4,1,0,10,1,7,4,11
137546,9,6,5,65,58,10,5,123,15,75,63,138
137546,10,7,1,24,38,8,16,62,24,32,54,86
137546,10,7,2,1,0,0,0,1,0,1,0,1
137546,10,7,5,23,38,8,16,61,24,31,54,85
137546,11,8,1,24,43,8,9,67,17,32,52,84
137546,11,8,2,2,3,1,0,5,1,3,3,6
137546,11,8,5,22,40,7,9,62,16,29,49,78
137546,12,9,1,12,19,7,11,31,18,19,30,49
137546,12,9,2,0,2,1,2,2,3,1,4,5
137546,12,9,5,12,17,6,9,29,15,18,26,44
137546,13,10,1,0,2,1,1,2,2,1,3,4
137546,13,10,5,0,2,1,1,2,2,1,3,4
137546,14,11,1,0,0,0,1,0,1,0,1,1
137546,14,11,5,0,0,0,1,0,1,0,1,1
137564,1,412,1,2159,3160,1742,2485,5319,4227,3901,5645,9546
137564,1,112,2,1949,2855,1497,2011,4804,3508,3446,4866,8312
137564,1,312,5,210,305,245,474,515,719,455,779,1234
137564,2,999,1,1702,2558,1388,1850,4260,3238,3090,4408,7498
137564,2,999,2,1642,2460,1364,1822,4102,3186,3006,4282,7288
137564,2,999,5,60,98,24,28,158,52,84,126,210
137564,3,1,1,22,49,950,1358,71,2308,972,1407,2379
137564,3,1,2,22,49,950,1358,71,2308,972,1407,2379
137564,4,2,1,545,944,279,340,1489,619,824,1284,2108
137564,4,2,2,545,944,279,340,1489,619,824,1284,2108
137564,5,3,1,655,995,58,57,1650,115,713,1052,1765
137564,5,3,2,651,983,57,57,1634,114,708,1040,1748
137564,5,3,5,4,12,1,0,16,1,5,12,17
137564,6,4,1,480,570,101,95,1050,196,581,665,1246
137564,6,4,2,424,484,78,67,908,145,502,551,1053
137564,6,4,5,56,86,23,28,142,51,79,114,193
137564,7,999,1,457,602,352,633,1059,985,809,1235,2044
137564,7,999,2,307,395,131,187,702,318,438,582,1020
137564,7,999,5,150,207,221,446,357,667,371,653,1024
137564,8,5,1,179,238,88,119,417,207,267,357,624
137564,8,5,2,141,175,48,58,316,106,189,233,422
137564,8,5,5,38,63,40,61,101,101,78,124,202
137564,9,6,1,92,93,60,99,185,159,152,192,344
137564,9,6,2,69,64,28,30,133,58,97,94,191
137564,9,6,5,23,29,32,69,52,101,55,98,153
137564,10,7,1,59,81,54,91,140,145,113,172,285
137564,10,7,2,34,55,12,21,89,33,46,76,122
137564,10,7,5,25,26,42,70,51,112,67,96,163
137564,11,8,1,62,101,91,196,163,287,153,297,450
137564,11,8,2,32,60,25,42,92,67,57,102,159
137564,11,8,5,30,41,66,154,71,220,96,195,291
137564,12,9,1,62,86,53,120,148,173,115,206,321
137564,12,9,2,28,41,16,33,69,49,44,74,118
137564,12,9,5,34,45,37,87,79,124,71,132,203
137564,13,10,1,3,3,6,8,6,14,9,11,20
137564,13,10,2,3,0,2,3,3,5,5,3,8
137564,13,10,5,0,3,4,5,3,9,4,8,12
137564,14,11,1,0,0,2,2,0,4,2,2,4
137564,14,11,2,0,0,2,2,0,4,2,2,4
137591,1,412,1,51,187,9,45,238,54,60,232,292
137591,1,112,2,51,187,9,45,238,54,60,232,292
137591,2,999,1,13,86,5,11,99,16,18,97,115
137591,2,999,2,13,86,5,11,99,16,18,97,115
137591,4,2,1,2,20,1,0,22,1,3,20,23
137591,4,2,2,2,20,1,0,22,1,3,20,23
137591,5,3,1,7,32,2,8,39,10,9,40,49
137591,5,3,2,7,32,2,8,39,10,9,40,49
137591,6,4,1,4,34,2,3,38,5,6,37,43
137591,6,4,2,4,34,2,3,38,5,6,37,43
137591,7,999,1,38,101,4,34,139,38,42,135,177
137591,7,999,2,38,101,4,34,139,38,42,135,177
137591,8,5,1,14,36,3,10,50,13,17,46,63
137591,8,5,2,14,36,3,10,50,13,17,46,63
137591,9,6,1,8,28,1,9,36,10,9,37,46
137591,9,6,2,8,28,1,9,36,10,9,37,46
137591,10,7,1,8,19,0,10,27,10,8,29,37
137591,10,7,2,8,19,0,10,27,10,8,29,37
137591,11,8,1,7,14,0,3,21,3,7,17,24
137591,11,8,2,7,14,0,3,21,3,7,17,24
137591,12,9,1,1,3,0,2,4,2,1,5,6
137591,12,9,2,1,3,0,2,4,2,1,5,6
137591,13,10,1,0,1,0,0,1,0,0,1,1
137591,13,10,2,0,1,0,0,1,0,0,1,1
137759,1,412,1,2701,3037,2193,3314,5738,5507,4894,6351,11245
137759,1,112,2,2701,3037,2193,3314,5738,5507,4894,6351,11245
137759,2,999,1,2488,2776,1718,2363,5264,4081,4206,5139,9345
137759,2,999,2,2488,2776,1718,2363,5264,4081,4206,5139,9345
137759,3,1,1,39,84,238,447,123,685,277,531,808
137759,3,1,2,39,84,238,447,123,685,277,531,808
137759,4,2,1,1576,1906,455,653,3482,1108,2031,2559,4590
137759,4,2,2,1576,1906,455,653,3482,1108,2031,2559,4590
137759,5,3,1,667,563,669,758,1230,1427,1336,1321,2657
137759,5,3,2,667,563,669,758,1230,1427,1336,1321,2657
137759,6,4,1,206,223,356,505,429,861,562,728,1290
137759,6,4,2,206,223,356,505,429,861,562,728,1290
137759,7,999,1,213,261,475,951,474,1426,688,1212,1900
137759,7,999,2,213,261,475,951,474,1426,688,1212,1900
137759,8,5,1,112,134,229,361,246,590,341,495,836
137759,8,5,2,112,134,229,361,246,590,341,495,836
137759,9,6,1,44,49,90,210,93,300,134,259,393
137759,9,6,2,44,49,90,210,93,300,134,259,393
137759,10,7,1,27,32,64,138,59,202,91,170,261
137759,10,7,2,27,32,64,138,59,202,91,170,261
137759,11,8,1,18,34,62,145,52,207,80,179,259
137759,11,8,2,18,34,62,145,52,207,80,179,259
137759,12,9,1,9,11,29,95,20,124,38,106,144
137759,12,9,2,9,11,29,95,20,124,38,106,144
137759,13,10,1,3,1,1,2,4,3,4,3,7
137759,13,10,2,3,1,1,2,4,3,4,3,7
137962,1,412,1,96,75,20,23,171,43,116,98,214
137962,1,112,2,96,75,20,23,171,43,116,98,214
137962,2,999,1,65,38,3,4,103,7,68,42,110
137962,2,999,2,65,38,3,4,103,7,68,42,110
137962,3,1,1,2,0,0,2,2,2,2,2,4
137962,3,1,2,2,0,0,2,2,2,2,2,4
137962,4,2,1,14,11,1,0,25,1,15,11,26
137962,4,2,2,14,11,1,0,25,1,15,11,26
137962,5,3,1,31,13,0,0,44,0,31,13,44
137962,5,3,2,31,13,0,0,44,0,31,13,44
137962,6,4,1,18,14,2,2,32,4,20,16,36
137962,6,4,2,18,14,2,2,32,4,20,16,36
137962,7,999,1,30,37,17,19,67,36,47,56,103
137962,7,999,2,30,37,17,19,67,36,47,56,103
137962,8,5,1,10,11,3,1,21,4,13,12,25
137962,8,5,2,10,11,3,1,21,4,13,12,25
137962,9,6,1,3,5,1,3,8,4,4,8,12
137962,9,6,2,3,5,1,3,8,4,4,8,12
137962,10,7,1,7,5,2,4,12,6,9,9,18
137962,10,7,2,7,5,2,4,12,6,9,9,18
137962,11,8,1,4,9,2,5,13,7,6,14,20
137962,11,8,2,4,9,2,5,13,7,6,14,20
137962,12,9,1,5,3,7,4,8,11,12,7,19
137962,12,9,2,5,3,7,4,8,11,12,7,19
137962,13,10,1,1,4,2,2,5,4,3,6,9
137962,13,10,2,1,4,2,2,5,4,3,6,9
137962,14,11,1,1,0,0,0,1,0,1,0,1
137962,14,11,2,1,0,0,0,1,0,1,0,1
138187,1,412,1,6838,9650,11332,18129,16488,29461,18170,27779,45949
138187,1,112,2,6838,9650,11332,18129,16488,29461,18170,27779,45949
138187,2,999,1,5816,8041,7930,11915,13857,19845,13746,19956,33702
138187,2,999,2,5816,8041,7930,11915,13857,19845,13746,19956,33702
138187,3,1,1,775,1487,1245,2337,2262,3582,2020,3824,5844
138187,3,1,2,775,1487,1245,2337,2262,3582,2020,3824,5844
138187,4,2,1,2877,4018,2066,3067,6895,5133,4943,7085,12028
138187,4,2,2,2877,4018,2066,3067,6895,5133,4943,7085,12028
138187,5,3,1,1364,1678,2602,3506,3042,6108,3966,5184,9150
138187,5,3,2,1364,1678,2602,3506,3042,6108,3966,5184,9150
138187,6,4,1,800,858,2017,3005,1658,5022,2817,3863,6680
138187,6,4,2,800,858,2017,3005,1658,5022,2817,3863,6680
138187,7,999,1,1018,1604,3394,6205,2622,9599,4412,7809,12221
138187,7,999,2,1018,1604,3394,6205,2622,9599,4412,7809,12221
138187,8,5,1,566,742,1612,2531,1308,4143,2178,3273,5451
138187,8,5,2,566,742,1612,2531,1308,4143,2178,3273,5451
138187,9,6,1,212,341,783,1434,553,2217,995,1775,2770
138187,9,6,2,212,341,783,1434,553,2217,995,1775,2770
138187,10,7,1,109,229,422,870,338,1292,531,1099,1630
138187,10,7,2,109,229,422,870,338,1292,531,1099,1630
138187,11,8,1,94,222,392,926,316,1318,486,1148,1634
138187,11,8,2,94,222,392,926,316,1318,486,1148,1634
138187,12,9,1,37,69,171,430,106,601,208,499,707
138187,12,9,2,37,69,171,430,106,601,208,499,707
138187,13,10,1,0,1,14,14,1,28,14,15,29
138187,13,10,2,0,1,14,14,1,28,14,15,29
138187,14,11,1,4,5,8,9,9,17,12,14,26
138187,14,11,2,4,5,8,9,9,17,12,14,26
138275,1,412,1,406,352,92,128,758,220,498,480,978
138275,1,112,2,402,345,29,44,747,73,431,389,820
138275,1,312,5,4,7,63,84,11,147,67,91,158
138275,2,999,1,368,280,33,24,648,57,401,304,705
138275,2,999,2,366,277,15,14,643,29,381,291,672
138275,2,999,5,2,3,18,10,5,28,20,13,33
138275,3,1,1,0,1,2,1,1,3,2,2,4
138275,3,1,2,0,1,2,1,1,3,2,2,4
138275,4,2,1,181,121,0,2,302,2,181,123,304
138275,4,2,2,181,121,0,2,302,2,181,123,304
138275,5,3,1,117,122,5,4,239,9,122,126,248
138275,5,3,2,117,122,4,4,239,8,121,126,247
138275,5,3,5,0,0,1,0,0,1,1,0,1
138275,6,4,1,70,36,26,17,106,43,96,53,149
138275,6,4,2,68,33,9,7,101,16,77,40,117
138275,6,4,5,2,3,17,10,5,27,19,13,32
138275,7,999,1,38,72,59,104,110,163,97,176,273
138275,7,999,2,36,68,14,30,104,44,50,98,148
138275,7,999,5,2,4,45,74,6,119,47,78,125
138275,8,5,1,12,18,15,25,30,40,27,43,70
138275,8,5,2,11,16,2,7,27,9,13,23,36
138275,8,5,5,1,2,13,18,3,31,14,20,34
138275,9,6,1,8,12,12,19,20,31,20,31,51
138275,9,6,2,7,12,3,9,19,12,10,21,31
138275,9,6,5,1,0,9,10,1,19,10,10,20
138275,10,7,1,4,11,8,14,15,22,12,25,37
138275,10,7,2,4,10,4,3,14,7,8,13,21
138275,10,7,5,0,1,4,11,1,15,4,12,16
138275,11,8,1,12,22,17,29,34,46,29,51,80
138275,11,8,2,12,22,4,7,34,11,16,29,45
138275,11,8,5,0,0,13,22,0,35,13,22,35
138275,12,9,1,2,8,6,9,10,15,8,17,25
138275,12,9,2,2,7,1,2,9,3,3,9,12
138275,12,9,5,0,1,5,7,1,12,5,8,13
138275,13,10,1,0,1,1,8,1,9,1,9,10
138275,13,10,2,0,1,0,2,1,2,0,3,3
138275,13,10,5,0,0,1,6,0,7,1,6,7
138309,1,412,1,618,3688,604,4145,4306,4749,1222,7833,9055
138309,1,112,2,614,3661,600,4136,4275,4736,1214,7797,9011
138309,1,312,5,4,27,4,9,31,13,8,36,44
138309,2,999,1,124,922,116,917,1046,1033,240,1839,2079
138309,2,999,2,123,920,116,917,1043,1033,239,1837,2076
138309,2,999,5,1,2,0,0,3,0,1,2,3
138309,3,1,1,0,2,0,2,2,2,0,4,4
138309,3,1,2,0,2,0,2,2,2,0,4,4
138309,4,2,1,14,83,14,80,97,94,28,163,191
138309,4,2,2,14,83,14,80,97,94,28,163,191
138309,5,3,1,39,247,24,271,286,295,63,518,581
138309,5,3,2,39,247,24,271,286,295,63,518,581
138309,6,4,1,71,590,78,564,661,642,149,1154,1303
138309,6,4,2,70,588,78,564,658,642,148,1152,1300
138309,6,4,5,1,2,0,0,3,0,1,2,3
138309,7,999,1,494,2766,488,3228,3260,3716,982,5994,6976
138309,7,999,2,491,2741,484,3219,3232,3703,975,5960,6935
138309,7,999,5,3,25,4,9,28,13,7,34,41
138309,8,5,1,198,938,172,989,1136,1161,370,1927,2297
138309,8,5,2,198,936,172,987,1134,1159,370,1923,2293
138309,8,5,5,0,2,0,2,2,2,0,4,4
138309,9,6,1,130,691,130,807,821,937,260,1498,1758
138309,9,6,2,130,684,129,805,814,934,259,1489,1748
138309,9,6,5,0,7,1,2,7,3,1,9,10
138309,10,7,1,71,482,83,577,553,660,154,1059,1213
138309,10,7,2,70,477,83,576,547,659,153,1053,1206
138309,10,7,5,1,5,0,1,6,1,1,6,7
138309,11,8,1,71,503,80,599,574,679,151,1102,1253
138309,11,8,2,69,494,78,597,563,675,147,1091,1238
138309,11,8,5,2,9,2,2,11,4,4,11,15
138309,12,9,1,24,145,22,249,169,271,46,394,440
138309,12,9,2,24,143,21,247,167,268,45,390,435
138309,12,9,5,0,2,1,2,2,3,1,4,5
138309,13,10,1,0,7,1,7,7,8,1,14,15
138309,13,10,2,0,7,1,7,7,8,1,14,15
138558,1,412,1,1132,1340,487,1031,2472,1518,1619,2371,3990
138558,1,112,2,1132,1340,487,1031,2472,1518,1619,2371,3990
138558,2,999,1,1083,1279,414,729,2362,1143,1497,2008,3505
138558,2,999,2,1083,1279,414,729,2362,1143,1497,2008,3505
138558,3,1,1,6,21,142,240,27,382,148,261,409
138558,3,1,2,6,21,142,240,27,382,148,261,409
138558,4,2,1,500,747,91,152,1247,243,591,899,1490
138558,4,2,2,500,747,91,152,1247,243,591,899,1490
138558,5,3,1,385,386,104,183,771,287,489,569,1058
138558,5,3,2,385,386,104,183,771,287,489,569,1058
138558,6,4,1,192,125,77,154,317,231,269,279,548
138558,6,4,2,192,125,77,154,317,231,269,279,548
138558,7,999,1,49,61,73,302,110,375,122,363,485
138558,7,999,2,49,61,73,302,110,375,122,363,485
138558,8,5,1,32,29,38,103,61,141,70,132,202
138558,8,5,2,32,29,38,103,61,141,70,132,202
138558,9,6,1,8,12,12,69,20,81,20,81,101
138558,9,6,2,8,12,12,69,20,81,20,81,101
138558,10,7,1,7,7,10,44,14,54,17,51,68
138558,10,7,2,7,7,10,44,14,54,17,51,68
138558,11,8,1,2,11,7,63,13,70,9,74,83
138558,11,8,2,2,11,7,63,13,70,9,74,83
138558,12,9,1,0,2,5,22,2,27,5,24,29
138558,12,9,2,0,2,5,22,2,27,5,24,29
138558,13,10,1,0,0,1,1,0,2,1,1,2
138558,13,10,2,0,0,1,1,0,2,1,1,2
138600,1,412,1,8,1015,3,54,1023,57,11,1069,1080
138600,1,112,2,7,996,1,10,1003,11,8,1006,1014
138600,1,312,5,1,19,2,44,20,46,3,63,66
138600,2,999,1,3,983,0,15,986,15,3,998,1001
138600,2,999,2,2,978,0,8,980,8,2,986,988
138600,2,999,5,1,5,0,7,6,7,1,12,13
138600,3,1,1,0,7,0,0,7,0,0,7,7
138600,3,1,2,0,7,0,0,7,0,0,7,7
138600,4,2,1,0,428,0,0,428,0,0,428,428
138600,4,2,2,0,428,0,0,428,0,0,428,428
138600,5,3,1,0,452,0,0,452,0,0,452,452
138600,5,3,2,0,452,0,0,452,0,0,452,452
138600,6,4,1,3,96,0,15,99,15,3,111,114
138600,6,4,2,2,91,0,8,93,8,2,99,101
138600,6,4,5,1,5,0,7,6,7,1,12,13
138600,7,999,1,5,32,3,39,37,42,8,71,79
138600,7,999,2,5,18,1,2,23,3,6,20,26
138600,7,999,5,0,14,2,37,14,39,2,51,53
138600,8,5,1,1,16,0,14,17,14,1,30,31
138600,8,5,2,1,10,0,1,11,1,1,11,12
138600,8,5,5,0,6,0,13,6,13,0,19,19
138600,9,6,1,3,10,0,5,13,5,3,15,18
138600,9,6,2,3,6,0,0,9,0,3,6,9
138600,9,6,5,0,4,0,5,4,5,0,9,9
138600,10,7,1,1,2,1,6,3,7,2,8,10
138600,10,7,2,1,1,0,0,2,0,1,1,2
138600,10,7,5,0,1,1,6,1,7,1,7,8
138600,11,8,1,0,4,2,8,4,10,2,12,14
138600,11,8,2,0,1,1,1,1,2,1,2,3
138600,11,8,5,0,3,1,7,3,8,1,10,11
138600,12,9,1,0,0,0,6,0,6,0,6,6
138600,12,9,5,0,0,0,6,0,6,0,6,6
138682,1,412,1,338,793,587,1304,1131,1891,925,2097,3022
138682,1,112,2,338,793,587,1304,1131,1891,925,2097,3022
138682,2,999,1,191,370,353,658,561,1011,544,1028,1572
138682,2,999,2,191,370,353,658,561,1011,544,1028,1572
138682,3,1,1,29,43,134,253,72,387,163,296,459
138682,3,1,2,29,43,134,253,72,387,163,296,459
138682,4,2,1,53,82,88,122,135,210,141,204,345
138682,4,2,2,53,82,88,122,135,210,141,204,345
138682,5,3,1,66,105,75,120,171,195,141,225,366
138682,5,3,2,66,105,75,120,171,195,141,225,366
138682,6,4,1,43,140,56,163,183,219,99,303,402
138682,6,4,2,43,140,56,163,183,219,99,303,402
138682,7,999,1,147,423,234,646,570,880,381,1069,1450
138682,7,999,2,147,423,234,646,570,880,381,1069,1450
138682,8,5,1,37,148,76,212,185,288,113,360,473
138682,8,5,2,37,148,76,212,185,288,113,360,473
138682,9,6,1,38,96,41,140,134,181,79,236,315
138682,9,6,2,38,96,41,140,134,181,79,236,315
138682,10,7,1,36,70,27,90,106,117,63,160,223
138682,10,7,2,36,70,27,90,106,117,63,160,223
138682,11,8,1,25,70,48,124,95,172,73,194,267
138682,11,8,2,25,70,48,124,95,172,73,194,267
138682,12,9,1,10,36,35,74,46,109,45,110,155
138682,12,9,2,10,36,35,74,46,109,45,110,155
138682,13,10,1,1,3,7,6,4,13,8,9,17
138682,13,10,2,1,3,7,6,4,13,8,9,17
138716,1,412,1,1283,3155,512,1559,4438,2071,1795,4714,6509
138716,1,112,2,1240,2986,478,1398,4226,1876,1718,4384,6102
138716,1,312,5,43,169,34,161,212,195,77,330,407
138716,2,999,1,1178,2739,327,752,3917,1079,1505,3491,4996
138716,2,999,2,1167,2708,322,741,3875,1063,1489,3449,4938
138716,2,999,5,11,31,5,11,42,16,16,42,58
138716,3,1,1,29,63,50,109,92,159,79,172,251
138716,3,1,2,29,63,50,109,92,159,79,172,251
138716,4,2,1,588,1306,120,229,1894,349,708,1535,2243
138716,4,2,2,588,1306,120,229,1894,349,708,1535,2243
138716,5,3,1,377,1015,89,238,1392,327,466,1253,1719
138716,5,3,2,377,1012,89,237,1389,326,466,1249,1715
138716,5,3,5,0,3,0,1,3,1,0,4,4
138716,6,4,1,184,355,68,176,539,244,252,531,783
138716,6,4,2,173,327,63,166,500,229,236,493,729
138716,6,4,5,11,28,5,10,39,15,16,38,54
138716,7,999,1,105,416,185,807,521,992,290,1223,1513
138716,7,999,2,73,278,156,657,351,813,229,935,1164
138716,7,999,5,32,138,29,150,170,179,61,288,349
138716,8,5,1,53,178,59,237,231,296,112,415,527
138716,8,5,2,38,125,50,202,163,252,88,327,415
138716,8,5,5,15,53,9,35,68,44,24,88,112
138716,9,6,1,23,79,41,190,102,231,64,269,333
138716,9,6,2,15,52,34,166,67,200,49,218,267
138716,9,6,5,8,27,7,24,35,31,15,51,66
138716,10,7,1,13,68,24,118,81,142,37,186,223
138716,10,7,2,9,49,19,97,58,116,28,146,174
138716,10,7,5,4,19,5,21,23,26,9,40,49
138716,11,8,1,9,70,38,171,79,209,47,241,288
138716,11,8,2,6,42,33,129,48,162,39,171,210
138716,11,8,5,3,28,5,42,31,47,8,70,78
138716,12,9,1,6,20,22,86,26,108,28,106,134
138716,12,9,2,4,10,19,59,14,78,23,69,92
138716,12,9,5,2,10,3,27,12,30,5,37,42
138716,13,10,1,1,1,1,5,2,6,2,6,8
138716,13,10,2,1,0,1,4,1,5,2,4,6
138716,13,10,5,0,1,0,1,1,1,0,2,2
138761,1,412,1,125,88,14,74,213,88,139,162,301
138761,1,112,2,125,88,14,74,213,88,139,162,301
138761,2,999,1,124,71,12,23,195,35,136,94,230
138761,2,999,2,124,71,12,23,195,35,136,94,230
138761,3,1,1,0,1,3,4,1,7,3,5,8
138761,3,1,2,0,1,3,4,1,7,3,5,8
138761,4,2,1,79,51,0,6,130,6,79,57,136
138761,4,2,2,79,51,0,6,130,6,79,57,136
138761,5,3,1,36,18,6,5,54,11,42,23,65
138761,5,3,2,36,18,6,5,54,11,42,23,65
138761,6,4,1,9,1,3,8,10,11,12,9,21
138761,6,4,2,9,1,3,8,10,11,12,9,21
138761,7,999,1,1,17,2,51,18,53,3,68,71
138761,7,999,2,1,17,2,51,18,53,3,68,71
138761,8,5,1,1,7,0,10,8,10,1,17,18
138761,8,5,2,1,7,0,10,8,10,1,17,18
138761,9,6,1,0,4,0,9,4,9,0,13,13
138761,9,6,2,0,4,0,9,4,9,0,13,13
138761,10,7,1,0,3,1,7,3,8,1,10,11
138761,10,7,2,0,3,1,7,3,8,1,10,11
138761,11,8,1,0,3,0,16,3,16,0,19,19
138761,11,8,2,0,3,0,16,3,16,0,19,19
138761,12,9,1,0,0,1,9,0,10,1,9,10
138761,12,9,2,0,0,1,9,0,10,1,9,10
138822,1,412,1,17,493,0,0,510,0,17,493,510
138822,1,112,2,17,493,0,0,510,0,17,493,510
138822,2,999,1,7,240,0,0,247,0,7,240,247
138822,2,999,2,7,240,0,0,247,0,7,240,247
138822,3,1,1,0,8,0,0,8,0,0,8,8
138822,3,1,2,0,8,0,0,8,0,0,8,8
138822,4,2,1,0,73,0,0,73,0,0,73,73
138822,4,2,2,0,73,0,0,73,0,0,73,73
138822,5,3,1,3,73,0,0,76,0,3,73,76
138822,5,3,2,3,73,0,0,76,0,3,73,76
138822,6,4,1,4,86,0,0,90,0,4,86,90
138822,6,4,2,4,86,0,0,90,0,4,86,90
138822,7,999,1,10,252,0,0,262,0,10,252,262
138822,7,999,2,10,252,0,0,262,0,10,252,262
138822,8,5,1,3,118,0,0,121,0,3,118,121
138822,8,5,2,3,118,0,0,121,0,3,118,121
138822,9,6,1,4,67,0,0,71,0,4,67,71
138822,9,6,2,4,67,0,0,71,0,4,67,71
138822,10,7,1,1,42,0,0,43,0,1,42,43
138822,10,7,2,1,42,0,0,43,0,1,42,43
138822,11,8,1,1,21,0,0,22,0,1,21,22
138822,11,8,2,1,21,0,0,22,0,1,21,22
138822,12,9,1,1,4,0,0,5,0,1,4,5
138822,12,9,2,1,4,0,0,5,0,1,4,5
138822,14,11,1,0,1,0,0,1,0,0,1,1
138822,14,11,2,0,1,0,0,1,0,0,1,1
138840,1,412,1,318,500,588,1624,818,2212,906,2124,3030
138840,1,112,2,318,500,588,1624,818,2212,906,2124,3030
138840,2,999,1,126,185,265,531,311,796,391,716,1107
138840,2,999,2,126,185,265,531,311,796,391,716,1107
138840,3,1,1,4,5,42,116,9,158,46,121,167
138840,3,1,2,4,5,42,116,9,158,46,121,167
138840,4,2,1,31,42,68,86,73,154,99,128,227
138840,4,2,2,31,42,68,86,73,154,99,128,227
138840,5,3,1,43,54,62,141,97,203,105,195,300
138840,5,3,2,43,54,62,141,97,203,105,195,300
138840,6,4,1,48,84,93,188,132,281,141,272,413
138840,6,4,2,48,84,93,188,132,281,141,272,413
138840,7,999,1,192,315,323,1093,507,1416,515,1408,1923
138840,7,999,2,192,315,323,1093,507,1416,515,1408,1923
138840,8,5,1,61,113,111,377,174,488,172,490,662
138840,8,5,2,61,113,111,377,174,488,172,490,662
138840,9,6,1,46,83,74,257,129,331,120,340,460
138840,9,6,2,46,83,74,257,129,331,120,340,460
138840,10,7,1,28,45,46,178,73,224,74,223,297
138840,10,7,2,28,45,46,178,73,224,74,223,297
138840,11,8,1,35,52,56,202,87,258,91,254,345
138840,11,8,2,35,52,56,202,87,258,91,254,345
138840,12,9,1,19,21,29,75,40,104,48,96,144
138840,12,9,2,19,21,29,75,40,104,48,96,144
138840,13,10,1,3,1,7,4,4,11,10,5,15
138840,13,10,2,3,1,7,4,4,11,10,5,15
138956,1,412,1,592,788,981,1502,1380,2483,1573,2290,3863
138956,1,112,2,592,788,981,1502,1380,2483,1573,2290,3863
138956,2,999,1,345,392,573,699,737,1272,918,1091,2009
138956,2,999,2,345,392,573,699,737,1272,918,1091,2009
138956,3,1,1,20,20,102,156,40,258,122,176,298
138956,3,1,2,20,20,102,156,40,258,122,176,298
138956,4,2,1,141,140,137,173,281,310,278,313,591
138956,4,2,2,141,140,137,173,281,310,278,313,591
138956,5,3,1,108,116,158,168,224,326,266,284,550
138956,5,3,2,108,116,158,168,224,326,266,284,550
138956,6,4,1,76,116,176,202,192,378,252,318,570
138956,6,4,2,76,116,176,202,192,378,252,318,570
138956,7,999,1,247,396,408,803,643,1211,655,1199,1854
138956,7,999,2,247,396,408,803,643,1211,655,1199,1854
138956,8,5,1,87,153,159,276,240,435,246,429,675
138956,8,5,2,87,153,159,276,240,435,246,429,675
138956,9,6,1,49,84,98,209,133,307,147,293,440
138956,9,6,2,49,84,98,209,133,307,147,293,440
138956,10,7,1,41,62,52,121,103,173,93,183,276
138956,10,7,2,41,62,52,121,103,173,93,183,276
138956,11,8,1,40,62,69,138,102,207,109,200,309
138956,11,8,2,40,62,69,138,102,207,109,200,309
138956,12,9,1,28,34,27,56,62,83,55,90,145
138956,12,9,2,28,34,27,56,62,83,55,90,145
138956,13,10,1,2,1,3,3,3,6,5,4,9
138956,13,10,2,2,1,3,3,3,6,5,4,9
139144,1,412,1,770,1263,35,57,2033,92,805,1320,2125
139144,1,112,2,754,1228,7,17,1982,24,761,1245,2006
139144,1,312,5,16,35,28,40,51,68,44,75,119
139144,2,999,1,755,1228,11,20,1983,31,766,1248,2014
139144,2,999,2,750,1225,6,12,1975,18,756,1237,1993
139144,2,999,5,5,3,5,8,8,13,10,11,21
139144,3,1,1,5,20,2,5,25,7,7,25,32
139144,3,1,2,5,20,2,5,25,7,7,25,32
139144,4,2,1,389,669,0,1,1058,1,389,670,1059
139144,4,2,2,389,669,0,1,1058,1,389,670,1059
139144,5,3,1,313,492,1,3,805,4,314,495,809
139144,5,3,2,313,491,1,2,804,3,314,493,807
139144,5,3,5,0,1,0,1,1,1,0,2,2
139144,6,4,1,48,47,8,11,95,19,56,58,114
139144,6,4,2,43,45,3,4,88,7,46,49,95
139144,6,4,5,5,2,5,7,7,12,10,9,19
139144,7,999,1,15,35,24,37,50,61,39,72,111
139144,7,999,2,4,3,1,5,7,6,5,8,13
139144,7,999,5,11,32,23,32,43,55,34,64,98
139144,8,5,1,7,8,6,9,15,15,13,17,30
139144,8,5,2,4,2,0,0,6,0,4,2,6
139144,8,5,5,3,6,6,9,9,15,9,15,24
139144,9,6,1,4,7,0,5,11,5,4,12,16
139144,9,6,5,4,7,0,5,11,5,4,12,16
139144,10,7,1,1,8,6,7,9,13,7,15,22
139144,10,7,2,0,1,0,1,1,1,0,2,2
139144,10,7,5,1,7,6,6,8,12,7,13,20
139144,11,8,1,3,12,8,10,15,18,11,22,33
139144,11,8,5,3,12,8,10,15,18,11,22,33
139144,12,9,1,0,0,4,3,0,7,4,3,7
139144,12,9,2,0,0,1,1,0,2,1,1,2
139144,12,9,5,0,0,3,2,0,5,3,2,5
139144,13,10,1,0,0,0,3,0,3,0,3,3
139144,13,10,2,0,0,0,3,0,3,0,3,3
139199,1,412,1,199,1488,167,959,1687,1126,366,2447,2813
139199,1,112,2,92,1003,87,528,1095,615,179,1531,1710
139199,1,312,5,107,485,80,431,592,511,187,916,1103
139199,2,999,1,93,826,51,226,919,277,144,1052,1196
139199,2,999,2,56,662,49,184,718,233,105,846,951
139199,2,999,5,37,164,2,42,201,44,39,206,245
139199,3,1,1,2,4,34,60,6,94,36,64,100
139199,3,1,2,2,4,34,60,6,94,36,64,100
139199,4,2,1,16,225,9,16,241,25,25,241,266
139199,4,2,2,16,225,9,16,241,25,25,241,266
139199,5,3,1,26,273,3,32,299,35,29,305,334
139199,5,3,2,26,273,3,31,299,34,29,304,333
139199,5,3,5,0,0,0,1,0,1,0,1,1
139199,6,4,1,49,324,5,118,373,123,54,442,496
139199,6,4,2,12,160,3,77,172,80,15,237,252
139199,6,4,5,37,164,2,41,201,43,39,205,244
139199,7,999,1,106,662,116,733,768,849,222,1395,1617
139199,7,999,2,36,341,38,344,377,382,74,685,759
139199,7,999,5,70,321,78,389,391,467,148,710,858
139199,8,5,1,54,273,30,200,327,230,84,473,557
139199,8,5,2,14,135,8,87,149,95,22,222,244
139199,8,5,5,40,138,22,113,178,135,62,251,313
139199,9,6,1,17,124,29,159,141,188,46,283,329
139199,9,6,2,6,75,8,86,81,94,14,161,175
139199,9,6,5,11,49,21,73,60,94,32,122,154
139199,10,7,1,13,104,19,121,117,140,32,225,257
139199,10,7,2,7,58,7,58,65,65,14,116,130
139199,10,7,5,6,46,12,63,52,75,18,109,127
139199,11,8,1,18,122,29,175,140,204,47,297,344
139199,11,8,2,6,60,10,78,66,88,16,138,154
139199,11,8,5,12,62,19,97,74,116,31,159,190
139199,12,9,1,4,37,9,77,41,86,13,114,127
139199,12,9,2,3,13,5,35,16,40,8,48,56
139199,12,9,5,1,24,4,42,25,46,5,66,71
139199,13,10,1,0,2,0,1,2,1,0,3,3
139199,13,10,5,0,2,0,1,2,1,0,3,3
139250,1,412,1,569,1275,484,1129,1844,1613,1053,2404,3457
139250,1,112,2,569,1275,484,1129,1844,1613,1053,2404,3457
139250,2,999,1,487,1078,364,733,1565,1097,851,1811,2662
139250,2,999,2,487,1078,364,733,1565,1097,851,1811,2662
139250,3,1,1,8,33,123,250,41,373,131,283,414
139250,3,1,2,8,33,123,250,41,373,131,283,414
139250,4,2,1,195,484,73,147,679,220,268,631,899
139250,4,2,2,195,484,73,147,679,220,268,631,899
139250,5,3,1,166,379,87,164,545,251,253,543,796
139250,5,3,2,166,379,87,164,545,251,253,543,796
139250,6,4,1,118,182,81,172,300,253,199,354,553
139250,6,4,2,118,182,81,172,300,253,199,354,553
139250,7,999,1,82,197,120,396,279,516,202,593,795
139250,7,999,2,82,197,120,396,279,516,202,593,795
139250,8,5,1,47,94,61,140,141,201,108,234,342
139250,8,5,2,47,94,61,140,141,201,108,234,342
139250,9,6,1,16,46,17,90,62,107,33,136,169
139250,9,6,2,16,46,17,90,62,107,33,136,169
139250,10,7,1,5,20,17,58,25,75,22,78,100
139250,10,7,2,5,20,17,58,25,75,22,78,100
139250,11,8,1,7,27,12,68,34,80,19,95,114
139250,11,8,2,7,27,12,68,34,80,19,95,114
139250,12,9,1,7,9,9,27,16,36,16,36,52
139250,12,9,2,7,9,9,27,16,36,16,36,52
139250,13,10,1,0,1,4,13,1,17,4,14,18
139250,13,10,2,0,1,4,13,1,17,4,14,18
139278,1,412,1,663,1091,1406,3277,1754,4683,2069,4368,6437
139278,1,112,2,663,1091,1406,3277,1754,4683,2069,4368,6437
139278,2,999,1,515,696,1006,1977,1211,2983,1521,2673,4194
139278,2,999,2,515,696,1006,1977,1211,2983,1521,2673,4194
139278,3,1,1,88,99,323,593,187,916,411,692,1103
139278,3,1,2,88,99,323,593,187,916,411,692,1103
139278,4,2,1,204,253,277,489,457,766,481,742,1223
139278,4,2,2,204,253,277,489,457,766,481,742,1223
139278,5,3,1,134,181,219,468,315,687,353,649,1002
139278,5,3,2,134,181,219,468,315,687,353,649,1002
139278,6,4,1,89,163,187,427,252,614,276,590,866
139278,6,4,2,89,163,187,427,252,614,276,590,866
139278,7,999,1,148,395,400,1300,543,1700,548,1695,2243
139278,7,999,2,148,395,400,1300,543,1700,548,1695,2243
139278,8,5,1,57,165,157,451,222,608,214,616,830
139278,8,5,2,57,165,157,451,222,608,214,616,830
139278,9,6,1,40,90,86,291,130,377,126,381,507
139278,9,6,2,40,90,86,291,130,377,126,381,507
139278,10,7,1,27,54,64,216,81,280,91,270,361
139278,10,7,2,27,54,64,216,81,280,91,270,361
139278,11,8,1,15,68,57,242,83,299,72,310,382
139278,11,8,2,15,68,57,242,83,299,72,310,382
139278,12,9,1,9,16,34,94,25,128,43,110,153
139278,12,9,2,9,16,34,94,25,128,43,110,153
139278,13,10,1,0,2,2,6,2,8,2,8,10
139278,13,10,2,0,2,2,6,2,8,2,8,10
139311,1,412,1,1130,2877,927,2118,4007,3045,2057,4995,7052
139311,1,112,2,1035,2645,833,1863,3680,2696,1868,4508,6376
139311,1,312,5,95,232,94,255,327,349,189,487,676
139311,2,999,1,823,2083,566,1058,2906,1624,1389,3141,4530
139311,2,999,2,802,2031,560,1030,2833,1590,1362,3061,4423
139311,2,999,5,21,52,6,28,73,34,27,80,107
139311,3,1,1,51,102,264,489,153,753,315,591,906
139311,3,1,2,51,102,264,489,153,753,315,591,906
139311,4,2,1,283,637,97,135,920,232,380,772,1152
139311,4,2,2,283,637,97,135,920,232,380,772,1152
139311,5,3,1,256,684,73,150,940,223,329,834,1163
139311,5,3,2,254,684,73,150,938,223,327,834,1161
139311,5,3,5,2,0,0,0,2,0,2,0,2
139311,6,4,1,233,660,132,284,893,416,365,944,1309
139311,6,4,2,214,608,126,256,822,382,340,864,1204
139311,6,4,5,19,52,6,28,71,34,25,80,105
139311,7,999,1,307,794,361,1060,1101,1421,668,1854,2522
139311,7,999,2,233,614,273,833,847,1106,506,1447,1953
139311,7,999,5,74,180,88,227,254,315,162,407,569
139311,8,5,1,136,341,124,314,477,438,260,655,915
139311,8,5,2,110,272,90,247,382,337,200,519,719
139311,8,5,5,26,69,34,67,95,101,60,136,196
139311,9,6,1,64,203,69,205,267,274,133,408,541
139311,9,6,2,46,163,54,155,209,209,100,318,418
139311,9,6,5,18,40,15,50,58,65,33,90,123
139311,10,7,1,40,95,30,164,135,194,70,259,329
139311,10,7,2,31,71,20,128,102,148,51,199,250
139311,10,7,5,9,24,10,36,33,46,19,60,79
139311,11,8,1,44,111,74,213,155,287,118,324,442
139311,11,8,2,30,77,56,173,107,229,86,250,336
139311,11,8,5,14,34,18,40,48,58,32,74,106
139311,12,9,1,20,39,47,127,59,174,67,166,233
139311,12,9,2,13,30,39,100,43,139,52,130,182
139311,12,9,5,7,9,8,27,16,35,15,36,51
139311,13,10,1,3,5,17,37,8,54,20,42,62
139311,13,10,2,3,1,14,30,4,44,17,31,48
139311,13,10,5,0,4,3,7,4,10,3,11,14
139357,1,412,1,284,660,529,1526,944,2055,813,2186,2999
139357,1,112,2,284,660,529,1526,944,2055,813,2186,2999
139357,2,999,1,141,344,334,779,485,1113,475,1123,1598
139357,2,999,2,141,344,334,779,485,1113,475,1123,1598
139357,3,1,1,5,24,98,188,29,286,103,212,315
139357,3,1,2,5,24,98,188,29,286,103,212,315
139357,4,2,1,45,105,99,194,150,293,144,299,443
139357,4,2,2,45,105,99,194,150,293,144,299,443
139357,5,3,1,56,102,65,186,158,251,121,288,409
139357,5,3,2,56,102,65,186,158,251,121,288,409
139357,6,4,1,35,113,72,211,148,283,107,324,431
139357,6,4,2,35,113,72,211,148,283,107,324,431
139357,7,999,1,143,316,195,747,459,942,338,1063,1401
139357,7,999,2,143,316,195,747,459,942,338,1063,1401
139357,8,5,1,52,131,64,276,183,340,116,407,523
139357,8,5,2,52,131,64,276,183,340,116,407,523
139357,9,6,1,21,82,32,201,103,233,53,283,336
139357,9,6,2,21,82,32,201,103,233,53,283,336
139357,10,7,1,22,39,31,106,61,137,53,145,198
139357,10,7,2,22,39,31,106,61,137,53,145,198
139357,11,8,1,37,41,40,111,78,151,77,152,229
139357,11,8,2,37,41,40,111,78,151,77,152,229
139357,12,9,1,11,20,28,50,31,78,39,70,109
139357,12,9,2,11,20,28,50,31,78,39,70,109
139357,13,10,1,0,3,0,3,3,3,0,6,6
139357,13,10,2,0,3,0,3,3,3,0,6,6
139366,1,412,1,1954,3258,1223,1937,5212,3160,3177,5195,8372
139366,1,112,2,1764,2944,935,1234,4708,2169,2699,4178,6877
139366,1,312,5,190,314,288,703,504,991,478,1017,1495
139366,2,999,1,1535,2612,482,690,4147,1172,2017,3302,5319
139366,2,999,2,1485,2541,465,641,4026,1106,1950,3182,5132
139366,2,999,5,50,71,17,49,121,66,67,120,187
139366,3,1,1,29,61,86,182,90,268,115,243,358
139366,3,1,2,29,61,86,182,90,268,115,243,358
139366,4,2,1,640,1096,89,129,1736,218,729,1225,1954
139366,4,2,2,640,1096,89,129,1736,218,729,1225,1954
139366,5,3,1,506,885,122,138,1391,260,628,1023,1651
139366,5,3,2,505,881,122,137,1386,259,627,1018,1645
139366,5,3,5,1,4,0,1,5,1,1,5,6
139366,6,4,1,360,570,185,241,930,426,545,811,1356
139366,6,4,2,311,503,168,193,814,361,479,696,1175
139366,6,4,5,49,67,17,48,116,65,66,115,181
139366,7,999,1,419,646,741,1247,1065,1988,1160,1893,3053
139366,7,999,2,279,403,470,593,682,1063,749,996,1745
139366,7,999,5,140,243,271,654,383,925,411,897,1308
139366,8,5,1,168,301,197,379,469,576,365,680,1045
139366,8,5,2,113,204,133,178,317,311,246,382,628
139366,8,5,5,55,97,64,201,152,265,119,298,417
139366,9,6,1,103,151,135,221,254,356,238,372,610
139366,9,6,2,71,102,91,114,173,205,162,216,378
139366,9,6,5,32,49,44,107,81,151,76,156,232
139366,10,7,1,66,80,107,208,146,315,173,288,461
139366,10,7,2,47,44,65,96,91,161,112,140,252
139366,10,7,5,19,36,42,112,55,154,61,148,209
139366,11,8,1,61,84,217,306,145,523,278,390,668
139366,11,8,2,36,40,131,134,76,265,167,174,341
139366,11,8,5,25,44,86,172,69,258,111,216,327
139366,12,9,1,20,30,75,118,50,193,95,148,243
139366,12,9,2,11,13,44,58,24,102,55,71,126
139366,12,9,5,9,17,31,60,26,91,40,77,117
139366,13,10,1,1,0,10,15,1,25,11,15,26
139366,13,10,2,1,0,6,13,1,19,7,13,20
139366,13,10,5,0,0,4,2,0,6,4,2,6
139384,1,412,1,707,1215,1668,3018,1922,4686,2375,4233,6608
139384,1,112,2,707,1215,1668,3018,1922,4686,2375,4233,6608
139384,2,999,1,492,655,1331,2013,1147,3344,1823,2668,4491
139384,2,999,2,492,655,1331,2013,1147,3344,1823,2668,4491
139384,3,1,1,36,43,604,951,79,1555,640,994,1634
139384,3,1,2,36,43,604,951,79,1555,640,994,1634
139384,4,2,1,200,203,341,462,403,803,541,665,1206
139384,4,2,2,200,203,341,462,403,803,541,665,1206
139384,5,3,1,141,194,213,277,335,490,354,471,825
139384,5,3,2,141,194,213,277,335,490,354,471,825
139384,6,4,1,115,215,173,323,330,496,288,538,826
139384,6,4,2,115,215,173,323,330,496,288,538,826
139384,7,999,1,215,560,337,1005,775,1342,552,1565,2117
139384,7,999,2,215,560,337,1005,775,1342,552,1565,2117
139384,8,5,1,91,215,136,375,306,511,227,590,817
139384,8,5,2,91,215,136,375,306,511,227,590,817
139384,9,6,1,55,132,63,253,187,316,118,385,503
139384,9,6,2,55,132,63,253,187,316,118,385,503
139384,10,7,1,22,82,45,147,104,192,67,229,296
139384,10,7,2,22,82,45,147,104,192,67,229,296
139384,11,8,1,38,97,59,142,135,201,97,239,336
139384,11,8,2,38,97,59,142,135,201,97,239,336
139384,12,9,1,8,32,32,87,40,119,40,119,159
139384,12,9,2,8,32,32,87,40,119,40,119,159
139384,13,10,1,1,2,2,1,3,3,3,3,6
139384,13,10,2,1,2,2,1,3,3,3,3,6
139393,1,412,1,380,462,38,31,842,69,418,493,911
139393,1,112,2,363,438,37,27,801,64,400,465,865
139393,1,312,5,17,24,1,4,41,5,18,28,46
139393,2,999,1,364,442,36,25,806,61,400,467,867
139393,2,999,2,360,435,36,25,795,61,396,460,856
139393,2,999,5,4,7,0,0,11,0,4,7,11
139393,3,1,1,1,5,11,8,6,19,12,13,25
139393,3,1,2,1,5,11,8,6,19,12,13,25
139393,4,2,1,141,165,10,9,306,19,151,174,325
139393,4,2,2,141,165,10,9,306,19,151,174,325
139393,5,3,1,167,223,10,5,390,15,177,228,405
139393,5,3,2,167,223,10,5,390,15,177,228,405
139393,6,4,1,55,49,5,3,104,8,60,52,112
139393,6,4,2,51,42,5,3,93,8,56,45,101
139393,6,4,5,4,7,0,0,11,0,4,7,11
139393,7,999,1,16,20,2,6,36,8,18,26,44
139393,7,999,2,3,3,1,2,6,3,4,5,9
139393,7,999,5,13,17,1,4,30,5,14,21,35
139393,8,5,1,3,10,1,2,13,3,4,12,16
139393,8,5,2,2,3,1,2,5,3,3,5,8
139393,8,5,5,1,7,0,0,8,0,1,7,8
139393,9,6,1,5,1,0,2,6,2,5,3,8
139393,9,6,5,5,1,0,2,6,2,5,3,8
139393,10,7,1,1,1,1,0,2,1,2,1,3
139393,10,7,5,1,1,1,0,2,1,2,1,3
139393,11,8,1,5,4,0,1,9,1,5,5,10
139393,11,8,2,1,0,0,0,1,0,1,0,1
139393,11,8,5,4,4,0,1,8,1,4,5,9
139393,12,9,1,2,4,0,1,6,1,2,5,7
139393,12,9,5,2,4,0,1,6,1,2,5,7
139463,1,412,1,1090,1847,678,1179,2937,1857,1768,3026,4794
139463,1,112,2,1090,1847,678,1179,2937,1857,1768,3026,4794
139463,2,999,1,957,1653,523,889,2610,1412,1480,2542,4022
139463,2,999,2,957,1653,523,889,2610,1412,1480,2542,4022
139463,3,1,1,31,47,87,172,78,259,118,219,337
139463,3,1,2,31,47,87,172,78,259,118,219,337
139463,4,2,1,421,791,126,180,1212,306,547,971,1518
139463,4,2,2,421,791,126,180,1212,306,547,971,1518
139463,5,3,1,277,506,140,263,783,403,417,769,1186
139463,5,3,2,277,506,140,263,783,403,417,769,1186
139463,6,4,1,228,309,170,274,537,444,398,583,981
139463,6,4,2,228,309,170,274,537,444,398,583,981
139463,7,999,1,133,194,155,290,327,445,288,484,772
139463,7,999,2,133,194,155,290,327,445,288,484,772
139463,8,5,1,94,105,89,139,199,228,183,244,427
139463,8,5,2,94,105,89,139,199,228,183,244,427
139463,9,6,1,17,42,32,47,59,79,49,89,138
139463,9,6,2,17,42,32,47,59,79,49,89,138
139463,10,7,1,9,27,12,34,36,46,21,61,82
139463,10,7,2,9,27,12,34,36,46,21,61,82
139463,11,8,1,10,18,16,56,28,72,26,74,100
139463,11,8,2,10,18,16,56,28,72,26,74,100
139463,12,9,1,3,2,5,13,5,18,8,15,23
139463,12,9,2,3,2,5,13,5,18,8,15,23
139463,13,10,1,0,0,1,1,0,2,1,1,2
139463,13,10,2,0,0,1,1,0,2,1,1,2
139621,1,412,1,575,909,347,584,1484,931,922,1493,2415
139621,1,112,2,575,909,347,584,1484,931,922,1493,2415
139621,2,999,1,553,860,298,475,1413,773,851,1335,2186
139621,2,999,2,553,860,298,475,1413,773,851,1335,2186
139621,3,1,1,3,16,73,196,19,269,76,212,288
139621,3,1,2,3,16,73,196,19,269,76,212,288
139621,4,2,1,323,545,107,121,868,228,430,666,1096
139621,4,2,2,323,545,107,121,868,228,430,666,1096
139621,5,3,1,183,243,91,109,426,200,274,352,626
139621,5,3,2,183,243,91,109,426,200,274,352,626
139621,6,4,1,44,56,27,49,100,76,71,105,176
139621,6,4,2,44,56,27,49,100,76,71,105,176
139621,7,999,1,22,49,49,109,71,158,71,158,229
139621,7,999,2,22,49,49,109,71,158,71,158,229
139621,8,5,1,13,24,17,35,37,52,30,59,89
139621,8,5,2,13,24,17,35,37,52,30,59,89
139621,9,6,1,4,7,10,30,11,40,14,37,51
139621,9,6,2,4,7,10,30,11,40,14,37,51
139621,10,7,1,2,4,8,15,6,23,10,19,29
139621,10,7,2,2,4,8,15,6,23,10,19,29
139621,11,8,1,3,13,11,21,16,32,14,34,48
139621,11,8,2,3,13,11,21,16,32,14,34,48
139621,12,9,1,0,1,2,8,1,10,2,9,11
139621,12,9,2,0,1,2,8,1,10,2,9,11
139621,13,10,1,0,0,1,0,0,1,1,0,1
139621,13,10,2,0,0,1,0,0,1,1,0,1
139630,1,412,1,434,339,51,59,773,110,485,398,883
139630,1,112,2,434,339,51,59,773,110,485,398,883
139630,2,999,1,415,323,49,55,738,104,464,378,842
139630,2,999,2,415,323,49,55,738,104,464,378,842
139630,3,1,1,6,4,13,16,10,29,19,20,39
139630,3,1,2,6,4,13,16,10,29,19,20,39
139630,4,2,1,131,103,31,33,234,64,162,136,298
139630,4,2,2,131,103,31,33,234,64,162,136,298
139630,5,3,1,177,145,3,2,322,5,180,147,327
139630,5,3,2,177,145,3,2,322,5,180,147,327
139630,6,4,1,101,71,2,4,172,6,103,75,178
139630,6,4,2,101,71,2,4,172,6,103,75,178
139630,7,999,1,19,16,2,4,35,6,21,20,41
139630,7,999,2,19,16,2,4,35,6,21,20,41
139630,8,5,1,13,10,1,1,23,2,14,11,25
139630,8,5,2,13,10,1,1,23,2,14,11,25
139630,9,6,1,2,3,0,2,5,2,2,5,7
139630,9,6,2,2,3,0,2,5,2,2,5,7
139630,10,7,1,2,2,0,0,4,0,2,2,4
139630,10,7,2,2,2,0,0,4,0,2,2,4
139630,11,8,1,1,0,0,1,1,1,1,1,2
139630,11,8,2,1,0,0,1,1,1,1,1,2
139630,12,9,1,1,1,1,0,2,1,2,1,3
139630,12,9,2,1,1,1,0,2,1,2,1,3
139658,1,412,1,4932,7797,555,713,12729,1268,5487,8510,13997
139658,1,112,2,2765,4049,88,108,6814,196,2853,4157,7010
139658,1,312,5,2167,3748,467,605,5915,1072,2634,4353,6987
139658,2,999,1,3290,5404,108,156,8694,264,3398,5560,8958
139658,2,999,2,2698,3869,75,94,6567,169,2773,3963,6736
139658,2,999,5,592,1535,33,62,2127,95,625,1597,2222
139658,3,1,1,50,64,0,0,114,0,50,64,114
139658,3,1,2,50,64,0,0,114,0,50,64,114
139658,4,2,1,1029,1474,9,13,2503,22,1038,1487,2525
139658,4,2,2,1029,1474,9,13,2503,22,1038,1487,2525
139658,5,3,1,1378,2063,39,52,3441,91,1417,2115,3532
139658,5,3,2,1362,1995,38,52,3357,90,1400,2047,3447
139658,5,3,5,16,68,1,0,84,1,17,68,85
139658,6,4,1,833,1803,60,91,2636,151,893,1894,2787
139658,6,4,2,257,336,28,29,593,57,285,365,650
139658,6,4,5,576,1467,32,62,2043,94,608,1529,2137
139658,7,999,1,1642,2393,447,557,4035,1004,2089,2950,5039
139658,7,999,2,67,180,13,14,247,27,80,194,274
139658,7,999,5,1575,2213,434,543,3788,977,2009,2756,4765
139658,8,5,1,999,1683,179,197,2682,376,1178,1880,3058
139658,8,5,2,40,118,10,10,158,20,50,128,178
139658,8,5,5,959,1565,169,187,2524,356,1128,1752,2880
139658,9,6,1,414,425,119,124,839,243,533,549,1082
139658,9,6,2,14,33,1,2,47,3,15,35,50
139658,9,6,5,400,392,118,122,792,240,518,514,1032
139658,10,7,1,125,148,52,82,273,134,177,230,407
139658,10,7,2,6,13,0,1,19,1,6,14,20
139658,10,7,5,119,135,52,81,254,133,171,216,387
139658,11,8,1,76,97,64,91,173,155,140,188,328
139658,11,8,2,6,9,1,0,15,1,7,9,16
139658,11,8,5,70,88,63,91,158,154,133,179,312
139658,12,9,1,25,39,29,58,64,87,54,97,151
139658,12,9,2,1,7,1,1,8,2,2,8,10
139658,12,9,5,24,32,28,57,56,85,52,89,141
139658,13,10,1,3,1,4,5,4,9,7,6,13
139658,13,10,5,3,1,4,5,4,9,7,6,13
139700,1,412,1,868,1390,1169,2253,2258,3422,2037,3643,5680
139700,1,112,2,868,1390,1169,2253,2258,3422,2037,3643,5680
139700,2,999,1,780,1135,922,1583,1915,2505,1702,2718,4420
139700,2,999,2,780,1135,922,1583,1915,2505,1702,2718,4420
139700,3,1,1,17,24,147,275,41,422,164,299,463
139700,3,1,2,17,24,147,275,41,422,164,299,463
139700,4,2,1,387,550,248,420,937,668,635,970,1605
139700,4,2,2,387,550,248,420,937,668,635,970,1605
139700,5,3,1,261,342,319,500,603,819,580,842,1422
139700,5,3,2,261,342,319,500,603,819,580,842,1422
139700,6,4,1,115,219,208,388,334,596,323,607,930
139700,6,4,2,115,219,208,388,334,596,323,607,930
139700,7,999,1,88,255,247,670,343,917,335,925,1260
139700,7,999,2,88,255,247,670,343,917,335,925,1260
139700,8,5,1,53,124,116,294,177,410,169,418,587
139700,8,5,2,53,124,116,294,177,410,169,418,587
139700,9,6,1,20,50,47,131,70,178,67,181,248
139700,9,6,2,20,50,47,131,70,178,67,181,248
139700,10,7,1,9,35,26,103,44,129,35,138,173
139700,10,7,2,9,35,26,103,44,129,35,138,173
139700,11,8,1,4,38,37,91,42,128,41,129,170
139700,11,8,2,4,38,37,91,42,128,41,129,170
139700,12,9,1,1,8,19,47,9,66,20,55,75
139700,12,9,2,1,8,19,47,9,66,20,55,75
139700,13,10,1,1,0,2,4,1,6,3,4,7
139700,13,10,2,1,0,2,4,1,6,3,4,7
139719,1,412,1,921,1610,200,348,2531,548,1121,1958,3079
139719,1,112,2,892,1527,163,212,2419,375,1055,1739,2794
139719,1,312,5,29,83,37,136,112,173,66,219,285
139719,2,999,1,798,1355,99,113,2153,212,897,1468,2365
139719,2,999,2,787,1335,95,105,2122,200,882,1440,2322
139719,2,999,5,11,20,4,8,31,12,15,28,43
139719,3,1,1,1,8,8,13,9,21,9,21,30
139719,3,1,2,1,8,8,13,9,21,9,21,30
139719,4,2,1,358,618,29,25,976,54,387,643,1030
139719,4,2,2,358,618,29,25,976,54,387,643,1030
139719,5,3,1,271,492,22,30,763,52,293,522,815
139719,5,3,2,271,491,22,29,762,51,293,520,813
139719,5,3,5,0,1,0,1,1,1,0,2,2
139719,6,4,1,168,237,40,45,405,85,208,282,490
139719,6,4,2,157,218,36,38,375,74,193,256,449
139719,6,4,5,11,19,4,7,30,11,15,26,41
139719,7,999,1,60,143,73,186,203,259,133,329,462
139719,7,999,2,42,80,40,58,122,98,82,138,220
139719,7,999,5,18,63,33,128,81,161,51,191,242
139719,8,5,1,34,60,34,59,94,93,68,119,187
139719,8,5,2,22,30,18,14,52,32,40,44,84
139719,8,5,5,12,30,16,45,42,61,28,75,103
139719,9,6,1,11,35,9,35,46,44,20,70,90
139719,9,6,2,9,26,4,15,35,19,13,41,54
139719,9,6,5,2,9,5,20,11,25,7,29,36
139719,10,7,1,3,18,7,21,21,28,10,39,49
139719,10,7,2,2,8,5,2,10,7,7,10,17
139719,10,7,5,1,10,2,19,11,21,3,29,32
139719,11,8,1,8,15,14,38,23,52,22,53,75
139719,11,8,2,6,10,8,13,16,21,14,23,37
139719,11,8,5,2,5,6,25,7,31,8,30,38
139719,12,9,1,3,15,5,29,18,34,8,44,52
139719,12,9,2,2,6,2,12,8,14,4,18,22
139719,12,9,5,1,9,3,17,10,20,4,26,30
139719,13,10,1,1,0,4,4,1,8,5,4,9
139719,13,10,2,1,0,3,2,1,5,4,2,6
139719,13,10,5,0,0,1,2,0,3,1,2,3
139719,14,11,1,63,112,28,49,175,77,91,161,252
139719,14,11,2,63,112,28,49,175,77,91,161,252
139755,1,412,1,12968,7930,14514,4359,20898,18873,27482,12289,39771
139755,1,112,2,8676,5809,1374,702,14485,2076,10050,6511,16561
139755,1,312,5,4292,2121,13140,3657,6413,16797,17432,5778,23210
139755,2,999,1,10167,6620,2679,1172,16787,3851,12846,7792,20638
139755,2,999,2,8504,5750,1236,655,14254,1891,9740,6405,16145
139755,2,999,5,1663,870,1443,517,2533,1960,3106,1387,4493
139755,3,1,1,112,68,418,161,180,579,530,229,759
139755,3,1,2,112,68,418,161,180,579,530,229,759
139755,4,2,1,3534,2566,141,78,6100,219,3675,2644,6319
139755,4,2,2,3531,2565,138,77,6096,215,3669,2642,6311
139755,4,2,5,3,1,3,1,4,4,6,2,8
139755,5,3,1,3822,2527,270,184,6349,454,4092,2711,6803
139755,5,3,2,3720,2477,240,169,6197,409,3960,2646,6606
139755,5,3,5,102,50,30,15,152,45,132,65,197
139755,6,4,1,2699,1459,1850,749,4158,2599,4549,2208,6757
139755,6,4,2,1141,640,440,248,1781,688,1581,888,2469
139755,6,4,5,1558,819,1410,501,2377,1911,2968,1320,4288
139755,7,999,1,2799,1310,11828,3186,4109,15014,14627,4496,19123
139755,7,999,2,170,59,131,46,229,177,301,105,406
139755,7,999,5,2629,1251,11697,3140,3880,14837,14326,4391,18717
139755,8,5,1,1897,904,4682,1508,2801,6190,6579,2412,8991
139755,8,5,2,128,41,68,29,169,97,196,70,266
139755,8,5,5,1769,863,4614,1479,2632,6093,6383,2342,8725
139755,9,6,1,596,255,3175,870,851,4045,3771,1125,4896
139755,9,6,2,30,14,29,8,44,37,59,22,81
139755,9,6,5,566,241,3146,862,807,4008,3712,1103,4815
139755,10,7,1,173,85,1922,421,258,2343,2095,506,2601
139755,10,7,2,7,3,12,3,10,15,19,6,25
139755,10,7,5,166,82,1910,418,248,2328,2076,500,2576
139755,11,8,1,96,58,1537,292,154,1829,1633,350,1983
139755,11,8,2,3,1,4,1,4,5,7,2,9
139755,11,8,5,93,57,1533,291,150,1824,1626,348,1974
139755,12,9,1,33,7,479,84,40,563,512,91,603
139755,12,9,2,2,0,9,0,2,9,11,0,11
139755,12,9,5,31,7,470,84,38,554,501,91,592
139755,13,10,1,4,1,33,11,5,44,37,12,49
139755,13,10,2,0,0,9,5,0,14,9,5,14
139755,13,10,5,4,1,24,6,5,30,28,7,35
139755,14,11,1,2,0,7,1,2,8,9,1,10
139755,14,11,2,2,0,7,1,2,8,9,1,10
139764,1,412,1,641,1345,422,754,1986,1176,1063,2099,3162
139764,1,112,2,597,1086,355,596,1683,951,952,1682,2634
139764,1,312,5,44,259,67,158,303,225,111,417,528
139764,2,999,1,556,1019,264,352,1575,616,820,1371,2191
139764,2,999,2,548,973,256,341,1521,597,804,1314,2118
139764,2,999,5,8,46,8,11,54,19,16,57,73
139764,3,1,1,10,7,96,167,17,263,106,174,280
139764,3,1,2,10,7,96,167,17,263,106,174,280
139764,4,2,1,219,449,86,66,668,152,305,515,820
139764,4,2,2,219,449,86,66,668,152,305,515,820
139764,5,3,1,187,354,38,53,541,91,225,407,632
139764,5,3,2,187,353,38,53,540,91,225,406,631
139764,5,3,5,0,1,0,0,1,0,0,1,1
139764,6,4,1,140,209,44,66,349,110,184,275,459
139764,6,4,2,132,164,36,55,296,91,168,219,387
139764,6,4,5,8,45,8,11,53,19,16,56,72
139764,7,999,1,85,326,158,402,411,560,243,728,971
139764,7,999,2,49,113,99,255,162,354,148,368,516
139764,7,999,5,36,213,59,147,249,206,95,360,455
139764,8,5,1,40,105,49,108,145,157,89,213,302
139764,8,5,2,27,51,36,71,78,107,63,122,185
139764,8,5,5,13,54,13,37,67,50,26,91,117
139764,9,6,1,15,67,39,85,82,124,54,152,206
139764,9,6,2,11,26,25,53,37,78,36,79,115
139764,9,6,5,4,41,14,32,45,46,18,73,91
139764,10,7,1,13,51,30,67,64,97,43,118,161
139764,10,7,2,8,14,17,43,22,60,25,57,82
139764,10,7,5,5,37,13,24,42,37,18,61,79
139764,11,8,1,15,81,26,95,96,121,41,176,217
139764,11,8,2,2,19,15,61,21,76,17,80,97
139764,11,8,5,13,62,11,34,75,45,24,96,120
139764,12,9,1,2,22,12,44,24,56,14,66,80
139764,12,9,2,1,3,5,25,4,30,6,28,34
139764,12,9,5,1,19,7,19,20,26,8,38,46
139764,13,10,1,0,0,2,3,0,5,2,3,5
139764,13,10,2,0,0,1,2,0,3,1,2,3
139764,13,10,5,0,0,1,1,0,2,1,1,2
139861,1,412,1,1898,3631,478,866,5529,1344,2376,4497,6873
139861,1,112,2,1782,3385,204,234,5167,438,1986,3619,5605
139861,1,312,5,116,246,274,632,362,906,390,878,1268
139861,2,999,1,1804,3471,224,307,5275,531,2028,3778,5806
139861,2,999,2,1762,3368,189,216,5130,405,1951,3584,5535
139861,2,999,5,42,103,35,91,145,126,77,194,271
139861,3,1,1,3,14,20,17,17,37,23,31,54
139861,3,1,2,3,14,20,17,17,37,23,31,54
139861,4,2,1,747,1604,23,40,2351,63,770,1644,2414
139861,4,2,2,747,1604,23,40,2351,63,770,1644,2414
139861,5,3,1,778,1486,76,98,2264,174,854,1584,2438
139861,5,3,2,777,1482,75,96,2259,171,852,1578,2430
139861,5,3,5,1,4,1,2,5,3,2,6,8
139861,6,4,1,276,367,105,152,643,257,381,519,900
139861,6,4,2,235,268,71,63,503,134,306,331,637
139861,6,4,5,41,99,34,89,140,123,75,188,263
139861,7,999,1,94,160,254,559,254,813,348,719,1067
139861,7,999,2,20,17,15,18,37,33,35,35,70
139861,7,999,5,74,143,239,541,217,780,313,684,997
139861,8,5,1,53,67,100,162,120,262,153,229,382
139861,8,5,2,16,11,10,7,27,17,26,18,44
139861,8,5,5,37,56,90,155,93,245,127,211,338
139861,9,6,1,11,24,53,98,35,151,64,122,186
139861,9,6,2,1,5,1,1,6,2,2,6,8
139861,9,6,5,10,19,52,97,29,149,62,116,178
139861,10,7,1,15,29,36,89,44,125,51,118,169
139861,10,7,2,3,0,0,1,3,1,3,1,4
139861,10,7,5,12,29,36,88,41,124,48,117,165
139861,11,8,1,11,32,43,147,43,190,54,179,233
139861,11,8,2,0,1,2,2,1,4,2,3,5
139861,11,8,5,11,31,41,145,42,186,52,176,228
139861,12,9,1,3,8,19,54,11,73,22,62,84
139861,12,9,2,0,0,2,2,0,4,2,2,4
139861,12,9,5,3,8,17,52,11,69,20,60,80
139861,13,10,1,1,0,3,9,1,12,4,9,13
139861,13,10,2,0,0,0,5,0,5,0,5,5
139861,13,10,5,1,0,3,4,1,7,4,4,8
139931,1,412,1,8630,12223,2273,3823,20853,6096,10903,16046,26949
139931,1,112,2,8252,11201,1734,2282,19453,4016,9986,13483,23469
139931,1,312,5,378,1022,539,1541,1400,2080,917,2563,3480
139931,2,999,1,7839,10873,1385,1698,18712,3083,9224,12571,21795
139931,2,999,2,7652,10376,1304,1499,18028,2803,8956,11875,20831
139931,2,999,5,187,497,81,199,684,280,268,696,964
139931,3,1,1,33,130,275,493,163,768,308,623,931
139931,3,1,2,33,130,275,493,163,768,308,623,931
139931,4,2,1,3172,4759,202,250,7931,452,3374,5009,8383
139931,4,2,2,3172,4759,202,250,7931,452,3374,5009,8383
139931,5,3,1,2869,3948,352,334,6817,686,3221,4282,7503
139931,5,3,2,2861,3917,352,328,6778,680,3213,4245,7458
139931,5,3,5,8,31,0,6,39,6,8,37,45
139931,6,4,1,1765,2036,556,621,3801,1177,2321,2657,4978
139931,6,4,2,1586,1570,475,428,3156,903,2061,1998,4059
139931,6,4,5,179,466,81,193,645,274,260,659,919
139931,7,999,1,791,1350,888,2125,2141,3013,1679,3475,5154
139931,7,999,2,600,825,430,783,1425,1213,1030,1608,2638
139931,7,999,5,191,525,458,1342,716,1800,649,1867,2516
139931,8,5,1,492,719,344,745,1211,1089,836,1464,2300
139931,8,5,2,370,444,183,290,814,473,553,734,1287
139931,8,5,5,122,275,161,455,397,616,283,730,1013
139931,9,6,1,159,297,184,412,456,596,343,709,1052
139931,9,6,2,122,185,84,159,307,243,206,344,550
139931,9,6,5,37,112,100,253,149,353,137,365,502
139931,10,7,1,66,148,121,351,214,472,187,499,686
139931,10,7,2,49,88,55,126,137,181,104,214,318
139931,10,7,5,17,60,66,225,77,291,83,285,368
139931,11,8,1,59,135,154,397,194,551,213,532,745
139931,11,8,2,48,85,63,127,133,190,111,212,323
139931,11,8,5,11,50,91,270,61,361,102,320,422
139931,12,9,1,9,49,52,185,58,237,61,234,295
139931,12,9,2,8,23,20,55,31,75,28,78,106
139931,12,9,5,1,26,32,130,27,162,33,156,189
139931,13,10,1,6,2,33,35,8,68,39,37,76
139931,13,10,2,3,0,25,26,3,51,28,26,54
139931,13,10,5,3,2,8,9,5,17,11,11,22
139940,1,412,1,10997,16830,3349,5184,27827,8533,14346,22014,36360
139940,1,112,2,8918,13438,2627,3804,22356,6431,11545,17242,28787
139940,1,312,5,2079,3392,722,1380,5471,2102,2801,4772,7573
139940,2,999,1,8619,13329,1784,2462,21948,4246,10403,15791,26194
139940,2,999,2,8067,12156,1717,2344,20223,4061,9784,14500,24284
139940,2,999,5,552,1173,67,118,1725,185,619,1291,1910
139940,3,1,1,76,177,95,192,253,287,171,369,540
139940,3,1,2,76,177,95,192,253,287,171,369,540
139940,4,2,1,3395,5144,290,348,8539,638,3685,5492,9177
139940,4,2,2,3395,5143,290,348,8538,638,3685,5491,9176
139940,4,2,5,0,1,0,0,1,0,0,1,1
139940,5,3,1,3008,4538,568,740,7546,1308,3576,5278,8854
139940,5,3,2,2987,4491,563,739,7478,1302,3550,5230,8780
139940,5,3,5,21,47,5,1,68,6,26,48,74
139940,6,4,1,2140,3470,831,1182,5610,2013,2971,4652,7623
139940,6,4,2,1609,2345,769,1065,3954,1834,2378,3410,5788
139940,6,4,5,531,1125,62,117,1656,179,593,1242,1835
139940,7,999,1,2378,3501,1565,2722,5879,4287,3943,6223,10166
139940,7,999,2,851,1282,910,1460,2133,2370,1761,2742,4503
139940,7,999,5,1527,2219,655,1262,3746,1917,2182,3481,5663
139940,8,5,1,1309,1906,690,1042,3215,1732,1999,2948,4947
139940,8,5,2,581,807,498,660,1388,1158,1079,1467,2546
139940,8,5,5,728,1099,192,382,1827,574,920,1481,2401
139940,9,6,1,540,770,307,539,1310,846,847,1309,2156
139940,9,6,2,159,234,156,291,393,447,315,525,840
139940,9,6,5,381,536,151,248,917,399,532,784,1316
139940,10,7,1,229,345,188,344,574,532,417,689,1106
139940,10,7,2,59,100,82,156,159,238,141,256,397
139940,10,7,5,170,245,106,188,415,294,276,433,709
139940,11,8,1,203,353,192,443,556,635,395,796,1191
139940,11,8,2,40,110,75,181,150,256,115,291,406
139940,11,8,5,163,243,117,262,406,379,280,505,785
139940,12,9,1,86,114,120,260,200,380,206,374,580
139940,12,9,2,10,26,52,110,36,162,62,136,198
139940,12,9,5,76,88,68,150,164,218,144,238,382
139940,13,10,1,11,13,68,94,24,162,79,107,186
139940,13,10,2,2,5,47,62,7,109,49,67,116
139940,13,10,5,9,8,21,32,17,53,30,40,70
139959,1,412,1,14449,20502,1808,2388,34951,4196,16257,22890,39147
139959,1,112,2,11595,16293,966,911,27888,1877,12561,17204,29765
139959,1,312,5,2854,4209,842,1477,7063,2319,3696,5686,9382
139959,2,999,1,12324,17973,868,963,30297,1831,13192,18936,32128
139959,2,999,2,11359,16128,796,774,27487,1570,12155,16902,29057
139959,2,999,5,965,1845,72,189,2810,261,1037,2034,3071
139959,3,1,1,29,61,17,26,90,43,46,87,133
139959,3,1,2,29,61,17,26,90,43,46,87,133
139959,4,2,1,3825,6502,52,69,10327,121,3877,6571,10448
139959,4,2,2,3825,6500,52,69,10325,121,3877,6569,10446
139959,4,2,5,0,2,0,0,2,0,0,2,2
139959,5,3,1,5478,8084,280,307,13562,587,5758,8391,14149
139959,5,3,2,5420,7904,277,300,13324,577,5697,8204,13901
139959,5,3,5,58,180,3,7,238,10,61,187,248
139959,6,4,1,2992,3326,519,561,6318,1080,3511,3887,7398
139959,6,4,2,2085,1663,450,379,3748,829,2535,2042,4577
139959,6,4,5,907,1663,69,182,2570,251,976,1845,2821
139959,7,999,1,2125,2529,940,1425,4654,2365,3065,3954,7019
139959,7,999,2,236,165,170,137,401,307,406,302,708
139959,7,999,5,1889,2364,770,1288,4253,2058,2659,3652,6311
139959,8,5,1,1249,1596,328,462,2845,790,1577,2058,3635
139959,8,5,2,180,113,96,67,293,163,276,180,456
139959,8,5,5,1069,1483,232,395,2552,627,1301,1878,3179
139959,9,6,1,532,532,227,306,1064,533,759,838,1597
139959,9,6,2,38,25,29,20,63,49,67,45,112
139959,9,6,5,494,507,198,286,1001,484,692,793,1485
139959,10,7,1,189,192,142,210,381,352,331,402,733
139959,10,7,2,6,11,12,12,17,24,18,23,41
139959,10,7,5,183,181,130,198,364,328,313,379,692
139959,11,8,1,115,161,152,289,276,441,267,450,717
139959,11,8,2,9,9,13,17,18,30,22,26,48
139959,11,8,5,106,152,139,272,258,411,245,424,669
139959,12,9,1,38,45,68,143,83,211,106,188,294
139959,12,9,2,2,5,7,13,7,20,9,18,27
139959,12,9,5,36,40,61,130,76,191,97,170,267
139959,13,10,1,2,3,23,15,5,38,25,18,43
139959,13,10,2,1,2,13,8,3,21,14,10,24
139959,13,10,5,1,1,10,7,2,17,11,8,19
139968,1,412,1,638,1218,443,932,1856,1375,1081,2150,3231
139968,1,112,2,638,1218,443,932,1856,1375,1081,2150,3231
139968,2,999,1,600,1070,368,706,1670,1074,968,1776,2744
139968,2,999,2,600,1070,368,706,1670,1074,968,1776,2744
139968,3,1,1,10,34,137,277,44,414,147,311,458
139968,3,1,2,10,34,137,277,44,414,147,311,458
139968,4,2,1,347,495,99,119,842,218,446,614,1060
139968,4,2,2,347,495,99,119,842,218,446,614,1060
139968,5,3,1,175,369,69,162,544,231,244,531,775
139968,5,3,2,175,369,69,162,544,231,244,531,775
139968,6,4,1,68,172,63,148,240,211,131,320,451
139968,6,4,2,68,172,63,148,240,211,131,320,451
139968,7,999,1,38,148,75,226,186,301,113,374,487
139968,7,999,2,38,148,75,226,186,301,113,374,487
139968,8,5,1,25,65,33,80,90,113,58,145,203
139968,8,5,2,25,65,33,80,90,113,58,145,203
139968,9,6,1,3,27,9,48,30,57,12,75,87
139968,9,6,2,3,27,9,48,30,57,12,75,87
139968,10,7,1,5,18,9,33,23,42,14,51,65
139968,10,7,2,5,18,9,33,23,42,14,51,65
139968,11,8,1,5,26,15,38,31,53,20,64,84
139968,11,8,2,5,26,15,38,31,53,20,64,84
139968,12,9,1,0,12,3,19,12,22,3,31,34
139968,12,9,2,0,12,3,19,12,22,3,31,34
139968,13,10,1,0,0,6,8,0,14,6,8,14
139968,13,10,2,0,0,6,8,0,14,6,8,14
139986,1,412,1,383,950,1074,2825,1333,3899,1457,3775,5232
139986,1,112,2,383,950,1074,2825,1333,3899,1457,3775,5232
139986,2,999,1,255,458,787,1496,713,2283,1042,1954,2996
139986,2,999,2,255,458,787,1496,713,2283,1042,1954,2996
139986,3,1,1,13,38,265,550,51,815,278,588,866
139986,3,1,2,13,38,265,550,51,815,278,588,866
139986,4,2,1,108,123,229,336,231,565,337,459,796
139986,4,2,2,108,123,229,336,231,565,337,459,796
139986,5,3,1,88,137,167,275,225,442,255,412,667
139986,5,3,2,88,137,167,275,225,442,255,412,667
139986,6,4,1,46,160,126,335,206,461,172,495,667
139986,6,4,2,46,160,126,335,206,461,172,495,667
139986,7,999,1,128,492,287,1329,620,1616,415,1821,2236
139986,7,999,2,128,492,287,1329,620,1616,415,1821,2236
139986,8,5,1,49,157,93,363,206,456,142,520,662
139986,8,5,2,49,157,93,363,206,456,142,520,662
139986,9,6,1,31,121,48,298,152,346,79,419,498
139986,9,6,2,31,121,48,298,152,346,79,419,498
139986,10,7,1,17,91,58,220,108,278,75,311,386
139986,10,7,2,17,91,58,220,108,278,75,311,386
139986,11,8,1,20,82,52,313,102,365,72,395,467
139986,11,8,2,20,82,52,313,102,365,72,395,467
139986,12,9,1,10,40,31,129,50,160,41,169,210
139986,12,9,2,10,40,31,129,50,160,41,169,210
139986,13,10,1,1,1,5,6,2,11,6,7,13
139986,13,10,2,1,1,5,6,2,11,6,7,13
140012,1,412,1,880,931,2516,4249,1811,6765,3396,5180,8576
140012,1,112,2,880,931,2516,4249,1811,6765,3396,5180,8576
140012,2,999,1,579,530,1703,2386,1109,4089,2282,2916,5198
140012,2,999,2,579,530,1703,2386,1109,4089,2282,2916,5198
140012,3,1,1,38,65,432,845,103,1277,470,910,1380
140012,3,1,2,38,65,432,845,103,1277,470,910,1380
140012,4,2,1,199,156,419,555,355,974,618,711,1329
140012,4,2,2,199,156,419,555,355,974,618,711,1329
140012,5,3,1,172,160,410,423,332,833,582,583,1165
140012,5,3,2,172,160,410,423,332,833,582,583,1165
140012,6,4,1,170,149,442,563,319,1005,612,712,1324
140012,6,4,2,170,149,442,563,319,1005,612,712,1324
140012,7,999,1,301,401,813,1863,702,2676,1114,2264,3378
140012,7,999,2,301,401,813,1863,702,2676,1114,2264,3378
140012,8,5,1,129,172,346,636,301,982,475,808,1283
140012,8,5,2,129,172,346,636,301,982,475,808,1283
140012,9,6,1,65,106,158,415,171,573,223,521,744
140012,9,6,2,65,106,158,415,171,573,223,521,744
140012,10,7,1,48,53,120,298,101,418,168,351,519
140012,10,7,2,48,53,120,298,101,418,168,351,519
140012,11,8,1,45,53,124,363,98,487,169,416,585
140012,11,8,2,45,53,124,363,98,487,169,416,585
140012,12,9,1,14,17,56,142,31,198,70,159,229
140012,12,9,2,14,17,56,142,31,198,70,159,229
140012,13,10,1,0,0,9,9,0,18,9,9,18
140012,13,10,2,0,0,9,9,0,18,9,9,18
140146,1,412,1,79,75,76,55,154,131,155,130,285
140146,1,312,5,79,75,76,55,154,131,155,130,285
140146,2,999,1,4,2,2,0,6,2,6,2,8
140146,2,999,5,4,2,2,0,6,2,6,2,8
140146,6,4,1,4,2,2,0,6,2,6,2,8
140146,6,4,5,4,2,2,0,6,2,6,2,8
140146,7,999,1,75,73,73,54,148,127,148,127,275
140146,7,999,5,75,73,73,54,148,127,148,127,275
140146,8,5,1,11,4,6,3,15,9,17,7,24
140146,8,5,5,11,4,6,3,15,9,17,7,24
140146,9,6,1,11,3,7,3,14,10,18,6,24
140146,9,6,5,11,3,7,3,14,10,18,6,24
140146,10,7,1,8,4,6,5,12,11,14,9,23
140146,10,7,5,8,4,6,5,12,11,14,9,23
140146,11,8,1,19,16,24,12,35,36,43,28,71
140146,11,8,5,19,16,24,12,35,36,43,28,71
140146,12,9,1,23,38,25,24,61,49,48,62,110
140146,12,9,5,23,38,25,24,61,49,48,62,110
140146,13,10,1,3,8,5,7,11,12,8,15,23
140146,13,10,5,3,8,5,7,11,12,8,15,23
140146,14,11,1,0,0,1,1,0,2,1,1,2
140146,14,11,5,0,0,1,1,0,2,1,1,2
140234,1,412,1,401,409,17,27,810,44,418,436,854
140234,1,112,2,369,351,11,19,720,30,380,370,750
140234,1,312,5,32,58,6,8,90,14,38,66,104
140234,2,999,1,374,340,10,6,714,16,384,346,730
140234,2,999,2,360,324,8,6,684,14,368,330,698
140234,2,999,5,14,16,2,0,30,2,16,16,32
140234,3,1,1,2,3,3,4,5,7,5,7,12
140234,3,1,2,2,3,3,4,5,7,5,7,12
140234,4,2,1,198,119,1,0,317,1,199,119,318
140234,4,2,2,198,119,1,0,317,1,199,119,318
140234,5,3,1,123,155,1,0,278,1,124,155,279
140234,5,3,2,123,154,1,0,277,1,124,154,278
140234,5,3,5,0,1,0,0,1,0,0,1,1
140234,6,4,1,51,63,5,2,114,7,56,65,121
140234,6,4,2,37,48,3,2,85,5,40,50,90
140234,6,4,5,14,15,2,0,29,2,16,15,31
140234,7,999,1,27,69,7,21,96,28,34,90,124
140234,7,999,2,9,27,3,13,36,16,12,40,52
140234,7,999,5,18,42,4,8,60,12,22,50,72
140234,8,5,1,14,25,2,5,39,7,16,30,46
140234,8,5,2,7,12,2,3,19,5,9,15,24
140234,8,5,5,7,13,0,2,20,2,7,15,22
140234,9,6,1,5,8,0,2,13,2,5,10,15
140234,9,6,2,1,5,0,2,6,2,1,7,8
140234,9,6,5,4,3,0,0,7,0,4,3,7
140234,10,7,1,3,16,2,6,19,8,5,22,27
140234,10,7,2,1,6,1,4,7,5,2,10,12
140234,10,7,5,2,10,1,2,12,3,3,12,15
140234,11,8,1,5,17,2,6,22,8,7,23,30
140234,11,8,2,0,3,0,3,3,3,0,6,6
140234,11,8,5,5,14,2,3,19,5,7,17,24
140234,12,9,1,0,3,1,2,3,3,1,5,6
140234,12,9,2,0,1,0,1,1,1,0,2,2
140234,12,9,5,0,2,1,1,2,2,1,3,4
140243,1,412,1,479,715,1480,2371,1194,3851,1959,3086,5045
140243,1,112,2,479,715,1480,2371,1194,3851,1959,3086,5045
140243,2,999,1,366,478,1152,1605,844,2757,1518,2083,3601
140243,2,999,2,366,478,1152,1605,844,2757,1518,2083,3601
140243,3,1,1,18,45,337,595,63,932,355,640,995
140243,3,1,2,18,45,337,595,63,932,355,640,995
140243,4,2,1,155,170,369,410,325,779,524,580,1104
140243,4,2,2,155,170,369,410,325,779,524,580,1104
140243,5,3,1,109,148,258,315,257,573,367,463,830
140243,5,3,2,109,148,258,315,257,573,367,463,830
140243,6,4,1,84,115,188,285,199,473,272,400,672
140243,6,4,2,84,115,188,285,199,473,272,400,672
140243,7,999,1,113,237,328,766,350,1094,441,1003,1444
140243,7,999,2,113,237,328,766,350,1094,441,1003,1444
140243,8,5,1,59,87,158,293,146,451,217,380,597
140243,8,5,2,59,87,158,293,146,451,217,380,597
140243,9,6,1,26,55,67,155,81,222,93,210,303
140243,9,6,2,26,55,67,155,81,222,93,210,303
140243,10,7,1,11,35,44,115,46,159,55,150,205
140243,10,7,2,11,35,44,115,46,159,55,150,205
140243,11,8,1,14,47,44,132,61,176,58,179,237
140243,11,8,2,14,47,44,132,61,176,58,179,237
140243,12,9,1,3,12,15,67,15,82,18,79,97
140243,12,9,2,3,12,15,67,15,82,18,79,97
140243,13,10,1,0,1,0,4,1,4,0,5,5
140243,13,10,2,0,1,0,4,1,4,0,5,5
140252,1,412,1,1182,1216,142,221,2398,363,1324,1437,2761
140252,1,112,2,378,375,64,124,753,188,442,499,941
140252,1,312,5,804,841,78,97,1645,175,882,938,1820
140252,2,999,1,638,698,43,49,1336,92,681,747,1428
140252,2,999,2,335,333,36,39,668,75,371,372,743
140252,2,999,5,303,365,7,10,668,17,310,375,685
140252,3,1,1,2,5,0,1,7,1,2,6,8
140252,3,1,2,2,5,0,1,7,1,2,6,8
140252,4,2,1,129,145,5,4,274,9,134,149,283
140252,4,2,2,128,140,5,4,268,9,133,144,277
140252,4,2,5,1,5,0,0,6,0,1,5,6
140252,5,3,1,135,168,9,6,303,15,144,174,318
140252,5,3,2,110,131,8,6,241,14,118,137,255
140252,5,3,5,25,37,1,0,62,1,26,37,63
140252,6,4,1,372,380,29,38,752,67,401,418,819
140252,6,4,2,95,57,23,28,152,51,118,85,203
140252,6,4,5,277,323,6,10,600,16,283,333,616
140252,7,999,1,544,518,99,169,1062,268,643,687,1330
140252,7,999,2,43,42,28,83,85,111,71,125,196
140252,7,999,5,501,476,71,86,977,157,572,562,1134
140252,8,5,1,383,353,62,68,736,130,445,421,866
140252,8,5,2,29,20,19,36,49,55,48,56,104
140252,8,5,5,354,333,43,32,687,75,397,365,762
140252,9,6,1,107,80,19,33,187,52,126,113,239
140252,9,6,2,8,11,5,10,19,15,13,21,34
140252,9,6,5,99,69,14,23,168,37,113,92,205
140252,10,7,1,22,33,7,28,55,35,29,61,90
140252,10,7,2,2,6,2,17,8,19,4,23,27
140252,10,7,5,20,27,5,11,47,16,25,38,63
140252,11,8,1,26,33,9,25,59,34,35,58,93
140252,11,8,2,2,3,2,16,5,18,4,19,23
140252,11,8,5,24,30,7,9,54,16,31,39,70
140252,12,9,1,6,18,1,15,24,16,7,33,40
140252,12,9,2,2,2,0,4,4,4,2,6,8
140252,12,9,5,4,16,1,11,20,12,5,27,32
140252,13,10,1,0,1,1,0,1,1,1,1,2
140252,13,10,5,0,1,1,0,1,1,1,1,2
140252,14,11,1,0,0,0,3,0,3,0,3,3
140252,14,11,2,0,0,0,2,0,2,0,2,2
140252,14,11,5,0,0,0,1,0,1,0,1,1
140331,1,412,1,1170,1390,2602,4270,2560,6872,3772,5660,9432
140331,1,112,2,1170,1390,2602,4270,2560,6872,3772,5660,9432
140331,2,999,1,874,943,1852,2464,1817,4316,2726,3407,6133
140331,2,999,2,874,943,1852,2464,1817,4316,2726,3407,6133
140331,3,1,1,70,94,340,596,164,936,410,690,1100
140331,3,1,2,70,94,340,596,164,936,410,690,1100
140331,4,2,1,334,375,554,664,709,1218,888,1039,1927
140331,4,2,2,334,375,554,664,709,1218,888,1039,1927
140331,5,3,1,293,264,519,620,557,1139,812,884,1696
140331,5,3,2,293,264,519,620,557,1139,812,884,1696
140331,6,4,1,177,210,439,584,387,1023,616,794,1410
140331,6,4,2,177,210,439,584,387,1023,616,794,1410
140331,7,999,1,296,447,750,1806,743,2556,1046,2253,3299
140331,7,999,2,296,447,750,1806,743,2556,1046,2253,3299
140331,8,5,1,143,183,310,605,326,915,453,788,1241
140331,8,5,2,143,183,310,605,326,915,453,788,1241
140331,9,6,1,71,98,163,410,169,573,234,508,742
140331,9,6,2,71,98,163,410,169,573,234,508,742
140331,10,7,1,27,68,106,287,95,393,133,355,488
140331,10,7,2,27,68,106,287,95,393,133,355,488
140331,11,8,1,39,70,100,347,109,447,139,417,556
140331,11,8,2,39,70,100,347,109,447,139,417,556
140331,12,9,1,15,25,66,149,40,215,81,174,255
140331,12,9,2,15,25,66,149,40,215,81,174,255
140331,13,10,1,1,3,5,8,4,13,6,11,17
140331,13,10,2,1,3,5,8,4,13,6,11,17
140562,1,412,1,266,368,10,21,634,31,276,389,665
140562,1,312,5,266,368,10,21,634,31,276,389,665
140562,2,999,1,96,128,1,9,224,10,97,137,234
140562,2,999,5,96,128,1,9,224,10,97,137,234
140562,4,2,1,0,0,0,1,0,1,0,1,1
140562,4,2,5,0,0,0,1,0,1,0,1,1
140562,5,3,1,1,3,1,8,4,9,2,11,13
140562,5,3,5,1,3,1,8,4,9,2,11,13
140562,6,4,1,95,125,0,0,220,0,95,125,220
140562,6,4,5,95,125,0,0,220,0,95,125,220
140562,7,999,1,170,240,9,12,410,21,179,252,431
140562,7,999,5,170,240,9,12,410,21,179,252,431
140562,8,5,1,132,189,5,7,321,12,137,196,333
140562,8,5,5,132,189,5,7,321,12,137,196,333
140562,9,6,1,26,30,2,2,56,4,28,32,60
140562,9,6,5,26,30,2,2,56,4,28,32,60
140562,10,7,1,7,9,1,0,16,1,8,9,17
140562,10,7,5,7,9,1,0,16,1,8,9,17
140562,11,8,1,3,8,0,0,11,0,3,8,11
140562,11,8,5,3,8,0,0,11,0,3,8,11
140562,12,9,1,2,4,1,3,6,4,3,7,10
140562,12,9,5,2,4,1,3,6,4,3,7,10
140678,1,412,1,358,450,603,1137,808,1740,961,1587,2548
140678,1,112,2,358,450,603,1137,808,1740,961,1587,2548
140678,2,999,1,294,297,482,725,591,1207,776,1022,1798
140678,2,999,2,294,297,482,725,591,1207,776,1022,1798
140678,3,1,1,11,10,127,265,21,392,138,275,413
140678,3,1,2,11,10,127,265,21,392,138,275,413
140678,4,2,1,146,142,168,188,288,356,314,330,644
140678,4,2,2,146,142,168,188,288,356,314,330,644
140678,5,3,1,98,84,120,160,182,280,218,244,462
140678,5,3,2,98,84,120,160,182,280,218,244,462
140678,6,4,1,39,61,67,112,100,179,106,173,279
140678,6,4,2,39,61,67,112,100,179,106,173,279
140678,7,999,1,64,153,121,412,217,533,185,565,750
140678,7,999,2,64,153,121,412,217,533,185,565,750
140678,8,5,1,16,59,40,142,75,182,56,201,257
140678,8,5,2,16,59,40,142,75,182,56,201,257
140678,9,6,1,16,30,27,90,46,117,43,120,163
140678,9,6,2,16,30,27,90,46,117,43,120,163
140678,10,7,1,10,25,22,53,35,75,32,78,110
140678,10,7,2,10,25,22,53,35,75,32,78,110
140678,11,8,1,15,20,24,91,35,115,39,111,150
140678,11,8,2,15,20,24,91,35,115,39,111,150
140678,12,9,1,6,17,6,33,23,39,12,50,62
140678,12,9,2,6,17,6,33,23,39,12,50,62
140678,13,10,1,1,2,2,3,3,5,3,5,8
140678,13,10,2,1,2,2,3,3,5,3,5,8
140720,1,412,1,70,85,17,17,155,34,87,102,189
140720,1,112,2,70,85,17,17,155,34,87,102,189
140720,2,999,1,58,74,14,12,132,26,72,86,158
140720,2,999,2,58,74,14,12,132,26,72,86,158
140720,3,1,1,0,2,3,6,2,9,3,8,11
140720,3,1,2,0,2,3,6,2,9,3,8,11
140720,4,2,1,12,21,5,0,33,5,17,21,38
140720,4,2,2,12,21,5,0,33,5,17,21,38
140720,5,3,1,25,31,3,3,56,6,28,34,62
140720,5,3,2,25,31,3,3,56,6,28,34,62
140720,6,4,1,21,20,3,3,41,6,24,23,47
140720,6,4,2,21,20,3,3,41,6,24,23,47
140720,7,999,1,12,11,3,5,23,8,15,16,31
140720,7,999,2,12,11,3,5,23,8,15,16,31
140720,8,5,1,7,2,1,2,9,3,8,4,12
140720,8,5,2,7,2,1,2,9,3,8,4,12
140720,9,6,1,1,2,1,1,3,2,2,3,5
140720,9,6,2,1,2,1,1,3,2,2,3,5
140720,10,7,1,2,0,1,1,2,2,3,1,4
140720,10,7,2,2,0,1,1,2,2,3,1,4
140720,11,8,1,2,4,0,0,6,0,2,4,6
140720,11,8,2,2,4,0,0,6,0,2,4,6
140720,12,9,1,0,3,0,1,3,1,0,4,4
140720,12,9,2,0,3,0,1,3,1,0,4,4
140818,1,412,1,492,1121,124,613,1613,737,616,1734,2350
140818,1,112,2,403,748,37,90,1151,127,440,838,1278
140818,1,312,5,89,373,87,523,462,610,176,896,1072
140818,2,999,1,377,625,15,62,1002,77,392,687,1079
140818,2,999,2,365,602,12,31,967,43,377,633,1010
140818,2,999,5,12,23,3,31,35,34,15,54,69
140818,3,1,1,4,17,6,8,21,14,10,25,35
140818,3,1,2,4,17,6,8,21,14,10,25,35
140818,4,2,1,188,260,0,0,448,0,188,260,448
140818,4,2,2,188,260,0,0,448,0,188,260,448
140818,5,3,1,135,220,2,6,355,8,137,226,363
140818,5,3,2,133,217,2,6,350,8,135,223,358
140818,5,3,5,2,3,0,0,5,0,2,3,5
140818,6,4,1,50,128,7,48,178,55,57,176,233
140818,6,4,2,40,108,4,17,148,21,44,125,169
140818,6,4,5,10,20,3,31,30,34,13,51,64
140818,7,999,1,115,496,109,551,611,660,224,1047,1271
140818,7,999,2,38,146,25,59,184,84,63,205,268
140818,7,999,5,77,350,84,492,427,576,161,842,1003
140818,8,5,1,37,158,41,125,195,166,78,283,361
140818,8,5,2,20,65,6,9,85,15,26,74,100
140818,8,5,5,17,93,35,116,110,151,52,209,261
140818,9,6,1,29,112,22,102,141,124,51,214,265
140818,9,6,2,9,34,5,19,43,24,14,53,67
140818,9,6,5,20,78,17,83,98,100,37,161,198
140818,10,7,1,30,73,16,92,103,108,46,165,211
140818,10,7,2,7,16,5,8,23,13,12,24,36
140818,10,7,5,23,57,11,84,80,95,34,141,175
140818,11,8,1,9,98,20,164,107,184,29,262,291
140818,11,8,2,1,19,7,16,20,23,8,35,43
140818,11,8,5,8,79,13,148,87,161,21,227,248
140818,12,9,1,10,55,10,67,65,77,20,122,142
140818,12,9,2,1,12,2,7,13,9,3,19,22
140818,12,9,5,9,43,8,60,52,68,17,103,120
140818,13,10,1,0,0,0,1,0,1,0,1,1
140818,13,10,5,0,0,0,1,0,1,0,1,1
140872,1,412,1,613,615,88,83,1228,171,701,698,1399
140872,1,112,2,585,572,63,72,1157,135,648,644,1292
140872,1,312,5,28,43,25,11,71,36,53,54,107
140872,2,999,1,563,528,34,31,1091,65,597,559,1156
140872,2,999,2,545,514,23,26,1059,49,568,540,1108
140872,2,999,5,18,14,11,5,32,16,29,19,48
140872,3,1,1,8,14,3,12,22,15,11,26,37
140872,3,1,2,8,14,3,12,22,15,11,26,37
140872,4,2,1,243,223,4,3,466,7,247,226,473
140872,4,2,2,243,223,4,3,466,7,247,226,473
140872,5,3,1,192,201,2,2,393,4,194,203,397
140872,5,3,2,192,199,2,1,391,3,194,200,394
140872,5,3,5,0,2,0,1,2,1,0,3,3
140872,6,4,1,120,90,25,14,210,39,145,104,249
140872,6,4,2,102,78,14,10,180,24,116,88,204
140872,6,4,5,18,12,11,4,30,15,29,16,45
140872,7,999,1,50,87,50,52,137,102,100,139,239
140872,7,999,2,40,58,40,46,98,86,80,104,184
140872,7,999,5,10,29,10,6,39,16,20,35,55
140872,8,5,1,18,24,14,12,42,26,32,36,68
140872,8,5,2,13,17,9,10,30,19,22,27,49
140872,8,5,5,5,7,5,2,12,7,10,9,19
140872,9,6,1,10,17,10,8,27,18,20,25,45
140872,9,6,2,10,13,10,8,23,18,20,21,41
140872,9,6,5,0,4,0,0,4,0,0,4,4
140872,10,7,1,7,18,6,11,25,17,13,29,42
140872,10,7,2,6,14,5,11,20,16,11,25,36
140872,10,7,5,1,4,1,0,5,1,2,4,6
140872,11,8,1,12,19,14,10,31,24,26,29,55
140872,11,8,2,8,11,10,9,19,19,18,20,38
140872,11,8,5,4,8,4,1,12,5,8,9,17
140872,12,9,1,3,8,6,10,11,16,9,18,27
140872,12,9,2,3,3,6,8,6,14,9,11,20
140872,12,9,5,0,5,0,2,5,2,0,7,7
140872,13,10,1,0,1,0,1,1,1,0,2,2
140872,13,10,5,0,1,0,1,1,1,0,2,2
140872,14,11,1,0,0,4,0,0,4,4,0,4
140872,14,11,5,0,0,4,0,0,4,4,0,4
140942,1,412,1,513,724,739,1673,1237,2412,1252,2397,3649
140942,1,112,2,513,724,739,1673,1237,2412,1252,2397,3649
140942,2,999,1,276,424,393,798,700,1191,669,1222,1891
140942,2,999,2,276,424,393,798,700,1191,669,1222,1891
140942,3,1,1,29,48,70,133,77,203,99,181,280
140942,3,1,2,29,48,70,133,77,203,99,181,280
140942,4,2,1,98,119,111,186,217,297,209,305,514
140942,4,2,2,98,119,111,186,217,297,209,305,514
140942,5,3,1,77,128,104,220,205,324,181,348,529
140942,5,3,2,77,128,104,220,205,324,181,348,529
140942,6,4,1,72,129,108,259,201,367,180,388,568
140942,6,4,2,72,129,108,259,201,367,180,388,568
140942,7,999,1,237,300,346,875,537,1221,583,1175,1758
140942,7,999,2,237,300,346,875,537,1221,583,1175,1758
140942,8,5,1,90,143,115,329,233,444,205,472,677
140942,8,5,2,90,143,115,329,233,444,205,472,677
140942,9,6,1,45,60,100,217,105,317,145,277,422
140942,9,6,2,45,60,100,217,105,317,145,277,422
140942,10,7,1,37,39,49,137,76,186,86,176,262
140942,10,7,2,37,39,49,137,76,186,86,176,262
140942,11,8,1,49,42,59,132,91,191,108,174,282
140942,11,8,2,49,42,59,132,91,191,108,174,282
140942,12,9,1,15,16,20,55,31,75,35,71,106
140942,12,9,2,15,16,20,55,31,75,35,71,106
140942,13,10,1,1,0,3,5,1,8,4,5,9
140942,13,10,2,1,0,3,5,1,8,4,5,9
140951,1,412,1,3386,7580,1092,2207,10966,3299,4478,9787,14265
140951,1,112,2,2812,6314,855,1698,9126,2553,3667,8012,11679
140951,1,312,5,574,1266,237,509,1840,746,811,1775,2586
140951,2,999,1,2797,6650,735,1529,9447,2264,3532,8179,11711
140951,2,999,2,2570,6054,704,1433,8624,2137,3274,7487,10761
140951,2,999,5,227,596,31,96,823,127,258,692,950
140951,3,1,1,8,43,48,141,51,189,56,184,240
140951,3,1,2,8,43,48,141,51,189,56,184,240
140951,4,2,1,958,2573,140,292,3531,432,1098,2865,3963
140951,4,2,2,958,2573,140,292,3531,432,1098,2865,3963
140951,5,3,1,1141,2665,259,584,3806,843,1400,3249,4649
140951,5,3,2,1139,2648,258,579,3787,837,1397,3227,4624
140951,5,3,5,2,17,1,5,19,6,3,22,25
140951,6,4,1,690,1369,288,512,2059,800,978,1881,2859
140951,6,4,2,465,790,258,421,1255,679,723,1211,1934
140951,6,4,5,225,579,30,91,804,121,255,670,925
140951,7,999,1,589,930,357,678,1519,1035,946,1608,2554
140951,7,999,2,242,260,151,265,502,416,393,525,918
140951,7,999,5,347,670,206,413,1017,619,553,1083,1636
140951,8,5,1,410,696,169,390,1106,559,579,1086,1665
140951,8,5,2,163,183,80,158,346,238,243,341,584
140951,8,5,5,247,513,89,232,760,321,336,745,1081
140951,9,6,1,105,125,74,111,230,185,179,236,415
140951,9,6,2,46,47,31,41,93,72,77,88,165
140951,9,6,5,59,78,43,70,137,113,102,148,250
140951,10,7,1,39,44,49,55,83,104,88,99,187
140951,10,7,2,20,17,19,21,37,40,39,38,77
140951,10,7,5,19,27,30,34,46,64,49,61,110
140951,11,8,1,27,47,47,66,74,113,74,113,187
140951,11,8,2,11,11,14,24,22,38,25,35,60
140951,11,8,5,16,36,33,42,52,75,49,78,127
140951,12,9,1,8,18,16,54,26,70,24,72,96
140951,12,9,2,2,2,7,20,4,27,9,22,31
140951,12,9,5,6,16,9,34,22,43,15,50,65
140951,13,10,1,0,0,2,2,0,4,2,2,4
140951,13,10,2,0,0,0,1,0,1,0,1,1
140951,13,10,5,0,0,2,1,0,3,2,1,3
140960,1,412,1,1063,1718,285,422,2781,707,1348,2140,3488
140960,1,112,2,1030,1612,244,359,2642,603,1274,1971,3245
140960,1,312,5,33,106,41,63,139,104,74,169,243
140960,2,999,1,966,1555,181,272,2521,453,1147,1827,2974
140960,2,999,2,955,1507,176,259,2462,435,1131,1766,2897
140960,2,999,5,11,48,5,13,59,18,16,61,77
140960,3,1,1,6,15,40,71,21,111,46,86,132
140960,3,1,2,6,15,40,71,21,111,46,86,132
140960,4,2,1,410,715,33,50,1125,83,443,765,1208
140960,4,2,2,410,715,33,50,1125,83,443,765,1208
140960,5,3,1,344,502,44,60,846,104,388,562,950
140960,5,3,2,343,500,44,60,843,104,387,560,947
140960,5,3,5,1,2,0,0,3,0,1,2,3
140960,6,4,1,206,323,64,91,529,155,270,414,684
140960,6,4,2,196,277,59,78,473,137,255,355,610
140960,6,4,5,10,46,5,13,56,18,15,59,74
140960,7,999,1,97,163,104,150,260,254,201,313,514
140960,7,999,2,75,105,68,100,180,168,143,205,348
140960,7,999,5,22,58,36,50,80,86,58,108,166
140960,8,5,1,62,97,42,59,159,101,104,156,260
140960,8,5,2,49,74,28,41,123,69,77,115,192
140960,8,5,5,13,23,14,18,36,32,27,41,68
140960,9,6,1,14,29,19,24,43,43,33,53,86
140960,9,6,2,13,16,14,9,29,23,27,25,52
140960,9,6,5,1,13,5,15,14,20,6,28,34
140960,10,7,1,12,12,17,24,24,41,29,36,65
140960,10,7,2,8,6,10,14,14,24,18,20,38
140960,10,7,5,4,6,7,10,10,17,11,16,27
140960,11,8,1,4,12,16,27,16,43,20,39,59
140960,11,8,2,2,5,8,25,7,33,10,30,40
140960,11,8,5,2,7,8,2,9,10,10,9,19
140960,12,9,1,4,11,6,12,15,18,10,23,33
140960,12,9,2,2,2,6,8,4,14,8,10,18
140960,12,9,5,2,9,0,4,11,4,2,13,15
140960,13,10,1,1,2,4,4,3,8,5,6,11
140960,13,10,2,1,2,2,3,3,5,3,5,8
140960,13,10,5,0,0,2,1,0,3,2,1,3
140988,1,412,1,510,628,99,173,1138,272,609,801,1410
140988,1,112,2,477,600,80,149,1077,229,557,749,1306
140988,1,312,5,33,28,19,24,61,43,52,52,104
140988,2,999,1,449,501,71,109,950,180,520,610,1130
140988,2,999,2,435,491,63,103,926,166,498,594,1092
140988,2,999,5,14,10,8,6,24,14,22,16,38
140988,3,1,1,2,6,50,80,8,130,52,86,138
140988,3,1,2,2,6,50,80,8,130,52,86,138
140988,4,2,1,227,262,5,8,489,13,232,270,502
140988,4,2,2,227,261,5,8,488,13,232,269,501
140988,4,2,5,0,1,0,0,1,0,0,1,1
140988,5,3,1,156,172,4,5,328,9,160,177,337
140988,5,3,2,156,172,3,5,328,8,159,177,336
140988,5,3,5,0,0,1,0,0,1,1,0,1
140988,6,4,1,64,61,12,16,125,28,76,77,153
140988,6,4,2,50,52,5,10,102,15,55,62,117
140988,6,4,5,14,9,7,6,23,13,21,15,36
140988,7,999,1,61,126,28,64,187,92,89,190,279
140988,7,999,2,42,108,17,46,150,63,59,154,213
140988,7,999,5,19,18,11,18,37,29,30,36,66
140988,8,5,1,23,28,8,11,51,19,31,39,70
140988,8,5,2,15,25,3,7,40,10,18,32,50
140988,8,5,5,8,3,5,4,11,9,13,7,20
140988,9,6,1,7,28,5,12,35,17,12,40,52
140988,9,6,2,5,24,4,7,29,11,9,31,40
140988,9,6,5,2,4,1,5,6,6,3,9,12
140988,10,7,1,13,21,5,13,34,18,18,34,52
140988,10,7,2,9,16,2,12,25,14,11,28,39
140988,10,7,5,4,5,3,1,9,4,7,6,13
140988,11,8,1,12,33,8,20,45,28,20,53,73
140988,11,8,2,8,27,6,15,35,21,14,42,56
140988,11,8,5,4,6,2,5,10,7,6,11,17
140988,12,9,1,6,16,0,6,22,6,6,22,28
140988,12,9,2,5,16,0,3,21,3,5,19,24
140988,12,9,5,1,0,0,3,1,3,1,3,4
140988,13,10,1,0,0,2,2,0,4,2,2,4
140988,13,10,2,0,0,2,2,0,4,2,2,4
140988,14,11,1,0,1,0,0,1,0,0,1,1
140988,14,11,2,0,1,0,0,1,0,0,1,1
141006,1,412,1,406,356,407,645,762,1052,813,1001,1814
141006,1,112,2,406,356,407,645,762,1052,813,1001,1814
141006,2,999,1,329,213,305,409,542,714,634,622,1256
141006,2,999,2,329,213,305,409,542,714,634,622,1256
141006,3,1,1,3,17,85,160,20,245,88,177,265
141006,3,1,2,3,17,85,160,20,245,88,177,265
141006,4,2,1,137,66,76,96,203,172,213,162,375
141006,4,2,2,137,66,76,96,203,172,213,162,375
141006,5,3,1,146,80,91,86,226,177,237,166,403
141006,5,3,2,146,80,91,86,226,177,237,166,403
141006,6,4,1,43,50,53,67,93,120,96,117,213
141006,6,4,2,43,50,53,67,93,120,96,117,213
141006,7,999,1,77,143,102,236,220,338,179,379,558
141006,7,999,2,77,143,102,236,220,338,179,379,558
141006,8,5,1,29,52,38,68,81,106,67,120,187
141006,8,5,2,29,52,38,68,81,106,67,120,187
141006,9,6,1,28,31,22,56,59,78,50,87,137
141006,9,6,2,28,31,22,56,59,78,50,87,137
141006,10,7,1,7,23,13,47,30,60,20,70,90
141006,10,7,2,7,23,13,47,30,60,20,70,90
141006,11,8,1,8,29,17,45,37,62,25,74,99
141006,11,8,2,8,29,17,45,37,62,25,74,99
141006,12,9,1,5,7,12,17,12,29,17,24,41
141006,12,9,2,5,7,12,17,12,29,17,24,41
141006,13,10,1,0,1,0,3,1,3,0,4,4
141006,13,10,2,0,1,0,3,1,3,0,4,4
141255,1,412,1,235,487,1060,1927,722,2987,1295,2414,3709
141255,1,112,2,235,487,1060,1927,722,2987,1295,2414,3709
141255,2,999,1,154,259,757,1304,413,2061,911,1563,2474
141255,2,999,2,154,259,757,1304,413,2061,911,1563,2474
141255,3,1,1,19,24,349,627,43,976,368,651,1019
141255,3,1,2,19,24,349,627,43,976,368,651,1019
141255,4,2,1,55,73,202,259,128,461,257,332,589
141255,4,2,2,55,73,202,259,128,461,257,332,589
141255,5,3,1,42,77,118,212,119,330,160,289,449
141255,5,3,2,42,77,118,212,119,330,160,289,449
141255,6,4,1,38,85,88,206,123,294,126,291,417
141255,6,4,2,38,85,88,206,123,294,126,291,417
141255,7,999,1,81,228,303,623,309,926,384,851,1235
141255,7,999,2,81,228,303,623,309,926,384,851,1235
141255,8,5,1,25,83,98,237,108,335,123,320,443
141255,8,5,2,25,83,98,237,108,335,123,320,443
141255,9,6,1,27,53,61,146,80,207,88,199,287
141255,9,6,2,27,53,61,146,80,207,88,199,287
141255,10,7,1,11,38,51,98,49,149,62,136,198
141255,10,7,2,11,38,51,98,49,149,62,136,198
141255,11,8,1,14,38,61,87,52,148,75,125,200
141255,11,8,2,14,38,61,87,52,148,75,125,200
141255,12,9,1,4,15,29,54,19,83,33,69,102
141255,12,9,2,4,15,29,54,19,83,33,69,102
141255,13,10,1,0,1,3,1,1,4,3,2,5
141255,13,10,2,0,1,3,1,1,4,3,2,5
141264,1,412,1,2646,5496,1278,2884,8142,4162,3924,8380,12304
141264,1,112,2,2465,4788,804,1513,7253,2317,3269,6301,9570
141264,1,312,5,181,708,474,1371,889,1845,655,2079,2734
141264,2,999,1,2334,4708,591,1075,7042,1666,2925,5783,8708
141264,2,999,2,2270,4453,564,961,6723,1525,2834,5414,8248
141264,2,999,5,64,255,27,114,319,141,91,369,460
141264,3,1,1,15,51,43,103,66,146,58,154,212
141264,3,1,2,15,51,43,103,66,146,58,154,212
141264,4,2,1,1070,2197,159,289,3267,448,1229,2486,3715
141264,4,2,2,1070,2196,159,289,3266,448,1229,2485,3714
141264,4,2,5,0,1,0,0,1,0,0,1,1
141264,5,3,1,749,1549,186,300,2298,486,935,1849,2784
141264,5,3,2,746,1537,185,295,2283,480,931,1832,2763
141264,5,3,5,3,12,1,5,15,6,4,17,21
141264,6,4,1,500,911,203,383,1411,586,703,1294,1997
141264,6,4,2,439,669,177,274,1108,451,616,943,1559
141264,6,4,5,61,242,26,109,303,135,87,351,438
141264,7,999,1,312,788,687,1809,1100,2496,999,2597,3596
141264,7,999,2,195,335,240,552,530,792,435,887,1322
141264,7,999,5,117,453,447,1257,570,1704,564,1710,2274
141264,8,5,1,177,341,186,474,518,660,363,815,1178
141264,8,5,2,132,158,102,177,290,279,234,335,569
141264,8,5,5,45,183,84,297,228,381,129,480,609
141264,9,6,1,52,157,139,324,209,463,191,481,672
141264,9,6,2,31,61,52,111,92,163,83,172,255
141264,9,6,5,21,96,87,213,117,300,108,309,417
141264,10,7,1,31,117,126,322,148,448,157,439,596
141264,10,7,2,13,47,32,97,60,129,45,144,189
141264,10,7,5,18,70,94,225,88,319,112,295,407
141264,11,8,1,36,124,154,453,160,607,190,577,767
141264,11,8,2,14,57,33,111,71,144,47,168,215
141264,11,8,5,22,67,121,342,89,463,143,409,552
141264,12,9,1,16,45,73,224,61,297,89,269,358
141264,12,9,2,5,12,15,49,17,64,20,61,81
141264,12,9,5,11,33,58,175,44,233,69,208,277
141264,13,10,1,0,4,9,12,4,21,9,16,25
141264,13,10,2,0,0,6,7,0,13,6,7,13
141264,13,10,5,0,4,3,5,4,8,3,9,12
141334,1,412,1,2757,5423,1508,3731,8180,5239,4265,9154,13419
141334,1,112,2,2594,4934,1003,1800,7528,2803,3597,6734,10331
141334,1,312,5,163,489,505,1931,652,2436,668,2420,3088
141334,2,999,1,2432,4831,800,1468,7263,2268,3232,6299,9531
141334,2,999,2,2372,4596,750,1312,6968,2062,3122,5908,9030
141334,2,999,5,60,235,50,156,295,206,110,391,501
141334,3,1,1,23,77,226,458,100,684,249,535,784
141334,3,1,2,23,77,226,458,100,684,249,535,784
141334,4,2,1,875,1827,136,201,2702,337,1011,2028,3039
141334,4,2,2,875,1826,136,201,2701,337,1011,2027,3038
141334,4,2,5,0,1,0,0,1,0,0,1,1
141334,5,3,1,883,1837,180,346,2720,526,1063,2183,3246
141334,5,3,2,881,1828,179,342,2709,521,1060,2170,3230
141334,5,3,5,2,9,1,4,11,5,3,13,16
141334,6,4,1,651,1090,258,463,1741,721,909,1553,2462
141334,6,4,2,593,865,209,311,1458,520,802,1176,1978
141334,6,4,5,58,225,49,152,283,201,107,377,484
141334,7,999,1,325,592,708,2263,917,2971,1033,2855,3888
141334,7,999,2,222,338,253,488,560,741,475,826,1301
141334,7,999,5,103,254,455,1775,357,2230,558,2029,2587
141334,8,5,1,197,302,239,577,499,816,436,879,1315
141334,8,5,2,150,190,123,169,340,292,273,359,632
141334,8,5,5,47,112,116,408,159,524,163,520,683
141334,9,6,1,64,103,147,418,167,565,211,521,732
141334,9,6,2,40,61,44,106,101,150,84,167,251
141334,9,6,5,24,42,103,312,66,415,127,354,481
141334,10,7,1,29,65,112,395,94,507,141,460,601
141334,10,7,2,12,36,33,61,48,94,45,97,142
141334,10,7,5,17,29,79,334,46,413,96,363,459
141334,11,8,1,26,94,128,583,120,711,154,677,831
141334,11,8,2,15,40,26,85,55,111,41,125,166
141334,11,8,5,11,54,102,498,65,600,113,552,665
141334,12,9,1,7,24,67,270,31,337,74,294,368
141334,12,9,2,4,9,15,58,13,73,19,67,86
141334,12,9,5,3,15,52,212,18,264,55,227,282
141334,13,10,1,2,4,15,20,6,35,17,24,41
141334,13,10,2,1,2,12,9,3,21,13,11,24
141334,13,10,5,1,2,3,11,3,14,4,13,17
141565,1,412,1,885,1576,233,471,2461,704,1118,2047,3165
141565,1,112,2,769,1343,185,374,2112,559,954,1717,2671
141565,1,312,5,116,233,48,97,349,145,164,330,494
141565,2,999,1,680,1212,126,190,1892,316,806,1402,2208
141565,2,999,2,646,1140,119,181,1786,300,765,1321,2086
141565,2,999,5,34,72,7,9,106,16,41,81,122
141565,3,1,1,37,66,33,39,103,72,70,105,175
141565,3,1,2,37,66,33,39,103,72,70,105,175
141565,4,2,1,245,482,25,35,727,60,270,517,787
141565,4,2,2,245,482,25,35,727,60,270,517,787
141565,5,3,1,231,411,22,47,642,69,253,458,711
141565,5,3,2,225,397,22,46,622,68,247,443,690
141565,5,3,5,6,14,0,1,20,1,6,15,21
141565,6,4,1,167,253,46,69,420,115,213,322,535
141565,6,4,2,139,195,39,61,334,100,178,256,434
141565,6,4,5,28,58,7,8,86,15,35,66,101
141565,7,999,1,205,364,107,281,569,388,312,645,957
141565,7,999,2,123,203,66,193,326,259,189,396,585
141565,7,999,5,82,161,41,88,243,129,123,249,372
141565,8,5,1,115,190,42,87,305,129,157,277,434
141565,8,5,2,63,94,22,57,157,79,85,151,236
141565,8,5,5,52,96,20,30,148,50,72,126,198
141565,9,6,1,34,74,17,59,108,76,51,133,184
141565,9,6,2,24,41,9,37,65,46,33,78,111
141565,9,6,5,10,33,8,22,43,30,18,55,73
141565,10,7,1,30,39,14,53,69,67,44,92,136
141565,10,7,2,18,24,10,40,42,50,28,64,92
141565,10,7,5,12,15,4,13,27,17,16,28,44
141565,11,8,1,18,41,15,46,59,61,33,87,120
141565,11,8,2,11,29,8,35,40,43,19,64,83
141565,11,8,5,7,12,7,11,19,18,14,23,37
141565,12,9,1,8,16,16,29,24,45,24,45,69
141565,12,9,2,7,13,14,19,20,33,21,32,53
141565,12,9,5,1,3,2,10,4,12,3,13,16
141565,13,10,1,0,4,3,7,4,10,3,11,14
141565,13,10,2,0,2,3,5,2,8,3,7,10
141565,13,10,5,0,2,0,2,2,2,0,4,4
141574,1,412,1,5372,8020,2019,2614,13392,4633,7391,10634,18025
141574,1,112,2,4327,6361,1192,1323,10688,2515,5519,7684,13203
141574,1,312,5,1045,1659,827,1291,2704,2118,1872,2950,4822
141574,2,999,1,4026,6321,841,998,10347,1839,4867,7319,12186
141574,2,999,2,3769,5766,762,863,9535,1625,4531,6629,11160
141574,2,999,5,257,555,79,135,812,214,336,690,1026
141574,3,1,1,126,246,59,108,372,167,185,354,539
141574,3,1,2,126,246,59,108,372,167,185,354,539
141574,4,2,1,1348,2327,149,200,3675,349,1497,2527,4024
141574,4,2,2,1348,2327,149,200,3675,349,1497,2527,4024
141574,5,3,1,1525,2330,228,250,3855,478,1753,2580,4333
141574,5,3,2,1501,2281,225,243,3782,468,1726,2524,4250
141574,5,3,5,24,49,3,7,73,10,27,56,83
141574,6,4,1,1027,1418,405,440,2445,845,1432,1858,3290
141574,6,4,2,794,912,329,312,1706,641,1123,1224,2347
141574,6,4,5,233,506,76,128,739,204,309,634,943
141574,7,999,1,1346,1699,1178,1616,3045,2794,2524,3315,5839
141574,7,999,2,558,595,430,460,1153,890,988,1055,2043
141574,7,999,5,788,1104,748,1156,1892,1904,1536,2260,3796
141574,8,5,1,750,871,428,524,1621,952,1178,1395,2573
141574,8,5,2,347,315,202,206,662,408,549,521,1070
141574,8,5,5,403,556,226,318,959,544,629,874,1503
141574,9,6,1,292,366,292,325,658,617,584,691,1275
141574,9,6,2,115,132,104,83,247,187,219,215,434
141574,9,6,5,177,234,188,242,411,430,365,476,841
141574,10,7,1,150,204,173,279,354,452,323,483,806
141574,10,7,2,46,62,46,60,108,106,92,122,214
141574,10,7,5,104,142,127,219,246,346,231,361,592
141574,11,8,1,124,190,168,292,314,460,292,482,774
141574,11,8,2,36,61,46,64,97,110,82,125,207
141574,11,8,5,88,129,122,228,217,350,210,357,567
141574,12,9,1,28,64,101,179,92,280,129,243,372
141574,12,9,2,12,24,29,40,36,69,41,64,105
141574,12,9,5,16,40,72,139,56,211,88,179,267
141574,13,10,1,2,4,16,17,6,33,18,21,39
141574,13,10,2,2,1,3,7,3,10,5,8,13
141574,13,10,5,0,3,13,10,3,23,13,13,26
141644,1,412,1,800,1665,809,969,2465,1778,1609,2634,4243
141644,1,112,2,671,1481,754,894,2152,1648,1425,2375,3800
141644,1,312,5,129,184,55,75,313,130,184,259,443
141644,2,999,1,451,1297,536,752,1748,1288,987,2049,3036
141644,2,999,2,438,1244,533,741,1682,1274,971,1985,2956
141644,2,999,5,13,53,3,11,66,14,16,64,80
141644,3,1,1,13,33,431,628,46,1059,444,661,1105
141644,3,1,2,13,33,431,628,46,1059,444,661,1105
141644,4,2,1,180,591,33,27,771,60,213,618,831
141644,4,2,2,180,591,33,27,771,60,213,618,831
141644,5,3,1,131,428,27,33,559,60,158,461,619
141644,5,3,2,131,421,27,33,552,60,158,454,612
141644,5,3,5,0,7,0,0,7,0,0,7,7
141644,6,4,1,127,245,45,64,372,109,172,309,481
141644,6,4,2,114,199,42,53,313,95,156,252,408
141644,6,4,5,13,46,3,11,59,14,16,57,73
141644,7,999,1,349,368,273,217,717,490,622,585,1207
141644,7,999,2,233,237,221,153,470,374,454,390,844
141644,7,999,5,116,131,52,64,247,116,168,195,363
141644,8,5,1,110,159,95,68,269,163,205,227,432
141644,8,5,2,79,116,85,55,195,140,164,171,335
141644,8,5,5,31,43,10,13,74,23,41,56,97
141644,9,6,1,84,106,75,61,190,136,159,167,326
141644,9,6,2,55,71,63,44,126,107,118,115,233
141644,9,6,5,29,35,12,17,64,29,41,52,93
141644,10,7,1,64,49,47,40,113,87,111,89,200
141644,10,7,2,45,29,39,33,74,72,84,62,146
141644,10,7,5,19,20,8,7,39,15,27,27,54
141644,11,8,1,67,36,39,36,103,75,106,72,178
141644,11,8,2,40,11,25,16,51,41,65,27,92
141644,11,8,5,27,25,14,20,52,34,41,45,86
141644,12,9,1,24,18,14,12,42,26,38,30,68
141644,12,9,2,14,10,8,5,24,13,22,15,37
141644,12,9,5,10,8,6,7,18,13,16,15,31
141644,13,10,1,0,0,3,0,0,3,3,0,3
141644,13,10,2,0,0,1,0,0,1,1,0,1
141644,13,10,5,0,0,2,0,0,2,2,0,2
141680,1,412,1,645,343,1172,1218,988,2390,1817,1561,3378
141680,1,112,2,645,343,1172,1218,988,2390,1817,1561,3378
141680,2,999,1,447,259,637,668,706,1305,1084,927,2011
141680,2,999,2,447,259,637,668,706,1305,1084,927,2011
141680,3,1,1,41,23,91,207,64,298,132,230,362
141680,3,1,2,41,23,91,207,64,298,132,230,362
141680,4,2,1,209,113,197,182,322,379,406,295,701
141680,4,2,2,209,113,197,182,322,379,406,295,701
141680,5,3,1,101,73,175,130,174,305,276,203,479
141680,5,3,2,101,73,175,130,174,305,276,203,479
141680,6,4,1,96,50,174,149,146,323,270,199,469
141680,6,4,2,96,50,174,149,146,323,270,199,469
141680,7,999,1,198,84,535,550,282,1085,733,634,1367
141680,7,999,2,198,84,535,550,282,1085,733,634,1367
141680,8,5,1,80,44,222,188,124,410,302,232,534
141680,8,5,2,80,44,222,188,124,410,302,232,534
141680,9,6,1,46,21,144,124,67,268,190,145,335
141680,9,6,2,46,21,144,124,67,268,190,145,335
141680,10,7,1,24,7,76,88,31,164,100,95,195
141680,10,7,2,24,7,76,88,31,164,100,95,195
141680,11,8,1,31,7,62,102,38,164,93,109,202
141680,11,8,2,31,7,62,102,38,164,93,109,202
141680,12,9,1,15,5,27,43,20,70,42,48,90
141680,12,9,2,15,5,27,43,20,70,42,48,90
141680,13,10,1,2,0,4,5,2,9,6,5,11
141680,13,10,2,2,0,4,5,2,9,6,5,11
141796,1,412,1,798,1199,1478,2894,1997,4372,2276,4093,6369
141796,1,112,2,798,1199,1478,2894,1997,4372,2276,4093,6369
141796,2,999,1,585,920,931,1608,1505,2539,1516,2528,4044
141796,2,999,2,585,920,931,1608,1505,2539,1516,2528,4044
141796,3,1,1,36,54,82,194,90,276,118,248,366
141796,3,1,2,36,54,82,194,90,276,118,248,366
141796,4,2,1,259,430,242,482,689,724,501,912,1413
141796,4,2,2,259,430,242,482,689,724,501,912,1413
141796,5,3,1,171,269,304,456,440,760,475,725,1200
141796,5,3,2,171,269,304,456,440,760,475,725,1200
141796,6,4,1,119,167,303,476,286,779,422,643,1065
141796,6,4,2,119,167,303,476,286,779,422,643,1065
141796,7,999,1,213,279,547,1286,492,1833,760,1565,2325
141796,7,999,2,213,279,547,1286,492,1833,760,1565,2325
141796,8,5,1,94,133,243,502,227,745,337,635,972
141796,8,5,2,94,133,243,502,227,745,337,635,972
141796,9,6,1,58,55,139,301,113,440,197,356,553
141796,9,6,2,58,55,139,301,113,440,197,356,553
141796,10,7,1,27,32,66,171,59,237,93,203,296
141796,10,7,2,27,32,66,171,59,237,93,203,296
141796,11,8,1,22,40,64,198,62,262,86,238,324
141796,11,8,2,22,40,64,198,62,262,86,238,324
141796,12,9,1,10,17,30,105,27,135,40,122,162
141796,12,9,2,10,17,30,105,27,135,40,122,162
141796,13,10,1,2,2,5,9,4,14,7,11,18
141796,13,10,2,2,2,5,9,4,14,7,11,18
141802,1,412,1,140,195,360,766,335,1126,500,961,1461
141802,1,112,2,140,195,360,766,335,1126,500,961,1461
141802,2,999,1,113,164,258,521,277,779,371,685,1056
141802,2,999,2,113,164,258,521,277,779,371,685,1056
141802,3,1,1,12,20,109,208,32,317,121,228,349
141802,3,1,2,12,20,109,208,32,317,121,228,349
141802,4,2,1,74,98,66,130,172,196,140,228,368
141802,4,2,2,74,98,66,130,172,196,140,228,368
141802,5,3,1,17,26,52,99,43,151,69,125,194
141802,5,3,2,17,26,52,99,43,151,69,125,194
141802,6,4,1,10,20,31,84,30,115,41,104,145
141802,6,4,2,10,20,31,84,30,115,41,104,145
141802,7,999,1,27,31,102,245,58,347,129,276,405
141802,7,999,2,27,31,102,245,58,347,129,276,405
141802,8,5,1,14,9,26,85,23,111,40,94,134
141802,8,5,2,14,9,26,85,23,111,40,94,134
141802,9,6,1,4,7,27,48,11,75,31,55,86
141802,9,6,2,4,7,27,48,11,75,31,55,86
141802,10,7,1,2,6,18,28,8,46,20,34,54
141802,10,7,2,2,6,18,28,8,46,20,34,54
141802,11,8,1,4,6,11,44,10,55,15,50,65
141802,11,8,2,4,6,11,44,10,55,15,50,65
141802,12,9,1,3,3,12,28,6,40,15,31,46
141802,12,9,2,3,3,12,28,6,40,15,31,46
141802,13,10,1,0,0,8,12,0,20,8,12,20
141802,13,10,2,0,0,8,12,0,20,8,12,20
141811,1,412,1,901,1339,1351,2772,2240,4123,2252,4111,6363
141811,1,112,2,901,1339,1351,2772,2240,4123,2252,4111,6363
141811,2,999,1,691,1022,847,1545,1713,2392,1538,2567,4105
141811,2,999,2,691,1022,847,1545,1713,2392,1538,2567,4105
141811,3,1,1,40,94,131,390,134,521,171,484,655
141811,3,1,2,40,94,131,390,134,521,171,484,655
141811,4,2,1,339,555,253,374,894,627,592,929,1521
141811,4,2,2,339,555,253,374,894,627,592,929,1521
141811,5,3,1,193,234,235,398,427,633,428,632,1060
141811,5,3,2,193,234,235,398,427,633,428,632,1060
141811,6,4,1,119,139,228,383,258,611,347,522,869
141811,6,4,2,119,139,228,383,258,611,347,522,869
141811,7,999,1,210,317,504,1227,527,1731,714,1544,2258
141811,7,999,2,210,317,504,1227,527,1731,714,1544,2258
141811,8,5,1,91,147,206,386,238,592,297,533,830
141811,8,5,2,91,147,206,386,238,592,297,533,830
141811,9,6,1,46,75,94,282,121,376,140,357,497
141811,9,6,2,46,75,94,282,121,376,140,357,497
141811,10,7,1,23,35,61,173,58,234,84,208,292
141811,10,7,2,23,35,61,173,58,234,84,208,292
141811,11,8,1,34,36,81,242,70,323,115,278,393
141811,11,8,2,34,36,81,242,70,323,115,278,393
141811,12,9,1,16,23,52,136,39,188,68,159,227
141811,12,9,2,16,23,52,136,39,188,68,159,227
141811,13,10,1,0,1,10,8,1,18,10,9,19
141811,13,10,2,0,1,10,8,1,18,10,9,19
141839,1,412,1,278,565,591,1502,843,2093,869,2067,2936
141839,1,112,2,278,565,591,1502,843,2093,869,2067,2936
141839,2,999,1,214,447,371,877,661,1248,585,1324,1909
141839,2,999,2,214,447,371,877,661,1248,585,1324,1909
141839,3,1,1,13,45,132,351,58,483,145,396,541
141839,3,1,2,13,45,132,351,58,483,145,396,541
141839,4,2,1,130,239,106,211,369,317,236,450,686
141839,4,2,2,130,239,106,211,369,317,236,450,686
141839,5,3,1,44,112,72,175,156,247,116,287,403
141839,5,3,2,44,112,72,175,156,247,116,287,403
141839,6,4,1,27,51,61,140,78,201,88,191,279
141839,6,4,2,27,51,61,140,78,201,88,191,279
141839,7,999,1,64,118,220,625,182,845,284,743,1027
141839,7,999,2,64,118,220,625,182,845,284,743,1027
141839,8,5,1,26,37,57,183,63,240,83,220,303
141839,8,5,2,26,37,57,183,63,240,83,220,303
141839,9,6,1,11,41,46,122,52,168,57,163,220
141839,9,6,2,11,41,46,122,52,168,57,163,220
141839,10,7,1,7,20,40,94,27,134,47,114,161
141839,10,7,2,7,20,40,94,27,134,47,114,161
141839,11,8,1,17,15,39,123,32,162,56,138,194
141839,11,8,2,17,15,39,123,32,162,56,138,194
141839,12,9,1,3,4,29,83,7,112,32,87,119
141839,12,9,2,3,4,29,83,7,112,32,87,119
141839,13,10,1,0,1,9,20,1,29,9,21,30
141839,13,10,2,0,1,9,20,1,29,9,21,30
141981,1,412,1,596,1163,437,972,1759,1409,1033,2135,3168
141981,1,112,2,596,1163,437,972,1759,1409,1033,2135,3168
141981,2,999,1,386,807,217,455,1193,672,603,1262,1865
141981,2,999,2,386,807,217,455,1193,672,603,1262,1865
141981,3,1,1,17,41,60,208,58,268,77,249,326
141981,3,1,2,17,41,60,208,58,268,77,249,326
141981,4,2,1,110,226,20,49,336,69,130,275,405
141981,4,2,2,110,226,20,49,336,69,130,275,405
141981,5,3,1,124,298,43,62,422,105,167,360,527
141981,5,3,2,124,298,43,62,422,105,167,360,527
141981,6,4,1,135,242,94,136,377,230,229,378,607
141981,6,4,2,135,242,94,136,377,230,229,378,607
141981,7,999,1,210,356,220,517,566,737,430,873,1303
141981,7,999,2,210,356,220,517,566,737,430,873,1303
141981,8,5,1,99,152,89,154,251,243,188,306,494
141981,8,5,2,99,152,89,154,251,243,188,306,494
141981,9,6,1,45,67,42,108,112,150,87,175,262
141981,9,6,2,45,67,42,108,112,150,87,175,262
141981,10,7,1,30,58,19,70,88,89,49,128,177
141981,10,7,2,30,58,19,70,88,89,49,128,177
141981,11,8,1,22,57,42,102,79,144,64,159,223
141981,11,8,2,22,57,42,102,79,144,64,159,223
141981,12,9,1,13,21,24,73,34,97,37,94,131
141981,12,9,2,13,21,24,73,34,97,37,94,131
141981,13,10,1,1,1,4,10,2,14,5,11,16
141981,13,10,2,1,1,4,10,2,14,5,11,16
141990,1,412,1,184,360,561,1194,544,1755,745,1554,2299
141990,1,112,2,184,360,561,1194,544,1755,745,1554,2299
141990,2,999,1,144,285,372,720,429,1092,516,1005,1521
141990,2,999,2,144,285,372,720,429,1092,516,1005,1521
141990,3,1,1,9,28,134,223,37,357,143,251,394
141990,3,1,2,9,28,134,223,37,357,143,251,394
141990,4,2,1,83,170,97,186,253,283,180,356,536
141990,4,2,2,83,170,97,186,253,283,180,356,536
141990,5,3,1,34,59,73,171,93,244,107,230,337
141990,5,3,2,34,59,73,171,93,244,107,230,337
141990,6,4,1,18,28,68,140,46,208,86,168,254
141990,6,4,2,18,28,68,140,46,208,86,168,254
141990,7,999,1,40,75,189,474,115,663,229,549,778
141990,7,999,2,40,75,189,474,115,663,229,549,778
141990,8,5,1,21,28,65,161,49,226,86,189,275
141990,8,5,2,21,28,65,161,49,226,86,189,275
141990,9,6,1,7,21,43,109,28,152,50,130,180
141990,9,6,2,7,21,43,109,28,152,50,130,180
141990,10,7,1,5,12,27,69,17,96,32,81,113
141990,10,7,2,5,12,27,69,17,96,32,81,113
141990,11,8,1,3,13,27,68,16,95,30,81,111
141990,11,8,2,3,13,27,68,16,95,30,81,111
141990,12,9,1,3,1,23,49,4,72,26,50,76
141990,12,9,2,3,1,23,49,4,72,26,50,76
141990,13,10,1,1,0,4,18,1,22,5,18,23
141990,13,10,2,1,0,4,18,1,22,5,18,23
142115,1,412,1,6170,8051,3952,5896,14221,9848,10122,13947,24069
142115,1,112,2,5702,7271,3233,4557,12973,7790,8935,11828,20763
142115,1,312,5,468,780,719,1339,1248,2058,1187,2119,3306
142115,2,999,1,4988,6677,2250,3066,11665,5316,7238,9743,16981
142115,2,999,2,4872,6443,2195,2949,11315,5144,7067,9392,16459
142115,2,999,5,116,234,55,117,350,172,171,351,522
142115,3,1,1,72,126,1477,2062,198,3539,1549,2188,3737
142115,3,1,2,72,126,1477,2062,198,3539,1549,2188,3737
142115,4,2,1,1955,2937,175,172,4892,347,2130,3109,5239
142115,4,2,2,1954,2936,174,172,4890,346,2128,3108,5236
142115,4,2,5,1,1,1,0,2,1,2,1,3
142115,5,3,1,1944,2497,201,264,4441,465,2145,2761,4906
142115,5,3,2,1937,2479,200,259,4416,459,2137,2738,4875
142115,5,3,5,7,18,1,5,25,6,8,23,31
142115,6,4,1,1017,1117,397,568,2134,965,1414,1685,3099
142115,6,4,2,909,902,344,456,1811,800,1253,1358,2611
142115,6,4,5,108,215,53,112,323,165,161,327,488
142115,7,999,1,1182,1374,1702,2830,2556,4532,2884,4204,7088
142115,7,999,2,830,828,1038,1608,1658,2646,1868,2436,4304
142115,7,999,5,352,546,664,1222,898,1886,1016,1768,2784
142115,8,5,1,624,657,530,827,1281,1357,1154,1484,2638
142115,8,5,2,466,404,391,565,870,956,857,969,1826
142115,8,5,5,158,253,139,262,411,401,297,515,812
142115,9,6,1,289,300,404,615,589,1019,693,915,1608
142115,9,6,2,196,184,237,373,380,610,433,557,990
142115,9,6,5,93,116,167,242,209,409,260,358,618
142115,10,7,1,132,195,318,444,327,762,450,639,1089
142115,10,7,2,84,122,173,233,206,406,257,355,612
142115,10,7,5,48,73,145,211,121,356,193,284,477
142115,11,8,1,102,172,298,645,274,943,400,817,1217
142115,11,8,2,61,88,161,297,149,458,222,385,607
142115,11,8,5,41,84,137,348,125,485,178,432,610
142115,12,9,1,33,50,131,272,83,403,164,322,486
142115,12,9,2,22,30,65,122,52,187,87,152,239
142115,12,9,5,11,20,66,150,31,216,77,170,247
142115,13,10,1,2,0,21,27,2,48,23,27,50
142115,13,10,2,1,0,11,18,1,29,12,18,30
142115,13,10,5,1,0,10,9,1,19,11,9,20
142179,1,412,1,233,325,356,889,558,1245,589,1214,1803
142179,1,112,2,233,325,356,889,558,1245,589,1214,1803
142179,2,999,1,148,212,271,592,360,863,419,804,1223
142179,2,999,2,148,212,271,592,360,863,419,804,1223
142179,3,1,1,3,1,108,235,4,343,111,236,347
142179,3,1,2,3,1,108,235,4,343,111,236,347
142179,4,2,1,47,101,60,124,148,184,107,225,332
142179,4,2,2,47,101,60,124,148,184,107,225,332
142179,5,3,1,51,69,46,123,120,169,97,192,289
142179,5,3,2,51,69,46,123,120,169,97,192,289
142179,6,4,1,47,41,57,110,88,167,104,151,255
142179,6,4,2,47,41,57,110,88,167,104,151,255
142179,7,999,1,85,113,84,295,198,379,169,408,577
142179,7,999,2,85,113,84,295,198,379,169,408,577
142179,8,5,1,47,54,27,100,101,127,74,154,228
142179,8,5,2,47,54,27,100,101,127,74,154,228
142179,9,6,1,19,25,23,69,44,92,42,94,136
142179,9,6,2,19,25,23,69,44,92,42,94,136
142179,10,7,1,10,16,9,62,26,71,19,78,97
142179,10,7,2,10,16,9,62,26,71,19,78,97
142179,11,8,1,6,16,20,54,22,74,26,70,96
142179,11,8,2,6,16,20,54,22,74,26,70,96
142179,12,9,1,3,2,5,9,5,14,8,11,19
142179,12,9,2,3,2,5,9,5,14,8,11,19
142179,13,10,1,0,0,0,1,0,1,0,1,1
142179,13,10,2,0,0,0,1,0,1,0,1,1
142179,14,11,1,0,0,1,2,0,3,1,2,3
142179,14,11,2,0,0,1,2,0,3,1,2,3
142276,1,412,1,2992,4096,1877,2801,7088,4678,4869,6897,11766
142276,1,112,2,2394,3223,1598,2360,5617,3958,3992,5583,9575
142276,1,312,5,598,873,279,441,1471,720,877,1314,2191
142276,2,999,1,2008,2857,1234,1819,4865,3053,3242,4676,7918
142276,2,999,2,1862,2561,1225,1786,4423,3011,3087,4347,7434
142276,2,999,5,146,296,9,33,442,42,155,329,484
142276,3,1,1,31,54,894,1353,85,2247,925,1407,2332
142276,3,1,2,31,54,894,1353,85,2247,925,1407,2332
142276,4,2,1,642,1048,156,177,1690,333,798,1225,2023
142276,4,2,2,642,1048,156,177,1690,333,798,1225,2023
142276,5,3,1,649,882,64,106,1531,170,713,988,1701
142276,5,3,2,637,861,64,106,1498,170,701,967,1668
142276,5,3,5,12,21,0,0,33,0,12,21,33
142276,6,4,1,686,873,120,183,1559,303,806,1056,1862
142276,6,4,2,552,598,111,150,1150,261,663,748,1411
142276,6,4,5,134,275,9,33,409,42,143,308,451
142276,7,999,1,984,1239,643,982,2223,1625,1627,2221,3848
142276,7,999,2,532,662,373,574,1194,947,905,1236,2141
142276,7,999,5,452,577,270,408,1029,678,722,985,1707
142276,8,5,1,561,593,177,274,1154,451,738,867,1605
142276,8,5,2,305,298,122,174,603,296,427,472,899
142276,8,5,5,256,295,55,100,551,155,311,395,706
142276,9,6,1,230,254,132,185,484,317,362,439,801
142276,9,6,2,118,142,79,112,260,191,197,254,451
142276,9,6,5,112,112,53,73,224,126,165,185,350
142276,10,7,1,97,160,115,183,257,298,212,343,555
142276,10,7,2,48,94,65,112,142,177,113,206,319
142276,10,7,5,49,66,50,71,115,121,99,137,236
142276,11,8,1,69,176,132,203,245,335,201,379,580
142276,11,8,2,42,101,62,102,143,164,104,203,307
142276,11,8,5,27,75,70,101,102,171,97,176,273
142276,12,9,1,23,51,73,118,74,191,96,169,265
142276,12,9,2,17,26,34,61,43,95,51,87,138
142276,12,9,5,6,25,39,57,31,96,45,82,127
142276,13,10,1,4,5,14,19,9,33,18,24,42
142276,13,10,2,2,1,11,13,3,24,13,14,27
142276,13,10,5,2,4,3,6,6,9,5,10,15
142285,1,412,1,3919,3971,1388,1513,7890,2901,5307,5484,10791
142285,1,112,2,3094,3229,926,1117,6323,2043,4020,4346,8366
142285,1,312,5,825,742,462,396,1567,858,1287,1138,2425
142285,2,999,1,3022,3311,796,972,6333,1768,3818,4283,8101
142285,2,999,2,2825,3039,759,931,5864,1690,3584,3970,7554
142285,2,999,5,197,272,37,41,469,78,234,313,547
142285,3,1,1,15,27,537,744,42,1281,552,771,1323
142285,3,1,2,15,27,537,744,42,1281,552,771,1323
142285,4,2,1,1050,1306,81,74,2356,155,1131,1380,2511
142285,4,2,2,1050,1306,81,74,2356,155,1131,1380,2511
142285,5,3,1,1119,1277,51,45,2396,96,1170,1322,2492
142285,5,3,2,1115,1261,50,45,2376,95,1165,1306,2471
142285,5,3,5,4,16,1,0,20,1,5,16,21
142285,6,4,1,838,701,127,109,1539,236,965,810,1775
142285,6,4,2,645,445,91,68,1090,159,736,513,1249
142285,6,4,5,193,256,36,41,449,77,229,297,526
142285,7,999,1,897,660,592,541,1557,1133,1489,1201,2690
142285,7,999,2,269,190,167,186,459,353,436,376,812
142285,7,999,5,628,470,425,355,1098,780,1053,825,1878
142285,8,5,1,489,343,172,159,832,331,661,502,1163
142285,8,5,2,173,83,66,66,256,132,239,149,388
142285,8,5,5,316,260,106,93,576,199,422,353,775
142285,9,6,1,232,132,133,116,364,249,365,248,613
142285,9,6,2,59,44,34,29,103,63,93,73,166
142285,9,6,5,173,88,99,87,261,186,272,175,447
142285,10,7,1,99,65,109,86,164,195,208,151,359
142285,10,7,2,22,24,23,27,46,50,45,51,96
142285,10,7,5,77,41,86,59,118,145,163,100,263
142285,11,8,1,56,85,115,115,141,230,171,200,371
142285,11,8,2,12,23,24,41,35,65,36,64,100
142285,11,8,5,44,62,91,74,106,165,135,136,271
142285,12,9,1,20,35,54,57,55,111,74,92,166
142285,12,9,2,3,16,13,16,19,29,16,32,48
142285,12,9,5,17,19,41,41,36,82,58,60,118
142285,13,10,1,1,0,9,8,1,17,10,8,18
142285,13,10,2,0,0,7,7,0,14,7,7,14
142285,13,10,5,1,0,2,1,1,3,3,1,4
142328,1,412,1,803,1358,538,1157,2161,1695,1341,2515,3856
142328,1,112,2,803,1358,538,1157,2161,1695,1341,2515,3856
142328,2,999,1,641,1052,410,744,1693,1154,1051,1796,2847
142328,2,999,2,641,1052,410,744,1693,1154,1051,1796,2847
142328,3,1,1,52,91,320,569,143,889,372,660,1032
142328,3,1,2,52,91,320,569,143,889,372,660,1032
142328,4,2,1,253,416,49,69,669,118,302,485,787
142328,4,2,2,253,416,49,69,669,118,302,485,787
142328,5,3,1,214,342,9,35,556,44,223,377,600
142328,5,3,2,214,342,9,35,556,44,223,377,600
142328,6,4,1,122,203,32,71,325,103,154,274,428
142328,6,4,2,122,203,32,71,325,103,154,274,428
142328,7,999,1,162,306,128,413,468,541,290,719,1009
142328,7,999,2,162,306,128,413,468,541,290,719,1009
142328,8,5,1,78,120,26,108,198,134,104,228,332
142328,8,5,2,78,120,26,108,198,134,104,228,332
142328,9,6,1,39,72,32,77,111,109,71,149,220
142328,9,6,2,39,72,32,77,111,109,71,149,220
142328,10,7,1,24,48,22,65,72,87,46,113,159
142328,10,7,2,24,48,22,65,72,87,46,113,159
142328,11,8,1,17,52,27,102,69,129,44,154,198
142328,11,8,2,17,52,27,102,69,129,44,154,198
142328,12,9,1,4,14,16,54,18,70,20,68,88
142328,12,9,2,4,14,16,54,18,70,20,68,88
142328,13,10,1,0,0,5,7,0,12,5,7,12
142328,13,10,2,0,0,5,7,0,12,5,7,12
142407,1,412,1,6,47,1,22,53,23,7,69,76
142407,1,112,2,6,47,1,22,53,23,7,69,76
142407,2,999,1,5,35,1,16,40,17,6,51,57
142407,2,999,2,5,35,1,16,40,17,6,51,57
142407,4,2,1,2,17,1,5,19,6,3,22,25
142407,4,2,2,2,17,1,5,19,6,3,22,25
142407,5,3,1,1,12,0,3,13,3,1,15,16
142407,5,3,2,1,12,0,3,13,3,1,15,16
142407,6,4,1,2,6,0,8,8,8,2,14,16
142407,6,4,2,2,6,0,8,8,8,2,14,16
142407,7,999,1,1,12,0,6,13,6,1,18,19
142407,7,999,2,1,12,0,6,13,6,1,18,19
142407,8,5,1,0,8,0,4,8,4,0,12,12
142407,8,5,2,0,8,0,4,8,4,0,12,12
142407,9,6,1,0,2,0,2,2,2,0,4,4
142407,9,6,2,0,2,0,2,2,2,0,4,4
142407,10,7,1,1,2,0,0,3,0,1,2,3
142407,10,7,2,1,2,0,0,3,0,1,2,3
142443,1,412,1,815,975,954,1993,1790,2947,1769,2968,4737
142443,1,112,2,815,975,954,1993,1790,2947,1769,2968,4737
142443,2,999,1,625,792,716,1269,1417,1985,1341,2061,3402
142443,2,999,2,625,792,716,1269,1417,1985,1341,2061,3402
142443,3,1,1,78,177,370,593,255,963,448,770,1218
142443,3,1,2,78,177,370,593,255,963,448,770,1218
142443,4,2,1,329,407,145,246,736,391,474,653,1127
142443,4,2,2,329,407,145,246,736,391,474,653,1127
142443,5,3,1,137,128,118,223,265,341,255,351,606
142443,5,3,2,137,128,118,223,265,341,255,351,606
142443,6,4,1,81,80,83,207,161,290,164,287,451
142443,6,4,2,81,80,83,207,161,290,164,287,451
142443,7,999,1,190,183,238,724,373,962,428,907,1335
142443,7,999,2,190,183,238,724,373,962,428,907,1335
142443,8,5,1,93,74,95,239,167,334,188,313,501
142443,8,5,2,93,74,95,239,167,334,188,313,501
142443,9,6,1,39,46,68,157,85,225,107,203,310
142443,9,6,2,39,46,68,157,85,225,107,203,310
142443,10,7,1,21,27,27,113,48,140,48,140,188
142443,10,7,2,21,27,27,113,48,140,48,140,188
142443,11,8,1,25,27,18,105,52,123,43,132,175
142443,11,8,2,25,27,18,105,52,123,43,132,175
142443,12,9,1,11,9,19,55,20,74,30,64,94
142443,12,9,2,11,9,19,55,20,74,30,64,94
142443,13,10,1,1,0,11,55,1,66,12,55,67
142443,13,10,2,1,0,11,55,1,66,12,55,67
142559,1,412,1,744,1096,1973,3508,1840,5481,2717,4604,7321
142559,1,112,2,744,1096,1973,3508,1840,5481,2717,4604,7321
142559,2,999,1,632,886,1724,2887,1518,4611,2356,3773,6129
142559,2,999,2,632,886,1724,2887,1518,4611,2356,3773,6129
142559,3,1,1,22,44,1352,2113,66,3465,1374,2157,3531
142559,3,1,2,22,44,1352,2113,66,3465,1374,2157,3531
142559,4,2,1,371,562,171,295,933,466,542,857,1399
142559,4,2,2,371,562,171,295,933,466,542,857,1399
142559,5,3,1,167,195,117,240,362,357,284,435,719
142559,5,3,2,167,195,117,240,362,357,284,435,719
142559,6,4,1,72,85,84,239,157,323,156,324,480
142559,6,4,2,72,85,84,239,157,323,156,324,480
142559,7,999,1,112,210,249,621,322,870,361,831,1192
142559,7,999,2,112,210,249,621,322,870,361,831,1192
142559,8,5,1,54,90,87,251,144,338,141,341,482
142559,8,5,2,54,90,87,251,144,338,141,341,482
142559,9,6,1,25,52,58,136,77,194,83,188,271
142559,9,6,2,25,52,58,136,77,194,83,188,271
142559,10,7,1,12,32,38,93,44,131,50,125,175
142559,10,7,2,12,32,38,93,44,131,50,125,175
142559,11,8,1,15,28,34,89,43,123,49,117,166
142559,11,8,2,15,28,34,89,43,123,49,117,166
142559,12,9,1,5,8,22,40,13,62,27,48,75
142559,12,9,2,5,8,22,40,13,62,27,48,75
142559,13,10,1,1,0,10,12,1,22,11,12,23
142559,13,10,2,1,0,10,12,1,22,11,12,23
142832,1,412,1,202,936,109,479,1138,588,311,1415,1726
142832,1,312,5,202,936,109,479,1138,588,311,1415,1726
142832,2,999,1,41,255,8,57,296,65,49,312,361
142832,2,999,5,41,255,8,57,296,65,49,312,361
142832,5,3,1,0,7,0,2,7,2,0,9,9
142832,5,3,5,0,7,0,2,7,2,0,9,9
142832,6,4,1,41,248,8,55,289,63,49,303,352
142832,6,4,5,41,248,8,55,289,63,49,303,352
142832,7,999,1,159,675,100,417,834,517,259,1092,1351
142832,7,999,5,159,675,100,417,834,517,259,1092,1351
142832,8,5,1,76,352,39,177,428,216,115,529,644
142832,8,5,5,76,352,39,177,428,216,115,529,644
142832,9,6,1,35,126,28,87,161,115,63,213,276
142832,9,6,5,35,126,28,87,161,115,63,213,276
142832,10,7,1,27,75,13,57,102,70,40,132,172
142832,10,7,5,27,75,13,57,102,70,40,132,172
142832,11,8,1,14,76,11,60,90,71,25,136,161
142832,11,8,5,14,76,11,60,90,71,25,136,161
142832,12,9,1,6,44,7,35,50,42,13,79,92
142832,12,9,5,6,44,7,35,50,42,13,79,92
142832,13,10,1,1,2,2,1,3,3,3,3,6
142832,13,10,5,1,2,2,1,3,3,3,3,6
142832,14,11,1,2,6,1,5,8,6,3,11,14
142832,14,11,5,2,6,1,5,8,6,3,11,14
142887,1,412,1,39,89,12,29,128,41,51,118,169
142887,1,112,2,39,89,12,29,128,41,51,118,169
142887,2,999,1,38,84,10,26,122,36,48,110,158
142887,2,999,2,38,84,10,26,122,36,48,110,158
142887,4,2,1,19,33,2,5,52,7,21,38,59
142887,4,2,2,19,33,2,5,52,7,21,38,59
142887,5,3,1,15,35,3,11,50,14,18,46,64
142887,5,3,2,15,35,3,11,50,14,18,46,64
142887,6,4,1,4,16,5,10,20,15,9,26,35
142887,6,4,2,4,16,5,10,20,15,9,26,35
142887,7,999,1,1,5,2,3,6,5,3,8,11
142887,7,999,2,1,5,2,3,6,5,3,8,11
142887,8,5,1,1,5,2,3,6,5,3,8,11
142887,8,5,2,1,5,2,3,6,5,3,8,11
143118,1,412,1,1495,3231,364,1175,4726,1539,1859,4406,6265
143118,1,112,2,1344,2478,87,249,3822,336,1431,2727,4158
143118,1,312,5,151,753,277,926,904,1203,428,1679,2107
143118,2,999,1,1280,2467,57,176,3747,233,1337,2643,3980
143118,2,999,2,1225,2201,39,86,3426,125,1264,2287,3551
143118,2,999,5,55,266,18,90,321,108,73,356,429
143118,3,1,1,7,15,0,0,22,0,7,15,22
143118,3,1,2,7,15,0,0,22,0,7,15,22
143118,4,2,1,520,919,2,2,1439,4,522,921,1443
143118,4,2,2,520,919,2,2,1439,4,522,921,1443
143118,5,3,1,476,896,9,34,1372,43,485,930,1415
143118,5,3,2,472,888,9,34,1360,43,481,922,1403
143118,5,3,5,4,8,0,0,12,0,4,8,12
143118,6,4,1,277,637,46,140,914,186,323,777,1100
143118,6,4,2,226,379,28,50,605,78,254,429,683
143118,6,4,5,51,258,18,90,309,108,69,348,417
143118,7,999,1,215,764,307,997,979,1304,522,1761,2283
143118,7,999,2,119,277,48,163,396,211,167,440,607
143118,7,999,5,96,487,259,834,583,1093,355,1321,1676
143118,8,5,1,132,352,88,312,484,400,220,664,884
143118,8,5,2,75,139,22,57,214,79,97,196,293
143118,8,5,5,57,213,66,255,270,321,123,468,591
143118,9,6,1,34,158,55,179,192,234,89,337,426
143118,9,6,2,17,60,5,35,77,40,22,95,117
143118,9,6,5,17,98,50,144,115,194,67,242,309
143118,10,7,1,23,92,55,153,115,208,78,245,323
143118,10,7,2,12,32,8,24,44,32,20,56,76
143118,10,7,5,11,60,47,129,71,176,58,189,247
143118,11,8,1,21,114,81,251,135,332,102,365,467
143118,11,8,2,12,34,8,39,46,47,20,73,93
143118,11,8,5,9,80,73,212,89,285,82,292,374
143118,12,9,1,5,47,27,95,52,122,32,142,174
143118,12,9,2,3,12,4,8,15,12,7,20,27
143118,12,9,5,2,35,23,87,37,110,25,122,147
143118,13,10,1,0,1,1,7,1,8,1,8,9
143118,13,10,2,0,0,1,0,0,1,1,0,1
143118,13,10,5,0,1,0,7,1,7,0,8,8
143118,14,11,1,0,0,0,2,0,2,0,2,2
143118,14,11,5,0,0,0,2,0,2,0,2,2
143215,1,412,1,1370,1667,1606,2263,3037,3869,2976,3930,6906
143215,1,112,2,1370,1667,1606,2263,3037,3869,2976,3930,6906
143215,2,999,1,1134,1329,977,1172,2463,2149,2111,2501,4612
143215,2,999,2,1134,1329,977,1172,2463,2149,2111,2501,4612
143215,3,1,1,66,138,173,222,204,395,239,360,599
143215,3,1,2,66,138,173,222,204,395,239,360,599
143215,4,2,1,630,721,248,284,1351,532,878,1005,1883
143215,4,2,2,630,721,248,284,1351,532,878,1005,1883
143215,5,3,1,297,305,309,336,602,645,606,641,1247
143215,5,3,2,297,305,309,336,602,645,606,641,1247
143215,6,4,1,141,165,247,330,306,577,388,495,883
143215,6,4,2,141,165,247,330,306,577,388,495,883
143215,7,999,1,236,338,629,1091,574,1720,865,1429,2294
143215,7,999,2,236,338,629,1091,574,1720,865,1429,2294
143215,8,5,1,100,152,229,359,252,588,329,511,840
143215,8,5,2,100,152,229,359,252,588,329,511,840
143215,9,6,1,53,82,139,247,135,386,192,329,521
143215,9,6,2,53,82,139,247,135,386,192,329,521
143215,10,7,1,25,48,82,151,73,233,107,199,306
143215,10,7,2,25,48,82,151,73,233,107,199,306
143215,11,8,1,45,44,104,206,89,310,149,250,399
143215,11,8,2,45,44,104,206,89,310,149,250,399
143215,12,9,1,12,10,69,110,22,179,81,120,201
143215,12,9,2,12,10,69,110,22,179,81,120,201
143215,13,10,1,1,2,6,18,3,24,7,20,27
143215,13,10,2,1,2,6,18,3,24,7,20,27
143279,1,412,1,534,832,840,1537,1366,2377,1374,2369,3743
143279,1,112,2,534,832,840,1537,1366,2377,1374,2369,3743
143279,2,999,1,478,713,676,1134,1191,1810,1154,1847,3001
143279,2,999,2,478,713,676,1134,1191,1810,1154,1847,3001
143279,3,1,1,15,27,349,546,42,895,364,573,937
143279,3,1,2,15,27,349,546,42,895,364,573,937
143279,4,2,1,308,480,160,250,788,410,468,730,1198
143279,4,2,2,308,480,160,250,788,410,468,730,1198
143279,5,3,1,130,145,94,186,275,280,224,331,555
143279,5,3,2,130,145,94,186,275,280,224,331,555
143279,6,4,1,25,61,73,152,86,225,98,213,311
143279,6,4,2,25,61,73,152,86,225,98,213,311
143279,7,999,1,56,119,164,403,175,567,220,522,742
143279,7,999,2,56,119,164,403,175,567,220,522,742
143279,8,5,1,25,47,48,137,72,185,73,184,257
143279,8,5,2,25,47,48,137,72,185,73,184,257
143279,9,6,1,15,37,32,106,52,138,47,143,190
143279,9,6,2,15,37,32,106,52,138,47,143,190
143279,10,7,1,5,16,29,66,21,95,34,82,116
143279,10,7,2,5,16,29,66,21,95,34,82,116
143279,11,8,1,7,18,39,67,25,106,46,85,131
143279,11,8,2,7,18,39,67,25,106,46,85,131
143279,12,9,1,4,1,13,24,5,37,17,25,42
143279,12,9,2,4,1,13,24,5,37,17,25,42
143279,13,10,1,0,0,3,3,0,6,3,3,6
143279,13,10,2,0,0,3,3,0,6,3,3,6
143288,1,412,1,222,282,2,10,504,12,224,292,516
143288,1,112,2,222,282,2,10,504,12,224,292,516
143288,2,999,1,200,255,0,7,455,7,200,262,462
143288,2,999,2,200,255,0,7,455,7,200,262,462
143288,3,1,1,3,1,0,0,4,0,3,1,4
143288,3,1,2,3,1,0,0,4,0,3,1,4
143288,4,2,1,84,112,0,0,196,0,84,112,196
143288,4,2,2,84,112,0,0,196,0,84,112,196
143288,5,3,1,77,117,0,2,194,2,77,119,196
143288,5,3,2,77,117,0,2,194,2,77,119,196
143288,6,4,1,36,25,0,5,61,5,36,30,66
143288,6,4,2,36,25,0,5,61,5,36,30,66
143288,7,999,1,22,27,2,3,49,5,24,30,54
143288,7,999,2,22,27,2,3,49,5,24,30,54
143288,8,5,1,10,8,1,3,18,4,11,11,22
143288,8,5,2,10,8,1,3,18,4,11,11,22
143288,9,6,1,3,3,1,0,6,1,4,3,7
143288,9,6,2,3,3,1,0,6,1,4,3,7
143288,10,7,1,5,6,0,0,11,0,5,6,11
143288,10,7,2,5,6,0,0,11,0,5,6,11
143288,11,8,1,2,4,0,0,6,0,2,4,6
143288,11,8,2,2,4,0,0,6,0,2,4,6
143288,12,9,1,2,6,0,0,8,0,2,6,8
143288,12,9,2,2,6,0,0,8,0,2,6,8
143358,1,412,1,2266,2515,234,840,4781,1074,2500,3355,5855
143358,1,112,2,2174,2276,69,55,4450,124,2243,2331,4574
143358,1,312,5,92,239,165,785,331,950,257,1024,1281
143358,2,999,1,2178,2339,59,101,4517,160,2237,2440,4677
143358,2,999,2,2128,2254,45,34,4382,79,2173,2288,4461
143358,2,999,5,50,85,14,67,135,81,64,152,216
143358,3,1,1,4,19,1,0,23,1,5,19,24
143358,3,1,2,4,19,1,0,23,1,5,19,24
143358,4,2,1,856,974,6,5,1830,11,862,979,1841
143358,4,2,2,856,974,6,4,1830,10,862,978,1840
143358,4,2,5,0,0,0,1,0,1,0,1,1
143358,5,3,1,982,1034,11,13,2016,24,993,1047,2040
143358,5,3,2,979,1033,11,12,2012,23,990,1045,2035
143358,5,3,5,3,1,0,1,4,1,3,2,5
143358,6,4,1,336,312,41,83,648,124,377,395,772
143358,6,4,2,289,228,27,18,517,45,316,246,562
143358,6,4,5,47,84,14,65,131,79,61,149,210
143358,7,999,1,88,176,175,739,264,914,263,915,1178
143358,7,999,2,46,22,24,21,68,45,70,43,113
143358,7,999,5,42,154,151,718,196,869,193,872,1065
143358,8,5,1,51,65,45,204,116,249,96,269,365
143358,8,5,2,29,12,12,7,41,19,41,19,60
143358,8,5,5,22,53,33,197,75,230,55,250,305
143358,9,6,1,17,35,34,139,52,173,51,174,225
143358,9,6,2,9,5,3,2,14,5,12,7,19
143358,9,6,5,8,30,31,137,38,168,39,167,206
143358,10,7,1,9,29,27,102,38,129,36,131,167
143358,10,7,2,5,3,1,4,8,5,6,7,13
143358,10,7,5,4,26,26,98,30,124,30,124,154
143358,11,8,1,11,34,39,183,45,222,50,217,267
143358,11,8,2,3,2,3,2,5,5,6,4,10
143358,11,8,5,8,32,36,181,40,217,44,213,257
143358,12,9,1,0,13,23,101,13,124,23,114,137
143358,12,9,2,0,0,2,4,0,6,2,4,6
143358,12,9,5,0,13,21,97,13,118,21,110,131
143358,13,10,1,0,0,7,10,0,17,7,10,17
143358,13,10,2,0,0,3,2,0,5,3,2,5
143358,13,10,5,0,0,4,8,0,12,4,8,12
143376,1,412,1,8,129,4,70,137,74,12,199,211
143376,1,112,2,8,129,4,70,137,74,12,199,211
143376,2,999,1,3,78,0,35,81,35,3,113,116
143376,2,999,2,3,78,0,35,81,35,3,113,116
143376,3,1,1,0,2,0,0,2,0,0,2,2
143376,3,1,2,0,2,0,0,2,0,0,2,2
143376,4,2,1,0,22,0,9,22,9,0,31,31
143376,4,2,2,0,22,0,9,22,9,0,31,31
143376,5,3,1,2,29,0,9,31,9,2,38,40
143376,5,3,2,2,29,0,9,31,9,2,38,40
143376,6,4,1,1,25,0,17,26,17,1,42,43
143376,6,4,2,1,25,0,17,26,17,1,42,43
143376,7,999,1,5,51,3,35,56,38,8,86,94
143376,7,999,2,5,51,3,35,56,38,8,86,94
143376,8,5,1,2,21,1,19,23,20,3,40,43
143376,8,5,2,2,21,1,19,23,20,3,40,43
143376,9,6,1,1,11,2,5,12,7,3,16,19
143376,9,6,2,1,11,2,5,12,7,3,16,19
143376,10,7,1,1,9,0,5,10,5,1,14,15
143376,10,7,2,1,9,0,5,10,5,1,14,15
143376,11,8,1,1,8,0,4,9,4,1,12,13
143376,11,8,2,1,8,0,4,9,4,1,12,13
143376,12,9,1,0,2,0,2,2,2,0,4,4
143376,12,9,2,0,2,0,2,2,2,0,4,4
143376,14,11,1,0,0,1,0,0,1,1,0,1
143376,14,11,2,0,0,1,0,0,1,1,0,1
143613,1,412,1,286,406,341,722,692,1063,627,1128,1755
143613,1,112,2,286,406,341,722,692,1063,627,1128,1755
143613,2,999,1,258,328,272,510,586,782,530,838,1368
143613,2,999,2,258,328,272,510,586,782,530,838,1368
143613,3,1,1,13,20,152,300,33,452,165,320,485
143613,3,1,2,13,20,152,300,33,452,165,320,485
143613,4,2,1,168,197,60,81,365,141,228,278,506
143613,4,2,2,168,197,60,81,365,141,228,278,506
143613,5,3,1,64,70,43,66,134,109,107,136,243
143613,5,3,2,64,70,43,66,134,109,107,136,243
143613,6,4,1,13,41,17,63,54,80,30,104,134
143613,6,4,2,13,41,17,63,54,80,30,104,134
143613,7,999,1,28,78,69,212,106,281,97,290,387
143613,7,999,2,28,78,69,212,106,281,97,290,387
143613,8,5,1,15,41,20,82,56,102,35,123,158
143613,8,5,2,15,41,20,82,56,102,35,123,158
143613,9,6,1,3,18,16,40,21,56,19,58,77
143613,9,6,2,3,18,16,40,21,56,19,58,77
143613,10,7,1,4,10,8,34,14,42,12,44,56
143613,10,7,2,4,10,8,34,14,42,12,44,56
143613,11,8,1,5,9,11,35,14,46,16,44,60
143613,11,8,2,5,9,11,35,14,46,16,44,60
143613,12,9,1,1,0,9,16,1,25,10,16,26
143613,12,9,2,1,0,9,16,1,25,10,16,26
143613,13,10,1,0,0,5,5,0,10,5,5,10
143613,13,10,2,0,0,5,5,0,10,5,5,10
143853,1,412,1,1088,1849,16,27,2937,43,1104,1876,2980
143853,1,312,5,1088,1849,16,27,2937,43,1104,1876,2980
143853,2,999,1,393,929,3,8,1322,11,396,937,1333
143853,2,999,5,393,929,3,8,1322,11,396,937,1333
143853,5,3,1,21,59,0,0,80,0,21,59,80
143853,5,3,5,21,59,0,0,80,0,21,59,80
143853,6,4,1,372,870,3,8,1242,11,375,878,1253
143853,6,4,5,372,870,3,8,1242,11,375,878,1253
143853,7,999,1,694,920,13,19,1614,32,707,939,1646
143853,7,999,5,694,920,13,19,1614,32,707,939,1646
143853,8,5,1,583,806,9,12,1389,21,592,818,1410
143853,8,5,5,583,806,9,12,1389,21,592,818,1410
143853,9,6,1,88,80,2,6,168,8,90,86,176
143853,9,6,5,88,80,2,6,168,8,90,86,176
143853,10,7,1,15,21,2,1,36,3,17,22,39
143853,10,7,5,15,21,2,1,36,3,17,22,39
143853,11,8,1,8,12,0,0,20,0,8,12,20
143853,11,8,5,8,12,0,0,20,0,8,12,20
143853,12,9,1,0,1,0,0,1,0,0,1,1
143853,12,9,5,0,1,0,0,1,0,0,1,1
143853,14,11,1,1,0,0,0,1,0,1,0,1
143853,14,11,5,1,0,0,0,1,0,1,0,1
144005,1,412,1,479,1105,285,775,1584,1060,764,1880,2644
144005,1,112,2,317,769,153,446,1086,599,470,1215,1685
144005,1,312,5,162,336,132,329,498,461,294,665,959
144005,2,999,1,225,520,52,119,745,171,277,639,916
144005,2,999,2,194,475,49,106,669,155,243,581,824
144005,2,999,5,31,45,3,13,76,16,34,58,92
144005,3,1,1,2,6,0,0,8,0,2,6,8
144005,3,1,2,2,6,0,0,8,0,2,6,8
144005,4,2,1,57,175,11,24,232,35,68,199,267
144005,4,2,2,57,175,11,24,232,35,68,199,267
144005,5,3,1,71,133,11,24,204,35,82,157,239
144005,5,3,2,71,131,11,24,202,35,82,155,237
144005,5,3,5,0,2,0,0,2,0,0,2,2
144005,6,4,1,95,206,30,71,301,101,125,277,402
144005,6,4,2,64,163,27,58,227,85,91,221,312
144005,6,4,5,31,43,3,13,74,16,34,56,90
144005,7,999,1,254,585,233,656,839,889,487,1241,1728
144005,7,999,2,123,294,104,340,417,444,227,634,861
144005,7,999,5,131,291,129,316,422,445,260,607,867
144005,8,5,1,112,271,58,182,383,240,170,453,623
144005,8,5,2,55,134,28,111,189,139,83,245,328
144005,8,5,5,57,137,30,71,194,101,87,208,295
144005,9,6,1,53,114,42,106,167,148,95,220,315
144005,9,6,2,32,60,25,67,92,92,57,127,184
144005,9,6,5,21,54,17,39,75,56,38,93,131
144005,10,7,1,29,62,27,93,91,120,56,155,211
144005,10,7,2,13,33,13,46,46,59,26,79,105
144005,10,7,5,16,29,14,47,45,61,30,76,106
144005,11,8,1,38,88,54,126,126,180,92,214,306
144005,11,8,2,12,45,22,58,57,80,34,103,137
144005,11,8,5,26,43,32,68,69,100,58,111,169
144005,12,9,1,18,42,40,124,60,164,58,166,224
144005,12,9,2,9,18,13,51,27,64,22,69,91
144005,12,9,5,9,24,27,73,33,100,36,97,133
144005,13,10,1,4,8,12,25,12,37,16,33,49
144005,13,10,2,2,4,3,7,6,10,5,11,16
144005,13,10,5,2,4,9,18,6,27,11,22,33
144050,1,412,1,8339,7271,1392,832,15610,2224,9731,8103,17834
144050,1,112,2,3654,3366,16,20,7020,36,3670,3386,7056
144050,1,312,5,4685,3905,1376,812,8590,2188,6061,4717,10778
144050,2,999,1,4898,4773,123,149,9671,272,5021,4922,9943
144050,2,999,2,3633,3358,16,20,6991,36,3649,3378,7027
144050,2,999,5,1265,1415,107,129,2680,236,1372,1544,2916
144050,3,1,1,43,68,11,16,111,27,54,84,138
144050,3,1,2,43,68,11,16,111,27,54,84,138
144050,4,2,1,1605,1513,5,0,3118,5,1610,1513,3123
144050,4,2,2,1603,1510,3,0,3113,3,1606,1510,3116
144050,4,2,5,2,3,2,0,5,2,4,3,7
144050,5,3,1,1752,1668,7,7,3420,14,1759,1675,3434
144050,5,3,2,1705,1595,2,4,3300,6,1707,1599,3306
144050,5,3,5,47,73,5,3,120,8,52,76,128
144050,6,4,1,1498,1524,100,126,3022,226,1598,1650,3248
144050,6,4,2,282,185,0,0,467,0,282,185,467
144050,6,4,5,1216,1339,100,126,2555,226,1316,1465,2781
144050,7,999,1,3441,2498,1269,683,5939,1952,4710,3181,7891
144050,7,999,2,21,8,0,0,29,0,21,8,29
144050,7,999,5,3420,2490,1269,683,5910,1952,4689,3173,7862
144050,8,5,1,2115,1741,502,311,3856,813,2617,2052,4669
144050,8,5,2,20,7,0,0,27,0,20,7,27
144050,8,5,5,2095,1734,502,311,3829,813,2597,2045,4642
144050,9,6,1,859,523,465,206,1382,671,1324,729,2053
144050,9,6,2,1,0,0,0,1,0,1,0,1
144050,9,6,5,858,523,465,206,1381,671,1323,729,2052
144050,10,7,1,290,162,155,72,452,227,445,234,679
144050,10,7,2,0,1,0,0,1,0,0,1,1
144050,10,7,5,290,161,155,72,451,227,445,233,678
144050,11,8,1,148,60,103,65,208,168,251,125,376
144050,11,8,5,148,60,103,65,208,168,251,125,376
144050,12,9,1,28,12,31,26,40,57,59,38,97
144050,12,9,5,28,12,31,26,40,57,59,38,97
144050,13,10,1,1,0,13,3,1,16,14,3,17
144050,13,10,5,1,0,13,3,1,16,14,3,17
144157,1,412,1,283,499,367,729,782,1096,650,1228,1878
144157,1,112,2,283,499,367,729,782,1096,650,1228,1878
144157,2,999,1,150,201,207,293,351,500,357,494,851
144157,2,999,2,150,201,207,293,351,500,357,494,851
144157,3,1,1,2,2,70,132,4,202,72,134,206
144157,3,1,2,2,2,70,132,4,202,72,134,206
144157,4,2,1,69,74,52,47,143,99,121,121,242
144157,4,2,2,69,74,52,47,143,99,121,121,242
144157,5,3,1,48,73,43,48,121,91,91,121,212
144157,5,3,2,48,73,43,48,121,91,91,121,212
144157,6,4,1,31,52,42,66,83,108,73,118,191
144157,6,4,2,31,52,42,66,83,108,73,118,191
144157,7,999,1,131,298,160,436,429,596,291,734,1025
144157,7,999,2,131,298,160,436,429,596,291,734,1025
144157,8,5,1,47,93,37,103,140,140,84,196,280
144157,8,5,2,47,93,37,103,140,140,84,196,280
144157,9,6,1,28,62,30,92,90,122,58,154,212
144157,9,6,2,28,62,30,92,90,122,58,154,212
144157,10,7,1,23,39,29,72,62,101,52,111,163
144157,10,7,2,23,39,29,72,62,101,52,111,163
144157,11,8,1,18,51,29,88,69,117,47,139,186
144157,11,8,2,18,51,29,88,69,117,47,139,186
144157,12,9,1,13,49,30,70,62,100,43,119,162
144157,12,9,2,13,49,30,70,62,100,43,119,162
144157,13,10,1,2,4,5,11,6,16,7,15,22
144157,13,10,2,2,4,5,11,6,16,7,15,22
144157,14,11,1,2,0,0,0,2,0,2,0,2
144157,14,11,2,2,0,0,0,2,0,2,0,2
144166,1,412,1,653,2132,1078,3410,2785,4488,1731,5542,7273
144166,1,112,2,653,2132,1078,3410,2785,4488,1731,5542,7273
144166,2,999,1,456,1406,604,1804,1862,2408,1060,3210,4270
144166,2,999,2,456,1406,604,1804,1862,2408,1060,3210,4270
144166,3,1,1,3,11,144,230,14,374,147,241,388
144166,3,1,2,3,11,144,230,14,374,147,241,388
144166,4,2,1,228,739,164,478,967,642,392,1217,1609
144166,4,2,2,228,739,164,478,967,642,392,1217,1609
144166,5,3,1,136,354,147,581,490,728,283,935,1218
144166,5,3,2,136,354,147,581,490,728,283,935,1218
144166,6,4,1,89,302,149,515,391,664,238,817,1055
144166,6,4,2,89,302,149,515,391,664,238,817,1055
144166,7,999,1,197,726,473,1605,923,2078,670,2331,3001
144166,7,999,2,197,726,473,1605,923,2078,670,2331,3001
144166,8,5,1,79,314,173,609,393,782,252,923,1175
144166,8,5,2,79,314,173,609,393,782,252,923,1175
144166,9,6,1,47,171,110,388,218,498,157,559,716
144166,9,6,2,47,171,110,388,218,498,157,559,716
144166,10,7,1,26,88,67,228,114,295,93,316,409
144166,10,7,2,26,88,67,228,114,295,93,316,409
144166,11,8,1,24,104,78,249,128,327,102,353,455
144166,11,8,2,24,104,78,249,128,327,102,353,455
144166,12,9,1,19,43,40,122,62,162,59,165,224
144166,12,9,2,19,43,40,122,62,162,59,165,224
144166,13,10,1,2,6,5,9,8,14,7,15,22
144166,13,10,2,2,6,5,9,8,14,7,15,22
144166,14,11,1,0,0,1,1,0,2,1,1,2
144166,14,11,2,0,0,1,1,0,2,1,1,2
144175,1,412,1,217,532,358,848,749,1206,575,1380,1955
144175,1,112,2,217,532,358,848,749,1206,575,1380,1955
144175,2,999,1,113,214,210,392,327,602,323,606,929
144175,2,999,2,113,214,210,392,327,602,323,606,929
144175,3,1,1,4,5,85,160,9,245,89,165,254
144175,3,1,2,4,5,85,160,9,245,89,165,254
144175,4,2,1,57,71,41,59,128,100,98,130,228
144175,4,2,2,57,71,41,59,128,100,98,130,228
144175,5,3,1,39,78,43,68,117,111,82,146,228
144175,5,3,2,39,78,43,68,117,111,82,146,228
144175,6,4,1,13,60,41,105,73,146,54,165,219
144175,6,4,2,13,60,41,105,73,146,54,165,219
144175,7,999,1,104,318,148,455,422,603,252,773,1025
144175,7,999,2,104,318,148,455,422,603,252,773,1025
144175,8,5,1,26,72,40,125,98,165,66,197,263
144175,8,5,2,26,72,40,125,98,165,66,197,263
144175,9,6,1,17,72,37,111,89,148,54,183,237
144175,9,6,2,17,72,37,111,89,148,54,183,237
144175,10,7,1,24,48,16,70,72,86,40,118,158
144175,10,7,2,24,48,16,70,72,86,40,118,158
144175,11,8,1,22,65,35,100,87,135,57,165,222
144175,11,8,2,22,65,35,100,87,135,57,165,222
144175,12,9,1,14,48,19,47,62,66,33,95,128
144175,12,9,2,14,48,19,47,62,66,33,95,128
144175,13,10,1,1,13,1,2,14,3,2,15,17
144175,13,10,2,1,13,1,2,14,3,2,15,17
144175,14,11,1,0,0,0,1,0,1,0,1,1
144175,14,11,2,0,0,0,1,0,1,0,1,1
144184,1,412,1,452,749,1355,2630,1201,3985,1807,3379,5186
144184,1,112,2,452,749,1355,2630,1201,3985,1807,3379,5186
144184,2,999,1,280,406,410,618,686,1028,690,1024,1714
144184,2,999,2,280,406,410,618,686,1028,690,1024,1714
144184,3,1,1,9,6,34,90,15,124,43,96,139
144184,3,1,2,9,6,34,90,15,124,43,96,139
144184,4,2,1,118,170,105,117,288,222,223,287,510
144184,4,2,2,118,170,105,117,288,222,223,287,510
144184,5,3,1,85,130,108,178,215,286,193,308,501
144184,5,3,2,85,130,108,178,215,286,193,308,501
144184,6,4,1,68,100,163,233,168,396,231,333,564
144184,6,4,2,68,100,163,233,168,396,231,333,564
144184,7,999,1,172,343,945,2008,515,2953,1117,2351,3468
144184,7,999,2,172,343,945,2008,515,2953,1117,2351,3468
144184,8,5,1,69,133,215,485,202,700,284,618,902
144184,8,5,2,69,133,215,485,202,700,284,618,902
144184,9,6,1,42,73,215,450,115,665,257,523,780
144184,9,6,2,42,73,215,450,115,665,257,523,780
144184,10,7,1,28,53,173,326,81,499,201,379,580
144184,10,7,2,28,53,173,326,81,499,201,379,580
144184,11,8,1,18,61,190,443,79,633,208,504,712
144184,11,8,2,18,61,190,443,79,633,208,504,712
144184,12,9,1,14,20,121,258,34,379,135,278,413
144184,12,9,2,14,20,121,258,34,379,135,278,413
144184,13,10,1,1,3,31,46,4,77,32,49,81
144184,13,10,2,1,3,31,46,4,77,32,49,81
144184,14,11,1,0,0,0,4,0,4,0,4,4
144184,14,11,2,0,0,0,4,0,4,0,4,4
144193,1,412,1,721,764,1197,2247,1485,3444,1918,3011,4929
144193,1,112,2,721,764,1197,2247,1485,3444,1918,3011,4929
144193,2,999,1,475,442,715,897,917,1612,1190,1339,2529
144193,2,999,2,475,442,715,897,917,1612,1190,1339,2529
144193,3,1,1,8,20,203,365,28,568,211,385,596
144193,3,1,2,8,20,203,365,28,568,211,385,596
144193,4,2,1,233,198,216,167,431,383,449,365,814
144193,4,2,2,233,198,216,167,431,383,449,365,814
144193,5,3,1,138,126,159,180,264,339,297,306,603
144193,5,3,2,138,126,159,180,264,339,297,306,603
144193,6,4,1,96,98,137,185,194,322,233,283,516
144193,6,4,2,96,98,137,185,194,322,233,283,516
144193,7,999,1,246,322,481,1349,568,1830,727,1671,2398
144193,7,999,2,246,322,481,1349,568,1830,727,1671,2398
144193,8,5,1,100,104,138,306,204,444,238,410,648
144193,8,5,2,100,104,138,306,204,444,238,410,648
144193,9,6,1,56,67,92,218,123,310,148,285,433
144193,9,6,2,56,67,92,218,123,310,148,285,433
144193,10,7,1,38,50,85,211,88,296,123,261,384
144193,10,7,2,38,50,85,211,88,296,123,261,384
144193,11,8,1,37,60,105,377,97,482,142,437,579
144193,11,8,2,37,60,105,377,97,482,142,437,579
144193,12,9,1,14,37,50,215,51,265,64,252,316
144193,12,9,2,14,37,50,215,51,265,64,252,316
144193,13,10,1,1,4,11,22,5,33,12,26,38
144193,13,10,2,1,4,11,22,5,33,12,26,38
144193,14,11,1,0,0,1,1,0,2,1,1,2
144193,14,11,2,0,0,1,1,0,2,1,1,2
144209,1,412,1,1139,1598,1458,2284,2737,3742,2597,3882,6479
144209,1,112,2,1139,1598,1458,2284,2737,3742,2597,3882,6479
144209,2,999,1,963,1322,1025,1524,2285,2549,1988,2846,4834
144209,2,999,2,963,1322,1025,1524,2285,2549,1988,2846,4834
144209,3,1,1,8,11,218,422,19,640,226,433,659
144209,3,1,2,8,11,218,422,19,640,226,433,659
144209,4,2,1,440,649,243,292,1089,535,683,941,1624
144209,4,2,2,440,649,243,292,1089,535,683,941,1624
144209,5,3,1,354,420,312,409,774,721,666,829,1495
144209,5,3,2,354,420,312,409,774,721,666,829,1495
144209,6,4,1,161,242,252,401,403,653,413,643,1056
144209,6,4,2,161,242,252,401,403,653,413,643,1056
144209,7,999,1,176,276,432,756,452,1188,608,1032,1640
144209,7,999,2,176,276,432,756,452,1188,608,1032,1640
144209,8,5,1,111,159,189,344,270,533,300,503,803
144209,8,5,2,111,159,189,344,270,533,300,503,803
144209,9,6,1,37,73,120,188,110,308,157,261,418
144209,9,6,2,37,73,120,188,110,308,157,261,418
144209,10,7,1,14,26,54,81,40,135,68,107,175
144209,10,7,2,14,26,54,81,40,135,68,107,175
144209,11,8,1,10,9,35,87,19,122,45,96,141
144209,11,8,2,10,9,35,87,19,122,45,96,141
144209,12,9,1,4,7,26,47,11,73,30,54,84
144209,12,9,2,4,7,26,47,11,73,30,54,84
144209,13,10,1,0,2,8,9,2,17,8,11,19
144209,13,10,2,0,2,8,9,2,17,8,11,19
144209,14,11,1,0,0,1,4,0,5,1,4,5
144209,14,11,2,0,0,1,4,0,5,1,4,5
144218,1,412,1,1301,1812,1872,2961,3113,4833,3173,4773,7946
144218,1,112,2,1301,1812,1872,2961,3113,4833,3173,4773,7946
144218,2,999,1,1004,1085,1145,1378,2089,2523,2149,2463,4612
144218,2,999,2,1004,1085,1145,1378,2089,2523,2149,2463,4612
144218,3,1,1,11,9,183,278,20,461,194,287,481
144218,3,1,2,11,9,183,278,20,461,194,287,481
144218,4,2,1,559,581,324,315,1140,639,883,896,1779
144218,4,2,2,559,581,324,315,1140,639,883,896,1779
144218,5,3,1,283,335,325,379,618,704,608,714,1322
144218,5,3,2,283,335,325,379,618,704,608,714,1322
144218,6,4,1,151,160,313,406,311,719,464,566,1030
144218,6,4,2,151,160,313,406,311,719,464,566,1030
144218,7,999,1,297,726,726,1580,1023,2306,1023,2306,3329
144218,7,999,2,297,726,726,1580,1023,2306,1023,2306,3329
144218,8,5,1,131,203,280,489,334,769,411,692,1103
144218,8,5,2,131,203,280,489,334,769,411,692,1103
144218,9,6,1,60,133,139,333,193,472,199,466,665
144218,9,6,2,60,133,139,333,193,472,199,466,665
144218,10,7,1,35,110,105,231,145,336,140,341,481
144218,10,7,2,35,110,105,231,145,336,140,341,481
144218,11,8,1,40,168,111,315,208,426,151,483,634
144218,11,8,2,40,168,111,315,208,426,151,483,634
144218,12,9,1,24,98,71,189,122,260,95,287,382
144218,12,9,2,24,98,71,189,122,260,95,287,382
144218,13,10,1,7,14,20,23,21,43,27,37,64
144218,13,10,2,7,14,20,23,21,43,27,37,64
144218,14,11,1,0,1,1,3,1,4,1,4,5
144218,14,11,2,0,1,1,3,1,4,1,4,5
144281,1,412,1,2557,3745,206,261,6302,467,2763,4006,6769
144281,1,112,2,2487,3630,192,233,6117,425,2679,3863,6542
144281,1,312,5,70,115,14,28,185,42,84,143,227
144281,2,999,1,2332,3529,125,152,5861,277,2457,3681,6138
144281,2,999,2,2309,3489,124,143,5798,267,2433,3632,6065
144281,2,999,5,23,40,1,9,63,10,24,49,73
144281,3,1,1,16,57,0,1,73,1,16,58,74
144281,3,1,2,16,57,0,1,73,1,16,58,74
144281,4,2,1,1081,1696,25,22,2777,47,1106,1718,2824
144281,4,2,2,1081,1696,25,22,2777,47,1106,1718,2824
144281,5,3,1,821,1281,36,35,2102,71,857,1316,2173
144281,5,3,2,821,1277,36,35,2098,71,857,1312,2169
144281,5,3,5,0,4,0,0,4,0,0,4,4
144281,6,4,1,414,495,64,94,909,158,478,589,1067
144281,6,4,2,391,459,63,85,850,148,454,544,998
144281,6,4,5,23,36,1,9,59,10,24,45,69
144281,7,999,1,225,216,81,109,441,190,306,325,631
144281,7,999,2,178,141,68,90,319,158,246,231,477
144281,7,999,5,47,75,13,19,122,32,60,94,154
144281,8,5,1,155,149,49,67,304,116,204,216,420
144281,8,5,2,128,108,42,57,236,99,170,165,335
144281,8,5,5,27,41,7,10,68,17,34,51,85
144281,9,6,1,42,38,17,20,80,37,59,58,117
144281,9,6,2,31,18,16,15,49,31,47,33,80
144281,9,6,5,11,20,1,5,31,6,12,25,37
144281,10,7,1,16,10,3,10,26,13,19,20,39
144281,10,7,2,13,4,1,8,17,9,14,12,26
144281,10,7,5,3,6,2,2,9,4,5,8,13
144281,11,8,1,8,10,5,7,18,12,13,17,30
144281,11,8,2,5,7,3,5,12,8,8,12,20
144281,11,8,5,3,3,2,2,6,4,5,5,10
144281,12,9,1,4,9,6,4,13,10,10,13,23
144281,12,9,2,1,4,6,4,5,10,7,8,15
144281,12,9,5,3,5,0,0,8,0,3,5,8
144281,13,10,1,0,0,1,1,0,2,1,1,2
144281,13,10,2,0,0,0,1,0,1,0,1,1
144281,13,10,5,0,0,1,0,0,1,1,0,1
144351,1,412,1,692,933,1526,3340,1625,4866,2218,4273,6491
144351,1,112,2,560,724,102,152,1284,254,662,876,1538
144351,1,312,5,132,209,1424,3188,341,4612,1556,3397,4953
144351,2,999,1,532,664,133,238,1196,371,665,902,1567
144351,2,999,2,502,620,42,56,1122,98,544,676,1220
144351,2,999,5,30,44,91,182,74,273,121,226,347
144351,3,1,1,2,3,12,13,5,25,14,16,30
144351,3,1,2,2,3,12,13,5,25,14,16,30
144351,4,2,1,245,247,3,3,492,6,248,250,498
144351,4,2,2,245,247,3,3,492,6,248,250,498
144351,5,3,1,190,257,11,19,447,30,201,276,477
144351,5,3,2,189,256,11,12,445,23,200,268,468
144351,5,3,5,1,1,0,7,2,7,1,8,9
144351,6,4,1,95,157,107,203,252,310,202,360,562
144351,6,4,2,66,114,16,28,180,44,82,142,224
144351,6,4,5,29,43,91,175,72,266,120,218,338
144351,7,999,1,160,268,1393,3102,428,4495,1553,3370,4923
144351,7,999,2,58,103,60,96,161,156,118,199,317
144351,7,999,5,102,165,1333,3006,267,4339,1435,3171,4606
144351,8,5,1,69,107,332,723,176,1055,401,830,1231
144351,8,5,2,28,43,17,29,71,46,45,72,117
144351,8,5,5,41,64,315,694,105,1009,356,758,1114
144351,9,6,1,39,64,287,560,103,847,326,624,950
144351,9,6,2,17,30,11,14,47,25,28,44,72
144351,9,6,5,22,34,276,546,56,822,298,580,878
144351,10,7,1,21,33,233,494,54,727,254,527,781
144351,10,7,2,5,15,8,11,20,19,13,26,39
144351,10,7,5,16,18,225,483,34,708,241,501,742
144351,11,8,1,24,44,353,821,68,1174,377,865,1242
144351,11,8,2,7,12,8,12,19,20,15,24,39
144351,11,8,5,17,32,345,809,49,1154,362,841,1203
144351,12,9,1,6,18,165,445,24,610,171,463,634
144351,12,9,2,1,2,3,8,3,11,4,10,14
144351,12,9,5,5,16,162,437,21,599,167,453,620
144351,13,10,1,1,2,23,59,3,82,24,61,85
144351,13,10,2,0,1,13,22,1,35,13,23,36
144351,13,10,5,1,1,10,37,2,47,11,38,49
144351,14,11,1,0,1,0,0,1,0,0,1,1
144351,14,11,2,0,1,0,0,1,0,0,1,1
144485,1,412,1,404,127,0,0,531,0,404,127,531
144485,1,112,2,404,127,0,0,531,0,404,127,531
144485,2,999,1,207,58,0,0,265,0,207,58,265
144485,2,999,2,207,58,0,0,265,0,207,58,265
144485,4,2,1,50,6,0,0,56,0,50,6,56
144485,4,2,2,50,6,0,0,56,0,50,6,56
144485,5,3,1,75,17,0,0,92,0,75,17,92
144485,5,3,2,75,17,0,0,92,0,75,17,92
144485,6,4,1,82,35,0,0,117,0,82,35,117
144485,6,4,2,82,35,0,0,117,0,82,35,117
144485,7,999,1,197,69,0,0,266,0,197,69,266
144485,7,999,2,197,69,0,0,266,0,197,69,266
144485,8,5,1,101,42,0,0,143,0,101,42,143
144485,8,5,2,101,42,0,0,143,0,101,42,143
144485,9,6,1,48,13,0,0,61,0,48,13,61
144485,9,6,2,48,13,0,0,61,0,48,13,61
144485,10,7,1,19,10,0,0,29,0,19,10,29
144485,10,7,2,19,10,0,0,29,0,19,10,29
144485,11,8,1,25,2,0,0,27,0,25,2,27
144485,11,8,2,25,2,0,0,27,0,25,2,27
144485,12,9,1,4,2,0,0,6,0,4,2,6
144485,12,9,2,4,2,0,0,6,0,4,2,6
144564,1,412,1,313,484,609,765,797,1374,922,1249,2171
144564,1,112,2,313,484,609,765,797,1374,922,1249,2171
144564,2,999,1,255,340,371,486,595,857,626,826,1452
144564,2,999,2,255,340,371,486,595,857,626,826,1452
144564,3,1,1,14,27,205,300,41,505,219,327,546
144564,3,1,2,14,27,205,300,41,505,219,327,546
144564,4,2,1,160,180,74,73,340,147,234,253,487
144564,4,2,2,160,180,74,73,340,147,234,253,487
144564,5,3,1,62,81,46,61,143,107,108,142,250
144564,5,3,2,62,81,46,61,143,107,108,142,250
144564,6,4,1,19,52,46,52,71,98,65,104,169
144564,6,4,2,19,52,46,52,71,98,65,104,169
144564,7,999,1,58,144,237,278,202,515,295,422,717
144564,7,999,2,58,144,237,278,202,515,295,422,717
144564,8,5,1,24,61,61,75,85,136,85,136,221
144564,8,5,2,24,61,61,75,85,136,85,136,221
144564,9,6,1,16,35,56,58,51,114,72,93,165
144564,9,6,2,16,35,56,58,51,114,72,93,165
144564,10,7,1,8,14,33,42,22,75,41,56,97
144564,10,7,2,8,14,33,42,22,75,41,56,97
144564,11,8,1,9,21,51,62,30,113,60,83,143
144564,11,8,2,9,21,51,62,30,113,60,83,143
144564,12,9,1,1,11,29,33,12,62,30,44,74
144564,12,9,2,1,11,29,33,12,62,30,44,74
144564,13,10,1,0,2,7,8,2,15,7,10,17
144564,13,10,2,0,2,7,8,2,15,7,10,17
144564,14,11,1,0,0,1,1,0,2,1,1,2
144564,14,11,2,0,0,1,1,0,2,1,1,2
144865,1,412,1,3548,3707,5809,7946,7255,13755,9357,11653,21010
144865,1,112,2,3548,3707,5809,7946,7255,13755,9357,11653,21010
144865,2,999,1,3146,3129,4188,4790,6275,8978,7334,7919,15253
144865,2,999,2,3146,3129,4188,4790,6275,8978,7334,7919,15253
144865,3,1,1,26,133,958,1344,159,2302,984,1477,2461
144865,3,1,2,26,133,958,1344,159,2302,984,1477,2461
144865,4,2,1,1786,1844,1176,1129,3630,2305,2962,2973,5935
144865,4,2,2,1786,1844,1176,1129,3630,2305,2962,2973,5935
144865,5,3,1,924,780,1093,1198,1704,2291,2017,1978,3995
144865,5,3,2,924,780,1093,1198,1704,2291,2017,1978,3995
144865,6,4,1,410,372,961,1119,782,2080,1371,1491,2862
144865,6,4,2,410,372,961,1119,782,2080,1371,1491,2862
144865,7,999,1,402,578,1621,3156,980,4777,2023,3734,5757
144865,7,999,2,402,578,1621,3156,980,4777,2023,3734,5757
144865,8,5,1,242,279,678,1056,521,1734,920,1335,2255
144865,8,5,2,242,279,678,1056,521,1734,920,1335,2255
144865,9,6,1,90,137,300,607,227,907,390,744,1134
144865,9,6,2,90,137,300,607,227,907,390,744,1134
144865,10,7,1,30,61,191,446,91,637,221,507,728
144865,10,7,2,30,61,191,446,91,637,221,507,728
144865,11,8,1,30,76,244,595,106,839,274,671,945
144865,11,8,2,30,76,244,595,106,839,274,671,945
144865,12,9,1,10,24,157,396,34,553,167,420,587
144865,12,9,2,10,24,157,396,34,553,167,420,587
144865,13,10,1,0,1,51,56,1,107,51,57,108
144865,13,10,2,0,1,51,56,1,107,51,57,108
144883,1,412,1,196,218,2,3,414,5,198,221,419
144883,1,112,2,196,218,2,3,414,5,198,221,419
144883,2,999,1,139,176,1,0,315,1,140,176,316
144883,2,999,2,139,176,1,0,315,1,140,176,316
144883,3,1,1,1,0,0,0,1,0,1,0,1
144883,3,1,2,1,0,0,0,1,0,1,0,1
144883,4,2,1,61,78,0,0,139,0,61,78,139
144883,4,2,2,61,78,0,0,139,0,61,78,139
144883,5,3,1,33,51,0,0,84,0,33,51,84
144883,5,3,2,33,51,0,0,84,0,33,51,84
144883,6,4,1,44,47,1,0,91,1,45,47,92
144883,6,4,2,44,47,1,0,91,1,45,47,92
144883,7,999,1,57,42,1,3,99,4,58,45,103
144883,7,999,2,57,42,1,3,99,4,58,45,103
144883,8,5,1,34,21,1,1,55,2,35,22,57
144883,8,5,2,34,21,1,1,55,2,35,22,57
144883,9,6,1,11,10,0,1,21,1,11,11,22
144883,9,6,2,11,10,0,1,21,1,11,11,22
144883,10,7,1,6,3,0,0,9,0,6,3,9
144883,10,7,2,6,3,0,0,9,0,6,3,9
144883,11,8,1,4,5,0,1,9,1,4,6,10
144883,11,8,2,4,5,0,1,9,1,4,6,10
144883,12,9,1,1,3,0,0,4,0,1,3,4
144883,12,9,2,1,3,0,0,4,0,1,3,4
144883,13,10,1,1,0,0,0,1,0,1,0,1
144883,13,10,2,1,0,0,0,1,0,1,0,1
144892,1,412,1,1819,2878,1584,2345,4697,3929,3403,5223,8626
144892,1,112,2,1600,2482,1272,1615,4082,2887,2872,4097,6969
144892,1,312,5,219,396,312,730,615,1042,531,1126,1657
144892,2,999,1,1592,2530,1161,1406,4122,2567,2753,3936,6689
144892,2,999,2,1468,2280,1136,1311,3748,2447,2604,3591,6195
144892,2,999,5,124,250,25,95,374,120,149,345,494
144892,3,1,1,9,13,1001,1134,22,2135,1010,1147,2157
144892,3,1,2,9,13,1001,1134,22,2135,1010,1147,2157
144892,4,2,1,597,995,51,46,1592,97,648,1041,1689
144892,4,2,2,597,995,51,46,1592,97,648,1041,1689
144892,5,3,1,539,925,23,35,1464,58,562,960,1522
144892,5,3,2,539,908,23,34,1447,57,562,942,1504
144892,5,3,5,0,17,0,1,17,1,0,18,18
144892,6,4,1,447,597,86,191,1044,277,533,788,1321
144892,6,4,2,323,364,61,97,687,158,384,461,845
144892,6,4,5,124,233,25,94,357,119,149,327,476
144892,7,999,1,227,348,413,925,575,1338,640,1273,1913
144892,7,999,2,132,202,126,291,334,417,258,493,751
144892,7,999,5,95,146,287,634,241,921,382,780,1162
144892,8,5,1,119,168,110,257,287,367,229,425,654
144892,8,5,2,75,88,34,62,163,96,109,150,259
144892,8,5,5,44,80,76,195,124,271,120,275,395
144892,9,6,1,61,65,98,208,126,306,159,273,432
144892,9,6,2,33,39,26,54,72,80,59,93,152
144892,9,6,5,28,26,72,154,54,226,100,180,280
144892,10,7,1,20,42,72,162,62,234,92,204,296
144892,10,7,2,10,28,17,51,38,68,27,79,106
144892,10,7,5,10,14,55,111,24,166,65,125,190
144892,11,8,1,18,50,89,211,68,300,107,261,368
144892,11,8,2,10,33,32,82,43,114,42,115,157
144892,11,8,5,8,17,57,129,25,186,65,146,211
144892,12,9,1,8,19,40,81,27,121,48,100,148
144892,12,9,2,3,13,17,41,16,58,20,54,74
144892,12,9,5,5,6,23,40,11,63,28,46,74
144892,13,10,1,1,4,4,6,5,10,5,10,15
144892,13,10,2,1,1,0,1,2,1,1,2,3
144892,13,10,5,0,3,4,5,3,9,4,8,12
144892,14,11,1,0,0,10,14,0,24,10,14,24
144892,14,11,2,0,0,10,13,0,23,10,13,23
144892,14,11,5,0,0,0,1,0,1,0,1,1
144944,1,412,1,1371,1475,2010,3026,2846,5036,3381,4501,7882
144944,1,112,2,1371,1475,2010,3026,2846,5036,3381,4501,7882
144944,2,999,1,1234,1321,1473,1849,2555,3322,2707,3170,5877
144944,2,999,2,1234,1321,1473,1849,2555,3322,2707,3170,5877
144944,3,1,1,62,134,157,279,196,436,219,413,632
144944,3,1,2,62,134,157,279,196,436,219,413,632
144944,4,2,1,679,763,453,481,1442,934,1132,1244,2376
144944,4,2,2,679,763,453,481,1442,934,1132,1244,2376
144944,5,3,1,339,309,492,559,648,1051,831,868,1699
144944,5,3,2,339,309,492,559,648,1051,831,868,1699
144944,6,4,1,154,115,371,530,269,901,525,645,1170
144944,6,4,2,154,115,371,530,269,901,525,645,1170
144944,7,999,1,137,154,537,1177,291,1714,674,1331,2005
144944,7,999,2,137,154,537,1177,291,1714,674,1331,2005
144944,8,5,1,81,83,239,443,164,682,320,526,846
144944,8,5,2,81,83,239,443,164,682,320,526,846
144944,9,6,1,30,27,117,283,57,400,147,310,457
144944,9,6,2,30,27,117,283,57,400,147,310,457
144944,10,7,1,12,16,63,140,28,203,75,156,231
144944,10,7,2,12,16,63,140,28,203,75,156,231
144944,11,8,1,12,24,73,207,36,280,85,231,316
144944,11,8,2,12,24,73,207,36,280,85,231,316
144944,12,9,1,1,4,28,86,5,114,29,90,119
144944,12,9,2,1,4,28,86,5,114,29,90,119
144944,13,10,1,1,0,17,18,1,35,18,18,36
144944,13,10,2,1,0,17,18,1,35,18,18,36
144971,1,412,1,248,237,15,11,485,26,263,248,511
144971,1,112,2,248,237,15,11,485,26,263,248,511
144971,2,999,1,236,224,10,5,460,15,246,229,475
144971,2,999,2,236,224,10,5,460,15,246,229,475
144971,4,2,1,112,88,1,1,200,2,113,89,202
144971,4,2,2,112,88,1,1,200,2,113,89,202
144971,5,3,1,87,98,1,0,185,1,88,98,186
144971,5,3,2,87,98,1,0,185,1,88,98,186
144971,6,4,1,37,38,8,4,75,12,45,42,87
144971,6,4,2,37,38,8,4,75,12,45,42,87
144971,7,999,1,12,13,5,6,25,11,17,19,36
144971,7,999,2,12,13,5,6,25,11,17,19,36
144971,8,5,1,8,7,2,3,15,5,10,10,20
144971,8,5,2,8,7,2,3,15,5,10,10,20
144971,9,6,1,2,2,2,0,4,2,4,2,6
144971,9,6,2,2,2,2,0,4,2,4,2,6
144971,10,7,1,1,1,1,1,2,2,2,2,4
144971,10,7,2,1,1,1,1,2,2,2,2,4
144971,11,8,1,1,3,0,2,4,2,1,5,6
144971,11,8,2,1,3,0,2,4,2,1,5,6
145099,1,412,1,15,258,0,0,273,0,15,258,273
145099,1,112,2,15,258,0,0,273,0,15,258,273
145099,2,999,1,8,156,0,0,164,0,8,156,164
145099,2,999,2,8,156,0,0,164,0,8,156,164
145099,3,1,1,0,13,0,0,13,0,0,13,13
145099,3,1,2,0,13,0,0,13,0,0,13,13
145099,4,2,1,1,46,0,0,47,0,1,46,47
145099,4,2,2,1,46,0,0,47,0,1,46,47
145099,5,3,1,3,48,0,0,51,0,3,48,51
145099,5,3,2,3,48,0,0,51,0,3,48,51
145099,6,4,1,4,49,0,0,53,0,4,49,53
145099,6,4,2,4,49,0,0,53,0,4,49,53
145099,7,999,1,7,102,0,0,109,0,7,102,109
145099,7,999,2,7,102,0,0,109,0,7,102,109
145099,8,5,1,7,44,0,0,51,0,7,44,51
145099,8,5,2,7,44,0,0,51,0,7,44,51
145099,9,6,1,0,21,0,0,21,0,0,21,21
145099,9,6,2,0,21,0,0,21,0,0,21,21
145099,10,7,1,0,11,0,0,11,0,0,11,11
145099,10,7,2,0,11,0,0,11,0,0,11,11
145099,11,8,1,0,13,0,0,13,0,0,13,13
145099,11,8,2,0,13,0,0,13,0,0,13,13
145099,12,9,1,0,13,0,0,13,0,0,13,13
145099,12,9,2,0,13,0,0,13,0,0,13,13
145336,1,412,1,872,1642,675,1461,2514,2136,1547,3103,4650
145336,1,112,2,654,1175,420,773,1829,1193,1074,1948,3022
145336,1,312,5,218,467,255,688,685,943,473,1155,1628
145336,2,999,1,538,951,170,270,1489,440,708,1221,1929
145336,2,999,2,479,817,142,215,1296,357,621,1032,1653
145336,2,999,5,59,134,28,55,193,83,87,189,276
145336,3,1,1,0,4,0,0,4,0,0,4,4
145336,3,1,2,0,4,0,0,4,0,0,4,4
145336,4,2,1,81,196,4,15,277,19,85,211,296
145336,4,2,2,81,196,4,15,277,19,85,211,296
145336,5,3,1,149,253,33,59,402,92,182,312,494
145336,5,3,2,148,252,33,57,400,90,181,309,490
145336,5,3,5,1,1,0,2,2,2,1,3,4
145336,6,4,1,308,498,133,196,806,329,441,694,1135
145336,6,4,2,250,365,105,143,615,248,355,508,863
145336,6,4,5,58,133,28,53,191,81,86,186,272
145336,7,999,1,333,691,505,1190,1024,1695,838,1881,2719
145336,7,999,2,174,358,278,557,532,835,452,915,1367
145336,7,999,5,159,333,227,633,492,860,386,966,1352
145336,8,5,1,182,334,161,307,516,468,343,641,984
145336,8,5,2,99,172,110,150,271,260,209,322,531
145336,8,5,5,83,162,51,157,245,208,134,319,453
145336,9,6,1,63,133,82,203,196,285,145,336,481
145336,9,6,2,33,80,43,106,113,149,76,186,262
145336,9,6,5,30,53,39,97,83,136,69,150,219
145336,10,7,1,37,62,59,195,99,254,96,257,353
145336,10,7,2,26,41,25,88,67,113,51,129,180
145336,10,7,5,11,21,34,107,32,141,45,128,173
145336,11,8,1,34,115,128,273,149,401,162,388,550
145336,11,8,2,10,52,64,123,62,187,74,175,249
145336,11,8,5,24,63,64,150,87,214,88,213,301
145336,12,9,1,17,43,64,204,60,268,81,247,328
145336,12,9,2,6,12,32,87,18,119,38,99,137
145336,12,9,5,11,31,32,117,42,149,43,148,191
145336,13,10,1,0,4,11,8,4,19,11,12,23
145336,13,10,2,0,1,4,3,1,7,4,4,8
145336,13,10,5,0,3,7,5,3,12,7,8,15
145336,14,11,1,1,0,0,1,1,1,1,1,2
145336,14,11,2,1,0,0,1,1,1,1,1,2
145372,1,412,1,422,329,82,161,751,243,504,490,994
145372,1,112,2,415,322,28,58,737,86,443,380,823
145372,1,312,5,7,7,54,103,14,157,61,110,171
145372,2,999,1,398,292,33,36,690,69,431,328,759
145372,2,999,2,396,289,15,30,685,45,411,319,730
145372,2,999,5,2,3,18,6,5,24,20,9,29
145372,3,1,1,0,2,4,8,2,12,4,10,14
145372,3,1,2,0,2,4,8,2,12,4,10,14
145372,4,2,1,151,100,1,3,251,4,152,103,255
145372,4,2,2,151,100,1,3,251,4,152,103,255
145372,5,3,1,180,144,7,10,324,17,187,154,341
145372,5,3,2,180,144,4,9,324,13,184,153,337
145372,5,3,5,0,0,3,1,0,4,3,1,4
145372,6,4,1,67,46,21,15,113,36,88,61,149
145372,6,4,2,65,43,6,10,108,16,71,53,124
145372,6,4,5,2,3,15,5,5,20,17,8,25
145372,7,999,1,24,37,49,125,61,174,73,162,235
145372,7,999,2,19,33,13,28,52,41,32,61,93
145372,7,999,5,5,4,36,97,9,133,41,101,142
145372,8,5,1,11,17,15,31,28,46,26,48,74
145372,8,5,2,10,15,6,9,25,15,16,24,40
145372,8,5,5,1,2,9,22,3,31,10,24,34
145372,9,6,1,8,6,7,23,14,30,15,29,44
145372,9,6,2,6,6,0,2,12,2,6,8,14
145372,9,6,5,2,0,7,21,2,28,9,21,30
145372,10,7,1,2,5,7,19,7,26,9,24,33
145372,10,7,2,1,5,0,3,6,3,1,8,9
145372,10,7,5,1,0,7,16,1,23,8,16,24
145372,11,8,1,3,8,14,37,11,51,17,45,62
145372,11,8,2,2,6,6,10,8,16,8,16,24
145372,11,8,5,1,2,8,27,3,35,9,29,38
145372,12,9,1,0,1,5,15,1,20,5,16,21
145372,12,9,2,0,1,1,4,1,5,1,5,6
145372,12,9,5,0,0,4,11,0,15,4,11,15
145372,13,10,1,0,0,1,0,0,1,1,0,1
145372,13,10,5,0,0,1,0,0,1,1,0,1
145521,1,412,1,257,396,210,413,653,623,467,809,1276
145521,1,112,2,257,396,210,413,653,623,467,809,1276
145521,2,999,1,246,336,153,245,582,398,399,581,980
145521,2,999,2,246,336,153,245,582,398,399,581,980
145521,3,1,1,24,31,60,104,55,164,84,135,219
145521,3,1,2,24,31,60,104,55,164,84,135,219
145521,4,2,1,149,213,44,45,362,89,193,258,451
145521,4,2,2,149,213,44,45,362,89,193,258,451
145521,5,3,1,59,72,29,52,131,81,88,124,212
145521,5,3,2,59,72,29,52,131,81,88,124,212
145521,6,4,1,14,20,20,44,34,64,34,64,98
145521,6,4,2,14,20,20,44,34,64,34,64,98
145521,7,999,1,11,60,57,168,71,225,68,228,296
145521,7,999,2,11,60,57,168,71,225,68,228,296
145521,8,5,1,3,23,10,46,26,56,13,69,82
145521,8,5,2,3,23,10,46,26,56,13,69,82
145521,9,6,1,2,23,16,39,25,55,18,62,80
145521,9,6,2,2,23,16,39,25,55,18,62,80
145521,10,7,1,0,5,4,20,5,24,4,25,29
145521,10,7,2,0,5,4,20,5,24,4,25,29
145521,11,8,1,5,8,17,37,13,54,22,45,67
145521,11,8,2,5,8,17,37,13,54,22,45,67
145521,12,9,1,1,1,7,24,2,31,8,25,33
145521,12,9,2,1,1,7,24,2,31,8,25,33
145521,13,10,1,0,0,3,2,0,5,3,2,5
145521,13,10,2,0,0,3,2,0,5,3,2,5
145558,1,412,1,896,1126,18,59,2022,77,914,1185,2099
145558,1,312,5,896,1126,18,59,2022,77,914,1185,2099
145558,2,999,1,259,436,2,11,695,13,261,447,708
145558,2,999,5,259,436,2,11,695,13,261,447,708
145558,5,3,1,5,16,0,0,21,0,5,16,21
145558,5,3,5,5,16,0,0,21,0,5,16,21
145558,6,4,1,254,420,2,11,674,13,256,431,687
145558,6,4,5,254,420,2,11,674,13,256,431,687
145558,7,999,1,637,690,16,48,1327,64,653,738,1391
145558,7,999,5,637,690,16,48,1327,64,653,738,1391
145558,8,5,1,485,509,8,22,994,30,493,531,1024
145558,8,5,5,485,509,8,22,994,30,493,531,1024
145558,9,6,1,103,114,6,11,217,17,109,125,234
145558,9,6,5,103,114,6,11,217,17,109,125,234
145558,10,7,1,33,30,1,8,63,9,34,38,72
145558,10,7,5,33,30,1,8,63,9,34,38,72
145558,11,8,1,16,25,0,5,41,5,16,30,46
145558,11,8,5,16,25,0,5,41,5,16,30,46
145558,12,9,1,0,12,1,2,12,3,1,14,15
145558,12,9,5,0,12,1,2,12,3,1,14,15
145600,1,412,1,12938,15117,2220,3243,28055,5463,15158,18360,33518
145600,1,112,2,9485,10538,988,910,20023,1898,10473,11448,21921
145600,1,312,5,3453,4579,1232,2333,8032,3565,4685,6912,11597
145600,2,999,1,9988,11748,810,786,21736,1596,10798,12534,23332
145600,2,999,2,8741,9947,678,576,18688,1254,9419,10523,19942
145600,2,999,5,1247,1801,132,210,3048,342,1379,2011,3390
145600,3,1,1,93,132,2,1,225,3,95,133,228
145600,3,1,2,93,132,2,1,225,3,95,133,228
145600,4,2,1,3223,4048,98,94,7271,192,3321,4142,7463
145600,4,2,2,3222,4046,98,94,7268,192,3320,4140,7460
145600,4,2,5,1,2,0,0,3,0,1,2,3
145600,5,3,1,3615,4232,198,194,7847,392,3813,4426,8239
145600,5,3,2,3551,4149,198,192,7700,390,3749,4341,8090
145600,5,3,5,64,83,0,2,147,2,64,85,149
145600,6,4,1,3057,3336,512,497,6393,1009,3569,3833,7402
145600,6,4,2,1875,1620,380,289,3495,669,2255,1909,4164
145600,6,4,5,1182,1716,132,208,2898,340,1314,1924,3238
145600,7,999,1,2950,3369,1410,2457,6319,3867,4360,5826,10186
145600,7,999,2,744,591,310,334,1335,644,1054,925,1979
145600,7,999,5,2206,2778,1100,2123,4984,3223,3306,4901,8207
145600,8,5,1,1951,2162,563,850,4113,1413,2514,3012,5526
145600,8,5,2,531,411,181,156,942,337,712,567,1279
145600,8,5,5,1420,1751,382,694,3171,1076,1802,2445,4247
145600,9,6,1,615,696,324,568,1311,892,939,1264,2203
145600,9,6,2,127,111,60,67,238,127,187,178,365
145600,9,6,5,488,585,264,501,1073,765,752,1086,1838
145600,10,7,1,236,280,212,374,516,586,448,654,1102
145600,10,7,2,55,36,32,43,91,75,87,79,166
145600,10,7,5,181,244,180,331,425,511,361,575,936
145600,11,8,1,122,187,203,439,309,642,325,626,951
145600,11,8,2,25,28,25,42,53,67,50,70,120
145600,11,8,5,97,159,178,397,256,575,275,556,831
145600,12,9,1,24,43,99,217,67,316,123,260,383
145600,12,9,2,5,5,11,25,10,36,16,30,46
145600,12,9,5,19,38,88,192,57,280,107,230,337
145600,13,10,1,2,1,9,9,3,18,11,10,21
145600,13,10,2,1,0,1,1,1,2,2,1,3
145600,13,10,5,1,1,8,8,2,16,9,9,18
145619,1,412,1,1079,1202,463,1035,2281,1498,1542,2237,3779
145619,1,112,2,976,963,147,213,1939,360,1123,1176,2299
145619,1,312,5,103,239,316,822,342,1138,419,1061,1480
145619,2,999,1,927,944,106,202,1871,308,1033,1146,2179
145619,2,999,2,910,882,73,92,1792,165,983,974,1957
145619,2,999,5,17,62,33,110,79,143,50,172,222
145619,3,1,1,2,3,0,0,5,0,2,3,5
145619,3,1,2,2,3,0,0,5,0,2,3,5
145619,4,2,1,343,301,4,3,644,7,347,304,651
145619,4,2,2,343,301,4,3,644,7,347,304,651
145619,5,3,1,363,391,15,14,754,29,378,405,783
145619,5,3,2,363,390,15,13,753,28,378,403,781
145619,5,3,5,0,1,0,1,1,1,0,2,2
145619,6,4,1,219,249,87,185,468,272,306,434,740
145619,6,4,2,202,188,54,76,390,130,256,264,520
145619,6,4,5,17,61,33,109,78,142,50,170,220
145619,7,999,1,152,257,357,833,409,1190,509,1090,1599
145619,7,999,2,66,80,74,121,146,195,140,201,341
145619,7,999,5,86,177,283,712,263,995,369,889,1258
145619,8,5,1,67,108,149,299,175,448,216,407,623
145619,8,5,2,44,47,38,45,91,83,82,92,174
145619,8,5,5,23,61,111,254,84,365,134,315,449
145619,9,6,1,39,36,81,179,75,260,120,215,335
145619,9,6,2,15,5,16,20,20,36,31,25,56
145619,9,6,5,24,31,65,159,55,224,89,190,279
145619,10,7,1,14,35,53,131,49,184,67,166,233
145619,10,7,2,3,13,8,22,16,30,11,35,46
145619,10,7,5,11,22,45,109,33,154,56,131,187
145619,11,8,1,18,48,47,162,66,209,65,210,275
145619,11,8,2,3,8,9,24,11,33,12,32,44
145619,11,8,5,15,40,38,138,55,176,53,178,231
145619,12,9,1,14,30,25,61,44,86,39,91,130
145619,12,9,2,1,7,3,10,8,13,4,17,21
145619,12,9,5,13,23,22,51,36,73,35,74,109
145619,13,10,1,0,0,2,1,0,3,2,1,3
145619,13,10,5,0,0,2,1,0,3,2,1,3
145619,14,11,1,0,1,0,0,1,0,0,1,1
145619,14,11,2,0,1,0,0,1,0,0,1,1
145628,1,412,1,154,361,3,13,515,16,157,374,531
145628,1,312,5,154,361,3,13,515,16,157,374,531
145628,2,999,1,49,154,1,6,203,7,50,160,210
145628,2,999,5,49,154,1,6,203,7,50,160,210
145628,5,3,1,0,9,0,0,9,0,0,9,9
145628,5,3,5,0,9,0,0,9,0,0,9,9
145628,6,4,1,49,145,1,6,194,7,50,151,201
145628,6,4,5,49,145,1,6,194,7,50,151,201
145628,7,999,1,105,207,2,7,312,9,107,214,321
145628,7,999,5,105,207,2,7,312,9,107,214,321
145628,8,5,1,88,188,2,5,276,7,90,193,283
145628,8,5,5,88,188,2,5,276,7,90,193,283
145628,9,6,1,12,14,0,1,26,1,12,15,27
145628,9,6,5,12,14,0,1,26,1,12,15,27
145628,10,7,1,1,4,0,1,5,1,1,5,6
145628,10,7,5,1,4,0,1,5,1,1,5,6
145628,11,8,1,4,1,0,0,5,0,4,1,5
145628,11,8,5,4,1,0,0,5,0,4,1,5
145637,1,412,1,23149,20125,5536,3869,43274,9405,28685,23994,52679
145637,1,112,2,17139,14968,1022,554,32107,1576,18161,15522,33683
145637,1,312,5,6010,5157,4514,3315,11167,7829,10524,8472,18996
145637,2,999,1,19113,17067,1467,897,36180,2364,20580,17964,38544
145637,2,999,2,16904,14881,923,489,31785,1412,17827,15370,33197
145637,2,999,5,2209,2186,544,408,4395,952,2753,2594,5347
145637,3,1,1,234,193,61,38,427,99,295,231,526
145637,3,1,2,234,193,61,38,427,99,295,231,526
145637,4,2,1,7537,6843,239,128,14380,367,7776,6971,14747
145637,4,2,2,7535,6843,239,128,14378,367,7774,6971,14745
145637,4,2,5,2,0,0,0,2,0,2,0,2
145637,5,3,1,7767,7112,377,195,14879,572,8144,7307,15451
145637,5,3,2,7604,6977,355,179,14581,534,7959,7156,15115
145637,5,3,5,163,135,22,16,298,38,185,151,336
145637,6,4,1,3575,2919,790,536,6494,1326,4365,3455,7820
145637,6,4,2,1531,868,268,144,2399,412,1799,1012,2811
145637,6,4,5,2044,2051,522,392,4095,914,2566,2443,5009
145637,7,999,1,4036,3058,4069,2972,7094,7041,8105,6030,14135
145637,7,999,2,235,87,99,65,322,164,334,152,486
145637,7,999,5,3801,2971,3970,2907,6772,6877,7771,5878,13649
145637,8,5,1,2136,1797,1159,924,3933,2083,3295,2721,6016
145637,8,5,2,182,62,65,31,244,96,247,93,340
145637,8,5,5,1954,1735,1094,893,3689,1987,3048,2628,5676
145637,9,6,1,960,633,985,718,1593,1703,1945,1351,3296
145637,9,6,2,35,13,13,12,48,25,48,25,73
145637,9,6,5,925,620,972,706,1545,1678,1897,1326,3223
145637,10,7,1,480,298,861,512,778,1373,1341,810,2151
145637,10,7,2,15,3,7,7,18,14,22,10,32
145637,10,7,5,465,295,854,505,760,1359,1319,800,2119
145637,11,8,1,391,263,828,587,654,1415,1219,850,2069
145637,11,8,2,2,7,6,9,9,15,8,16,24
145637,11,8,5,389,256,822,578,645,1400,1211,834,2045
145637,12,9,1,66,63,223,217,129,440,289,280,569
145637,12,9,2,1,2,6,5,3,11,7,7,14
145637,12,9,5,65,61,217,212,126,429,282,273,555
145637,13,10,1,3,4,13,14,7,27,16,18,34
145637,13,10,2,0,0,2,1,0,3,2,1,3
145637,13,10,5,3,4,11,13,7,24,14,17,31
145682,1,412,1,1173,1311,1924,3405,2484,5329,3097,4716,7813
145682,1,112,2,1173,1311,1924,3405,2484,5329,3097,4716,7813
145682,2,999,1,1039,1141,1509,2233,2180,3742,2548,3374,5922
145682,2,999,2,1039,1141,1509,2233,2180,3742,2548,3374,5922
145682,3,1,1,44,82,616,913,126,1529,660,995,1655
145682,3,1,2,44,82,616,913,126,1529,660,995,1655
145682,4,2,1,677,752,426,532,1429,958,1103,1284,2387
145682,4,2,2,677,752,426,532,1429,958,1103,1284,2387
145682,5,3,1,255,213,282,439,468,721,537,652,1189
145682,5,3,2,255,213,282,439,468,721,537,652,1189
145682,6,4,1,63,94,185,349,157,534,248,443,691
145682,6,4,2,63,94,185,349,157,534,248,443,691
145682,7,999,1,134,170,415,1172,304,1587,549,1342,1891
145682,7,999,2,134,170,415,1172,304,1587,549,1342,1891
145682,8,5,1,52,71,155,430,123,585,207,501,708
145682,8,5,2,52,71,155,430,123,585,207,501,708
145682,9,6,1,41,46,90,273,87,363,131,319,450
145682,9,6,2,41,46,90,273,87,363,131,319,450
145682,10,7,1,21,23,62,176,44,238,83,199,282
145682,10,7,2,21,23,62,176,44,238,83,199,282
145682,11,8,1,18,26,57,191,44,248,75,217,292
145682,11,8,2,18,26,57,191,44,248,75,217,292
145682,12,9,1,2,4,41,95,6,136,43,99,142
145682,12,9,2,2,4,41,95,6,136,43,99,142
145682,13,10,1,0,0,10,7,0,17,10,7,17
145682,13,10,2,0,0,10,7,0,17,10,7,17
145691,1,412,1,536,593,3,22,1129,25,539,615,1154
145691,1,112,2,536,593,3,22,1129,25,539,615,1154
145691,2,999,1,523,571,1,6,1094,7,524,577,1101
145691,2,999,2,523,571,1,6,1094,7,524,577,1101
145691,3,1,1,0,2,0,0,2,0,0,2,2
145691,3,1,2,0,2,0,0,2,0,0,2,2
145691,4,2,1,240,283,0,1,523,1,240,284,524
145691,4,2,2,240,283,0,1,523,1,240,284,524
145691,5,3,1,234,256,0,2,490,2,234,258,492
145691,5,3,2,234,256,0,2,490,2,234,258,492
145691,6,4,1,49,30,1,3,79,4,50,33,83
145691,6,4,2,49,30,1,3,79,4,50,33,83
145691,7,999,1,13,22,2,16,35,18,15,38,53
145691,7,999,2,13,22,2,16,35,18,15,38,53
145691,8,5,1,4,9,1,0,13,1,5,9,14
145691,8,5,2,4,9,1,0,13,1,5,9,14
145691,9,6,1,5,4,0,3,9,3,5,7,12
145691,9,6,2,5,4,0,3,9,3,5,7,12
145691,10,7,1,2,5,1,6,7,7,3,11,14
145691,10,7,2,2,5,1,6,7,7,3,11,14
145691,11,8,1,2,3,0,4,5,4,2,7,9
145691,11,8,2,2,3,0,4,5,4,2,7,9
145691,12,9,1,0,1,0,3,1,3,0,4,4
145691,12,9,2,0,1,0,3,1,3,0,4,4
145707,1,412,1,193,260,194,259,453,453,387,519,906
145707,1,112,2,193,260,194,259,453,453,387,519,906
145707,2,999,1,167,197,145,168,364,313,312,365,677
145707,2,999,2,167,197,145,168,364,313,312,365,677
145707,3,1,1,5,7,100,88,12,188,105,95,200
145707,3,1,2,5,7,100,88,12,188,105,95,200
145707,4,2,1,117,133,23,30,250,53,140,163,303
145707,4,2,2,117,133,23,30,250,53,140,163,303
145707,5,3,1,38,44,15,27,82,42,53,71,124
145707,5,3,2,38,44,15,27,82,42,53,71,124
145707,6,4,1,7,13,7,23,20,30,14,36,50
145707,6,4,2,7,13,7,23,20,30,14,36,50
145707,7,999,1,26,63,49,91,89,140,75,154,229
145707,7,999,2,26,63,49,91,89,140,75,154,229
145707,8,5,1,16,27,6,23,43,29,22,50,72
145707,8,5,2,16,27,6,23,43,29,22,50,72
145707,9,6,1,3,10,14,18,13,32,17,28,45
145707,9,6,2,3,10,14,18,13,32,17,28,45
145707,10,7,1,3,11,9,15,14,24,12,26,38
145707,10,7,2,3,11,9,15,14,24,12,26,38
145707,11,8,1,3,8,8,18,11,26,11,26,37
145707,11,8,2,3,8,8,18,11,26,11,26,37
145707,12,9,1,1,7,11,15,8,26,12,22,34
145707,12,9,2,1,7,11,15,8,26,12,22,34
145707,13,10,1,0,0,1,2,0,3,1,2,3
145707,13,10,2,0,0,1,2,0,3,1,2,3
145813,1,412,1,7650,10393,1105,1572,18043,2677,8755,11965,20720
145813,1,112,2,7087,9579,719,602,16666,1321,7806,10181,17987
145813,1,312,5,563,814,386,970,1377,1356,949,1784,2733
145813,2,999,1,7092,9878,598,528,16970,1126,7690,10406,18096
145813,2,999,2,6806,9388,558,433,16194,991,7364,9821,17185
145813,2,999,5,286,490,40,95,776,135,326,585,911
145813,3,1,1,21,36,11,6,57,17,32,42,74
145813,3,1,2,21,36,11,6,57,17,32,42,74
145813,4,2,1,2564,4067,64,56,6631,120,2628,4123,6751
145813,4,2,2,2564,4067,64,56,6631,120,2628,4123,6751
145813,5,3,1,3056,4334,193,187,7390,380,3249,4521,7770
145813,5,3,2,3035,4305,193,186,7340,379,3228,4491,7719
145813,5,3,5,21,29,0,1,50,1,21,30,51
145813,6,4,1,1451,1441,330,279,2892,609,1781,1720,3501
145813,6,4,2,1186,980,290,185,2166,475,1476,1165,2641
145813,6,4,5,265,461,40,94,726,134,305,555,860
145813,7,999,1,558,515,507,1044,1073,1551,1065,1559,2624
145813,7,999,2,281,191,161,169,472,330,442,360,802
145813,7,999,5,277,324,346,875,601,1221,623,1199,1822
145813,8,5,1,372,340,172,316,712,488,544,656,1200
145813,8,5,2,207,129,86,71,336,157,293,200,493
145813,8,5,5,165,211,86,245,376,331,251,456,707
145813,9,6,1,109,97,116,187,206,303,225,284,509
145813,9,6,2,39,35,27,24,74,51,66,59,125
145813,9,6,5,70,62,89,163,132,252,159,225,384
145813,10,7,1,40,43,89,171,83,260,129,214,343
145813,10,7,2,19,11,18,28,30,46,37,39,76
145813,10,7,5,21,32,71,143,53,214,92,175,267
145813,11,8,1,29,29,93,262,58,355,122,291,413
145813,11,8,2,14,12,19,35,26,54,33,47,80
145813,11,8,5,15,17,74,227,32,301,89,244,333
145813,12,9,1,8,6,33,102,14,135,41,108,149
145813,12,9,2,2,4,10,11,6,21,12,15,27
145813,12,9,5,6,2,23,91,8,114,29,93,122
145813,13,10,1,0,0,4,6,0,10,4,6,10
145813,13,10,2,0,0,1,0,0,1,1,0,1
145813,13,10,5,0,0,3,6,0,9,3,6,9
145831,1,412,1,448,533,554,878,981,1432,1002,1411,2413
145831,1,112,2,448,533,554,878,981,1432,1002,1411,2413
145831,2,999,1,390,471,356,583,861,939,746,1054,1800
145831,2,999,2,390,471,356,583,861,939,746,1054,1800
145831,3,1,1,2,9,128,238,11,366,130,247,377
145831,3,1,2,2,9,128,238,11,366,130,247,377
145831,4,2,1,269,358,82,143,627,225,351,501,852
145831,4,2,2,269,358,82,143,627,225,351,501,852
145831,5,3,1,96,77,84,105,173,189,180,182,362
145831,5,3,2,96,77,84,105,173,189,180,182,362
145831,6,4,1,23,27,62,97,50,159,85,124,209
145831,6,4,2,23,27,62,97,50,159,85,124,209
145831,7,999,1,58,62,198,295,120,493,256,357,613
145831,7,999,2,58,62,198,295,120,493,256,357,613
145831,8,5,1,33,26,78,101,59,179,111,127,238
145831,8,5,2,33,26,78,101,59,179,111,127,238
145831,9,6,1,11,10,52,71,21,123,63,81,144
145831,9,6,2,11,10,52,71,21,123,63,81,144
145831,10,7,1,4,12,28,54,16,82,32,66,98
145831,10,7,2,4,12,28,54,16,82,32,66,98
145831,11,8,1,6,8,28,52,14,80,34,60,94
145831,11,8,2,6,8,28,52,14,80,34,60,94
145831,12,9,1,4,6,10,16,10,26,14,22,36
145831,12,9,2,4,6,10,16,10,26,14,22,36
145831,13,10,1,0,0,2,1,0,3,2,1,3
145831,13,10,2,0,0,2,1,0,3,2,1,3
146205,1,412,1,649,832,634,1213,1481,1847,1283,2045,3328
146205,1,112,2,649,832,634,1213,1481,1847,1283,2045,3328
146205,2,999,1,519,644,501,920,1163,1421,1020,1564,2584
146205,2,999,2,519,644,501,920,1163,1421,1020,1564,2584
146205,3,1,1,9,22,235,518,31,753,244,540,784
146205,3,1,2,9,22,235,518,31,753,244,540,784
146205,4,2,1,296,386,116,175,682,291,412,561,973
146205,4,2,2,296,386,116,175,682,291,412,561,973
146205,5,3,1,151,162,102,124,313,226,253,286,539
146205,5,3,2,151,162,102,124,313,226,253,286,539
146205,6,4,1,63,74,48,103,137,151,111,177,288
146205,6,4,2,63,74,48,103,137,151,111,177,288
146205,7,999,1,130,188,131,290,318,421,261,478,739
146205,7,999,2,130,188,131,290,318,421,261,478,739
146205,8,5,1,58,75,55,114,133,169,113,189,302
146205,8,5,2,58,75,55,114,133,169,113,189,302
146205,9,6,1,30,47,21,70,77,91,51,117,168
146205,9,6,2,30,47,21,70,77,91,51,117,168
146205,10,7,1,17,29,19,32,46,51,36,61,97
146205,10,7,2,17,29,19,32,46,51,36,61,97
146205,11,8,1,18,28,21,56,46,77,39,84,123
146205,11,8,2,18,28,21,56,46,77,39,84,123
146205,12,9,1,7,9,6,12,16,18,13,21,34
146205,12,9,2,7,9,6,12,16,18,13,21,34
146205,13,10,1,0,0,9,6,0,15,9,6,15
146205,13,10,2,0,0,9,6,0,15,9,6,15
146205,14,11,1,0,0,2,3,0,5,2,3,5
146205,14,11,2,0,0,2,3,0,5,2,3,5
146278,1,412,1,397,493,303,688,890,991,700,1181,1881
146278,1,112,2,397,493,303,688,890,991,700,1181,1881
146278,2,999,1,343,387,204,418,730,622,547,805,1352
146278,2,999,2,343,387,204,418,730,622,547,805,1352
146278,3,1,1,3,12,78,161,15,239,81,173,254
146278,3,1,2,3,12,78,161,15,239,81,173,254
146278,4,2,1,233,276,53,101,509,154,286,377,663
146278,4,2,2,233,276,53,101,509,154,286,377,663
146278,5,3,1,83,69,37,86,152,123,120,155,275
146278,5,3,2,83,69,37,86,152,123,120,155,275
146278,6,4,1,24,30,36,70,54,106,60,100,160
146278,6,4,2,24,30,36,70,54,106,60,100,160
146278,7,999,1,54,106,99,270,160,369,153,376,529
146278,7,999,2,54,106,99,270,160,369,153,376,529
146278,8,5,1,15,39,22,96,54,118,37,135,172
146278,8,5,2,15,39,22,96,54,118,37,135,172
146278,9,6,1,18,26,22,64,44,86,40,90,130
146278,9,6,2,18,26,22,64,44,86,40,90,130
146278,10,7,1,6,16,22,40,22,62,28,56,84
146278,10,7,2,6,16,22,40,22,62,28,56,84
146278,11,8,1,11,19,25,41,30,66,36,60,96
146278,11,8,2,11,19,25,41,30,66,36,60,96
146278,12,9,1,3,6,6,28,9,34,9,34,43
146278,12,9,2,3,6,6,28,9,34,9,34,43
146278,13,10,1,1,0,2,1,1,3,3,1,4
146278,13,10,2,1,0,2,1,1,3,3,1,4
146296,1,412,1,1798,2117,2433,3919,3915,6352,4231,6036,10267
146296,1,112,2,1798,2117,2433,3919,3915,6352,4231,6036,10267
146296,2,999,1,1642,1838,1787,2458,3480,4245,3429,4296,7725
146296,2,999,2,1642,1838,1787,2458,3480,4245,3429,4296,7725
146296,3,1,1,6,12,163,272,18,435,169,284,453
146296,3,1,2,6,12,163,272,18,435,169,284,453
146296,4,2,1,1071,1175,584,741,2246,1325,1655,1916,3571
146296,4,2,2,1071,1175,584,741,2246,1325,1655,1916,3571
146296,5,3,1,419,465,608,818,884,1426,1027,1283,2310
146296,5,3,2,419,465,608,818,884,1426,1027,1283,2310
146296,6,4,1,146,186,432,627,332,1059,578,813,1391
146296,6,4,2,146,186,432,627,332,1059,578,813,1391
146296,7,999,1,156,279,646,1461,435,2107,802,1740,2542
146296,7,999,2,156,279,646,1461,435,2107,802,1740,2542
146296,8,5,1,81,119,270,518,200,788,351,637,988
146296,8,5,2,81,119,270,518,200,788,351,637,988
146296,9,6,1,37,68,115,298,105,413,152,366,518
146296,9,6,2,37,68,115,298,105,413,152,366,518
146296,10,7,1,21,39,68,203,60,271,89,242,331
146296,10,7,2,21,39,68,203,60,271,89,242,331
146296,11,8,1,12,34,112,294,46,406,124,328,452
146296,11,8,2,12,34,112,294,46,406,124,328,452
146296,12,9,1,5,19,63,129,24,192,68,148,216
146296,12,9,2,5,19,63,129,24,192,68,148,216
146296,13,10,1,0,0,18,19,0,37,18,19,37
146296,13,10,2,0,0,18,19,0,37,18,19,37
146339,1,412,1,457,582,31,103,1039,134,488,685,1173
146339,1,112,2,389,467,27,71,856,98,416,538,954
146339,1,312,5,68,115,4,32,183,36,72,147,219
146339,2,999,1,347,344,14,15,691,29,361,359,720
146339,2,999,2,333,324,14,15,657,29,347,339,686
146339,2,999,5,14,20,0,0,34,0,14,20,34
146339,3,1,1,2,3,6,6,5,12,8,9,17
146339,3,1,2,2,3,6,6,5,12,8,9,17
146339,4,2,1,126,94,2,0,220,2,128,94,222
146339,4,2,2,126,94,2,0,220,2,128,94,222
146339,5,3,1,147,146,0,0,293,0,147,146,293
146339,5,3,2,147,146,0,0,293,0,147,146,293
146339,6,4,1,72,101,6,9,173,15,78,110,188
146339,6,4,2,58,81,6,9,139,15,64,90,154
146339,6,4,5,14,20,0,0,34,0,14,20,34
146339,7,999,1,110,238,17,88,348,105,127,326,453
146339,7,999,2,56,143,13,56,199,69,69,199,268
146339,7,999,5,54,95,4,32,149,36,58,127,185
146339,8,5,1,44,64,9,18,108,27,53,82,135
146339,8,5,2,26,41,8,15,67,23,34,56,90
146339,8,5,5,18,23,1,3,41,4,19,26,45
146339,9,6,1,28,41,3,14,69,17,31,55,86
146339,9,6,2,15,24,3,10,39,13,18,34,52
146339,9,6,5,13,17,0,4,30,4,13,21,34
146339,10,7,1,10,36,2,21,46,23,12,57,69
146339,10,7,2,3,25,1,12,28,13,4,37,41
146339,10,7,5,7,11,1,9,18,10,8,20,28
146339,11,8,1,21,68,3,18,89,21,24,86,110
146339,11,8,2,11,41,1,10,52,11,12,51,63
146339,11,8,5,10,27,2,8,37,10,12,35,47
146339,12,9,1,6,28,0,17,34,17,6,45,51
146339,12,9,2,1,11,0,9,12,9,1,20,21
146339,12,9,5,5,17,0,8,22,8,5,25,30
146339,13,10,1,1,1,0,0,2,0,1,1,2
146339,13,10,2,0,1,0,0,1,0,0,1,1
146339,13,10,5,1,0,0,0,1,0,1,0,1
146348,1,412,1,381,517,419,928,898,1347,800,1445,2245
146348,1,112,2,381,517,419,928,898,1347,800,1445,2245
146348,2,999,1,330,448,299,565,778,864,629,1013,1642
146348,2,999,2,330,448,299,565,778,864,629,1013,1642
146348,3,1,1,18,37,46,101,55,147,64,138,202
146348,3,1,2,18,37,46,101,55,147,64,138,202
146348,4,2,1,204,276,120,175,480,295,324,451,775
146348,4,2,2,204,276,120,175,480,295,324,451,775
146348,5,3,1,86,91,76,165,177,241,162,256,418
146348,5,3,2,86,91,76,165,177,241,162,256,418
146348,6,4,1,22,44,57,124,66,181,79,168,247
146348,6,4,2,22,44,57,124,66,181,79,168,247
146348,7,999,1,51,69,120,363,120,483,171,432,603
146348,7,999,2,51,69,120,363,120,483,171,432,603
146348,8,5,1,21,35,41,139,56,180,62,174,236
146348,8,5,2,21,35,41,139,56,180,62,174,236
146348,9,6,1,14,16,27,86,30,113,41,102,143
146348,9,6,2,14,16,27,86,30,113,41,102,143
146348,10,7,1,7,8,15,50,15,65,22,58,80
146348,10,7,2,7,8,15,50,15,65,22,58,80
146348,11,8,1,7,7,27,56,14,83,34,63,97
146348,11,8,2,7,7,27,56,14,83,34,63,97
146348,12,9,1,2,3,7,29,5,36,9,32,41
146348,12,9,2,2,3,7,29,5,36,9,32,41
146348,13,10,1,0,0,3,3,0,6,3,3,6
146348,13,10,2,0,0,3,3,0,6,3,3,6
146366,1,412,1,401,701,682,1001,1102,1683,1083,1702,2785
146366,1,112,2,401,701,682,1001,1102,1683,1083,1702,2785
146366,2,999,1,357,523,625,798,880,1423,982,1321,2303
146366,2,999,2,357,523,625,798,880,1423,982,1321,2303
146366,3,1,1,3,3,464,497,6,961,467,500,967
146366,3,1,2,3,3,464,497,6,961,467,500,967
146366,4,2,1,237,330,74,141,567,215,311,471,782
146366,4,2,2,237,330,74,141,567,215,311,471,782
146366,5,3,1,85,117,55,82,202,137,140,199,339
146366,5,3,2,85,117,55,82,202,137,140,199,339
146366,6,4,1,32,73,32,78,105,110,64,151,215
146366,6,4,2,32,73,32,78,105,110,64,151,215
146366,7,999,1,44,178,57,203,222,260,101,381,482
146366,7,999,2,44,178,57,203,222,260,101,381,482
146366,8,5,1,17,79,18,80,96,98,35,159,194
146366,8,5,2,17,79,18,80,96,98,35,159,194
146366,9,6,1,10,39,13,42,49,55,23,81,104
146366,9,6,2,10,39,13,42,49,55,23,81,104
146366,10,7,1,5,27,7,30,32,37,12,57,69
146366,10,7,2,5,27,7,30,32,37,12,57,69
146366,11,8,1,12,25,16,32,37,48,28,57,85
146366,11,8,2,12,25,16,32,37,48,28,57,85
146366,12,9,1,0,8,3,17,8,20,3,25,28
146366,12,9,2,0,8,3,17,8,20,3,25,28
146366,13,10,1,0,0,0,2,0,2,0,2,2
146366,13,10,2,0,0,0,2,0,2,0,2,2
146418,1,412,1,435,535,622,1034,970,1656,1057,1569,2626
146418,1,112,2,435,535,622,1034,970,1656,1057,1569,2626
146418,2,999,1,383,450,484,699,833,1183,867,1149,2016
146418,2,999,2,383,450,484,699,833,1183,867,1149,2016
146418,3,1,1,9,13,192,286,22,478,201,299,500
146418,3,1,2,9,13,192,286,22,478,201,299,500
146418,4,2,1,246,256,114,161,502,275,360,417,777
146418,4,2,2,246,256,114,161,502,275,360,417,777
146418,5,3,1,88,123,102,129,211,231,190,252,442
146418,5,3,2,88,123,102,129,211,231,190,252,442
146418,6,4,1,40,58,76,123,98,199,116,181,297
146418,6,4,2,40,58,76,123,98,199,116,181,297
146418,7,999,1,52,85,138,335,137,473,190,420,610
146418,7,999,2,52,85,138,335,137,473,190,420,610
146418,8,5,1,32,43,54,149,75,203,86,192,278
146418,8,5,2,32,43,54,149,75,203,86,192,278
146418,9,6,1,11,19,29,75,30,104,40,94,134
146418,9,6,2,11,19,29,75,30,104,40,94,134
146418,10,7,1,4,7,23,35,11,58,27,42,69
146418,10,7,2,4,7,23,35,11,58,27,42,69
146418,11,8,1,3,10,22,50,13,72,25,60,85
146418,11,8,2,3,10,22,50,13,72,25,60,85
146418,12,9,1,2,4,8,23,6,31,10,27,37
146418,12,9,2,2,4,8,23,6,31,10,27,37
146418,13,10,1,0,2,2,3,2,5,2,5,7
146418,13,10,2,0,2,2,3,2,5,2,5,7
146427,1,412,1,486,633,14,21,1119,35,500,654,1154
146427,1,112,2,486,633,14,21,1119,35,500,654,1154
146427,2,999,1,476,631,12,18,1107,30,488,649,1137
146427,2,999,2,476,631,12,18,1107,30,488,649,1137
146427,3,1,1,6,4,3,4,10,7,9,8,17
146427,3,1,2,6,4,3,4,10,7,9,8,17
146427,4,2,1,180,306,0,0,486,0,180,306,486
146427,4,2,2,180,306,0,0,486,0,180,306,486
146427,5,3,1,236,284,2,1,520,3,238,285,523
146427,5,3,2,236,284,2,1,520,3,238,285,523
146427,6,4,1,54,37,7,13,91,20,61,50,111
146427,6,4,2,54,37,7,13,91,20,61,50,111
146427,7,999,1,10,2,2,3,12,5,12,5,17
146427,7,999,2,10,2,2,3,12,5,12,5,17
146427,8,5,1,9,1,1,0,10,1,10,1,11
146427,8,5,2,9,1,1,0,10,1,10,1,11
146427,9,6,1,1,0,1,0,1,1,2,0,2
146427,9,6,2,1,0,1,0,1,1,2,0,2
146427,11,8,1,0,1,0,2,1,2,0,3,3
146427,11,8,2,0,1,0,2,1,2,0,3,3
146427,12,9,1,0,0,0,1,0,1,0,1,1
146427,12,9,2,0,0,0,1,0,1,0,1,1
146472,1,412,1,1935,2031,3095,4793,3966,7888,5030,6824,11854
146472,1,112,2,1935,2031,3095,4793,3966,7888,5030,6824,11854
146472,2,999,1,1716,1681,1943,2289,3397,4232,3659,3970,7629
146472,2,999,2,1716,1681,1943,2289,3397,4232,3659,3970,7629
146472,3,1,1,19,21,91,77,40,168,110,98,208
146472,3,1,2,19,21,91,77,40,168,110,98,208
146472,4,2,1,1071,1116,657,725,2187,1382,1728,1841,3569
146472,4,2,2,1071,1116,657,725,2187,1382,1728,1841,3569
146472,5,3,1,433,383,662,768,816,1430,1095,1151,2246
146472,5,3,2,433,383,662,768,816,1430,1095,1151,2246
146472,6,4,1,193,161,533,719,354,1252,726,880,1606
146472,6,4,2,193,161,533,719,354,1252,726,880,1606
146472,7,999,1,219,350,1152,2504,569,3656,1371,2854,4225
146472,7,999,2,219,350,1152,2504,569,3656,1371,2854,4225
146472,8,5,1,112,115,400,684,227,1084,512,799,1311
146472,8,5,2,112,115,400,684,227,1084,512,799,1311
146472,9,6,1,39,74,200,465,113,665,239,539,778
146472,9,6,2,39,74,200,465,113,665,239,539,778
146472,10,7,1,34,55,153,349,89,502,187,404,591
146472,10,7,2,34,55,153,349,89,502,187,404,591
146472,11,8,1,19,71,212,557,90,769,231,628,859
146472,11,8,2,19,71,212,557,90,769,231,628,859
146472,12,9,1,13,32,145,369,45,514,158,401,559
146472,12,9,2,13,32,145,369,45,514,158,401,559
146472,13,10,1,2,3,42,80,5,122,44,83,127
146472,13,10,2,2,3,42,80,5,122,44,83,127
146481,1,412,1,626,919,19,19,1545,38,645,938,1583
146481,1,112,2,620,906,17,15,1526,32,637,921,1558
146481,1,312,5,6,13,2,4,19,6,8,17,25
146481,2,999,1,602,897,14,12,1499,26,616,909,1525
146481,2,999,2,600,888,14,11,1488,25,614,899,1513
146481,2,999,5,2,9,0,1,11,1,2,10,12
146481,3,1,1,3,4,0,0,7,0,3,4,7
146481,3,1,2,3,4,0,0,7,0,3,4,7
146481,4,2,1,212,375,4,2,587,6,216,377,593
146481,4,2,2,212,375,4,2,587,6,216,377,593
146481,5,3,1,278,405,4,4,683,8,282,409,691
146481,5,3,2,278,405,4,4,683,8,282,409,691
146481,6,4,1,109,113,6,6,222,12,115,119,234
146481,6,4,2,107,104,6,5,211,11,113,109,222
146481,6,4,5,2,9,0,1,11,1,2,10,12
146481,7,999,1,24,22,5,7,46,12,29,29,58
146481,7,999,2,20,18,3,4,38,7,23,22,45
146481,7,999,5,4,4,2,3,8,5,6,7,13
146481,8,5,1,18,15,1,2,33,3,19,17,36
146481,8,5,2,15,13,1,0,28,1,16,13,29
146481,8,5,5,3,2,0,2,5,2,3,4,7
146481,9,6,1,5,2,3,3,7,6,8,5,13
146481,9,6,2,4,2,1,2,6,3,5,4,9
146481,9,6,5,1,0,2,1,1,3,3,1,4
146481,10,7,1,0,4,0,1,4,1,0,5,5
146481,10,7,2,0,2,0,1,2,1,0,3,3
146481,10,7,5,0,2,0,0,2,0,0,2,2
146481,11,8,1,1,1,1,0,2,1,2,1,3
146481,11,8,2,1,1,1,0,2,1,2,1,3
146481,12,9,1,0,0,0,1,0,1,0,1,1
146481,12,9,2,0,0,0,1,0,1,0,1,1
146490,1,412,1,0,0,183,212,0,395,183,212,395
146490,1,312,5,0,0,183,212,0,395,183,212,395
146490,7,999,1,0,0,183,212,0,395,183,212,395
146490,7,999,5,0,0,183,212,0,395,183,212,395
146490,8,5,1,0,0,28,27,0,55,28,27,55
146490,8,5,5,0,0,28,27,0,55,28,27,55
146490,9,6,1,0,0,44,32,0,76,44,32,76
146490,9,6,5,0,0,44,32,0,76,44,32,76
146490,10,7,1,0,0,34,35,0,69,34,35,69
146490,10,7,5,0,0,34,35,0,69,34,35,69
146490,11,8,1,0,0,56,70,0,126,56,70,126
146490,11,8,5,0,0,56,70,0,126,56,70,126
146490,12,9,1,0,0,21,48,0,69,21,48,69
146490,12,9,5,0,0,21,48,0,69,21,48,69
146506,1,412,1,801,1127,771,1163,1928,1934,1572,2290,3862
146506,1,112,2,801,1127,771,1163,1928,1934,1572,2290,3862
146506,2,999,1,698,870,628,844,1568,1472,1326,1714,3040
146506,2,999,2,698,870,628,844,1568,1472,1326,1714,3040
146506,3,1,1,9,13,380,498,22,878,389,511,900
146506,3,1,2,9,13,380,498,22,878,389,511,900
146506,4,2,1,488,568,130,125,1056,255,618,693,1311
146506,4,2,2,488,568,130,125,1056,255,618,693,1311
146506,5,3,1,154,195,66,117,349,183,220,312,532
146506,5,3,2,154,195,66,117,349,183,220,312,532
146506,6,4,1,47,94,52,104,141,156,99,198,297
146506,6,4,2,47,94,52,104,141,156,99,198,297
146506,7,999,1,103,257,143,319,360,462,246,576,822
146506,7,999,2,103,257,143,319,360,462,246,576,822
146506,8,5,1,41,100,49,120,141,169,90,220,310
146506,8,5,2,41,100,49,120,141,169,90,220,310
146506,9,6,1,24,55,36,69,79,105,60,124,184
146506,9,6,2,24,55,36,69,79,105,60,124,184
146506,10,7,1,18,40,21,39,58,60,39,79,118
146506,10,7,2,18,40,21,39,58,60,39,79,118
146506,11,8,1,11,43,29,60,54,89,40,103,143
146506,11,8,2,11,43,29,60,54,89,40,103,143
146506,12,9,1,9,19,7,28,28,35,16,47,63
146506,12,9,2,9,19,7,28,28,35,16,47,63
146506,13,10,1,0,0,1,3,0,4,1,3,4
146506,13,10,2,0,0,1,3,0,4,1,3,4
146533,1,412,1,25,105,5,27,130,32,30,132,162
146533,1,112,2,25,105,5,27,130,32,30,132,162
146533,2,999,1,13,59,3,12,72,15,16,71,87
146533,2,999,2,13,59,3,12,72,15,16,71,87
146533,5,3,1,5,24,1,3,29,4,6,27,33
146533,5,3,2,5,24,1,3,29,4,6,27,33
146533,6,4,1,8,35,2,9,43,11,10,44,54
146533,6,4,2,8,35,2,9,43,11,10,44,54
146533,7,999,1,12,46,2,15,58,17,14,61,75
146533,7,999,2,12,46,2,15,58,17,14,61,75
146533,8,5,1,5,26,1,7,31,8,6,33,39
146533,8,5,2,5,26,1,7,31,8,6,33,39
146533,9,6,1,2,13,1,5,15,6,3,18,21
146533,9,6,2,2,13,1,5,15,6,3,18,21
146533,10,7,1,1,2,0,2,3,2,1,4,5
146533,10,7,2,1,2,0,2,3,2,1,4,5
146533,11,8,1,3,4,0,1,7,1,3,5,8
146533,11,8,2,3,4,0,1,7,1,3,5,8
146533,12,9,1,1,1,0,0,2,0,1,1,2
146533,12,9,2,1,1,0,0,2,0,1,1,2
146603,1,412,1,602,801,1297,1983,1403,3280,1899,2784,4683
146603,1,112,2,602,801,1297,1983,1403,3280,1899,2784,4683
146603,2,999,1,541,676,1142,1497,1217,2639,1683,2173,3856
146603,2,999,2,541,676,1142,1497,1217,2639,1683,2173,3856
146603,3,1,1,15,22,741,902,37,1643,756,924,1680
146603,3,1,2,15,22,741,902,37,1643,756,924,1680
146603,4,2,1,364,432,195,214,796,409,559,646,1205
146603,4,2,2,364,432,195,214,796,409,559,646,1205
146603,5,3,1,121,159,112,214,280,326,233,373,606
146603,5,3,2,121,159,112,214,280,326,233,373,606
146603,6,4,1,41,63,94,167,104,261,135,230,365
146603,6,4,2,41,63,94,167,104,261,135,230,365
146603,7,999,1,61,125,155,486,186,641,216,611,827
146603,7,999,2,61,125,155,486,186,641,216,611,827
146603,8,5,1,27,54,62,167,81,229,89,221,310
146603,8,5,2,27,54,62,167,81,229,89,221,310
146603,9,6,1,11,28,36,109,39,145,47,137,184
146603,9,6,2,11,28,36,109,39,145,47,137,184
146603,10,7,1,11,18,18,73,29,91,29,91,120
146603,10,7,2,11,18,18,73,29,91,29,91,120
146603,11,8,1,9,17,22,81,26,103,31,98,129
146603,11,8,2,9,17,22,81,26,103,31,98,129
146603,12,9,1,3,7,13,50,10,63,16,57,73
146603,12,9,2,3,7,13,50,10,63,16,57,73
146603,13,10,1,0,1,4,6,1,10,4,7,11
146603,13,10,2,0,1,4,6,1,10,4,7,11
146612,1,412,1,1880,2213,890,1454,4093,2344,2770,3667,6437
146612,1,112,2,1679,1805,458,364,3484,822,2137,2169,4306
146612,1,312,5,201,408,432,1090,609,1522,633,1498,2131
146612,2,999,1,1536,1795,310,236,3331,546,1846,2031,3877
146612,2,999,2,1455,1608,268,146,3063,414,1723,1754,3477
146612,2,999,5,81,187,42,90,268,132,123,277,400
146612,3,1,1,1,8,108,24,9,132,109,32,141
146612,3,1,2,1,8,108,24,9,132,109,32,141
146612,4,2,1,533,548,19,1,1081,20,552,549,1101
146612,4,2,2,533,548,19,1,1081,20,552,549,1101
146612,5,3,1,609,725,32,25,1334,57,641,750,1391
146612,5,3,2,607,722,32,24,1329,56,639,746,1385
146612,5,3,5,2,3,0,1,5,1,2,4,6
146612,6,4,1,393,514,151,186,907,337,544,700,1244
146612,6,4,2,314,330,109,97,644,206,423,427,850
146612,6,4,5,79,184,42,89,263,131,121,273,394
146612,7,999,1,344,418,580,1218,762,1798,924,1636,2560
146612,7,999,2,224,197,190,218,421,408,414,415,829
146612,7,999,5,120,221,390,1000,341,1390,510,1221,1731
146612,8,5,1,188,230,213,383,418,596,401,613,1014
146612,8,5,2,138,121,79,67,259,146,217,188,405
146612,8,5,5,50,109,134,316,159,450,184,425,609
146612,9,6,1,73,75,135,273,148,408,208,348,556
146612,9,6,2,38,36,48,59,74,107,86,95,181
146612,9,6,5,35,39,87,214,74,301,122,253,375
146612,10,7,1,30,42,82,159,72,241,112,201,313
146612,10,7,2,21,16,17,27,37,44,38,43,81
146612,10,7,5,9,26,65,132,35,197,74,158,232
146612,11,8,1,40,53,100,262,93,362,140,315,455
146612,11,8,2,19,16,27,50,35,77,46,66,112
146612,11,8,5,21,37,73,212,58,285,94,249,343
146612,12,9,1,13,18,49,136,31,185,62,154,216
146612,12,9,2,8,8,19,13,16,32,27,21,48
146612,12,9,5,5,10,30,123,15,153,35,133,168
146612,13,10,1,0,0,1,5,0,6,1,5,6
146612,13,10,2,0,0,0,2,0,2,0,2,2
146612,13,10,5,0,0,1,3,0,4,1,3,4
146676,1,412,1,344,344,81,225,688,306,425,569,994
146676,1,112,2,344,344,74,205,688,279,418,549,967
146676,1,312,5,0,0,7,20,0,27,7,20,27
146676,2,999,1,324,318,37,62,642,99,361,380,741
146676,2,999,2,324,318,37,61,642,98,361,379,740
146676,2,999,5,0,0,0,1,0,1,0,1,1
146676,3,1,1,3,5,24,38,8,62,27,43,70
146676,3,1,2,3,5,24,38,8,62,27,43,70
146676,4,2,1,189,183,2,3,372,5,191,186,377
146676,4,2,2,189,183,2,3,372,5,191,186,377
146676,5,3,1,103,101,2,2,204,4,105,103,208
146676,5,3,2,103,101,2,2,204,4,105,103,208
146676,6,4,1,29,29,9,19,58,28,38,48,86
146676,6,4,2,29,29,9,18,58,27,38,47,85
146676,6,4,5,0,0,0,1,0,1,0,1,1
146676,7,999,1,10,24,44,163,34,207,54,187,241
146676,7,999,2,10,24,37,144,34,181,47,168,215
146676,7,999,5,0,0,7,19,0,26,7,19,26
146676,8,5,1,8,7,13,34,15,47,21,41,62
146676,8,5,2,8,7,11,31,15,42,19,38,57
146676,8,5,5,0,0,2,3,0,5,2,3,5
146676,9,6,1,1,7,6,35,8,41,7,42,49
146676,9,6,2,1,7,6,30,8,36,7,37,44
146676,9,6,5,0,0,0,5,0,5,0,5,5
146676,10,7,1,0,6,14,31,6,45,14,37,51
146676,10,7,2,0,6,12,30,6,42,12,36,48
146676,10,7,5,0,0,2,1,0,3,2,1,3
146676,11,8,1,1,4,11,46,5,57,12,50,62
146676,11,8,2,1,4,8,41,5,49,9,45,54
146676,11,8,5,0,0,3,5,0,8,3,5,8
146676,12,9,1,0,0,0,17,0,17,0,17,17
146676,12,9,2,0,0,0,12,0,12,0,12,12
146676,12,9,5,0,0,0,5,0,5,0,5,5
146676,14,11,1,10,2,0,0,12,0,10,2,12
146676,14,11,2,10,2,0,0,12,0,10,2,12
146685,1,412,1,818,1017,1029,2113,1835,3142,1847,3130,4977
146685,1,112,2,818,1017,1029,2113,1835,3142,1847,3130,4977
146685,2,999,1,699,818,728,1259,1517,1987,1427,2077,3504
146685,2,999,2,699,818,728,1259,1517,1987,1427,2077,3504
146685,3,1,1,6,9,224,372,15,596,230,381,611
146685,3,1,2,6,9,224,372,15,596,230,381,611
146685,4,2,1,481,559,195,309,1040,504,676,868,1544
146685,4,2,2,481,559,195,309,1040,504,676,868,1544
146685,5,3,1,151,179,185,320,330,505,336,499,835
146685,5,3,2,151,179,185,320,330,505,336,499,835
146685,6,4,1,61,71,124,258,132,382,185,329,514
146685,6,4,2,61,71,124,258,132,382,185,329,514
146685,7,999,1,119,199,300,854,318,1154,419,1053,1472
146685,7,999,2,119,199,300,854,318,1154,419,1053,1472
146685,8,5,1,58,87,118,271,145,389,176,358,534
146685,8,5,2,58,87,118,271,145,389,176,358,534
146685,9,6,1,24,54,69,195,78,264,93,249,342
146685,9,6,2,24,54,69,195,78,264,93,249,342
146685,10,7,1,18,28,38,162,46,200,56,190,246
146685,10,7,2,18,28,38,162,46,200,56,190,246
146685,11,8,1,10,23,48,155,33,203,58,178,236
146685,11,8,2,10,23,48,155,33,203,58,178,236
146685,12,9,1,9,7,14,60,16,74,23,67,90
146685,12,9,2,9,7,14,60,16,74,23,67,90
146685,13,10,1,0,0,13,11,0,24,13,11,24
146685,13,10,2,0,0,13,11,0,24,13,11,24
146685,14,11,1,0,0,1,0,0,1,1,0,1
146685,14,11,2,0,0,1,0,0,1,1,0,1
146700,1,412,1,613,331,0,0,944,0,613,331,944
146700,1,112,2,613,331,0,0,944,0,613,331,944
146700,2,999,1,406,221,0,0,627,0,406,221,627
146700,2,999,2,406,221,0,0,627,0,406,221,627
146700,4,2,1,158,47,0,0,205,0,158,47,205
146700,4,2,2,158,47,0,0,205,0,158,47,205
146700,5,3,1,136,81,0,0,217,0,136,81,217
146700,5,3,2,136,81,0,0,217,0,136,81,217
146700,6,4,1,112,93,0,0,205,0,112,93,205
146700,6,4,2,112,93,0,0,205,0,112,93,205
146700,7,999,1,207,110,0,0,317,0,207,110,317
146700,7,999,2,207,110,0,0,317,0,207,110,317
146700,8,5,1,107,69,0,0,176,0,107,69,176
146700,8,5,2,107,69,0,0,176,0,107,69,176
146700,9,6,1,48,16,0,0,64,0,48,16,64
146700,9,6,2,48,16,0,0,64,0,48,16,64
146700,10,7,1,20,12,0,0,32,0,20,12,32
146700,10,7,2,20,12,0,0,32,0,20,12,32
146700,11,8,1,25,10,0,0,35,0,25,10,35
146700,11,8,2,25,10,0,0,35,0,25,10,35
146700,12,9,1,6,3,0,0,9,0,6,3,9
146700,12,9,2,6,3,0,0,9,0,6,3,9
146700,13,10,1,1,0,0,0,1,0,1,0,1
146700,13,10,2,1,0,0,0,1,0,1,0,1
146719,1,412,1,4930,10023,616,1324,14953,1940,5546,11347,16893
146719,1,112,2,3535,7389,265,423,10924,688,3800,7812,11612
146719,1,312,5,1395,2634,351,901,4029,1252,1746,3535,5281
146719,2,999,1,3816,8084,175,285,11900,460,3991,8369,12360
146719,2,999,2,3358,7040,143,190,10398,333,3501,7230,10731
146719,2,999,5,458,1044,32,95,1502,127,490,1139,1629
146719,3,1,1,19,69,9,8,88,17,28,77,105
146719,3,1,2,19,69,9,8,88,17,28,77,105
146719,4,2,1,1445,3064,20,18,4509,38,1465,3082,4547
146719,4,2,2,1445,3064,20,18,4509,38,1465,3082,4547
146719,5,3,1,1558,3350,38,55,4908,93,1596,3405,5001
146719,5,3,2,1542,3288,37,53,4830,90,1579,3341,4920
146719,5,3,5,16,62,1,2,78,3,17,64,81
146719,6,4,1,794,1601,108,204,2395,312,902,1805,2707
146719,6,4,2,352,619,77,111,971,188,429,730,1159
146719,6,4,5,442,982,31,93,1424,124,473,1075,1548
146719,7,999,1,1114,1939,441,1039,3053,1480,1555,2978,4533
146719,7,999,2,177,349,122,233,526,355,299,582,881
146719,7,999,5,937,1590,319,806,2527,1125,1256,2396,3652
146719,8,5,1,647,1143,127,322,1790,449,774,1465,2239
146719,8,5,2,113,233,45,85,346,130,158,318,476
146719,8,5,5,534,910,82,237,1444,319,616,1147,1763
146719,9,6,1,222,344,93,193,566,286,315,537,852
146719,9,6,2,38,54,26,50,92,76,64,104,168
146719,9,6,5,184,290,67,143,474,210,251,433,684
146719,10,7,1,107,183,64,128,290,192,171,311,482
146719,10,7,2,14,31,23,28,45,51,37,59,96
146719,10,7,5,93,152,41,100,245,141,134,252,386
146719,11,8,1,95,179,84,212,274,296,179,391,570
146719,11,8,2,10,23,18,41,33,59,28,64,92
146719,11,8,5,85,156,66,171,241,237,151,327,478
146719,12,9,1,35,85,55,169,120,224,90,254,344
146719,12,9,2,2,8,9,27,10,36,11,35,46
146719,12,9,5,33,77,46,142,110,188,79,219,298
146719,13,10,1,8,5,18,15,13,33,26,20,46
146719,13,10,2,0,0,1,2,0,3,1,2,3
146719,13,10,5,8,5,17,13,13,30,25,18,43
147004,1,412,1,1026,1003,2539,3246,2029,5785,3565,4249,7814
147004,1,112,2,1026,1003,2539,3246,2029,5785,3565,4249,7814
147004,2,999,1,966,899,2051,2183,1865,4234,3017,3082,6099
147004,2,999,2,966,899,2051,2183,1865,4234,3017,3082,6099
147004,3,1,1,5,14,1052,1137,19,2189,1057,1151,2208
147004,3,1,2,5,14,1052,1137,19,2189,1057,1151,2208
147004,4,2,1,651,658,519,516,1309,1035,1170,1174,2344
147004,4,2,2,651,658,519,516,1309,1035,1170,1174,2344
147004,5,3,1,239,178,293,305,417,598,532,483,1015
147004,5,3,2,239,178,293,305,417,598,532,483,1015
147004,6,4,1,71,49,187,225,120,412,258,274,532
147004,6,4,2,71,49,187,225,120,412,258,274,532
147004,7,999,1,60,104,488,1062,164,1550,548,1166,1714
147004,7,999,2,60,104,488,1062,164,1550,548,1166,1714
147004,8,5,1,31,33,170,270,64,440,201,303,504
147004,8,5,2,31,33,170,270,64,440,201,303,504
147004,9,6,1,11,22,73,177,33,250,84,199,283
147004,9,6,2,11,22,73,177,33,250,84,199,283
147004,10,7,1,8,12,72,146,20,218,80,158,238
147004,10,7,2,8,12,72,146,20,218,80,158,238
147004,11,8,1,8,20,93,267,28,360,101,287,388
147004,11,8,2,8,20,93,267,28,360,101,287,388
147004,12,9,1,2,16,56,162,18,218,58,178,236
147004,12,9,2,2,16,56,162,18,218,58,178,236
147004,13,10,1,0,1,24,40,1,64,24,41,65
147004,13,10,2,0,1,24,40,1,64,24,41,65
147004,14,11,1,0,0,0,1,0,1,0,1,1
147004,14,11,2,0,0,0,1,0,1,0,1,1
147013,1,412,1,848,737,182,433,1585,615,1030,1170,2200
147013,1,112,2,778,652,92,179,1430,271,870,831,1701
147013,1,312,5,70,85,90,254,155,344,160,339,499
147013,2,999,1,768,579,34,62,1347,96,802,641,1443
147013,2,999,2,732,544,27,31,1276,58,759,575,1334
147013,2,999,5,36,35,7,31,71,38,43,66,109
147013,3,1,1,4,8,0,1,12,1,4,9,13
147013,3,1,2,4,8,0,1,12,1,4,9,13
147013,4,2,1,332,260,2,1,592,3,334,261,595
147013,4,2,2,332,260,2,1,592,3,334,261,595
147013,5,3,1,285,222,10,6,507,16,295,228,523
147013,5,3,2,284,219,9,6,503,15,293,225,518
147013,5,3,5,1,3,1,0,4,1,2,3,5
147013,6,4,1,147,89,22,54,236,76,169,143,312
147013,6,4,2,112,57,16,23,169,39,128,80,208
147013,6,4,5,35,32,6,31,67,37,41,63,104
147013,7,999,1,80,158,148,371,238,519,228,529,757
147013,7,999,2,46,108,65,148,154,213,111,256,367
147013,7,999,5,34,50,83,223,84,306,117,273,390
147013,8,5,1,30,56,35,67,86,102,65,123,188
147013,8,5,2,17,42,16,30,59,46,33,72,105
147013,8,5,5,13,14,19,37,27,56,32,51,83
147013,9,6,1,18,41,27,61,59,88,45,102,147
147013,9,6,2,7,31,12,30,38,42,19,61,80
147013,9,6,5,11,10,15,31,21,46,26,41,67
147013,10,7,1,9,29,30,68,38,98,39,97,136
147013,10,7,2,7,16,9,23,23,32,16,39,55
147013,10,7,5,2,13,21,45,15,66,23,58,81
147013,11,8,1,18,22,34,112,40,146,52,134,186
147013,11,8,2,12,13,15,45,25,60,27,58,85
147013,11,8,5,6,9,19,67,15,86,25,76,101
147013,12,9,1,5,10,22,61,15,83,27,71,98
147013,12,9,2,3,6,13,19,9,32,16,25,41
147013,12,9,5,2,4,9,42,6,51,11,46,57
147013,13,10,1,0,0,0,2,0,2,0,2,2
147013,13,10,2,0,0,0,1,0,1,0,1,1
147013,13,10,5,0,0,0,1,0,1,0,1,1
147129,1,412,1,46,274,22,253,320,275,68,527,595
147129,1,112,2,43,243,21,250,286,271,64,493,557
147129,1,312,5,3,31,1,3,34,4,4,34,38
147129,2,999,1,10,115,5,54,125,59,15,169,184
147129,2,999,2,9,112,5,54,121,59,14,166,180
147129,2,999,5,1,3,0,0,4,0,1,3,4
147129,4,2,1,0,2,0,2,2,2,0,4,4
147129,4,2,2,0,2,0,2,2,2,0,4,4
147129,5,3,1,0,27,2,5,27,7,2,32,34
147129,5,3,2,0,27,2,5,27,7,2,32,34
147129,6,4,1,10,86,3,47,96,50,13,133,146
147129,6,4,2,9,83,3,47,92,50,12,130,142
147129,6,4,5,1,3,0,0,4,0,1,3,4
147129,7,999,1,28,155,17,198,183,215,45,353,398
147129,7,999,2,26,131,16,195,157,211,42,326,368
147129,7,999,5,2,24,1,3,26,4,3,27,30
147129,8,5,1,19,71,8,82,90,90,27,153,180
147129,8,5,2,18,58,8,81,76,89,26,139,165
147129,8,5,5,1,13,0,1,14,1,1,14,15
147129,9,6,1,1,34,5,56,35,61,6,90,96
147129,9,6,2,1,30,5,55,31,60,6,85,91
147129,9,6,5,0,4,0,1,4,1,0,5,5
147129,10,7,1,1,28,1,24,29,25,2,52,54
147129,10,7,2,1,24,1,24,25,25,2,48,50
147129,10,7,5,0,4,0,0,4,0,0,4,4
147129,11,8,1,6,17,2,28,23,30,8,45,53
147129,11,8,2,5,15,1,27,20,28,6,42,48
147129,11,8,5,1,2,1,1,3,2,2,3,5
147129,12,9,1,1,5,1,8,6,9,2,13,15
147129,12,9,2,1,4,1,8,5,9,2,12,14
147129,12,9,5,0,1,0,0,1,0,0,1,1
147129,14,11,1,8,4,0,1,12,1,8,5,13
147129,14,11,2,8,0,0,1,8,1,8,1,9
147129,14,11,5,0,4,0,0,4,0,0,4,4
147244,1,412,1,798,1065,44,75,1863,119,842,1140,1982
147244,1,112,2,768,1016,36,55,1784,91,804,1071,1875
147244,1,312,5,30,49,8,20,79,28,38,69,107
147244,2,999,1,747,958,22,20,1705,42,769,978,1747
147244,2,999,2,736,946,20,19,1682,39,756,965,1721
147244,2,999,5,11,12,2,1,23,3,13,13,26
147244,3,1,1,4,5,0,2,9,2,4,7,11
147244,3,1,2,4,5,0,2,9,2,4,7,11
147244,4,2,1,301,364,4,2,665,6,305,366,671
147244,4,2,2,301,364,4,2,665,6,305,366,671
147244,5,3,1,337,442,3,6,779,9,340,448,788
147244,5,3,2,337,441,3,6,778,9,340,447,787
147244,5,3,5,0,1,0,0,1,0,0,1,1
147244,6,4,1,105,147,15,10,252,25,120,157,277
147244,6,4,2,94,136,13,9,230,22,107,145,252
147244,6,4,5,11,11,2,1,22,3,13,12,25
147244,7,999,1,51,107,22,55,158,77,73,162,235
147244,7,999,2,32,70,16,36,102,52,48,106,154
147244,7,999,5,19,37,6,19,56,25,25,56,81
147244,8,5,1,27,54,6,17,81,23,33,71,104
147244,8,5,2,19,32,3,11,51,14,22,43,65
147244,8,5,5,8,22,3,6,30,9,11,28,39
147244,9,6,1,9,26,3,10,35,13,12,36,48
147244,9,6,2,4,21,3,5,25,8,7,26,33
147244,9,6,5,5,5,0,5,10,5,5,10,15
147244,10,7,1,5,12,4,12,17,16,9,24,33
147244,10,7,2,2,7,2,8,9,10,4,15,19
147244,10,7,5,3,5,2,4,8,6,5,9,14
147244,11,8,1,7,11,7,10,18,17,14,21,35
147244,11,8,2,4,8,6,10,12,16,10,18,28
147244,11,8,5,3,3,1,0,6,1,4,3,7
147244,12,9,1,3,4,2,6,7,8,5,10,15
147244,12,9,2,3,2,2,2,5,4,5,4,9
147244,12,9,5,0,2,0,4,2,4,0,6,6
147369,1,412,1,1025,946,567,332,1971,899,1592,1278,2870
147369,1,112,2,866,870,258,167,1736,425,1124,1037,2161
147369,1,312,5,159,76,309,165,235,474,468,241,709
147369,2,999,1,678,778,89,80,1456,169,767,858,1625
147369,2,999,2,655,756,73,68,1411,141,728,824,1552
147369,2,999,5,23,22,16,12,45,28,39,34,73
147369,3,1,1,9,11,2,4,20,6,11,15,26
147369,3,1,2,9,11,2,4,20,6,11,15,26
147369,4,2,1,188,268,5,5,456,10,193,273,466
147369,4,2,2,188,268,5,5,456,10,193,273,466
147369,5,3,1,272,314,26,23,586,49,298,337,635
147369,5,3,2,272,314,25,23,586,48,297,337,634
147369,5,3,5,0,0,1,0,0,1,1,0,1
147369,6,4,1,209,185,56,48,394,104,265,233,498
147369,6,4,2,186,163,41,36,349,77,227,199,426
147369,6,4,5,23,22,15,12,45,27,38,34,72
147369,7,999,1,343,167,471,247,510,718,814,414,1228
147369,7,999,2,210,113,184,97,323,281,394,210,604
147369,7,999,5,133,54,287,150,187,437,420,204,624
147369,8,5,1,148,82,95,51,230,146,243,133,376
147369,8,5,2,107,60,51,19,167,70,158,79,237
147369,8,5,5,41,22,44,32,63,76,85,54,139
147369,9,6,1,69,26,80,33,95,113,149,59,208
147369,9,6,2,42,22,32,12,64,44,74,34,108
147369,9,6,5,27,4,48,21,31,69,75,25,100
147369,10,7,1,43,12,82,35,55,117,125,47,172
147369,10,7,2,22,9,32,13,31,45,54,22,76
147369,10,7,5,21,3,50,22,24,72,71,25,96
147369,11,8,1,51,24,109,44,75,153,160,68,228
147369,11,8,2,25,13,41,17,38,58,66,30,96
147369,11,8,5,26,11,68,27,37,95,94,38,132
147369,12,9,1,28,22,92,74,50,166,120,96,216
147369,12,9,2,11,8,26,32,19,58,37,40,77
147369,12,9,5,17,14,66,42,31,108,83,56,139
147369,13,10,1,4,1,13,10,5,23,17,11,28
147369,13,10,2,3,1,2,4,4,6,5,5,10
147369,13,10,5,1,0,11,6,1,17,12,6,18
147369,14,11,1,4,1,7,5,5,12,11,6,17
147369,14,11,2,1,1,1,2,2,3,2,3,5
147369,14,11,5,3,0,6,3,3,9,9,3,12
147378,1,412,1,1839,2292,3219,3676,4131,6895,5058,5968,11026
147378,1,112,2,1839,2292,3219,3676,4131,6895,5058,5968,11026
147378,2,999,1,1685,1998,2571,2287,3683,4858,4256,4285,8541
147378,2,999,2,1685,1998,2571,2287,3683,4858,4256,4285,8541
147378,3,1,1,27,51,1079,750,78,1829,1106,801,1907
147378,3,1,2,27,51,1079,750,78,1829,1106,801,1907
147378,4,2,1,1117,1303,530,478,2420,1008,1647,1781,3428
147378,4,2,2,1117,1303,530,478,2420,1008,1647,1781,3428
147378,5,3,1,391,446,520,580,837,1100,911,1026,1937
147378,5,3,2,391,446,520,580,837,1100,911,1026,1937
147378,6,4,1,150,198,442,479,348,921,592,677,1269
147378,6,4,2,150,198,442,479,348,921,592,677,1269
147378,7,999,1,154,294,648,1389,448,2037,802,1683,2485
147378,7,999,2,154,294,648,1389,448,2037,802,1683,2485
147378,8,5,1,89,124,277,455,213,732,366,579,945
147378,8,5,2,89,124,277,455,213,732,366,579,945
147378,9,6,1,28,83,107,269,111,376,135,352,487
147378,9,6,2,28,83,107,269,111,376,135,352,487
147378,10,7,1,22,44,97,186,66,283,119,230,349
147378,10,7,2,22,44,97,186,66,283,119,230,349
147378,11,8,1,10,35,94,275,45,369,104,310,414
147378,11,8,2,10,35,94,275,45,369,104,310,414
147378,12,9,1,5,8,57,177,13,234,62,185,247
147378,12,9,2,5,8,57,177,13,234,62,185,247
147378,13,10,1,0,0,16,27,0,43,16,27,43
147378,13,10,2,0,0,16,27,0,43,16,27,43
147411,1,412,1,431,530,985,1672,961,2657,1416,2202,3618
147411,1,112,2,431,530,985,1672,961,2657,1416,2202,3618
147411,2,999,1,405,466,746,1010,871,1756,1151,1476,2627
147411,2,999,2,405,466,746,1010,871,1756,1151,1476,2627
147411,3,1,1,1,4,183,180,5,363,184,184,368
147411,3,1,2,1,4,183,180,5,363,184,184,368
147411,4,2,1,250,295,202,253,545,455,452,548,1000
147411,4,2,2,250,295,202,253,545,455,452,548,1000
147411,5,3,1,108,121,211,301,229,512,319,422,741
147411,5,3,2,108,121,211,301,229,512,319,422,741
147411,6,4,1,46,46,150,276,92,426,196,322,518
147411,6,4,2,46,46,150,276,92,426,196,322,518
147411,7,999,1,26,64,219,646,90,865,245,710,955
147411,7,999,2,26,64,219,646,90,865,245,710,955
147411,8,5,1,13,38,104,274,51,378,117,312,429
147411,8,5,2,13,38,104,274,51,378,117,312,429
147411,9,6,1,2,15,49,149,17,198,51,164,215
147411,9,6,2,2,15,49,149,17,198,51,164,215
147411,10,7,1,7,7,29,99,14,128,36,106,142
147411,10,7,2,7,7,29,99,14,128,36,106,142
147411,11,8,1,3,4,27,78,7,105,30,82,112
147411,11,8,2,3,4,27,78,7,105,30,82,112
147411,12,9,1,1,0,9,42,1,51,10,42,52
147411,12,9,2,1,0,9,42,1,51,10,42,52
147411,13,10,1,0,0,1,4,0,5,1,4,5
147411,13,10,2,0,0,1,4,0,5,1,4,5
147411,14,11,1,0,0,20,16,0,36,20,16,36
147411,14,11,2,0,0,20,16,0,36,20,16,36
147536,1,412,1,1100,3128,530,2644,4228,3174,1630,5772,7402
147536,1,112,2,766,1798,206,834,2564,1040,972,2632,3604
147536,1,312,5,334,1330,324,1810,1664,2134,658,3140,3798
147536,2,999,1,672,1358,109,289,2030,398,781,1647,2428
147536,2,999,2,653,1230,100,184,1883,284,753,1414,2167
147536,2,999,5,19,128,9,105,147,114,28,233,261
147536,3,1,1,1,1,0,0,2,0,1,1,2
147536,3,1,2,1,1,0,0,2,0,1,1,2
147536,4,2,1,288,492,17,24,780,41,305,516,821
147536,4,2,2,288,492,17,24,780,41,305,516,821
147536,5,3,1,252,431,34,55,683,89,286,486,772
147536,5,3,2,251,430,34,55,681,89,285,485,770
147536,5,3,5,1,1,0,0,2,0,1,1,2
147536,6,4,1,131,434,58,210,565,268,189,644,833
147536,6,4,2,113,307,49,105,420,154,162,412,574
147536,6,4,5,18,127,9,105,145,114,27,232,259
147536,7,999,1,428,1770,421,2351,2198,2772,849,4121,4970
147536,7,999,2,113,568,106,649,681,755,219,1217,1436
147536,7,999,5,315,1202,315,1702,1517,2017,630,2904,3534
147536,8,5,1,147,523,84,520,670,604,231,1043,1274
147536,8,5,2,60,193,27,133,253,160,87,326,413
147536,8,5,5,87,330,57,387,417,444,144,717,861
147536,9,6,1,106,366,82,460,472,542,188,826,1014
147536,9,6,2,21,133,20,137,154,157,41,270,311
147536,9,6,5,85,233,62,323,318,385,147,556,703
147536,10,7,1,56,270,79,375,326,454,135,645,780
147536,10,7,2,9,86,19,111,95,130,28,197,225
147536,10,7,5,47,184,60,264,231,324,107,448,555
147536,11,8,1,90,398,108,596,488,704,198,994,1192
147536,11,8,2,19,107,21,159,126,180,40,266,306
147536,11,8,5,71,291,87,437,362,524,158,728,886
147536,12,9,1,27,205,61,380,232,441,88,585,673
147536,12,9,2,3,46,18,100,49,118,21,146,167
147536,12,9,5,24,159,43,280,183,323,67,439,506
147536,13,10,1,2,8,7,20,10,27,9,28,37
147536,13,10,2,1,3,1,9,4,10,2,12,14
147536,13,10,5,1,5,6,11,6,17,7,16,23
147536,14,11,1,0,0,0,4,0,4,0,4,4
147536,14,11,2,0,0,0,1,0,1,0,1,1
147536,14,11,5,0,0,0,3,0,3,0,3,3
147590,1,412,1,211,255,19,44,466,63,230,299,529
147590,1,112,2,6,10,10,17,16,27,16,27,43
147590,1,312,5,205,245,9,27,450,36,214,272,486
147590,2,999,1,36,41,3,4,77,7,39,45,84
147590,2,999,2,3,3,2,3,6,5,5,6,11
147590,2,999,5,33,38,1,1,71,2,34,39,73
147590,5,3,1,2,1,0,1,3,1,2,2,4
147590,5,3,2,2,0,0,1,2,1,2,1,3
147590,5,3,5,0,1,0,0,1,0,0,1,1
147590,6,4,1,34,40,3,3,74,6,37,43,80
147590,6,4,2,1,3,2,2,4,4,3,5,8
147590,6,4,5,33,37,1,1,70,2,34,38,72
147590,7,999,1,175,214,16,40,389,56,191,254,445
147590,7,999,2,3,7,8,14,10,22,11,21,32
147590,7,999,5,172,207,8,26,379,34,180,233,413
147590,8,5,1,109,117,3,9,226,12,112,126,238
147590,8,5,2,1,5,2,4,6,6,3,9,12
147590,8,5,5,108,112,1,5,220,6,109,117,226
147590,9,6,1,37,42,1,13,79,14,38,55,93
147590,9,6,2,1,0,1,4,1,5,2,4,6
147590,9,6,5,36,42,0,9,78,9,36,51,87
147590,10,7,1,15,26,5,4,41,9,20,30,50
147590,10,7,2,0,1,3,1,1,4,3,2,5
147590,10,7,5,15,25,2,3,40,5,17,28,45
147590,11,8,1,10,23,2,7,33,9,12,30,42
147590,11,8,2,1,1,0,2,2,2,1,3,4
147590,11,8,5,9,22,2,5,31,7,11,27,38
147590,12,9,1,3,6,5,7,9,12,8,13,21
147590,12,9,2,0,0,2,3,0,5,2,3,5
147590,12,9,5,3,6,3,4,9,7,6,10,16
147590,13,10,1,1,0,0,0,1,0,1,0,1
147590,13,10,5,1,0,0,0,1,0,1,0,1
147660,1,412,1,1189,1520,51,72,2709,123,1240,1592,2832
147660,1,112,2,1107,1307,37,24,2414,61,1144,1331,2475
147660,1,312,5,82,213,14,48,295,62,96,261,357
147660,2,999,1,1112,1370,29,22,2482,51,1141,1392,2533
147660,2,999,2,1066,1268,29,19,2334,48,1095,1287,2382
147660,2,999,5,46,102,0,3,148,3,46,105,151
147660,3,1,1,3,9,12,6,12,18,15,15,30
147660,3,1,2,3,9,12,6,12,18,15,15,30
147660,4,2,1,448,490,0,2,938,2,448,492,940
147660,4,2,2,448,490,0,2,938,2,448,492,940
147660,5,3,1,480,600,7,6,1080,13,487,606,1093
147660,5,3,2,479,598,7,6,1077,13,486,604,1090
147660,5,3,5,1,2,0,0,3,0,1,2,3
147660,6,4,1,181,271,10,8,452,18,191,279,470
147660,6,4,2,136,171,10,5,307,15,146,176,322
147660,6,4,5,45,100,0,3,145,3,45,103,148
147660,7,999,1,77,150,22,50,227,72,99,200,299
147660,7,999,2,41,39,8,5,80,13,49,44,93
147660,7,999,5,36,111,14,45,147,59,50,156,206
147660,8,5,1,49,72,8,20,121,28,57,92,149
147660,8,5,2,30,22,3,1,52,4,33,23,56
147660,8,5,5,19,50,5,19,69,24,24,69,93
147660,9,6,1,15,33,4,11,48,15,19,44,63
147660,9,6,2,6,10,1,0,16,1,7,10,17
147660,9,6,5,9,23,3,11,32,14,12,34,46
147660,10,7,1,7,18,5,8,25,13,12,26,38
147660,10,7,2,3,2,1,2,5,3,4,4,8
147660,10,7,5,4,16,4,6,20,10,8,22,30
147660,11,8,1,4,18,5,9,22,14,9,27,36
147660,11,8,2,1,5,3,1,6,4,4,6,10
147660,11,8,5,3,13,2,8,16,10,5,21,26
147660,12,9,1,1,9,0,2,10,2,1,11,12
147660,12,9,2,1,0,0,1,1,1,1,1,2
147660,12,9,5,0,9,0,1,9,1,0,10,10
147660,13,10,1,1,0,0,0,1,0,1,0,1
147660,13,10,5,1,0,0,0,1,0,1,0,1
147679,1,412,1,734,1082,385,630,1816,1015,1119,1712,2831
147679,1,112,2,689,993,63,101,1682,164,752,1094,1846
147679,1,312,5,45,89,322,529,134,851,367,618,985
147679,2,999,1,659,954,48,87,1613,135,707,1041,1748
147679,2,999,2,645,925,25,45,1570,70,670,970,1640
147679,2,999,5,14,29,23,42,43,65,37,71,108
147679,3,1,1,0,5,0,0,5,0,0,5,5
147679,3,1,2,0,5,0,0,5,0,0,5,5
147679,4,2,1,231,349,2,6,580,8,233,355,588
147679,4,2,2,231,349,2,6,580,8,233,355,588
147679,5,3,1,286,414,5,19,700,24,291,433,724
147679,5,3,2,286,414,5,17,700,22,291,431,722
147679,5,3,5,0,0,0,2,0,2,0,2,2
147679,6,4,1,142,186,41,62,328,103,183,248,431
147679,6,4,2,128,157,18,22,285,40,146,179,325
147679,6,4,5,14,29,23,40,43,63,37,69,106
147679,7,999,1,74,126,332,525,200,857,406,651,1057
147679,7,999,2,43,66,37,56,109,93,80,122,202
147679,7,999,5,31,60,295,469,91,764,326,529,855
147679,8,5,1,45,68,59,127,113,186,104,195,299
147679,8,5,2,29,49,13,15,78,28,42,64,106
147679,8,5,5,16,19,46,112,35,158,62,131,193
147679,9,6,1,14,20,63,98,34,161,77,118,195
147679,9,6,2,8,8,8,10,16,18,16,18,34
147679,9,6,5,6,12,55,88,18,143,61,100,161
147679,10,7,1,4,12,71,104,16,175,75,116,191
147679,10,7,2,2,5,6,8,7,14,8,13,21
147679,10,7,5,2,7,65,96,9,161,67,103,170
147679,11,8,1,9,17,90,123,26,213,99,140,239
147679,11,8,2,4,3,7,15,7,22,11,18,29
147679,11,8,5,5,14,83,108,19,191,88,122,210
147679,12,9,1,2,9,39,67,11,106,41,76,117
147679,12,9,2,0,1,3,8,1,11,3,9,12
147679,12,9,5,2,8,36,59,10,95,38,67,105
147679,13,10,1,0,0,10,6,0,16,10,6,16
147679,13,10,5,0,0,10,6,0,16,10,6,16
147679,14,11,1,1,2,5,18,3,23,6,20,26
147679,14,11,2,1,2,1,0,3,1,2,2,4
147679,14,11,5,0,0,4,18,0,22,4,18,22
147776,1,412,1,1412,2120,1335,2252,3532,3587,2747,4372,7119
147776,1,112,2,1243,1776,908,1293,3019,2201,2151,3069,5220
147776,1,312,5,169,344,427,959,513,1386,596,1303,1899
147776,2,999,1,886,1352,375,545,2238,920,1261,1897,3158
147776,2,999,2,852,1275,352,470,2127,822,1204,1745,2949
147776,2,999,5,34,77,23,75,111,98,57,152,209
147776,3,1,1,3,11,7,14,14,21,10,25,35
147776,3,1,2,3,11,7,14,14,21,10,25,35
147776,4,2,1,222,340,26,45,562,71,248,385,633
147776,4,2,2,222,340,26,45,562,71,248,385,633
147776,5,3,1,257,406,70,89,663,159,327,495,822
147776,5,3,2,256,406,70,89,662,159,326,495,821
147776,5,3,5,1,0,0,0,1,0,1,0,1
147776,6,4,1,404,595,272,397,999,669,676,992,1668
147776,6,4,2,371,518,249,322,889,571,620,840,1460
147776,6,4,5,33,77,23,75,110,98,56,152,208
147776,7,999,1,519,754,941,1686,1273,2627,1460,2440,3900
147776,7,999,2,385,488,540,807,873,1347,925,1295,2220
147776,7,999,5,134,266,401,879,400,1280,535,1145,1680
147776,8,5,1,315,414,390,627,729,1017,705,1041,1746
147776,8,5,2,259,292,283,375,551,658,542,667,1209
147776,8,5,5,56,122,107,252,178,359,163,374,537
147776,9,6,1,115,162,213,361,277,574,328,523,851
147776,9,6,2,71,109,114,173,180,287,185,282,467
147776,9,6,5,44,53,99,188,97,287,143,241,384
147776,10,7,1,36,69,115,231,105,346,151,300,451
147776,10,7,2,24,37,53,87,61,140,77,124,201
147776,10,7,5,12,32,62,144,44,206,74,176,250
147776,11,8,1,36,74,141,290,110,431,177,364,541
147776,11,8,2,22,34,60,116,56,176,82,150,232
147776,11,8,5,14,40,81,174,54,255,95,214,309
147776,12,9,1,16,33,65,154,49,219,81,187,268
147776,12,9,2,9,16,23,46,25,69,32,62,94
147776,12,9,5,7,17,42,108,24,150,49,125,174
147776,13,10,1,1,2,17,23,3,40,18,25,43
147776,13,10,2,0,0,7,10,0,17,7,10,17
147776,13,10,5,1,2,10,13,3,23,11,15,26
147776,14,11,1,7,14,19,21,21,40,26,35,61
147776,14,11,2,6,13,16,16,19,32,22,29,51
147776,14,11,5,1,1,3,5,2,8,4,6,10
147800,1,412,1,1325,1166,2133,2689,2491,4822,3458,3855,7313
147800,1,112,2,1325,1166,2133,2689,2491,4822,3458,3855,7313
147800,2,999,1,1191,1028,1286,1252,2219,2538,2477,2280,4757
147800,2,999,2,1191,1028,1286,1252,2219,2538,2477,2280,4757
147800,3,1,1,5,8,13,29,13,42,18,37,55
147800,3,1,2,5,8,13,29,13,42,18,37,55
147800,4,2,1,727,633,358,335,1360,693,1085,968,2053
147800,4,2,2,727,633,358,335,1360,693,1085,968,2053
147800,5,3,1,313,256,502,407,569,909,815,663,1478
147800,5,3,2,313,256,502,407,569,909,815,663,1478
147800,6,4,1,146,131,413,481,277,894,559,612,1171
147800,6,4,2,146,131,413,481,277,894,559,612,1171
147800,7,999,1,134,138,846,1435,272,2281,980,1573,2553
147800,7,999,2,134,138,846,1435,272,2281,980,1573,2553
147800,8,5,1,80,69,349,466,149,815,429,535,964
147800,8,5,2,80,69,349,466,149,815,429,535,964
147800,9,6,1,27,29,175,241,56,416,202,270,472
147800,9,6,2,27,29,175,241,56,416,202,270,472
147800,10,7,1,10,21,89,176,31,265,99,197,296
147800,10,7,2,10,21,89,176,31,265,99,197,296
147800,11,8,1,8,16,109,268,24,377,117,284,401
147800,11,8,2,8,16,109,268,24,377,117,284,401
147800,12,9,1,8,2,84,232,10,316,92,234,326
147800,12,9,2,8,2,84,232,10,316,92,234,326
147800,13,10,1,1,1,40,52,2,92,41,53,94
147800,13,10,2,1,1,40,52,2,92,41,53,94
147800,14,11,1,0,0,1,2,0,3,1,2,3
147800,14,11,2,0,0,1,2,0,3,1,2,3
147916,1,412,1,1102,1180,1361,2115,2282,3476,2463,3295,5758
147916,1,112,2,1102,1180,1361,2115,2282,3476,2463,3295,5758
147916,2,999,1,968,964,964,1330,1932,2294,1932,2294,4226
147916,2,999,2,968,964,964,1330,1932,2294,1932,2294,4226
147916,3,1,1,12,10,276,423,22,699,288,433,721
147916,3,1,2,12,10,276,423,22,699,288,433,721
147916,4,2,1,571,598,278,299,1169,577,849,897,1746
147916,4,2,2,571,598,278,299,1169,577,849,897,1746
147916,5,3,1,269,249,229,312,518,541,498,561,1059
147916,5,3,2,269,249,229,312,518,541,498,561,1059
147916,6,4,1,116,107,181,296,223,477,297,403,700
147916,6,4,2,116,107,181,296,223,477,297,403,700
147916,7,999,1,134,216,397,784,350,1181,531,1000,1531
147916,7,999,2,134,216,397,784,350,1181,531,1000,1531
147916,8,5,1,52,95,129,251,147,380,181,346,527
147916,8,5,2,52,95,129,251,147,380,181,346,527
147916,9,6,1,42,56,93,172,98,265,135,228,363
147916,9,6,2,42,56,93,172,98,265,135,228,363
147916,10,7,1,17,31,65,113,48,178,82,144,226
147916,10,7,2,17,31,65,113,48,178,82,144,226
147916,11,8,1,12,27,57,139,39,196,69,166,235
147916,11,8,2,12,27,57,139,39,196,69,166,235
147916,12,9,1,11,7,39,78,18,117,50,85,135
147916,12,9,2,11,7,39,78,18,117,50,85,135
147916,13,10,1,0,0,14,31,0,45,14,31,45
147916,13,10,2,0,0,14,31,0,45,14,31,45
147916,14,11,1,0,0,0,1,0,1,0,1,1
147916,14,11,2,0,0,0,1,0,1,0,1,1
148007,1,412,1,335,537,580,1264,872,1844,915,1801,2716
148007,1,112,2,335,537,580,1264,872,1844,915,1801,2716
148007,2,999,1,291,427,343,611,718,954,634,1038,1672
148007,2,999,2,291,427,343,611,718,954,634,1038,1672
148007,3,1,1,16,39,42,81,55,123,58,120,178
148007,3,1,2,16,39,42,81,55,123,58,120,178
148007,4,2,1,164,242,100,156,406,256,264,398,662
148007,4,2,2,164,242,100,156,406,256,264,398,662
148007,5,3,1,75,93,105,183,168,288,180,276,456
148007,5,3,2,75,93,105,183,168,288,180,276,456
148007,6,4,1,36,53,96,191,89,287,132,244,376
148007,6,4,2,36,53,96,191,89,287,132,244,376
148007,7,999,1,44,110,237,652,154,889,281,762,1043
148007,7,999,2,44,110,237,652,154,889,281,762,1043
148007,8,5,1,20,56,73,213,76,286,93,269,362
148007,8,5,2,20,56,73,213,76,286,93,269,362
148007,9,6,1,11,21,47,129,32,176,58,150,208
148007,9,6,2,11,21,47,129,32,176,58,150,208
148007,10,7,1,5,13,33,94,18,127,38,107,145
148007,10,7,2,5,13,33,94,18,127,38,107,145
148007,11,8,1,4,14,53,134,18,187,57,148,205
148007,11,8,2,4,14,53,134,18,187,57,148,205
148007,12,9,1,4,6,25,69,10,94,29,75,104
148007,12,9,2,4,6,25,69,10,94,29,75,104
148007,13,10,1,0,0,6,13,0,19,6,13,19
148007,13,10,2,0,0,6,13,0,19,6,13,19
148007,14,11,1,0,0,0,1,0,1,0,1,1
148007,14,11,2,0,0,0,1,0,1,0,1,1
148016,1,412,1,171,145,11,13,316,24,182,158,340
148016,1,112,2,171,145,11,13,316,24,182,158,340
148016,2,999,1,169,137,7,7,306,14,176,144,320
148016,2,999,2,169,137,7,7,306,14,176,144,320
148016,3,1,1,0,2,0,0,2,0,0,2,2
148016,3,1,2,0,2,0,0,2,0,0,2,2
148016,4,2,1,53,55,0,2,108,2,53,57,110
148016,4,2,2,53,55,0,2,108,2,53,57,110
148016,5,3,1,74,67,3,2,141,5,77,69,146
148016,5,3,2,74,67,3,2,141,5,77,69,146
148016,6,4,1,42,13,4,3,55,7,46,16,62
148016,6,4,2,42,13,4,3,55,7,46,16,62
148016,7,999,1,2,8,4,6,10,10,6,14,20
148016,7,999,2,2,8,4,6,10,10,6,14,20
148016,8,5,1,2,6,2,4,8,6,4,10,14
148016,8,5,2,2,6,2,4,8,6,4,10,14
148016,9,6,1,0,0,2,2,0,4,2,2,4
148016,9,6,2,0,0,2,2,0,4,2,2,4
148016,12,9,1,0,1,0,0,1,0,0,1,1
148016,12,9,2,0,1,0,0,1,0,0,1,1
148016,13,10,1,0,1,0,0,1,0,0,1,1
148016,13,10,2,0,1,0,0,1,0,0,1,1
148131,1,412,1,493,474,114,192,967,306,607,666,1273
148131,1,112,2,479,452,45,116,931,161,524,568,1092
148131,1,312,5,14,22,69,76,36,145,83,98,181
148131,2,999,1,477,419,57,79,896,136,534,498,1032
148131,2,999,2,466,409,37,69,875,106,503,478,981
148131,2,999,5,11,10,20,10,21,30,31,20,51
148131,3,1,1,1,2,26,56,3,82,27,58,85
148131,3,1,2,1,2,26,56,3,82,27,58,85
148131,4,2,1,203,160,9,2,363,11,212,162,374
148131,4,2,2,203,160,9,2,363,11,212,162,374
148131,5,3,1,192,188,0,4,380,4,192,192,384
148131,5,3,2,192,187,0,4,379,4,192,191,383
148131,5,3,5,0,1,0,0,1,0,0,1,1
148131,6,4,1,81,69,22,17,150,39,103,86,189
148131,6,4,2,70,60,2,7,130,9,72,67,139
148131,6,4,5,11,9,20,10,20,30,31,19,50
148131,7,999,1,16,55,56,92,71,148,72,147,219
148131,7,999,2,13,43,7,30,56,37,20,73,93
148131,7,999,5,3,12,49,62,15,111,52,74,126
148131,8,5,1,8,20,13,26,28,39,21,46,67
148131,8,5,2,7,16,3,13,23,16,10,29,39
148131,8,5,5,1,4,10,13,5,23,11,17,28
148131,9,6,1,4,17,13,18,21,31,17,35,52
148131,9,6,2,2,12,1,8,14,9,3,20,23
148131,9,6,5,2,5,12,10,7,22,14,15,29
148131,10,7,1,4,13,10,20,17,30,14,33,47
148131,10,7,2,4,10,0,2,14,2,4,12,16
148131,10,7,5,0,3,10,18,3,28,10,21,31
148131,11,8,1,0,3,13,22,3,35,13,25,38
148131,11,8,2,0,3,1,5,3,6,1,8,9
148131,11,8,5,0,0,12,17,0,29,12,17,29
148131,12,9,1,0,2,6,6,2,12,6,8,14
148131,12,9,2,0,2,1,2,2,3,1,4,5
148131,12,9,5,0,0,5,4,0,9,5,4,9
148131,13,10,1,0,0,1,0,0,1,1,0,1
148131,13,10,2,0,0,1,0,0,1,1,0,1
148131,14,11,1,0,0,1,21,0,22,1,21,22
148131,14,11,2,0,0,1,17,0,18,1,17,18
148131,14,11,5,0,0,0,4,0,4,0,4,4
148256,1,412,1,407,543,361,491,950,852,768,1034,1802
148256,1,112,2,407,543,361,491,950,852,768,1034,1802
148256,2,999,1,340,451,279,373,791,652,619,824,1443
148256,2,999,2,340,451,279,373,791,652,619,824,1443
148256,3,1,1,12,42,164,247,54,411,176,289,465
148256,3,1,2,12,42,164,247,54,411,176,289,465
148256,4,2,1,241,259,55,53,500,108,296,312,608
148256,4,2,2,241,259,55,53,500,108,296,312,608
148256,5,3,1,70,95,31,45,165,76,101,140,241
148256,5,3,2,70,95,31,45,165,76,101,140,241
148256,6,4,1,17,55,29,28,72,57,46,83,129
148256,6,4,2,17,55,29,28,72,57,46,83,129
148256,7,999,1,67,92,82,118,159,200,149,210,359
148256,7,999,2,67,92,82,118,159,200,149,210,359
148256,8,5,1,33,35,21,39,68,60,54,74,128
148256,8,5,2,33,35,21,39,68,60,54,74,128
148256,9,6,1,16,25,16,22,41,38,32,47,79
148256,9,6,2,16,25,16,22,41,38,32,47,79
148256,10,7,1,9,12,14,20,21,34,23,32,55
148256,10,7,2,9,12,14,20,21,34,23,32,55
148256,11,8,1,4,14,20,22,18,42,24,36,60
148256,11,8,2,4,14,20,22,18,42,24,36,60
148256,12,9,1,5,5,7,12,10,19,12,17,29
148256,12,9,2,5,5,7,12,10,19,12,17,29
148256,13,10,1,0,1,4,3,1,7,4,4,8
148256,13,10,2,0,1,4,3,1,7,4,4,8
148292,1,412,1,226,394,601,1014,620,1615,827,1408,2235
148292,1,112,2,226,394,601,1014,620,1615,827,1408,2235
148292,2,999,1,182,274,439,613,456,1052,621,887,1508
148292,2,999,2,182,274,439,613,456,1052,621,887,1508
148292,3,1,1,6,19,231,253,25,484,237,272,509
148292,3,1,2,6,19,231,253,25,484,237,272,509
148292,4,2,1,120,158,111,119,278,230,231,277,508
148292,4,2,2,120,158,111,119,278,230,231,277,508
148292,5,3,1,34,58,57,129,92,186,91,187,278
148292,5,3,2,34,58,57,129,92,186,91,187,278
148292,6,4,1,22,39,40,112,61,152,62,151,213
148292,6,4,2,22,39,40,112,61,152,62,151,213
148292,7,999,1,44,120,162,401,164,563,206,521,727
148292,7,999,2,44,120,162,401,164,563,206,521,727
148292,8,5,1,14,47,43,138,61,181,57,185,242
148292,8,5,2,14,47,43,138,61,181,57,185,242
148292,9,6,1,7,26,29,88,33,117,36,114,150
148292,9,6,2,7,26,29,88,33,117,36,114,150
148292,10,7,1,12,18,30,67,30,97,42,85,127
148292,10,7,2,12,18,30,67,30,97,42,85,127
148292,11,8,1,8,23,35,68,31,103,43,91,134
148292,11,8,2,8,23,35,68,31,103,43,91,134
148292,12,9,1,3,5,24,39,8,63,27,44,71
148292,12,9,2,3,5,24,39,8,63,27,44,71
148292,13,10,1,0,1,1,1,1,2,1,2,3
148292,13,10,2,0,1,1,1,1,2,1,2,3
148380,1,412,1,997,1510,1415,1840,2507,3255,2412,3350,5762
148380,1,112,2,997,1510,1415,1840,2507,3255,2412,3350,5762
148380,2,999,1,874,1296,877,1102,2170,1979,1751,2398,4149
148380,2,999,2,874,1296,877,1102,2170,1979,1751,2398,4149
148380,3,1,1,83,178,48,97,261,145,131,275,406
148380,3,1,2,83,178,48,97,261,145,131,275,406
148380,4,2,1,519,731,279,334,1250,613,798,1065,1863
148380,4,2,2,519,731,279,334,1250,613,798,1065,1863
148380,5,3,1,206,296,300,394,502,694,506,690,1196
148380,5,3,2,206,296,300,394,502,694,506,690,1196
148380,6,4,1,66,91,250,277,157,527,316,368,684
148380,6,4,2,66,91,250,277,157,527,316,368,684
148380,7,999,1,123,214,538,738,337,1276,661,952,1613
148380,7,999,2,123,214,538,738,337,1276,661,952,1613
148380,8,5,1,58,70,195,284,128,479,253,354,607
148380,8,5,2,58,70,195,284,128,479,253,354,607
148380,9,6,1,21,58,122,171,79,293,143,229,372
148380,9,6,2,21,58,122,171,79,293,143,229,372
148380,10,7,1,13,35,80,101,48,181,93,136,229
148380,10,7,2,13,35,80,101,48,181,93,136,229
148380,11,8,1,20,32,100,132,52,232,120,164,284
148380,11,8,2,20,32,100,132,52,232,120,164,284
148380,12,9,1,9,18,37,44,27,81,46,62,108
148380,12,9,2,9,18,37,44,27,81,46,62,108
148380,13,10,1,2,1,4,6,3,10,6,7,13
148380,13,10,2,2,1,4,6,3,10,6,7,13
148487,1,412,1,1369,2232,322,757,3601,1079,1691,2989,4680
148487,1,112,2,1070,1544,139,315,2614,454,1209,1859,3068
148487,1,312,5,299,688,183,442,987,625,482,1130,1612
148487,2,999,1,1037,1619,60,142,2656,202,1097,1761,2858
148487,2,999,2,933,1299,43,88,2232,131,976,1387,2363
148487,2,999,5,104,320,17,54,424,71,121,374,495
148487,3,1,1,1,7,0,0,8,0,1,7,8
148487,3,1,2,1,7,0,0,8,0,1,7,8
148487,4,2,1,376,422,6,4,798,10,382,426,808
148487,4,2,2,376,422,6,4,798,10,382,426,808
148487,5,3,1,341,552,5,27,893,32,346,579,925
148487,5,3,2,338,530,5,26,868,31,343,556,899
148487,5,3,5,3,22,0,1,25,1,3,23,26
148487,6,4,1,319,638,49,111,957,160,368,749,1117
148487,6,4,2,218,340,32,58,558,90,250,398,648
148487,6,4,5,101,298,17,53,399,70,118,351,469
148487,7,999,1,332,613,262,615,945,877,594,1228,1822
148487,7,999,2,137,245,96,227,382,323,233,472,705
148487,7,999,5,195,368,166,388,563,554,361,756,1117
148487,8,5,1,217,393,103,221,610,324,320,614,934
148487,8,5,2,80,146,40,71,226,111,120,217,337
148487,8,5,5,137,247,63,150,384,213,200,397,597
148487,9,6,1,57,102,67,132,159,199,124,234,358
148487,9,6,2,31,46,21,50,77,71,52,96,148
148487,9,6,5,26,56,46,82,82,128,72,138,210
148487,10,7,1,36,55,27,89,91,116,63,144,207
148487,10,7,2,13,24,7,33,37,40,20,57,77
148487,10,7,5,23,31,20,56,54,76,43,87,130
148487,11,8,1,13,47,36,110,60,146,49,157,206
148487,11,8,2,6,20,17,48,26,65,23,68,91
148487,11,8,5,7,27,19,62,34,81,26,89,115
148487,12,9,1,9,15,26,60,24,86,35,75,110
148487,12,9,2,7,8,11,23,15,34,18,31,49
148487,12,9,5,2,7,15,37,9,52,17,44,61
148487,13,10,1,0,1,3,3,1,6,3,4,7
148487,13,10,2,0,1,0,2,1,2,0,3,3
148487,13,10,5,0,0,3,1,0,4,3,1,4
148496,1,412,1,686,1624,198,681,2310,879,884,2305,3189
148496,1,112,2,619,1382,51,114,2001,165,670,1496,2166
148496,1,312,5,67,242,147,567,309,714,214,809,1023
148496,2,999,1,600,1355,36,162,1955,198,636,1517,2153
148496,2,999,2,585,1272,21,62,1857,83,606,1334,1940
148496,2,999,5,15,83,15,100,98,115,30,183,213
148496,3,1,1,3,9,0,0,12,0,3,9,12
148496,3,1,2,3,9,0,0,12,0,3,9,12
148496,4,2,1,243,526,3,4,769,7,246,530,776
148496,4,2,2,243,526,3,4,769,7,246,530,776
148496,5,3,1,243,562,5,10,805,15,248,572,820
148496,5,3,2,243,560,5,9,803,14,248,569,817
148496,5,3,5,0,2,0,1,2,1,0,3,3
148496,6,4,1,111,258,28,148,369,176,139,406,545
148496,6,4,2,96,177,13,49,273,62,109,226,335
148496,6,4,5,15,81,15,99,96,114,30,180,210
148496,7,999,1,86,268,162,518,354,680,248,786,1034
148496,7,999,2,34,109,30,51,143,81,64,160,224
148496,7,999,5,52,159,132,467,211,599,184,626,810
148496,8,5,1,54,174,72,179,228,251,126,353,479
148496,8,5,2,28,69,17,21,97,38,45,90,135
148496,8,5,5,26,105,55,158,131,213,81,263,344
148496,9,6,1,14,52,30,97,66,127,44,149,193
148496,9,6,2,3,27,9,11,30,20,12,38,50
148496,9,6,5,11,25,21,86,36,107,32,111,143
148496,10,7,1,8,12,14,79,20,93,22,91,113
148496,10,7,2,1,5,0,8,6,8,1,13,14
148496,10,7,5,7,7,14,71,14,85,21,78,99
148496,11,8,1,8,21,29,107,29,136,37,128,165
148496,11,8,2,1,7,2,9,8,11,3,16,19
148496,11,8,5,7,14,27,98,21,125,34,112,146
148496,12,9,1,2,9,16,52,11,68,18,61,79
148496,12,9,2,1,1,2,2,2,4,3,3,6
148496,12,9,5,1,8,14,50,9,64,15,58,73
148496,13,10,1,0,0,1,4,0,5,1,4,5
148496,13,10,5,0,0,1,4,0,5,1,4,5
148496,14,11,1,0,1,0,1,1,1,0,2,2
148496,14,11,2,0,1,0,1,1,1,0,2,2
148511,1,412,1,507,1228,162,919,1735,1081,669,2147,2816
148511,1,112,2,11,41,19,33,52,52,30,74,104
148511,1,312,5,496,1187,143,886,1683,1029,639,2073,2712
148511,2,999,1,97,452,8,20,549,28,105,472,577
148511,2,999,2,5,20,5,6,25,11,10,26,36
148511,2,999,5,92,432,3,14,524,17,95,446,541
148511,5,3,1,2,17,0,2,19,2,2,19,21
148511,5,3,2,1,8,0,2,9,2,1,10,11
148511,5,3,5,1,9,0,0,10,0,1,9,10
148511,6,4,1,95,435,8,18,530,26,103,453,556
148511,6,4,2,4,12,5,4,16,9,9,16,25
148511,6,4,5,91,423,3,14,514,17,94,437,531
148511,7,999,1,410,776,154,899,1186,1053,564,1675,2239
148511,7,999,2,6,21,14,27,27,41,20,48,68
148511,7,999,5,404,755,140,872,1159,1012,544,1627,2171
148511,8,5,1,321,556,36,333,877,369,357,889,1246
148511,8,5,2,3,12,5,5,15,10,8,17,25
148511,8,5,5,318,544,31,328,862,359,349,872,1221
148511,9,6,1,65,128,57,285,193,342,122,413,535
148511,9,6,2,1,5,3,8,6,11,4,13,17
148511,9,6,5,64,123,54,277,187,331,118,400,518
148511,10,7,1,16,45,23,124,61,147,39,169,208
148511,10,7,2,1,2,3,5,3,8,4,7,11
148511,10,7,5,15,43,20,119,58,139,35,162,197
148511,11,8,1,6,41,27,112,47,139,33,153,186
148511,11,8,2,0,1,2,5,1,7,2,6,8
148511,11,8,5,6,40,25,107,46,132,31,147,178
148511,12,9,1,2,6,10,43,8,53,12,49,61
148511,12,9,2,1,1,1,4,2,5,2,5,7
148511,12,9,5,1,5,9,39,6,48,10,44,54
148511,13,10,1,0,0,1,2,0,3,1,2,3
148511,13,10,5,0,0,1,2,0,3,1,2,3
148575,1,412,1,37,200,31,198,237,229,68,398,466
148575,1,112,2,37,199,5,43,236,48,42,242,284
148575,1,312,5,0,1,26,155,1,181,26,156,182
148575,2,999,1,23,171,3,24,194,27,26,195,221
148575,2,999,2,23,171,1,20,194,21,24,191,215
148575,2,999,5,0,0,2,4,0,6,2,4,6
148575,4,2,1,1,6,0,0,7,0,1,6,7
148575,4,2,2,1,6,0,0,7,0,1,6,7
148575,5,3,1,11,103,1,8,114,9,12,111,123
148575,5,3,2,11,103,1,8,114,9,12,111,123
148575,6,4,1,11,62,2,16,73,18,13,78,91
148575,6,4,2,11,62,0,12,73,12,11,74,85
148575,6,4,5,0,0,2,4,0,6,2,4,6
148575,7,999,1,14,29,28,174,43,202,42,203,245
148575,7,999,2,14,28,4,23,42,27,18,51,69
148575,7,999,5,0,1,24,151,1,175,24,152,176
148575,8,5,1,10,13,6,41,23,47,16,54,70
148575,8,5,2,10,13,0,6,23,6,10,19,29
148575,8,5,5,0,0,6,35,0,41,6,35,41
148575,9,6,1,3,7,11,47,10,58,14,54,68
148575,9,6,2,3,7,0,6,10,6,3,13,16
148575,9,6,5,0,0,11,41,0,52,11,41,52
148575,10,7,1,1,4,5,30,5,35,6,34,40
148575,10,7,2,1,4,1,2,5,3,2,6,8
148575,10,7,5,0,0,4,28,0,32,4,28,32
148575,11,8,1,0,3,5,42,3,47,5,45,50
148575,11,8,2,0,3,3,5,3,8,3,8,11
148575,11,8,5,0,0,2,37,0,39,2,37,39
148575,12,9,1,0,2,1,14,2,15,1,16,17
148575,12,9,2,0,1,0,4,1,4,0,5,5
148575,12,9,5,0,1,1,10,1,11,1,11,12
148584,1,412,1,517,1042,431,1539,1559,1970,948,2581,3529
148584,1,112,2,451,914,59,203,1365,262,510,1117,1627
148584,1,312,5,66,128,372,1336,194,1708,438,1464,1902
148584,2,999,1,444,813,38,121,1257,159,482,934,1416
148584,2,999,2,419,792,19,52,1211,71,438,844,1282
148584,2,999,5,25,21,19,69,46,88,44,90,134
148584,3,1,1,1,2,9,33,3,42,10,35,45
148584,3,1,2,1,2,9,33,3,42,10,35,45
148584,4,2,1,155,228,1,3,383,4,156,231,387
148584,4,2,2,155,228,1,3,383,4,156,231,387
148584,5,3,1,164,345,3,5,509,8,167,350,517
148584,5,3,2,164,344,2,4,508,6,166,348,514
148584,5,3,5,0,1,1,1,1,2,1,2,3
148584,6,4,1,124,238,25,80,362,105,149,318,467
148584,6,4,2,99,218,7,12,317,19,106,230,336
148584,6,4,5,25,20,18,68,45,86,43,88,131
148584,7,999,1,73,229,393,1418,302,1811,466,1647,2113
148584,7,999,2,32,122,40,151,154,191,72,273,345
148584,7,999,5,41,107,353,1267,148,1620,394,1374,1768
148584,8,5,1,41,130,65,254,171,319,106,384,490
148584,8,5,2,20,72,9,19,92,28,29,91,120
148584,8,5,5,21,58,56,235,79,291,77,293,370
148584,9,6,1,17,40,91,250,57,341,108,290,398
148584,9,6,2,5,22,8,33,27,41,13,55,68
148584,9,6,5,12,18,83,217,30,300,95,235,330
148584,10,7,1,6,22,82,236,28,318,88,258,346
148584,10,7,2,4,15,5,23,19,28,9,38,47
148584,10,7,5,2,7,77,213,9,290,79,220,299
148584,11,8,1,6,30,110,436,36,546,116,466,582
148584,11,8,2,1,10,14,47,11,61,15,57,72
148584,11,8,5,5,20,96,389,25,485,101,409,510
148584,12,9,1,2,7,43,235,9,278,45,242,287
148584,12,9,2,1,3,4,28,4,32,5,31,36
148584,12,9,5,1,4,39,207,5,246,40,211,251
148584,13,10,1,1,0,2,7,1,9,3,7,10
148584,13,10,2,1,0,0,1,1,1,1,1,2
148584,13,10,5,0,0,2,6,0,8,2,6,8
148627,1,412,1,1047,1981,227,509,3028,736,1274,2490,3764
148627,1,112,2,1013,1865,95,107,2878,202,1108,1972,3080
148627,1,312,5,34,116,132,402,150,534,166,518,684
148627,2,999,1,981,1846,84,91,2827,175,1065,1937,3002
148627,2,999,2,962,1764,60,53,2726,113,1022,1817,2839
148627,2,999,5,19,82,24,38,101,62,43,120,163
148627,3,1,1,6,8,0,0,14,0,6,8,14
148627,3,1,2,6,8,0,0,14,0,6,8,14
148627,4,2,1,437,742,9,7,1179,16,446,749,1195
148627,4,2,2,437,742,9,7,1179,16,446,749,1195
148627,5,3,1,377,761,13,20,1138,33,390,781,1171
148627,5,3,2,376,755,13,18,1131,31,389,773,1162
148627,5,3,5,1,6,0,2,7,2,1,8,9
148627,6,4,1,161,335,62,64,496,126,223,399,622
148627,6,4,2,143,259,38,28,402,66,181,287,468
148627,6,4,5,18,76,24,36,94,60,42,112,154
148627,7,999,1,66,135,143,416,201,559,209,551,760
148627,7,999,2,51,101,35,54,152,89,86,155,241
148627,7,999,5,15,34,108,362,49,470,123,396,519
148627,8,5,1,44,83,48,134,127,182,92,217,309
148627,8,5,2,39,65,13,21,104,34,52,86,138
148627,8,5,5,5,18,35,113,23,148,40,131,171
148627,9,6,1,9,22,34,100,31,134,43,122,165
148627,9,6,2,4,18,7,7,22,14,11,25,36
148627,9,6,5,5,4,27,93,9,120,32,97,129
148627,10,7,1,5,7,26,59,12,85,31,66,97
148627,10,7,2,4,2,6,7,6,13,10,9,19
148627,10,7,5,1,5,20,52,6,72,21,57,78
148627,11,8,1,7,19,26,87,26,113,33,106,139
148627,11,8,2,3,13,6,13,16,19,9,26,35
148627,11,8,5,4,6,20,74,10,94,24,80,104
148627,12,9,1,1,4,8,36,5,44,9,40,49
148627,12,9,2,1,3,2,6,4,8,3,9,12
148627,12,9,5,0,1,6,30,1,36,6,31,37
148627,13,10,1,0,0,1,0,0,1,1,0,1
148627,13,10,2,0,0,1,0,0,1,1,0,1
148627,14,11,1,0,0,0,2,0,2,0,2,2
148627,14,11,5,0,0,0,2,0,2,0,2,2
148654,1,412,1,1017,1293,953,883,2310,1836,1970,2176,4146
148654,1,112,2,819,1021,438,376,1840,814,1257,1397,2654
148654,1,312,5,198,272,515,507,470,1022,713,779,1492
148654,2,999,1,729,978,166,186,1707,352,895,1164,2059
148654,2,999,2,652,850,113,115,1502,228,765,965,1730
148654,2,999,5,77,128,53,71,205,124,130,199,329
148654,3,1,1,3,4,1,9,7,10,4,13,17
148654,3,1,2,3,4,1,9,7,10,4,13,17
148654,4,2,1,229,338,9,10,567,19,238,348,586
148654,4,2,2,229,338,9,10,567,19,238,348,586
148654,5,3,1,285,366,26,27,651,53,311,393,704
148654,5,3,2,280,359,25,25,639,50,305,384,689
148654,5,3,5,5,7,1,2,12,3,6,9,15
148654,6,4,1,212,270,130,140,482,270,342,410,752
148654,6,4,2,140,149,78,71,289,149,218,220,438
148654,6,4,5,72,121,52,69,193,121,124,190,314
148654,7,999,1,288,315,787,697,603,1484,1075,1012,2087
148654,7,999,2,167,171,325,261,338,586,492,432,924
148654,7,999,5,121,144,462,436,265,898,583,580,1163
148654,8,5,1,145,160,183,188,305,371,328,348,676
148654,8,5,2,89,87,83,76,176,159,172,163,335
148654,8,5,5,56,73,100,112,129,212,156,185,341
148654,9,6,1,60,70,217,152,130,369,277,222,499
148654,9,6,2,32,43,100,58,75,158,132,101,233
148654,9,6,5,28,27,117,94,55,211,145,121,266
148654,10,7,1,36,34,146,136,70,282,182,170,352
148654,10,7,2,16,19,56,57,35,113,72,76,148
148654,10,7,5,20,15,90,79,35,169,110,94,204
148654,11,8,1,35,37,177,130,72,307,212,167,379
148654,11,8,2,23,15,73,44,38,117,96,59,155
148654,11,8,5,12,22,104,86,34,190,116,108,224
148654,12,9,1,12,13,54,83,25,137,66,96,162
148654,12,9,2,7,7,12,23,14,35,19,30,49
148654,12,9,5,5,6,42,60,11,102,47,66,113
148654,13,10,1,0,1,10,8,1,18,10,9,19
148654,13,10,2,0,0,1,3,0,4,1,3,4
148654,13,10,5,0,1,9,5,1,14,9,6,15
148672,1,412,1,244,426,274,442,670,716,518,868,1386
148672,1,112,2,244,426,274,442,670,716,518,868,1386
148672,2,999,1,224,346,210,308,570,518,434,654,1088
148672,2,999,2,224,346,210,308,570,518,434,654,1088
148672,3,1,1,5,14,55,128,19,183,60,142,202
148672,3,1,2,5,14,55,128,19,183,60,142,202
148672,4,2,1,146,233,75,71,379,146,221,304,525
148672,4,2,2,146,233,75,71,379,146,221,304,525
148672,5,3,1,59,71,50,68,130,118,109,139,248
148672,5,3,2,59,71,50,68,130,118,109,139,248
148672,6,4,1,14,28,30,41,42,71,44,69,113
148672,6,4,2,14,28,30,41,42,71,44,69,113
148672,7,999,1,20,80,64,134,100,198,84,214,298
148672,7,999,2,20,80,64,134,100,198,84,214,298
148672,8,5,1,14,33,17,47,47,64,31,80,111
148672,8,5,2,14,33,17,47,47,64,31,80,111
148672,9,6,1,3,17,17,26,20,43,20,43,63
148672,9,6,2,3,17,17,26,20,43,20,43,63
148672,10,7,1,1,15,11,18,16,29,12,33,45
148672,10,7,2,1,15,11,18,16,29,12,33,45
148672,11,8,1,2,13,11,27,15,38,13,40,53
148672,11,8,2,2,13,11,27,15,38,13,40,53
148672,12,9,1,0,2,8,14,2,22,8,16,24
148672,12,9,2,0,2,8,14,2,22,8,16,24
148672,13,10,1,0,0,0,2,0,2,0,2,2
148672,13,10,2,0,0,0,2,0,2,0,2,2
148821,1,412,1,213,422,188,353,635,541,401,775,1176
148821,1,112,2,213,422,188,353,635,541,401,775,1176
148821,2,999,1,183,313,149,254,496,403,332,567,899
148821,2,999,2,183,313,149,254,496,403,332,567,899
148821,3,1,1,9,37,109,167,46,276,118,204,322
148821,3,1,2,9,37,109,167,46,276,118,204,322
148821,4,2,1,118,167,19,46,285,65,137,213,350
148821,4,2,2,118,167,19,46,285,65,137,213,350
148821,5,3,1,41,73,10,18,114,28,51,91,142
148821,5,3,2,41,73,10,18,114,28,51,91,142
148821,6,4,1,15,36,11,23,51,34,26,59,85
148821,6,4,2,15,36,11,23,51,34,26,59,85
148821,7,999,1,30,109,39,99,139,138,69,208,277
148821,7,999,2,30,109,39,99,139,138,69,208,277
148821,8,5,1,9,44,6,30,53,36,15,74,89
148821,8,5,2,9,44,6,30,53,36,15,74,89
148821,9,6,1,4,23,8,13,27,21,12,36,48
148821,9,6,2,4,23,8,13,27,21,12,36,48
148821,10,7,1,5,18,2,14,23,16,7,32,39
148821,10,7,2,5,18,2,14,23,16,7,32,39
148821,11,8,1,10,14,12,19,24,31,22,33,55
148821,11,8,2,10,14,12,19,24,31,22,33,55
148821,12,9,1,2,9,10,18,11,28,12,27,39
148821,12,9,2,2,9,10,18,11,28,12,27,39
148821,13,10,1,0,1,1,5,1,6,1,6,7
148821,13,10,2,0,1,1,5,1,6,1,6,7
148937,1,412,1,240,275,293,455,515,748,533,730,1263
148937,1,112,2,240,275,293,455,515,748,533,730,1263
148937,2,999,1,224,233,230,305,457,535,454,538,992
148937,2,999,2,224,233,230,305,457,535,454,538,992
148937,3,1,1,2,11,149,207,13,356,151,218,369
148937,3,1,2,2,11,149,207,13,356,151,218,369
148937,4,2,1,172,153,49,50,325,99,221,203,424
148937,4,2,2,172,153,49,50,325,99,221,203,424
148937,5,3,1,38,51,25,30,89,55,63,81,144
148937,5,3,2,38,51,25,30,89,55,63,81,144
148937,6,4,1,12,18,7,18,30,25,19,36,55
148937,6,4,2,12,18,7,18,30,25,19,36,55
148937,7,999,1,16,42,63,150,58,213,79,192,271
148937,7,999,2,16,42,63,150,58,213,79,192,271
148937,8,5,1,7,18,10,38,25,48,17,56,73
148937,8,5,2,7,18,10,38,25,48,17,56,73
148937,9,6,1,2,10,9,28,12,37,11,38,49
148937,9,6,2,2,10,9,28,12,37,11,38,49
148937,10,7,1,4,10,16,28,14,44,20,38,58
148937,10,7,2,4,10,16,28,14,44,20,38,58
148937,11,8,1,3,2,17,26,5,43,20,28,48
148937,11,8,2,3,2,17,26,5,43,20,28,48
148937,12,9,1,0,2,8,28,2,36,8,30,38
148937,12,9,2,0,2,8,28,2,36,8,30,38
148937,13,10,1,0,0,3,2,0,5,3,2,5
148937,13,10,2,0,0,3,2,0,5,3,2,5
148991,1,412,1,253,292,250,444,545,694,503,736,1239
148991,1,112,2,253,292,250,444,545,694,503,736,1239
148991,2,999,1,230,236,205,297,466,502,435,533,968
148991,2,999,2,230,236,205,297,466,502,435,533,968
148991,3,1,1,1,7,91,143,8,234,92,150,242
148991,3,1,2,1,7,91,143,8,234,92,150,242
148991,4,2,1,142,161,56,57,303,113,198,218,416
148991,4,2,2,142,161,56,57,303,113,198,218,416
148991,5,3,1,64,49,42,50,113,92,106,99,205
148991,5,3,2,64,49,42,50,113,92,106,99,205
148991,6,4,1,23,19,16,47,42,63,39,66,105
148991,6,4,2,23,19,16,47,42,63,39,66,105
148991,7,999,1,23,56,45,147,79,192,68,203,271
148991,7,999,2,23,56,45,147,79,192,68,203,271
148991,8,5,1,9,23,16,44,32,60,25,67,92
148991,8,5,2,9,23,16,44,32,60,25,67,92
148991,9,6,1,3,16,11,26,19,37,14,42,56
148991,9,6,2,3,16,11,26,19,37,14,42,56
148991,10,7,1,5,4,3,19,9,22,8,23,31
148991,10,7,2,5,4,3,19,9,22,8,23,31
148991,11,8,1,3,11,11,38,14,49,14,49,63
148991,11,8,2,3,11,11,38,14,49,14,49,63
148991,12,9,1,3,1,3,18,4,21,6,19,25
148991,12,9,2,3,1,3,18,4,21,6,19,25
148991,13,10,1,0,1,1,2,1,3,1,3,4
148991,13,10,2,0,1,1,2,1,3,1,3,4
149222,1,412,1,4281,4394,1488,1203,8675,2691,5769,5597,11366
149222,1,112,2,3431,3365,885,618,6796,1503,4316,3983,8299
149222,1,312,5,850,1029,603,585,1879,1188,1453,1614,3067
149222,2,999,1,3301,3504,386,357,6805,743,3687,3861,7548
149222,2,999,2,2974,2996,340,291,5970,631,3314,3287,6601
149222,2,999,5,327,508,46,66,835,112,373,574,947
149222,3,1,1,13,20,2,4,33,6,15,24,39
149222,3,1,2,13,20,2,4,33,6,15,24,39
149222,4,2,1,956,1183,82,93,2139,175,1038,1276,2314
149222,4,2,2,956,1183,82,93,2139,175,1038,1276,2314
149222,5,3,1,1265,1276,69,70,2541,139,1334,1346,2680
149222,5,3,2,1252,1248,67,69,2500,136,1319,1317,2636
149222,5,3,5,13,28,2,1,41,3,15,29,44
149222,6,4,1,1067,1025,233,190,2092,423,1300,1215,2515
149222,6,4,2,753,545,189,125,1298,314,942,670,1612
149222,6,4,5,314,480,44,65,794,109,358,545,903
149222,7,999,1,980,890,1102,846,1870,1948,2082,1736,3818
149222,7,999,2,457,369,545,327,826,872,1002,696,1698
149222,7,999,5,523,521,557,519,1044,1076,1080,1040,2120
149222,8,5,1,571,489,302,226,1060,528,873,715,1588
149222,8,5,2,273,188,133,89,461,222,406,277,683
149222,8,5,5,298,301,169,137,599,306,467,438,905
149222,9,6,1,193,176,270,202,369,472,463,378,841
149222,9,6,2,89,70,125,67,159,192,214,137,351
149222,9,6,5,104,106,145,135,210,280,249,241,490
149222,10,7,1,105,115,201,126,220,327,306,241,547
149222,10,7,2,46,57,97,54,103,151,143,111,254
149222,10,7,5,59,58,104,72,117,176,163,130,293
149222,11,8,1,80,79,218,198,159,416,298,277,575
149222,11,8,2,37,41,137,81,78,218,174,122,296
149222,11,8,5,43,38,81,117,81,198,124,155,279
149222,12,9,1,31,28,102,91,59,193,133,119,252
149222,12,9,2,12,13,49,35,25,84,61,48,109
149222,12,9,5,19,15,53,56,34,109,72,71,143
149222,13,10,1,0,3,9,3,3,12,9,6,15
149222,13,10,2,0,0,4,1,0,5,4,1,5
149222,13,10,5,0,3,5,2,3,7,5,5,10
149231,1,412,1,4148,5218,1329,2165,9366,3494,5477,7383,12860
149231,1,112,2,3638,4433,740,1131,8071,1871,4378,5564,9942
149231,1,312,5,510,785,589,1034,1295,1623,1099,1819,2918
149231,2,999,1,3650,4585,582,699,8235,1281,4232,5284,9516
149231,2,999,2,3349,4130,466,492,7479,958,3815,4622,8437
149231,2,999,5,301,455,116,207,756,323,417,662,1079
149231,3,1,1,11,23,1,2,34,3,12,25,37
149231,3,1,2,11,23,1,2,34,3,12,25,37
149231,4,2,1,1102,1639,50,56,2741,106,1152,1695,2847
149231,4,2,2,1102,1638,50,56,2740,106,1152,1694,2846
149231,4,2,5,0,1,0,0,1,0,0,1,1
149231,5,3,1,1517,1886,143,157,3403,300,1660,2043,3703
149231,5,3,2,1468,1803,143,151,3271,294,1611,1954,3565
149231,5,3,5,49,83,0,6,132,6,49,89,138
149231,6,4,1,1020,1037,388,484,2057,872,1408,1521,2929
149231,6,4,2,768,666,272,283,1434,555,1040,949,1989
149231,6,4,5,252,371,116,201,623,317,368,572,940
149231,7,999,1,498,633,747,1466,1131,2213,1245,2099,3344
149231,7,999,2,289,303,274,639,592,913,563,942,1505
149231,7,999,5,209,330,473,827,539,1300,682,1157,1839
149231,8,5,1,335,394,326,492,729,818,661,886,1547
149231,8,5,2,213,195,137,215,408,352,350,410,760
149231,8,5,5,122,199,189,277,321,466,311,476,787
149231,9,6,1,94,121,168,305,215,473,262,426,688
149231,9,6,2,46,55,54,121,101,175,100,176,276
149231,9,6,5,48,66,114,184,114,298,162,250,412
149231,10,7,1,36,57,116,251,93,367,152,308,460
149231,10,7,2,16,28,41,106,44,147,57,134,191
149231,10,7,5,20,29,75,145,49,220,95,174,269
149231,11,8,1,28,47,108,307,75,415,136,354,490
149231,11,8,2,12,20,34,145,32,179,46,165,211
149231,11,8,5,16,27,74,162,43,236,90,189,279
149231,12,9,1,5,14,26,104,19,130,31,118,149
149231,12,9,2,2,5,7,49,7,56,9,54,63
149231,12,9,5,3,9,19,55,12,74,22,64,86
149231,13,10,1,0,0,3,7,0,10,3,7,10
149231,13,10,2,0,0,1,3,0,4,1,3,4
149231,13,10,5,0,0,2,4,0,6,2,4,6
149365,1,412,1,273,527,943,1623,800,2566,1216,2150,3366
149365,1,112,2,273,527,943,1623,800,2566,1216,2150,3366
149365,2,999,1,231,411,744,898,642,1642,975,1309,2284
149365,2,999,2,231,411,744,898,642,1642,975,1309,2284
149365,3,1,1,4,2,397,372,6,769,401,374,775
149365,3,1,2,4,2,397,372,6,769,401,374,775
149365,4,2,1,145,221,134,155,366,289,279,376,655
149365,4,2,2,145,221,134,155,366,289,279,376,655
149365,5,3,1,52,125,114,199,177,313,166,324,490
149365,5,3,2,52,125,114,199,177,313,166,324,490
149365,6,4,1,30,63,99,172,93,271,129,235,364
149365,6,4,2,30,63,99,172,93,271,129,235,364
149365,7,999,1,42,116,199,725,158,924,241,841,1082
149365,7,999,2,42,116,199,725,158,924,241,841,1082
149365,8,5,1,16,43,76,204,59,280,92,247,339
149365,8,5,2,16,43,76,204,59,280,92,247,339
149365,9,6,1,14,27,39,134,41,173,53,161,214
149365,9,6,2,14,27,39,134,41,173,53,161,214
149365,10,7,1,10,19,20,112,29,132,30,131,161
149365,10,7,2,10,19,20,112,29,132,30,131,161
149365,11,8,1,1,19,30,138,20,168,31,157,188
149365,11,8,2,1,19,30,138,20,168,31,157,188
149365,12,9,1,1,7,25,113,8,138,26,120,146
149365,12,9,2,1,7,25,113,8,138,26,120,146
149365,13,10,1,0,1,9,24,1,33,9,25,34
149365,13,10,2,0,1,9,24,1,33,9,25,34
149532,1,412,1,1157,1400,2703,3559,2557,6262,3860,4959,8819
149532,1,112,2,1157,1400,2703,3559,2557,6262,3860,4959,8819
149532,2,999,1,1011,1144,1497,1795,2155,3292,2508,2939,5447
149532,2,999,2,1011,1144,1497,1795,2155,3292,2508,2939,5447
149532,3,1,1,10,16,434,506,26,940,444,522,966
149532,3,1,2,10,16,434,506,26,940,444,522,966
149532,4,2,1,645,708,308,327,1353,635,953,1035,1988
149532,4,2,2,645,708,308,327,1353,635,953,1035,1988
149532,5,3,1,260,280,373,416,540,789,633,696,1329
149532,5,3,2,260,280,373,416,540,789,633,696,1329
149532,6,4,1,96,140,382,546,236,928,478,686,1164
149532,6,4,2,96,140,382,546,236,928,478,686,1164
149532,7,999,1,145,253,1203,1759,398,2962,1348,2012,3360
149532,7,999,2,145,253,1203,1759,398,2962,1348,2012,3360
149532,8,5,1,72,120,366,492,192,858,438,612,1050
149532,8,5,2,72,120,366,492,192,858,438,612,1050
149532,9,6,1,34,56,254,321,90,575,288,377,665
149532,9,6,2,34,56,254,321,90,575,288,377,665
149532,10,7,1,15,36,205,266,51,471,220,302,522
149532,10,7,2,15,36,205,266,51,471,220,302,522
149532,11,8,1,16,29,225,398,45,623,241,427,668
149532,11,8,2,16,29,225,398,45,623,241,427,668
149532,12,9,1,8,12,120,239,20,359,128,251,379
149532,12,9,2,8,12,120,239,20,359,128,251,379
149532,13,10,1,0,0,33,43,0,76,33,43,76
149532,13,10,2,0,0,33,43,0,76,33,43,76
149532,14,11,1,1,3,3,5,4,8,4,8,12
149532,14,11,2,1,3,3,5,4,8,4,8,12
149550,1,412,1,15,112,3,28,127,31,18,140,158
149550,1,112,2,15,112,3,28,127,31,18,140,158
149550,2,999,1,8,86,2,13,94,15,10,99,109
149550,2,999,2,8,86,2,13,94,15,10,99,109
149550,3,1,1,1,4,0,0,5,0,1,4,5
149550,3,1,2,1,4,0,0,5,0,1,4,5
149550,4,2,1,3,48,1,5,51,6,4,53,57
149550,4,2,2,3,48,1,5,51,6,4,53,57
149550,5,3,1,0,18,0,4,18,4,0,22,22
149550,5,3,2,0,18,0,4,18,4,0,22,22
149550,6,4,1,4,16,1,4,20,5,5,20,25
149550,6,4,2,4,16,1,4,20,5,5,20,25
149550,7,999,1,7,26,1,15,33,16,8,41,49
149550,7,999,2,7,26,1,15,33,16,8,41,49
149550,8,5,1,3,12,1,5,15,6,4,17,21
149550,8,5,2,3,12,1,5,15,6,4,17,21
149550,9,6,1,3,7,0,4,10,4,3,11,14
149550,9,6,2,3,7,0,4,10,4,3,11,14
149550,10,7,1,1,3,0,3,4,3,1,6,7
149550,10,7,2,1,3,0,3,4,3,1,6,7
149550,11,8,1,0,3,0,3,3,3,0,6,6
149550,11,8,2,0,3,0,3,3,3,0,6,6
149550,12,9,1,0,1,0,0,1,0,0,1,1
149550,12,9,2,0,1,0,0,1,0,0,1,1
149727,1,412,1,1078,1197,2147,3142,2275,5289,3225,4339,7564
149727,1,112,2,1078,1197,2147,3142,2275,5289,3225,4339,7564
149727,2,999,1,1003,1083,1646,2072,2086,3718,2649,3155,5804
149727,2,999,2,1003,1083,1646,2072,2086,3718,2649,3155,5804
149727,3,1,1,12,15,485,683,27,1168,497,698,1195
149727,3,1,2,12,15,485,683,27,1168,497,698,1195
149727,4,2,1,678,754,420,468,1432,888,1098,1222,2320
149727,4,2,2,678,754,420,468,1432,888,1098,1222,2320
149727,5,3,1,247,240,430,491,487,921,677,731,1408
149727,5,3,2,247,240,430,491,487,921,677,731,1408
149727,6,4,1,66,74,311,430,140,741,377,504,881
149727,6,4,2,66,74,311,430,140,741,377,504,881
149727,7,999,1,75,114,501,1070,189,1571,576,1184,1760
149727,7,999,2,75,114,501,1070,189,1571,576,1184,1760
149727,8,5,1,40,59,187,358,99,545,227,417,644
149727,8,5,2,40,59,187,358,99,545,227,417,644
149727,9,6,1,19,26,106,216,45,322,125,242,367
149727,9,6,2,19,26,106,216,45,322,125,242,367
149727,10,7,1,8,11,70,143,19,213,78,154,232
149727,10,7,2,8,11,70,143,19,213,78,154,232
149727,11,8,1,3,13,74,226,16,300,77,239,316
149727,11,8,2,3,13,74,226,16,300,77,239,316
149727,12,9,1,3,5,54,113,8,167,57,118,175
149727,12,9,2,3,5,54,113,8,167,57,118,175
149727,13,10,1,2,0,10,14,2,24,12,14,26
149727,13,10,2,2,0,10,14,2,24,12,14,26
149772,1,412,1,2550,3153,725,1062,5703,1787,3275,4215,7490
149772,1,112,2,2230,2769,412,443,4999,855,2642,3212,5854
149772,1,312,5,320,384,313,619,704,932,633,1003,1636
149772,2,999,1,2149,2736,228,273,4885,501,2377,3009,5386
149772,2,999,2,1992,2517,196,209,4509,405,2188,2726,4914
149772,2,999,5,157,219,32,64,376,96,189,283,472
149772,3,1,1,7,17,35,46,24,81,42,63,105
149772,3,1,2,7,17,35,46,24,81,42,63,105
149772,4,2,1,655,1028,18,23,1683,41,673,1051,1724
149772,4,2,2,655,1028,18,23,1683,41,673,1051,1724
149772,5,3,1,897,983,45,49,1880,94,942,1032,1974
149772,5,3,2,886,960,43,46,1846,89,929,1006,1935
149772,5,3,5,11,23,2,3,34,5,13,26,39
149772,6,4,1,590,708,130,155,1298,285,720,863,1583
149772,6,4,2,444,512,100,94,956,194,544,606,1150
149772,6,4,5,146,196,30,61,342,91,176,257,433
149772,7,999,1,401,417,497,789,818,1286,898,1206,2104
149772,7,999,2,238,252,216,234,490,450,454,486,940
149772,7,999,5,163,165,281,555,328,836,444,720,1164
149772,8,5,1,236,209,133,239,445,372,369,448,817
149772,8,5,2,142,117,57,72,259,129,199,189,388
149772,8,5,5,94,92,76,167,186,243,170,259,429
149772,9,6,1,78,85,101,152,163,253,179,237,416
149772,9,6,2,42,57,42,40,99,82,84,97,181
149772,9,6,5,36,28,59,112,64,171,95,140,235
149772,10,7,1,36,35,81,127,71,208,117,162,279
149772,10,7,2,22,23,39,40,45,79,61,63,124
149772,10,7,5,14,12,42,87,26,129,56,99,155
149772,11,8,1,39,62,126,177,101,303,165,239,404
149772,11,8,2,24,38,52,45,62,97,76,83,159
149772,11,8,5,15,24,74,132,39,206,89,156,245
149772,12,9,1,12,25,51,84,37,135,63,109,172
149772,12,9,2,8,16,25,33,24,58,33,49,82
149772,12,9,5,4,9,26,51,13,77,30,60,90
149772,13,10,1,0,1,5,10,1,15,5,11,16
149772,13,10,2,0,1,1,4,1,5,1,5,6
149772,13,10,5,0,0,4,6,0,10,4,6,10
149781,1,412,1,1052,1368,171,317,2420,488,1223,1685,2908
149781,1,112,2,969,1226,36,34,2195,70,1005,1260,2265
149781,1,312,5,83,142,135,283,225,418,218,425,643
149781,2,999,1,984,1282,66,98,2266,164,1050,1380,2430
149781,2,999,2,959,1216,35,30,2175,65,994,1246,2240
149781,2,999,5,25,66,31,68,91,99,56,134,190
149781,3,1,1,9,10,1,1,19,2,10,11,21
149781,3,1,2,9,10,1,1,19,2,10,11,21
149781,4,2,1,422,549,12,12,971,24,434,561,995
149781,4,2,2,422,549,12,11,971,23,434,560,994
149781,4,2,5,0,0,0,1,0,1,0,1,1
149781,5,3,1,457,594,12,16,1051,28,469,610,1079
149781,5,3,2,456,591,11,12,1047,23,467,603,1070
149781,5,3,5,1,3,1,4,4,5,2,7,9
149781,6,4,1,96,129,41,69,225,110,137,198,335
149781,6,4,2,72,66,11,6,138,17,83,72,155
149781,6,4,5,24,63,30,63,87,93,54,126,180
149781,7,999,1,68,86,105,218,154,323,173,304,477
149781,7,999,2,10,10,1,3,20,4,11,13,24
149781,7,999,5,58,76,104,215,134,319,162,291,453
149781,8,5,1,25,52,29,57,77,86,54,109,163
149781,8,5,2,5,10,1,1,15,2,6,11,17
149781,8,5,5,20,42,28,56,62,84,48,98,146
149781,9,6,1,19,14,19,37,33,56,38,51,89
149781,9,6,2,4,0,0,0,4,0,4,0,4
149781,9,6,5,15,14,19,37,29,56,34,51,85
149781,10,7,1,13,5,13,34,18,47,26,39,65
149781,10,7,2,1,0,0,0,1,0,1,0,1
149781,10,7,5,12,5,13,34,17,47,25,39,64
149781,11,8,1,8,10,25,46,18,71,33,56,89
149781,11,8,2,0,0,0,1,0,1,0,1,1
149781,11,8,5,8,10,25,45,18,70,33,55,88
149781,12,9,1,3,5,17,43,8,60,20,48,68
149781,12,9,2,0,0,0,1,0,1,0,1,1
149781,12,9,5,3,5,17,42,8,59,20,47,67
149781,13,10,1,0,0,2,1,0,3,2,1,3
149781,13,10,5,0,0,2,1,0,3,2,1,3
149781,14,11,1,0,0,0,1,0,1,0,1,1
149781,14,11,2,0,0,0,1,0,1,0,1,1
149842,1,412,1,2145,2260,3221,4573,4405,7794,5366,6833,12199
149842,1,112,2,2145,2260,3221,4573,4405,7794,5366,6833,12199
149842,2,999,1,1960,1957,2339,2597,3917,4936,4299,4554,8853
149842,2,999,2,1960,1957,2339,2597,3917,4936,4299,4554,8853
149842,3,1,1,18,15,654,565,33,1219,672,580,1252
149842,3,1,2,18,15,654,565,33,1219,672,580,1252
149842,4,2,1,1259,1326,544,593,2585,1137,1803,1919,3722
149842,4,2,2,1259,1326,544,593,2585,1137,1803,1919,3722
149842,5,3,1,480,439,629,758,919,1387,1109,1197,2306
149842,5,3,2,480,439,629,758,919,1387,1109,1197,2306
149842,6,4,1,203,177,512,681,380,1193,715,858,1573
149842,6,4,2,203,177,512,681,380,1193,715,858,1573
149842,7,999,1,185,303,881,1976,488,2857,1066,2279,3345
149842,7,999,2,185,303,881,1976,488,2857,1066,2279,3345
149842,8,5,1,124,142,385,704,266,1089,509,846,1355
149842,8,5,2,124,142,385,704,266,1089,509,846,1355
149842,9,6,1,32,68,181,410,100,591,213,478,691
149842,9,6,2,32,68,181,410,100,591,213,478,691
149842,10,7,1,16,40,113,272,56,385,129,312,441
149842,10,7,2,16,40,113,272,56,385,129,312,441
149842,11,8,1,7,42,118,355,49,473,125,397,522
149842,11,8,2,7,42,118,355,49,473,125,397,522
149842,12,9,1,6,10,69,207,16,276,75,217,292
149842,12,9,2,6,10,69,207,16,276,75,217,292
149842,13,10,1,0,1,15,28,1,43,15,29,44
149842,13,10,2,0,1,15,28,1,43,15,29,44
149842,14,11,1,0,0,1,0,0,1,1,0,1
149842,14,11,2,0,0,1,0,0,1,1,0,1
150048,1,412,1,137,126,10,71,263,81,147,197,344
150048,1,112,2,137,126,10,71,263,81,147,197,344
150048,2,999,1,133,107,2,12,240,14,135,119,254
150048,2,999,2,133,107,2,12,240,14,135,119,254
150048,3,1,1,1,0,0,0,1,0,1,0,1
150048,3,1,2,1,0,0,0,1,0,1,0,1
150048,4,2,1,90,75,2,0,165,2,92,75,167
150048,4,2,2,90,75,2,0,165,2,92,75,167
150048,5,3,1,39,24,0,2,63,2,39,26,65
150048,5,3,2,39,24,0,2,63,2,39,26,65
150048,6,4,1,3,8,0,10,11,10,3,18,21
150048,6,4,2,3,8,0,10,11,10,3,18,21
150048,7,999,1,4,19,7,59,23,66,11,78,89
150048,7,999,2,4,19,7,59,23,66,11,78,89
150048,8,5,1,4,4,0,11,8,11,4,15,19
150048,8,5,2,4,4,0,11,8,11,4,15,19
150048,9,6,1,0,5,0,14,5,14,0,19,19
150048,9,6,2,0,5,0,14,5,14,0,19,19
150048,10,7,1,0,3,0,12,3,12,0,15,15
150048,10,7,2,0,3,0,12,3,12,0,15,15
150048,11,8,1,0,6,6,14,6,20,6,20,26
150048,11,8,2,0,6,6,14,6,20,6,20,26
150048,12,9,1,0,1,1,8,1,9,1,9,10
150048,12,9,2,0,1,1,8,1,9,1,9,10
150048,14,11,1,0,0,1,0,0,1,1,0,1
150048,14,11,2,0,0,1,0,0,1,1,0,1
150136,1,412,1,5981,9599,1455,4562,15580,6017,7436,14161,21597
150136,1,112,2,5601,8733,585,861,14334,1446,6186,9594,15780
150136,1,312,5,380,866,870,3701,1246,4571,1250,4567,5817
150136,2,999,1,5583,8964,574,1471,14547,2045,6157,10435,16592
150136,2,999,2,5399,8492,452,617,13891,1069,5851,9109,14960
150136,2,999,5,184,472,122,854,656,976,306,1326,1632
150136,3,1,1,30,82,197,330,112,527,227,412,639
150136,3,1,2,30,82,197,330,112,527,227,412,639
150136,4,2,1,2325,4063,50,38,6388,88,2375,4101,6476
150136,4,2,2,2325,4063,50,38,6388,88,2375,4101,6476
150136,5,3,1,2321,3664,63,110,5985,173,2384,3774,6158
150136,5,3,2,2307,3621,60,83,5928,143,2367,3704,6071
150136,5,3,5,14,43,3,27,57,30,17,70,87
150136,6,4,1,907,1155,264,993,2062,1257,1171,2148,3319
150136,6,4,2,737,726,145,166,1463,311,882,892,1774
150136,6,4,5,170,429,119,827,599,946,289,1256,1545
150136,7,999,1,398,635,881,3086,1033,3967,1279,3721,5000
150136,7,999,2,202,241,133,240,443,373,335,481,816
150136,7,999,5,196,394,748,2846,590,3594,944,3240,4184
150136,8,5,1,230,361,330,1401,591,1731,560,1762,2322
150136,8,5,2,126,126,49,76,252,125,175,202,377
150136,8,5,5,104,235,281,1325,339,1606,385,1560,1945
150136,9,6,1,85,115,214,619,200,833,299,734,1033
150136,9,6,2,42,39,27,46,81,73,69,85,154
150136,9,6,5,43,76,187,573,119,760,230,649,879
150136,10,7,1,33,64,129,407,97,536,162,471,633
150136,10,7,2,11,33,14,38,44,52,25,71,96
150136,10,7,5,22,31,115,369,53,484,137,400,537
150136,11,8,1,39,69,149,455,108,604,188,524,712
150136,11,8,2,17,31,29,48,48,77,46,79,125
150136,11,8,5,22,38,120,407,60,527,142,445,587
150136,12,9,1,11,25,56,199,36,255,67,224,291
150136,12,9,2,6,12,14,32,18,46,20,44,64
150136,12,9,5,5,13,42,167,18,209,47,180,227
150136,13,10,1,0,1,3,5,1,8,3,6,9
150136,13,10,5,0,1,3,5,1,8,3,6,9
150136,14,11,1,0,0,0,5,0,5,0,5,5
150136,14,11,2,0,0,0,4,0,4,0,4,4
150136,14,11,5,0,0,0,1,0,1,0,1,1
150163,1,412,1,1901,2914,245,484,4815,729,2146,3398,5544
150163,1,112,2,1734,2613,45,100,4347,145,1779,2713,4492
150163,1,312,5,167,301,200,384,468,584,367,685,1052
150163,2,999,1,1831,2834,57,137,4665,194,1888,2971,4859
150163,2,999,2,1714,2593,35,93,4307,128,1749,2686,4435
150163,2,999,5,117,241,22,44,358,66,139,285,424
150163,3,1,1,5,6,4,45,11,49,9,51,60
150163,3,1,2,5,6,4,45,11,49,9,51,60
150163,4,2,1,624,1010,7,33,1634,40,631,1043,1674
150163,4,2,2,624,1010,7,33,1634,40,631,1043,1674
150163,5,3,1,837,1298,5,6,2135,11,842,1304,2146
150163,5,3,2,837,1296,5,5,2133,10,842,1301,2143
150163,5,3,5,0,2,0,1,2,1,0,3,3
150163,6,4,1,365,520,41,53,885,94,406,573,979
150163,6,4,2,248,281,19,10,529,29,267,291,558
150163,6,4,5,117,239,22,43,356,65,139,282,421
150163,7,999,1,70,80,187,344,150,531,257,424,681
150163,7,999,2,20,20,9,5,40,14,29,25,54
150163,7,999,5,50,60,178,339,110,517,228,399,627
150163,8,5,1,46,50,61,92,96,153,107,142,249
150163,8,5,2,15,14,4,3,29,7,19,17,36
150163,8,5,5,31,36,57,89,67,146,88,125,213
150163,9,6,1,14,14,52,68,28,120,66,82,148
150163,9,6,2,5,5,2,0,10,2,7,5,12
150163,9,6,5,9,9,50,68,18,118,59,77,136
150163,10,7,1,6,4,28,52,10,80,34,56,90
150163,10,7,2,0,0,1,1,0,2,1,1,2
150163,10,7,5,6,4,27,51,10,78,33,55,88
150163,11,8,1,3,9,28,99,12,127,31,108,139
150163,11,8,2,0,1,0,0,1,0,0,1,1
150163,11,8,5,3,8,28,99,11,127,31,107,138
150163,12,9,1,1,3,14,33,4,47,15,36,51
150163,12,9,2,0,0,2,1,0,3,2,1,3
150163,12,9,5,1,3,12,32,4,44,13,35,48
150163,13,10,1,0,0,4,0,0,4,4,0,4
150163,13,10,5,0,0,4,0,0,4,4,0,4
150163,14,11,1,0,0,1,3,0,4,1,3,4
150163,14,11,2,0,0,1,2,0,3,1,2,3
150163,14,11,5,0,0,0,1,0,1,0,1,1
150215,1,412,1,50,80,11,15,130,26,61,95,156
150215,1,312,5,50,80,11,15,130,26,61,95,156
150215,2,999,1,3,3,0,0,6,0,3,3,6
150215,2,999,5,3,3,0,0,6,0,3,3,6
150215,6,4,1,3,3,0,0,6,0,3,3,6
150215,6,4,5,3,3,0,0,6,0,3,3,6
150215,7,999,1,47,77,11,15,124,26,58,92,150
150215,7,999,5,47,77,11,15,124,26,58,92,150
150215,8,5,1,10,11,1,0,21,1,11,11,22
150215,8,5,5,10,11,1,0,21,1,11,11,22
150215,9,6,1,8,8,2,4,16,6,10,12,22
150215,9,6,5,8,8,2,4,16,6,10,12,22
150215,10,7,1,7,9,2,3,16,5,9,12,21
150215,10,7,5,7,9,2,3,16,5,9,12,21
150215,11,8,1,14,20,1,6,34,7,15,26,41
150215,11,8,5,14,20,1,6,34,7,15,26,41
150215,12,9,1,8,28,5,2,36,7,13,30,43
150215,12,9,5,8,28,5,2,36,7,13,30,43
150215,13,10,1,0,1,0,0,1,0,0,1,1
150215,13,10,5,0,1,0,0,1,0,0,1,1
150534,1,412,1,782,1208,152,181,1990,333,934,1389,2323
150534,1,112,2,705,1011,151,174,1716,325,856,1185,2041
150534,1,312,5,77,197,1,7,274,8,78,204,282
150534,2,999,1,714,1130,133,145,1844,278,847,1275,2122
150534,2,999,2,672,986,133,142,1658,275,805,1128,1933
150534,2,999,5,42,144,0,3,186,3,42,147,189
150534,3,1,1,6,12,107,122,18,229,113,134,247
150534,3,1,2,6,12,107,122,18,229,113,134,247
150534,4,2,1,288,447,8,6,735,14,296,453,749
150534,4,2,2,288,447,8,6,735,14,296,453,749
150534,5,3,1,290,445,3,1,735,4,293,446,739
150534,5,3,2,288,441,3,1,729,4,291,442,733
150534,5,3,5,2,4,0,0,6,0,2,4,6
150534,6,4,1,130,226,15,16,356,31,145,242,387
150534,6,4,2,90,86,15,13,176,28,105,99,204
150534,6,4,5,40,140,0,3,180,3,40,143,183
150534,7,999,1,68,78,14,30,146,44,82,108,190
150534,7,999,2,33,25,13,26,58,39,46,51,97
150534,7,999,5,35,53,1,4,88,5,36,57,93
150534,8,5,1,42,46,8,8,88,16,50,54,104
150534,8,5,2,18,13,7,7,31,14,25,20,45
150534,8,5,5,24,33,1,1,57,2,25,34,59
150534,9,6,1,12,10,1,3,22,4,13,13,26
150534,9,6,2,8,5,1,3,13,4,9,8,17
150534,9,6,5,4,5,0,0,9,0,4,5,9
150534,10,7,1,4,4,2,6,8,8,6,10,16
150534,10,7,2,3,1,2,6,4,8,5,7,12
150534,10,7,5,1,3,0,0,4,0,1,3,4
150534,11,8,1,9,12,1,9,21,10,10,21,31
150534,11,8,2,4,5,1,6,9,7,5,11,16
150534,11,8,5,5,7,0,3,12,3,5,10,15
150534,12,9,1,1,6,2,3,7,5,3,9,12
150534,12,9,2,0,1,2,3,1,5,2,4,6
150534,12,9,5,1,5,0,0,6,0,1,5,6
150534,13,10,1,0,0,0,1,0,1,0,1,1
150534,13,10,2,0,0,0,1,0,1,0,1,1
150534,14,11,1,0,0,5,6,0,11,5,6,11
150534,14,11,2,0,0,5,6,0,11,5,6,11
150604,1,412,1,444,508,22,20,952,42,466,528,994
150604,1,112,2,431,465,22,20,896,42,453,485,938
150604,1,312,5,13,43,0,0,56,0,13,43,56
150604,2,999,1,432,469,19,16,901,35,451,485,936
150604,2,999,2,428,457,19,16,885,35,447,473,920
150604,2,999,5,4,12,0,0,16,0,4,12,16
150604,3,1,1,0,1,6,7,1,13,6,8,14
150604,3,1,2,0,1,6,7,1,13,6,8,14
150604,4,2,1,194,204,2,3,398,5,196,207,403
150604,4,2,2,194,204,2,3,398,5,196,207,403
150604,5,3,1,182,199,1,3,381,4,183,202,385
150604,5,3,2,182,199,1,3,381,4,183,202,385
150604,6,4,1,56,65,10,3,121,13,66,68,134
150604,6,4,2,52,53,10,3,105,13,62,56,118
150604,6,4,5,4,12,0,0,16,0,4,12,16
150604,7,999,1,12,31,2,4,43,6,14,35,49
150604,7,999,2,3,0,2,4,3,6,5,4,9
150604,7,999,5,9,31,0,0,40,0,9,31,40
150604,8,5,1,9,27,1,1,36,2,10,28,38
150604,8,5,2,3,0,1,1,3,2,4,1,5
150604,8,5,5,6,27,0,0,33,0,6,27,33
150604,9,6,1,3,3,0,0,6,0,3,3,6
150604,9,6,5,3,3,0,0,6,0,3,3,6
150604,11,8,1,0,1,0,0,1,0,0,1,1
150604,11,8,5,0,1,0,0,1,0,0,1,1
150604,12,9,1,0,0,0,1,0,1,0,1,1
150604,12,9,2,0,0,0,1,0,1,0,1,1
150604,13,10,1,0,0,1,2,0,3,1,2,3
150604,13,10,2,0,0,1,2,0,3,1,2,3
150604,14,11,1,0,8,1,0,8,1,1,8,9
150604,14,11,2,0,8,1,0,8,1,1,8,9
150668,1,412,1,300,459,20,120,759,140,320,579,899
150668,1,112,2,299,454,14,60,753,74,313,514,827
150668,1,312,5,1,5,6,60,6,66,7,65,72
150668,2,999,1,293,432,8,19,725,27,301,451,752
150668,2,999,2,293,429,8,18,722,26,301,447,748
150668,2,999,5,0,3,0,1,3,1,0,4,4
150668,3,1,1,8,7,0,1,15,1,8,8,16
150668,3,1,2,8,7,0,1,15,1,8,8,16
150668,4,2,1,111,183,0,3,294,3,111,186,297
150668,4,2,2,111,183,0,3,294,3,111,186,297
150668,5,3,1,136,202,3,3,338,6,139,205,344
150668,5,3,2,136,202,3,3,338,6,139,205,344
150668,6,4,1,38,40,5,12,78,17,43,52,95
150668,6,4,2,38,37,5,11,75,16,43,48,91
150668,6,4,5,0,3,0,1,3,1,0,4,4
150668,7,999,1,7,27,12,101,34,113,19,128,147
150668,7,999,2,6,25,6,42,31,48,12,67,79
150668,7,999,5,1,2,6,59,3,65,7,61,68
150668,8,5,1,5,14,2,25,19,27,7,39,46
150668,8,5,2,5,14,2,10,19,12,7,24,31
150668,8,5,5,0,0,0,15,0,15,0,15,15
150668,9,6,1,2,4,5,16,6,21,7,20,27
150668,9,6,2,1,4,3,7,5,10,4,11,15
150668,9,6,5,1,0,2,9,1,11,3,9,12
150668,10,7,1,0,5,1,12,5,13,1,17,18
150668,10,7,2,0,5,0,3,5,3,0,8,8
150668,10,7,5,0,0,1,9,0,10,1,9,10
150668,11,8,1,0,4,2,35,4,37,2,39,41
150668,11,8,2,0,2,1,14,2,15,1,16,17
150668,11,8,5,0,2,1,21,2,22,1,23,24
150668,12,9,1,0,0,2,13,0,15,2,13,15
150668,12,9,2,0,0,0,8,0,8,0,8,8
150668,12,9,5,0,0,2,5,0,7,2,5,7
150677,1,412,1,544,882,241,234,1426,475,785,1116,1901
150677,1,112,2,517,844,95,131,1361,226,612,975,1587
150677,1,312,5,27,38,146,103,65,249,173,141,314
150677,2,999,1,496,810,104,140,1306,244,600,950,1550
150677,2,999,2,483,798,86,115,1281,201,569,913,1482
150677,2,999,5,13,12,18,25,25,43,31,37,68
150677,3,1,1,12,25,50,85,37,135,62,110,172
150677,3,1,2,12,25,50,84,37,134,62,109,171
150677,3,1,5,0,0,0,1,0,1,0,1,1
150677,4,2,1,185,338,27,19,523,46,212,357,569
150677,4,2,2,185,338,27,19,523,46,212,357,569
150677,5,3,1,204,362,3,7,566,10,207,369,576
150677,5,3,2,202,358,0,7,560,7,202,365,567
150677,5,3,5,2,4,3,0,6,3,5,4,9
150677,6,4,1,95,85,24,29,180,53,119,114,233
150677,6,4,2,84,77,9,5,161,14,93,82,175
150677,6,4,5,11,8,15,24,19,39,26,32,58
150677,7,999,1,47,72,137,93,119,230,184,165,349
150677,7,999,2,33,46,9,15,79,24,42,61,103
150677,7,999,5,14,26,128,78,40,206,142,104,246
150677,8,5,1,16,26,26,30,42,56,42,56,98
150677,8,5,2,15,18,1,3,33,4,16,21,37
150677,8,5,5,1,8,25,27,9,52,26,35,61
150677,9,6,1,10,13,15,16,23,31,25,29,54
150677,9,6,2,6,8,1,3,14,4,7,11,18
150677,9,6,5,4,5,14,13,9,27,18,18,36
150677,10,7,1,6,8,20,9,14,29,26,17,43
150677,10,7,2,4,6,2,3,10,5,6,9,15
150677,10,7,5,2,2,18,6,4,24,20,8,28
150677,11,8,1,9,17,38,17,26,55,47,34,81
150677,11,8,2,5,9,3,3,14,6,8,12,20
150677,11,8,5,4,8,35,14,12,49,39,22,61
150677,12,9,1,5,6,35,18,11,53,40,24,64
150677,12,9,2,2,3,2,1,5,3,4,4,8
150677,12,9,5,3,3,33,17,6,50,36,20,56
150677,13,10,1,1,2,3,3,3,6,4,5,9
150677,13,10,2,1,2,0,2,3,2,1,4,5
150677,13,10,5,0,0,3,1,0,4,3,1,4
150677,14,11,1,1,0,0,1,1,1,1,1,2
150677,14,11,2,1,0,0,1,1,1,1,1,2
150765,1,412,1,3,99,0,0,102,0,3,99,102
150765,1,112,2,3,99,0,0,102,0,3,99,102
150765,2,999,1,1,65,0,0,66,0,1,65,66
150765,2,999,2,1,65,0,0,66,0,1,65,66
150765,4,2,1,0,28,0,0,28,0,0,28,28
150765,4,2,2,0,28,0,0,28,0,0,28,28
150765,5,3,1,0,27,0,0,27,0,0,27,27
150765,5,3,2,0,27,0,0,27,0,0,27,27
150765,6,4,1,1,10,0,0,11,0,1,10,11
150765,6,4,2,1,10,0,0,11,0,1,10,11
150765,7,999,1,2,34,0,0,36,0,2,34,36
150765,7,999,2,2,34,0,0,36,0,2,34,36
150765,8,5,1,1,14,0,0,15,0,1,14,15
150765,8,5,2,1,14,0,0,15,0,1,14,15
150765,9,6,1,1,8,0,0,9,0,1,8,9
150765,9,6,2,1,8,0,0,9,0,1,8,9
150765,10,7,1,0,6,0,0,6,0,0,6,6
150765,10,7,2,0,6,0,0,6,0,0,6,6
150765,11,8,1,0,4,0,0,4,0,0,4,4
150765,11,8,2,0,4,0,0,4,0,0,4,4
150765,12,9,1,0,2,0,0,2,0,0,2,2
150765,12,9,2,0,2,0,0,2,0,0,2,2
151102,1,412,1,2604,2720,1228,1541,5324,2769,3832,4261,8093
151102,1,112,2,2517,2644,1065,1358,5161,2423,3582,4002,7584
151102,1,312,5,87,76,163,183,163,346,250,259,509
151102,2,999,1,2348,2453,815,1124,4801,1939,3163,3577,6740
151102,2,999,2,2303,2418,788,1083,4721,1871,3091,3501,6592
151102,2,999,5,45,35,27,41,80,68,72,76,148
151102,3,1,1,19,27,411,683,46,1094,430,710,1140
151102,3,1,2,19,27,411,683,46,1094,430,710,1140
151102,4,2,1,1059,1122,114,133,2181,247,1173,1255,2428
151102,4,2,2,1059,1122,114,133,2181,247,1173,1255,2428
151102,5,3,1,822,894,95,97,1716,192,917,991,1908
151102,5,3,2,820,890,90,96,1710,186,910,986,1896
151102,5,3,5,2,4,5,1,6,6,7,5,12
151102,6,4,1,448,410,195,211,858,406,643,621,1264
151102,6,4,2,405,379,173,171,784,344,578,550,1128
151102,6,4,5,43,31,22,40,74,62,65,71,136
151102,7,999,1,256,267,413,417,523,830,669,684,1353
151102,7,999,2,214,226,277,275,440,552,491,501,992
151102,7,999,5,42,41,136,142,83,278,178,183,361
151102,8,5,1,156,154,171,169,310,340,327,323,650
151102,8,5,2,134,129,120,112,263,232,254,241,495
151102,8,5,5,22,25,51,57,47,108,73,82,155
151102,9,6,1,51,54,90,78,105,168,141,132,273
151102,9,6,2,39,46,66,47,85,113,105,93,198
151102,9,6,5,12,8,24,31,20,55,36,39,75
151102,10,7,1,22,29,62,62,51,124,84,91,175
151102,10,7,2,20,25,41,43,45,84,61,68,129
151102,10,7,5,2,4,21,19,6,40,23,23,46
151102,11,8,1,21,22,59,78,43,137,80,100,180
151102,11,8,2,16,19,31,50,35,81,47,69,116
151102,11,8,5,5,3,28,28,8,56,33,31,64
151102,12,9,1,5,7,28,26,12,54,33,33,66
151102,12,9,2,4,6,17,19,10,36,21,25,46
151102,12,9,5,1,1,11,7,2,18,12,8,20
151102,13,10,1,1,1,3,4,2,7,4,5,9
151102,13,10,2,1,1,2,4,2,6,3,5,8
151102,13,10,5,0,0,1,0,0,1,1,0,1
151111,1,412,1,8996,13261,2801,4332,22257,7133,11797,17593,29390
151111,1,112,2,6865,10446,1612,2043,17311,3655,8477,12489,20966
151111,1,312,5,2131,2815,1189,2289,4946,3478,3320,5104,8424
151111,2,999,1,6909,10884,999,1327,17793,2326,7908,12211,20119
151111,2,999,2,6019,9401,866,1038,15420,1904,6885,10439,17324
151111,2,999,5,890,1483,133,289,2373,422,1023,1772,2795
151111,3,1,1,65,137,35,73,202,108,100,210,310
151111,3,1,2,65,137,35,73,202,108,100,210,310
151111,4,2,1,2316,3921,168,194,6237,362,2484,4115,6599
151111,4,2,2,2316,3921,168,194,6237,362,2484,4115,6599
151111,5,3,1,2368,3814,228,277,6182,505,2596,4091,6687
151111,5,3,2,2335,3736,223,267,6071,490,2558,4003,6561
151111,5,3,5,33,78,5,10,111,15,38,88,126
151111,6,4,1,2160,3012,568,783,5172,1351,2728,3795,6523
151111,6,4,2,1303,1607,440,504,2910,944,1743,2111,3854
151111,6,4,5,857,1405,128,279,2262,407,985,1684,2669
151111,7,999,1,2087,2377,1802,3005,4464,4807,3889,5382,9271
151111,7,999,2,846,1045,746,1005,1891,1751,1592,2050,3642
151111,7,999,5,1241,1332,1056,2000,2573,3056,2297,3332,5629
151111,8,5,1,1315,1491,715,1098,2806,1813,2030,2589,4619
151111,8,5,2,531,608,310,384,1139,694,841,992,1833
151111,8,5,5,784,883,405,714,1667,1119,1189,1597,2786
151111,9,6,1,447,419,454,616,866,1070,901,1035,1936
151111,9,6,2,191,211,190,210,402,400,381,421,802
151111,9,6,5,256,208,264,406,464,670,520,614,1134
151111,10,7,1,166,210,253,444,376,697,419,654,1073
151111,10,7,2,71,104,102,144,175,246,173,248,421
151111,10,7,5,95,106,151,300,201,451,246,406,652
151111,11,8,1,124,200,249,564,324,813,373,764,1137
151111,11,8,2,43,97,102,170,140,272,145,267,412
151111,11,8,5,81,103,147,394,184,541,228,497,725
151111,12,9,1,34,55,119,266,89,385,153,321,474
151111,12,9,2,10,24,37,89,34,126,47,113,160
151111,12,9,5,24,31,82,177,55,259,106,208,314
151111,13,10,1,1,2,12,17,3,29,13,19,32
151111,13,10,2,0,1,5,8,1,13,5,9,14
151111,13,10,5,1,1,7,9,2,16,8,10,18
151263,1,412,1,1623,2960,300,755,4583,1055,1923,3715,5638
151263,1,112,2,1443,2420,130,278,3863,408,1573,2698,4271
151263,1,312,5,180,540,170,477,720,647,350,1017,1367
151263,2,999,1,1499,2706,123,168,4205,291,1622,2874,4496
151263,2,999,2,1386,2341,75,102,3727,177,1461,2443,3904
151263,2,999,5,113,365,48,66,478,114,161,431,592
151263,3,1,1,14,15,14,14,29,28,28,29,57
151263,3,1,2,14,15,14,14,29,28,28,29,57
151263,4,2,1,586,1116,6,4,1702,10,592,1120,1712
151263,4,2,2,586,1116,6,4,1702,10,592,1120,1712
151263,5,3,1,604,1049,11,20,1653,31,615,1069,1684
151263,5,3,2,597,1014,11,15,1611,26,608,1029,1637
151263,5,3,5,7,35,0,5,42,5,7,40,47
151263,6,4,1,295,526,92,130,821,222,387,656,1043
151263,6,4,2,189,196,44,69,385,113,233,265,498
151263,6,4,5,106,330,48,61,436,109,154,391,545
151263,7,999,1,124,254,174,578,378,752,298,832,1130
151263,7,999,2,57,79,52,167,136,219,109,246,355
151263,7,999,5,67,175,122,411,242,533,189,586,775
151263,8,5,1,78,156,61,197,234,258,139,353,492
151263,8,5,2,38,40,21,50,78,71,59,90,149
151263,8,5,5,40,116,40,147,156,187,80,263,343
151263,9,6,1,26,35,43,105,61,148,69,140,209
151263,9,6,2,13,15,9,17,28,26,22,32,54
151263,9,6,5,13,20,34,88,33,122,47,108,155
151263,10,7,1,11,22,18,72,33,90,29,94,123
151263,10,7,2,4,8,7,16,12,23,11,24,35
151263,10,7,5,7,14,11,56,21,67,18,70,88
151263,11,8,1,8,25,25,134,33,159,33,159,192
151263,11,8,2,2,11,5,38,13,43,7,49,56
151263,11,8,5,6,14,20,96,20,116,26,110,136
151263,12,9,1,1,16,21,48,17,69,22,64,86
151263,12,9,2,0,5,5,25,5,30,5,30,35
151263,12,9,5,1,11,16,23,12,39,17,34,51
151263,13,10,1,0,0,6,22,0,28,6,22,28
151263,13,10,2,0,0,5,21,0,26,5,21,26
151263,13,10,5,0,0,1,1,0,2,1,1,2
151263,14,11,1,0,0,3,9,0,12,3,9,12
151263,14,11,2,0,0,3,9,0,12,3,9,12
151290,1,412,1,1062,777,266,265,1839,531,1328,1042,2370
151290,1,112,2,884,551,88,89,1435,177,972,640,1612
151290,1,312,5,178,226,178,176,404,354,356,402,758
151290,2,999,1,881,574,85,92,1455,177,966,666,1632
151290,2,999,2,847,540,73,83,1387,156,920,623,1543
151290,2,999,5,34,34,12,9,68,21,46,43,89
151290,3,1,1,26,25,40,62,51,102,66,87,153
151290,3,1,2,26,25,40,62,51,102,66,87,153
151290,4,2,1,392,300,7,9,692,16,399,309,708
151290,4,2,2,392,300,7,9,692,16,399,309,708
151290,5,3,1,312,185,7,6,497,13,319,191,510
151290,5,3,2,309,178,7,5,487,12,316,183,499
151290,5,3,5,3,7,0,1,10,1,3,8,11
151290,6,4,1,151,64,31,15,215,46,182,79,261
151290,6,4,2,120,37,19,7,157,26,139,44,183
151290,6,4,5,31,27,12,8,58,20,43,35,78
151290,7,999,1,181,203,181,173,384,354,362,376,738
151290,7,999,2,37,11,15,6,48,21,52,17,69
151290,7,999,5,144,192,166,167,336,333,310,359,669
151290,8,5,1,82,46,31,28,128,59,113,74,187
151290,8,5,2,32,9,10,5,41,15,42,14,56
151290,8,5,5,50,37,21,23,87,44,71,60,131
151290,9,6,1,25,36,23,25,61,48,48,61,109
151290,9,6,2,2,2,2,0,4,2,4,2,6
151290,9,6,5,23,34,21,25,57,46,44,59,103
151290,10,7,1,31,40,33,23,71,56,64,63,127
151290,10,7,2,3,0,2,0,3,2,5,0,5
151290,10,7,5,28,40,31,23,68,54,59,63,122
151290,11,8,1,33,60,56,53,93,109,89,113,202
151290,11,8,2,0,0,1,0,0,1,1,0,1
151290,11,8,5,33,60,55,53,93,108,88,113,201
151290,12,9,1,10,21,37,42,31,79,47,63,110
151290,12,9,5,10,21,37,42,31,79,47,63,110
151290,13,10,1,0,0,1,2,0,3,1,2,3
151290,13,10,2,0,0,0,1,0,1,0,1,1
151290,13,10,5,0,0,1,1,0,2,1,1,2
151306,1,412,1,2251,3922,1510,2520,6173,4030,3761,6442,10203
151306,1,112,2,2110,3657,1002,1662,5767,2664,3112,5319,8431
151306,1,312,5,141,265,508,858,406,1366,649,1123,1772
151306,2,999,1,2021,3579,893,1410,5600,2303,2914,4989,7903
151306,2,999,2,1966,3438,835,1304,5404,2139,2801,4742,7543
151306,2,999,5,55,141,58,106,196,164,113,247,360
151306,3,1,1,7,24,576,921,31,1497,583,945,1528
151306,3,1,2,7,24,576,921,31,1497,583,945,1528
151306,4,2,1,746,1468,107,141,2214,248,853,1609,2462
151306,4,2,2,746,1468,107,141,2214,248,853,1609,2462
151306,5,3,1,828,1511,62,94,2339,156,890,1605,2495
151306,5,3,2,825,1494,60,90,2319,150,885,1584,2469
151306,5,3,5,3,17,2,4,20,6,5,21,26
151306,6,4,1,440,576,148,254,1016,402,588,830,1418
151306,6,4,2,388,452,92,152,840,244,480,604,1084
151306,6,4,5,52,124,56,102,176,158,108,226,334
151306,7,999,1,230,343,617,1110,573,1727,847,1453,2300
151306,7,999,2,144,219,167,358,363,525,311,577,888
151306,7,999,5,86,124,450,752,210,1202,536,876,1412
151306,8,5,1,131,172,201,354,303,555,332,526,858
151306,8,5,2,97,120,72,130,217,202,169,250,419
151306,8,5,5,34,52,129,224,86,353,163,276,439
151306,9,6,1,45,70,133,231,115,364,178,301,479
151306,9,6,2,26,46,33,72,72,105,59,118,177
151306,9,6,5,19,24,100,159,43,259,119,183,302
151306,10,7,1,22,56,108,158,78,266,130,214,344
151306,10,7,2,12,30,25,48,42,73,37,78,115
151306,10,7,5,10,26,83,110,36,193,93,136,229
151306,11,8,1,26,35,128,256,61,384,154,291,445
151306,11,8,2,7,16,24,79,23,103,31,95,126
151306,11,8,5,19,19,104,177,38,281,123,196,319
151306,12,9,1,6,10,46,106,16,152,52,116,168
151306,12,9,2,2,7,12,28,9,40,14,35,49
151306,12,9,5,4,3,34,78,7,112,38,81,119
151306,13,10,1,0,0,1,5,0,6,1,5,6
151306,13,10,2,0,0,1,1,0,2,1,1,2
151306,13,10,5,0,0,0,4,0,4,0,4,4
151324,1,412,1,3487,4819,1053,1470,8306,2523,4540,6289,10829
151324,1,112,2,3190,4230,689,829,7420,1518,3879,5059,8938
151324,1,312,5,297,589,364,641,886,1005,661,1230,1891
151324,2,999,1,2996,4210,241,219,7206,460,3237,4429,7666
151324,2,999,2,2872,3920,218,165,6792,383,3090,4085,7175
151324,2,999,5,124,290,23,54,414,77,147,344,491
151324,3,1,1,13,43,2,0,56,2,15,43,58
151324,3,1,2,13,43,2,0,56,2,15,43,58
151324,4,2,1,1131,1718,20,29,2849,49,1151,1747,2898
151324,4,2,2,1131,1718,20,29,2849,49,1151,1747,2898
151324,5,3,1,1206,1716,39,37,2922,76,1245,1753,2998
151324,5,3,2,1202,1705,39,33,2907,72,1241,1738,2979
151324,5,3,5,4,11,0,4,15,4,4,15,19
151324,6,4,1,646,733,180,153,1379,333,826,886,1712
151324,6,4,2,526,454,157,103,980,260,683,557,1240
151324,6,4,5,120,279,23,50,399,73,143,329,472
151324,7,999,1,491,606,812,1251,1097,2063,1303,1857,3160
151324,7,999,2,318,307,471,664,625,1135,789,971,1760
151324,7,999,5,173,299,341,587,472,928,514,886,1400
151324,8,5,1,252,286,215,270,538,485,467,556,1023
151324,8,5,2,160,129,148,126,289,274,308,255,563
151324,8,5,5,92,157,67,144,249,211,159,301,460
151324,9,6,1,108,124,166,256,232,422,274,380,654
151324,9,6,2,74,70,107,159,144,266,181,229,410
151324,9,6,5,34,54,59,97,88,156,93,151,244
151324,10,7,1,66,77,142,263,143,405,208,340,548
151324,10,7,2,45,48,85,140,93,225,130,188,318
151324,10,7,5,21,29,57,123,50,180,78,152,230
151324,11,8,1,47,87,211,309,134,520,258,396,654
151324,11,8,2,29,43,98,168,72,266,127,211,338
151324,11,8,5,18,44,113,141,62,254,131,185,316
151324,12,9,1,16,32,72,149,48,221,88,181,269
151324,12,9,2,10,17,31,67,27,98,41,84,125
151324,12,9,5,6,15,41,82,21,123,47,97,144
151324,13,10,1,2,0,6,4,2,10,8,4,12
151324,13,10,2,0,0,2,4,0,6,2,4,6
151324,13,10,5,2,0,4,0,2,4,6,0,6
151324,14,11,1,0,3,0,0,3,0,0,3,3
151324,14,11,2,0,3,0,0,3,0,0,3,3
151333,1,412,1,840,1625,298,464,2465,762,1138,2089,3227
151333,1,112,2,831,1586,235,364,2417,599,1066,1950,3016
151333,1,312,5,9,39,63,100,48,163,72,139,211
151333,2,999,1,743,1390,166,236,2133,402,909,1626,2535
151333,2,999,2,742,1375,162,229,2117,391,904,1604,2508
151333,2,999,5,1,15,4,7,16,11,5,22,27
151333,3,1,1,6,16,68,81,22,149,74,97,171
151333,3,1,2,6,16,68,81,22,149,74,97,171
151333,4,2,1,319,623,24,35,942,59,343,658,1001
151333,4,2,2,319,622,24,35,941,59,343,657,1000
151333,4,2,5,0,1,0,0,1,0,0,1,1
151333,5,3,1,297,535,23,56,832,79,320,591,911
151333,5,3,2,297,534,23,56,831,79,320,590,910
151333,5,3,5,0,1,0,0,1,0,0,1,1
151333,6,4,1,121,216,51,64,337,115,172,280,452
151333,6,4,2,120,203,47,57,323,104,167,260,427
151333,6,4,5,1,13,4,7,14,11,5,20,25
151333,7,999,1,97,235,131,228,332,359,228,463,691
151333,7,999,2,89,211,72,135,300,207,161,346,507
151333,7,999,5,8,24,59,93,32,152,67,117,184
151333,8,5,1,48,104,46,66,152,112,94,170,264
151333,8,5,2,46,92,24,44,138,68,70,136,206
151333,8,5,5,2,12,22,22,14,44,24,34,58
151333,9,6,1,26,53,25,36,79,61,51,89,140
151333,9,6,2,23,52,12,26,75,38,35,78,113
151333,9,6,5,3,1,13,10,4,23,16,11,27
151333,10,7,1,8,37,17,53,45,70,25,90,115
151333,10,7,2,7,31,9,28,38,37,16,59,75
151333,10,7,5,1,6,8,25,7,33,9,31,40
151333,11,8,1,10,35,28,49,45,77,38,84,122
151333,11,8,2,9,32,19,26,41,45,28,58,86
151333,11,8,5,1,3,9,23,4,32,10,26,36
151333,12,9,1,5,6,15,22,11,37,20,28,48
151333,12,9,2,4,4,8,10,8,18,12,14,26
151333,12,9,5,1,2,7,12,3,19,8,14,22
151333,13,10,1,0,0,0,2,0,2,0,2,2
151333,13,10,2,0,0,0,1,0,1,0,1,1
151333,13,10,5,0,0,0,1,0,1,0,1,1
151333,14,11,1,0,0,1,0,0,1,1,0,1
151333,14,11,2,0,0,1,0,0,1,1,0,1
151342,1,412,1,1201,2276,512,953,3477,1465,1713,3229,4942
151342,1,112,2,1166,2184,384,641,3350,1025,1550,2825,4375
151342,1,312,5,35,92,128,312,127,440,163,404,567
151342,2,999,1,1001,1933,233,366,2934,599,1234,2299,3533
151342,2,999,2,999,1911,222,318,2910,540,1221,2229,3450
151342,2,999,5,2,22,11,48,24,59,13,70,83
151342,3,1,1,4,24,8,13,28,21,12,37,49
151342,3,1,2,4,24,8,13,28,21,12,37,49
151342,4,2,1,366,783,55,70,1149,125,421,853,1274
151342,4,2,2,366,783,55,70,1149,125,421,853,1274
151342,5,3,1,412,711,67,113,1123,180,479,824,1303
151342,5,3,2,412,709,67,113,1121,180,479,822,1301
151342,5,3,5,0,2,0,0,2,0,0,2,2
151342,6,4,1,219,415,103,170,634,273,322,585,907
151342,6,4,2,217,395,92,122,612,214,309,517,826
151342,6,4,5,2,20,11,48,22,59,13,68,81
151342,7,999,1,200,343,279,587,543,866,479,930,1409
151342,7,999,2,167,273,162,323,440,485,329,596,925
151342,7,999,5,33,70,117,264,103,381,150,334,484
151342,8,5,1,124,172,93,182,296,275,217,354,571
151342,8,5,2,111,142,64,111,253,175,175,253,428
151342,8,5,5,13,30,29,71,43,100,42,101,143
151342,9,6,1,38,87,60,106,125,166,98,193,291
151342,9,6,2,29,66,34,66,95,100,63,132,195
151342,9,6,5,9,21,26,40,30,66,35,61,96
151342,10,7,1,14,37,29,92,51,121,43,129,172
151342,10,7,2,12,29,15,52,41,67,27,81,108
151342,10,7,5,2,8,14,40,10,54,16,48,64
151342,11,8,1,19,34,66,140,53,206,85,174,259
151342,11,8,2,14,27,29,70,41,99,43,97,140
151342,11,8,5,5,7,37,70,12,107,42,77,119
151342,12,9,1,4,12,26,60,16,86,30,72,102
151342,12,9,2,1,8,17,22,9,39,18,30,48
151342,12,9,5,3,4,9,38,7,47,12,42,54
151342,13,10,1,1,1,5,7,2,12,6,8,14
151342,13,10,2,0,1,3,2,1,5,3,3,6
151342,13,10,5,1,0,2,5,1,7,3,5,8
151351,1,412,1,18964,18620,2900,2580,37584,5480,21864,21200,43064
151351,1,112,2,15807,15825,709,645,31632,1354,16516,16470,32986
151351,1,312,5,3157,2795,2191,1935,5952,4126,5348,4730,10078
151351,2,999,1,16591,16912,797,757,33503,1554,17388,17669,35057
151351,2,999,2,15577,15690,573,534,31267,1107,16150,16224,32374
151351,2,999,5,1014,1222,224,223,2236,447,1238,1445,2683
151351,3,1,1,178,243,42,70,421,112,220,313,533
151351,3,1,2,178,243,42,70,421,112,220,313,533
151351,4,2,1,7069,7606,88,79,14675,167,7157,7685,14842
151351,4,2,2,7068,7606,88,79,14674,167,7156,7685,14841
151351,4,2,5,1,0,0,0,1,0,1,0,1
151351,5,3,1,7176,7079,201,224,14255,425,7377,7303,14680
151351,5,3,2,7075,6996,192,207,14071,399,7267,7203,14470
151351,5,3,5,101,83,9,17,184,26,110,100,210
151351,6,4,1,2168,1984,466,384,4152,850,2634,2368,5002
151351,6,4,2,1256,845,251,178,2101,429,1507,1023,2530
151351,6,4,5,912,1139,215,206,2051,421,1127,1345,2472
151351,7,999,1,2373,1708,2103,1823,4081,3926,4476,3531,8007
151351,7,999,2,230,135,136,111,365,247,366,246,612
151351,7,999,5,2143,1573,1967,1712,3716,3679,4110,3285,7395
151351,8,5,1,1253,1093,678,616,2346,1294,1931,1709,3640
151351,8,5,2,170,86,71,37,256,108,241,123,364
151351,8,5,5,1083,1007,607,579,2090,1186,1690,1586,3276
151351,9,6,1,603,334,628,499,937,1127,1231,833,2064
151351,9,6,2,40,26,23,31,66,54,63,57,120
151351,9,6,5,563,308,605,468,871,1073,1168,776,1944
151351,10,7,1,283,147,397,318,430,715,680,465,1145
151351,10,7,2,8,11,13,11,19,24,21,22,43
151351,10,7,5,275,136,384,307,411,691,659,443,1102
151351,11,8,1,201,116,300,267,317,567,501,383,884
151351,11,8,2,6,11,16,15,17,31,22,26,48
151351,11,8,5,195,105,284,252,300,536,479,357,836
151351,12,9,1,32,16,91,114,48,205,123,130,253
151351,12,9,2,5,1,10,13,6,23,15,14,29
151351,12,9,5,27,15,81,101,42,182,108,116,224
151351,13,10,1,1,2,9,9,3,18,10,11,21
151351,13,10,2,1,0,3,4,1,7,4,4,8
151351,13,10,5,0,2,6,5,2,11,6,7,13
151360,1,412,1,717,1849,317,918,2566,1235,1034,2767,3801
151360,1,112,2,698,1778,245,693,2476,938,943,2471,3414
151360,1,312,5,19,71,72,225,90,297,91,296,387
151360,2,999,1,620,1497,145,407,2117,552,765,1904,2669
151360,2,999,2,619,1480,139,374,2099,513,758,1854,2612
151360,2,999,5,1,17,6,33,18,39,7,50,57
151360,3,1,1,6,15,15,32,21,47,21,47,68
151360,3,1,2,6,15,15,32,21,47,21,47,68
151360,4,2,1,268,668,22,70,936,92,290,738,1028
151360,4,2,2,268,668,22,70,936,92,290,738,1028
151360,5,3,1,225,530,32,113,755,145,257,643,900
151360,5,3,2,225,530,31,111,755,142,256,641,897
151360,5,3,5,0,0,1,2,0,3,1,2,3
151360,6,4,1,121,284,76,192,405,268,197,476,673
151360,6,4,2,120,267,71,161,387,232,191,428,619
151360,6,4,5,1,17,5,31,18,36,6,48,54
151360,7,999,1,97,352,172,511,449,683,269,863,1132
151360,7,999,2,79,298,106,319,377,425,185,617,802
151360,7,999,5,18,54,66,192,72,258,84,246,330
151360,8,5,1,43,160,59,150,203,209,102,310,412
151360,8,5,2,40,141,42,106,181,148,82,247,329
151360,8,5,5,3,19,17,44,22,61,20,63,83
151360,9,6,1,27,71,35,120,98,155,62,191,253
151360,9,6,2,21,63,20,65,84,85,41,128,169
151360,9,6,5,6,8,15,55,14,70,21,63,84
151360,10,7,1,11,51,26,75,62,101,37,126,163
151360,10,7,2,10,42,15,44,52,59,25,86,111
151360,10,7,5,1,9,11,31,10,42,12,40,52
151360,11,8,1,11,48,31,118,59,149,42,166,208
151360,11,8,2,4,35,13,77,39,90,17,112,129
151360,11,8,5,7,13,18,41,20,59,25,54,79
151360,12,9,1,5,22,20,42,27,62,25,64,89
151360,12,9,2,4,17,15,22,21,37,19,39,58
151360,12,9,5,1,5,5,20,6,25,6,25,31
151360,13,10,1,0,0,1,6,0,7,1,6,7
151360,13,10,2,0,0,1,5,0,6,1,5,6
151360,13,10,5,0,0,0,1,0,1,0,1,1
151379,1,412,1,1110,1887,671,1010,2997,1681,1781,2897,4678
151379,1,112,2,1067,1834,501,688,2901,1189,1568,2522,4090
151379,1,312,5,43,53,170,322,96,492,213,375,588
151379,2,999,1,932,1681,262,365,2613,627,1194,2046,3240
151379,2,999,2,922,1657,245,336,2579,581,1167,1993,3160
151379,2,999,5,10,24,17,29,34,46,27,53,80
151379,3,1,1,8,30,4,10,38,14,12,40,52
151379,3,1,2,8,30,4,10,38,14,12,40,52
151379,4,2,1,372,766,56,53,1138,109,428,819,1247
151379,4,2,2,372,766,56,53,1138,109,428,819,1247
151379,5,3,1,363,635,71,104,998,175,434,739,1173
151379,5,3,2,362,633,70,101,995,171,432,734,1166
151379,5,3,5,1,2,1,3,3,4,2,5,7
151379,6,4,1,189,250,131,198,439,329,320,448,768
151379,6,4,2,180,228,115,172,408,287,295,400,695
151379,6,4,5,9,22,16,26,31,42,25,48,73
151379,7,999,1,178,206,409,645,384,1054,587,851,1438
151379,7,999,2,145,177,256,352,322,608,401,529,930
151379,7,999,5,33,29,153,293,62,446,186,322,508
151379,8,5,1,92,96,149,218,188,367,241,314,555
151379,8,5,2,76,84,106,130,160,236,182,214,396
151379,8,5,5,16,12,43,88,28,131,59,100,159
151379,9,6,1,46,60,89,127,106,216,135,187,322
151379,9,6,2,38,53,52,70,91,122,90,123,213
151379,9,6,5,8,7,37,57,15,94,45,64,109
151379,10,7,1,18,21,59,99,39,158,77,120,197
151379,10,7,2,15,17,37,59,32,96,52,76,128
151379,10,7,5,3,4,22,40,7,62,25,44,69
151379,11,8,1,16,21,81,125,37,206,97,146,243
151379,11,8,2,12,17,48,60,29,108,60,77,137
151379,11,8,5,4,4,33,65,8,98,37,69,106
151379,12,9,1,6,8,29,74,14,103,35,82,117
151379,12,9,2,4,6,12,32,10,44,16,38,54
151379,12,9,5,2,2,17,42,4,59,19,44,63
151379,13,10,1,0,0,2,2,0,4,2,2,4
151379,13,10,2,0,0,1,1,0,2,1,1,2
151379,13,10,5,0,0,1,1,0,2,1,1,2
151388,1,412,1,599,1325,599,911,1924,1510,1198,2236,3434
151388,1,112,2,598,1318,525,759,1916,1284,1123,2077,3200
151388,1,312,5,1,7,74,152,8,226,75,159,234
151388,2,999,1,448,1037,149,281,1485,430,597,1318,1915
151388,2,999,2,447,1034,144,267,1481,411,591,1301,1892
151388,2,999,5,1,3,5,14,4,19,6,17,23
151388,3,1,1,1,13,15,27,14,42,16,40,56
151388,3,1,2,1,13,15,27,14,42,16,40,56
151388,4,2,1,178,412,12,36,590,48,190,448,638
151388,4,2,2,178,412,12,36,590,48,190,448,638
151388,5,3,1,163,420,45,72,583,117,208,492,700
151388,5,3,2,162,419,45,71,581,116,207,490,697
151388,5,3,5,1,1,0,1,2,1,1,2,3
151388,6,4,1,106,192,77,146,298,223,183,338,521
151388,6,4,2,106,190,72,133,296,205,178,323,501
151388,6,4,5,0,2,5,13,2,18,5,15,20
151388,7,999,1,151,288,450,630,439,1080,601,918,1519
151388,7,999,2,151,284,381,492,435,873,532,776,1308
151388,7,999,5,0,4,69,138,4,207,69,142,211
151388,8,5,1,71,119,103,165,190,268,174,284,458
151388,8,5,2,71,116,94,136,187,230,165,252,417
151388,8,5,5,0,3,9,29,3,38,9,32,41
151388,9,6,1,42,70,110,140,112,250,152,210,362
151388,9,6,2,42,70,95,117,112,212,137,187,324
151388,9,6,5,0,0,15,23,0,38,15,23,38
151388,10,7,1,16,43,87,96,59,183,103,139,242
151388,10,7,2,16,42,75,70,58,145,91,112,203
151388,10,7,5,0,1,12,26,1,38,12,27,39
151388,11,8,1,16,45,95,166,61,261,111,211,322
151388,11,8,2,16,45,78,124,61,202,94,169,263
151388,11,8,5,0,0,17,42,0,59,17,42,59
151388,12,9,1,6,11,53,59,17,112,59,70,129
151388,12,9,2,6,11,38,43,17,81,44,54,98
151388,12,9,5,0,0,15,16,0,31,15,16,31
151388,13,10,1,0,0,2,4,0,6,2,4,6
151388,13,10,2,0,0,1,2,0,3,1,2,3
151388,13,10,5,0,0,1,2,0,3,1,2,3
151652,1,412,1,2,138,3,62,140,65,5,200,205
151652,1,112,2,2,138,3,62,140,65,5,200,205
151652,2,999,1,0,76,0,37,76,37,0,113,113
151652,2,999,2,0,76,0,37,76,37,0,113,113
151652,3,1,1,0,1,0,0,1,0,0,1,1
151652,3,1,2,0,1,0,0,1,0,0,1,1
151652,4,2,1,0,24,0,5,24,5,0,29,29
151652,4,2,2,0,24,0,5,24,5,0,29,29
151652,5,3,1,0,29,0,12,29,12,0,41,41
151652,5,3,2,0,29,0,12,29,12,0,41,41
151652,6,4,1,0,22,0,20,22,20,0,42,42
151652,6,4,2,0,22,0,20,22,20,0,42,42
151652,7,999,1,2,62,3,25,64,28,5,87,92
151652,7,999,2,2,62,3,25,64,28,5,87,92
151652,8,5,1,0,31,2,11,31,13,2,42,44
151652,8,5,2,0,31,2,11,31,13,2,42,44
151652,9,6,1,1,14,0,9,15,9,1,23,24
151652,9,6,2,1,14,0,9,15,9,1,23,24
151652,10,7,1,0,5,1,2,5,3,1,7,8
151652,10,7,2,0,5,1,2,5,3,1,7,8
151652,11,8,1,1,11,0,2,12,2,1,13,14
151652,11,8,2,1,11,0,2,12,2,1,13,14
151652,12,9,1,0,1,0,1,1,1,0,2,2
151652,12,9,2,0,1,0,1,1,1,0,2,2
151661,1,412,1,928,71,0,0,999,0,928,71,999
151661,1,112,2,928,71,0,0,999,0,928,71,999
151661,2,999,1,625,37,0,0,662,0,625,37,662
151661,2,999,2,625,37,0,0,662,0,625,37,662
151661,3,1,1,4,0,0,0,4,0,4,0,4
151661,3,1,2,4,0,0,0,4,0,4,0,4
151661,4,2,1,326,18,0,0,344,0,326,18,344
151661,4,2,2,326,18,0,0,344,0,326,18,344
151661,5,3,1,157,6,0,0,163,0,157,6,163
151661,5,3,2,157,6,0,0,163,0,157,6,163
151661,6,4,1,138,13,0,0,151,0,138,13,151
151661,6,4,2,138,13,0,0,151,0,138,13,151
151661,7,999,1,303,34,0,0,337,0,303,34,337
151661,7,999,2,303,34,0,0,337,0,303,34,337
151661,8,5,1,103,20,0,0,123,0,103,20,123
151661,8,5,2,103,20,0,0,123,0,103,20,123
151661,9,6,1,83,9,0,0,92,0,83,9,92
151661,9,6,2,83,9,0,0,92,0,83,9,92
151661,10,7,1,42,3,0,0,45,0,42,3,45
151661,10,7,2,42,3,0,0,45,0,42,3,45
151661,11,8,1,52,1,0,0,53,0,52,1,53
151661,11,8,2,52,1,0,0,53,0,52,1,53
151661,12,9,1,22,1,0,0,23,0,22,1,23
151661,12,9,2,22,1,0,0,23,0,22,1,23
151661,13,10,1,1,0,0,0,1,0,1,0,1
151661,13,10,2,1,0,0,0,1,0,1,0,1
152080,1,412,1,6676,5857,159,117,12533,276,6835,5974,12809
152080,1,112,2,4570,4263,25,16,8833,41,4595,4279,8874
152080,1,312,5,2106,1594,134,101,3700,235,2240,1695,3935
152080,2,999,1,5256,4934,38,27,10190,65,5294,4961,10255
152080,2,999,2,4561,4262,23,16,8823,39,4584,4278,8862
152080,2,999,5,695,672,15,11,1367,26,710,683,1393
152080,3,1,1,56,87,0,1,143,1,56,88,144
152080,3,1,2,56,87,0,1,143,1,56,88,144
152080,4,2,1,2093,2042,8,10,4135,18,2101,2052,4153
152080,4,2,2,2091,2042,7,10,4133,17,2098,2052,4150
152080,4,2,5,2,0,1,0,2,1,3,0,3
152080,5,3,1,2202,2052,7,4,4254,11,2209,2056,4265
152080,5,3,2,2167,2021,6,3,4188,9,2173,2024,4197
152080,5,3,5,35,31,1,1,66,2,36,32,68
152080,6,4,1,905,753,23,12,1658,35,928,765,1693
152080,6,4,2,247,112,10,2,359,12,257,114,371
152080,6,4,5,658,641,13,10,1299,23,671,651,1322
152080,7,999,1,1420,923,121,90,2343,211,1541,1013,2554
152080,7,999,2,9,1,2,0,10,2,11,1,12
152080,7,999,5,1411,922,119,90,2333,209,1530,1012,2542
152080,8,5,1,856,603,35,33,1459,68,891,636,1527
152080,8,5,2,8,1,1,0,9,1,9,1,10
152080,8,5,5,848,602,34,33,1450,67,882,635,1517
152080,9,6,1,342,180,27,14,522,41,369,194,563
152080,9,6,2,1,0,1,0,1,1,2,0,2
152080,9,6,5,341,180,26,14,521,40,367,194,561
152080,10,7,1,130,69,21,16,199,37,151,85,236
152080,10,7,5,130,69,21,16,199,37,151,85,236
152080,11,8,1,70,49,25,12,119,37,95,61,156
152080,11,8,5,70,49,25,12,119,37,95,61,156
152080,12,9,1,20,21,13,14,41,27,33,35,68
152080,12,9,5,20,21,13,14,41,27,33,35,68
152080,13,10,1,2,1,0,1,3,1,2,2,4
152080,13,10,5,2,1,0,1,3,1,2,2,4
152275,1,412,1,20,84,28,23,104,51,48,107,155
152275,1,112,2,20,84,28,23,104,51,48,107,155
152275,2,999,1,6,43,18,8,49,26,24,51,75
152275,2,999,2,6,43,18,8,49,26,24,51,75
152275,3,1,1,0,2,0,0,2,0,0,2,2
152275,3,1,2,0,2,0,0,2,0,0,2,2
152275,4,2,1,1,14,8,2,15,10,9,16,25
152275,4,2,2,1,14,8,2,15,10,9,16,25
152275,5,3,1,5,10,5,4,15,9,10,14,24
152275,5,3,2,5,10,5,4,15,9,10,14,24
152275,6,4,1,0,17,5,2,17,7,5,19,24
152275,6,4,2,0,17,5,2,17,7,5,19,24
152275,7,999,1,14,41,10,15,55,25,24,56,80
152275,7,999,2,14,41,10,15,55,25,24,56,80
152275,8,5,1,8,16,5,3,24,8,13,19,32
152275,8,5,2,8,16,5,3,24,8,13,19,32
152275,9,6,1,1,15,4,8,16,12,5,23,28
152275,9,6,2,1,15,4,8,16,12,5,23,28
152275,10,7,1,2,6,1,1,8,2,3,7,10
152275,10,7,2,2,6,1,1,8,2,3,7,10
152275,11,8,1,2,3,0,2,5,2,2,5,7
152275,11,8,2,2,3,0,2,5,2,2,5,7
152275,12,9,1,1,1,0,1,2,1,1,2,3
152275,12,9,2,1,1,0,1,2,1,1,2,3
152318,1,412,1,1486,476,25,3,1962,28,1511,479,1990
152318,1,112,2,1477,475,18,2,1952,20,1495,477,1972
152318,1,312,5,9,1,7,1,10,8,16,2,18
152318,2,999,1,1477,476,19,2,1953,21,1496,478,1974
152318,2,999,2,1472,475,16,2,1947,18,1488,477,1965
152318,2,999,5,5,1,3,0,6,3,8,1,9
152318,3,1,1,21,8,3,1,29,4,24,9,33
152318,3,1,2,21,8,3,1,29,4,24,9,33
152318,4,2,1,651,239,1,0,890,1,652,239,891
152318,4,2,2,651,239,1,0,890,1,652,239,891
152318,5,3,1,655,202,8,0,857,8,663,202,865
152318,5,3,2,655,201,8,0,856,8,663,201,864
152318,5,3,5,0,1,0,0,1,0,0,1,1
152318,6,4,1,150,27,7,1,177,8,157,28,185
152318,6,4,2,145,27,4,1,172,5,149,28,177
152318,6,4,5,5,0,3,0,5,3,8,0,8
152318,7,999,1,9,0,6,1,9,7,15,1,16
152318,7,999,2,5,0,2,0,5,2,7,0,7
152318,7,999,5,4,0,4,1,4,5,8,1,9
152318,8,5,1,6,0,4,1,6,5,10,1,11
152318,8,5,2,3,0,1,0,3,1,4,0,4
152318,8,5,5,3,0,3,1,3,4,6,1,7
152318,9,6,1,2,0,1,0,2,1,3,0,3
152318,9,6,2,2,0,0,0,2,0,2,0,2
152318,9,6,5,0,0,1,0,0,1,1,0,1
152318,10,7,1,1,0,1,0,1,1,2,0,2
152318,10,7,2,0,0,1,0,0,1,1,0,1
152318,10,7,5,1,0,0,0,1,0,1,0,1
152336,1,412,1,578,1168,88,437,1746,525,666,1605,2271
152336,1,112,2,506,969,33,245,1475,278,539,1214,1753
152336,1,312,5,72,199,55,192,271,247,127,391,518
152336,2,999,1,498,927,19,85,1425,104,517,1012,1529
152336,2,999,2,472,857,15,60,1329,75,487,917,1404
152336,2,999,5,26,70,4,25,96,29,30,95,125
152336,3,1,1,1,8,0,0,9,0,1,8,9
152336,3,1,2,1,8,0,0,9,0,1,8,9
152336,4,2,1,226,379,2,5,605,7,228,384,612
152336,4,2,2,226,379,2,5,605,7,228,384,612
152336,5,3,1,187,369,2,17,556,19,189,386,575
152336,5,3,2,186,362,2,15,548,17,188,377,565
152336,5,3,5,1,7,0,2,8,2,1,9,10
152336,6,4,1,84,171,15,63,255,78,99,234,333
152336,6,4,2,59,108,11,40,167,51,70,148,218
152336,6,4,5,25,63,4,23,88,27,29,86,115
152336,7,999,1,80,241,69,352,321,421,149,593,742
152336,7,999,2,34,112,18,185,146,203,52,297,349
152336,7,999,5,46,129,51,167,175,218,97,296,393
152336,8,5,1,39,108,23,114,147,137,62,222,284
152336,8,5,2,18,48,9,67,66,76,27,115,142
152336,8,5,5,21,60,14,47,81,61,35,107,142
152336,9,6,1,19,42,13,64,61,77,32,106,138
152336,9,6,2,8,22,2,35,30,37,10,57,67
152336,9,6,5,11,20,11,29,31,40,22,49,71
152336,10,7,1,8,42,6,65,50,71,14,107,121
152336,10,7,2,4,23,2,31,27,33,6,54,60
152336,10,7,5,4,19,4,34,23,38,8,53,61
152336,11,8,1,6,37,17,77,43,94,23,114,137
152336,11,8,2,2,13,4,39,15,43,6,52,58
152336,11,8,5,4,24,13,38,28,51,17,62,79
152336,12,9,1,7,11,10,32,18,42,17,43,60
152336,12,9,2,2,6,1,13,8,14,3,19,22
152336,12,9,5,5,5,9,19,10,28,14,24,38
152336,13,10,1,1,1,0,0,2,0,1,1,2
152336,13,10,5,1,1,0,0,2,0,1,1,2
152390,1,412,1,2,1474,22,83,1476,105,24,1557,1581
152390,1,112,2,0,1403,8,27,1403,35,8,1430,1438
152390,1,312,5,2,71,14,56,73,70,16,127,143
152390,2,999,1,0,1459,10,37,1459,47,10,1496,1506
152390,2,999,2,0,1395,8,26,1395,34,8,1421,1429
152390,2,999,5,0,64,2,11,64,13,2,75,77
152390,3,1,1,0,20,0,0,20,0,0,20,20
152390,3,1,2,0,20,0,0,20,0,0,20,20
152390,4,2,1,0,696,0,6,696,6,0,702,702
152390,4,2,2,0,696,0,6,696,6,0,702,702
152390,5,3,1,0,621,7,13,621,20,7,634,641
152390,5,3,2,0,619,6,12,619,18,6,631,637
152390,5,3,5,0,2,1,1,2,2,1,3,4
152390,6,4,1,0,122,3,18,122,21,3,140,143
152390,6,4,2,0,60,2,8,60,10,2,68,70
152390,6,4,5,0,62,1,10,62,11,1,72,73
152390,7,999,1,2,15,12,46,17,58,14,61,75
152390,7,999,2,0,8,0,1,8,1,0,9,9
152390,7,999,5,2,7,12,45,9,57,14,52,66
152390,8,5,1,1,10,0,20,11,20,1,30,31
152390,8,5,2,0,5,0,0,5,0,0,5,5
152390,8,5,5,1,5,0,20,6,20,1,25,26
152390,9,6,1,1,3,5,9,4,14,6,12,18
152390,9,6,2,0,1,0,0,1,0,0,1,1
152390,9,6,5,1,2,5,9,3,14,6,11,17
152390,10,7,1,0,1,0,3,1,3,0,4,4
152390,10,7,2,0,1,0,0,1,0,0,1,1
152390,10,7,5,0,0,0,3,0,3,0,3,3
152390,11,8,1,0,1,4,8,1,12,4,9,13
152390,11,8,2,0,1,0,0,1,0,0,1,1
152390,11,8,5,0,0,4,8,0,12,4,8,12
152390,12,9,1,0,0,3,5,0,8,3,5,8
152390,12,9,5,0,0,3,5,0,8,3,5,8
152390,13,10,1,0,0,0,1,0,1,0,1,1
152390,13,10,2,0,0,0,1,0,1,0,1,1
152530,1,412,1,778,968,149,215,1746,364,927,1183,2110
152530,1,112,2,769,955,142,210,1724,352,911,1165,2076
152530,1,312,5,9,13,7,5,22,12,16,18,34
152530,2,999,1,770,960,134,197,1730,331,904,1157,2061
152530,2,999,2,763,950,129,193,1713,322,892,1143,2035
152530,2,999,5,7,10,5,4,17,9,12,14,26
152530,3,1,1,1,4,69,114,5,183,70,118,188
152530,3,1,2,1,4,69,114,5,183,70,118,188
152530,4,2,1,279,448,15,15,727,30,294,463,757
152530,4,2,2,279,448,15,15,727,30,294,463,757
152530,5,3,1,396,449,26,40,845,66,422,489,911
152530,5,3,2,396,449,26,40,845,66,422,489,911
152530,6,4,1,94,59,24,28,153,52,118,87,205
152530,6,4,2,87,49,19,24,136,43,106,73,179
152530,6,4,5,7,10,5,4,17,9,12,14,26
152530,7,999,1,6,6,15,18,12,33,21,24,45
152530,7,999,2,4,3,13,17,7,30,17,20,37
152530,7,999,5,2,3,2,1,5,3,4,4,8
152530,8,5,1,5,5,8,11,10,19,13,16,29
152530,8,5,2,3,2,7,11,5,18,10,13,23
152530,8,5,5,2,3,1,0,5,1,3,3,6
152530,9,6,1,1,1,4,3,2,7,5,4,9
152530,9,6,2,1,1,4,3,2,7,5,4,9
152530,10,7,1,0,0,0,3,0,3,0,3,3
152530,10,7,2,0,0,0,3,0,3,0,3,3
152530,11,8,1,0,0,2,1,0,3,2,1,3
152530,11,8,2,0,0,1,0,0,1,1,0,1
152530,11,8,5,0,0,1,1,0,2,1,1,2
152530,13,10,1,0,0,1,0,0,1,1,0,1
152530,13,10,2,0,0,1,0,0,1,1,0,1
152530,14,11,1,2,2,0,0,4,0,2,2,4
152530,14,11,2,2,2,0,0,4,0,2,2,4
152567,1,412,1,1527,932,436,678,2459,1114,1963,1610,3573
152567,1,112,2,1464,795,435,676,2259,1111,1899,1471,3370
152567,1,312,5,63,137,1,2,200,3,64,139,203
152567,2,999,1,1470,861,433,672,2331,1105,1903,1533,3436
152567,2,999,2,1439,778,433,670,2217,1103,1872,1448,3320
152567,2,999,5,31,83,0,2,114,2,31,85,116
152567,3,1,1,19,27,375,604,46,979,394,631,1025
152567,3,1,2,19,27,375,604,46,979,394,631,1025
152567,4,2,1,691,381,48,60,1072,108,739,441,1180
152567,4,2,2,691,381,48,60,1072,108,739,441,1180
152567,5,3,1,559,329,5,4,888,9,564,333,897
152567,5,3,2,558,315,5,4,873,9,563,319,882
152567,5,3,5,1,14,0,0,15,0,1,14,15
152567,6,4,1,201,124,5,4,325,9,206,128,334
152567,6,4,2,171,55,5,2,226,7,176,57,233
152567,6,4,5,30,69,0,2,99,2,30,71,101
152567,7,999,1,57,71,3,6,128,9,60,77,137
152567,7,999,2,25,17,2,6,42,8,27,23,50
152567,7,999,5,32,54,1,0,86,1,33,54,87
152567,8,5,1,42,50,1,3,92,4,43,53,96
152567,8,5,2,14,9,1,3,23,4,15,12,27
152567,8,5,5,28,41,0,0,69,0,28,41,69
152567,9,6,1,10,12,2,1,22,3,12,13,25
152567,9,6,2,8,3,1,1,11,2,9,4,13
152567,9,6,5,2,9,1,0,11,1,3,9,12
152567,10,7,1,1,5,0,0,6,0,1,5,6
152567,10,7,2,1,2,0,0,3,0,1,2,3
152567,10,7,5,0,3,0,0,3,0,0,3,3
152567,11,8,1,4,4,0,2,8,2,4,6,10
152567,11,8,2,2,3,0,2,5,2,2,5,7
152567,11,8,5,2,1,0,0,3,0,2,1,3
152600,1,412,1,1258,1672,69,123,2930,192,1327,1795,3122
152600,1,112,2,1176,1502,19,26,2678,45,1195,1528,2723
152600,1,312,5,82,170,50,97,252,147,132,267,399
152600,2,999,1,1214,1578,25,26,2792,51,1239,1604,2843
152600,2,999,2,1156,1458,17,13,2614,30,1173,1471,2644
152600,2,999,5,58,120,8,13,178,21,66,133,199
152600,3,1,1,6,23,0,1,29,1,6,24,30
152600,3,1,2,6,23,0,1,29,1,6,24,30
152600,4,2,1,484,641,4,2,1125,6,488,643,1131
152600,4,2,2,484,641,4,2,1125,6,488,643,1131
152600,5,3,1,551,698,6,5,1249,11,557,703,1260
152600,5,3,2,543,674,6,5,1217,11,549,679,1228
152600,5,3,5,8,24,0,0,32,0,8,24,32
152600,6,4,1,173,216,15,18,389,33,188,234,422
152600,6,4,2,123,120,7,5,243,12,130,125,255
152600,6,4,5,50,96,8,13,146,21,58,109,167
152600,7,999,1,44,94,43,94,138,137,87,188,275
152600,7,999,2,20,44,2,13,64,15,22,57,79
152600,7,999,5,24,50,41,81,74,122,65,131,196
152600,8,5,1,34,53,16,29,87,45,50,82,132
152600,8,5,2,14,22,0,6,36,6,14,28,42
152600,8,5,5,20,31,16,23,51,39,36,54,90
152600,9,6,1,6,17,6,8,23,14,12,25,37
152600,9,6,2,4,9,1,1,13,2,5,10,15
152600,9,6,5,2,8,5,7,10,12,7,15,22
152600,10,7,1,2,7,7,18,9,25,9,25,34
152600,10,7,2,1,3,0,2,4,2,1,5,6
152600,10,7,5,1,4,7,16,5,23,8,20,28
152600,11,8,1,2,17,9,25,19,34,11,42,53
152600,11,8,2,1,10,1,3,11,4,2,13,15
152600,11,8,5,1,7,8,22,8,30,9,29,38
152600,12,9,1,0,0,5,14,0,19,5,14,19
152600,12,9,2,0,0,0,1,0,1,0,1,1
152600,12,9,5,0,0,5,13,0,18,5,13,18
152600,14,11,1,0,0,1,3,0,4,1,3,4
152600,14,11,5,0,0,1,3,0,4,1,3,4
152637,1,412,1,2234,2171,5900,5743,4405,11643,8134,7914,16048
152637,1,112,2,2234,2171,5900,5743,4405,11643,8134,7914,16048
152637,2,999,1,2037,1867,5299,5337,3904,10636,7336,7204,14540
152637,2,999,2,2037,1867,5299,5337,3904,10636,7336,7204,14540
152637,3,1,1,435,534,4145,4501,969,8646,4580,5035,9615
152637,3,1,2,435,534,4145,4501,969,8646,4580,5035,9615
152637,4,2,1,978,775,809,628,1753,1437,1787,1403,3190
152637,4,2,2,978,775,809,628,1753,1437,1787,1403,3190
152637,5,3,1,453,412,137,87,865,224,590,499,1089
152637,5,3,2,453,412,137,87,865,224,590,499,1089
152637,6,4,1,171,146,208,121,317,329,379,267,646
152637,6,4,2,171,146,208,121,317,329,379,267,646
152637,7,999,1,195,302,576,387,497,963,771,689,1460
152637,7,999,2,195,302,576,387,497,963,771,689,1460
152637,8,5,1,86,119,218,120,205,338,304,239,543
152637,8,5,2,86,119,218,120,205,338,304,239,543
152637,9,6,1,57,71,130,99,128,229,187,170,357
152637,9,6,2,57,71,130,99,128,229,187,170,357
152637,10,7,1,19,40,96,55,59,151,115,95,210
152637,10,7,2,19,40,96,55,59,151,115,95,210
152637,11,8,1,23,56,96,71,79,167,119,127,246
152637,11,8,2,23,56,96,71,79,167,119,127,246
152637,12,9,1,9,14,33,40,23,73,42,54,96
152637,12,9,2,9,14,33,40,23,73,42,54,96
152637,13,10,1,1,2,3,2,3,5,4,4,8
152637,13,10,2,1,2,3,2,3,5,4,4,8
152637,14,11,1,2,2,25,19,4,44,27,21,48
152637,14,11,2,2,2,25,19,4,44,27,21,48
152673,1,412,1,868,0,0,0,868,0,868,0,868
152673,1,112,2,868,0,0,0,868,0,868,0,868
152673,2,999,1,866,0,0,0,866,0,866,0,866
152673,2,999,2,866,0,0,0,866,0,866,0,866
152673,3,1,1,1,0,0,0,1,0,1,0,1
152673,3,1,2,1,0,0,0,1,0,1,0,1
152673,4,2,1,324,0,0,0,324,0,324,0,324
152673,4,2,2,324,0,0,0,324,0,324,0,324
152673,5,3,1,418,0,0,0,418,0,418,0,418
152673,5,3,2,418,0,0,0,418,0,418,0,418
152673,6,4,1,123,0,0,0,123,0,123,0,123
152673,6,4,2,123,0,0,0,123,0,123,0,123
152673,7,999,1,2,0,0,0,2,0,2,0,2
152673,7,999,2,2,0,0,0,2,0,2,0,2
152673,8,5,1,2,0,0,0,2,0,2,0,2
152673,8,5,2,2,0,0,0,2,0,2,0,2
152798,1,412,1,54,447,15,162,501,177,69,609,678
152798,1,112,2,37,293,4,40,330,44,41,333,374
152798,1,312,5,17,154,11,122,171,133,28,276,304
152798,2,999,1,29,268,3,33,297,36,32,301,333
152798,2,999,2,25,216,3,24,241,27,28,240,268
152798,2,999,5,4,52,0,9,56,9,4,61,65
152798,4,2,1,2,10,0,6,12,6,2,16,18
152798,4,2,2,2,10,0,6,12,6,2,16,18
152798,5,3,1,8,129,1,4,137,5,9,133,142
152798,5,3,2,8,126,1,3,134,4,9,129,138
152798,5,3,5,0,3,0,1,3,1,0,4,4
152798,6,4,1,19,129,2,23,148,25,21,152,173
152798,6,4,2,15,80,2,15,95,17,17,95,112
152798,6,4,5,4,49,0,8,53,8,4,57,61
152798,7,999,1,21,139,12,128,160,140,33,267,300
152798,7,999,2,8,37,1,15,45,16,9,52,61
152798,7,999,5,13,102,11,113,115,124,24,215,239
152798,8,5,1,16,69,2,35,85,37,18,104,122
152798,8,5,2,6,19,0,3,25,3,6,22,28
152798,8,5,5,10,50,2,32,60,34,12,82,94
152798,9,6,1,3,28,3,27,31,30,6,55,61
152798,9,6,2,2,10,1,5,12,6,3,15,18
152798,9,6,5,1,18,2,22,19,24,3,40,43
152798,10,7,1,0,18,3,26,18,29,3,44,47
152798,10,7,2,0,0,0,5,0,5,0,5,5
152798,10,7,5,0,18,3,21,18,24,3,39,42
152798,11,8,1,2,17,2,29,19,31,4,46,50
152798,11,8,2,0,5,0,2,5,2,0,7,7
152798,11,8,5,2,12,2,27,14,29,4,39,43
152798,12,9,1,0,7,2,11,7,13,2,18,20
152798,12,9,2,0,3,0,0,3,0,0,3,3
152798,12,9,5,0,4,2,11,4,13,2,15,17
152798,14,11,1,4,40,0,1,44,1,4,41,45
152798,14,11,2,4,40,0,1,44,1,4,41,45
152992,1,412,1,357,335,91,293,692,384,448,628,1076
152992,1,112,2,312,275,59,171,587,230,371,446,817
152992,1,312,5,45,60,32,122,105,154,77,182,259
152992,2,999,1,329,281,55,112,610,167,384,393,777
152992,2,999,2,303,246,47,98,549,145,350,344,694
152992,2,999,5,26,35,8,14,61,22,34,49,83
152992,3,1,1,7,4,38,77,11,115,45,81,126
152992,3,1,2,7,4,38,77,11,115,45,81,126
152992,4,2,1,133,109,4,10,242,14,137,119,256
152992,4,2,2,133,109,4,10,242,14,137,119,256
152992,5,3,1,124,115,0,6,239,6,124,121,245
152992,5,3,2,124,112,0,4,236,4,124,116,240
152992,5,3,5,0,3,0,2,3,2,0,5,5
152992,6,4,1,65,53,13,19,118,32,78,72,150
152992,6,4,2,39,21,5,7,60,12,44,28,72
152992,6,4,5,26,32,8,12,58,20,34,44,78
152992,7,999,1,26,54,30,177,80,207,56,231,287
152992,7,999,2,7,29,12,72,36,84,19,101,120
152992,7,999,5,19,25,18,105,44,123,37,130,167
152992,8,5,1,21,29,16,50,50,66,37,79,116
152992,8,5,2,4,11,5,22,15,27,9,33,42
152992,8,5,5,17,18,11,28,35,39,28,46,74
152992,9,6,1,3,12,6,35,15,41,9,47,56
152992,9,6,2,1,9,3,15,10,18,4,24,28
152992,9,6,5,2,3,3,20,5,23,5,23,28
152992,10,7,1,1,7,2,32,8,34,3,39,42
152992,10,7,2,1,5,0,12,6,12,1,17,18
152992,10,7,5,0,2,2,20,2,22,2,22,24
152992,11,8,1,0,4,4,50,4,54,4,54,58
152992,11,8,2,0,2,4,20,2,24,4,22,26
152992,11,8,5,0,2,0,30,2,30,0,32,32
152992,12,9,1,1,2,1,10,3,11,2,12,14
152992,12,9,2,1,2,0,3,3,3,1,5,6
152992,12,9,5,0,0,1,7,0,8,1,7,8
152992,13,10,1,0,0,1,0,0,1,1,0,1
152992,13,10,5,0,0,1,0,0,1,1,0,1
152992,14,11,1,2,0,6,4,2,10,8,4,12
152992,14,11,2,2,0,0,1,2,1,2,1,3
152992,14,11,5,0,0,6,3,0,9,6,3,9
153001,1,412,1,471,763,125,504,1234,629,596,1267,1863
153001,1,112,2,470,760,56,170,1230,226,526,930,1456
153001,1,312,5,1,3,69,334,4,403,70,337,407
153001,2,999,1,411,502,30,92,913,122,441,594,1035
153001,2,999,2,410,501,24,43,911,67,434,544,978
153001,2,999,5,1,1,6,49,2,55,7,50,57
153001,3,1,1,2,2,4,5,4,9,6,7,13
153001,3,1,2,2,2,4,5,4,9,6,7,13
153001,4,2,1,191,190,1,2,381,3,192,192,384
153001,4,2,2,191,190,1,2,381,3,192,192,384
153001,5,3,1,161,201,5,11,362,16,166,212,378
153001,5,3,2,161,201,5,10,362,15,166,211,377
153001,5,3,5,0,0,0,1,0,1,0,1,1
153001,6,4,1,57,109,20,74,166,94,77,183,260
153001,6,4,2,56,108,14,26,164,40,70,134,204
153001,6,4,5,1,1,6,48,2,54,7,49,56
153001,7,999,1,60,261,95,411,321,506,155,672,827
153001,7,999,2,60,259,32,127,319,159,92,386,478
153001,7,999,5,0,2,63,284,2,347,63,286,349
153001,8,5,1,25,92,24,149,117,173,49,241,290
153001,8,5,2,25,92,8,34,117,42,33,126,159
153001,8,5,5,0,0,16,115,0,131,16,115,131
153001,9,6,1,14,77,24,79,91,103,38,156,194
153001,9,6,2,14,77,8,27,91,35,22,104,126
153001,9,6,5,0,0,16,52,0,68,16,52,68
153001,10,7,1,12,41,21,69,53,90,33,110,143
153001,10,7,2,12,40,7,33,52,40,19,73,92
153001,10,7,5,0,1,14,36,1,50,14,37,51
153001,11,8,1,9,45,19,94,54,113,28,139,167
153001,11,8,2,9,44,9,29,53,38,18,73,91
153001,11,8,5,0,1,10,65,1,75,10,66,76
153001,12,9,1,0,6,7,20,6,27,7,26,33
153001,12,9,2,0,6,0,4,6,4,0,10,10
153001,12,9,5,0,0,7,16,0,23,7,16,23
153001,14,11,1,0,0,0,1,0,1,0,1,1
153001,14,11,5,0,0,0,1,0,1,0,1,1
153083,1,412,1,7,126,0,0,133,0,7,126,133
153083,1,112,2,7,126,0,0,133,0,7,126,133
153083,2,999,1,4,86,0,0,90,0,4,86,90
153083,2,999,2,4,86,0,0,90,0,4,86,90
153083,4,2,1,3,35,0,0,38,0,3,35,38
153083,4,2,2,3,35,0,0,38,0,3,35,38
153083,5,3,1,0,32,0,0,32,0,0,32,32
153083,5,3,2,0,32,0,0,32,0,0,32,32
153083,6,4,1,1,19,0,0,20,0,1,19,20
153083,6,4,2,1,19,0,0,20,0,1,19,20
153083,7,999,1,3,39,0,0,42,0,3,39,42
153083,7,999,2,3,39,0,0,42,0,3,39,42
153083,8,5,1,1,16,0,0,17,0,1,16,17
153083,8,5,2,1,16,0,0,17,0,1,16,17
153083,9,6,1,2,7,0,0,9,0,2,7,9
153083,9,6,2,2,7,0,0,9,0,2,7,9
153083,10,7,1,0,6,0,0,6,0,0,6,6
153083,10,7,2,0,6,0,0,6,0,0,6,6
153083,11,8,1,0,8,0,0,8,0,0,8,8
153083,11,8,2,0,8,0,0,8,0,0,8,8
153083,12,9,1,0,2,0,0,2,0,0,2,2
153083,12,9,2,0,2,0,0,2,0,0,2,2
153083,14,11,1,0,1,0,0,1,0,0,1,1
153083,14,11,2,0,1,0,0,1,0,0,1,1
153108,1,412,1,565,514,20,21,1079,41,585,535,1120
153108,1,112,2,565,514,20,21,1079,41,585,535,1120
153108,2,999,1,557,510,20,19,1067,39,577,529,1106
153108,2,999,2,557,510,20,19,1067,39,577,529,1106
153108,3,1,1,3,2,8,13,5,21,11,15,26
153108,3,1,2,3,2,8,13,5,21,11,15,26
153108,4,2,1,285,263,4,1,548,5,289,264,553
153108,4,2,2,285,263,4,1,548,5,289,264,553
153108,5,3,1,232,224,0,3,456,3,232,227,459
153108,5,3,2,232,224,0,3,456,3,232,227,459
153108,6,4,1,37,21,8,2,58,10,45,23,68
153108,6,4,2,37,21,8,2,58,10,45,23,68
153108,7,999,1,7,3,0,2,10,2,7,5,12
153108,7,999,2,7,3,0,2,10,2,7,5,12
153108,8,5,1,4,0,0,0,4,0,4,0,4
153108,8,5,2,4,0,0,0,4,0,4,0,4
153108,9,6,1,1,2,0,0,3,0,1,2,3
153108,9,6,2,1,2,0,0,3,0,1,2,3
153108,10,7,1,1,1,0,1,2,1,1,2,3
153108,10,7,2,1,1,0,1,2,1,1,2,3
153108,11,8,1,1,0,0,0,1,0,1,0,1
153108,11,8,2,1,0,0,0,1,0,1,0,1
153108,12,9,1,0,0,0,1,0,1,0,1,1
153108,12,9,2,0,0,0,1,0,1,0,1,1
153108,14,11,1,1,1,0,0,2,0,1,1,2
153108,14,11,2,1,1,0,0,2,0,1,1,2
153126,1,412,1,354,432,18,51,786,69,372,483,855
153126,1,112,2,313,321,9,16,634,25,322,337,659
153126,1,312,5,41,111,9,35,152,44,50,146,196
153126,2,999,1,332,382,7,15,714,22,339,397,736
153126,2,999,2,306,312,6,8,618,14,312,320,632
153126,2,999,5,26,70,1,7,96,8,27,77,104
153126,3,1,1,0,0,1,1,0,2,1,1,2
153126,3,1,2,0,0,1,1,0,2,1,1,2
153126,4,2,1,109,114,0,0,223,0,109,114,223
153126,4,2,2,109,114,0,0,223,0,109,114,223
153126,5,3,1,136,159,1,1,295,2,137,160,297
153126,5,3,2,135,157,1,1,292,2,136,158,294
153126,5,3,5,1,2,0,0,3,0,1,2,3
153126,6,4,1,87,109,5,13,196,18,92,122,214
153126,6,4,2,62,41,4,6,103,10,66,47,113
153126,6,4,5,25,68,1,7,93,8,26,75,101
153126,7,999,1,22,50,11,35,72,46,33,85,118
153126,7,999,2,7,9,3,7,16,10,10,16,26
153126,7,999,5,15,41,8,28,56,36,23,69,92
153126,8,5,1,17,33,1,12,50,13,18,45,63
153126,8,5,2,6,4,0,1,10,1,6,5,11
153126,8,5,5,11,29,1,11,40,12,12,40,52
153126,9,6,1,4,5,1,4,9,5,5,9,14
153126,9,6,2,1,2,0,0,3,0,1,2,3
153126,9,6,5,3,3,1,4,6,5,4,7,11
153126,10,7,1,1,6,2,3,7,5,3,9,12
153126,10,7,2,0,3,1,2,3,3,1,5,6
153126,10,7,5,1,3,1,1,4,2,2,4,6
153126,11,8,1,0,4,5,8,4,13,5,12,17
153126,11,8,2,0,0,2,2,0,4,2,2,4
153126,11,8,5,0,4,3,6,4,9,3,10,13
153126,12,9,1,0,2,2,7,2,9,2,9,11
153126,12,9,2,0,0,0,1,0,1,0,1,1
153126,12,9,5,0,2,2,6,2,8,2,8,10
153126,13,10,1,0,0,0,1,0,1,0,1,1
153126,13,10,2,0,0,0,1,0,1,0,1,1
153126,14,11,1,0,0,0,1,0,1,0,1,1
153126,14,11,2,0,0,0,1,0,1,0,1,1
153250,1,412,1,725,620,121,196,1345,317,846,816,1662
153250,1,112,2,720,619,30,67,1339,97,750,686,1436
153250,1,312,5,5,1,91,129,6,220,96,130,226
153250,2,999,1,711,615,42,83,1326,125,753,698,1451
153250,2,999,2,709,615,29,66,1324,95,738,681,1419
153250,2,999,5,2,0,13,17,2,30,15,17,32
153250,3,1,1,0,0,2,10,0,12,2,10,12
153250,3,1,2,0,0,2,10,0,12,2,10,12
153250,4,2,1,112,90,20,47,202,67,132,137,269
153250,4,2,2,112,90,20,47,202,67,132,137,269
153250,5,3,1,353,332,2,1,685,3,355,333,688
153250,5,3,2,353,332,2,1,685,3,355,333,688
153250,6,4,1,246,193,18,25,439,43,264,218,482
153250,6,4,2,244,193,5,8,437,13,249,201,450
153250,6,4,5,2,0,13,17,2,30,15,17,32
153250,7,999,1,14,5,79,113,19,192,93,118,211
153250,7,999,2,11,4,1,1,15,2,12,5,17
153250,7,999,5,3,1,78,112,4,190,81,113,194
153250,8,5,1,13,5,21,28,18,49,34,33,67
153250,8,5,2,10,4,1,0,14,1,11,4,15
153250,8,5,5,3,1,20,28,4,48,23,29,52
153250,9,6,1,1,0,22,24,1,46,23,24,47
153250,9,6,2,1,0,0,0,1,0,1,0,1
153250,9,6,5,0,0,22,24,0,46,22,24,46
153250,10,7,1,0,0,12,13,0,25,12,13,25
153250,10,7,5,0,0,12,13,0,25,12,13,25
153250,11,8,1,0,0,16,34,0,50,16,34,50
153250,11,8,2,0,0,0,1,0,1,0,1,1
153250,11,8,5,0,0,16,33,0,49,16,33,49
153250,12,9,1,0,0,8,14,0,22,8,14,22
153250,12,9,5,0,0,8,14,0,22,8,14,22
153269,1,412,1,1429,2215,379,751,3644,1130,1808,2966,4774
153269,1,112,2,1097,1634,74,43,2731,117,1171,1677,2848
153269,1,312,5,332,581,305,708,913,1013,637,1289,1926
153269,2,999,1,1284,2031,83,108,3315,191,1367,2139,3506
153269,2,999,2,1071,1609,52,29,2680,81,1123,1638,2761
153269,2,999,5,213,422,31,79,635,110,244,501,745
153269,3,1,1,8,10,9,10,18,19,17,20,37
153269,3,1,2,8,9,9,10,17,19,17,19,36
153269,3,1,5,0,1,0,0,1,0,0,1,1
153269,4,2,1,519,853,2,2,1372,4,521,855,1376
153269,4,2,2,519,850,2,2,1369,4,521,852,1373
153269,4,2,5,0,3,0,0,3,0,0,3,3
153269,5,3,1,502,780,11,12,1282,23,513,792,1305
153269,5,3,2,460,672,11,6,1132,17,471,678,1149
153269,5,3,5,42,108,0,6,150,6,42,114,156
153269,6,4,1,255,388,61,84,643,145,316,472,788
153269,6,4,2,84,78,30,11,162,41,114,89,203
153269,6,4,5,171,310,31,73,481,104,202,383,585
153269,7,999,1,145,184,296,640,329,936,441,824,1265
153269,7,999,2,26,25,22,13,51,35,48,38,86
153269,7,999,5,119,159,274,627,278,901,393,786,1179
153269,8,5,1,92,138,80,205,230,285,172,343,515
153269,8,5,2,15,20,15,2,35,17,30,22,52
153269,8,5,5,77,118,65,203,195,268,142,321,463
153269,9,6,1,27,19,72,123,46,195,99,142,241
153269,9,6,2,7,4,3,1,11,4,10,5,15
153269,9,6,5,20,15,69,122,35,191,89,137,226
153269,10,7,1,11,15,59,100,26,159,70,115,185
153269,10,7,2,1,1,1,4,2,5,2,5,7
153269,10,7,5,10,14,58,96,24,154,68,110,178
153269,11,8,1,12,9,57,157,21,214,69,166,235
153269,11,8,2,3,0,2,6,3,8,5,6,11
153269,11,8,5,9,9,55,151,18,206,64,160,224
153269,12,9,1,2,3,27,55,5,82,29,58,87
153269,12,9,2,0,0,1,0,0,1,1,0,1
153269,12,9,5,2,3,26,55,5,81,28,58,86
153269,13,10,1,1,0,1,0,1,1,2,0,2
153269,13,10,5,1,0,1,0,1,1,2,0,2
153269,14,11,1,0,0,0,3,0,3,0,3,3
153269,14,11,2,0,0,0,1,0,1,0,1,1
153269,14,11,5,0,0,0,2,0,2,0,2,2
153302,1,412,1,81,84,14,15,165,29,95,99,194
153302,1,112,2,81,84,14,15,165,29,95,99,194
153302,2,999,1,80,82,12,13,162,25,92,95,187
153302,2,999,2,80,82,12,13,162,25,92,95,187
153302,3,1,1,29,17,5,6,46,11,34,23,57
153302,3,1,2,29,17,5,6,46,11,34,23,57
153302,4,2,1,22,42,3,4,64,7,25,46,71
153302,4,2,2,22,42,3,4,64,7,25,46,71
153302,5,3,1,22,16,3,3,38,6,25,19,44
153302,5,3,2,22,16,3,3,38,6,25,19,44
153302,6,4,1,7,7,1,0,14,1,8,7,15
153302,6,4,2,7,7,1,0,14,1,8,7,15
153302,7,999,1,1,2,2,2,3,4,3,4,7
153302,7,999,2,1,2,2,2,3,4,3,4,7
153302,8,5,1,0,2,1,0,2,1,1,2,3
153302,8,5,2,0,2,1,0,2,1,1,2,3
153302,9,6,1,0,0,1,0,0,1,1,0,1
153302,9,6,2,0,0,1,0,0,1,1,0,1
153302,10,7,1,1,0,0,0,1,0,1,0,1
153302,10,7,2,1,0,0,0,1,0,1,0,1
153302,11,8,1,0,0,0,1,0,1,0,1,1
153302,11,8,2,0,0,0,1,0,1,0,1,1
153302,12,9,1,0,0,0,1,0,1,0,1,1
153302,12,9,2,0,0,0,1,0,1,0,1,1
153311,1,412,1,880,1543,1935,2723,2423,4658,2815,4266,7081
153311,1,112,2,880,1543,1935,2723,2423,4658,2815,4266,7081
153311,2,999,1,690,1107,1712,2078,1797,3790,2402,3185,5587
153311,2,999,2,690,1107,1712,2078,1797,3790,2402,3185,5587
153311,3,1,1,57,112,1204,1340,169,2544,1261,1452,2713
153311,3,1,2,57,112,1204,1340,169,2544,1261,1452,2713
153311,4,2,1,398,587,257,262,985,519,655,849,1504
153311,4,2,2,398,587,257,262,985,519,655,849,1504
153311,5,3,1,159,241,124,254,400,378,283,495,778
153311,5,3,2,159,241,124,254,400,378,283,495,778
153311,6,4,1,76,167,127,222,243,349,203,389,592
153311,6,4,2,76,167,127,222,243,349,203,389,592
153311,7,999,1,190,436,222,644,626,866,412,1080,1492
153311,7,999,2,190,436,222,644,626,866,412,1080,1492
153311,8,5,1,88,171,73,225,259,298,161,396,557
153311,8,5,2,88,171,73,225,259,298,161,396,557
153311,9,6,1,51,115,46,150,166,196,97,265,362
153311,9,6,2,51,115,46,150,166,196,97,265,362
153311,10,7,1,16,79,40,96,95,136,56,175,231
153311,10,7,2,16,79,40,96,95,136,56,175,231
153311,11,8,1,23,59,48,119,82,167,71,178,249
153311,11,8,2,23,59,48,119,82,167,71,178,249
153311,12,9,1,11,12,14,52,23,66,25,64,89
153311,12,9,2,11,12,14,52,23,66,25,64,89
153311,13,10,1,1,0,1,2,1,3,2,2,4
153311,13,10,2,1,0,1,2,1,3,2,2,4
153311,14,11,1,0,0,1,1,0,2,1,1,2
153311,14,11,2,0,0,1,1,0,2,1,1,2
153366,1,412,1,432,680,76,329,1112,405,508,1009,1517
153366,1,112,2,396,472,25,66,868,91,421,538,959
153366,1,312,5,36,208,51,263,244,314,87,471,558
153366,2,999,1,375,413,21,44,788,65,396,457,853
153366,2,999,2,374,403,20,35,777,55,394,438,832
153366,2,999,5,1,10,1,9,11,10,2,19,21
153366,3,1,1,3,7,14,28,10,42,17,35,52
153366,3,1,2,3,7,14,28,10,42,17,35,52
153366,4,2,1,171,153,2,0,324,2,173,153,326
153366,4,2,2,171,153,2,0,324,2,173,153,326
153366,5,3,1,148,182,3,3,330,6,151,185,336
153366,5,3,2,148,182,3,3,330,6,151,185,336
153366,6,4,1,53,71,2,13,124,15,55,84,139
153366,6,4,2,52,61,1,4,113,5,53,65,118
153366,6,4,5,1,10,1,9,11,10,2,19,21
153366,7,999,1,57,267,55,285,324,340,112,552,664
153366,7,999,2,22,69,5,31,91,36,27,100,127
153366,7,999,5,35,198,50,254,233,304,85,452,537
153366,8,5,1,23,90,8,57,113,65,31,147,178
153366,8,5,2,17,31,2,8,48,10,19,39,58
153366,8,5,5,6,59,6,49,65,55,12,108,120
153366,9,6,1,13,50,11,60,63,71,24,110,134
153366,9,6,2,2,13,0,10,15,10,2,23,25
153366,9,6,5,11,37,11,50,48,61,22,87,109
153366,10,7,1,8,51,13,48,59,61,21,99,120
153366,10,7,2,3,9,0,8,12,8,3,17,20
153366,10,7,5,5,42,13,40,47,53,18,82,100
153366,11,8,1,9,58,15,86,67,101,24,144,168
153366,11,8,2,0,14,3,3,14,6,3,17,20
153366,11,8,5,9,44,12,83,53,95,21,127,148
153366,12,9,1,3,18,7,29,21,36,10,47,57
153366,12,9,2,0,2,0,2,2,2,0,4,4
153366,12,9,5,3,16,7,27,19,34,10,43,53
153366,13,10,1,1,0,1,5,1,6,2,5,7
153366,13,10,5,1,0,1,5,1,6,2,5,7
153384,1,412,1,682,777,15,19,1459,34,697,796,1493
153384,1,112,2,682,777,15,19,1459,34,697,796,1493
153384,2,999,1,680,777,14,18,1457,32,694,795,1489
153384,2,999,2,680,777,14,18,1457,32,694,795,1489
153384,3,1,1,7,5,0,0,12,0,7,5,12
153384,3,1,2,7,5,0,0,12,0,7,5,12
153384,4,2,1,332,348,5,5,680,10,337,353,690
153384,4,2,2,332,348,5,5,680,10,337,353,690
153384,5,3,1,298,396,9,11,694,20,307,407,714
153384,5,3,2,298,396,9,11,694,20,307,407,714
153384,6,4,1,43,28,0,2,71,2,43,30,73
153384,6,4,2,43,28,0,2,71,2,43,30,73
153384,7,999,1,2,0,1,0,2,1,3,0,3
153384,7,999,2,2,0,1,0,2,1,3,0,3
153384,8,5,1,2,0,1,0,2,1,3,0,3
153384,8,5,2,2,0,1,0,2,1,3,0,3
153384,14,11,1,0,0,0,1,0,1,0,1,1
153384,14,11,2,0,0,0,1,0,1,0,1,1
153445,1,412,1,950,1044,1188,1860,1994,3048,2138,2904,5042
153445,1,112,2,950,1044,1188,1860,1994,3048,2138,2904,5042
153445,2,999,1,816,852,1066,1546,1668,2612,1882,2398,4280
153445,2,999,2,816,852,1066,1546,1668,2612,1882,2398,4280
153445,3,1,1,25,68,767,1069,93,1836,792,1137,1929
153445,3,1,2,25,68,767,1069,93,1836,792,1137,1929
153445,4,2,1,502,506,155,206,1008,361,657,712,1369
153445,4,2,2,502,506,155,206,1008,361,657,712,1369
153445,5,3,1,213,187,95,152,400,247,308,339,647
153445,5,3,2,213,187,95,152,400,247,308,339,647
153445,6,4,1,76,91,49,119,167,168,125,210,335
153445,6,4,2,76,91,49,119,167,168,125,210,335
153445,7,999,1,134,192,118,314,326,432,252,506,758
153445,7,999,2,134,192,118,314,326,432,252,506,758
153445,8,5,1,50,83,34,123,133,157,84,206,290
153445,8,5,2,50,83,34,123,133,157,84,206,290
153445,9,6,1,26,46,36,70,72,106,62,116,178
153445,9,6,2,26,46,36,70,72,106,62,116,178
153445,10,7,1,33,27,17,51,60,68,50,78,128
153445,10,7,2,33,27,17,51,60,68,50,78,128
153445,11,8,1,18,30,25,48,48,73,43,78,121
153445,11,8,2,18,30,25,48,48,73,43,78,121
153445,12,9,1,7,6,5,20,13,25,12,26,38
153445,12,9,2,7,6,5,20,13,25,12,26,38
153445,13,10,1,0,0,1,2,0,3,1,2,3
153445,13,10,2,0,0,1,2,0,3,1,2,3
153445,14,11,1,0,0,4,0,0,4,4,0,4
153445,14,11,2,0,0,4,0,0,4,4,0,4
153472,1,412,1,879,855,690,855,1734,1545,1569,1710,3279
153472,1,112,2,879,855,690,855,1734,1545,1569,1710,3279
153472,2,999,1,747,686,654,728,1433,1382,1401,1414,2815
153472,2,999,2,747,686,654,728,1433,1382,1401,1414,2815
153472,3,1,1,105,110,540,546,215,1086,645,656,1301
153472,3,1,2,105,110,540,546,215,1086,645,656,1301
153472,4,2,1,462,406,73,70,868,143,535,476,1011
153472,4,2,2,462,406,73,70,868,143,535,476,1011
153472,5,3,1,115,94,24,66,209,90,139,160,299
153472,5,3,2,115,94,24,66,209,90,139,160,299
153472,6,4,1,65,76,17,46,141,63,82,122,204
153472,6,4,2,65,76,17,46,141,63,82,122,204
153472,7,999,1,132,169,36,127,301,163,168,296,464
153472,7,999,2,132,169,36,127,301,163,168,296,464
153472,8,5,1,55,59,9,40,114,49,64,99,163
153472,8,5,2,55,59,9,40,114,49,64,99,163
153472,9,6,1,21,45,7,38,66,45,28,83,111
153472,9,6,2,21,45,7,38,66,45,28,83,111
153472,10,7,1,23,34,4,14,57,18,27,48,75
153472,10,7,2,23,34,4,14,57,18,27,48,75
153472,11,8,1,23,21,12,21,44,33,35,42,77
153472,11,8,2,23,21,12,21,44,33,35,42,77
153472,12,9,1,10,10,4,14,20,18,14,24,38
153472,12,9,2,10,10,4,14,20,18,14,24,38
153524,1,412,1,1237,1104,1050,1313,2341,2363,2287,2417,4704
153524,1,112,2,1237,1104,1050,1313,2341,2363,2287,2417,4704
153524,2,999,1,1143,920,874,1038,2063,1912,2017,1958,3975
153524,2,999,2,1143,920,874,1038,2063,1912,2017,1958,3975
153524,3,1,1,24,65,676,749,89,1425,700,814,1514
153524,3,1,2,24,65,676,749,89,1425,700,814,1514
153524,4,2,1,851,621,118,137,1472,255,969,758,1727
153524,4,2,2,851,621,118,137,1472,255,969,758,1727
153524,5,3,1,220,162,48,73,382,121,268,235,503
153524,5,3,2,220,162,48,73,382,121,268,235,503
153524,6,4,1,48,72,32,79,120,111,80,151,231
153524,6,4,2,48,72,32,79,120,111,80,151,231
153524,7,999,1,94,184,174,273,278,447,268,457,725
153524,7,999,2,94,184,174,273,278,447,268,457,725
153524,8,5,1,38,82,56,122,120,178,94,204,298
153524,8,5,2,38,82,56,122,120,178,94,204,298
153524,9,6,1,23,51,39,57,74,96,62,108,170
153524,9,6,2,23,51,39,57,74,96,62,108,170
153524,10,7,1,16,19,34,32,35,66,50,51,101
153524,10,7,2,16,19,34,32,35,66,50,51,101
153524,11,8,1,10,27,35,45,37,80,45,72,117
153524,11,8,2,10,27,35,45,37,80,45,72,117
153524,12,9,1,7,5,10,17,12,27,17,22,39
153524,12,9,2,7,5,10,17,12,27,17,22,39
153524,14,11,1,0,0,2,2,0,4,2,2,4
153524,14,11,2,0,0,2,2,0,4,2,2,4
153533,1,412,1,463,381,592,852,844,1444,1055,1233,2288
153533,1,112,2,463,381,592,852,844,1444,1055,1233,2288
153533,2,999,1,377,281,369,549,658,918,746,830,1576
153533,2,999,2,377,281,369,549,658,918,746,830,1576
153533,3,1,1,6,12,230,435,18,665,236,447,683
153533,3,1,2,6,12,230,435,18,665,236,447,683
153533,4,2,1,258,191,96,65,449,161,354,256,610
153533,4,2,2,258,191,96,65,449,161,354,256,610
153533,5,3,1,90,49,29,21,139,50,119,70,189
153533,5,3,2,90,49,29,21,139,50,119,70,189
153533,6,4,1,23,29,14,28,52,42,37,57,94
153533,6,4,2,23,29,14,28,52,42,37,57,94
153533,7,999,1,34,58,31,96,92,127,65,154,219
153533,7,999,2,34,58,31,96,92,127,65,154,219
153533,8,5,1,16,24,12,29,40,41,28,53,81
153533,8,5,2,16,24,12,29,40,41,28,53,81
153533,9,6,1,9,10,6,16,19,22,15,26,41
153533,9,6,2,9,10,6,16,19,22,15,26,41
153533,10,7,1,5,7,4,17,12,21,9,24,33
153533,10,7,2,5,7,4,17,12,21,9,24,33
153533,11,8,1,3,15,8,25,18,33,11,40,51
153533,11,8,2,3,15,8,25,18,33,11,40,51
153533,12,9,1,1,2,1,9,3,10,2,11,13
153533,12,9,2,1,2,1,9,3,10,2,11,13
153533,14,11,1,52,42,192,207,94,399,244,249,493
153533,14,11,2,52,42,192,207,94,399,244,249,493
153542,1,412,1,2,13,0,0,15,0,2,13,15
153542,1,112,2,2,13,0,0,15,0,2,13,15
153542,2,999,1,1,9,0,0,10,0,1,9,10
153542,2,999,2,1,9,0,0,10,0,1,9,10
153542,5,3,1,0,4,0,0,4,0,0,4,4
153542,5,3,2,0,4,0,0,4,0,0,4,4
153542,6,4,1,1,5,0,0,6,0,1,5,6
153542,6,4,2,1,5,0,0,6,0,1,5,6
153542,7,999,1,1,4,0,0,5,0,1,4,5
153542,7,999,2,1,4,0,0,5,0,1,4,5
153542,8,5,1,1,2,0,0,3,0,1,2,3
153542,8,5,2,1,2,0,0,3,0,1,2,3
153542,11,8,1,0,2,0,0,2,0,0,2,2
153542,11,8,2,0,2,0,0,2,0,0,2,2
153603,1,412,1,15642,12660,2027,1493,28302,3520,17669,14153,31822
153603,1,112,2,14184,11087,986,586,25271,1572,15170,11673,26843
153603,1,312,5,1458,1573,1041,907,3031,1948,2499,2480,4979
153603,2,999,1,14154,11553,932,567,25707,1499,15086,12120,27206
153603,2,999,2,13638,10845,788,412,24483,1200,14426,11257,25683
153603,2,999,5,516,708,144,155,1224,299,660,863,1523
153603,3,1,1,75,91,47,41,166,88,122,132,254
153603,3,1,2,75,91,47,41,166,88,122,132,254
153603,4,2,1,5095,4600,102,84,9695,186,5197,4684,9881
153603,4,2,2,5095,4599,101,84,9694,185,5196,4683,9879
153603,4,2,5,0,1,1,0,1,1,1,1,2
153603,5,3,1,6169,5041,275,131,11210,406,6444,5172,11616
153603,5,3,2,6099,4977,271,123,11076,394,6370,5100,11470
153603,5,3,5,70,64,4,8,134,12,74,72,146
153603,6,4,1,2815,1821,508,311,4636,819,3323,2132,5455
153603,6,4,2,2369,1178,369,164,3547,533,2738,1342,4080
153603,6,4,5,446,643,139,147,1089,286,585,790,1375
153603,7,999,1,1478,1105,1095,926,2583,2021,2573,2031,4604
153603,7,999,2,536,240,198,174,776,372,734,414,1148
153603,7,999,5,942,865,897,752,1807,1649,1839,1617,3456
153603,8,5,1,994,742,531,390,1736,921,1525,1132,2657
153603,8,5,2,386,151,114,81,537,195,500,232,732
153603,8,5,5,608,591,417,309,1199,726,1025,900,1925
153603,9,6,1,301,224,257,228,525,485,558,452,1010
153603,9,6,2,95,40,29,29,135,58,124,69,193
153603,9,6,5,206,184,228,199,390,427,434,383,817
153603,10,7,1,107,73,119,124,180,243,226,197,423
153603,10,7,2,32,26,14,21,58,35,46,47,93
153603,10,7,5,75,47,105,103,122,208,180,150,330
153603,11,8,1,62,50,133,129,112,262,195,179,374
153603,11,8,2,19,15,25,29,34,54,44,44,88
153603,11,8,5,43,35,108,100,78,208,151,135,286
153603,12,9,1,13,15,52,52,28,104,65,67,132
153603,12,9,2,3,8,16,13,11,29,19,21,40
153603,12,9,5,10,7,36,39,17,75,46,46,92
153603,13,10,1,1,1,3,3,2,6,4,4,8
153603,13,10,2,1,0,0,1,1,1,1,1,2
153603,13,10,5,0,1,3,2,1,5,3,3,6
153603,14,11,1,10,2,0,0,12,0,10,2,12
153603,14,11,2,10,2,0,0,12,0,10,2,12
153630,1,412,1,1165,1166,1292,2168,2331,3460,2457,3334,5791
153630,1,112,2,1165,1166,1292,2168,2331,3460,2457,3334,5791
153630,2,999,1,1044,919,1167,1633,1963,2800,2211,2552,4763
153630,2,999,2,1044,919,1167,1633,1963,2800,2211,2552,4763
153630,3,1,1,62,112,781,1048,174,1829,843,1160,2003
153630,3,1,2,62,112,781,1048,174,1829,843,1160,2003
153630,4,2,1,718,557,212,253,1275,465,930,810,1740
153630,4,2,2,718,557,212,253,1275,465,930,810,1740
153630,5,3,1,194,161,133,176,355,309,327,337,664
153630,5,3,2,194,161,133,176,355,309,327,337,664
153630,6,4,1,70,89,41,156,159,197,111,245,356
153630,6,4,2,70,89,41,156,159,197,111,245,356
153630,7,999,1,121,247,125,535,368,660,246,782,1028
153630,7,999,2,121,247,125,535,368,660,246,782,1028
153630,8,5,1,54,110,46,198,164,244,100,308,408
153630,8,5,2,54,110,46,198,164,244,100,308,408
153630,9,6,1,24,67,32,144,91,176,56,211,267
153630,9,6,2,24,67,32,144,91,176,56,211,267
153630,10,7,1,22,32,20,75,54,95,42,107,149
153630,10,7,2,22,32,20,75,54,95,42,107,149
153630,11,8,1,16,28,19,94,44,113,35,122,157
153630,11,8,2,16,28,19,94,44,113,35,122,157
153630,12,9,1,5,10,8,24,15,32,13,34,47
153630,12,9,2,5,10,8,24,15,32,13,34,47
153658,1,412,1,11300,13885,2491,2642,25185,5133,13791,16527,30318
153658,1,112,2,9089,11138,1002,1075,20227,2077,10091,12213,22304
153658,1,312,5,2211,2747,1489,1567,4958,3056,3700,4314,8014
153658,2,999,1,9669,12266,755,784,21935,1539,10424,13050,23474
153658,2,999,2,8774,10913,665,631,19687,1296,9439,11544,20983
153658,2,999,5,895,1353,90,153,2248,243,985,1506,2491
153658,3,1,1,52,80,48,42,132,90,100,122,222
153658,3,1,2,52,80,48,42,132,90,100,122,222
153658,4,2,1,3543,4970,100,88,8513,188,3643,5058,8701
153658,4,2,2,3543,4969,100,88,8512,188,3643,5057,8700
153658,4,2,5,0,1,0,0,1,0,0,1,1
153658,5,3,1,3827,4883,171,210,8710,381,3998,5093,9091
153658,5,3,2,3777,4764,169,201,8541,370,3946,4965,8911
153658,5,3,5,50,119,2,9,169,11,52,128,180
153658,6,4,1,2247,2333,436,444,4580,880,2683,2777,5460
153658,6,4,2,1402,1100,348,300,2502,648,1750,1400,3150
153658,6,4,5,845,1233,88,144,2078,232,933,1377,2310
153658,7,999,1,1631,1619,1736,1858,3250,3594,3367,3477,6844
153658,7,999,2,315,225,337,444,540,781,652,669,1321
153658,7,999,5,1316,1394,1399,1414,2710,2813,2715,2808,5523
153658,8,5,1,1088,1041,636,724,2129,1360,1724,1765,3489
153658,8,5,2,219,144,143,186,363,329,362,330,692
153658,8,5,5,869,897,493,538,1766,1031,1362,1435,2797
153658,9,6,1,299,291,489,434,590,923,788,725,1513
153658,9,6,2,53,36,73,85,89,158,126,121,247
153658,9,6,5,246,255,416,349,501,765,662,604,1266
153658,10,7,1,138,130,244,269,268,513,382,399,781
153658,10,7,2,21,17,34,51,38,85,55,68,123
153658,10,7,5,117,113,210,218,230,428,327,331,658
153658,11,8,1,82,115,277,288,197,565,359,403,762
153658,11,8,2,18,18,55,68,36,123,73,86,159
153658,11,8,5,64,97,222,220,161,442,286,317,603
153658,12,9,1,22,39,79,132,61,211,101,171,272
153658,12,9,2,4,9,23,48,13,71,27,57,84
153658,12,9,5,18,30,56,84,48,140,74,114,188
153658,13,10,1,2,3,11,11,5,22,13,14,27
153658,13,10,2,0,1,9,6,1,15,9,7,16
153658,13,10,5,2,2,2,5,4,7,4,7,11
153737,1,412,1,2032,2272,3316,4657,4304,7973,5348,6929,12277
153737,1,112,2,2032,2272,3316,4657,4304,7973,5348,6929,12277
153737,2,999,1,1718,1892,2685,3586,3610,6271,4403,5478,9881
153737,2,999,2,1718,1892,2685,3586,3610,6271,4403,5478,9881
153737,3,1,1,23,83,1463,1827,106,3290,1486,1910,3396
153737,3,1,2,23,83,1463,1827,106,3290,1486,1910,3396
153737,4,2,1,1080,1230,514,694,2310,1208,1594,1924,3518
153737,4,2,2,1080,1230,514,694,2310,1208,1594,1924,3518
153737,5,3,1,420,405,430,612,825,1042,850,1017,1867
153737,5,3,2,420,405,430,612,825,1042,850,1017,1867
153737,6,4,1,195,174,278,453,369,731,473,627,1100
153737,6,4,2,195,174,278,453,369,731,473,627,1100
153737,7,999,1,314,380,631,1071,694,1702,945,1451,2396
153737,7,999,2,314,380,631,1071,694,1702,945,1451,2396
153737,8,5,1,145,165,216,397,310,613,361,562,923
153737,8,5,2,145,165,216,397,310,613,361,562,923
153737,9,6,1,70,85,150,255,155,405,220,340,560
153737,9,6,2,70,85,150,255,155,405,220,340,560
153737,10,7,1,45,53,96,170,98,266,141,223,364
153737,10,7,2,45,53,96,170,98,266,141,223,364
153737,11,8,1,34,58,122,184,92,306,156,242,398
153737,11,8,2,34,58,122,184,92,306,156,242,398
153737,12,9,1,19,16,44,60,35,104,63,76,139
153737,12,9,2,19,16,44,60,35,104,63,76,139
153737,13,10,1,1,3,3,5,4,8,4,8,12
153737,13,10,2,1,3,3,5,4,8,4,8,12
153825,1,412,1,714,580,51,59,1294,110,765,639,1404
153825,1,112,2,687,527,48,52,1214,100,735,579,1314
153825,1,312,5,27,53,3,7,80,10,30,60,90
153825,2,999,1,684,551,29,18,1235,47,713,569,1282
153825,2,999,2,666,518,28,18,1184,46,694,536,1230
153825,2,999,5,18,33,1,0,51,1,19,33,52
153825,3,1,1,2,0,9,4,2,13,11,4,15
153825,3,1,2,2,0,9,4,2,13,11,4,15
153825,4,2,1,298,234,1,1,532,2,299,235,534
153825,4,2,2,298,234,1,1,532,2,299,235,534
153825,5,3,1,300,251,4,1,551,5,304,252,556
153825,5,3,2,300,248,4,1,548,5,304,249,553
153825,5,3,5,0,3,0,0,3,0,0,3,3
153825,6,4,1,84,66,15,12,150,27,99,78,177
153825,6,4,2,66,36,14,12,102,26,80,48,128
153825,6,4,5,18,30,1,0,48,1,19,30,49
153825,7,999,1,30,29,22,41,59,63,52,70,122
153825,7,999,2,21,9,20,34,30,54,41,43,84
153825,7,999,5,9,20,2,7,29,9,11,27,38
153825,8,5,1,21,13,5,9,34,14,26,22,48
153825,8,5,2,17,4,3,6,21,9,20,10,30
153825,8,5,5,4,9,2,3,13,5,6,12,18
153825,9,6,1,5,7,3,6,12,9,8,13,21
153825,9,6,2,4,5,3,6,9,9,7,11,18
153825,9,6,5,1,2,0,0,3,0,1,2,3
153825,10,7,1,1,5,3,5,6,8,4,10,14
153825,10,7,2,0,0,3,3,0,6,3,3,6
153825,10,7,5,1,5,0,2,6,2,1,7,8
153825,11,8,1,2,4,4,6,6,10,6,10,16
153825,11,8,2,0,0,4,6,0,10,4,6,10
153825,11,8,5,2,4,0,0,6,0,2,4,6
153825,12,9,1,1,0,5,14,1,19,6,14,20
153825,12,9,2,0,0,5,12,0,17,5,12,17
153825,12,9,5,1,0,0,2,1,2,1,2,3
153825,13,10,1,0,0,2,1,0,3,2,1,3
153825,13,10,2,0,0,2,1,0,3,2,1,3
153834,1,412,1,734,1041,16,11,1775,27,750,1052,1802
153834,1,112,2,734,1041,16,11,1775,27,750,1052,1802
153834,2,999,1,732,1040,16,9,1772,25,748,1049,1797
153834,2,999,2,732,1040,16,9,1772,25,748,1049,1797
153834,3,1,1,3,4,0,0,7,0,3,4,7
153834,3,1,2,3,4,0,0,7,0,3,4,7
153834,4,2,1,331,456,3,1,787,4,334,457,791
153834,4,2,2,331,456,3,1,787,4,334,457,791
153834,5,3,1,319,483,3,4,802,7,322,487,809
153834,5,3,2,319,483,3,4,802,7,322,487,809
153834,6,4,1,79,97,10,4,176,14,89,101,190
153834,6,4,2,79,97,10,4,176,14,89,101,190
153834,7,999,1,2,1,0,2,3,2,2,3,5
153834,7,999,2,2,1,0,2,3,2,2,3,5
153834,8,5,1,1,1,0,1,2,1,1,2,3
153834,8,5,2,1,1,0,1,2,1,1,2,3
153834,9,6,1,1,0,0,1,1,1,1,1,2
153834,9,6,2,1,0,0,1,1,1,1,1,2
154004,1,412,1,588,614,221,988,1202,1209,809,1602,2411
154004,1,112,2,579,578,50,74,1157,124,629,652,1281
154004,1,312,5,9,36,171,914,45,1085,180,950,1130
154004,2,999,1,568,566,21,78,1134,99,589,644,1233
154004,2,999,2,568,562,9,11,1130,20,577,573,1150
154004,2,999,5,0,4,12,67,4,79,12,71,83
154004,3,1,1,0,0,2,1,0,3,2,1,3
154004,3,1,2,0,0,2,1,0,3,2,1,3
154004,4,2,1,223,225,1,0,448,1,224,225,449
154004,4,2,2,223,225,1,0,448,1,224,225,449
154004,5,3,1,226,230,1,2,456,3,227,232,459
154004,5,3,2,226,230,0,2,456,2,226,232,458
154004,5,3,5,0,0,1,0,0,1,1,0,1
154004,6,4,1,119,111,17,75,230,92,136,186,322
154004,6,4,2,119,107,6,8,226,14,125,115,240
154004,6,4,5,0,4,11,67,4,78,11,71,82
154004,7,999,1,20,48,199,903,68,1102,219,951,1170
154004,7,999,2,11,16,41,63,27,104,52,79,131
154004,7,999,5,9,32,158,840,41,998,167,872,1039
154004,8,5,1,8,18,68,316,26,384,76,334,410
154004,8,5,2,6,8,11,21,14,32,17,29,46
154004,8,5,5,2,10,57,295,12,352,59,305,364
154004,9,6,1,5,11,49,188,16,237,54,199,253
154004,9,6,2,2,3,11,14,5,25,13,17,30
154004,9,6,5,3,8,38,174,11,212,41,182,223
154004,10,7,1,3,11,36,112,14,148,39,123,162
154004,10,7,2,1,2,9,4,3,13,10,6,16
154004,10,7,5,2,9,27,108,11,135,29,117,146
154004,11,8,1,3,7,33,190,10,223,36,197,233
154004,11,8,2,1,3,6,16,4,22,7,19,26
154004,11,8,5,2,4,27,174,6,201,29,178,207
154004,12,9,1,1,1,13,95,2,108,14,96,110
154004,12,9,2,1,0,4,7,1,11,5,7,12
154004,12,9,5,0,1,9,88,1,97,9,89,98
154004,13,10,1,0,0,0,2,0,2,0,2,2
154004,13,10,2,0,0,0,1,0,1,0,1,1
154004,13,10,5,0,0,0,1,0,1,0,1,1
154004,14,11,1,0,0,1,7,0,8,1,7,8
154004,14,11,5,0,0,1,7,0,8,1,7,8
154013,1,412,1,370,787,166,382,1157,548,536,1169,1705
154013,1,112,2,340,704,101,236,1044,337,441,940,1381
154013,1,312,5,30,83,65,146,113,211,95,229,324
154013,2,999,1,311,632,27,72,943,99,338,704,1042
154013,2,999,2,302,616,17,57,918,74,319,673,992
154013,2,999,5,9,16,10,15,25,25,19,31,50
154013,3,1,1,2,6,0,0,8,0,2,6,8
154013,3,1,2,2,6,0,0,8,0,2,6,8
154013,4,2,1,117,254,1,3,371,4,118,257,375
154013,4,2,2,117,254,1,3,371,4,118,257,375
154013,5,3,1,126,276,3,13,402,16,129,289,418
154013,5,3,2,126,276,3,13,402,16,129,289,418
154013,6,4,1,66,96,23,56,162,79,89,152,241
154013,6,4,2,57,80,13,41,137,54,70,121,191
154013,6,4,5,9,16,10,15,25,25,19,31,50
154013,7,999,1,59,154,139,310,213,449,198,464,662
154013,7,999,2,38,87,84,179,125,263,122,266,388
154013,7,999,5,21,67,55,131,88,186,76,198,274
154013,8,5,1,23,48,34,67,71,101,57,115,172
154013,8,5,2,16,34,19,36,50,55,35,70,105
154013,8,5,5,7,14,15,31,21,46,22,45,67
154013,9,6,1,13,31,28,56,44,84,41,87,128
154013,9,6,2,9,15,13,31,24,44,22,46,68
154013,9,6,5,4,16,15,25,20,40,19,41,60
154013,10,7,1,11,35,29,68,46,97,40,103,143
154013,10,7,2,5,20,22,44,25,66,27,64,91
154013,10,7,5,6,15,7,24,21,31,13,39,52
154013,11,8,1,12,28,37,84,40,121,49,112,161
154013,11,8,2,8,14,24,51,22,75,32,65,97
154013,11,8,5,4,14,13,33,18,46,17,47,64
154013,12,9,1,0,12,10,34,12,44,10,46,56
154013,12,9,2,0,4,5,16,4,21,5,20,25
154013,12,9,5,0,8,5,18,8,23,5,26,31
154013,13,10,1,0,0,1,1,0,2,1,1,2
154013,13,10,2,0,0,1,1,0,2,1,1,2
154013,14,11,1,0,1,0,0,1,0,0,1,1
154013,14,11,2,0,1,0,0,1,0,0,1,1
154095,1,412,1,3072,4992,596,847,8064,1443,3668,5839,9507
154095,1,112,2,2962,4670,339,318,7632,657,3301,4988,8289
154095,1,312,5,110,322,257,529,432,786,367,851,1218
154095,2,999,1,2842,4753,223,242,7595,465,3065,4995,8060
154095,2,999,2,2783,4529,211,207,7312,418,2994,4736,7730
154095,2,999,5,59,224,12,35,283,47,71,259,330
154095,3,1,1,1,3,10,7,4,17,11,10,21
154095,3,1,2,1,3,10,7,4,17,11,10,21
154095,4,2,1,715,1508,21,20,2223,41,736,1528,2264
154095,4,2,2,715,1508,21,20,2223,41,736,1528,2264
154095,5,3,1,1286,2086,55,59,3372,114,1341,2145,3486
154095,5,3,2,1284,2068,55,57,3352,112,1339,2125,3464
154095,5,3,5,2,18,0,2,20,2,2,20,22
154095,6,4,1,840,1156,137,156,1996,293,977,1312,2289
154095,6,4,2,783,950,125,123,1733,248,908,1073,1981
154095,6,4,5,57,206,12,33,263,45,69,239,308
154095,7,999,1,230,239,373,605,469,978,603,844,1447
154095,7,999,2,179,141,128,111,320,239,307,252,559
154095,7,999,5,51,98,245,494,149,739,296,592,888
154095,8,5,1,152,139,111,187,291,298,263,326,589
154095,8,5,2,118,78,52,45,196,97,170,123,293
154095,8,5,5,34,61,59,142,95,201,93,203,296
154095,9,6,1,39,43,72,123,82,195,111,166,277
154095,9,6,2,31,28,26,21,59,47,57,49,106
154095,9,6,5,8,15,46,102,23,148,54,117,171
154095,10,7,1,15,17,74,116,32,190,89,133,222
154095,10,7,2,11,11,24,15,22,39,35,26,61
154095,10,7,5,4,6,50,101,10,151,54,107,161
154095,11,8,1,16,24,94,131,40,225,110,155,265
154095,11,8,2,12,15,20,21,27,41,32,36,68
154095,11,8,5,4,9,74,110,13,184,78,119,197
154095,12,9,1,8,16,20,46,24,66,28,62,90
154095,12,9,2,7,9,5,9,16,14,12,18,30
154095,12,9,5,1,7,15,37,8,52,16,44,60
154095,13,10,1,0,0,2,2,0,4,2,2,4
154095,13,10,2,0,0,1,0,0,1,1,0,1
154095,13,10,5,0,0,1,2,0,3,1,2,3
154110,1,412,1,440,596,1193,1933,1036,3126,1633,2529,4162
154110,1,112,2,440,596,1193,1933,1036,3126,1633,2529,4162
154110,2,999,1,369,453,1121,1578,822,2699,1490,2031,3521
154110,2,999,2,369,453,1121,1578,822,2699,1490,2031,3521
154110,3,1,1,25,53,829,1003,78,1832,854,1056,1910
154110,3,1,2,25,53,829,1003,78,1832,854,1056,1910
154110,4,2,1,230,241,210,284,471,494,440,525,965
154110,4,2,2,230,241,210,284,471,494,440,525,965
154110,5,3,1,90,101,48,149,191,197,138,250,388
154110,5,3,2,90,101,48,149,191,197,138,250,388
154110,6,4,1,24,58,34,142,82,176,58,200,258
154110,6,4,2,24,58,34,142,82,176,58,200,258
154110,7,999,1,71,143,72,355,214,427,143,498,641
154110,7,999,2,71,143,72,355,214,427,143,498,641
154110,8,5,1,28,64,27,144,92,171,55,208,263
154110,8,5,2,28,64,27,144,92,171,55,208,263
154110,9,6,1,19,42,21,85,61,106,40,127,167
154110,9,6,2,19,42,21,85,61,106,40,127,167
154110,10,7,1,11,23,9,49,34,58,20,72,92
154110,10,7,2,11,23,9,49,34,58,20,72,92
154110,11,8,1,7,11,10,55,18,65,17,66,83
154110,11,8,2,7,11,10,55,18,65,17,66,83
154110,12,9,1,6,3,5,19,9,24,11,22,33
154110,12,9,2,6,3,5,19,9,24,11,22,33
154110,13,10,1,0,0,0,3,0,3,0,3,3
154110,13,10,2,0,0,0,3,0,3,0,3,3
154156,1,412,1,717,659,58,125,1376,183,775,784,1559
154156,1,312,5,717,659,58,125,1376,183,775,784,1559
154156,2,999,1,224,312,12,37,536,49,236,349,585
154156,2,999,5,224,312,12,37,536,49,236,349,585
154156,5,3,1,1,5,0,3,6,3,1,8,9
154156,5,3,5,1,5,0,3,6,3,1,8,9
154156,6,4,1,223,307,12,34,530,46,235,341,576
154156,6,4,5,223,307,12,34,530,46,235,341,576
154156,7,999,1,493,347,46,88,840,134,539,435,974
154156,7,999,5,493,347,46,88,840,134,539,435,974
154156,8,5,1,433,317,28,41,750,69,461,358,819
154156,8,5,5,433,317,28,41,750,69,461,358,819
154156,9,6,1,52,23,8,24,75,32,60,47,107
154156,9,6,5,52,23,8,24,75,32,60,47,107
154156,10,7,1,6,1,2,11,7,13,8,12,20
154156,10,7,5,6,1,2,11,7,13,8,12,20
154156,11,8,1,2,5,6,9,7,15,8,14,22
154156,11,8,5,2,5,6,9,7,15,8,14,22
154156,12,9,1,0,1,1,3,1,4,1,4,5
154156,12,9,5,0,1,1,3,1,4,1,4,5
154156,13,10,1,0,0,1,0,0,1,1,0,1
154156,13,10,5,0,0,1,0,0,1,1,0,1
154174,1,412,1,1190,938,30,20,2128,50,1220,958,2178
154174,1,112,2,19,15,0,0,34,0,19,15,34
154174,1,312,5,1171,923,30,20,2094,50,1201,943,2144
154174,2,999,1,1018,844,18,8,1862,26,1036,852,1888
154174,2,999,2,17,14,0,0,31,0,17,14,31
154174,2,999,5,1001,830,18,8,1831,26,1019,838,1857
154174,4,2,1,0,1,0,0,1,0,0,1,1
154174,4,2,2,0,1,0,0,1,0,0,1,1
154174,5,3,1,511,401,13,7,912,20,524,408,932
154174,5,3,2,15,13,0,0,28,0,15,13,28
154174,5,3,5,496,388,13,7,884,20,509,395,904
154174,6,4,1,507,442,5,1,949,6,512,443,955
154174,6,4,2,2,0,0,0,2,0,2,0,2
154174,6,4,5,505,442,5,1,947,6,510,443,953
154174,7,999,1,172,94,12,12,266,24,184,106,290
154174,7,999,2,2,1,0,0,3,0,2,1,3
154174,7,999,5,170,93,12,12,263,24,182,105,287
154174,8,5,1,119,71,7,2,190,9,126,73,199
154174,8,5,2,2,0,0,0,2,0,2,0,2
154174,8,5,5,117,71,7,2,188,9,124,73,197
154174,9,6,1,32,17,4,6,49,10,36,23,59
154174,9,6,5,32,17,4,6,49,10,36,23,59
154174,10,7,1,17,5,0,1,22,1,17,6,23
154174,10,7,2,0,1,0,0,1,0,0,1,1
154174,10,7,5,17,4,0,1,21,1,17,5,22
154174,11,8,1,4,1,1,3,5,4,5,4,9
154174,11,8,5,4,1,1,3,5,4,5,4,9
154235,1,412,1,1055,1589,165,194,2644,359,1220,1783,3003
154235,1,112,2,955,1225,60,65,2180,125,1015,1290,2305
154235,1,312,5,100,364,105,129,464,234,205,493,698
154235,2,999,1,961,1397,41,37,2358,78,1002,1434,2436
154235,2,999,2,903,1144,18,20,2047,38,921,1164,2085
154235,2,999,5,58,253,23,17,311,40,81,270,351
154235,3,1,1,1,3,0,0,4,0,1,3,4
154235,3,1,2,1,3,0,0,4,0,1,3,4
154235,4,2,1,391,495,3,1,886,4,394,496,890
154235,4,2,2,391,495,3,0,886,3,394,495,889
154235,4,2,5,0,0,0,1,0,1,0,1,1
154235,5,3,1,410,526,4,12,936,16,414,538,952
154235,5,3,2,405,517,4,11,922,15,409,528,937
154235,5,3,5,5,9,0,1,14,1,5,10,15
154235,6,4,1,159,373,34,24,532,58,193,397,590
154235,6,4,2,106,129,11,9,235,20,117,138,255
154235,6,4,5,53,244,23,15,297,38,76,259,335
154235,7,999,1,94,192,124,157,286,281,218,349,567
154235,7,999,2,52,81,42,45,133,87,94,126,220
154235,7,999,5,42,111,82,112,153,194,124,223,347
154235,8,5,1,65,123,29,36,188,65,94,159,253
154235,8,5,2,32,45,12,6,77,18,44,51,95
154235,8,5,5,33,78,17,30,111,47,50,108,158
154235,9,6,1,10,26,19,22,36,41,29,48,77
154235,9,6,2,7,14,7,8,21,15,14,22,36
154235,9,6,5,3,12,12,14,15,26,15,26,41
154235,10,7,1,5,21,20,28,26,48,25,49,74
154235,10,7,2,3,15,4,7,18,11,7,22,29
154235,10,7,5,2,6,16,21,8,37,18,27,45
154235,11,8,1,9,19,40,48,28,88,49,67,116
154235,11,8,2,6,5,14,19,11,33,20,24,44
154235,11,8,5,3,14,26,29,17,55,29,43,72
154235,12,9,1,5,3,12,22,8,34,17,25,42
154235,12,9,2,4,2,4,4,6,8,8,6,14
154235,12,9,5,1,1,8,18,2,26,9,19,28
154235,13,10,1,0,0,4,1,0,5,4,1,5
154235,13,10,2,0,0,1,1,0,2,1,1,2
154235,13,10,5,0,0,3,0,0,3,3,0,3
154262,1,412,1,9,96,7,99,105,106,16,195,211
154262,1,112,2,9,96,7,99,105,106,16,195,211
154262,2,999,1,5,59,0,32,64,32,5,91,96
154262,2,999,2,5,59,0,32,64,32,5,91,96
154262,4,2,1,0,7,0,2,7,2,0,9,9
154262,4,2,2,0,7,0,2,7,2,0,9,9
154262,5,3,1,1,22,0,7,23,7,1,29,30
154262,5,3,2,1,22,0,7,23,7,1,29,30
154262,6,4,1,4,30,0,23,34,23,4,53,57
154262,6,4,2,4,30,0,23,34,23,4,53,57
154262,7,999,1,4,37,7,67,41,74,11,104,115
154262,7,999,2,4,37,7,67,41,74,11,104,115
154262,8,5,1,3,18,3,25,21,28,6,43,49
154262,8,5,2,3,18,3,25,21,28,6,43,49
154262,9,6,1,1,5,2,15,6,17,3,20,23
154262,9,6,2,1,5,2,15,6,17,3,20,23
154262,10,7,1,0,9,1,6,9,7,1,15,16
154262,10,7,2,0,9,1,6,9,7,1,15,16
154262,11,8,1,0,4,1,15,4,16,1,19,20
154262,11,8,2,0,4,1,15,4,16,1,19,20
154262,12,9,1,0,1,0,6,1,6,0,7,7
154262,12,9,2,0,1,0,6,1,6,0,7,7
154350,1,412,1,532,585,71,79,1117,150,603,664,1267
154350,1,112,2,529,579,59,58,1108,117,588,637,1225
154350,1,312,5,3,6,12,21,9,33,15,27,42
154350,2,999,1,506,552,9,14,1058,23,515,566,1081
154350,2,999,2,506,552,9,11,1058,20,515,563,1078
154350,2,999,5,0,0,0,3,0,3,0,3,3
154350,3,1,1,0,1,1,0,1,1,1,1,2
154350,3,1,2,0,1,1,0,1,1,1,1,2
154350,4,2,1,173,222,0,1,395,1,173,223,396
154350,4,2,2,173,222,0,1,395,1,173,223,396
154350,5,3,1,246,259,4,3,505,7,250,262,512
154350,5,3,2,246,259,4,2,505,6,250,261,511
154350,5,3,5,0,0,0,1,0,1,0,1,1
154350,6,4,1,87,70,4,10,157,14,91,80,171
154350,6,4,2,87,70,4,8,157,12,91,78,169
154350,6,4,5,0,0,0,2,0,2,0,2,2
154350,7,999,1,26,33,62,65,59,127,88,98,186
154350,7,999,2,23,27,50,47,50,97,73,74,147
154350,7,999,5,3,6,12,18,9,30,15,24,39
154350,8,5,1,10,12,10,15,22,25,20,27,47
154350,8,5,2,7,10,6,9,17,15,13,19,32
154350,8,5,5,3,2,4,6,5,10,7,8,15
154350,9,6,1,5,2,12,16,7,28,17,18,35
154350,9,6,2,5,2,11,10,7,21,16,12,28
154350,9,6,5,0,0,1,6,0,7,1,6,7
154350,10,7,1,4,6,12,8,10,20,16,14,30
154350,10,7,2,4,4,10,7,8,17,14,11,25
154350,10,7,5,0,2,2,1,2,3,2,3,5
154350,11,8,1,5,8,24,21,13,45,29,29,58
154350,11,8,2,5,7,21,16,12,37,26,23,49
154350,11,8,5,0,1,3,5,1,8,3,6,9
154350,12,9,1,2,5,4,5,7,9,6,10,16
154350,12,9,2,2,4,2,5,6,7,4,9,13
154350,12,9,5,0,1,2,0,1,2,2,1,3
154396,1,412,1,262,359,320,562,621,882,582,921,1503
154396,1,112,2,262,359,320,562,621,882,582,921,1503
154396,2,999,1,234,272,306,454,506,760,540,726,1266
154396,2,999,2,234,272,306,454,506,760,540,726,1266
154396,3,1,1,4,22,200,296,26,496,204,318,522
154396,3,1,2,4,22,200,296,26,496,204,318,522
154396,4,2,1,154,156,86,113,310,199,240,269,509
154396,4,2,2,154,156,86,113,310,199,240,269,509
154396,5,3,1,66,62,12,20,128,32,78,82,160
154396,5,3,2,66,62,12,20,128,32,78,82,160
154396,6,4,1,10,32,8,25,42,33,18,57,75
154396,6,4,2,10,32,8,25,42,33,18,57,75
154396,7,999,1,28,87,14,108,115,122,42,195,237
154396,7,999,2,28,87,14,108,115,122,42,195,237
154396,8,5,1,14,33,3,26,47,29,17,59,76
154396,8,5,2,14,33,3,26,47,29,17,59,76
154396,9,6,1,5,16,3,28,21,31,8,44,52
154396,9,6,2,5,16,3,28,21,31,8,44,52
154396,10,7,1,5,23,3,19,28,22,8,42,50
154396,10,7,2,5,23,3,19,28,22,8,42,50
154396,11,8,1,3,8,5,26,11,31,8,34,42
154396,11,8,2,3,8,5,26,11,31,8,34,42
154396,12,9,1,1,7,0,9,8,9,1,16,17
154396,12,9,2,1,7,0,9,8,9,1,16,17
154493,1,412,1,795,1215,583,1017,2010,1600,1378,2232,3610
154493,1,112,2,641,931,546,959,1572,1505,1187,1890,3077
154493,1,312,5,154,284,37,58,438,95,191,342,533
154493,2,999,1,464,437,96,178,901,274,560,615,1175
154493,2,999,2,433,405,94,175,838,269,527,580,1107
154493,2,999,5,31,32,2,3,63,5,33,35,68
154493,3,1,1,0,1,2,7,1,9,2,8,10
154493,3,1,2,0,1,2,7,1,9,2,8,10
154493,4,2,1,177,112,15,4,289,19,192,116,308
154493,4,2,2,177,112,15,4,289,19,192,116,308
154493,5,3,1,165,148,9,40,313,49,174,188,362
154493,5,3,2,164,145,9,40,309,49,173,185,358
154493,5,3,5,1,3,0,0,4,0,1,3,4
154493,6,4,1,122,176,70,127,298,197,192,303,495
154493,6,4,2,92,147,68,124,239,192,160,271,431
154493,6,4,5,30,29,2,3,59,5,32,32,64
154493,7,999,1,321,778,487,839,1099,1326,808,1617,2425
154493,7,999,2,198,526,452,784,724,1236,650,1310,1960
154493,7,999,5,123,252,35,55,375,90,158,307,465
154493,8,5,1,80,241,117,213,321,330,197,454,651
154493,8,5,2,55,169,111,201,224,312,166,370,536
154493,8,5,5,25,72,6,12,97,18,31,84,115
154493,9,6,1,70,194,128,201,264,329,198,395,593
154493,9,6,2,45,138,119,188,183,307,164,326,490
154493,9,6,5,25,56,9,13,81,22,34,69,103
154493,10,7,1,67,137,92,149,204,241,159,286,445
154493,10,7,2,39,97,85,140,136,225,124,237,361
154493,10,7,5,28,40,7,9,68,16,35,49,84
154493,11,8,1,81,164,111,178,245,289,192,342,534
154493,11,8,2,48,99,102,167,147,269,150,266,416
154493,11,8,5,33,65,9,11,98,20,42,76,118
154493,12,9,1,22,40,38,97,62,135,60,137,197
154493,12,9,2,11,21,34,88,32,122,45,109,154
154493,12,9,5,11,19,4,9,30,13,15,28,43
154493,13,10,1,1,2,1,1,3,2,2,3,5
154493,13,10,2,0,2,1,0,2,1,1,2,3
154493,13,10,5,1,0,0,1,1,1,1,1,2
154493,14,11,1,10,0,0,0,10,0,10,0,10
154493,14,11,2,10,0,0,0,10,0,10,0,10
154518,1,412,1,936,687,890,512,1623,1402,1826,1199,3025
154518,1,112,2,906,672,606,339,1578,945,1512,1011,2523
154518,1,312,5,30,15,284,173,45,457,314,188,502
154518,2,999,1,385,335,126,95,720,221,511,430,941
154518,2,999,2,385,330,111,87,715,198,496,417,913
154518,2,999,5,0,5,15,8,5,23,15,13,28
154518,3,1,1,2,5,18,24,7,42,20,29,49
154518,3,1,2,2,5,18,24,7,42,20,29,49
154518,4,2,1,129,107,29,14,236,43,158,121,279
154518,4,2,2,129,107,29,14,236,43,158,121,279
154518,5,3,1,133,126,24,22,259,46,157,148,305
154518,5,3,2,133,126,24,21,259,45,157,147,304
154518,5,3,5,0,0,0,1,0,1,0,1,1
154518,6,4,1,121,97,55,35,218,90,176,132,308
154518,6,4,2,121,92,40,28,213,68,161,120,281
154518,6,4,5,0,5,15,7,5,22,15,12,27
154518,7,999,1,551,349,764,415,900,1179,1315,764,2079
154518,7,999,2,521,339,495,250,860,745,1016,589,1605
154518,7,999,5,30,10,269,165,40,434,299,175,474
154518,8,5,1,134,119,120,88,253,208,254,207,461
154518,8,5,2,131,115,92,63,246,155,223,178,401
154518,8,5,5,3,4,28,25,7,53,31,29,60
154518,9,6,1,143,80,176,89,223,265,319,169,488
154518,9,6,2,137,77,125,55,214,180,262,132,394
154518,9,6,5,6,3,51,34,9,85,57,37,94
154518,10,7,1,124,43,172,93,167,265,296,136,432
154518,10,7,2,120,42,117,59,162,176,237,101,338
154518,10,7,5,4,1,55,34,5,89,59,35,94
154518,11,8,1,117,78,220,102,195,322,337,180,517
154518,11,8,2,102,77,123,49,179,172,225,126,351
154518,11,8,5,15,1,97,53,16,150,112,54,166
154518,12,9,1,33,28,75,41,61,116,108,69,177
154518,12,9,2,31,27,38,22,58,60,69,49,118
154518,12,9,5,2,1,37,19,3,56,39,20,59
154518,13,10,1,0,1,1,2,1,3,1,3,4
154518,13,10,2,0,1,0,2,1,2,0,3,3
154518,13,10,5,0,0,1,0,0,1,1,0,1
154518,14,11,1,0,3,0,2,3,2,0,5,5
154518,14,11,2,0,3,0,2,3,2,0,5,5
154527,1,412,1,709,815,15,24,1524,39,724,839,1563
154527,1,112,2,709,814,15,24,1523,39,724,838,1562
154527,1,312,5,0,1,0,0,1,0,0,1,1
154527,2,999,1,706,808,12,14,1514,26,718,822,1540
154527,2,999,2,706,808,12,14,1514,26,718,822,1540
154527,3,1,1,5,2,7,8,7,15,12,10,22
154527,3,1,2,5,2,7,8,7,15,12,10,22
154527,4,2,1,337,396,2,0,733,2,339,396,735
154527,4,2,2,337,396,2,0,733,2,339,396,735
154527,5,3,1,312,374,3,3,686,6,315,377,692
154527,5,3,2,312,374,3,3,686,6,315,377,692
154527,6,4,1,52,36,0,3,88,3,52,39,91
154527,6,4,2,52,36,0,3,88,3,52,39,91
154527,7,999,1,3,7,2,7,10,9,5,14,19
154527,7,999,2,3,6,2,7,9,9,5,13,18
154527,7,999,5,0,1,0,0,1,0,0,1,1
154527,8,5,1,0,4,1,5,4,6,1,9,10
154527,8,5,2,0,3,1,5,3,6,1,8,9
154527,8,5,5,0,1,0,0,1,0,0,1,1
154527,9,6,1,1,1,1,0,2,1,2,1,3
154527,9,6,2,1,1,1,0,2,1,2,1,3
154527,10,7,1,1,2,0,1,3,1,1,3,4
154527,10,7,2,1,2,0,1,3,1,1,3,4
154527,11,8,1,1,0,0,0,1,0,1,0,1
154527,11,8,2,1,0,0,0,1,0,1,0,1
154527,12,9,1,0,0,0,1,0,1,0,1,1
154527,12,9,2,0,0,0,1,0,1,0,1,1
154527,14,11,1,0,0,1,3,0,4,1,3,4
154527,14,11,2,0,0,1,3,0,4,1,3,4
154572,1,412,1,748,959,1280,2373,1707,3653,2028,3332,5360
154572,1,112,2,748,959,1280,2373,1707,3653,2028,3332,5360
154572,2,999,1,611,734,1167,1803,1345,2970,1778,2537,4315
154572,2,999,2,611,734,1167,1803,1345,2970,1778,2537,4315
154572,3,1,1,19,51,859,1262,70,2121,878,1313,2191
154572,3,1,2,19,51,859,1262,70,2121,878,1313,2191
154572,4,2,1,345,409,207,270,754,477,552,679,1231
154572,4,2,2,345,409,207,270,754,477,552,679,1231
154572,5,3,1,164,179,50,135,343,185,214,314,528
154572,5,3,2,164,179,50,135,343,185,214,314,528
154572,6,4,1,83,95,51,136,178,187,134,231,365
154572,6,4,2,83,95,51,136,178,187,134,231,365
154572,7,999,1,137,225,112,570,362,682,249,795,1044
154572,7,999,2,137,225,112,570,362,682,249,795,1044
154572,8,5,1,62,108,44,199,170,243,106,307,413
154572,8,5,2,62,108,44,199,170,243,106,307,413
154572,9,6,1,37,52,27,129,89,156,64,181,245
154572,9,6,2,37,52,27,129,89,156,64,181,245
154572,10,7,1,16,28,17,103,44,120,33,131,164
154572,10,7,2,16,28,17,103,44,120,33,131,164
154572,11,8,1,20,29,17,105,49,122,37,134,171
154572,11,8,2,20,29,17,105,49,122,37,134,171
154572,12,9,1,1,8,7,32,9,39,8,40,48
154572,12,9,2,1,8,7,32,9,39,8,40,48
154572,13,10,1,1,0,0,2,1,2,1,2,3
154572,13,10,2,1,0,0,2,1,2,1,2,3
154572,14,11,1,0,0,1,0,0,1,1,0,1
154572,14,11,2,0,0,1,0,0,1,1,0,1
154642,1,412,1,404,553,398,758,957,1156,802,1311,2113
154642,1,112,2,404,553,398,758,957,1156,802,1311,2113
154642,2,999,1,379,496,329,557,875,886,708,1053,1761
154642,2,999,2,379,496,329,557,875,886,708,1053,1761
154642,3,1,1,79,156,200,337,235,537,279,493,772
154642,3,1,2,79,156,200,337,235,537,279,493,772
154642,4,2,1,206,256,53,101,462,154,259,357,616
154642,4,2,2,206,256,53,101,462,154,259,357,616
154642,5,3,1,76,59,54,62,135,116,130,121,251
154642,5,3,2,76,59,54,62,135,116,130,121,251
154642,6,4,1,18,25,22,57,43,79,40,82,122
154642,6,4,2,18,25,22,57,43,79,40,82,122
154642,7,999,1,25,57,69,201,82,270,94,258,352
154642,7,999,2,25,57,69,201,82,270,94,258,352
154642,8,5,1,12,23,32,75,35,107,44,98,142
154642,8,5,2,12,23,32,75,35,107,44,98,142
154642,9,6,1,9,11,14,43,20,57,23,54,77
154642,9,6,2,9,11,14,43,20,57,23,54,77
154642,10,7,1,3,9,10,30,12,40,13,39,52
154642,10,7,2,3,9,10,30,12,40,13,39,52
154642,11,8,1,0,13,10,34,13,44,10,47,57
154642,11,8,2,0,13,10,34,13,44,10,47,57
154642,12,9,1,1,0,2,18,1,20,3,18,21
154642,12,9,2,1,0,2,18,1,20,3,18,21
154642,13,10,1,0,1,1,1,1,2,1,2,3
154642,13,10,2,0,1,1,1,1,2,1,2,3
154697,1,412,1,582,816,1092,1604,1398,2696,1674,2420,4094
154697,1,112,2,582,816,1092,1604,1398,2696,1674,2420,4094
154697,2,999,1,439,585,649,896,1024,1545,1088,1481,2569
154697,2,999,2,439,585,649,896,1024,1545,1088,1481,2569
154697,3,1,1,16,46,158,268,62,426,174,314,488
154697,3,1,2,16,46,158,268,62,426,174,314,488
154697,4,2,1,269,354,100,151,623,251,369,505,874
154697,4,2,2,269,354,100,151,623,251,369,505,874
154697,5,3,1,109,111,177,230,220,407,286,341,627
154697,5,3,2,109,111,177,230,220,407,286,341,627
154697,6,4,1,45,74,214,247,119,461,259,321,580
154697,6,4,2,45,74,214,247,119,461,259,321,580
154697,7,999,1,143,231,443,707,374,1150,586,938,1524
154697,7,999,2,143,231,443,707,374,1150,586,938,1524
154697,8,5,1,49,99,184,231,148,415,233,330,563
154697,8,5,2,49,99,184,231,148,415,233,330,563
154697,9,6,1,42,64,109,178,106,287,151,242,393
154697,9,6,2,42,64,109,178,106,287,151,242,393
154697,10,7,1,25,30,66,112,55,178,91,142,233
154697,10,7,2,25,30,66,112,55,178,91,142,233
154697,11,8,1,20,30,60,126,50,186,80,156,236
154697,11,8,2,20,30,60,126,50,186,80,156,236
154697,12,9,1,7,8,22,54,15,76,29,62,91
154697,12,9,2,7,8,22,54,15,76,29,62,91
154697,13,10,1,0,0,2,6,0,8,2,6,8
154697,13,10,2,0,0,2,6,0,8,2,6,8
154697,14,11,1,0,0,0,1,0,1,0,1,1
154697,14,11,2,0,0,0,1,0,1,0,1,1
154712,1,412,1,997,1010,95,115,2007,210,1092,1125,2217
154712,1,112,2,969,1001,69,85,1970,154,1038,1086,2124
154712,1,312,5,28,9,26,30,37,56,54,39,93
154712,2,999,1,984,1003,65,76,1987,141,1049,1079,2128
154712,2,999,2,959,995,59,70,1954,129,1018,1065,2083
154712,2,999,5,25,8,6,6,33,12,31,14,45
154712,3,1,1,7,14,45,54,21,99,52,68,120
154712,3,1,2,7,14,45,54,21,99,52,68,120
154712,4,2,1,454,468,11,11,922,22,465,479,944
154712,4,2,2,454,468,11,11,922,22,465,479,944
154712,5,3,1,376,442,1,4,818,5,377,446,823
154712,5,3,2,375,441,1,4,816,5,376,445,821
154712,5,3,5,1,1,0,0,2,0,1,1,2
154712,6,4,1,147,79,8,7,226,15,155,86,241
154712,6,4,2,123,72,2,1,195,3,125,73,198
154712,6,4,5,24,7,6,6,31,12,30,13,43
154712,7,999,1,13,7,29,39,20,68,42,46,88
154712,7,999,2,10,6,9,15,16,24,19,21,40
154712,7,999,5,3,1,20,24,4,44,23,25,48
154712,8,5,1,10,5,10,12,15,22,20,17,37
154712,8,5,2,7,4,3,4,11,7,10,8,18
154712,8,5,5,3,1,7,8,4,15,10,9,19
154712,9,6,1,3,1,8,3,4,11,11,4,15
154712,9,6,2,3,1,3,1,4,4,6,2,8
154712,9,6,5,0,0,5,2,0,7,5,2,7
154712,10,7,1,0,1,3,8,1,11,3,9,12
154712,10,7,2,0,1,0,4,1,4,0,5,5
154712,10,7,5,0,0,3,4,0,7,3,4,7
154712,11,8,1,0,0,2,11,0,13,2,11,13
154712,11,8,2,0,0,2,3,0,5,2,3,5
154712,11,8,5,0,0,0,8,0,8,0,8,8
154712,12,9,1,0,0,6,5,0,11,6,5,11
154712,12,9,2,0,0,1,3,0,4,1,3,4
154712,12,9,5,0,0,5,2,0,7,5,2,7
154712,14,11,1,0,0,1,0,0,1,1,0,1
154712,14,11,2,0,0,1,0,0,1,1,0,1
154749,1,412,1,242,229,3,10,471,13,245,239,484
154749,1,112,2,242,229,3,10,471,13,245,239,484
154749,2,999,1,235,212,2,5,447,7,237,217,454
154749,2,999,2,235,212,2,5,447,7,237,217,454
154749,3,1,1,1,1,0,2,2,2,1,3,4
154749,3,1,2,1,1,0,2,2,2,1,3,4
154749,4,2,1,134,110,0,0,244,0,134,110,244
154749,4,2,2,134,110,0,0,244,0,134,110,244
154749,5,3,1,75,79,1,2,154,3,76,81,157
154749,5,3,2,75,79,1,2,154,3,76,81,157
154749,6,4,1,25,22,1,1,47,2,26,23,49
154749,6,4,2,25,22,1,1,47,2,26,23,49
154749,7,999,1,3,6,1,5,9,6,4,11,15
154749,7,999,2,3,6,1,5,9,6,4,11,15
154749,8,5,1,3,4,1,1,7,2,4,5,9
154749,8,5,2,3,4,1,1,7,2,4,5,9
154749,9,6,1,0,1,0,1,1,1,0,2,2
154749,9,6,2,0,1,0,1,1,1,0,2,2
154749,11,8,1,0,1,0,0,1,0,0,1,1
154749,11,8,2,0,1,0,0,1,0,0,1,1
154749,12,9,1,0,0,0,2,0,2,0,2,2
154749,12,9,2,0,0,0,2,0,2,0,2,2
154749,13,10,1,0,0,0,1,0,1,0,1,1
154749,13,10,2,0,0,0,1,0,1,0,1,1
154749,14,11,1,4,11,0,0,15,0,4,11,15
154749,14,11,2,4,11,0,0,15,0,4,11,15
154907,1,412,1,292,350,353,594,642,947,645,944,1589
154907,1,112,2,292,350,353,594,642,947,645,944,1589
154907,2,999,1,266,298,307,486,564,793,573,784,1357
154907,2,999,2,266,298,307,486,564,793,573,784,1357
154907,3,1,1,18,10,229,362,28,591,247,372,619
154907,3,1,2,18,10,229,362,28,591,247,372,619
154907,4,2,1,170,205,58,65,375,123,228,270,498
154907,4,2,2,170,205,58,65,375,123,228,270,498
154907,5,3,1,57,56,11,34,113,45,68,90,158
154907,5,3,2,57,56,11,34,113,45,68,90,158
154907,6,4,1,21,27,9,25,48,34,30,52,82
154907,6,4,2,21,27,9,25,48,34,30,52,82
154907,7,999,1,26,52,46,108,78,154,72,160,232
154907,7,999,2,26,52,46,108,78,154,72,160,232
154907,8,5,1,16,24,15,38,40,53,31,62,93
154907,8,5,2,16,24,15,38,40,53,31,62,93
154907,9,6,1,5,9,12,24,14,36,17,33,50
154907,9,6,2,5,9,12,24,14,36,17,33,50
154907,10,7,1,3,9,9,20,12,29,12,29,41
154907,10,7,2,3,9,9,20,12,29,12,29,41
154907,11,8,1,2,6,6,12,8,18,8,18,26
154907,11,8,2,2,6,6,12,8,18,8,18,26
154907,12,9,1,0,4,4,13,4,17,4,17,21
154907,12,9,2,0,4,4,13,4,17,4,17,21
154907,13,10,1,0,0,0,1,0,1,0,1,1
154907,13,10,2,0,0,0,1,0,1,0,1,1
154925,1,412,1,538,397,250,183,935,433,788,580,1368
154925,1,112,2,538,397,250,183,935,433,788,580,1368
154925,2,999,1,511,337,237,152,848,389,748,489,1237
154925,2,999,2,511,337,237,152,848,389,748,489,1237
154925,3,1,1,63,13,155,106,76,261,218,119,337
154925,3,1,2,63,13,155,106,76,261,218,119,337
154925,4,2,1,335,254,52,32,589,84,387,286,673
154925,4,2,2,335,254,52,32,589,84,387,286,673
154925,5,3,1,97,55,23,6,152,29,120,61,181
154925,5,3,2,97,55,23,6,152,29,120,61,181
154925,6,4,1,16,15,7,8,31,15,23,23,46
154925,6,4,2,16,15,7,8,31,15,23,23,46
154925,7,999,1,27,60,13,31,87,44,40,91,131
154925,7,999,2,27,60,13,31,87,44,40,91,131
154925,8,5,1,10,20,5,9,30,14,15,29,44
154925,8,5,2,10,20,5,9,30,14,15,29,44
154925,9,6,1,5,17,0,7,22,7,5,24,29
154925,9,6,2,5,17,0,7,22,7,5,24,29
154925,10,7,1,5,12,2,4,17,6,7,16,23
154925,10,7,2,5,12,2,4,17,6,7,16,23
154925,11,8,1,6,9,2,6,15,8,8,15,23
154925,11,8,2,6,9,2,6,15,8,8,15,23
154925,12,9,1,1,2,2,4,3,6,3,6,9
154925,12,9,2,1,2,2,4,3,6,3,6,9
154925,13,10,1,0,0,2,1,0,3,2,1,3
154925,13,10,2,0,0,2,1,0,3,2,1,3
154934,1,412,1,197,384,186,560,581,746,383,944,1327
154934,1,112,2,197,384,186,560,581,746,383,944,1327
154934,2,999,1,159,322,167,425,481,592,326,747,1073
154934,2,999,2,159,322,167,425,481,592,326,747,1073
154934,3,1,1,8,14,116,225,22,341,124,239,363
154934,3,1,2,8,14,116,225,22,341,124,239,363
154934,4,2,1,82,205,41,83,287,124,123,288,411
154934,4,2,2,82,205,41,83,287,124,123,288,411
154934,5,3,1,51,64,7,58,115,65,58,122,180
154934,5,3,2,51,64,7,58,115,65,58,122,180
154934,6,4,1,18,39,3,59,57,62,21,98,119
154934,6,4,2,18,39,3,59,57,62,21,98,119
154934,7,999,1,37,61,19,135,98,154,56,196,252
154934,7,999,2,37,61,19,135,98,154,56,196,252
154934,8,5,1,15,28,5,43,43,48,20,71,91
154934,8,5,2,15,28,5,43,43,48,20,71,91
154934,9,6,1,9,12,4,22,21,26,13,34,47
154934,9,6,2,9,12,4,22,21,26,13,34,47
154934,10,7,1,7,8,3,11,15,14,10,19,29
154934,10,7,2,7,8,3,11,15,14,10,19,29
154934,11,8,1,4,11,3,22,15,25,7,33,40
154934,11,8,2,4,11,3,22,15,25,7,33,40
154934,12,9,1,2,2,0,20,4,20,2,22,24
154934,12,9,2,2,2,0,20,4,20,2,22,24
154934,13,10,1,0,0,4,17,0,21,4,17,21
154934,13,10,2,0,0,4,17,0,21,4,17,21
154934,14,11,1,1,1,0,0,2,0,1,1,2
154934,14,11,2,1,1,0,0,2,0,1,1,2
154952,1,412,1,634,693,403,745,1327,1148,1037,1438,2475
154952,1,112,2,634,693,403,745,1327,1148,1037,1438,2475
154952,2,999,1,541,569,286,464,1110,750,827,1033,1860
154952,2,999,2,541,569,286,464,1110,750,827,1033,1860
154952,3,1,1,49,21,112,186,70,298,161,207,368
154952,3,1,2,49,21,112,186,70,298,161,207,368
154952,4,2,1,264,317,93,134,581,227,357,451,808
154952,4,2,2,264,317,93,134,581,227,357,451,808
154952,5,3,1,179,180,43,58,359,101,222,238,460
154952,5,3,2,179,180,43,58,359,101,222,238,460
154952,6,4,1,49,51,38,86,100,124,87,137,224
154952,6,4,2,49,51,38,86,100,124,87,137,224
154952,7,999,1,93,124,117,281,217,398,210,405,615
154952,7,999,2,93,124,117,281,217,398,210,405,615
154952,8,5,1,31,56,33,84,87,117,64,140,204
154952,8,5,2,31,56,33,84,87,117,64,140,204
154952,9,6,1,31,26,29,72,57,101,60,98,158
154952,9,6,2,31,26,29,72,57,101,60,98,158
154952,10,7,1,10,19,23,50,29,73,33,69,102
154952,10,7,2,10,19,23,50,29,73,33,69,102
154952,11,8,1,17,16,22,52,33,74,39,68,107
154952,11,8,2,17,16,22,52,33,74,39,68,107
154952,12,9,1,4,7,10,22,11,32,14,29,43
154952,12,9,2,4,7,10,22,11,32,14,29,43
154952,13,10,1,0,0,0,1,0,1,0,1,1
154952,13,10,2,0,0,0,1,0,1,0,1,1
154998,1,412,1,352,357,292,458,709,750,644,815,1459
154998,1,112,2,352,357,292,458,709,750,644,815,1459
154998,2,999,1,328,322,239,316,650,555,567,638,1205
154998,2,999,2,328,322,239,316,650,555,567,638,1205
154998,3,1,1,2,9,93,126,11,219,95,135,230
154998,3,1,2,2,9,93,126,11,219,95,135,230
154998,4,2,1,170,211,97,99,381,196,267,310,577
154998,4,2,2,170,211,97,99,381,196,267,310,577
154998,5,3,1,136,87,33,55,223,88,169,142,311
154998,5,3,2,136,87,33,55,223,88,169,142,311
154998,6,4,1,20,15,16,36,35,52,36,51,87
154998,6,4,2,20,15,16,36,35,52,36,51,87
154998,7,999,1,24,35,53,142,59,195,77,177,254
154998,7,999,2,24,35,53,142,59,195,77,177,254
154998,8,5,1,13,16,18,56,29,74,31,72,103
154998,8,5,2,13,16,18,56,29,74,31,72,103
154998,9,6,1,6,11,14,30,17,44,20,41,61
154998,9,6,2,6,11,14,30,17,44,20,41,61
154998,10,7,1,4,6,6,28,10,34,10,34,44
154998,10,7,2,4,6,6,28,10,34,10,34,44
154998,11,8,1,1,2,10,17,3,27,11,19,30
154998,11,8,2,1,2,10,17,3,27,11,19,30
154998,12,9,1,0,0,1,6,0,7,1,6,7
154998,12,9,2,0,0,1,6,0,7,1,6,7
154998,13,10,1,0,0,4,5,0,9,4,5,9
154998,13,10,2,0,0,4,5,0,9,4,5,9
155007,1,412,1,52,151,19,114,203,133,71,265,336
155007,1,112,2,52,151,19,114,203,133,71,265,336
155007,2,999,1,43,109,13,33,152,46,56,142,198
155007,2,999,2,43,109,13,33,152,46,56,142,198
155007,3,1,1,1,4,0,0,5,0,1,4,5
155007,3,1,2,1,4,0,0,5,0,1,4,5
155007,4,2,1,31,68,6,11,99,17,37,79,116
155007,4,2,2,31,68,6,11,99,17,37,79,116
155007,5,3,1,7,26,2,8,33,10,9,34,43
155007,5,3,2,7,26,2,8,33,10,9,34,43
155007,6,4,1,4,11,5,14,15,19,9,25,34
155007,6,4,2,4,11,5,14,15,19,9,25,34
155007,7,999,1,9,42,6,81,51,87,15,123,138
155007,7,999,2,9,42,6,81,51,87,15,123,138
155007,8,5,1,5,14,2,19,19,21,7,33,40
155007,8,5,2,5,14,2,19,19,21,7,33,40
155007,9,6,1,2,10,1,19,12,20,3,29,32
155007,9,6,2,2,10,1,19,12,20,3,29,32
155007,10,7,1,0,8,1,20,8,21,1,28,29
155007,10,7,2,0,8,1,20,8,21,1,28,29
155007,11,8,1,2,9,2,17,11,19,4,26,30
155007,11,8,2,2,9,2,17,11,19,4,26,30
155007,12,9,1,0,1,0,4,1,4,0,5,5
155007,12,9,2,0,1,0,4,1,4,0,5,5
155007,13,10,1,0,0,0,2,0,2,0,2,2
155007,13,10,2,0,0,0,2,0,2,0,2,2
155025,1,412,1,1154,2188,751,1735,3342,2486,1905,3923,5828
155025,1,112,2,1038,1871,97,175,2909,272,1135,2046,3181
155025,1,312,5,116,317,654,1560,433,2214,770,1877,2647
155025,2,999,1,996,1878,150,307,2874,457,1146,2185,3331
155025,2,999,2,960,1737,67,112,2697,179,1027,1849,2876
155025,2,999,5,36,141,83,195,177,278,119,336,455
155025,3,1,1,0,6,25,51,6,76,25,57,82
155025,3,1,2,0,6,25,51,6,76,25,57,82
155025,4,2,1,359,714,5,6,1073,11,364,720,1084
155025,4,2,2,359,714,5,6,1073,11,364,720,1084
155025,5,3,1,383,751,7,23,1134,30,390,774,1164
155025,5,3,2,382,744,7,20,1126,27,389,764,1153
155025,5,3,5,1,7,0,3,8,3,1,10,11
155025,6,4,1,254,407,113,227,661,340,367,634,1001
155025,6,4,2,219,273,30,35,492,65,249,308,557
155025,6,4,5,35,134,83,192,169,275,118,326,444
155025,7,999,1,157,309,594,1406,466,2000,751,1715,2466
155025,7,999,2,78,134,29,63,212,92,107,197,304
155025,7,999,5,79,175,565,1343,254,1908,644,1518,2162
155025,8,5,1,80,139,189,437,219,626,269,576,845
155025,8,5,2,47,75,15,22,122,37,62,97,159
155025,8,5,5,33,64,174,415,97,589,207,479,686
155025,9,6,1,31,60,133,298,91,431,164,358,522
155025,9,6,2,16,24,5,9,40,14,21,33,54
155025,9,6,5,15,36,128,289,51,417,143,325,468
155025,10,7,1,20,38,97,227,58,324,117,265,382
155025,10,7,2,9,17,3,11,26,14,12,28,40
155025,10,7,5,11,21,94,216,32,310,105,237,342
155025,11,8,1,20,51,112,273,71,385,132,324,456
155025,11,8,2,6,12,2,7,18,9,8,19,27
155025,11,8,5,14,39,110,266,53,376,124,305,429
155025,12,9,1,6,21,48,146,27,194,54,167,221
155025,12,9,2,0,6,1,6,6,7,1,12,13
155025,12,9,5,6,15,47,140,21,187,53,155,208
155025,13,10,1,0,0,15,25,0,40,15,25,40
155025,13,10,2,0,0,3,8,0,11,3,8,11
155025,13,10,5,0,0,12,17,0,29,12,17,29
155025,14,11,1,1,1,7,22,2,29,8,23,31
155025,14,11,2,0,0,1,0,0,1,1,0,1
155025,14,11,5,1,1,6,22,2,28,7,23,30
155052,1,412,1,145,132,505,440,277,945,650,572,1222
155052,1,112,2,145,132,505,440,277,945,650,572,1222
155052,2,999,1,107,70,490,387,177,877,597,457,1054
155052,2,999,2,107,70,490,387,177,877,597,457,1054
155052,3,1,1,1,3,449,342,4,791,450,345,795
155052,3,1,2,1,3,449,342,4,791,450,345,795
155052,4,2,1,54,29,16,14,83,30,70,43,113
155052,4,2,2,54,29,16,14,83,30,70,43,113
155052,5,3,1,37,21,17,19,58,36,54,40,94
155052,5,3,2,37,21,17,19,58,36,54,40,94
155052,6,4,1,15,17,8,12,32,20,23,29,52
155052,6,4,2,15,17,8,12,32,20,23,29,52
155052,7,999,1,26,47,15,53,73,68,41,100,141
155052,7,999,2,26,47,15,53,73,68,41,100,141
155052,8,5,1,14,21,9,21,35,30,23,42,65
155052,8,5,2,14,21,9,21,35,30,23,42,65
155052,9,6,1,5,13,3,12,18,15,8,25,33
155052,9,6,2,5,13,3,12,18,15,8,25,33
155052,10,7,1,2,6,1,5,8,6,3,11,14
155052,10,7,2,2,6,1,5,8,6,3,11,14
155052,11,8,1,5,5,1,12,10,13,6,17,23
155052,11,8,2,5,5,1,12,10,13,6,17,23
155052,12,9,1,0,2,1,3,2,4,1,5,6
155052,12,9,2,0,2,1,3,2,4,1,5,6
155052,14,11,1,12,15,0,0,27,0,12,15,27
155052,14,11,2,12,15,0,0,27,0,12,15,27
155061,1,412,1,2499,3741,3335,5458,6240,8793,5834,9199,15033
155061,1,112,2,2309,3271,2615,4016,5580,6631,4924,7287,12211
155061,1,312,5,190,470,720,1442,660,2162,910,1912,2822
155061,2,999,1,1970,2645,1813,2910,4615,4723,3783,5555,9338
155061,2,999,2,1902,2479,1754,2788,4381,4542,3656,5267,8923
155061,2,999,5,68,166,59,122,234,181,127,288,415
155061,3,1,1,39,37,45,66,76,111,84,103,187
155061,3,1,2,39,37,45,66,76,111,84,103,187
155061,4,2,1,603,887,347,758,1490,1105,950,1645,2595
155061,4,2,2,603,887,347,758,1490,1105,950,1645,2595
155061,5,3,1,776,1056,921,1485,1832,2406,1697,2541,4238
155061,5,3,2,775,1042,920,1482,1817,2402,1695,2524,4219
155061,5,3,5,1,14,1,3,15,4,2,17,19
155061,6,4,1,552,665,500,601,1217,1101,1052,1266,2318
155061,6,4,2,485,513,442,482,998,924,927,995,1922
155061,6,4,5,67,152,58,119,219,177,125,271,396
155061,7,999,1,529,1096,1522,2548,1625,4070,2051,3644,5695
155061,7,999,2,407,792,861,1228,1199,2089,1268,2020,3288
155061,7,999,5,122,304,661,1320,426,1981,783,1624,2407
155061,8,5,1,230,388,407,628,618,1035,637,1016,1653
155061,8,5,2,190,294,232,321,484,553,422,615,1037
155061,8,5,5,40,94,175,307,134,482,215,401,616
155061,9,6,1,108,247,327,526,355,853,435,773,1208
155061,9,6,2,83,194,192,271,277,463,275,465,740
155061,9,6,5,25,53,135,255,78,390,160,308,468
155061,10,7,1,63,174,296,491,237,787,359,665,1024
155061,10,7,2,50,125,177,242,175,419,227,367,594
155061,10,7,5,13,49,119,249,62,368,132,298,430
155061,11,8,1,88,217,338,630,305,968,426,847,1273
155061,11,8,2,61,140,188,268,201,456,249,408,657
155061,11,8,5,27,77,150,362,104,512,177,439,616
155061,12,9,1,36,69,146,263,105,409,182,332,514
155061,12,9,2,19,39,68,122,58,190,87,161,248
155061,12,9,5,17,30,78,141,47,219,95,171,266
155061,13,10,1,4,1,8,10,5,18,12,11,23
155061,13,10,2,4,0,4,4,4,8,8,4,12
155061,13,10,5,0,1,4,6,1,10,4,7,11
155098,1,412,1,391,338,372,516,729,888,763,854,1617
155098,1,112,2,391,338,372,516,729,888,763,854,1617
155098,2,999,1,365,300,346,425,665,771,711,725,1436
155098,2,999,2,365,300,346,425,665,771,711,725,1436
155098,3,1,1,17,14,206,296,31,502,223,310,533
155098,3,1,2,17,14,206,296,31,502,223,310,533
155098,4,2,1,261,220,95,74,481,169,356,294,650
155098,4,2,2,261,220,95,74,481,169,356,294,650
155098,5,3,1,73,44,30,28,117,58,103,72,175
155098,5,3,2,73,44,30,28,117,58,103,72,175
155098,6,4,1,14,22,15,27,36,42,29,49,78
155098,6,4,2,14,22,15,27,36,42,29,49,78
155098,7,999,1,26,38,26,91,64,117,52,129,181
155098,7,999,2,26,38,26,91,64,117,52,129,181
155098,8,5,1,10,9,13,34,19,47,23,43,66
155098,8,5,2,10,9,13,34,19,47,23,43,66
155098,9,6,1,5,13,4,17,18,21,9,30,39
155098,9,6,2,5,13,4,17,18,21,9,30,39
155098,10,7,1,5,4,2,15,9,17,7,19,26
155098,10,7,2,5,4,2,15,9,17,7,19,26
155098,11,8,1,6,12,5,19,18,24,11,31,42
155098,11,8,2,6,12,5,19,18,24,11,31,42
155098,12,9,1,0,0,1,4,0,5,1,4,5
155098,12,9,2,0,0,1,4,0,5,1,4,5
155098,13,10,1,0,0,1,2,0,3,1,2,3
155098,13,10,2,0,0,1,2,0,3,1,2,3
155104,1,412,1,397,401,457,613,798,1070,854,1014,1868
155104,1,112,2,397,401,457,613,798,1070,854,1014,1868
155104,2,999,1,389,362,378,420,751,798,767,782,1549
155104,2,999,2,389,362,378,420,751,798,767,782,1549
155104,3,1,1,15,37,146,204,52,350,161,241,402
155104,3,1,2,15,37,146,204,52,350,161,241,402
155104,4,2,1,274,261,141,89,535,230,415,350,765
155104,4,2,2,274,261,141,89,535,230,415,350,765
155104,5,3,1,85,46,59,76,131,135,144,122,266
155104,5,3,2,85,46,59,76,131,135,144,122,266
155104,6,4,1,15,18,32,51,33,83,47,69,116
155104,6,4,2,15,18,32,51,33,83,47,69,116
155104,7,999,1,8,39,79,193,47,272,87,232,319
155104,7,999,2,8,39,79,193,47,272,87,232,319
155104,8,5,1,5,17,16,57,22,73,21,74,95
155104,8,5,2,5,17,16,57,22,73,21,74,95
155104,9,6,1,0,7,15,47,7,62,15,54,69
155104,9,6,2,0,7,15,47,7,62,15,54,69
155104,10,7,1,0,9,14,27,9,41,14,36,50
155104,10,7,2,0,9,14,27,9,41,14,36,50
155104,11,8,1,3,5,21,33,8,54,24,38,62
155104,11,8,2,3,5,21,33,8,54,24,38,62
155104,12,9,1,0,1,13,29,1,42,13,30,43
155104,12,9,2,0,1,13,29,1,42,13,30,43
155140,1,412,1,255,397,31,48,652,79,286,445,731
155140,1,112,2,255,397,31,48,652,79,286,445,731
155140,2,999,1,209,353,23,33,562,56,232,386,618
155140,2,999,2,209,353,23,33,562,56,232,386,618
155140,3,1,1,1,2,0,0,3,0,1,2,3
155140,3,1,2,1,2,0,0,3,0,1,2,3
155140,4,2,1,78,151,3,8,229,11,81,159,240
155140,4,2,2,78,151,3,8,229,11,81,159,240
155140,5,3,1,69,123,7,16,192,23,76,139,215
155140,5,3,2,69,123,7,16,192,23,76,139,215
155140,6,4,1,61,77,13,9,138,22,74,86,160
155140,6,4,2,61,77,13,9,138,22,74,86,160
155140,7,999,1,46,44,8,15,90,23,54,59,113
155140,7,999,2,46,44,8,15,90,23,54,59,113
155140,8,5,1,25,23,3,8,48,11,28,31,59
155140,8,5,2,25,23,3,8,48,11,28,31,59
155140,9,6,1,11,10,3,2,21,5,14,12,26
155140,9,6,2,11,10,3,2,21,5,14,12,26
155140,10,7,1,5,5,1,1,10,2,6,6,12
155140,10,7,2,5,5,1,1,10,2,6,6,12
155140,11,8,1,5,2,1,1,7,2,6,3,9
155140,11,8,2,5,2,1,1,7,2,6,3,9
155140,12,9,1,0,3,0,3,3,3,0,6,6
155140,12,9,2,0,3,0,3,3,3,0,6,6
155140,13,10,1,0,1,0,0,1,0,0,1,1
155140,13,10,2,0,1,0,0,1,0,0,1,1
155177,1,412,1,136,194,13,16,330,29,149,210,359
155177,1,112,2,136,194,13,16,330,29,149,210,359
155177,2,999,1,132,160,8,7,292,15,140,167,307
155177,2,999,2,132,160,8,7,292,15,140,167,307
155177,3,1,1,2,1,0,0,3,0,2,1,3
155177,3,1,2,2,1,0,0,3,0,2,1,3
155177,4,2,1,97,96,3,1,193,4,100,97,197
155177,4,2,2,97,96,3,1,193,4,100,97,197
155177,5,3,1,29,35,4,2,64,6,33,37,70
155177,5,3,2,29,35,4,2,64,6,33,37,70
155177,6,4,1,4,28,1,4,32,5,5,32,37
155177,6,4,2,4,28,1,4,32,5,5,32,37
155177,7,999,1,4,34,5,9,38,14,9,43,52
155177,7,999,2,4,34,5,9,38,14,9,43,52
155177,8,5,1,3,20,0,3,23,3,3,23,26
155177,8,5,2,3,20,0,3,23,3,3,23,26
155177,9,6,1,0,9,2,1,9,3,2,10,12
155177,9,6,2,0,9,2,1,9,3,2,10,12
155177,10,7,1,0,1,1,1,1,2,1,2,3
155177,10,7,2,0,1,1,1,1,2,1,2,3
155177,11,8,1,1,3,0,2,4,2,1,5,6
155177,11,8,2,1,3,0,2,4,2,1,5,6
155177,12,9,1,0,1,2,2,1,4,2,3,5
155177,12,9,2,0,1,2,2,1,4,2,3,5
155195,1,412,1,880,1051,1204,1772,1931,2976,2084,2823,4907
155195,1,112,2,880,1051,1204,1772,1931,2976,2084,2823,4907
155195,2,999,1,797,870,956,1188,1667,2144,1753,2058,3811
155195,2,999,2,797,870,956,1188,1667,2144,1753,2058,3811
155195,3,1,1,33,58,619,794,91,1413,652,852,1504
155195,3,1,2,33,58,619,794,91,1413,652,852,1504
155195,4,2,1,582,619,185,146,1201,331,767,765,1532
155195,4,2,2,582,619,185,146,1201,331,767,765,1532
155195,5,3,1,141,115,85,116,256,201,226,231,457
155195,5,3,2,141,115,85,116,256,201,226,231,457
155195,6,4,1,41,78,67,132,119,199,108,210,318
155195,6,4,2,41,78,67,132,119,199,108,210,318
155195,7,999,1,83,181,248,584,264,832,331,765,1096
155195,7,999,2,83,181,248,584,264,832,331,765,1096
155195,8,5,1,35,72,91,155,107,246,126,227,353
155195,8,5,2,35,72,91,155,107,246,126,227,353
155195,9,6,1,14,32,51,125,46,176,65,157,222
155195,9,6,2,14,32,51,125,46,176,65,157,222
155195,10,7,1,14,32,49,106,46,155,63,138,201
155195,10,7,2,14,32,49,106,46,155,63,138,201
155195,11,8,1,13,39,38,133,52,171,51,172,223
155195,11,8,2,13,39,38,133,52,171,51,172,223
155195,12,9,1,7,6,18,61,13,79,25,67,92
155195,12,9,2,7,6,18,61,13,79,25,67,92
155195,13,10,1,0,0,1,4,0,5,1,4,5
155195,13,10,2,0,0,1,4,0,5,1,4,5
155210,1,412,1,2221,2544,3894,5232,4765,9126,6115,7776,13891
155210,1,112,2,2221,2544,3894,5232,4765,9126,6115,7776,13891
155210,2,999,1,1832,2053,2509,3121,3885,5630,4341,5174,9515
155210,2,999,2,1832,2053,2509,3121,3885,5630,4341,5174,9515
155210,3,1,1,54,86,413,569,140,982,467,655,1122
155210,3,1,2,54,86,413,569,140,982,467,655,1122
155210,4,2,1,1032,1202,797,950,2234,1747,1829,2152,3981
155210,4,2,2,1032,1202,797,950,2234,1747,1829,2152,3981
155210,5,3,1,466,478,674,815,944,1489,1140,1293,2433
155210,5,3,2,466,478,674,815,944,1489,1140,1293,2433
155210,6,4,1,280,287,625,787,567,1412,905,1074,1979
155210,6,4,2,280,287,625,787,567,1412,905,1074,1979
155210,7,999,1,389,491,1385,2111,880,3496,1774,2602,4376
155210,7,999,2,389,491,1385,2111,880,3496,1774,2602,4376
155210,8,5,1,175,230,529,751,405,1280,704,981,1685
155210,8,5,2,175,230,529,751,405,1280,704,981,1685
155210,9,6,1,105,120,311,445,225,756,416,565,981
155210,9,6,2,105,120,311,445,225,756,416,565,981
155210,10,7,1,66,56,182,320,122,502,248,376,624
155210,10,7,2,66,56,182,320,122,502,248,376,624
155210,11,8,1,32,72,189,327,104,516,221,399,620
155210,11,8,2,32,72,189,327,104,516,221,399,620
155210,12,9,1,10,13,109,207,23,316,119,220,339
155210,12,9,2,10,13,109,207,23,316,119,220,339
155210,13,10,1,1,0,65,61,1,126,66,61,127
155210,13,10,2,1,0,65,61,1,126,66,61,127
155292,1,412,1,646,922,1507,2073,1568,3580,2153,2995,5148
155292,1,112,2,646,922,1507,2073,1568,3580,2153,2995,5148
155292,2,999,1,505,689,942,1266,1194,2208,1447,1955,3402
155292,2,999,2,505,689,942,1266,1194,2208,1447,1955,3402
155292,3,1,1,39,49,381,511,88,892,420,560,980
155292,3,1,2,39,49,381,511,88,892,420,560,980
155292,4,2,1,245,326,299,304,571,603,544,630,1174
155292,4,2,2,245,326,299,304,571,603,544,630,1174
155292,5,3,1,150,203,149,227,353,376,299,430,729
155292,5,3,2,150,203,149,227,353,376,299,430,729
155292,6,4,1,71,111,113,224,182,337,184,335,519
155292,6,4,2,71,111,113,224,182,337,184,335,519
155292,7,999,1,141,233,565,807,374,1372,706,1040,1746
155292,7,999,2,141,233,565,807,374,1372,706,1040,1746
155292,8,5,1,60,95,148,240,155,388,208,335,543
155292,8,5,2,60,95,148,240,155,388,208,335,543
155292,9,6,1,38,66,97,179,104,276,135,245,380
155292,9,6,2,38,66,97,179,104,276,135,245,380
155292,10,7,1,24,31,91,129,55,220,115,160,275
155292,10,7,2,24,31,91,129,55,220,115,160,275
155292,11,8,1,18,32,130,138,50,268,148,170,318
155292,11,8,2,18,32,130,138,50,268,148,170,318
155292,12,9,1,1,9,81,79,10,160,82,88,170
155292,12,9,2,1,9,81,79,10,160,82,88,170
155292,13,10,1,0,0,18,42,0,60,18,42,60
155292,13,10,2,0,0,18,42,0,60,18,42,60
155317,1,412,1,10168,11648,2157,2771,21816,4928,12325,14419,26744
155317,1,112,2,7757,8682,1304,1392,16439,2696,9061,10074,19135
155317,1,312,5,2411,2966,853,1379,5377,2232,3264,4345,7609
155317,2,999,1,8134,9596,1006,1117,17730,2123,9140,10713,19853
155317,2,999,2,7317,8383,888,952,15700,1840,8205,9335,17540
155317,2,999,5,817,1213,118,165,2030,283,935,1378,2313
155317,3,1,1,30,41,121,177,71,298,151,218,369
155317,3,1,2,30,41,121,177,71,298,151,218,369
155317,4,2,1,2983,3590,155,134,6573,289,3138,3724,6862
155317,4,2,2,2982,3590,155,134,6572,289,3137,3724,6861
155317,4,2,5,1,0,0,0,1,0,1,0,1
155317,5,3,1,3101,3824,263,339,6925,602,3364,4163,7527
155317,5,3,2,3070,3758,260,335,6828,595,3330,4093,7423
155317,5,3,5,31,66,3,4,97,7,34,70,104
155317,6,4,1,2020,2141,467,467,4161,934,2487,2608,5095
155317,6,4,2,1235,994,352,306,2229,658,1587,1300,2887
155317,6,4,5,785,1147,115,161,1932,276,900,1308,2208
155317,7,999,1,2034,2052,1151,1654,4086,2805,3185,3706,6891
155317,7,999,2,440,299,416,440,739,856,856,739,1595
155317,7,999,5,1594,1753,735,1214,3347,1949,2329,2967,5296
155317,8,5,1,1116,1152,356,564,2268,920,1472,1716,3188
155317,8,5,2,291,170,141,153,461,294,432,323,755
155317,8,5,5,825,982,215,411,1807,626,1040,1393,2433
155317,9,6,1,544,478,291,322,1022,613,835,800,1635
155317,9,6,2,90,63,96,83,153,179,186,146,332
155317,9,6,5,454,415,195,239,869,434,649,654,1303
155317,10,7,1,211,207,210,284,418,494,421,491,912
155317,10,7,2,33,32,80,73,65,153,113,105,218
155317,10,7,5,178,175,130,211,353,341,308,386,694
155317,11,8,1,123,149,185,307,272,492,308,456,764
155317,11,8,2,21,23,53,73,44,126,74,96,170
155317,11,8,5,102,126,132,234,228,366,234,360,594
155317,12,9,1,39,63,83,156,102,239,122,219,341
155317,12,9,2,5,11,25,42,16,67,30,53,83
155317,12,9,5,34,52,58,114,86,172,92,166,258
155317,13,10,1,1,3,26,21,4,47,27,24,51
155317,13,10,2,0,0,21,16,0,37,21,16,37
155317,13,10,5,1,3,5,5,4,10,6,8,14
155399,1,412,1,8546,8524,1533,2251,17070,3784,10079,10775,20854
155399,1,112,2,7481,7016,819,941,14497,1760,8300,7957,16257
155399,1,312,5,1065,1508,714,1310,2573,2024,1779,2818,4597
155399,2,999,1,7470,7408,596,632,14878,1228,8066,8040,16106
155399,2,999,2,7064,6710,534,475,13774,1009,7598,7185,14783
155399,2,999,5,406,698,62,157,1104,219,468,855,1323
155399,3,1,1,18,20,17,23,38,40,35,43,78
155399,3,1,2,18,20,17,23,38,40,35,43,78
155399,4,2,1,2544,2863,79,75,5407,154,2623,2938,5561
155399,4,2,2,2543,2863,79,75,5406,154,2622,2938,5560
155399,4,2,5,1,0,0,0,1,0,1,0,1
155399,5,3,1,3220,3130,152,151,6350,303,3372,3281,6653
155399,5,3,2,3175,3034,152,150,6209,302,3327,3184,6511
155399,5,3,5,45,96,0,1,141,1,45,97,142
155399,6,4,1,1688,1395,348,383,3083,731,2036,1778,3814
155399,6,4,2,1328,793,286,227,2121,513,1614,1020,2634
155399,6,4,5,360,602,62,156,962,218,422,758,1180
155399,7,999,1,1076,1116,937,1619,2192,2556,2013,2735,4748
155399,7,999,2,417,306,285,466,723,751,702,772,1474
155399,7,999,5,659,810,652,1153,1469,1805,1311,1963,3274
155399,8,5,1,620,621,273,485,1241,758,893,1106,1999
155399,8,5,2,255,152,108,169,407,277,363,321,684
155399,8,5,5,365,469,165,316,834,481,530,785,1315
155399,9,6,1,267,255,228,335,522,563,495,590,1085
155399,9,6,2,88,78,77,107,166,184,165,185,350
155399,9,6,5,179,177,151,228,356,379,330,405,735
155399,10,7,1,93,106,179,269,199,448,272,375,647
155399,10,7,2,36,36,49,79,72,128,85,115,200
155399,10,7,5,57,70,130,190,127,320,187,260,447
155399,11,8,1,70,105,155,345,175,500,225,450,675
155399,11,8,2,34,28,29,82,62,111,63,110,173
155399,11,8,5,36,77,126,263,113,389,162,340,502
155399,12,9,1,24,28,96,183,52,279,120,211,331
155399,12,9,2,4,12,20,29,16,49,24,41,65
155399,12,9,5,20,16,76,154,36,230,96,170,266
155399,13,10,1,2,1,6,2,3,8,8,3,11
155399,13,10,2,0,0,2,0,0,2,2,0,2
155399,13,10,5,2,1,4,2,3,6,6,3,9
155414,1,412,1,411,287,58,47,698,105,469,334,803
155414,1,112,2,411,287,24,27,698,51,435,314,749
155414,1,312,5,0,0,34,20,0,54,34,20,54
155414,2,999,1,401,283,38,19,684,57,439,302,741
155414,2,999,2,401,283,14,9,684,23,415,292,707
155414,2,999,5,0,0,24,10,0,34,24,10,34
155414,3,1,1,0,1,2,1,1,3,2,2,4
155414,3,1,2,0,1,2,1,1,3,2,2,4
155414,4,2,1,161,140,0,0,301,0,161,140,301
155414,4,2,2,161,140,0,0,301,0,161,140,301
155414,5,3,1,167,117,2,5,284,7,169,122,291
155414,5,3,2,167,117,2,4,284,6,169,121,290
155414,5,3,5,0,0,0,1,0,1,0,1,1
155414,6,4,1,73,25,34,13,98,47,107,38,145
155414,6,4,2,73,25,10,4,98,14,83,29,112
155414,6,4,5,0,0,24,9,0,33,24,9,33
155414,7,999,1,10,4,20,28,14,48,30,32,62
155414,7,999,2,10,4,10,18,14,28,20,22,42
155414,7,999,5,0,0,10,10,0,20,10,10,20
155414,8,5,1,7,1,13,10,8,23,20,11,31
155414,8,5,2,7,1,6,2,8,8,13,3,16
155414,8,5,5,0,0,7,8,0,15,7,8,15
155414,9,6,1,2,1,1,4,3,5,3,5,8
155414,9,6,2,2,1,1,3,3,4,3,4,7
155414,9,6,5,0,0,0,1,0,1,0,1,1
155414,10,7,1,1,0,1,8,1,9,2,8,10
155414,10,7,2,1,0,0,7,1,7,1,7,8
155414,10,7,5,0,0,1,1,0,2,1,1,2
155414,11,8,1,0,2,4,3,2,7,4,5,9
155414,11,8,2,0,2,2,3,2,5,2,5,7
155414,11,8,5,0,0,2,0,0,2,2,0,2
155414,12,9,1,0,0,1,3,0,4,1,3,4
155414,12,9,2,0,0,1,3,0,4,1,3,4
155487,1,412,1,161,118,310,253,279,563,471,371,842
155487,1,112,2,161,118,310,253,279,563,471,371,842
155487,2,999,1,128,64,292,212,192,504,420,276,696
155487,2,999,2,128,64,292,212,192,504,420,276,696
155487,3,1,1,4,6,245,147,10,392,249,153,402
155487,3,1,2,4,6,245,147,10,392,249,153,402
155487,4,2,1,50,19,26,31,69,57,76,50,126
155487,4,2,2,50,19,26,31,69,57,76,50,126
155487,5,3,1,48,21,12,16,69,28,60,37,97
155487,5,3,2,48,21,12,16,69,28,60,37,97
155487,6,4,1,26,18,9,18,44,27,35,36,71
155487,6,4,2,26,18,9,18,44,27,35,36,71
155487,7,999,1,33,54,18,41,87,59,51,95,146
155487,7,999,2,33,54,18,41,87,59,51,95,146
155487,8,5,1,12,28,10,20,40,30,22,48,70
155487,8,5,2,12,28,10,20,40,30,22,48,70
155487,9,6,1,11,11,4,8,22,12,15,19,34
155487,9,6,2,11,11,4,8,22,12,15,19,34
155487,10,7,1,3,6,3,8,9,11,6,14,20
155487,10,7,2,3,6,3,8,9,11,6,14,20
155487,11,8,1,7,8,0,3,15,3,7,11,18
155487,11,8,2,7,8,0,3,15,3,7,11,18
155487,12,9,1,0,1,1,2,1,3,1,3,4
155487,12,9,2,0,1,1,2,1,3,1,3,4
155566,1,412,1,230,398,408,691,628,1099,638,1089,1727
155566,1,112,2,230,398,408,691,628,1099,638,1089,1727
155566,2,999,1,216,338,372,449,554,821,588,787,1375
155566,2,999,2,216,338,372,449,554,821,588,787,1375
155566,3,1,1,13,32,301,319,45,620,314,351,665
155566,3,1,2,13,32,301,319,45,620,314,351,665
155566,4,2,1,147,234,44,53,381,97,191,287,478
155566,4,2,2,147,234,44,53,381,97,191,287,478
155566,5,3,1,40,49,18,41,89,59,58,90,148
155566,5,3,2,40,49,18,41,89,59,58,90,148
155566,6,4,1,16,23,9,36,39,45,25,59,84
155566,6,4,2,16,23,9,36,39,45,25,59,84
155566,7,999,1,14,60,36,242,74,278,50,302,352
155566,7,999,2,14,60,36,242,74,278,50,302,352
155566,8,5,1,3,24,10,64,27,74,13,88,101
155566,8,5,2,3,24,10,64,27,74,13,88,101
155566,9,6,1,4,13,7,43,17,50,11,56,67
155566,9,6,2,4,13,7,43,17,50,11,56,67
155566,10,7,1,1,11,6,38,12,44,7,49,56
155566,10,7,2,1,11,6,38,12,44,7,49,56
155566,11,8,1,4,9,6,44,13,50,10,53,63
155566,11,8,2,4,9,6,44,13,50,10,53,63
155566,12,9,1,2,3,2,16,5,18,4,19,23
155566,12,9,2,2,3,2,16,5,18,4,19,23
155566,13,10,1,0,0,5,37,0,42,5,37,42
155566,13,10,2,0,0,5,37,0,42,5,37,42
155618,1,412,1,265,107,173,131,372,304,438,238,676
155618,1,112,2,265,107,173,131,372,304,438,238,676
155618,2,999,1,256,95,131,98,351,229,387,193,580
155618,2,999,2,256,95,131,98,351,229,387,193,580
155618,3,1,1,45,16,92,68,61,160,137,84,221
155618,3,1,2,45,16,92,68,61,160,137,84,221
155618,4,2,1,131,46,32,28,177,60,163,74,237
155618,4,2,2,131,46,32,28,177,60,163,74,237
155618,5,3,1,69,27,3,1,96,4,72,28,100
155618,5,3,2,69,27,3,1,96,4,72,28,100
155618,6,4,1,11,6,4,1,17,5,15,7,22
155618,6,4,2,11,6,4,1,17,5,15,7,22
155618,7,999,1,9,12,42,33,21,75,51,45,96
155618,7,999,2,9,12,42,33,21,75,51,45,96
155618,8,5,1,4,3,6,5,7,11,10,8,18
155618,8,5,2,4,3,6,5,7,11,10,8,18
155618,9,6,1,1,3,7,6,4,13,8,9,17
155618,9,6,2,1,3,7,6,4,13,8,9,17
155618,10,7,1,1,3,6,4,4,10,7,7,14
155618,10,7,2,1,3,6,4,4,10,7,7,14
155618,11,8,1,2,2,13,8,4,21,15,10,25
155618,11,8,2,2,2,13,8,4,21,15,10,25
155618,12,9,1,1,1,7,7,2,14,8,8,16
155618,12,9,2,1,1,7,7,2,14,8,8,16
155618,13,10,1,0,0,3,3,0,6,3,3,6
155618,13,10,2,0,0,3,3,0,6,3,3,6
155627,1,412,1,415,276,68,38,691,106,483,314,797
155627,1,112,2,405,272,31,12,677,43,436,284,720
155627,1,312,5,10,4,37,26,14,63,47,30,77
155627,2,999,1,401,272,50,27,673,77,451,299,750
155627,2,999,2,392,269,27,11,661,38,419,280,699
155627,2,999,5,9,3,23,16,12,39,32,19,51
155627,4,2,1,134,95,8,3,229,11,142,98,240
155627,4,2,2,134,95,8,3,229,11,142,98,240
155627,5,3,1,156,122,12,3,278,15,168,125,293
155627,5,3,2,156,122,12,3,278,15,168,125,293
155627,6,4,1,111,55,30,21,166,51,141,76,217
155627,6,4,2,102,52,7,5,154,12,109,57,166
155627,6,4,5,9,3,23,16,12,39,32,19,51
155627,7,999,1,14,4,18,11,18,29,32,15,47
155627,7,999,2,13,3,4,1,16,5,17,4,21
155627,7,999,5,1,1,14,10,2,24,15,11,26
155627,8,5,1,11,4,17,8,15,25,28,12,40
155627,8,5,2,10,3,4,0,13,4,14,3,17
155627,8,5,5,1,1,13,8,2,21,14,9,23
155627,9,6,1,1,0,1,2,1,3,2,2,4
155627,9,6,2,1,0,0,0,1,0,1,0,1
155627,9,6,5,0,0,1,2,0,3,1,2,3
155627,10,7,1,2,0,0,1,2,1,2,1,3
155627,10,7,2,2,0,0,1,2,1,2,1,3
155636,1,412,1,20,97,182,233,117,415,202,330,532
155636,1,112,2,16,78,34,129,94,163,50,207,257
155636,1,312,5,4,19,148,104,23,252,152,123,275
155636,2,999,1,5,21,3,23,26,26,8,44,52
155636,2,999,2,4,20,3,18,24,21,7,38,45
155636,2,999,5,1,1,0,5,2,5,1,6,7
155636,4,2,1,0,0,1,2,0,3,1,2,3
155636,4,2,2,0,0,1,2,0,3,1,2,3
155636,5,3,1,0,5,0,5,5,5,0,10,10
155636,5,3,2,0,5,0,5,5,5,0,10,10
155636,6,4,1,5,16,2,16,21,18,7,32,39
155636,6,4,2,4,15,2,11,19,13,6,26,32
155636,6,4,5,1,1,0,5,2,5,1,6,7
155636,7,999,1,15,76,179,210,91,389,194,286,480
155636,7,999,2,12,58,31,111,70,142,43,169,212
155636,7,999,5,3,18,148,99,21,247,151,117,268
155636,8,5,1,4,28,101,79,32,180,105,107,212
155636,8,5,2,3,21,9,23,24,32,12,44,56
155636,8,5,5,1,7,92,56,8,148,93,63,156
155636,9,6,1,4,16,49,62,20,111,53,78,131
155636,9,6,2,3,14,7,38,17,45,10,52,62
155636,9,6,5,1,2,42,24,3,66,43,26,69
155636,10,7,1,5,11,11,14,16,25,16,25,41
155636,10,7,2,4,8,3,9,12,12,7,17,24
155636,10,7,5,1,3,8,5,4,13,9,8,17
155636,11,8,1,1,18,12,38,19,50,13,56,69
155636,11,8,2,1,12,7,29,13,36,8,41,49
155636,11,8,5,0,6,5,9,6,14,5,15,20
155636,12,9,1,1,3,5,16,4,21,6,19,25
155636,12,9,2,1,3,4,11,4,15,5,14,19
155636,12,9,5,0,0,1,5,0,6,1,5,6
155636,13,10,1,0,0,1,1,0,2,1,1,2
155636,13,10,2,0,0,1,1,0,2,1,1,2
155715,1,412,1,333,225,221,385,558,606,554,610,1164
155715,1,112,2,333,225,221,385,558,606,554,610,1164
155715,2,999,1,316,185,186,200,501,386,502,385,887
155715,2,999,2,316,185,186,200,501,386,502,385,887
155715,3,1,1,2,5,88,106,7,194,90,111,201
155715,3,1,2,2,5,88,106,7,194,90,111,201
155715,4,2,1,185,114,67,48,299,115,252,162,414
155715,4,2,2,185,114,67,48,299,115,252,162,414
155715,5,3,1,114,51,20,22,165,42,134,73,207
155715,5,3,2,114,51,20,22,165,42,134,73,207
155715,6,4,1,15,15,11,24,30,35,26,39,65
155715,6,4,2,15,15,11,24,30,35,26,39,65
155715,7,999,1,17,40,35,185,57,220,52,225,277
155715,7,999,2,17,40,35,185,57,220,52,225,277
155715,8,5,1,7,11,6,47,18,53,13,58,71
155715,8,5,2,7,11,6,47,18,53,13,58,71
155715,9,6,1,7,7,7,42,14,49,14,49,63
155715,9,6,2,7,7,7,42,14,49,14,49,63
155715,10,7,1,1,13,6,28,14,34,7,41,48
155715,10,7,2,1,13,6,28,14,34,7,41,48
155715,11,8,1,1,5,9,49,6,58,10,54,64
155715,11,8,2,1,5,9,49,6,58,10,54,64
155715,12,9,1,1,4,4,17,5,21,5,21,26
155715,12,9,2,1,4,4,17,5,21,5,21,26
155715,13,10,1,0,0,3,2,0,5,3,2,5
155715,13,10,2,0,0,3,2,0,5,3,2,5
155812,1,412,1,440,491,107,191,931,298,547,682,1229
155812,1,112,2,366,366,28,50,732,78,394,416,810
155812,1,312,5,74,125,79,141,199,220,153,266,419
155812,2,999,1,387,401,35,57,788,92,422,458,880
155812,2,999,2,349,335,25,32,684,57,374,367,741
155812,2,999,5,38,66,10,25,104,35,48,91,139
155812,3,1,1,5,6,12,27,11,39,17,33,50
155812,3,1,2,5,6,12,27,11,39,17,33,50
155812,4,2,1,137,153,6,3,290,9,143,156,299
155812,4,2,2,137,153,6,3,290,9,143,156,299
155812,5,3,1,122,127,0,1,249,1,122,128,250
155812,5,3,2,121,126,0,1,247,1,121,127,248
155812,5,3,5,1,1,0,0,2,0,1,1,2
155812,6,4,1,123,115,17,26,238,43,140,141,281
155812,6,4,2,86,50,7,1,136,8,93,51,144
155812,6,4,5,37,65,10,25,102,35,47,90,137
155812,7,999,1,53,90,71,134,143,205,124,224,348
155812,7,999,2,17,31,2,18,48,20,19,49,68
155812,7,999,5,36,59,69,116,95,185,105,175,280
155812,8,5,1,37,44,24,40,81,64,61,84,145
155812,8,5,2,14,12,0,6,26,6,14,18,32
155812,8,5,5,23,32,24,34,55,58,47,66,113
155812,9,6,1,6,17,9,19,23,28,15,36,51
155812,9,6,2,1,6,0,2,7,2,1,8,9
155812,9,6,5,5,11,9,17,16,26,14,28,42
155812,10,7,1,2,15,16,31,17,47,18,46,64
155812,10,7,2,1,7,0,2,8,2,1,9,10
155812,10,7,5,1,8,16,29,9,45,17,37,54
155812,11,8,1,5,13,14,22,18,36,19,35,54
155812,11,8,2,1,6,1,7,7,8,2,13,15
155812,11,8,5,4,7,13,15,11,28,17,22,39
155812,12,9,1,3,1,7,21,4,28,10,22,32
155812,12,9,2,0,0,1,1,0,2,1,1,2
155812,12,9,5,3,1,6,20,4,26,9,21,30
155812,13,10,1,0,0,1,1,0,2,1,1,2
155812,13,10,5,0,0,1,1,0,2,1,1,2
155812,14,11,1,0,0,1,0,0,1,1,0,1
155812,14,11,2,0,0,1,0,0,1,1,0,1
155900,1,412,1,469,287,440,217,756,657,909,504,1413
155900,1,112,2,442,265,401,164,707,565,843,429,1272
155900,1,312,5,27,22,39,53,49,92,66,75,141
155900,2,999,1,396,238,32,23,634,55,428,261,689
155900,2,999,2,387,233,31,22,620,53,418,255,673
155900,2,999,5,9,5,1,1,14,2,10,6,16
155900,4,2,1,154,102,0,1,256,1,154,103,257
155900,4,2,2,154,102,0,1,256,1,154,103,257
155900,5,3,1,117,93,9,0,210,9,126,93,219
155900,5,3,2,117,93,9,0,210,9,126,93,219
155900,6,4,1,125,43,23,22,168,45,148,65,213
155900,6,4,2,116,38,22,21,154,43,138,59,197
155900,6,4,5,9,5,1,1,14,2,10,6,16
155900,7,999,1,73,49,408,194,122,602,481,243,724
155900,7,999,2,55,32,370,142,87,512,425,174,599
155900,7,999,5,18,17,38,52,35,90,56,69,125
155900,8,5,1,35,18,106,39,53,145,141,57,198
155900,8,5,2,27,12,99,33,39,132,126,45,171
155900,8,5,5,8,6,7,6,14,13,15,12,27
155900,9,6,1,13,13,122,45,26,167,135,58,193
155900,9,6,2,10,10,117,37,20,154,127,47,174
155900,9,6,5,3,3,5,8,6,13,8,11,19
155900,10,7,1,14,8,99,51,22,150,113,59,172
155900,10,7,2,11,5,91,40,16,131,102,45,147
155900,10,7,5,3,3,8,11,6,19,11,14,25
155900,11,8,1,11,8,65,45,19,110,76,53,129
155900,11,8,2,7,5,52,26,12,78,59,31,90
155900,11,8,5,4,3,13,19,7,32,17,22,39
155900,12,9,1,0,2,16,14,2,30,16,16,32
155900,12,9,2,0,0,11,6,0,17,11,6,17
155900,12,9,5,0,2,5,8,2,13,5,10,15
156082,1,412,1,1457,2338,763,1322,3795,2085,2220,3660,5880
156082,1,112,2,1264,2062,684,1060,3326,1744,1948,3122,5070
156082,1,312,5,193,276,79,262,469,341,272,538,810
156082,2,999,1,1182,1937,521,781,3119,1302,1703,2718,4421
156082,2,999,2,1096,1808,513,751,2904,1264,1609,2559,4168
156082,2,999,5,86,129,8,30,215,38,94,159,253
156082,3,1,1,4,17,280,472,21,752,284,489,773
156082,3,1,2,4,17,280,472,21,752,284,489,773
156082,4,2,1,384,695,72,73,1079,145,456,768,1224
156082,4,2,2,383,695,72,73,1078,145,455,768,1223
156082,4,2,5,1,0,0,0,1,0,1,0,1
156082,5,3,1,417,729,58,89,1146,147,475,818,1293
156082,5,3,2,411,724,58,87,1135,145,469,811,1280
156082,5,3,5,6,5,0,2,11,2,6,7,13
156082,6,4,1,377,496,111,147,873,258,488,643,1131
156082,6,4,2,298,372,103,119,670,222,401,491,892
156082,6,4,5,79,124,8,28,203,36,87,152,239
156082,7,999,1,275,401,242,541,676,783,517,942,1459
156082,7,999,2,168,254,171,309,422,480,339,563,902
156082,7,999,5,107,147,71,232,254,303,178,379,557
156082,8,5,1,156,195,89,164,351,253,245,359,604
156082,8,5,2,88,123,71,116,211,187,159,239,398
156082,8,5,5,68,72,18,48,140,66,86,120,206
156082,9,6,1,51,93,39,94,144,133,90,187,277
156082,9,6,2,32,63,31,53,95,84,63,116,179
156082,9,6,5,19,30,8,41,49,49,27,71,98
156082,10,7,1,30,49,31,95,79,126,61,144,205
156082,10,7,2,23,30,18,54,53,72,41,84,125
156082,10,7,5,7,19,13,41,26,54,20,60,80
156082,11,8,1,26,57,51,117,83,168,77,174,251
156082,11,8,2,20,32,30,57,52,87,50,89,139
156082,11,8,5,6,25,21,60,31,81,27,85,112
156082,12,9,1,11,7,29,66,18,95,40,73,113
156082,12,9,2,5,6,20,26,11,46,25,32,57
156082,12,9,5,6,1,9,40,7,49,15,41,56
156082,13,10,1,1,0,3,5,1,8,4,5,9
156082,13,10,2,0,0,1,3,0,4,1,3,4
156082,13,10,5,1,0,2,2,1,4,3,2,5
156125,1,412,1,4312,5509,2076,3102,9821,5178,6388,8611,14999
156125,1,112,2,3849,4737,1427,1933,8586,3360,5276,6670,11946
156125,1,312,5,463,772,649,1169,1235,1818,1112,1941,3053
156125,2,999,1,3523,4319,831,1134,7842,1965,4354,5453,9807
156125,2,999,2,3317,3926,748,1003,7243,1751,4065,4929,8994
156125,2,999,5,206,393,83,131,599,214,289,524,813
156125,3,1,1,20,24,70,201,44,271,90,225,315
156125,3,1,2,20,24,70,201,44,271,90,225,315
156125,4,2,1,1173,1562,105,170,2735,275,1278,1732,3010
156125,4,2,2,1173,1562,105,170,2735,275,1278,1732,3010
156125,5,3,1,1293,1567,208,248,2860,456,1501,1815,3316
156125,5,3,2,1285,1546,204,243,2831,447,1489,1789,3278
156125,5,3,5,8,21,4,5,29,9,12,26,38
156125,6,4,1,1037,1166,448,515,2203,963,1485,1681,3166
156125,6,4,2,839,794,369,389,1633,758,1208,1183,2391
156125,6,4,5,198,372,79,126,570,205,277,498,775
156125,7,999,1,789,1190,1244,1968,1979,3212,2033,3158,5191
156125,7,999,2,532,811,678,930,1343,1608,1210,1741,2951
156125,7,999,5,257,379,566,1038,636,1604,823,1417,2240
156125,8,5,1,476,596,523,603,1072,1126,999,1199,2198
156125,8,5,2,328,374,294,347,702,641,622,721,1343
156125,8,5,5,148,222,229,256,370,485,377,478,855
156125,9,6,1,163,250,293,364,413,657,456,614,1070
156125,9,6,2,110,176,165,172,286,337,275,348,623
156125,9,6,5,53,74,128,192,127,320,181,266,447
156125,10,7,1,80,146,167,320,226,487,247,466,713
156125,10,7,2,54,114,94,167,168,261,148,281,429
156125,10,7,5,26,32,73,153,58,226,99,185,284
156125,11,8,1,52,138,167,445,190,612,219,583,802
156125,11,8,2,27,104,88,181,131,269,115,285,400
156125,11,8,5,25,34,79,264,59,343,104,298,402
156125,12,9,1,17,58,82,221,75,303,99,279,378
156125,12,9,2,13,42,31,61,55,92,44,103,147
156125,12,9,5,4,16,51,160,20,211,55,176,231
156125,13,10,1,1,2,12,15,3,27,13,17,30
156125,13,10,2,0,1,6,2,1,8,6,3,9
156125,13,10,5,1,1,6,13,2,19,7,14,21
156125,14,11,1,0,0,1,0,0,1,1,0,1
156125,14,11,2,0,0,1,0,0,1,1,0,1
156213,1,412,1,523,749,177,292,1272,469,700,1041,1741
156213,1,112,2,505,735,89,163,1240,252,594,898,1492
156213,1,312,5,18,14,88,129,32,217,106,143,249
156213,2,999,1,472,630,38,81,1102,119,510,711,1221
156213,2,999,2,460,620,32,69,1080,101,492,689,1181
156213,2,999,5,12,10,6,12,22,18,18,22,40
156213,3,1,1,6,8,10,31,14,41,16,39,55
156213,3,1,2,6,8,10,31,14,41,16,39,55
156213,4,2,1,149,234,15,22,383,37,164,256,420
156213,4,2,2,149,234,15,22,383,37,164,256,420
156213,5,3,1,225,254,2,6,479,8,227,260,487
156213,5,3,2,225,253,2,6,478,8,227,259,486
156213,5,3,5,0,1,0,0,1,0,0,1,1
156213,6,4,1,92,134,11,22,226,33,103,156,259
156213,6,4,2,80,125,5,10,205,15,85,135,220
156213,6,4,5,12,9,6,12,21,18,18,21,39
156213,7,999,1,51,119,139,211,170,350,190,330,520
156213,7,999,2,45,115,57,94,160,151,102,209,311
156213,7,999,5,6,4,82,117,10,199,88,121,209
156213,8,5,1,20,37,24,56,57,80,44,93,137
156213,8,5,2,17,36,9,26,53,35,26,62,88
156213,8,5,5,3,1,15,30,4,45,18,31,49
156213,9,6,1,7,27,33,41,34,74,40,68,108
156213,9,6,2,6,27,16,19,33,35,22,46,68
156213,9,6,5,1,0,17,22,1,39,18,22,40
156213,10,7,1,8,21,22,35,29,57,30,56,86
156213,10,7,2,8,21,6,12,29,18,14,33,47
156213,10,7,5,0,0,16,23,0,39,16,23,39
156213,11,8,1,11,23,42,50,34,92,53,73,126
156213,11,8,2,10,22,15,22,32,37,25,44,69
156213,11,8,5,1,1,27,28,2,55,28,29,57
156213,12,9,1,5,11,18,27,16,45,23,38,61
156213,12,9,2,4,9,11,13,13,24,15,22,37
156213,12,9,5,1,2,7,14,3,21,8,16,24
156213,13,10,1,0,0,0,2,0,2,0,2,2
156213,13,10,2,0,0,0,2,0,2,0,2,2
156231,1,412,1,511,618,418,853,1129,1271,929,1471,2400
156231,1,112,2,511,618,418,853,1129,1271,929,1471,2400
156231,2,999,1,373,389,303,550,762,853,676,939,1615
156231,2,999,2,373,389,303,550,762,853,676,939,1615
156231,3,1,1,9,22,139,246,31,385,148,268,416
156231,3,1,2,9,22,139,246,31,385,148,268,416
156231,4,2,1,183,186,70,110,369,180,253,296,549
156231,4,2,2,183,186,70,110,369,180,253,296,549
156231,5,3,1,121,111,46,86,232,132,167,197,364
156231,5,3,2,121,111,46,86,232,132,167,197,364
156231,6,4,1,60,70,48,108,130,156,108,178,286
156231,6,4,2,60,70,48,108,130,156,108,178,286
156231,7,999,1,138,229,115,303,367,418,253,532,785
156231,7,999,2,138,229,115,303,367,418,253,532,785
156231,8,5,1,52,82,32,102,134,134,84,184,268
156231,8,5,2,52,82,32,102,134,134,84,184,268
156231,9,6,1,34,58,31,61,92,92,65,119,184
156231,9,6,2,34,58,31,61,92,92,65,119,184
156231,10,7,1,19,54,15,45,73,60,34,99,133
156231,10,7,2,19,54,15,45,73,60,34,99,133
156231,11,8,1,25,34,21,72,59,93,46,106,152
156231,11,8,2,25,34,21,72,59,93,46,106,152
156231,12,9,1,7,1,14,21,8,35,21,22,43
156231,12,9,2,7,1,14,21,8,35,21,22,43
156231,13,10,1,1,0,2,2,1,4,3,2,5
156231,13,10,2,1,0,2,2,1,4,3,2,5
156286,1,412,1,1017,1715,147,414,2732,561,1164,2129,3293
156286,1,112,2,863,1506,46,69,2369,115,909,1575,2484
156286,1,312,5,154,209,101,345,363,446,255,554,809
156286,2,999,1,875,1571,43,96,2446,139,918,1667,2585
156286,2,999,2,816,1438,29,45,2254,74,845,1483,2328
156286,2,999,5,59,133,14,51,192,65,73,184,257
156286,3,1,1,11,29,12,23,40,35,23,52,75
156286,3,1,2,11,29,12,23,40,35,23,52,75
156286,4,2,1,358,670,6,4,1028,10,364,674,1038
156286,4,2,2,358,670,6,4,1028,10,364,674,1038
156286,5,3,1,379,630,4,5,1009,9,383,635,1018
156286,5,3,2,377,624,2,5,1001,7,379,629,1008
156286,5,3,5,2,6,2,0,8,2,4,6,10
156286,6,4,1,127,242,21,64,369,85,148,306,454
156286,6,4,2,70,115,9,13,185,22,79,128,207
156286,6,4,5,57,127,12,51,184,63,69,178,247
156286,7,999,1,142,144,104,318,286,422,246,462,708
156286,7,999,2,47,68,17,24,115,41,64,92,156
156286,7,999,5,95,76,87,294,171,381,182,370,552
156286,8,5,1,83,95,34,109,178,143,117,204,321
156286,8,5,2,29,41,9,9,70,18,38,50,88
156286,8,5,5,54,54,25,100,108,125,79,154,233
156286,9,6,1,26,32,17,62,58,79,43,94,137
156286,9,6,2,7,20,4,5,27,9,11,25,36
156286,9,6,5,19,12,13,57,31,70,32,69,101
156286,10,7,1,15,4,19,48,19,67,34,52,86
156286,10,7,2,5,2,2,3,7,5,7,5,12
156286,10,7,5,10,2,17,45,12,62,27,47,74
156286,11,8,1,15,8,21,73,23,94,36,81,117
156286,11,8,2,5,2,1,5,7,6,6,7,13
156286,11,8,5,10,6,20,68,16,88,30,74,104
156286,12,9,1,3,5,13,25,8,38,16,30,46
156286,12,9,2,1,3,1,2,4,3,2,5,7
156286,12,9,5,2,2,12,23,4,35,14,25,39
156286,13,10,1,0,0,0,1,0,1,0,1,1
156286,13,10,5,0,0,0,1,0,1,0,1,1
156295,1,412,1,575,848,3,6,1423,9,578,854,1432
156295,1,112,2,575,848,3,6,1423,9,578,854,1432
156295,2,999,1,550,836,3,5,1386,8,553,841,1394
156295,2,999,2,550,836,3,5,1386,8,553,841,1394
156295,3,1,1,9,12,0,0,21,0,9,12,21
156295,3,1,2,9,12,0,0,21,0,9,12,21
156295,4,2,1,234,368,1,0,602,1,235,368,603
156295,4,2,2,234,368,1,0,602,1,235,368,603
156295,5,3,1,232,359,2,3,591,5,234,362,596
156295,5,3,2,232,359,2,3,591,5,234,362,596
156295,6,4,1,75,97,0,2,172,2,75,99,174
156295,6,4,2,75,97,0,2,172,2,75,99,174
156295,7,999,1,25,12,0,1,37,1,25,13,38
156295,7,999,2,25,12,0,1,37,1,25,13,38
156295,8,5,1,19,8,0,0,27,0,19,8,27
156295,8,5,2,19,8,0,0,27,0,19,8,27
156295,9,6,1,5,2,0,1,7,1,5,3,8
156295,9,6,2,5,2,0,1,7,1,5,3,8
156295,10,7,1,0,1,0,0,1,0,0,1,1
156295,10,7,2,0,1,0,0,1,0,0,1,1
156295,11,8,1,1,1,0,0,2,0,1,1,2
156295,11,8,2,1,1,0,0,2,0,1,1,2
156338,1,412,1,674,888,936,1639,1562,2575,1610,2527,4137
156338,1,112,2,674,888,936,1639,1562,2575,1610,2527,4137
156338,2,999,1,515,641,712,1242,1156,1954,1227,1883,3110
156338,2,999,2,515,641,712,1242,1156,1954,1227,1883,3110
156338,3,1,1,12,15,327,671,27,998,339,686,1025
156338,3,1,2,12,15,327,671,27,998,339,686,1025
156338,4,2,1,261,348,156,223,609,379,417,571,988
156338,4,2,2,261,348,156,223,609,379,417,571,988
156338,5,3,1,150,173,127,187,323,314,277,360,637
156338,5,3,2,150,173,127,187,323,314,277,360,637
156338,6,4,1,92,105,102,161,197,263,194,266,460
156338,6,4,2,92,105,102,161,197,263,194,266,460
156338,7,999,1,159,247,224,397,406,621,383,644,1027
156338,7,999,2,159,247,224,397,406,621,383,644,1027
156338,8,5,1,69,125,78,147,194,225,147,272,419
156338,8,5,2,69,125,78,147,194,225,147,272,419
156338,9,6,1,35,50,44,103,85,147,79,153,232
156338,9,6,2,35,50,44,103,85,147,79,153,232
156338,10,7,1,30,35,37,58,65,95,67,93,160
156338,10,7,2,30,35,37,58,65,95,67,93,160
156338,11,8,1,21,30,49,68,51,117,70,98,168
156338,11,8,2,21,30,49,68,51,117,70,98,168
156338,12,9,1,4,7,14,20,11,34,18,27,45
156338,12,9,2,4,7,14,20,11,34,18,27,45
156338,13,10,1,0,0,2,1,0,3,2,1,3
156338,13,10,2,0,0,2,1,0,3,2,1,3
156356,1,412,1,278,478,67,163,756,230,345,641,986
156356,1,112,2,272,439,58,124,711,182,330,563,893
156356,1,312,5,6,39,9,39,45,48,15,78,93
156356,2,999,1,243,326,33,50,569,83,276,376,652
156356,2,999,2,240,315,32,46,555,78,272,361,633
156356,2,999,5,3,11,1,4,14,5,4,15,19
156356,3,1,1,54,43,29,32,97,61,83,75,158
156356,3,1,2,54,43,29,32,97,61,83,75,158
156356,4,2,1,117,152,1,3,269,4,118,155,273
156356,4,2,2,117,152,1,3,269,4,118,155,273
156356,5,3,1,58,91,0,3,149,3,58,94,152
156356,5,3,2,58,90,0,3,148,3,58,93,151
156356,5,3,5,0,1,0,0,1,0,0,1,1
156356,6,4,1,14,40,3,12,54,15,17,52,69
156356,6,4,2,11,30,2,8,41,10,13,38,51
156356,6,4,5,3,10,1,4,13,5,4,14,18
156356,7,999,1,27,126,22,109,153,131,49,235,284
156356,7,999,2,24,98,16,74,122,90,40,172,212
156356,7,999,5,3,28,6,35,31,41,9,63,72
156356,8,5,1,8,50,5,19,58,24,13,69,82
156356,8,5,2,7,43,2,12,50,14,9,55,64
156356,8,5,5,1,7,3,7,8,10,4,14,18
156356,9,6,1,8,21,3,25,29,28,11,46,57
156356,9,6,2,8,16,2,15,24,17,10,31,41
156356,9,6,5,0,5,1,10,5,11,1,15,16
156356,10,7,1,4,30,7,20,34,27,11,50,61
156356,10,7,2,4,21,6,16,25,22,10,37,47
156356,10,7,5,0,9,1,4,9,5,1,13,14
156356,11,8,1,5,20,4,33,25,37,9,53,62
156356,11,8,2,3,14,3,22,17,25,6,36,42
156356,11,8,5,2,6,1,11,8,12,3,17,20
156356,12,9,1,2,5,1,11,7,12,3,16,19
156356,12,9,2,2,4,1,8,6,9,3,12,15
156356,12,9,5,0,1,0,3,1,3,0,4,4
156356,13,10,1,0,0,2,1,0,3,2,1,3
156356,13,10,2,0,0,2,1,0,3,2,1,3
156356,14,11,1,8,26,12,4,34,16,20,30,50
156356,14,11,2,8,26,10,4,34,14,18,30,48
156356,14,11,5,0,0,2,0,0,2,2,0,2
156365,1,412,1,5303,3795,1423,2250,9098,3673,6726,6045,12771
156365,1,112,2,1031,1464,1258,2041,2495,3299,2289,3505,5794
156365,1,312,5,4272,2331,165,209,6603,374,4437,2540,6977
156365,2,999,1,1011,1372,1216,1919,2383,3135,2227,3291,5518
156365,2,999,2,920,1171,1210,1900,2091,3110,2130,3071,5201
156365,2,999,5,91,201,6,19,292,25,97,220,317
156365,3,1,1,12,28,1037,1735,40,2772,1049,1763,2812
156365,3,1,2,12,28,1037,1735,40,2772,1049,1763,2812
156365,4,2,1,434,533,153,117,967,270,587,650,1237
156365,4,2,2,434,533,153,117,967,270,587,650,1237
156365,5,3,1,334,454,4,16,788,20,338,470,808
156365,5,3,2,332,442,4,16,774,20,336,458,794
156365,5,3,5,2,12,0,0,14,0,2,12,14
156365,6,4,1,231,357,22,51,588,73,253,408,661
156365,6,4,2,142,168,16,32,310,48,158,200,358
156365,6,4,5,89,189,6,19,278,25,95,208,303
156365,7,999,1,4291,2423,207,330,6714,537,4498,2753,7251
156365,7,999,2,111,293,48,140,404,188,159,433,592
156365,7,999,5,4180,2130,159,190,6310,349,4339,2320,6659
156365,8,5,1,2945,1404,81,112,4349,193,3026,1516,4542
156365,8,5,2,41,100,11,40,141,51,52,140,192
156365,8,5,5,2904,1304,70,72,4208,142,2974,1376,4350
156365,9,6,1,1062,472,61,73,1534,134,1123,545,1668
156365,9,6,2,27,66,10,31,93,41,37,97,134
156365,9,6,5,1035,406,51,42,1441,93,1086,448,1534
156365,10,7,1,160,213,22,48,373,70,182,261,443
156365,10,7,2,11,52,10,24,63,34,21,76,97
156365,10,7,5,149,161,12,24,310,36,161,185,346
156365,11,8,1,92,236,24,60,328,84,116,296,412
156365,11,8,2,25,60,10,25,85,35,35,85,120
156365,11,8,5,67,176,14,35,243,49,81,211,292
156365,12,9,1,25,95,16,31,120,47,41,126,167
156365,12,9,2,6,15,6,15,21,21,12,30,42
156365,12,9,5,19,80,10,16,99,26,29,96,125
156365,13,10,1,7,3,3,6,10,9,10,9,19
156365,13,10,2,1,0,1,5,1,6,2,5,7
156365,13,10,5,6,3,2,1,9,3,8,4,12
156365,14,11,1,1,0,0,1,1,1,1,1,2
156365,14,11,2,0,0,0,1,0,1,0,1,1
156365,14,11,5,1,0,0,0,1,0,1,0,1
156392,1,412,1,1867,2354,2133,3826,4221,5959,4000,6180,10180
156392,1,112,2,1867,2354,2133,3826,4221,5959,4000,6180,10180
156392,2,999,1,1379,1736,1360,2310,3115,3670,2739,4046,6785
156392,2,999,2,1379,1736,1360,2310,3115,3670,2739,4046,6785
156392,3,1,1,29,63,459,797,92,1256,488,860,1348
156392,3,1,2,29,63,459,797,92,1256,488,860,1348
156392,4,2,1,683,890,333,477,1573,810,1016,1367,2383
156392,4,2,2,683,890,333,477,1573,810,1016,1367,2383
156392,5,3,1,422,466,295,542,888,837,717,1008,1725
156392,5,3,2,422,466,295,542,888,837,717,1008,1725
156392,6,4,1,245,317,273,494,562,767,518,811,1329
156392,6,4,2,245,317,273,494,562,767,518,811,1329
156392,7,999,1,488,618,773,1516,1106,2289,1261,2134,3395
156392,7,999,2,488,618,773,1516,1106,2289,1261,2134,3395
156392,8,5,1,217,290,307,567,507,874,524,857,1381
156392,8,5,2,217,290,307,567,507,874,524,857,1381
156392,9,6,1,116,150,168,363,266,531,284,513,797
156392,9,6,2,116,150,168,363,266,531,284,513,797
156392,10,7,1,59,78,115,214,137,329,174,292,466
156392,10,7,2,59,78,115,214,137,329,174,292,466
156392,11,8,1,75,81,122,247,156,369,197,328,525
156392,11,8,2,75,81,122,247,156,369,197,328,525
156392,12,9,1,21,18,53,114,39,167,74,132,206
156392,12,9,2,21,18,53,114,39,167,74,132,206
156392,13,10,1,0,1,8,11,1,19,8,12,20
156392,13,10,2,0,1,8,11,1,19,8,12,20
156408,1,412,1,649,684,0,0,1333,0,649,684,1333
156408,1,112,2,649,684,0,0,1333,0,649,684,1333
156408,2,999,1,648,684,0,0,1332,0,648,684,1332
156408,2,999,2,648,684,0,0,1332,0,648,684,1332
156408,3,1,1,2,10,0,0,12,0,2,10,12
156408,3,1,2,2,10,0,0,12,0,2,10,12
156408,4,2,1,304,326,0,0,630,0,304,326,630
156408,4,2,2,304,326,0,0,630,0,304,326,630
156408,5,3,1,302,330,0,0,632,0,302,330,632
156408,5,3,2,302,330,0,0,632,0,302,330,632
156408,6,4,1,40,18,0,0,58,0,40,18,58
156408,6,4,2,40,18,0,0,58,0,40,18,58
156408,7,999,1,1,0,0,0,1,0,1,0,1
156408,7,999,2,1,0,0,0,1,0,1,0,1
156408,8,5,1,1,0,0,0,1,0,1,0,1
156408,8,5,2,1,0,0,0,1,0,1,0,1
156426,1,412,1,5,142,5,58,147,63,10,200,210
156426,1,112,2,5,142,5,58,147,63,10,200,210
156426,2,999,1,2,100,3,32,102,35,5,132,137
156426,2,999,2,2,100,3,32,102,35,5,132,137
156426,3,1,1,0,1,0,1,1,1,0,2,2
156426,3,1,2,0,1,0,1,1,1,0,2,2
156426,4,2,1,0,47,0,12,47,12,0,59,59
156426,4,2,2,0,47,0,12,47,12,0,59,59
156426,5,3,1,1,36,2,9,37,11,3,45,48
156426,5,3,2,1,36,2,9,37,11,3,45,48
156426,6,4,1,1,16,1,10,17,11,2,26,28
156426,6,4,2,1,16,1,10,17,11,2,26,28
156426,7,999,1,3,42,2,26,45,28,5,68,73
156426,7,999,2,3,42,2,26,45,28,5,68,73
156426,8,5,1,1,24,1,20,25,21,2,44,46
156426,8,5,2,1,24,1,20,25,21,2,44,46
156426,9,6,1,1,10,0,2,11,2,1,12,13
156426,9,6,2,1,10,0,2,11,2,1,12,13
156426,10,7,1,0,0,1,0,0,1,1,0,1
156426,10,7,2,0,0,1,0,0,1,1,0,1
156426,11,8,1,1,8,0,1,9,1,1,9,10
156426,11,8,2,1,8,0,1,9,1,1,9,10
156426,12,9,1,0,0,0,3,0,3,0,3,3
156426,12,9,2,0,0,0,3,0,3,0,3,3
156620,1,412,1,4122,6132,1690,2521,10254,4211,5812,8653,14465
156620,1,112,2,3936,5636,1150,1348,9572,2498,5086,6984,12070
156620,1,312,5,186,496,540,1173,682,1713,726,1669,2395
156620,2,999,1,3418,5329,668,963,8747,1631,4086,6292,10378
156620,2,999,2,3329,4995,617,823,8324,1440,3946,5818,9764
156620,2,999,5,89,334,51,140,423,191,140,474,614
156620,3,1,1,12,21,229,416,33,645,241,437,678
156620,3,1,2,12,21,229,416,33,645,241,437,678
156620,4,2,1,1286,2240,127,135,3526,262,1413,2375,3788
156620,4,2,2,1286,2240,127,135,3526,262,1413,2375,3788
156620,5,3,1,1316,1992,98,90,3308,188,1414,2082,3496
156620,5,3,2,1312,1970,97,85,3282,182,1409,2055,3464
156620,5,3,5,4,22,1,5,26,6,5,27,32
156620,6,4,1,804,1076,214,322,1880,536,1018,1398,2416
156620,6,4,2,719,764,164,187,1483,351,883,951,1834
156620,6,4,5,85,312,50,135,397,185,135,447,582
156620,7,999,1,704,803,1022,1558,1507,2580,1726,2361,4087
156620,7,999,2,607,641,533,525,1248,1058,1140,1166,2306
156620,7,999,5,97,162,489,1033,259,1522,586,1195,1781
156620,8,5,1,333,349,271,431,682,702,604,780,1384
156620,8,5,2,286,272,159,158,558,317,445,430,875
156620,8,5,5,47,77,112,273,124,385,159,350,509
156620,9,6,1,150,179,225,328,329,553,375,507,882
156620,9,6,2,125,147,111,123,272,234,236,270,506
156620,9,6,5,25,32,114,205,57,319,139,237,376
156620,10,7,1,107,115,182,279,222,461,289,394,683
156620,10,7,2,93,94,93,83,187,176,186,177,363
156620,10,7,5,14,21,89,196,35,285,103,217,320
156620,11,8,1,87,118,239,358,205,597,326,476,802
156620,11,8,2,81,95,124,108,176,232,205,203,408
156620,11,8,5,6,23,115,250,29,365,121,273,394
156620,12,9,1,26,40,101,146,66,247,127,186,313
156620,12,9,2,21,32,44,42,53,86,65,74,139
156620,12,9,5,5,8,57,104,13,161,62,112,174
156620,13,10,1,1,2,4,16,3,20,5,18,23
156620,13,10,2,1,1,2,11,2,13,3,12,15
156620,13,10,5,0,1,2,5,1,7,2,6,8
156648,1,412,1,942,1218,1653,2037,2160,3690,2595,3255,5850
156648,1,112,2,942,1218,1653,2037,2160,3690,2595,3255,5850
156648,2,999,1,740,929,801,1198,1669,1999,1541,2127,3668
156648,2,999,2,740,929,801,1198,1669,1999,1541,2127,3668
156648,3,1,1,110,193,317,522,303,839,427,715,1142
156648,3,1,2,110,193,317,522,303,839,427,715,1142
156648,4,2,1,393,450,177,247,843,424,570,697,1267
156648,4,2,2,393,450,177,247,843,424,570,697,1267
156648,5,3,1,165,177,173,235,342,408,338,412,750
156648,5,3,2,165,177,173,235,342,408,338,412,750
156648,6,4,1,72,109,134,194,181,328,206,303,509
156648,6,4,2,72,109,134,194,181,328,206,303,509
156648,7,999,1,202,289,852,839,491,1691,1054,1128,2182
156648,7,999,2,202,289,852,839,491,1691,1054,1128,2182
156648,8,5,1,73,112,166,242,185,408,239,354,593
156648,8,5,2,73,112,166,242,185,408,239,354,593
156648,9,6,1,55,69,143,143,124,286,198,212,410
156648,9,6,2,55,69,143,143,124,286,198,212,410
156648,10,7,1,27,45,122,140,72,262,149,185,334
156648,10,7,2,27,45,122,140,72,262,149,185,334
156648,11,8,1,28,48,184,166,76,350,212,214,426
156648,11,8,2,28,48,184,166,76,350,212,214,426
156648,12,9,1,18,14,192,122,32,314,210,136,346
156648,12,9,2,18,14,192,122,32,314,210,136,346
156648,13,10,1,1,1,45,26,2,71,46,27,73
156648,13,10,2,1,1,45,26,2,71,46,27,73
156727,1,412,1,114,1742,41,539,1856,580,155,2281,2436
156727,1,312,5,114,1742,41,539,1856,580,155,2281,2436
156727,2,999,1,0,21,1,1,21,2,1,22,23
156727,2,999,5,0,21,1,1,21,2,1,22,23
156727,5,3,1,0,1,0,0,1,0,0,1,1
156727,5,3,5,0,1,0,0,1,0,0,1,1
156727,6,4,1,0,20,1,1,20,2,1,21,22
156727,6,4,5,0,20,1,1,20,2,1,21,22
156727,7,999,1,114,1720,40,538,1834,578,154,2258,2412
156727,7,999,5,114,1720,40,538,1834,578,154,2258,2412
156727,8,5,1,17,320,1,52,337,53,18,372,390
156727,8,5,5,17,320,1,52,337,53,18,372,390
156727,9,6,1,25,432,6,129,457,135,31,561,592
156727,9,6,5,25,432,6,129,457,135,31,561,592
156727,10,7,1,24,384,10,123,408,133,34,507,541
156727,10,7,5,24,384,10,123,408,133,34,507,541
156727,11,8,1,34,428,13,161,462,174,47,589,636
156727,11,8,5,34,428,13,161,462,174,47,589,636
156727,12,9,1,14,152,10,73,166,83,24,225,249
156727,12,9,5,14,152,10,73,166,83,24,225,249
156727,13,10,1,0,4,0,0,4,0,0,4,4
156727,13,10,5,0,4,0,0,4,0,0,4,4
156727,14,11,1,0,1,0,0,1,0,0,1,1
156727,14,11,5,0,1,0,0,1,0,0,1,1
156790,1,412,1,395,583,768,884,978,1652,1163,1467,2630
156790,1,112,2,395,583,768,884,978,1652,1163,1467,2630
156790,2,999,1,269,394,395,590,663,985,664,984,1648
156790,2,999,2,269,394,395,590,663,985,664,984,1648
156790,3,1,1,15,41,213,379,56,592,228,420,648
156790,3,1,2,15,41,213,379,56,592,228,420,648
156790,4,2,1,154,199,79,75,353,154,233,274,507
156790,4,2,2,154,199,79,75,353,154,233,274,507
156790,5,3,1,66,98,46,68,164,114,112,166,278
156790,5,3,2,66,98,46,68,164,114,112,166,278
156790,6,4,1,34,56,57,68,90,125,91,124,215
156790,6,4,2,34,56,57,68,90,125,91,124,215
156790,7,999,1,126,189,373,294,315,667,499,483,982
156790,7,999,2,126,189,373,294,315,667,499,483,982
156790,8,5,1,38,62,53,88,100,141,91,150,241
156790,8,5,2,38,62,53,88,100,141,91,150,241
156790,9,6,1,27,46,57,61,73,118,84,107,191
156790,9,6,2,27,46,57,61,73,118,84,107,191
156790,10,7,1,25,35,38,41,60,79,63,76,139
156790,10,7,2,25,35,38,41,60,79,63,76,139
156790,11,8,1,30,37,72,60,67,132,102,97,199
156790,11,8,2,30,37,72,60,67,132,102,97,199
156790,12,9,1,5,8,98,36,13,134,103,44,147
156790,12,9,2,5,8,98,36,13,134,103,44,147
156790,13,10,1,1,1,55,8,2,63,56,9,65
156790,13,10,2,1,1,55,8,2,63,56,9,65
156842,1,412,1,10,130,4,63,140,67,14,193,207
156842,1,112,2,10,130,4,63,140,67,14,193,207
156842,2,999,1,5,98,2,51,103,53,7,149,156
156842,2,999,2,5,98,2,51,103,53,7,149,156
156842,3,1,1,0,3,0,0,3,0,0,3,3
156842,3,1,2,0,3,0,0,3,0,0,3,3
156842,4,2,1,2,41,0,16,43,16,2,57,59
156842,4,2,2,2,41,0,16,43,16,2,57,59
156842,5,3,1,2,32,1,25,34,26,3,57,60
156842,5,3,2,2,32,1,25,34,26,3,57,60
156842,6,4,1,1,22,1,10,23,11,2,32,34
156842,6,4,2,1,22,1,10,23,11,2,32,34
156842,7,999,1,5,32,2,12,37,14,7,44,51
156842,7,999,2,5,32,2,12,37,14,7,44,51
156842,8,5,1,4,19,1,7,23,8,5,26,31
156842,8,5,2,4,19,1,7,23,8,5,26,31
156842,9,6,1,0,8,1,3,8,4,1,11,12
156842,9,6,2,0,8,1,3,8,4,1,11,12
156842,10,7,1,1,3,0,2,4,2,1,5,6
156842,10,7,2,1,3,0,2,4,2,1,5,6
156842,11,8,1,0,2,0,0,2,0,0,2,2
156842,11,8,2,0,2,0,0,2,0,0,2,2
156851,1,412,1,124,298,223,686,422,909,347,984,1331
156851,1,112,2,124,298,223,686,422,909,347,984,1331
156851,2,999,1,102,233,168,481,335,649,270,714,984
156851,2,999,2,102,233,168,481,335,649,270,714,984
156851,3,1,1,8,23,102,290,31,392,110,313,423
156851,3,1,2,8,23,102,290,31,392,110,313,423
156851,4,2,1,54,137,34,67,191,101,88,204,292
156851,4,2,2,54,137,34,67,191,101,88,204,292
156851,5,3,1,27,59,20,60,86,80,47,119,166
156851,5,3,2,27,59,20,60,86,80,47,119,166
156851,6,4,1,13,14,12,64,27,76,25,78,103
156851,6,4,2,13,14,12,64,27,76,25,78,103
156851,7,999,1,22,65,55,205,87,260,77,270,347
156851,7,999,2,22,65,55,205,87,260,77,270,347
156851,8,5,1,7,38,11,78,45,89,18,116,134
156851,8,5,2,7,38,11,78,45,89,18,116,134
156851,9,6,1,6,13,14,50,19,64,20,63,83
156851,9,6,2,6,13,14,50,19,64,20,63,83
156851,10,7,1,5,6,4,24,11,28,9,30,39
156851,10,7,2,5,6,4,24,11,28,9,30,39
156851,11,8,1,4,7,18,32,11,50,22,39,61
156851,11,8,2,4,7,18,32,11,50,22,39,61
156851,12,9,1,0,1,7,17,1,24,7,18,25
156851,12,9,2,0,1,7,17,1,24,7,18,25
156851,13,10,1,0,0,1,4,0,5,1,4,5
156851,13,10,2,0,0,1,4,0,5,1,4,5
156860,1,412,1,213,535,417,911,748,1328,630,1446,2076
156860,1,112,2,213,535,417,911,748,1328,630,1446,2076
156860,2,999,1,136,306,264,522,442,786,400,828,1228
156860,2,999,2,136,306,264,522,442,786,400,828,1228
156860,3,1,1,4,17,109,210,21,319,113,227,340
156860,3,1,2,4,17,109,210,21,319,113,227,340
156860,4,2,1,80,165,49,73,245,122,129,238,367
156860,4,2,2,80,165,49,73,245,122,129,238,367
156860,5,3,1,29,60,55,95,89,150,84,155,239
156860,5,3,2,29,60,55,95,89,150,84,155,239
156860,6,4,1,23,64,51,144,87,195,74,208,282
156860,6,4,2,23,64,51,144,87,195,74,208,282
156860,7,999,1,77,229,153,389,306,542,230,618,848
156860,7,999,2,77,229,153,389,306,542,230,618,848
156860,8,5,1,29,91,60,156,120,216,89,247,336
156860,8,5,2,29,91,60,156,120,216,89,247,336
156860,9,6,1,20,60,28,101,80,129,48,161,209
156860,9,6,2,20,60,28,101,80,129,48,161,209
156860,10,7,1,12,38,19,54,50,73,31,92,123
156860,10,7,2,12,38,19,54,50,73,31,92,123
156860,11,8,1,13,31,29,60,44,89,42,91,133
156860,11,8,2,13,31,29,60,44,89,42,91,133
156860,12,9,1,2,9,17,15,11,32,19,24,43
156860,12,9,2,2,9,17,15,11,32,19,24,43
156860,13,10,1,1,0,0,3,1,3,1,3,4
156860,13,10,2,1,0,0,3,1,3,1,3,4
156921,1,412,1,1341,1790,3611,5454,3131,9065,4952,7244,12196
156921,1,112,2,1341,1790,3611,5454,3131,9065,4952,7244,12196
156921,2,999,1,999,1336,2586,3924,2335,6510,3585,5260,8845
156921,2,999,2,999,1336,2586,3924,2335,6510,3585,5260,8845
156921,3,1,1,58,136,1264,2119,194,3383,1322,2255,3577
156921,3,1,2,58,136,1264,2119,194,3383,1322,2255,3577
156921,4,2,1,441,617,527,678,1058,1205,968,1295,2263
156921,4,2,2,441,617,527,678,1058,1205,968,1295,2263
156921,5,3,1,283,349,432,571,632,1003,715,920,1635
156921,5,3,2,283,349,432,571,632,1003,715,920,1635
156921,6,4,1,217,234,363,556,451,919,580,790,1370
156921,6,4,2,217,234,363,556,451,919,580,790,1370
156921,7,999,1,342,454,1025,1529,796,2554,1367,1983,3350
156921,7,999,2,342,454,1025,1529,796,2554,1367,1983,3350
156921,8,5,1,158,223,341,580,381,921,499,803,1302
156921,8,5,2,158,223,341,580,381,921,499,803,1302
156921,9,6,1,83,101,236,347,184,583,319,448,767
156921,9,6,2,83,101,236,347,184,583,319,448,767
156921,10,7,1,38,55,139,206,93,345,177,261,438
156921,10,7,2,38,55,139,206,93,345,177,261,438
156921,11,8,1,39,54,196,252,93,448,235,306,541
156921,11,8,2,39,54,196,252,93,448,235,306,541
156921,12,9,1,23,21,98,132,44,230,121,153,274
156921,12,9,2,23,21,98,132,44,230,121,153,274
156921,13,10,1,1,0,15,12,1,27,16,12,28
156921,13,10,2,1,0,15,12,1,27,16,12,28
156921,14,11,1,0,0,0,1,0,1,0,1,1
156921,14,11,2,0,0,0,1,0,1,0,1,1
157030,1,412,1,23,24,26,14,47,40,49,38,87
157030,1,112,2,23,24,26,14,47,40,49,38,87
157030,2,999,1,22,22,7,7,44,14,29,29,58
157030,2,999,2,22,22,7,7,44,14,29,29,58
157030,3,1,1,0,1,0,1,1,1,0,2,2
157030,3,1,2,0,1,0,1,1,1,0,2,2
157030,4,2,1,7,4,3,0,11,3,10,4,14
157030,4,2,2,7,4,3,0,11,3,10,4,14
157030,5,3,1,10,13,0,1,23,1,10,14,24
157030,5,3,2,10,13,0,1,23,1,10,14,24
157030,6,4,1,5,4,4,5,9,9,9,9,18
157030,6,4,2,5,4,4,5,9,9,9,9,18
157030,7,999,1,1,1,18,7,2,25,19,8,27
157030,7,999,2,1,1,18,7,2,25,19,8,27
157030,8,5,1,0,1,1,0,1,1,1,1,2
157030,8,5,2,0,1,1,0,1,1,1,1,2
157030,9,6,1,1,0,5,2,1,7,6,2,8
157030,9,6,2,1,0,5,2,1,7,6,2,8
157030,10,7,1,0,0,2,2,0,4,2,2,4
157030,10,7,2,0,0,2,2,0,4,2,2,4
157030,11,8,1,0,0,4,2,0,6,4,2,6
157030,11,8,2,0,0,4,2,0,6,4,2,6
157030,12,9,1,0,0,3,1,0,4,3,1,4
157030,12,9,2,0,0,3,1,0,4,3,1,4
157030,13,10,1,0,0,3,0,0,3,3,0,3
157030,13,10,2,0,0,3,0,0,3,3,0,3
157030,14,11,1,0,1,1,0,1,1,1,1,2
157030,14,11,2,0,1,1,0,1,1,1,1,2
157058,1,412,1,619,847,331,493,1466,824,950,1340,2290
157058,1,112,2,582,811,298,457,1393,755,880,1268,2148
157058,1,312,5,37,36,33,36,73,69,70,72,142
157058,2,999,1,556,777,281,417,1333,698,837,1194,2031
157058,2,999,2,546,771,273,412,1317,685,819,1183,2002
157058,2,999,5,10,6,8,5,16,13,18,11,29
157058,3,1,1,8,16,140,234,24,374,148,250,398
157058,3,1,2,8,16,140,234,24,374,148,250,398
157058,4,2,1,242,422,75,126,664,201,317,548,865
157058,4,2,2,242,422,75,126,664,201,317,548,865
157058,5,3,1,199,251,36,27,450,63,235,278,513
157058,5,3,2,199,250,36,27,449,63,235,277,512
157058,5,3,5,0,1,0,0,1,0,0,1,1
157058,6,4,1,107,88,30,30,195,60,137,118,255
157058,6,4,2,97,83,22,25,180,47,119,108,227
157058,6,4,5,10,5,8,5,15,13,18,10,28
157058,7,999,1,63,70,50,76,133,126,113,146,259
157058,7,999,2,36,40,25,45,76,70,61,85,146
157058,7,999,5,27,30,25,31,57,56,52,61,113
157058,8,5,1,43,31,21,27,74,48,64,58,122
157058,8,5,2,24,16,14,17,40,31,38,33,71
157058,8,5,5,19,15,7,10,34,17,26,25,51
157058,9,6,1,9,15,5,18,24,23,14,33,47
157058,9,6,2,4,10,2,13,14,15,6,23,29
157058,9,6,5,5,5,3,5,10,8,8,10,18
157058,10,7,1,6,8,6,15,14,21,12,23,35
157058,10,7,2,5,6,2,9,11,11,7,15,22
157058,10,7,5,1,2,4,6,3,10,5,8,13
157058,11,8,1,3,14,13,10,17,23,16,24,40
157058,11,8,2,1,7,5,5,8,10,6,12,18
157058,11,8,5,2,7,8,5,9,13,10,12,22
157058,12,9,1,2,2,5,6,4,11,7,8,15
157058,12,9,2,2,1,2,1,3,3,4,2,6
157058,12,9,5,0,1,3,5,1,8,3,6,9
157076,1,412,1,406,409,36,36,815,72,442,445,887
157076,1,112,2,406,409,36,36,815,72,442,445,887
157076,2,999,1,397,386,34,27,783,61,431,413,844
157076,2,999,2,397,386,34,27,783,61,431,413,844
157076,3,1,1,3,4,22,16,7,38,25,20,45
157076,3,1,2,3,4,22,16,7,38,25,20,45
157076,4,2,1,191,195,3,1,386,4,194,196,390
157076,4,2,2,191,195,3,1,386,4,194,196,390
157076,5,3,1,152,150,1,2,302,3,153,152,305
157076,5,3,2,152,150,1,2,302,3,153,152,305
157076,6,4,1,51,37,8,8,88,16,59,45,104
157076,6,4,2,51,37,8,8,88,16,59,45,104
157076,7,999,1,8,23,2,9,31,11,10,32,42
157076,7,999,2,8,23,2,9,31,11,10,32,42
157076,8,5,1,6,13,0,2,19,2,6,15,21
157076,8,5,2,6,13,0,2,19,2,6,15,21
157076,9,6,1,1,5,1,1,6,2,2,6,8
157076,9,6,2,1,5,1,1,6,2,2,6,8
157076,10,7,1,0,1,0,2,1,2,0,3,3
157076,10,7,2,0,1,0,2,1,2,0,3,3
157076,11,8,1,1,3,0,4,4,4,1,7,8
157076,11,8,2,1,3,0,4,4,4,1,7,8
157076,12,9,1,0,1,0,0,1,0,0,1,1
157076,12,9,2,0,1,0,0,1,0,0,1,1
157076,13,10,1,0,0,1,0,0,1,1,0,1
157076,13,10,2,0,0,1,0,0,1,1,0,1
157076,14,11,1,1,0,0,0,1,0,1,0,1
157076,14,11,2,1,0,0,0,1,0,1,0,1
157085,1,412,1,11252,14992,1484,2258,26244,3742,12736,17250,29986
157085,1,112,2,8688,11551,942,1046,20239,1988,9630,12597,22227
157085,1,312,5,2564,3441,542,1212,6005,1754,3106,4653,7759
157085,2,999,1,9290,12820,688,739,22110,1427,9978,13559,23537
157085,2,999,2,8320,11280,619,573,19600,1192,8939,11853,20792
157085,2,999,5,970,1540,69,166,2510,235,1039,1706,2745
157085,3,1,1,21,61,79,114,82,193,100,175,275
157085,3,1,2,21,61,79,114,82,193,100,175,275
157085,4,2,1,3468,5210,137,108,8678,245,3605,5318,8923
157085,4,2,2,3468,5207,137,108,8675,245,3605,5315,8920
157085,4,2,5,0,3,0,0,3,0,0,3,3
157085,5,3,1,3530,4991,162,142,8521,304,3692,5133,8825
157085,5,3,2,3485,4880,161,139,8365,300,3646,5019,8665
157085,5,3,5,45,111,1,3,156,4,46,114,160
157085,6,4,1,2271,2558,310,375,4829,685,2581,2933,5514
157085,6,4,2,1346,1132,242,212,2478,454,1588,1344,2932
157085,6,4,5,925,1426,68,163,2351,231,993,1589,2582
157085,7,999,1,1962,2172,796,1519,4134,2315,2758,3691,6449
157085,7,999,2,368,271,323,473,639,796,691,744,1435
157085,7,999,5,1594,1901,473,1046,3495,1519,2067,2947,5014
157085,8,5,1,1123,1249,260,464,2372,724,1383,1713,3096
157085,8,5,2,235,161,130,148,396,278,365,309,674
157085,8,5,5,888,1088,130,316,1976,446,1018,1404,2422
157085,9,6,1,467,433,166,323,900,489,633,756,1389
157085,9,6,2,85,46,66,101,131,167,151,147,298
157085,9,6,5,382,387,100,222,769,322,482,609,1091
157085,10,7,1,180,200,116,241,380,357,296,441,737
157085,10,7,2,24,28,33,63,52,96,57,91,148
157085,10,7,5,156,172,83,178,328,261,239,350,589
157085,11,8,1,151,204,151,306,355,457,302,510,812
157085,11,8,2,18,27,43,93,45,136,61,120,181
157085,11,8,5,133,177,108,213,310,321,241,390,631
157085,12,9,1,32,79,69,159,111,228,101,238,339
157085,12,9,2,3,6,26,55,9,81,29,61,90
157085,12,9,5,29,73,43,104,102,147,72,177,249
157085,13,10,1,9,7,34,26,16,60,43,33,76
157085,13,10,2,3,3,25,13,6,38,28,16,44
157085,13,10,5,6,4,9,13,10,22,15,17,32
157207,1,412,1,2,1,35,50,3,85,37,51,88
157207,1,312,5,2,1,35,50,3,85,37,51,88
157207,2,999,1,0,0,0,1,0,1,0,1,1
157207,2,999,5,0,0,0,1,0,1,0,1,1
157207,5,3,1,0,0,0,1,0,1,0,1,1
157207,5,3,5,0,0,0,1,0,1,0,1,1
157207,7,999,1,2,1,35,49,3,84,37,50,87
157207,7,999,5,2,1,35,49,3,84,37,50,87
157207,8,5,1,0,0,3,2,0,5,3,2,5
157207,8,5,5,0,0,3,2,0,5,3,2,5
157207,9,6,1,1,0,4,1,1,5,5,1,6
157207,9,6,5,1,0,4,1,1,5,5,1,6
157207,10,7,1,0,0,5,4,0,9,5,4,9
157207,10,7,5,0,0,5,4,0,9,5,4,9
157207,11,8,1,0,0,5,14,0,19,5,14,19
157207,11,8,5,0,0,5,14,0,19,5,14,19
157207,12,9,1,1,1,12,22,2,34,13,23,36
157207,12,9,5,1,1,12,22,2,34,13,23,36
157207,13,10,1,0,0,6,6,0,12,6,6,12
157207,13,10,5,0,0,6,6,0,12,6,6,12
157216,1,412,1,897,1570,85,212,2467,297,982,1782,2764
157216,1,112,2,715,1081,49,129,1796,178,764,1210,1974
157216,1,312,5,182,489,36,83,671,119,218,572,790
157216,2,999,1,699,972,35,78,1671,113,734,1050,1784
157216,2,999,2,677,892,33,70,1569,103,710,962,1672
157216,2,999,5,22,80,2,8,102,10,24,88,112
157216,3,1,1,12,13,20,44,25,64,32,57,89
157216,3,1,2,12,13,20,44,25,64,32,57,89
157216,4,2,1,331,423,4,6,754,10,335,429,764
157216,4,2,2,331,423,4,6,754,10,335,429,764
157216,5,3,1,249,367,1,5,616,6,250,372,622
157216,5,3,2,248,366,1,5,614,6,249,371,620
157216,5,3,5,1,1,0,0,2,0,1,1,2
157216,6,4,1,107,169,10,23,276,33,117,192,309
157216,6,4,2,86,90,8,15,176,23,94,105,199
157216,6,4,5,21,79,2,8,100,10,23,87,110
157216,7,999,1,166,469,28,103,635,131,194,572,766
157216,7,999,2,28,149,12,45,177,57,40,194,234
157216,7,999,5,138,320,16,58,458,74,154,378,532
157216,8,5,1,76,193,11,30,269,41,87,223,310
157216,8,5,2,11,63,6,13,74,19,17,76,93
157216,8,5,5,65,130,5,17,195,22,70,147,217
157216,9,6,1,51,128,7,29,179,36,58,157,215
157216,9,6,2,7,42,3,15,49,18,10,57,67
157216,9,6,5,44,86,4,14,130,18,48,100,148
157216,10,7,1,23,103,7,22,126,29,30,125,155
157216,10,7,2,7,35,3,11,42,14,10,46,56
157216,10,7,5,16,68,4,11,84,15,20,79,99
157216,12,9,1,15,42,3,21,57,24,18,63,81
157216,12,9,2,3,7,0,6,10,6,3,13,16
157216,12,9,5,12,35,3,15,47,18,15,50,65
157216,13,10,1,1,3,0,1,4,1,1,4,5
157216,13,10,2,0,2,0,0,2,0,0,2,2
157216,13,10,5,1,1,0,1,2,1,1,2,3
157216,14,11,1,32,129,22,31,161,53,54,160,214
157216,14,11,2,10,40,4,14,50,18,14,54,68
157216,14,11,5,22,89,18,17,111,35,40,106,146
157289,1,412,1,7157,8752,2904,3398,15909,6302,10061,12150,22211
157289,1,112,2,5176,6422,1972,2357,11598,4329,7148,8779,15927
157289,1,312,5,1981,2330,932,1041,4311,1973,2913,3371,6284
157289,2,999,1,5391,6849,1501,1896,12240,3397,6892,8745,15637
157289,2,999,2,4718,5900,1364,1716,10618,3080,6082,7616,13698
157289,2,999,5,673,949,137,180,1622,317,810,1129,1939
157289,3,1,1,28,54,346,759,82,1105,374,813,1187
157289,3,1,2,28,54,346,759,82,1105,374,813,1187
157289,4,2,1,1998,2363,235,317,4361,552,2233,2680,4913
157289,4,2,2,1998,2363,235,317,4361,552,2233,2680,4913
157289,5,3,1,1861,2511,383,297,4372,680,2244,2808,5052
157289,5,3,2,1843,2473,383,291,4316,674,2226,2764,4990
157289,5,3,5,18,38,0,6,56,6,18,44,62
157289,6,4,1,1504,1921,537,523,3425,1060,2041,2444,4485
157289,6,4,2,849,1010,400,349,1859,749,1249,1359,2608
157289,6,4,5,655,911,137,174,1566,311,792,1085,1877
157289,7,999,1,1766,1903,1403,1502,3669,2905,3169,3405,6574
157289,7,999,2,458,522,608,641,980,1249,1066,1163,2229
157289,7,999,5,1308,1381,795,861,2689,1656,2103,2242,4345
157289,8,5,1,952,1054,484,521,2006,1005,1436,1575,3011
157289,8,5,2,257,284,236,232,541,468,493,516,1009
157289,8,5,5,695,770,248,289,1465,537,943,1059,2002
157289,9,6,1,377,390,291,301,767,592,668,691,1359
157289,9,6,2,89,109,107,121,198,228,196,230,426
157289,9,6,5,288,281,184,180,569,364,472,461,933
157289,10,7,1,185,200,236,214,385,450,421,414,835
157289,10,7,2,45,60,83,84,105,167,128,144,272
157289,10,7,5,140,140,153,130,280,283,293,270,563
157289,11,8,1,186,198,250,286,384,536,436,484,920
157289,11,8,2,49,57,96,106,106,202,145,163,308
157289,11,8,5,137,141,154,180,278,334,291,321,612
157289,12,9,1,63,57,91,125,120,216,154,182,336
157289,12,9,2,17,11,43,48,28,91,60,59,119
157289,12,9,5,46,46,48,77,92,125,94,123,217
157289,13,10,1,3,4,51,55,7,106,54,59,113
157289,13,10,2,1,1,43,50,2,93,44,51,95
157289,13,10,5,2,3,8,5,5,13,10,8,18
157304,1,412,1,341,678,799,1286,1019,2085,1140,1964,3104
157304,1,112,2,341,678,799,1286,1019,2085,1140,1964,3104
157304,2,999,1,259,466,545,817,725,1362,804,1283,2087
157304,2,999,2,259,466,545,817,725,1362,804,1283,2087
157304,3,1,1,33,93,359,450,126,809,392,543,935
157304,3,1,2,33,93,359,450,126,809,392,543,935
157304,4,2,1,148,225,107,130,373,237,255,355,610
157304,4,2,2,148,225,107,130,373,237,255,355,610
157304,5,3,1,53,87,45,121,140,166,98,208,306
157304,5,3,2,53,87,45,121,140,166,98,208,306
157304,6,4,1,25,61,34,116,86,150,59,177,236
157304,6,4,2,25,61,34,116,86,150,59,177,236
157304,7,999,1,82,212,253,468,294,721,335,680,1015
157304,7,999,2,82,212,253,468,294,721,335,680,1015
157304,8,5,1,28,82,51,141,110,192,79,223,302
157304,8,5,2,28,82,51,141,110,192,79,223,302
157304,9,6,1,26,48,40,120,74,160,66,168,234
157304,9,6,2,26,48,40,120,74,160,66,168,234
157304,10,7,1,15,30,51,80,45,131,66,110,176
157304,10,7,2,15,30,51,80,45,131,66,110,176
157304,11,8,1,9,46,63,96,55,159,72,142,214
157304,11,8,2,9,46,63,96,55,159,72,142,214
157304,12,9,1,4,6,42,31,10,73,46,37,83
157304,12,9,2,4,6,42,31,10,73,46,37,83
157304,13,10,1,0,0,6,0,0,6,6,0,6
157304,13,10,2,0,0,6,0,0,6,6,0,6
157304,14,11,1,0,0,1,1,0,2,1,1,2
157304,14,11,2,0,0,1,1,0,2,1,1,2
157331,1,412,1,463,723,739,1521,1186,2260,1202,2244,3446
157331,1,112,2,463,723,739,1521,1186,2260,1202,2244,3446
157331,2,999,1,329,506,617,1074,835,1691,946,1580,2526
157331,2,999,2,329,506,617,1074,835,1691,946,1580,2526
157331,3,1,1,26,32,421,679,58,1100,447,711,1158
157331,3,1,2,26,32,421,679,58,1100,447,711,1158
157331,4,2,1,186,275,96,155,461,251,282,430,712
157331,4,2,2,186,275,96,155,461,251,282,430,712
157331,5,3,1,78,115,64,128,193,192,142,243,385
157331,5,3,2,78,115,64,128,193,192,142,243,385
157331,6,4,1,39,84,36,112,123,148,75,196,271
157331,6,4,2,39,84,36,112,123,148,75,196,271
157331,7,999,1,134,217,122,447,351,569,256,664,920
157331,7,999,2,134,217,122,447,351,569,256,664,920
157331,8,5,1,38,81,43,165,119,208,81,246,327
157331,8,5,2,38,81,43,165,119,208,81,246,327
157331,9,6,1,30,60,22,106,90,128,52,166,218
157331,9,6,2,30,60,22,106,90,128,52,166,218
157331,10,7,1,27,29,13,59,56,72,40,88,128
157331,10,7,2,27,29,13,59,56,72,40,88,128
157331,11,8,1,31,32,28,84,63,112,59,116,175
157331,11,8,2,31,32,28,84,63,112,59,116,175
157331,12,9,1,7,15,11,26,22,37,18,41,59
157331,12,9,2,7,15,11,26,22,37,18,41,59
157331,13,10,1,1,0,5,7,1,12,6,7,13
157331,13,10,2,1,0,5,7,1,12,6,7,13
157386,1,412,1,2151,3337,1438,2378,5488,3816,3589,5715,9304
157386,1,112,2,2077,3222,1268,2051,5299,3319,3345,5273,8618
157386,1,312,5,74,115,170,327,189,497,244,442,686
157386,2,999,1,1970,3012,1167,1819,4982,2986,3137,4831,7968
157386,2,999,2,1936,2963,1148,1786,4899,2934,3084,4749,7833
157386,2,999,5,34,49,19,33,83,52,53,82,135
157386,3,1,1,84,113,840,1417,197,2257,924,1530,2454
157386,3,1,2,84,113,840,1417,197,2257,924,1530,2454
157386,4,2,1,756,1225,220,226,1981,446,976,1451,2427
157386,4,2,2,756,1225,220,225,1981,445,976,1450,2426
157386,4,2,5,0,0,0,1,0,1,0,1,1
157386,5,3,1,747,1223,29,58,1970,87,776,1281,2057
157386,5,3,2,746,1215,29,57,1961,86,775,1272,2047
157386,5,3,5,1,8,0,1,9,1,1,9,10
157386,6,4,1,383,451,78,118,834,196,461,569,1030
157386,6,4,2,350,410,59,87,760,146,409,497,906
157386,6,4,5,33,41,19,31,74,50,52,72,124
157386,7,999,1,181,325,271,559,506,830,452,884,1336
157386,7,999,2,141,259,120,265,400,385,261,524,785
157386,7,999,5,40,66,151,294,106,445,191,360,551
157386,8,5,1,94,119,71,150,213,221,165,269,434
157386,8,5,2,73,96,40,90,169,130,113,186,299
157386,8,5,5,21,23,31,60,44,91,52,83,135
157386,9,6,1,37,76,48,97,113,145,85,173,258
157386,9,6,2,29,59,14,53,88,67,43,112,155
157386,9,6,5,8,17,34,44,25,78,42,61,103
157386,10,7,1,20,53,41,87,73,128,61,140,201
157386,10,7,2,15,43,17,34,58,51,32,77,109
157386,10,7,5,5,10,24,53,15,77,29,63,92
157386,11,8,1,21,54,66,150,75,216,87,204,291
157386,11,8,2,17,45,30,52,62,82,47,97,144
157386,11,8,5,4,9,36,98,13,134,40,107,147
157386,12,9,1,8,20,33,61,28,94,41,81,122
157386,12,9,2,6,13,10,26,19,36,16,39,55
157386,12,9,5,2,7,23,35,9,58,25,42,67
157386,13,10,1,1,3,12,14,4,26,13,17,30
157386,13,10,2,1,3,9,10,4,19,10,13,23
157386,13,10,5,0,0,3,4,0,7,3,4,7
157401,1,412,1,2576,4165,924,1784,6741,2708,3500,5949,9449
157401,1,112,2,2381,3768,583,1131,6149,1714,2964,4899,7863
157401,1,312,5,195,397,341,653,592,994,536,1050,1586
157401,2,999,1,2305,3722,494,998,6027,1492,2799,4720,7519
157401,2,999,2,2223,3520,447,896,5743,1343,2670,4416,7086
157401,2,999,5,82,202,47,102,284,149,129,304,433
157401,3,1,1,1,8,239,518,9,757,240,526,766
157401,3,1,2,1,8,239,518,9,757,240,526,766
157401,4,2,1,874,1552,72,177,2426,249,946,1729,2675
157401,4,2,2,874,1552,72,177,2426,249,946,1729,2675
157401,5,3,1,913,1445,56,118,2358,174,969,1563,2532
157401,5,3,2,910,1432,56,114,2342,170,966,1546,2512
157401,5,3,5,3,13,0,4,16,4,3,17,20
157401,6,4,1,517,717,127,185,1234,312,644,902,1546
157401,6,4,2,438,528,80,87,966,167,518,615,1133
157401,6,4,5,79,189,47,98,268,145,126,287,413
157401,7,999,1,271,443,429,786,714,1215,700,1229,1929
157401,7,999,2,158,248,135,235,406,370,293,483,776
157401,7,999,5,113,195,294,551,308,845,407,746,1153
157401,8,5,1,133,202,137,219,335,356,270,421,691
157401,8,5,2,84,112,48,67,196,115,132,179,311
157401,8,5,5,49,90,89,152,139,241,138,242,380
157401,9,6,1,59,95,82,172,154,254,141,267,408
157401,9,6,2,35,59,28,52,94,80,63,111,174
157401,9,6,5,24,36,54,120,60,174,78,156,234
157401,10,7,1,36,61,89,121,97,210,125,182,307
157401,10,7,2,18,30,23,39,48,62,41,69,110
157401,10,7,5,18,31,66,82,49,148,84,113,197
157401,11,8,1,31,72,74,185,103,259,105,257,362
157401,11,8,2,14,39,25,49,53,74,39,88,127
157401,11,8,5,17,33,49,136,50,185,66,169,235
157401,12,9,1,12,12,38,79,24,117,50,91,141
157401,12,9,2,7,7,6,23,14,29,13,30,43
157401,12,9,5,5,5,32,56,10,88,37,61,98
157401,13,10,1,0,1,9,10,1,19,9,11,20
157401,13,10,2,0,1,5,5,1,10,5,6,11
157401,13,10,5,0,0,4,5,0,9,4,5,9
157401,14,11,1,0,0,1,0,0,1,1,0,1
157401,14,11,2,0,0,1,0,0,1,1,0,1
157438,1,412,1,579,572,1322,1826,1151,3148,1901,2398,4299
157438,1,112,2,579,572,1322,1826,1151,3148,1901,2398,4299
157438,2,999,1,419,409,926,1261,828,2187,1345,1670,3015
157438,2,999,2,419,409,926,1261,828,2187,1345,1670,3015
157438,3,1,1,41,67,506,673,108,1179,547,740,1287
157438,3,1,2,41,67,506,673,108,1179,547,740,1287
157438,4,2,1,195,175,190,225,370,415,385,400,785
157438,4,2,2,195,175,190,225,370,415,385,400,785
157438,5,3,1,121,97,122,182,218,304,243,279,522
157438,5,3,2,121,97,122,182,218,304,243,279,522
157438,6,4,1,62,70,108,181,132,289,170,251,421
157438,6,4,2,62,70,108,181,132,289,170,251,421
157438,7,999,1,160,163,396,564,323,960,556,727,1283
157438,7,999,2,160,163,396,564,323,960,556,727,1283
157438,8,5,1,65,66,122,212,131,334,187,278,465
157438,8,5,2,65,66,122,212,131,334,187,278,465
157438,9,6,1,43,39,91,134,82,225,134,173,307
157438,9,6,2,43,39,91,134,82,225,134,173,307
157438,10,7,1,21,26,60,79,47,139,81,105,186
157438,10,7,2,21,26,60,79,47,139,81,105,186
157438,11,8,1,23,23,82,96,46,178,105,119,224
157438,11,8,2,23,23,82,96,46,178,105,119,224
157438,12,9,1,7,9,36,42,16,78,43,51,94
157438,12,9,2,7,9,36,42,16,78,43,51,94
157438,13,10,1,1,0,5,1,1,6,6,1,7
157438,13,10,2,1,0,5,1,1,6,6,1,7
157438,14,11,1,0,0,0,1,0,1,0,1,1
157438,14,11,2,0,0,0,1,0,1,0,1,1
157447,1,412,1,3659,5571,2205,4776,9230,6981,5864,10347,16211
157447,1,112,2,3280,4744,1337,2146,8024,3483,4617,6890,11507
157447,1,312,5,379,827,868,2630,1206,3498,1247,3457,4704
157447,2,999,1,3028,4433,990,1603,7461,2593,4018,6036,10054
157447,2,999,2,2915,4246,933,1441,7161,2374,3848,5687,9535
157447,2,999,5,113,187,57,162,300,219,170,349,519
157447,3,1,1,41,109,437,822,150,1259,478,931,1409
157447,3,1,2,41,109,437,822,150,1259,478,931,1409
157447,4,2,1,1086,1617,171,229,2703,400,1257,1846,3103
157447,4,2,2,1086,1617,171,229,2703,400,1257,1846,3103
157447,5,3,1,1121,1738,108,145,2859,253,1229,1883,3112
157447,5,3,2,1116,1728,107,140,2844,247,1223,1868,3091
157447,5,3,5,5,10,1,5,15,6,6,15,21
157447,6,4,1,780,969,274,407,1749,681,1054,1376,2430
157447,6,4,2,672,792,218,250,1464,468,890,1042,1932
157447,6,4,5,108,177,56,157,285,213,164,334,498
157447,7,999,1,631,1138,1215,3173,1769,4388,1846,4311,6157
157447,7,999,2,365,498,404,705,863,1109,769,1203,1972
157447,7,999,5,266,640,811,2468,906,3279,1077,3108,4185
157447,8,5,1,353,548,397,896,901,1293,750,1444,2194
157447,8,5,2,223,272,157,209,495,366,380,481,861
157447,8,5,5,130,276,240,687,406,927,370,963,1333
157447,9,6,1,127,237,288,633,364,921,415,870,1285
157447,9,6,2,73,109,91,121,182,212,164,230,394
157447,9,6,5,54,128,197,512,182,709,251,640,891
157447,10,7,1,71,131,199,515,202,714,270,646,916
157447,10,7,2,34,43,60,112,77,172,94,155,249
157447,10,7,5,37,88,139,403,125,542,176,491,667
157447,11,8,1,63,171,223,763,234,986,286,934,1220
157447,11,8,2,29,61,60,178,90,238,89,239,328
157447,11,8,5,34,110,163,585,144,748,197,695,892
157447,12,9,1,13,50,91,330,63,421,104,380,484
157447,12,9,2,3,13,25,65,16,90,28,78,106
157447,12,9,5,10,37,66,265,47,331,76,302,378
157447,13,10,1,4,1,17,36,5,53,21,37,58
157447,13,10,2,3,0,11,20,3,31,14,20,34
157447,13,10,5,1,1,6,16,2,22,7,17,24
157483,1,412,1,650,1112,1299,1832,1762,3131,1949,2944,4893
157483,1,112,2,650,1112,1299,1832,1762,3131,1949,2944,4893
157483,2,999,1,505,815,856,1135,1320,1991,1361,1950,3311
157483,2,999,2,505,815,856,1135,1320,1991,1361,1950,3311
157483,3,1,1,5,5,363,492,10,855,368,497,865
157483,3,1,2,5,5,363,492,10,855,368,497,865
157483,4,2,1,296,465,243,256,761,499,539,721,1260
157483,4,2,2,296,465,243,256,761,499,539,721,1260
157483,5,3,1,148,216,121,189,364,310,269,405,674
157483,5,3,2,148,216,121,189,364,310,269,405,674
157483,6,4,1,56,129,129,198,185,327,185,327,512
157483,6,4,2,56,129,129,198,185,327,185,327,512
157483,7,999,1,145,297,443,697,442,1140,588,994,1582
157483,7,999,2,145,297,443,697,442,1140,588,994,1582
157483,8,5,1,56,123,110,257,179,367,166,380,546
157483,8,5,2,56,123,110,257,179,367,166,380,546
157483,9,6,1,44,78,83,156,122,239,127,234,361
157483,9,6,2,44,78,83,156,122,239,127,234,361
157483,10,7,1,19,35,78,90,54,168,97,125,222
157483,10,7,2,19,35,78,90,54,168,97,125,222
157483,11,8,1,21,43,94,133,64,227,115,176,291
157483,11,8,2,21,43,94,133,64,227,115,176,291
157483,12,9,1,5,17,73,47,22,120,78,64,142
157483,12,9,2,5,17,73,47,22,120,78,64,142
157483,13,10,1,0,1,5,14,1,19,5,15,20
157483,13,10,2,0,1,5,14,1,19,5,15,20
157535,1,412,1,903,1025,130,182,1928,312,1033,1207,2240
157535,1,112,2,502,549,121,176,1051,297,623,725,1348
157535,1,312,5,401,476,9,6,877,15,410,482,892
157535,2,999,1,619,714,118,170,1333,288,737,884,1621
157535,2,999,2,476,517,116,169,993,285,592,686,1278
157535,2,999,5,143,197,2,1,340,3,145,198,343
157535,3,1,1,8,13,91,153,21,244,99,166,265
157535,3,1,2,8,13,91,153,21,244,99,166,265
157535,4,2,1,221,272,18,13,493,31,239,285,524
157535,4,2,2,221,272,18,13,493,31,239,285,524
157535,5,3,1,186,191,2,1,377,3,188,192,380
157535,5,3,2,180,176,2,1,356,3,182,177,359
157535,5,3,5,6,15,0,0,21,0,6,15,21
157535,6,4,1,204,238,7,3,442,10,211,241,452
157535,6,4,2,67,56,5,2,123,7,72,58,130
157535,6,4,5,137,182,2,1,319,3,139,183,322
157535,7,999,1,284,311,12,12,595,24,296,323,619
157535,7,999,2,26,32,5,7,58,12,31,39,70
157535,7,999,5,258,279,7,5,537,12,265,284,549
157535,8,5,1,223,240,4,3,463,7,227,243,470
157535,8,5,2,15,14,2,3,29,5,17,17,34
157535,8,5,5,208,226,2,0,434,2,210,226,436
157535,9,6,1,37,32,1,4,69,5,38,36,74
157535,9,6,2,6,8,0,1,14,1,6,9,15
157535,9,6,5,31,24,1,3,55,4,32,27,59
157535,10,7,1,10,17,4,1,27,5,14,18,32
157535,10,7,2,2,6,2,1,8,3,4,7,11
157535,10,7,5,8,11,2,0,19,2,10,11,21
157535,11,8,1,11,18,3,2,29,5,14,20,34
157535,11,8,2,3,3,1,1,6,2,4,4,8
157535,11,8,5,8,15,2,1,23,3,10,16,26
157535,12,9,1,3,4,0,2,7,2,3,6,9
157535,12,9,2,0,1,0,1,1,1,0,2,2
157535,12,9,5,3,3,0,1,6,1,3,4,7
157553,1,412,1,578,813,371,664,1391,1035,949,1477,2426
157553,1,112,2,578,813,371,664,1391,1035,949,1477,2426
157553,2,999,1,428,586,240,453,1014,693,668,1039,1707
157553,2,999,2,428,586,240,453,1014,693,668,1039,1707
157553,3,1,1,17,39,59,161,56,220,76,200,276
157553,3,1,2,17,39,59,161,56,220,76,200,276
157553,4,2,1,231,305,79,101,536,180,310,406,716
157553,4,2,2,231,305,79,101,536,180,310,406,716
157553,5,3,1,144,170,65,114,314,179,209,284,493
157553,5,3,2,144,170,65,114,314,179,209,284,493
157553,6,4,1,36,72,37,77,108,114,73,149,222
157553,6,4,2,36,72,37,77,108,114,73,149,222
157553,7,999,1,150,227,131,211,377,342,281,438,719
157553,7,999,2,150,227,131,211,377,342,281,438,719
157553,8,5,1,54,67,44,60,121,104,98,127,225
157553,8,5,2,54,67,44,60,121,104,98,127,225
157553,9,6,1,29,64,31,46,93,77,60,110,170
157553,9,6,2,29,64,31,46,93,77,60,110,170
157553,10,7,1,22,49,23,39,71,62,45,88,133
157553,10,7,2,22,49,23,39,71,62,45,88,133
157553,11,8,1,34,41,24,48,75,72,58,89,147
157553,11,8,2,34,41,24,48,75,72,58,89,147
157553,12,9,1,7,5,8,16,12,24,15,21,36
157553,12,9,2,7,5,8,16,12,24,15,21,36
157553,13,10,1,4,1,1,2,5,3,5,3,8
157553,13,10,2,4,1,1,2,5,3,5,3,8
157614,1,412,1,1,58,1,36,59,37,2,94,96
157614,1,112,2,1,58,1,36,59,37,2,94,96
157614,2,999,1,0,46,1,19,46,20,1,65,66
157614,2,999,2,0,46,1,19,46,20,1,65,66
157614,3,1,1,0,2,0,0,2,0,0,2,2
157614,3,1,2,0,2,0,0,2,0,0,2,2
157614,4,2,1,0,13,0,5,13,5,0,18,18
157614,4,2,2,0,13,0,5,13,5,0,18,18
157614,5,3,1,0,10,1,7,10,8,1,17,18
157614,5,3,2,0,10,1,7,10,8,1,17,18
157614,6,4,1,0,21,0,7,21,7,0,28,28
157614,6,4,2,0,21,0,7,21,7,0,28,28
157614,7,999,1,1,12,0,17,13,17,1,29,30
157614,7,999,2,1,12,0,17,13,17,1,29,30
157614,8,5,1,0,5,0,3,5,3,0,8,8
157614,8,5,2,0,5,0,3,5,3,0,8,8
157614,9,6,1,1,3,0,9,4,9,1,12,13
157614,9,6,2,1,3,0,9,4,9,1,12,13
157614,10,7,1,0,3,0,3,3,3,0,6,6
157614,10,7,2,0,3,0,3,3,3,0,6,6
157614,11,8,1,0,1,0,2,1,2,0,3,3
157614,11,8,2,0,1,0,2,1,2,0,3,3
157650,1,412,1,6,71,3,29,77,32,9,100,109
157650,1,112,2,6,71,3,29,77,32,9,100,109
157650,2,999,1,2,43,2,17,45,19,4,60,64
157650,2,999,2,2,43,2,17,45,19,4,60,64
157650,3,1,1,1,1,0,0,2,0,1,1,2
157650,3,1,2,1,1,0,0,2,0,1,1,2
157650,4,2,1,0,19,0,4,19,4,0,23,23
157650,4,2,2,0,19,0,4,19,4,0,23,23
157650,5,3,1,0,14,1,6,14,7,1,20,21
157650,5,3,2,0,14,1,6,14,7,1,20,21
157650,6,4,1,1,9,1,7,10,8,2,16,18
157650,6,4,2,1,9,1,7,10,8,2,16,18
157650,7,999,1,4,28,1,12,32,13,5,40,45
157650,7,999,2,4,28,1,12,32,13,5,40,45
157650,8,5,1,2,13,1,6,15,7,3,19,22
157650,8,5,2,2,13,1,6,15,7,3,19,22
157650,9,6,1,0,7,0,3,7,3,0,10,10
157650,9,6,2,0,7,0,3,7,3,0,10,10
157650,10,7,1,1,5,0,1,6,1,1,6,7
157650,10,7,2,1,5,0,1,6,1,1,6,7
157650,11,8,1,1,3,0,2,4,2,1,5,6
157650,11,8,2,1,3,0,2,4,2,1,5,6
157669,1,412,1,2,84,0,0,86,0,2,84,86
157669,1,112,2,2,84,0,0,86,0,2,84,86
157669,2,999,1,1,51,0,0,52,0,1,51,52
157669,2,999,2,1,51,0,0,52,0,1,51,52
157669,3,1,1,0,1,0,0,1,0,0,1,1
157669,3,1,2,0,1,0,0,1,0,0,1,1
157669,4,2,1,0,19,0,0,19,0,0,19,19
157669,4,2,2,0,19,0,0,19,0,0,19,19
157669,5,3,1,0,16,0,0,16,0,0,16,16
157669,5,3,2,0,16,0,0,16,0,0,16,16
157669,6,4,1,1,15,0,0,16,0,1,15,16
157669,6,4,2,1,15,0,0,16,0,1,15,16
157669,7,999,1,1,33,0,0,34,0,1,33,34
157669,7,999,2,1,33,0,0,34,0,1,33,34
157669,8,5,1,1,17,0,0,18,0,1,17,18
157669,8,5,2,1,17,0,0,18,0,1,17,18
157669,9,6,1,0,11,0,0,11,0,0,11,11
157669,9,6,2,0,11,0,0,11,0,0,11,11
157669,10,7,1,0,1,0,0,1,0,0,1,1
157669,10,7,2,0,1,0,0,1,0,0,1,1
157669,11,8,1,0,4,0,0,4,0,0,4,4
157669,11,8,2,0,4,0,0,4,0,0,4,4
157678,1,412,1,0,104,0,0,104,0,0,104,104
157678,1,112,2,0,104,0,0,104,0,0,104,104
157678,2,999,1,0,66,0,0,66,0,0,66,66
157678,2,999,2,0,66,0,0,66,0,0,66,66
157678,4,2,1,0,24,0,0,24,0,0,24,24
157678,4,2,2,0,24,0,0,24,0,0,24,24
157678,5,3,1,0,21,0,0,21,0,0,21,21
157678,5,3,2,0,21,0,0,21,0,0,21,21
157678,6,4,1,0,21,0,0,21,0,0,21,21
157678,6,4,2,0,21,0,0,21,0,0,21,21
157678,7,999,1,0,38,0,0,38,0,0,38,38
157678,7,999,2,0,38,0,0,38,0,0,38,38
157678,8,5,1,0,22,0,0,22,0,0,22,22
157678,8,5,2,0,22,0,0,22,0,0,22,22
157678,9,6,1,0,12,0,0,12,0,0,12,12
157678,9,6,2,0,12,0,0,12,0,0,12,12
157678,10,7,1,0,1,0,0,1,0,0,1,1
157678,10,7,2,0,1,0,0,1,0,0,1,1
157678,11,8,1,0,2,0,0,2,0,0,2,2
157678,11,8,2,0,2,0,0,2,0,0,2,2
157678,12,9,1,0,1,0,0,1,0,0,1,1
157678,12,9,2,0,1,0,0,1,0,0,1,1
157711,1,412,1,807,1241,993,1796,2048,2789,1800,3037,4837
157711,1,112,2,807,1241,993,1796,2048,2789,1800,3037,4837
157711,2,999,1,550,837,607,1112,1387,1719,1157,1949,3106
157711,2,999,2,550,837,607,1112,1387,1719,1157,1949,3106
157711,3,1,1,4,22,291,499,26,790,295,521,816
157711,3,1,2,4,22,291,499,26,790,295,521,816
157711,4,2,1,299,427,148,250,726,398,447,677,1124
157711,4,2,2,299,427,148,250,726,398,447,677,1124
157711,5,3,1,162,220,85,170,382,255,247,390,637
157711,5,3,2,162,220,85,170,382,255,247,390,637
157711,6,4,1,85,168,83,193,253,276,168,361,529
157711,6,4,2,85,168,83,193,253,276,168,361,529
157711,7,999,1,257,404,386,684,661,1070,643,1088,1731
157711,7,999,2,257,404,386,684,661,1070,643,1088,1731
157711,8,5,1,96,168,88,221,264,309,184,389,573
157711,8,5,2,96,168,88,221,264,309,184,389,573
157711,9,6,1,60,98,68,157,158,225,128,255,383
157711,9,6,2,60,98,68,157,158,225,128,255,383
157711,10,7,1,47,57,57,108,104,165,104,165,269
157711,10,7,2,47,57,57,108,104,165,104,165,269
157711,11,8,1,38,56,85,128,94,213,123,184,307
157711,11,8,2,38,56,85,128,94,213,123,184,307
157711,12,9,1,14,24,71,58,38,129,85,82,167
157711,12,9,2,14,24,71,58,38,129,85,82,167
157711,13,10,1,2,1,17,12,3,29,19,13,32
157711,13,10,2,2,1,17,12,3,29,19,13,32
157739,1,412,1,365,639,796,705,1004,1501,1161,1344,2505
157739,1,112,2,365,639,796,705,1004,1501,1161,1344,2505
157739,2,999,1,223,400,400,482,623,882,623,882,1505
157739,2,999,2,223,400,400,482,623,882,623,882,1505
157739,3,1,1,11,26,226,262,37,488,237,288,525
157739,3,1,2,11,26,226,262,37,488,237,288,525
157739,4,2,1,101,177,95,89,278,184,196,266,462
157739,4,2,2,101,177,95,89,278,184,196,266,462
157739,5,3,1,76,122,35,66,198,101,111,188,299
157739,5,3,2,76,122,35,66,198,101,111,188,299
157739,6,4,1,35,75,44,65,110,109,79,140,219
157739,6,4,2,35,75,44,65,110,109,79,140,219
157739,7,999,1,142,239,396,223,381,619,538,462,1000
157739,7,999,2,142,239,396,223,381,619,538,462,1000
157739,8,5,1,47,99,37,74,146,111,84,173,257
157739,8,5,2,47,99,37,74,146,111,84,173,257
157739,9,6,1,34,52,51,56,86,107,85,108,193
157739,9,6,2,34,52,51,56,86,107,85,108,193
157739,10,7,1,20,40,47,37,60,84,67,77,144
157739,10,7,2,20,40,47,37,60,84,67,77,144
157739,11,8,1,31,43,104,36,74,140,135,79,214
157739,11,8,2,31,43,104,36,74,140,135,79,214
157739,12,9,1,6,5,127,17,11,144,133,22,155
157739,12,9,2,6,5,127,17,11,144,133,22,155
157739,13,10,1,4,0,30,3,4,33,34,3,37
157739,13,10,2,4,0,30,3,4,33,34,3,37
157757,1,412,1,315,888,75,318,1203,393,390,1206,1596
157757,1,112,2,215,492,32,116,707,148,247,608,855
157757,1,312,5,100,396,43,202,496,245,143,598,741
157757,2,999,1,204,532,16,35,736,51,220,567,787
157757,2,999,2,183,389,13,21,572,34,196,410,606
157757,2,999,5,21,143,3,14,164,17,24,157,181
157757,3,1,1,0,0,3,5,0,8,3,5,8
157757,3,1,2,0,0,3,5,0,8,3,5,8
157757,4,2,1,80,123,3,5,203,8,83,128,211
157757,4,2,2,80,123,3,5,203,8,83,128,211
157757,5,3,1,75,194,2,4,269,6,77,198,275
157757,5,3,2,74,186,2,3,260,5,76,189,265
157757,5,3,5,1,8,0,1,9,1,1,9,10
157757,6,4,1,49,215,8,21,264,29,57,236,293
157757,6,4,2,29,80,5,8,109,13,34,88,122
157757,6,4,5,20,135,3,13,155,16,23,148,171
157757,7,999,1,111,356,59,283,467,342,170,639,809
157757,7,999,2,32,103,19,95,135,114,51,198,249
157757,7,999,5,79,253,40,188,332,228,119,441,560
157757,8,5,1,47,172,17,84,219,101,64,256,320
157757,8,5,2,13,48,5,10,61,15,18,58,76
157757,8,5,5,34,124,12,74,158,86,46,198,244
157757,9,6,1,18,62,15,43,80,58,33,105,138
157757,9,6,2,9,21,2,5,30,7,11,26,37
157757,9,6,5,9,41,13,38,50,51,22,79,101
157757,10,7,1,19,46,10,35,65,45,29,81,110
157757,10,7,2,2,10,4,11,12,15,6,21,27
157757,10,7,5,17,36,6,24,53,30,23,60,83
157757,11,8,1,14,54,13,81,68,94,27,135,162
157757,11,8,2,5,20,7,46,25,53,12,66,78
157757,11,8,5,9,34,6,35,43,41,15,69,84
157757,12,9,1,11,21,4,40,32,44,15,61,76
157757,12,9,2,3,4,1,23,7,24,4,27,31
157757,12,9,5,8,17,3,17,25,20,11,34,45
157757,13,10,1,2,1,0,0,3,0,2,1,3
157757,13,10,5,2,1,0,0,3,0,2,1,3
157809,1,412,1,721,673,257,386,1394,643,978,1059,2037
157809,1,112,2,684,639,223,346,1323,569,907,985,1892
157809,1,312,5,37,34,34,40,71,74,71,74,145
157809,2,999,1,672,620,177,258,1292,435,849,878,1727
157809,2,999,2,663,607,170,248,1270,418,833,855,1688
157809,2,999,5,9,13,7,10,22,17,16,23,39
157809,3,1,1,2,6,139,218,8,357,141,224,365
157809,3,1,2,2,6,139,218,8,357,141,224,365
157809,4,2,1,309,299,18,9,608,27,327,308,635
157809,4,2,2,309,299,18,9,608,27,327,308,635
157809,5,3,1,260,244,3,4,504,7,263,248,511
157809,5,3,2,260,244,3,4,504,7,263,248,511
157809,6,4,1,101,71,17,27,172,44,118,98,216
157809,6,4,2,92,58,10,17,150,27,102,75,177
157809,6,4,5,9,13,7,10,22,17,16,23,39
157809,7,999,1,49,53,80,128,102,208,129,181,310
157809,7,999,2,21,32,53,98,53,151,74,130,204
157809,7,999,5,28,21,27,30,49,57,55,51,106
157809,8,5,1,18,21,19,22,39,41,37,43,80
157809,8,5,2,11,12,13,15,23,28,24,27,51
157809,8,5,5,7,9,6,7,16,13,13,16,29
157809,9,6,1,14,6,19,25,20,44,33,31,64
157809,9,6,2,4,4,12,22,8,34,16,26,42
157809,9,6,5,10,2,7,3,12,10,17,5,22
157809,10,7,1,2,9,10,22,11,32,12,31,43
157809,10,7,2,2,4,8,15,6,23,10,19,29
157809,10,7,5,0,5,2,7,5,9,2,12,14
157809,11,8,1,11,11,23,35,22,58,34,46,80
157809,11,8,2,3,9,17,28,12,45,20,37,57
157809,11,8,5,8,2,6,7,10,13,14,9,23
157809,12,9,1,4,6,9,21,10,30,13,27,40
157809,12,9,2,1,3,3,15,4,18,4,18,22
157809,12,9,5,3,3,6,6,6,12,9,9,18
157809,13,10,1,0,0,0,3,0,3,0,3,3
157809,13,10,2,0,0,0,3,0,3,0,3,3
157951,1,412,1,4918,7660,1806,3133,12578,4939,6724,10793,17517
157951,1,112,2,4660,7089,1268,2269,11749,3537,5928,9358,15286
157951,1,312,5,258,571,538,864,829,1402,796,1435,2231
157951,2,999,1,4444,7027,961,1853,11471,2814,5405,8880,14285
157951,2,999,2,4302,6704,896,1725,11006,2621,5198,8429,13627
157951,2,999,5,142,323,65,128,465,193,207,451,658
157951,3,1,1,95,128,550,1256,223,1806,645,1384,2029
157951,3,1,2,95,128,550,1256,223,1806,645,1384,2029
157951,4,2,1,1689,3089,101,150,4778,251,1790,3239,5029
157951,4,2,2,1689,3089,101,150,4778,251,1790,3239,5029
157951,5,3,1,1731,2670,75,121,4401,196,1806,2791,4597
157951,5,3,2,1728,2651,75,117,4379,192,1803,2768,4571
157951,5,3,5,3,19,0,4,22,4,3,23,26
157951,6,4,1,929,1140,235,326,2069,561,1164,1466,2630
157951,6,4,2,790,836,170,202,1626,372,960,1038,1998
157951,6,4,5,139,304,65,124,443,189,204,428,632
157951,7,999,1,474,633,845,1280,1107,2125,1319,1913,3232
157951,7,999,2,358,385,372,544,743,916,730,929,1659
157951,7,999,5,116,248,473,736,364,1209,589,984,1573
157951,8,5,1,254,312,257,369,566,626,511,681,1192
157951,8,5,2,203,184,124,155,387,279,327,339,666
157951,8,5,5,51,128,133,214,179,347,184,342,526
157951,9,6,1,110,136,177,257,246,434,287,393,680
157951,9,6,2,76,87,77,129,163,206,153,216,369
157951,9,6,5,34,49,100,128,83,228,134,177,311
157951,10,7,1,52,81,179,245,133,424,231,326,557
157951,10,7,2,36,50,75,97,86,172,111,147,258
157951,10,7,5,16,31,104,148,47,252,120,179,299
157951,11,8,1,46,86,155,280,132,435,201,366,567
157951,11,8,2,34,50,63,113,84,176,97,163,260
157951,11,8,5,12,36,92,167,48,259,104,203,307
157951,12,9,1,11,16,64,112,27,176,75,128,203
157951,12,9,2,8,12,23,40,20,63,31,52,83
157951,12,9,5,3,4,41,72,7,113,44,76,120
157951,13,10,1,1,2,13,17,3,30,14,19,33
157951,13,10,2,1,2,10,10,3,20,11,12,23
157951,13,10,5,0,0,3,7,0,10,3,7,10
158431,1,412,1,917,1975,880,2318,2892,3198,1797,4293,6090
158431,1,112,2,917,1975,880,2318,2892,3198,1797,4293,6090
158431,2,999,1,608,1123,414,919,1731,1333,1022,2042,3064
158431,2,999,2,608,1123,414,919,1731,1333,1022,2042,3064
158431,3,1,1,10,26,131,291,36,422,141,317,458
158431,3,1,2,10,26,131,291,36,422,141,317,458
158431,4,2,1,280,468,96,174,748,270,376,642,1018
158431,4,2,2,280,468,96,174,748,270,376,642,1018
158431,5,3,1,204,365,88,216,569,304,292,581,873
158431,5,3,2,204,365,88,216,569,304,292,581,873
158431,6,4,1,114,264,99,238,378,337,213,502,715
158431,6,4,2,114,264,99,238,378,337,213,502,715
158431,7,999,1,309,852,315,1072,1161,1387,624,1924,2548
158431,7,999,2,309,852,315,1072,1161,1387,624,1924,2548
158431,8,5,1,112,316,89,317,428,406,201,633,834
158431,8,5,2,112,316,89,317,428,406,201,633,834
158431,9,6,1,77,181,77,246,258,323,154,427,581
158431,9,6,2,77,181,77,246,258,323,154,427,581
158431,10,7,1,49,144,60,183,193,243,109,327,436
158431,10,7,2,49,144,60,183,193,243,109,327,436
158431,11,8,1,50,155,54,217,205,271,104,372,476
158431,11,8,2,50,155,54,217,205,271,104,372,476
158431,12,9,1,19,53,33,101,72,134,52,154,206
158431,12,9,2,19,53,33,101,72,134,52,154,206
158431,13,10,1,2,3,2,8,5,10,4,11,15
158431,13,10,2,2,3,2,8,5,10,4,11,15
158431,14,11,1,0,0,151,327,0,478,151,327,478
158431,14,11,2,0,0,151,327,0,478,151,327,478
158477,1,412,1,220,328,8,7,548,15,228,335,563
158477,1,112,2,219,328,3,2,547,5,222,330,552
158477,1,312,5,1,0,5,5,1,10,6,5,11
158477,2,999,1,219,324,4,6,543,10,223,330,553
158477,2,999,2,219,324,3,2,543,5,222,326,548
158477,2,999,5,0,0,1,4,0,5,1,4,5
158477,3,1,1,1,11,0,0,12,0,1,11,12
158477,3,1,2,1,11,0,0,12,0,1,11,12
158477,4,2,1,111,169,0,0,280,0,111,169,280
158477,4,2,2,111,169,0,0,280,0,111,169,280
158477,5,3,1,85,136,1,0,221,1,86,136,222
158477,5,3,2,85,136,1,0,221,1,86,136,222
158477,6,4,1,22,8,3,6,30,9,25,14,39
158477,6,4,2,22,8,2,2,30,4,24,10,34
158477,6,4,5,0,0,1,4,0,5,1,4,5
158477,7,999,1,1,4,3,1,5,4,4,5,9
158477,7,999,2,0,4,0,0,4,0,0,4,4
158477,7,999,5,1,0,3,1,1,4,4,1,5
158477,8,5,1,1,2,1,1,3,2,2,3,5
158477,8,5,2,0,2,0,0,2,0,0,2,2
158477,8,5,5,1,0,1,1,1,2,2,1,3
158477,9,6,1,0,1,0,0,1,0,0,1,1
158477,9,6,2,0,1,0,0,1,0,0,1,1
158477,10,7,1,0,1,1,0,1,1,1,1,2
158477,10,7,2,0,1,0,0,1,0,0,1,1
158477,10,7,5,0,0,1,0,0,1,1,0,1
158477,11,8,1,0,0,1,0,0,1,1,0,1
158477,11,8,5,0,0,1,0,0,1,1,0,1
158477,14,11,1,0,0,1,0,0,1,1,0,1
158477,14,11,5,0,0,1,0,0,1,1,0,1
158802,1,412,1,259,893,19,44,1152,63,278,937,1215
158802,1,112,2,259,893,19,44,1152,63,278,937,1215
158802,2,999,1,241,834,14,26,1075,40,255,860,1115
158802,2,999,2,241,834,14,26,1075,40,255,860,1115
158802,3,1,1,1,15,0,0,16,0,1,15,16
158802,3,1,2,1,15,0,0,16,0,1,15,16
158802,4,2,1,105,407,1,2,512,3,106,409,515
158802,4,2,2,105,407,1,2,512,3,106,409,515
158802,5,3,1,98,329,2,6,427,8,100,335,435
158802,5,3,2,98,329,2,6,427,8,100,335,435
158802,6,4,1,37,83,11,18,120,29,48,101,149
158802,6,4,2,37,83,11,18,120,29,48,101,149
158802,7,999,1,18,58,5,16,76,21,23,74,97
158802,7,999,2,18,58,5,16,76,21,23,74,97
158802,8,5,1,9,31,3,7,40,10,12,38,50
158802,8,5,2,9,31,3,7,40,10,12,38,50
158802,9,6,1,3,10,0,2,13,2,3,12,15
158802,9,6,2,3,10,0,2,13,2,3,12,15
158802,10,7,1,3,4,1,2,7,3,4,6,10
158802,10,7,2,3,4,1,2,7,3,4,6,10
158802,11,8,1,1,5,0,5,6,5,1,10,11
158802,11,8,2,1,5,0,5,6,5,1,10,11
158802,12,9,1,1,8,0,0,9,0,1,8,9
158802,12,9,2,1,8,0,0,9,0,1,8,9
158802,13,10,1,1,0,1,0,1,1,2,0,2
158802,13,10,2,1,0,1,0,1,1,2,0,2
158802,14,11,1,0,1,0,2,1,2,0,3,3
158802,14,11,2,0,1,0,2,1,2,0,3,3
159197,1,412,1,496,107,0,0,603,0,496,107,603
159197,1,112,2,496,107,0,0,603,0,496,107,603
159197,2,999,1,275,44,0,0,319,0,275,44,319
159197,2,999,2,275,44,0,0,319,0,275,44,319
159197,3,1,1,3,0,0,0,3,0,3,0,3
159197,3,1,2,3,0,0,0,3,0,3,0,3
159197,4,2,1,72,11,0,0,83,0,72,11,83
159197,4,2,2,72,11,0,0,83,0,72,11,83
159197,5,3,1,123,17,0,0,140,0,123,17,140
159197,5,3,2,123,17,0,0,140,0,123,17,140
159197,6,4,1,77,16,0,0,93,0,77,16,93
159197,6,4,2,77,16,0,0,93,0,77,16,93
159197,7,999,1,221,63,0,0,284,0,221,63,284
159197,7,999,2,221,63,0,0,284,0,221,63,284
159197,8,5,1,117,31,0,0,148,0,117,31,148
159197,8,5,2,117,31,0,0,148,0,117,31,148
159197,9,6,1,51,19,0,0,70,0,51,19,70
159197,9,6,2,51,19,0,0,70,0,51,19,70
159197,10,7,1,33,5,0,0,38,0,33,5,38
159197,10,7,2,33,5,0,0,38,0,33,5,38
159197,11,8,1,15,4,0,0,19,0,15,4,19
159197,11,8,2,15,4,0,0,19,0,15,4,19
159197,12,9,1,5,4,0,0,9,0,5,4,9
159197,12,9,2,5,4,0,0,9,0,5,4,9
159373,1,412,1,849,1770,33,175,2619,208,882,1945,2827
159373,1,112,2,114,669,19,102,783,121,133,771,904
159373,1,312,5,735,1101,14,73,1836,87,749,1174,1923
159373,2,999,1,316,1015,8,51,1331,59,324,1066,1390
159373,2,999,2,66,520,4,42,586,46,70,562,632
159373,2,999,5,250,495,4,9,745,13,254,504,758
159373,4,2,1,3,12,0,0,15,0,3,12,15
159373,4,2,2,3,12,0,0,15,0,3,12,15
159373,5,3,1,27,255,1,20,282,21,28,275,303
159373,5,3,2,21,251,1,19,272,20,22,270,292
159373,5,3,5,6,4,0,1,10,1,6,5,11
159373,6,4,1,286,748,7,31,1034,38,293,779,1072
159373,6,4,2,42,257,3,23,299,26,45,280,325
159373,6,4,5,244,491,4,8,735,12,248,499,747
159373,7,999,1,533,755,25,124,1288,149,558,879,1437
159373,7,999,2,48,149,15,60,197,75,63,209,272
159373,7,999,5,485,606,10,64,1091,74,495,670,1165
159373,8,5,1,359,530,9,28,889,37,368,558,926
159373,8,5,2,28,84,6,22,112,28,34,106,140
159373,8,5,5,331,446,3,6,777,9,334,452,786
159373,9,6,1,128,134,6,35,262,41,134,169,303
159373,9,6,2,9,36,3,24,45,27,12,60,72
159373,9,6,5,119,98,3,11,217,14,122,109,231
159373,10,7,1,32,58,2,21,90,23,34,79,113
159373,10,7,2,7,18,2,7,25,9,9,25,34
159373,10,7,5,25,40,0,14,65,14,25,54,79
159373,11,8,1,11,28,6,19,39,25,17,47,64
159373,11,8,2,3,11,4,5,14,9,7,16,23
159373,11,8,5,8,17,2,14,25,16,10,31,41
159373,12,9,1,3,5,2,20,8,22,5,25,30
159373,12,9,2,1,0,0,2,1,2,1,2,3
159373,12,9,5,2,5,2,18,7,20,4,23,27
159373,13,10,1,0,0,0,1,0,1,0,1,1
159373,13,10,5,0,0,0,1,0,1,0,1,1
159382,1,412,1,631,1435,427,1213,2066,1640,1058,2648,3706
159382,1,112,2,631,1435,427,1213,2066,1640,1058,2648,3706
159382,2,999,1,487,990,239,605,1477,844,726,1595,2321
159382,2,999,2,487,990,239,605,1477,844,726,1595,2321
159382,3,1,1,8,37,120,241,45,361,128,278,406
159382,3,1,2,8,37,120,241,45,361,128,278,406
159382,4,2,1,207,359,46,74,566,120,253,433,686
159382,4,2,2,207,359,46,74,566,120,253,433,686
159382,5,3,1,181,347,27,111,528,138,208,458,666
159382,5,3,2,181,347,27,111,528,138,208,458,666
159382,6,4,1,91,247,46,179,338,225,137,426,563
159382,6,4,2,91,247,46,179,338,225,137,426,563
159382,7,999,1,144,444,188,608,588,796,332,1052,1384
159382,7,999,2,144,444,188,608,588,796,332,1052,1384
159382,8,5,1,53,170,64,177,223,241,117,347,464
159382,8,5,2,53,170,64,177,223,241,117,347,464
159382,9,6,1,35,98,44,141,133,185,79,239,318
159382,9,6,2,35,98,44,141,133,185,79,239,318
159382,10,7,1,25,72,24,112,97,136,49,184,233
159382,10,7,2,25,72,24,112,97,136,49,184,233
159382,11,8,1,24,86,37,127,110,164,61,213,274
159382,11,8,2,24,86,37,127,110,164,61,213,274
159382,12,9,1,7,18,15,48,25,63,22,66,88
159382,12,9,2,7,18,15,48,25,63,22,66,88
159382,13,10,1,0,0,4,3,0,7,4,3,7
159382,13,10,2,0,0,4,3,0,7,4,3,7
159382,14,11,1,0,1,0,0,1,0,0,1,1
159382,14,11,2,0,1,0,0,1,0,0,1,1
159391,1,412,1,12985,15706,2481,3113,28691,5594,15466,18819,34285
159391,1,112,2,11095,13002,1691,2037,24097,3728,12786,15039,27825
159391,1,312,5,1890,2704,790,1076,4594,1866,2680,3780,6460
159391,2,999,1,11299,13860,1505,1967,25159,3472,12804,15827,28631
159391,2,999,2,10682,12681,1441,1854,23363,3295,12123,14535,26658
159391,2,999,5,617,1179,64,113,1796,177,681,1292,1973
159391,3,1,1,106,191,889,1437,297,2326,995,1628,2623
159391,3,1,2,106,191,889,1437,297,2326,995,1628,2623
159391,4,2,1,5096,6563,108,80,11659,188,5204,6643,11847
159391,4,2,2,5096,6563,108,80,11659,188,5204,6643,11847
159391,5,3,1,4038,4935,71,65,8973,136,4109,5000,9109
159391,5,3,2,4009,4841,70,62,8850,132,4079,4903,8982
159391,5,3,5,29,94,1,3,123,4,30,97,127
159391,6,4,1,2059,2171,437,385,4230,822,2496,2556,5052
159391,6,4,2,1471,1086,374,275,2557,649,1845,1361,3206
159391,6,4,5,588,1085,63,110,1673,173,651,1195,1846
159391,7,999,1,1686,1846,976,1146,3532,2122,2662,2992,5654
159391,7,999,2,413,321,250,183,734,433,663,504,1167
159391,7,999,5,1273,1525,726,963,2798,1689,1999,2488,4487
159391,8,5,1,950,1075,328,375,2025,703,1278,1450,2728
159391,8,5,2,262,181,119,79,443,198,381,260,641
159391,8,5,5,688,894,209,296,1582,505,897,1190,2087
159391,9,6,1,406,385,249,260,791,509,655,645,1300
159391,9,6,2,72,55,56,44,127,100,128,99,227
159391,9,6,5,334,330,193,216,664,409,527,546,1073
159391,10,7,1,165,187,162,203,352,365,327,390,717
159391,10,7,2,42,35,27,25,77,52,69,60,129
159391,10,7,5,123,152,135,178,275,313,258,330,588
159391,11,8,1,127,151,167,213,278,380,294,364,658
159391,11,8,2,26,36,34,12,62,46,60,48,108
159391,11,8,5,101,115,133,201,216,334,234,316,550
159391,12,9,1,36,46,57,90,82,147,93,136,229
159391,12,9,2,10,13,11,21,23,32,21,34,55
159391,12,9,5,26,33,46,69,59,115,72,102,174
159391,13,10,1,2,2,13,5,4,18,15,7,22
159391,13,10,2,1,1,3,2,2,5,4,3,7
159391,13,10,5,1,1,10,3,2,13,11,4,15
159407,1,412,1,471,1183,357,1131,1654,1488,828,2314,3142
159407,1,112,2,471,1183,357,1131,1654,1488,828,2314,3142
159407,2,999,1,428,1008,285,787,1436,1072,713,1795,2508
159407,2,999,2,428,1008,285,787,1436,1072,713,1795,2508
159407,3,1,1,23,83,153,306,106,459,176,389,565
159407,3,1,2,23,83,153,306,106,459,176,389,565
159407,4,2,1,290,649,52,144,939,196,342,793,1135
159407,4,2,2,290,649,52,144,939,196,342,793,1135
159407,5,3,1,84,187,55,181,271,236,139,368,507
159407,5,3,2,84,187,55,181,271,236,139,368,507
159407,6,4,1,31,89,25,156,120,181,56,245,301
159407,6,4,2,31,89,25,156,120,181,56,245,301
159407,7,999,1,42,175,72,344,217,416,114,519,633
159407,7,999,2,42,175,72,344,217,416,114,519,633
159407,8,5,1,16,72,25,142,88,167,41,214,255
159407,8,5,2,16,72,25,142,88,167,41,214,255
159407,9,6,1,9,46,16,87,55,103,25,133,158
159407,9,6,2,9,46,16,87,55,103,25,133,158
159407,10,7,1,10,27,16,51,37,67,26,78,104
159407,10,7,2,10,27,16,51,37,67,26,78,104
159407,11,8,1,5,24,12,49,29,61,17,73,90
159407,11,8,2,5,24,12,49,29,61,17,73,90
159407,12,9,1,2,6,3,15,8,18,5,21,26
159407,12,9,2,2,6,3,15,8,18,5,21,26
159407,14,11,1,1,0,0,0,1,0,1,0,1
159407,14,11,2,1,0,0,0,1,0,1,0,1
159647,1,412,1,4626,3944,1060,1496,8570,2556,5686,5440,11126
159647,1,112,2,4314,3540,874,1285,7854,2159,5188,4825,10013
159647,1,312,5,312,404,186,211,716,397,498,615,1113
159647,2,999,1,4325,3652,812,1227,7977,2039,5137,4879,10016
159647,2,999,2,4199,3441,786,1194,7640,1980,4985,4635,9620
159647,2,999,5,126,211,26,33,337,59,152,244,396
159647,3,1,1,185,242,549,981,427,1530,734,1223,1957
159647,3,1,2,185,242,549,981,427,1530,734,1223,1957
159647,4,2,1,1801,1566,79,56,3367,135,1880,1622,3502
159647,4,2,2,1801,1566,79,56,3367,135,1880,1622,3502
159647,5,3,1,1667,1347,56,85,3014,141,1723,1432,3155
159647,5,3,2,1662,1315,55,84,2977,139,1717,1399,3116
159647,5,3,5,5,32,1,1,37,2,6,33,39
159647,6,4,1,672,497,128,105,1169,233,800,602,1402
159647,6,4,2,551,318,103,73,869,176,654,391,1045
159647,6,4,5,121,179,25,32,300,57,146,211,357
159647,7,999,1,301,291,246,269,592,515,547,560,1107
159647,7,999,2,115,98,87,91,213,178,202,189,391
159647,7,999,5,186,193,159,178,379,337,345,371,716
159647,8,5,1,176,128,98,69,304,167,274,197,471
159647,8,5,2,74,46,47,29,120,76,121,75,196
159647,8,5,5,102,82,51,40,184,91,153,122,275
159647,9,6,1,59,74,54,50,133,104,113,124,237
159647,9,6,2,23,19,11,17,42,28,34,36,70
159647,9,6,5,36,55,43,33,91,76,79,88,167
159647,10,7,1,37,25,25,47,62,72,62,72,134
159647,10,7,2,15,8,6,17,23,23,21,25,46
159647,10,7,5,22,17,19,30,39,49,41,47,88
159647,11,8,1,23,49,43,62,72,105,66,111,177
159647,11,8,2,3,17,15,18,20,33,18,35,53
159647,11,8,5,20,32,28,44,52,72,48,76,124
159647,12,9,1,5,14,22,40,19,62,27,54,81
159647,12,9,2,0,8,6,10,8,16,6,18,24
159647,12,9,5,5,6,16,30,11,46,21,36,57
159647,13,10,1,1,1,4,1,2,5,5,2,7
159647,13,10,2,0,0,2,0,0,2,2,0,2
159647,13,10,5,1,1,2,1,2,3,3,2,5
159647,14,11,1,0,1,2,0,1,2,2,1,3
159647,14,11,2,0,1,1,0,1,1,1,1,2
159647,14,11,5,0,0,1,0,0,1,1,0,1
159656,1,412,1,1249,2430,212,606,3679,818,1461,3036,4497
159656,1,112,2,1014,1941,75,189,2955,264,1089,2130,3219
159656,1,312,5,235,489,137,417,724,554,372,906,1278
159656,2,999,1,1064,2085,40,99,3149,139,1104,2184,3288
159656,2,999,2,965,1877,27,63,2842,90,992,1940,2932
159656,2,999,5,99,208,13,36,307,49,112,244,356
159656,3,1,1,0,5,0,11,5,11,0,16,16
159656,3,1,2,0,5,0,11,5,11,0,16,16
159656,4,2,1,389,848,2,6,1237,8,391,854,1245
159656,4,2,2,389,848,2,6,1237,8,391,854,1245
159656,5,3,1,418,823,7,13,1241,20,425,836,1261
159656,5,3,2,417,817,7,13,1234,20,424,830,1254
159656,5,3,5,1,6,0,0,7,0,1,6,7
159656,6,4,1,257,409,31,69,666,100,288,478,766
159656,6,4,2,159,207,18,33,366,51,177,240,417
159656,6,4,5,98,202,13,36,300,49,111,238,349
159656,7,999,1,185,345,169,503,530,672,354,848,1202
159656,7,999,2,49,64,45,122,113,167,94,186,280
159656,7,999,5,136,281,124,381,417,505,260,662,922
159656,8,5,1,115,176,35,115,291,150,150,291,441
159656,8,5,2,24,26,10,30,50,40,34,56,90
159656,8,5,5,91,150,25,85,241,110,116,235,351
159656,9,6,1,36,59,41,78,95,119,77,137,214
159656,9,6,2,9,9,16,21,18,37,25,30,55
159656,9,6,5,27,50,25,57,77,82,52,107,159
159656,10,7,1,17,42,29,80,59,109,46,122,168
159656,10,7,2,7,12,4,19,19,23,11,31,42
159656,10,7,5,10,30,25,61,40,86,35,91,126
159656,11,8,1,10,46,37,149,56,186,47,195,242
159656,11,8,2,4,9,10,33,13,43,14,42,56
159656,11,8,5,6,37,27,116,43,143,33,153,186
159656,12,9,1,7,20,24,74,27,98,31,94,125
159656,12,9,2,5,6,5,17,11,22,10,23,33
159656,12,9,5,2,14,19,57,16,76,21,71,92
159656,13,10,1,0,2,3,7,2,10,3,9,12
159656,13,10,2,0,2,0,2,2,2,0,4,4
159656,13,10,5,0,0,3,5,0,8,3,5,8
159656,14,11,1,0,0,3,4,0,7,3,4,7
159656,14,11,2,0,0,3,4,0,7,3,4,7
159717,1,412,1,2228,3474,573,1009,5702,1582,2801,4483,7284
159717,1,112,2,2142,3259,496,777,5401,1273,2638,4036,6674
159717,1,312,5,86,215,77,232,301,309,163,447,610
159717,2,999,1,1992,2971,404,592,4963,996,2396,3563,5959
159717,2,999,2,1951,2871,395,563,4822,958,2346,3434,5780
159717,2,999,5,41,100,9,29,141,38,50,129,179
159717,3,1,1,67,115,248,390,182,638,315,505,820
159717,3,1,2,67,115,248,390,182,638,315,505,820
159717,4,2,1,795,1216,57,34,2011,91,852,1250,2102
159717,4,2,2,795,1216,57,34,2011,91,852,1250,2102
159717,5,3,1,705,1108,26,37,1813,63,731,1145,1876
159717,5,3,2,703,1106,26,36,1809,62,729,1142,1871
159717,5,3,5,2,2,0,1,4,1,2,3,5
159717,6,4,1,425,532,73,131,957,204,498,663,1161
159717,6,4,2,386,434,64,103,820,167,450,537,987
159717,6,4,5,39,98,9,28,137,37,48,126,174
159717,7,999,1,236,503,169,417,739,586,405,920,1325
159717,7,999,2,191,388,101,214,579,315,292,602,894
159717,7,999,5,45,115,68,203,160,271,113,318,431
159717,8,5,1,145,243,74,129,388,203,219,372,591
159717,8,5,2,116,182,54,66,298,120,170,248,418
159717,8,5,5,29,61,20,63,90,83,49,124,173
159717,9,6,1,53,116,44,90,169,134,97,206,303
159717,9,6,2,45,102,21,48,147,69,66,150,216
159717,9,6,5,8,14,23,42,22,65,31,56,87
159717,10,7,1,21,66,16,66,87,82,37,132,169
159717,10,7,2,18,48,6,33,66,39,24,81,105
159717,10,7,5,3,18,10,33,21,43,13,51,64
159717,11,8,1,13,67,23,87,80,110,36,154,190
159717,11,8,2,9,46,12,48,55,60,21,94,115
159717,11,8,5,4,21,11,39,25,50,15,60,75
159717,12,9,1,3,10,11,40,13,51,14,50,64
159717,12,9,2,2,9,7,15,11,22,9,24,33
159717,12,9,5,1,1,4,25,2,29,5,26,31
159717,13,10,1,1,1,1,5,2,6,2,6,8
159717,13,10,2,1,1,1,4,2,5,2,5,7
159717,13,10,5,0,0,0,1,0,1,0,1,1
159939,1,412,1,2769,3082,1166,1358,5851,2524,3935,4440,8375
159939,1,112,2,2434,2626,899,936,5060,1835,3333,3562,6895
159939,1,312,5,335,456,267,422,791,689,602,878,1480
159939,2,999,1,2095,2372,603,673,4467,1276,2698,3045,5743
159939,2,999,2,2000,2225,572,631,4225,1203,2572,2856,5428
159939,2,999,5,95,147,31,42,242,73,126,189,315
159939,3,1,1,44,44,295,390,88,685,339,434,773
159939,3,1,2,44,44,295,390,88,685,339,434,773
159939,4,2,1,777,931,73,60,1708,133,850,991,1841
159939,4,2,2,777,931,73,60,1708,133,850,991,1841
159939,5,3,1,704,812,53,54,1516,107,757,866,1623
159939,5,3,2,700,807,51,53,1507,104,751,860,1611
159939,5,3,5,4,5,2,1,9,3,6,6,12
159939,6,4,1,570,585,182,169,1155,351,752,754,1506
159939,6,4,2,479,443,153,128,922,281,632,571,1203
159939,6,4,5,91,142,29,41,233,70,120,183,303
159939,7,999,1,674,710,563,685,1384,1248,1237,1395,2632
159939,7,999,2,434,401,327,305,835,632,761,706,1467
159939,7,999,5,240,309,236,380,549,616,476,689,1165
159939,8,5,1,362,354,196,238,716,434,558,592,1150
159939,8,5,2,259,197,134,130,456,264,393,327,720
159939,8,5,5,103,157,62,108,260,170,165,265,430
159939,9,6,1,166,167,147,151,333,298,313,318,631
159939,9,6,2,95,101,81,57,196,138,176,158,334
159939,9,6,5,71,66,66,94,137,160,137,160,297
159939,10,7,1,79,90,74,100,169,174,153,190,343
159939,10,7,2,45,52,43,43,97,86,88,95,183
159939,10,7,5,34,38,31,57,72,88,65,95,160
159939,11,8,1,46,81,90,128,127,218,136,209,345
159939,11,8,2,27,43,42,42,70,84,69,85,154
159939,11,8,5,19,38,48,86,57,134,67,124,191
159939,12,9,1,19,18,32,51,37,83,51,69,120
159939,12,9,2,8,8,17,22,16,39,25,30,55
159939,12,9,5,11,10,15,29,21,44,26,39,65
159939,13,10,1,2,0,24,17,2,41,26,17,43
159939,13,10,2,0,0,10,11,0,21,10,11,21
159939,13,10,5,2,0,14,6,2,20,16,6,22
159993,1,412,1,1914,3691,959,2324,5605,3283,2873,6015,8888
159993,1,112,2,1635,2933,778,1583,4568,2361,2413,4516,6929
159993,1,312,5,279,758,181,741,1037,922,460,1499,1959
159993,2,999,1,1689,3132,677,1179,4821,1856,2366,4311,6677
159993,2,999,2,1530,2742,642,1080,4272,1722,2172,3822,5994
159993,2,999,5,159,390,35,99,549,134,194,489,683
159993,3,1,1,17,57,426,693,74,1119,443,750,1193
159993,3,1,2,17,57,426,693,74,1119,443,750,1193
159993,4,2,1,622,1269,101,73,1891,174,723,1342,2065
159993,4,2,2,622,1269,101,73,1891,174,723,1342,2065
159993,5,3,1,665,1113,35,116,1778,151,700,1229,1929
159993,5,3,2,634,1053,33,115,1687,148,667,1168,1835
159993,5,3,5,31,60,2,1,91,3,33,61,94
159993,6,4,1,385,693,115,297,1078,412,500,990,1490
159993,6,4,2,257,363,82,199,620,281,339,562,901
159993,6,4,5,128,330,33,98,458,131,161,428,589
159993,7,999,1,225,559,282,1145,784,1427,507,1704,2211
159993,7,999,2,105,191,136,503,296,639,241,694,935
159993,7,999,5,120,368,146,642,488,788,266,1010,1276
159993,8,5,1,134,247,81,313,381,394,215,560,775
159993,8,5,2,74,107,47,161,181,208,121,268,389
159993,8,5,5,60,140,34,152,200,186,94,292,386
159993,9,6,1,45,108,80,230,153,310,125,338,463
159993,9,6,2,17,30,37,108,47,145,54,138,192
159993,9,6,5,28,78,43,122,106,165,71,200,271
159993,10,7,1,23,79,41,202,102,243,64,281,345
159993,10,7,2,7,24,22,82,31,104,29,106,135
159993,10,7,5,16,55,19,120,71,139,35,175,210
159993,11,8,1,18,94,59,289,112,348,77,383,460
159993,11,8,2,5,25,21,103,30,124,26,128,154
159993,11,8,5,13,69,38,186,82,224,51,255,306
159993,12,9,1,4,31,18,107,35,125,22,138,160
159993,12,9,2,2,5,9,47,7,56,11,52,63
159993,12,9,5,2,26,9,60,28,69,11,86,97
159993,13,10,1,1,0,3,4,1,7,4,4,8
159993,13,10,2,0,0,0,2,0,2,0,2,2
159993,13,10,5,1,0,3,2,1,5,4,2,6
160038,1,412,1,1926,4470,1290,3761,6396,5051,3216,8231,11447
160038,1,112,2,1848,4315,1161,2997,6163,4158,3009,7312,10321
160038,1,312,5,78,155,129,764,233,893,207,919,1126
160038,2,999,1,1704,3571,858,1771,5275,2629,2562,5342,7904
160038,2,999,2,1667,3511,848,1714,5178,2562,2515,5225,7740
160038,2,999,5,37,60,10,57,97,67,47,117,164
160038,3,1,1,74,168,665,1168,242,1833,739,1336,2075
160038,3,1,2,74,168,665,1168,242,1833,739,1336,2075
160038,4,2,1,737,1596,77,105,2333,182,814,1701,2515
160038,4,2,2,737,1596,77,105,2333,182,814,1701,2515
160038,5,3,1,601,1252,29,154,1853,183,630,1406,2036
160038,5,3,2,598,1245,29,154,1843,183,627,1399,2026
160038,5,3,5,3,7,0,0,10,0,3,7,10
160038,6,4,1,292,555,87,344,847,431,379,899,1278
160038,6,4,2,258,502,77,287,760,364,335,789,1124
160038,6,4,5,34,53,10,57,87,67,44,110,154
160038,7,999,1,222,899,432,1990,1121,2422,654,2889,3543
160038,7,999,2,181,804,313,1283,985,1596,494,2087,2581
160038,7,999,5,41,95,119,707,136,826,160,802,962
160038,8,5,1,96,356,101,565,452,666,197,921,1118
160038,8,5,2,71,325,77,407,396,484,148,732,880
160038,8,5,5,25,31,24,158,56,182,49,189,238
160038,9,6,1,53,229,117,448,282,565,170,677,847
160038,9,6,2,47,208,97,301,255,398,144,509,653
160038,9,6,5,6,21,20,147,27,167,26,168,194
160038,10,7,1,36,143,71,351,179,422,107,494,601
160038,10,7,2,31,127,52,225,158,277,83,352,435
160038,10,7,5,5,16,19,126,21,145,24,142,166
160038,11,8,1,29,133,104,447,162,551,133,580,713
160038,11,8,2,25,113,66,259,138,325,91,372,463
160038,11,8,5,4,20,38,188,24,226,42,208,250
160038,12,9,1,8,38,33,171,46,204,41,209,250
160038,12,9,2,7,31,17,87,38,104,24,118,142
160038,12,9,5,1,7,16,84,8,100,17,91,108
160038,13,10,1,0,0,6,8,0,14,6,8,14
160038,13,10,2,0,0,4,4,0,8,4,4,8
160038,13,10,5,0,0,2,4,0,6,2,4,6
160074,1,412,1,167,620,100,479,787,579,267,1099,1366
160074,1,112,2,81,444,90,419,525,509,171,863,1034
160074,1,312,5,86,176,10,60,262,70,96,236,332
160074,2,999,1,85,415,45,275,500,320,130,690,820
160074,2,999,2,59,341,43,252,400,295,102,593,695
160074,2,999,5,26,74,2,23,100,25,28,97,125
160074,3,1,1,0,4,12,51,4,63,12,55,67
160074,3,1,2,0,4,12,51,4,63,12,55,67
160074,4,2,1,16,130,1,14,146,15,17,144,161
160074,4,2,2,16,130,1,14,146,15,17,144,161
160074,5,3,1,23,117,7,71,140,78,30,188,218
160074,5,3,2,23,115,7,71,138,78,30,186,216
160074,5,3,5,0,2,0,0,2,0,0,2,2
160074,6,4,1,46,164,25,139,210,164,71,303,374
160074,6,4,2,20,92,23,116,112,139,43,208,251
160074,6,4,5,26,72,2,23,98,25,28,95,123
160074,7,999,1,82,205,55,203,287,258,137,408,545
160074,7,999,2,22,103,47,166,125,213,69,269,338
160074,7,999,5,60,102,8,37,162,45,68,139,207
160074,8,5,1,46,126,16,87,172,103,62,213,275
160074,8,5,2,15,49,13,68,64,81,28,117,145
160074,8,5,5,31,77,3,19,108,22,34,96,130
160074,9,6,1,25,43,6,34,68,40,31,77,108
160074,9,6,2,6,26,5,28,32,33,11,54,65
160074,9,6,5,19,17,1,6,36,7,20,23,43
160074,10,7,1,6,20,9,30,26,39,15,50,65
160074,10,7,2,0,15,5,25,15,30,5,40,45
160074,10,7,5,6,5,4,5,11,9,10,10,20
160074,11,8,1,4,13,4,29,17,33,8,42,50
160074,11,8,2,1,10,4,26,11,30,5,36,41
160074,11,8,5,3,3,0,3,6,3,3,6,9
160074,12,9,1,1,3,19,22,4,41,20,25,45
160074,12,9,2,0,3,19,18,3,37,19,21,40
160074,12,9,5,1,0,0,4,1,4,1,4,5
160074,13,10,1,0,0,1,1,0,2,1,1,2
160074,13,10,2,0,0,1,1,0,2,1,1,2
160074,14,11,1,0,0,0,1,0,1,0,1,1
160074,14,11,2,0,0,0,1,0,1,0,1,1
160481,1,412,1,368,757,281,699,1125,980,649,1456,2105
160481,1,112,2,368,757,281,699,1125,980,649,1456,2105
160481,2,999,1,295,473,189,343,768,532,484,816,1300
160481,2,999,2,295,473,189,343,768,532,484,816,1300
160481,3,1,1,62,81,93,116,143,209,155,197,352
160481,3,1,2,62,81,93,116,143,209,155,197,352
160481,4,2,1,82,123,19,39,205,58,101,162,263
160481,4,2,2,82,123,19,39,205,58,101,162,263
160481,5,3,1,104,147,42,94,251,136,146,241,387
160481,5,3,2,104,147,42,94,251,136,146,241,387
160481,6,4,1,47,122,35,94,169,129,82,216,298
160481,6,4,2,47,122,35,94,169,129,82,216,298
160481,7,999,1,73,284,69,351,357,420,142,635,777
160481,7,999,2,73,284,69,351,357,420,142,635,777
160481,8,5,1,35,116,23,120,151,143,58,236,294
160481,8,5,2,35,116,23,120,151,143,58,236,294
160481,9,6,1,22,57,17,95,79,112,39,152,191
160481,9,6,2,22,57,17,95,79,112,39,152,191
160481,10,7,1,4,47,8,55,51,63,12,102,114
160481,10,7,2,4,47,8,55,51,63,12,102,114
160481,11,8,1,8,54,13,56,62,69,21,110,131
160481,11,8,2,8,54,13,56,62,69,21,110,131
160481,12,9,1,4,10,8,23,14,31,12,33,45
160481,12,9,2,4,10,8,23,14,31,12,33,45
160481,13,10,1,0,0,0,2,0,2,0,2,2
160481,13,10,2,0,0,0,2,0,2,0,2,2
160481,14,11,1,0,0,23,5,0,28,23,5,28
160481,14,11,2,0,0,23,5,0,28,23,5,28
160524,1,412,1,80,216,0,0,296,0,80,216,296
160524,1,112,2,80,216,0,0,296,0,80,216,296
160524,2,999,1,19,105,0,0,124,0,19,105,124
160524,2,999,2,19,105,0,0,124,0,19,105,124
160524,3,1,1,0,1,0,0,1,0,0,1,1
160524,3,1,2,0,1,0,0,1,0,0,1,1
160524,4,2,1,4,21,0,0,25,0,4,21,25
160524,4,2,2,4,21,0,0,25,0,4,21,25
160524,5,3,1,5,34,0,0,39,0,5,34,39
160524,5,3,2,5,34,0,0,39,0,5,34,39
160524,6,4,1,10,49,0,0,59,0,10,49,59
160524,6,4,2,10,49,0,0,59,0,10,49,59
160524,7,999,1,61,111,0,0,172,0,61,111,172
160524,7,999,2,61,111,0,0,172,0,61,111,172
160524,8,5,1,13,43,0,0,56,0,13,43,56
160524,8,5,2,13,43,0,0,56,0,13,43,56
160524,9,6,1,11,27,0,0,38,0,11,27,38
160524,9,6,2,11,27,0,0,38,0,11,27,38
160524,10,7,1,13,17,0,0,30,0,13,17,30
160524,10,7,2,13,17,0,0,30,0,13,17,30
160524,11,8,1,17,20,0,0,37,0,17,20,37
160524,11,8,2,17,20,0,0,37,0,17,20,37
160524,12,9,1,7,4,0,0,11,0,7,4,11
160524,12,9,2,7,4,0,0,11,0,7,4,11
160579,1,412,1,711,781,660,762,1492,1422,1371,1543,2914
160579,1,112,2,711,781,660,762,1492,1422,1371,1543,2914
160579,2,999,1,576,531,480,454,1107,934,1056,985,2041
160579,2,999,2,576,531,480,454,1107,934,1056,985,2041
160579,3,1,1,18,22,60,49,40,109,78,71,149
160579,3,1,2,18,22,60,49,40,109,78,71,149
160579,4,2,1,300,240,137,148,540,285,437,388,825
160579,4,2,2,300,240,137,148,540,285,437,388,825
160579,5,3,1,171,155,166,146,326,312,337,301,638
160579,5,3,2,171,155,166,146,326,312,337,301,638
160579,6,4,1,87,114,117,111,201,228,204,225,429
160579,6,4,2,87,114,117,111,201,228,204,225,429
160579,7,999,1,135,250,180,308,385,488,315,558,873
160579,7,999,2,135,250,180,308,385,488,315,558,873
160579,8,5,1,58,104,69,110,162,179,127,214,341
160579,8,5,2,58,104,69,110,162,179,127,214,341
160579,9,6,1,35,69,43,78,104,121,78,147,225
160579,9,6,2,35,69,43,78,104,121,78,147,225
160579,10,7,1,24,38,31,57,62,88,55,95,150
160579,10,7,2,24,38,31,57,62,88,55,95,150
160579,11,8,1,14,26,29,47,40,76,43,73,116
160579,11,8,2,14,26,29,47,40,76,43,73,116
160579,12,9,1,3,11,7,16,14,23,10,27,37
160579,12,9,2,3,11,7,16,14,23,10,27,37
160579,13,10,1,1,2,1,0,3,1,2,2,4
160579,13,10,2,1,2,1,0,3,1,2,2,4
160612,1,412,1,3544,6212,1639,3031,9756,4670,5183,9243,14426
160612,1,112,2,3436,5947,1511,2562,9383,4073,4947,8509,13456
160612,1,312,5,108,265,128,469,373,597,236,734,970
160612,2,999,1,3229,5658,1399,2303,8887,3702,4628,7961,12589
160612,2,999,2,3182,5498,1369,2258,8680,3627,4551,7756,12307
160612,2,999,5,47,160,30,45,207,75,77,205,282
160612,3,1,1,35,90,864,1448,125,2312,899,1538,2437
160612,3,1,2,35,90,864,1448,125,2312,899,1538,2437
160612,4,2,1,1303,2414,252,409,3717,661,1555,2823,4378
160612,4,2,2,1303,2414,252,409,3717,661,1555,2823,4378
160612,5,3,1,1191,2137,77,135,3328,212,1268,2272,3540
160612,5,3,2,1189,2129,77,134,3318,211,1266,2263,3529
160612,5,3,5,2,8,0,1,10,1,2,9,11
160612,6,4,1,700,1017,206,311,1717,517,906,1328,2234
160612,6,4,2,655,865,176,267,1520,443,831,1132,1963
160612,6,4,5,45,152,30,44,197,74,75,196,271
160612,7,999,1,315,554,240,728,869,968,555,1282,1837
160612,7,999,2,254,449,142,304,703,446,396,753,1149
160612,7,999,5,61,105,98,424,166,522,159,529,688
160612,8,5,1,215,328,120,257,543,377,335,585,920
160612,8,5,2,183,259,86,135,442,221,269,394,663
160612,8,5,5,32,69,34,122,101,156,66,191,257
160612,9,6,1,51,105,30,140,156,170,81,245,326
160612,9,6,2,40,89,17,59,129,76,57,148,205
160612,9,6,5,11,16,13,81,27,94,24,97,121
160612,10,7,1,22,65,26,117,87,143,48,182,230
160612,10,7,2,16,56,13,42,72,55,29,98,127
160612,10,7,5,6,9,13,75,15,88,19,84,103
160612,11,8,1,24,47,38,133,71,171,62,180,242
160612,11,8,2,14,37,11,33,51,44,25,70,95
160612,11,8,5,10,10,27,100,20,127,37,110,147
160612,12,9,1,2,9,21,74,11,95,23,83,106
160612,12,9,2,0,8,11,29,8,40,11,37,48
160612,12,9,5,2,1,10,45,3,55,12,46,58
160612,13,10,1,1,0,5,7,1,12,6,7,13
160612,13,10,2,1,0,4,6,1,10,5,6,11
160612,13,10,5,0,0,1,1,0,2,1,1,2
160621,1,412,1,1628,3295,705,1289,4923,1994,2333,4584,6917
160621,1,112,2,1504,3043,611,987,4547,1598,2115,4030,6145
160621,1,312,5,124,252,94,302,376,396,218,554,772
160621,2,999,1,1438,2841,547,821,4279,1368,1985,3662,5647
160621,2,999,2,1405,2792,530,780,4197,1310,1935,3572,5507
160621,2,999,5,33,49,17,41,82,58,50,90,140
160621,3,1,1,2,16,165,255,18,420,167,271,438
160621,3,1,2,2,16,165,254,18,419,167,270,437
160621,3,1,5,0,0,0,1,0,1,0,1,1
160621,4,2,1,569,1197,185,213,1766,398,754,1410,2164
160621,4,2,2,569,1197,185,213,1766,398,754,1410,2164
160621,5,3,1,480,995,98,159,1475,257,578,1154,1732
160621,5,3,2,480,995,98,159,1475,257,578,1154,1732
160621,6,4,1,387,633,99,194,1020,293,486,827,1313
160621,6,4,2,354,584,82,154,938,236,436,738,1174
160621,6,4,5,33,49,17,40,82,57,50,89,139
160621,7,999,1,190,454,158,468,644,626,348,922,1270
160621,7,999,2,99,251,81,207,350,288,180,458,638
160621,7,999,5,91,203,77,261,294,338,168,464,632
160621,8,5,1,105,231,70,159,336,229,175,390,565
160621,8,5,2,67,152,44,92,219,136,111,244,355
160621,8,5,5,38,79,26,67,117,93,64,146,210
160621,9,6,1,27,82,28,96,109,124,55,178,233
160621,9,6,2,13,39,18,37,52,55,31,76,107
160621,9,6,5,14,43,10,59,57,69,24,102,126
160621,10,7,1,25,57,16,74,82,90,41,131,172
160621,10,7,2,9,26,5,28,35,33,14,54,68
160621,10,7,5,16,31,11,46,47,57,27,77,104
160621,11,8,1,21,57,24,82,78,106,45,139,184
160621,11,8,2,6,27,7,30,33,37,13,57,70
160621,11,8,5,15,30,17,52,45,69,32,82,114
160621,12,9,1,11,26,16,50,37,66,27,76,103
160621,12,9,2,4,7,6,20,11,26,10,27,37
160621,12,9,5,7,19,10,30,26,40,17,49,66
160621,13,10,1,1,1,4,7,2,11,5,8,13
160621,13,10,2,0,0,1,0,0,1,1,0,1
160621,13,10,5,1,1,3,7,2,10,4,8,12
160649,1,412,1,424,901,464,1224,1325,1688,888,2125,3013
160649,1,112,2,424,901,464,1224,1325,1688,888,2125,3013
160649,2,999,1,355,518,420,812,873,1232,775,1330,2105
160649,2,999,2,355,518,420,812,873,1232,775,1330,2105
160649,3,1,1,18,15,157,280,33,437,175,295,470
160649,3,1,2,18,15,157,280,33,437,175,295,470
160649,4,2,1,201,249,221,374,450,595,422,623,1045
160649,4,2,2,201,249,221,374,450,595,422,623,1045
160649,5,3,1,99,156,23,69,255,92,122,225,347
160649,5,3,2,99,156,23,69,255,92,122,225,347
160649,6,4,1,37,98,19,89,135,108,56,187,243
160649,6,4,2,37,98,19,89,135,108,56,187,243
160649,7,999,1,69,383,44,410,452,454,113,793,906
160649,7,999,2,69,383,44,410,452,454,113,793,906
160649,8,5,1,23,148,16,129,171,145,39,277,316
160649,8,5,2,23,148,16,129,171,145,39,277,316
160649,9,6,1,15,102,9,105,117,114,24,207,231
160649,9,6,2,15,102,9,105,117,114,24,207,231
160649,10,7,1,11,64,7,85,75,92,18,149,167
160649,10,7,2,11,64,7,85,75,92,18,149,167
160649,11,8,1,11,54,11,69,65,80,22,123,145
160649,11,8,2,11,54,11,69,65,80,22,123,145
160649,12,9,1,9,15,1,21,24,22,10,36,46
160649,12,9,2,9,15,1,21,24,22,10,36,46
160649,13,10,1,0,0,0,1,0,1,0,1,1
160649,13,10,2,0,0,0,1,0,1,0,1,1
160649,14,11,1,0,0,0,2,0,2,0,2,2
160649,14,11,2,0,0,0,2,0,2,0,2,2
160658,1,412,1,5413,7028,1586,2423,12441,4009,6999,9451,16450
160658,1,112,2,4920,6398,1038,1664,11318,2702,5958,8062,14020
160658,1,312,5,493,630,548,759,1123,1307,1041,1389,2430
160658,2,999,1,4700,6210,810,1059,10910,1869,5510,7269,12779
160658,2,999,2,4552,5936,735,954,10488,1689,5287,6890,12177
160658,2,999,5,148,274,75,105,422,180,223,379,602
160658,3,1,1,61,75,382,528,136,910,443,603,1046
160658,3,1,2,61,75,382,528,136,910,443,603,1046
160658,4,2,1,1741,2532,56,49,4273,105,1797,2581,4378
160658,4,2,2,1741,2532,56,49,4273,105,1797,2581,4378
160658,5,3,1,1807,2392,58,115,4199,173,1865,2507,4372
160658,5,3,2,1805,2371,57,112,4176,169,1862,2483,4345
160658,5,3,5,2,21,1,3,23,4,3,24,27
160658,6,4,1,1091,1211,314,367,2302,681,1405,1578,2983
160658,6,4,2,945,958,240,265,1903,505,1185,1223,2408
160658,6,4,5,146,253,74,102,399,176,220,355,575
160658,7,999,1,713,818,776,1364,1531,2140,1489,2182,3671
160658,7,999,2,368,462,303,710,830,1013,671,1172,1843
160658,7,999,5,345,356,473,654,701,1127,818,1010,1828
160658,8,5,1,413,427,249,372,840,621,662,799,1461
160658,8,5,2,240,236,128,214,476,342,368,450,818
160658,8,5,5,173,191,121,158,364,279,294,349,643
160658,9,6,1,163,191,194,296,354,490,357,487,844
160658,9,6,2,68,105,73,155,173,228,141,260,401
160658,9,6,5,95,86,121,141,181,262,216,227,443
160658,10,7,1,67,95,130,248,162,378,197,343,540
160658,10,7,2,26,60,44,110,86,154,70,170,240
160658,10,7,5,41,35,86,138,76,224,127,173,300
160658,11,8,1,60,79,149,320,139,469,209,399,608
160658,11,8,2,28,47,40,156,75,196,68,203,271
160658,11,8,5,32,32,109,164,64,273,141,196,337
160658,12,9,1,10,26,51,115,36,166,61,141,202
160658,12,9,2,6,14,16,66,20,82,22,80,102
160658,12,9,5,4,12,35,49,16,84,39,61,100
160658,13,10,1,0,0,3,13,0,16,3,13,16
160658,13,10,2,0,0,2,9,0,11,2,9,11
160658,13,10,5,0,0,1,4,0,5,1,4,5
160667,1,412,1,656,768,920,1208,1424,2128,1576,1976,3552
160667,1,112,2,656,768,920,1208,1424,2128,1576,1976,3552
160667,2,999,1,493,486,842,996,979,1838,1335,1482,2817
160667,2,999,2,493,486,842,996,979,1838,1335,1482,2817
160667,3,1,1,19,8,347,399,27,746,366,407,773
160667,3,1,2,19,8,347,399,27,746,366,407,773
160667,4,2,1,256,209,314,434,465,748,570,643,1213
160667,4,2,2,256,209,314,434,465,748,570,643,1213
160667,5,3,1,153,146,117,100,299,217,270,246,516
160667,5,3,2,153,146,117,100,299,217,270,246,516
160667,6,4,1,65,123,64,63,188,127,129,186,315
160667,6,4,2,65,123,64,63,188,127,129,186,315
160667,7,999,1,163,282,78,212,445,290,241,494,735
160667,7,999,2,163,282,78,212,445,290,241,494,735
160667,8,5,1,45,111,33,78,156,111,78,189,267
160667,8,5,2,45,111,33,78,156,111,78,189,267
160667,9,6,1,46,59,12,40,105,52,58,99,157
160667,9,6,2,46,59,12,40,105,52,58,99,157
160667,10,7,1,24,51,8,38,75,46,32,89,121
160667,10,7,2,24,51,8,38,75,46,32,89,121
160667,11,8,1,43,47,17,35,90,52,60,82,142
160667,11,8,2,43,47,17,35,90,52,60,82,142
160667,12,9,1,5,14,6,19,19,25,11,33,44
160667,12,9,2,5,14,6,19,19,25,11,33,44
160667,13,10,1,0,0,2,2,0,4,2,2,4
160667,13,10,2,0,0,2,2,0,4,2,2,4
160977,1,412,1,925,951,0,0,1876,0,925,951,1876
160977,1,112,2,925,951,0,0,1876,0,925,951,1876
160977,2,999,1,920,949,0,0,1869,0,920,949,1869
160977,2,999,2,920,949,0,0,1869,0,920,949,1869
160977,3,1,1,5,14,0,0,19,0,5,14,19
160977,3,1,2,5,14,0,0,19,0,5,14,19
160977,4,2,1,363,440,0,0,803,0,363,440,803
160977,4,2,2,363,440,0,0,803,0,363,440,803
160977,5,3,1,458,450,0,0,908,0,458,450,908
160977,5,3,2,458,450,0,0,908,0,458,450,908
160977,6,4,1,94,45,0,0,139,0,94,45,139
160977,6,4,2,94,45,0,0,139,0,94,45,139
160977,7,999,1,5,2,0,0,7,0,5,2,7
160977,7,999,2,5,2,0,0,7,0,5,2,7
160977,8,5,1,3,2,0,0,5,0,3,2,5
160977,8,5,2,3,2,0,0,5,0,3,2,5
160977,10,7,1,1,0,0,0,1,0,1,0,1
160977,10,7,2,1,0,0,0,1,0,1,0,1
160977,11,8,1,1,0,0,0,1,0,1,0,1
160977,11,8,2,1,0,0,0,1,0,1,0,1
161004,1,412,1,861,915,1,0,1776,1,862,915,1777
161004,1,112,2,861,915,1,0,1776,1,862,915,1777
161004,2,999,1,859,915,0,0,1774,0,859,915,1774
161004,2,999,2,859,915,0,0,1774,0,859,915,1774
161004,3,1,1,11,15,0,0,26,0,11,15,26
161004,3,1,2,11,15,0,0,26,0,11,15,26
161004,4,2,1,364,429,0,0,793,0,364,429,793
161004,4,2,2,364,429,0,0,793,0,364,429,793
161004,5,3,1,413,428,0,0,841,0,413,428,841
161004,5,3,2,413,428,0,0,841,0,413,428,841
161004,6,4,1,71,43,0,0,114,0,71,43,114
161004,6,4,2,71,43,0,0,114,0,71,43,114
161004,7,999,1,2,0,1,0,2,1,3,0,3
161004,7,999,2,2,0,1,0,2,1,3,0,3
161004,8,5,1,2,0,0,0,2,0,2,0,2
161004,8,5,2,2,0,0,0,2,0,2,0,2
161004,9,6,1,0,0,1,0,0,1,1,0,1
161004,9,6,2,0,0,1,0,0,1,1,0,1
161077,1,412,1,444,496,878,1297,940,2175,1322,1793,3115
161077,1,112,2,444,496,878,1297,940,2175,1322,1793,3115
161077,2,999,1,356,362,697,810,718,1507,1053,1172,2225
161077,2,999,2,356,362,697,810,718,1507,1053,1172,2225
161077,3,1,1,3,17,387,383,20,770,390,400,790
161077,3,1,2,3,17,387,383,20,770,390,400,790
161077,4,2,1,231,212,161,183,443,344,392,395,787
161077,4,2,2,231,212,161,183,443,344,392,395,787
161077,5,3,1,88,77,88,137,165,225,176,214,390
161077,5,3,2,88,77,88,137,165,225,176,214,390
161077,6,4,1,34,56,61,107,90,168,95,163,258
161077,6,4,2,34,56,61,107,90,168,95,163,258
161077,7,999,1,88,134,181,487,222,668,269,621,890
161077,7,999,2,88,134,181,487,222,668,269,621,890
161077,8,5,1,33,50,46,140,83,186,79,190,269
161077,8,5,2,33,50,46,140,83,186,79,190,269
161077,9,6,1,20,26,48,129,46,177,68,155,223
161077,9,6,2,20,26,48,129,46,177,68,155,223
161077,10,7,1,14,23,31,75,37,106,45,98,143
161077,10,7,2,14,23,31,75,37,106,45,98,143
161077,11,8,1,13,24,33,104,37,137,46,128,174
161077,11,8,2,13,24,33,104,37,137,46,128,174
161077,12,9,1,8,11,19,37,19,56,27,48,75
161077,12,9,2,8,11,19,37,19,56,27,48,75
161077,13,10,1,0,0,4,2,0,6,4,2,6
161077,13,10,2,0,0,4,2,0,6,4,2,6
161086,1,412,1,1022,1133,0,0,2155,0,1022,1133,2155
161086,1,112,2,1022,1133,0,0,2155,0,1022,1133,2155
161086,2,999,1,1022,1133,0,0,2155,0,1022,1133,2155
161086,2,999,2,1022,1133,0,0,2155,0,1022,1133,2155
161086,3,1,1,1,1,0,0,2,0,1,1,2
161086,3,1,2,1,1,0,0,2,0,1,1,2
161086,4,2,1,344,375,0,0,719,0,344,375,719
161086,4,2,2,344,375,0,0,719,0,344,375,719
161086,5,3,1,483,591,0,0,1074,0,483,591,1074
161086,5,3,2,483,591,0,0,1074,0,483,591,1074
161086,6,4,1,194,166,0,0,360,0,194,166,360
161086,6,4,2,194,166,0,0,360,0,194,166,360
161138,1,412,1,360,404,533,745,764,1278,893,1149,2042
161138,1,112,2,360,404,533,745,764,1278,893,1149,2042
161138,2,999,1,297,285,374,417,582,791,671,702,1373
161138,2,999,2,297,285,374,417,582,791,671,702,1373
161138,3,1,1,4,10,115,178,14,293,119,188,307
161138,3,1,2,4,10,115,178,14,293,119,188,307
161138,4,2,1,180,132,90,72,312,162,270,204,474
161138,4,2,2,180,132,90,72,312,162,270,204,474
161138,5,3,1,65,95,99,77,160,176,164,172,336
161138,5,3,2,65,95,99,77,160,176,164,172,336
161138,6,4,1,48,48,70,90,96,160,118,138,256
161138,6,4,2,48,48,70,90,96,160,118,138,256
161138,7,999,1,63,118,159,325,181,484,222,443,665
161138,7,999,2,63,118,159,325,181,484,222,443,665
161138,8,5,1,30,40,54,109,70,163,84,149,233
161138,8,5,2,30,40,54,109,70,163,84,149,233
161138,9,6,1,19,26,33,64,45,97,52,90,142
161138,9,6,2,19,26,33,64,45,97,52,90,142
161138,10,7,1,4,20,23,44,24,67,27,64,91
161138,10,7,2,4,20,23,44,24,67,27,64,91
161138,11,8,1,9,24,31,67,33,98,40,91,131
161138,11,8,2,9,24,31,67,33,98,40,91,131
161138,12,9,1,1,8,18,40,9,58,19,48,67
161138,12,9,2,1,8,18,40,9,58,19,48,67
161138,13,10,1,0,0,0,1,0,1,0,1,1
161138,13,10,2,0,0,0,1,0,1,0,1,1
161138,14,11,1,0,1,0,3,1,3,0,4,4
161138,14,11,2,0,1,0,3,1,3,0,4,4
161192,1,412,1,203,312,569,1213,515,1782,772,1525,2297
161192,1,112,2,203,312,569,1213,515,1782,772,1525,2297
161192,2,999,1,138,195,439,799,333,1238,577,994,1571
161192,2,999,2,138,195,439,799,333,1238,577,994,1571
161192,3,1,1,1,9,256,467,10,723,257,476,733
161192,3,1,2,1,9,256,467,10,723,257,476,733
161192,4,2,1,91,114,84,142,205,226,175,256,431
161192,4,2,2,91,114,84,142,205,226,175,256,431
161192,5,3,1,23,36,53,85,59,138,76,121,197
161192,5,3,2,23,36,53,85,59,138,76,121,197
161192,6,4,1,23,36,46,105,59,151,69,141,210
161192,6,4,2,23,36,46,105,59,151,69,141,210
161192,7,999,1,65,117,130,414,182,544,195,531,726
161192,7,999,2,65,117,130,414,182,544,195,531,726
161192,8,5,1,27,50,47,131,77,178,74,181,255
161192,8,5,2,27,50,47,131,77,178,74,181,255
161192,9,6,1,16,31,28,95,47,123,44,126,170
161192,9,6,2,16,31,28,95,47,123,44,126,170
161192,10,7,1,11,17,20,69,28,89,31,86,117
161192,10,7,2,11,17,20,69,28,89,31,86,117
161192,11,8,1,6,9,27,81,15,108,33,90,123
161192,11,8,2,6,9,27,81,15,108,33,90,123
161192,12,9,1,5,10,8,38,15,46,13,48,61
161192,12,9,2,5,10,8,38,15,46,13,48,61
161217,1,412,1,453,1019,811,1919,1472,2730,1264,2938,4202
161217,1,112,2,452,1017,799,1897,1469,2696,1251,2914,4165
161217,1,312,5,1,2,12,22,3,34,13,24,37
161217,2,999,1,245,597,375,823,842,1198,620,1420,2040
161217,2,999,2,245,597,375,823,842,1198,620,1420,2040
161217,3,1,1,16,44,236,502,60,738,252,546,798
161217,3,1,2,16,44,236,502,60,738,252,546,798
161217,4,2,1,98,222,41,62,320,103,139,284,423
161217,4,2,2,98,222,41,62,320,103,139,284,423
161217,5,3,1,72,180,37,109,252,146,109,289,398
161217,5,3,2,72,180,37,109,252,146,109,289,398
161217,6,4,1,59,151,61,150,210,211,120,301,421
161217,6,4,2,59,151,61,150,210,211,120,301,421
161217,7,999,1,208,422,436,1096,630,1532,644,1518,2162
161217,7,999,2,207,420,424,1074,627,1498,631,1494,2125
161217,7,999,5,1,2,12,22,3,34,13,24,37
161217,8,5,1,61,129,95,249,190,344,156,378,534
161217,8,5,2,60,129,94,247,189,341,154,376,530
161217,8,5,5,1,0,1,2,1,3,2,2,4
161217,9,6,1,58,87,89,203,145,292,147,290,437
161217,9,6,2,58,86,86,201,144,287,144,287,431
161217,9,6,5,0,1,3,2,1,5,3,3,6
161217,10,7,1,30,67,82,175,97,257,112,242,354
161217,10,7,2,30,67,80,170,97,250,110,237,347
161217,10,7,5,0,0,2,5,0,7,2,5,7
161217,11,8,1,43,97,102,275,140,377,145,372,517
161217,11,8,2,43,97,101,268,140,369,144,365,509
161217,11,8,5,0,0,1,7,0,8,1,7,8
161217,12,9,1,16,41,46,169,57,215,62,210,272
161217,12,9,2,16,40,41,163,56,204,57,203,260
161217,12,9,5,0,1,5,6,1,11,5,7,12
161217,13,10,1,0,1,22,25,1,47,22,26,48
161217,13,10,2,0,1,22,25,1,47,22,26,48
161226,1,412,1,448,974,100,340,1422,440,548,1314,1862
161226,1,112,2,447,967,55,113,1414,168,502,1080,1582
161226,1,312,5,1,7,45,227,8,272,46,234,280
161226,2,999,1,427,935,43,110,1362,153,470,1045,1515
161226,2,999,2,426,933,40,91,1359,131,466,1024,1490
161226,2,999,5,1,2,3,19,3,22,4,21,25
161226,3,1,1,2,6,21,36,8,57,23,42,65
161226,3,1,2,2,6,21,36,8,57,23,42,65
161226,4,2,1,171,440,2,7,611,9,173,447,620
161226,4,2,2,171,440,2,7,611,9,173,447,620
161226,5,3,1,170,381,5,25,551,30,175,406,581
161226,5,3,2,170,381,5,25,551,30,175,406,581
161226,6,4,1,84,108,15,42,192,57,99,150,249
161226,6,4,2,83,106,12,23,189,35,95,129,224
161226,6,4,5,1,2,3,19,3,22,4,21,25
161226,7,999,1,21,39,57,229,60,286,78,268,346
161226,7,999,2,21,34,15,22,55,37,36,56,92
161226,7,999,5,0,5,42,207,5,249,42,212,254
161226,8,5,1,13,17,12,57,30,69,25,74,99
161226,8,5,2,13,17,6,7,30,13,19,24,43
161226,8,5,5,0,0,6,50,0,56,6,50,56
161226,9,6,1,3,4,10,42,7,52,13,46,59
161226,9,6,2,3,2,4,4,5,8,7,6,13
161226,9,6,5,0,2,6,38,2,44,6,40,46
161226,10,7,1,2,5,10,32,7,42,12,37,49
161226,10,7,2,2,4,1,3,6,4,3,7,10
161226,10,7,5,0,1,9,29,1,38,9,30,39
161226,11,8,1,2,9,15,59,11,74,17,68,85
161226,11,8,2,2,8,2,1,10,3,4,9,13
161226,11,8,5,0,1,13,58,1,71,13,59,72
161226,12,9,1,1,4,9,34,5,43,10,38,48
161226,12,9,2,1,3,1,5,4,6,2,8,10
161226,12,9,5,0,1,8,29,1,37,8,30,38
161226,13,10,1,0,0,1,5,0,6,1,5,6
161226,13,10,2,0,0,1,2,0,3,1,2,3
161226,13,10,5,0,0,0,3,0,3,0,3,3
161226,14,11,1,0,0,0,1,0,1,0,1,1
161226,14,11,5,0,0,0,1,0,1,0,1,1
161235,1,412,1,174,352,290,808,526,1098,464,1160,1624
161235,1,112,2,174,352,290,808,526,1098,464,1160,1624
161235,2,999,1,141,245,29,38,386,67,170,283,453
161235,2,999,2,141,245,29,38,386,67,170,283,453
161235,3,1,1,0,0,0,1,0,1,0,1,1
161235,3,1,2,0,0,0,1,0,1,0,1,1
161235,4,2,1,44,72,3,4,116,7,47,76,123
161235,4,2,2,44,72,3,4,116,7,47,76,123
161235,5,3,1,54,114,13,9,168,22,67,123,190
161235,5,3,2,54,114,13,9,168,22,67,123,190
161235,6,4,1,43,59,13,24,102,37,56,83,139
161235,6,4,2,43,59,13,24,102,37,56,83,139
161235,7,999,1,29,106,32,243,135,275,61,349,410
161235,7,999,2,29,106,32,243,135,275,61,349,410
161235,8,5,1,12,49,8,53,61,61,20,102,122
161235,8,5,2,12,49,8,53,61,61,20,102,122
161235,9,6,1,8,26,9,45,34,54,17,71,88
161235,9,6,2,8,26,9,45,34,54,17,71,88
161235,10,7,1,7,11,2,35,18,37,9,46,55
161235,10,7,2,7,11,2,35,18,37,9,46,55
161235,11,8,1,0,13,10,70,13,80,10,83,93
161235,11,8,2,0,13,10,70,13,80,10,83,93
161235,12,9,1,2,7,3,39,9,42,5,46,51
161235,12,9,2,2,7,3,39,9,42,5,46,51
161235,13,10,1,0,0,0,1,0,1,0,1,1
161235,13,10,2,0,0,0,1,0,1,0,1,1
161235,14,11,1,4,1,229,527,5,756,233,528,761
161235,14,11,2,4,1,229,527,5,756,233,528,761
161244,1,412,1,97,177,150,338,274,488,247,515,762
161244,1,112,2,97,177,150,338,274,488,247,515,762
161244,2,999,1,83,135,122,230,218,352,205,365,570
161244,2,999,2,83,135,122,230,218,352,205,365,570
161244,3,1,1,1,3,84,169,4,253,85,172,257
161244,3,1,2,1,3,84,169,4,253,85,172,257
161244,4,2,1,37,60,12,15,97,27,49,75,124
161244,4,2,2,37,60,12,15,97,27,49,75,124
161244,5,3,1,28,47,10,28,75,38,38,75,113
161244,5,3,2,28,47,10,28,75,38,38,75,113
161244,6,4,1,17,25,16,18,42,34,33,43,76
161244,6,4,2,17,25,16,18,42,34,33,43,76
161244,7,999,1,14,42,28,108,56,136,42,150,192
161244,7,999,2,14,42,28,108,56,136,42,150,192
161244,8,5,1,6,14,10,25,20,35,16,39,55
161244,8,5,2,6,14,10,25,20,35,16,39,55
161244,9,6,1,4,7,4,20,11,24,8,27,35
161244,9,6,2,4,7,4,20,11,24,8,27,35
161244,10,7,1,1,6,5,20,7,25,6,26,32
161244,10,7,2,1,6,5,20,7,25,6,26,32
161244,11,8,1,3,10,6,27,13,33,9,37,46
161244,11,8,2,3,10,6,27,13,33,9,37,46
161244,12,9,1,0,5,3,12,5,15,3,17,20
161244,12,9,2,0,5,3,12,5,15,3,17,20
161244,13,10,1,0,0,0,4,0,4,0,4,4
161244,13,10,2,0,0,0,4,0,4,0,4,4
161253,1,412,1,4487,4171,1388,1695,8658,3083,5875,5866,11741
161253,1,112,2,4139,3708,854,764,7847,1618,4993,4472,9465
161253,1,312,5,348,463,534,931,811,1465,882,1394,2276
161253,2,999,1,4033,3752,689,744,7785,1433,4722,4496,9218
161253,2,999,2,3953,3591,578,595,7544,1173,4531,4186,8717
161253,2,999,5,80,161,111,149,241,260,191,310,501
161253,3,1,1,23,25,131,261,48,392,154,286,440
161253,3,1,2,23,25,131,261,48,392,154,286,440
161253,4,2,1,1795,1656,83,75,3451,158,1878,1731,3609
161253,4,2,2,1795,1656,83,75,3451,158,1878,1731,3609
161253,5,3,1,1608,1567,156,138,3175,294,1764,1705,3469
161253,5,3,2,1606,1561,152,134,3167,286,1758,1695,3453
161253,5,3,5,2,6,4,4,8,8,6,10,16
161253,6,4,1,607,504,319,270,1111,589,926,774,1700
161253,6,4,2,529,349,212,125,878,337,741,474,1215
161253,6,4,5,78,155,107,145,233,252,185,300,485
161253,7,999,1,454,419,699,951,873,1650,1153,1370,2523
161253,7,999,2,186,117,276,169,303,445,462,286,748
161253,7,999,5,268,302,423,782,570,1205,691,1084,1775
161253,8,5,1,227,201,241,270,428,511,468,471,939
161253,8,5,2,109,66,105,50,175,155,214,116,330
161253,8,5,5,118,135,136,220,253,356,254,355,609
161253,9,6,1,122,92,153,178,214,331,275,270,545
161253,9,6,2,43,24,59,26,67,85,102,50,152
161253,9,6,5,79,68,94,152,147,246,173,220,393
161253,10,7,1,47,57,102,150,104,252,149,207,356
161253,10,7,2,21,14,36,28,35,64,57,42,99
161253,10,7,5,26,43,66,122,69,188,92,165,257
161253,11,8,1,40,40,117,212,80,329,157,252,409
161253,11,8,2,11,10,39,32,21,71,50,42,92
161253,11,8,5,29,30,78,180,59,258,107,210,317
161253,12,9,1,17,25,68,128,42,196,85,153,238
161253,12,9,2,2,2,27,25,4,52,29,27,56
161253,12,9,5,15,23,41,103,38,144,56,126,182
161253,13,10,1,1,4,18,13,5,31,19,17,36
161253,13,10,2,0,1,10,8,1,18,10,9,19
161253,13,10,5,1,3,8,5,4,13,9,8,17
161341,1,412,1,296,417,235,519,713,754,531,936,1467
161341,1,112,2,296,417,235,519,713,754,531,936,1467
161341,2,999,1,212,286,20,73,498,93,232,359,591
161341,2,999,2,212,286,20,73,498,93,232,359,591
161341,3,1,1,0,2,0,0,2,0,0,2,2
161341,3,1,2,0,2,0,0,2,0,0,2,2
161341,4,2,1,84,137,4,16,221,20,88,153,241
161341,4,2,2,84,137,4,16,221,20,88,153,241
161341,5,3,1,78,104,7,31,182,38,85,135,220
161341,5,3,2,78,104,7,31,182,38,85,135,220
161341,6,4,1,50,43,9,26,93,35,59,69,128
161341,6,4,2,50,43,9,26,93,35,59,69,128
161341,7,999,1,57,120,25,118,177,143,82,238,320
161341,7,999,2,57,120,25,118,177,143,82,238,320
161341,8,5,1,23,42,5,43,65,48,28,85,113
161341,8,5,2,23,42,5,43,65,48,28,85,113
161341,9,6,1,8,25,5,19,33,24,13,44,57
161341,9,6,2,8,25,5,19,33,24,13,44,57
161341,10,7,1,11,17,4,17,28,21,15,34,49
161341,10,7,2,11,17,4,17,28,21,15,34,49
161341,11,8,1,8,21,9,21,29,30,17,42,59
161341,11,8,2,8,21,9,21,29,30,17,42,59
161341,12,9,1,7,14,2,16,21,18,9,30,39
161341,12,9,2,7,14,2,16,21,18,9,30,39
161341,13,10,1,0,1,0,2,1,2,0,3,3
161341,13,10,2,0,1,0,2,1,2,0,3,3
161341,14,11,1,27,11,190,328,38,518,217,339,556
161341,14,11,2,27,11,190,328,38,518,217,339,556
161457,1,412,1,1518,3367,697,1626,4885,2323,2215,4993,7208
161457,1,112,2,735,1557,577,1196,2292,1773,1312,2753,4065
161457,1,312,5,783,1810,120,430,2593,550,903,2240,3143
161457,2,999,1,849,2014,198,588,2863,786,1047,2602,3649
161457,2,999,2,697,1495,195,558,2192,753,892,2053,2945
161457,2,999,5,152,519,3,30,671,33,155,549,704
161457,3,1,1,4,13,7,14,17,21,11,27,38
161457,3,1,2,4,13,7,14,17,21,11,27,38
161457,4,2,1,312,739,7,23,1051,30,319,762,1081
161457,4,2,2,312,739,7,23,1051,30,319,762,1081
161457,5,3,1,312,668,31,90,980,121,343,758,1101
161457,5,3,2,294,629,31,89,923,120,325,718,1043
161457,5,3,5,18,39,0,1,57,1,18,40,58
161457,6,4,1,221,594,153,461,815,614,374,1055,1429
161457,6,4,2,87,114,150,432,201,582,237,546,783
161457,6,4,5,134,480,3,29,614,32,137,509,646
161457,7,999,1,669,1353,498,1036,2022,1534,1167,2389,3556
161457,7,999,2,38,62,381,637,100,1018,419,699,1118
161457,7,999,5,631,1291,117,399,1922,516,748,1690,2438
161457,8,5,1,401,699,219,458,1100,677,620,1157,1777
161457,8,5,2,21,40,195,355,61,550,216,395,611
161457,8,5,5,380,659,24,103,1039,127,404,762,1166
161457,9,6,1,125,230,126,229,355,355,251,459,710
161457,9,6,2,9,15,98,143,24,241,107,158,265
161457,9,6,5,116,215,28,86,331,114,144,301,445
161457,10,7,1,55,157,68,136,212,204,123,293,416
161457,10,7,2,5,2,53,65,7,118,58,67,125
161457,10,7,5,50,155,15,71,205,86,65,226,291
161457,11,8,1,57,195,57,140,252,197,114,335,449
161457,11,8,2,2,5,25,54,7,79,27,59,86
161457,11,8,5,55,190,32,86,245,118,87,276,363
161457,12,9,1,29,68,24,71,97,95,53,139,192
161457,12,9,2,0,0,9,19,0,28,9,19,28
161457,12,9,5,29,68,15,52,97,67,44,120,164
161457,13,10,1,2,4,4,2,6,6,6,6,12
161457,13,10,2,1,0,1,1,1,2,2,1,3
161457,13,10,5,1,4,3,1,5,4,4,5,9
161457,14,11,1,0,0,1,2,0,3,1,2,3
161457,14,11,2,0,0,1,1,0,2,1,1,2
161457,14,11,5,0,0,0,1,0,1,0,1,1
161484,1,412,1,179,168,159,269,347,428,338,437,775
161484,1,112,2,179,168,159,269,347,428,338,437,775
161484,2,999,1,136,86,127,168,222,295,263,254,517
161484,2,999,2,136,86,127,168,222,295,263,254,517
161484,3,1,1,1,1,68,104,2,172,69,105,174
161484,3,1,2,1,1,68,104,2,172,69,105,174
161484,4,2,1,89,42,30,29,131,59,119,71,190
161484,4,2,2,89,42,30,29,131,59,119,71,190
161484,5,3,1,31,23,11,16,54,27,42,39,81
161484,5,3,2,31,23,11,16,54,27,42,39,81
161484,6,4,1,15,20,18,19,35,37,33,39,72
161484,6,4,2,15,20,18,19,35,37,33,39,72
161484,7,999,1,43,82,32,101,125,133,75,183,258
161484,7,999,2,43,82,32,101,125,133,75,183,258
161484,8,5,1,15,27,8,31,42,39,23,58,81
161484,8,5,2,15,27,8,31,42,39,23,58,81
161484,9,6,1,12,26,5,18,38,23,17,44,61
161484,9,6,2,12,26,5,18,38,23,17,44,61
161484,10,7,1,10,15,13,14,25,27,23,29,52
161484,10,7,2,10,15,13,14,25,27,23,29,52
161484,11,8,1,5,7,2,26,12,28,7,33,40
161484,11,8,2,5,7,2,26,12,28,7,33,40
161484,12,9,1,0,7,3,11,7,14,3,18,21
161484,12,9,2,0,7,3,11,7,14,3,18,21
161484,13,10,1,1,0,1,1,1,2,2,1,3
161484,13,10,2,1,0,1,1,1,2,2,1,3
161493,1,412,1,4,111,2,41,115,43,6,152,158
161493,1,112,2,4,111,2,41,115,43,6,152,158
161493,2,999,1,0,72,2,24,72,26,2,96,98
161493,2,999,2,0,72,2,24,72,26,2,96,98
161493,3,1,1,0,1,0,0,1,0,0,1,1
161493,3,1,2,0,1,0,0,1,0,0,1,1
161493,4,2,1,0,30,1,3,30,4,1,33,34
161493,4,2,2,0,30,1,3,30,4,1,33,34
161493,5,3,1,0,30,1,9,30,10,1,39,40
161493,5,3,2,0,30,1,9,30,10,1,39,40
161493,6,4,1,0,11,0,12,11,12,0,23,23
161493,6,4,2,0,11,0,12,11,12,0,23,23
161493,7,999,1,4,39,0,17,43,17,4,56,60
161493,7,999,2,4,39,0,17,43,17,4,56,60
161493,8,5,1,2,24,0,11,26,11,2,35,37
161493,8,5,2,2,24,0,11,26,11,2,35,37
161493,9,6,1,1,8,0,3,9,3,1,11,12
161493,9,6,2,1,8,0,3,9,3,1,11,12
161493,10,7,1,1,4,0,2,5,2,1,6,7
161493,10,7,2,1,4,0,2,5,2,1,6,7
161493,11,8,1,0,1,0,1,1,1,0,2,2
161493,11,8,2,0,1,0,1,1,1,0,2,2
161493,12,9,1,0,2,0,0,2,0,0,2,2
161493,12,9,2,0,2,0,0,2,0,0,2,2
161509,1,412,1,113,304,3,15,417,18,116,319,435
161509,1,112,2,95,273,3,9,368,12,98,282,380
161509,1,312,5,18,31,0,6,49,6,18,37,55
161509,2,999,1,93,272,2,8,365,10,95,280,375
161509,2,999,2,90,260,2,7,350,9,92,267,359
161509,2,999,5,3,12,0,1,15,1,3,13,16
161509,3,1,1,1,2,0,0,3,0,1,2,3
161509,3,1,2,1,2,0,0,3,0,1,2,3
161509,4,2,1,37,124,0,3,161,3,37,127,164
161509,4,2,2,37,124,0,3,161,3,37,127,164
161509,5,3,1,38,99,0,3,137,3,38,102,140
161509,5,3,2,38,99,0,3,137,3,38,102,140
161509,6,4,1,17,47,2,2,64,4,19,49,68
161509,6,4,2,14,35,2,1,49,3,16,36,52
161509,6,4,5,3,12,0,1,15,1,3,13,16
161509,7,999,1,19,27,1,7,46,8,20,34,54
161509,7,999,2,5,8,1,2,13,3,6,10,16
161509,7,999,5,14,19,0,5,33,5,14,24,38
161509,8,5,1,11,12,1,1,23,2,12,13,25
161509,8,5,2,3,4,1,1,7,2,4,5,9
161509,8,5,5,8,8,0,0,16,0,8,8,16
161509,9,6,1,4,7,0,1,11,1,4,8,12
161509,9,6,2,1,1,0,0,2,0,1,1,2
161509,9,6,5,3,6,0,1,9,1,3,7,10
161509,10,7,1,2,3,0,1,5,1,2,4,6
161509,10,7,2,0,2,0,0,2,0,0,2,2
161509,10,7,5,2,1,0,1,3,1,2,2,4
161509,11,8,1,2,2,0,2,4,2,2,4,6
161509,11,8,2,1,0,0,0,1,0,1,0,1
161509,11,8,5,1,2,0,2,3,2,1,4,5
161509,12,9,1,0,3,0,2,3,2,0,5,5
161509,12,9,2,0,1,0,1,1,1,0,2,2
161509,12,9,5,0,2,0,1,2,1,0,3,3
161509,14,11,1,1,5,0,0,6,0,1,5,6
161509,14,11,2,0,5,0,0,5,0,0,5,5
161509,14,11,5,1,0,0,0,1,0,1,0,1
161545,1,412,1,977,1016,1512,2284,1993,3796,2489,3300,5789
161545,1,112,2,977,1016,1512,2284,1993,3796,2489,3300,5789
161545,2,999,1,740,791,959,1267,1531,2226,1699,2058,3757
161545,2,999,2,740,791,959,1267,1531,2226,1699,2058,3757
161545,3,1,1,3,5,277,409,8,686,280,414,694
161545,3,1,2,3,5,277,409,8,686,280,414,694
161545,4,2,1,428,440,268,266,868,534,696,706,1402
161545,4,2,2,428,440,268,266,868,534,696,706,1402
161545,5,3,1,215,230,220,302,445,522,435,532,967
161545,5,3,2,215,230,220,302,445,522,435,532,967
161545,6,4,1,94,116,194,290,210,484,288,406,694
161545,6,4,2,94,116,194,290,210,484,288,406,694
161545,7,999,1,237,225,551,1016,462,1567,788,1241,2029
161545,7,999,2,237,225,551,1016,462,1567,788,1241,2029
161545,8,5,1,101,101,218,408,202,626,319,509,828
161545,8,5,2,101,101,218,408,202,626,319,509,828
161545,9,6,1,74,55,113,259,129,372,187,314,501
161545,9,6,2,74,55,113,259,129,372,187,314,501
161545,10,7,1,18,33,101,140,51,241,119,173,292
161545,10,7,2,18,33,101,140,51,241,119,173,292
161545,11,8,1,36,29,77,140,65,217,113,169,282
161545,11,8,2,36,29,77,140,65,217,113,169,282
161545,12,9,1,7,6,37,65,13,102,44,71,115
161545,12,9,2,7,6,37,65,13,102,44,71,115
161545,13,10,1,1,1,5,4,2,9,6,5,11
161545,13,10,2,1,1,5,4,2,9,6,5,11
161545,14,11,1,0,0,2,1,0,3,2,1,3
161545,14,11,2,0,0,2,1,0,3,2,1,3
161554,1,412,1,1713,2722,1259,2328,4435,3587,2972,5050,8022
161554,1,112,2,1489,2284,965,1360,3773,2325,2454,3644,6098
161554,1,312,5,224,438,294,968,662,1262,518,1406,1924
161554,2,999,1,1296,2080,642,964,3376,1606,1938,3044,4982
161554,2,999,2,1246,1962,621,855,3208,1476,1867,2817,4684
161554,2,999,5,50,118,21,109,168,130,71,227,298
161554,3,1,1,8,7,276,411,15,687,284,418,702
161554,3,1,2,8,7,276,411,15,687,284,418,702
161554,4,2,1,483,799,102,98,1282,200,585,897,1482
161554,4,2,2,483,799,102,98,1282,200,585,897,1482
161554,5,3,1,485,780,95,152,1265,247,580,932,1512
161554,5,3,2,479,772,95,147,1251,242,574,919,1493
161554,5,3,5,6,8,0,5,14,5,6,13,19
161554,6,4,1,320,494,169,303,814,472,489,797,1286
161554,6,4,2,276,384,148,199,660,347,424,583,1007
161554,6,4,5,44,110,21,104,154,125,65,214,279
161554,7,999,1,417,642,617,1364,1059,1981,1034,2006,3040
161554,7,999,2,243,322,344,505,565,849,587,827,1414
161554,7,999,5,174,320,273,859,494,1132,447,1179,1626
161554,8,5,1,228,287,193,425,515,618,421,712,1133
161554,8,5,2,135,156,126,166,291,292,261,322,583
161554,8,5,5,93,131,67,259,224,326,160,390,550
161554,9,6,1,101,147,148,264,248,412,249,411,660
161554,9,6,2,58,73,71,95,131,166,129,168,297
161554,9,6,5,43,74,77,169,117,246,120,243,363
161554,10,7,1,41,83,88,196,124,284,129,279,408
161554,10,7,2,25,39,47,64,64,111,72,103,175
161554,10,7,5,16,44,41,132,60,173,57,176,233
161554,11,8,1,35,78,104,267,113,371,139,345,484
161554,11,8,2,19,38,54,75,57,129,73,113,186
161554,11,8,5,16,40,50,192,56,242,66,232,298
161554,12,9,1,11,44,63,182,55,245,74,226,300
161554,12,9,2,6,14,28,79,20,107,34,93,127
161554,12,9,5,5,30,35,103,35,138,40,133,173
161554,13,10,1,1,3,21,30,4,51,22,33,55
161554,13,10,2,0,2,18,26,2,44,18,28,46
161554,13,10,5,1,1,3,4,2,7,4,5,9
161581,1,412,1,93,67,50,144,160,194,143,211,354
161581,1,112,2,93,67,50,144,160,194,143,211,354
161581,2,999,1,69,48,33,67,117,100,102,115,217
161581,2,999,2,69,48,33,67,117,100,102,115,217
161581,3,1,1,0,2,23,38,2,61,23,40,63
161581,3,1,2,0,2,23,38,2,61,23,40,63
161581,4,2,1,53,25,4,5,78,9,57,30,87
161581,4,2,2,53,25,4,5,78,9,57,30,87
161581,5,3,1,11,14,4,7,25,11,15,21,36
161581,5,3,2,11,14,4,7,25,11,15,21,36
161581,6,4,1,5,7,2,17,12,19,7,24,31
161581,6,4,2,5,7,2,17,12,19,7,24,31
161581,7,999,1,24,19,17,74,43,91,41,93,134
161581,7,999,2,24,19,17,74,43,91,41,93,134
161581,8,5,1,11,7,3,16,18,19,14,23,37
161581,8,5,2,11,7,3,16,18,19,14,23,37
161581,9,6,1,4,8,3,11,12,14,7,19,26
161581,9,6,2,4,8,3,11,12,14,7,19,26
161581,10,7,1,5,3,6,19,8,25,11,22,33
161581,10,7,2,5,3,6,19,8,25,11,22,33
161581,11,8,1,3,0,2,20,3,22,5,20,25
161581,11,8,2,3,0,2,20,3,22,5,20,25
161581,12,9,1,1,0,3,7,1,10,4,7,11
161581,12,9,2,1,0,3,7,1,10,4,7,11
161581,13,10,1,0,1,0,1,1,1,0,2,2
161581,13,10,2,0,1,0,1,1,1,0,2,2
161581,14,11,1,0,0,0,3,0,3,0,3,3
161581,14,11,2,0,0,0,3,0,3,0,3,3
161688,1,412,1,312,559,396,1256,871,1652,708,1815,2523
161688,1,112,2,312,559,396,1256,871,1652,708,1815,2523
161688,2,999,1,265,441,324,812,706,1136,589,1253,1842
161688,2,999,2,265,441,324,812,706,1136,589,1253,1842
161688,3,1,1,2,9,174,380,11,554,176,389,565
161688,3,1,2,2,9,174,380,11,554,176,389,565
161688,4,2,1,151,252,88,186,403,274,239,438,677
161688,4,2,2,151,252,88,186,403,274,239,438,677
161688,5,3,1,77,120,41,132,197,173,118,252,370
161688,5,3,2,77,120,41,132,197,173,118,252,370
161688,6,4,1,35,60,21,114,95,135,56,174,230
161688,6,4,2,35,60,21,114,95,135,56,174,230
161688,7,999,1,47,118,70,444,165,514,117,562,679
161688,7,999,2,47,118,70,444,165,514,117,562,679
161688,8,5,1,20,48,25,137,68,162,45,185,230
161688,8,5,2,20,48,25,137,68,162,45,185,230
161688,9,6,1,10,23,16,80,33,96,26,103,129
161688,9,6,2,10,23,16,80,33,96,26,103,129
161688,10,7,1,5,19,9,84,24,93,14,103,117
161688,10,7,2,5,19,9,84,24,93,14,103,117
161688,11,8,1,9,19,13,104,28,117,22,123,145
161688,11,8,2,9,19,13,104,28,117,22,123,145
161688,12,9,1,3,9,6,37,12,43,9,46,55
161688,12,9,2,3,9,6,37,12,43,9,46,55
161688,13,10,1,0,0,1,2,0,3,1,2,3
161688,13,10,2,0,0,1,2,0,3,1,2,3
161688,14,11,1,0,0,2,0,0,2,2,0,2
161688,14,11,2,0,0,2,0,0,2,2,0,2
161767,1,412,1,1398,1790,3089,5671,3188,8760,4487,7461,11948
161767,1,112,2,1398,1790,3089,5671,3188,8760,4487,7461,11948
161767,2,999,1,1195,1407,2119,3099,2602,5218,3314,4506,7820
161767,2,999,2,1195,1407,2119,3099,2602,5218,3314,4506,7820
161767,3,1,1,36,50,534,845,86,1379,570,895,1465
161767,3,1,2,36,50,534,845,86,1379,570,895,1465
161767,4,2,1,779,879,609,740,1658,1349,1388,1619,3007
161767,4,2,2,779,879,609,740,1658,1349,1388,1619,3007
161767,5,3,1,259,301,552,774,560,1326,811,1075,1886
161767,5,3,2,259,301,552,774,560,1326,811,1075,1886
161767,6,4,1,121,177,424,740,298,1164,545,917,1462
161767,6,4,2,121,177,424,740,298,1164,545,917,1462
161767,7,999,1,203,383,970,2572,586,3542,1173,2955,4128
161767,7,999,2,203,383,970,2572,586,3542,1173,2955,4128
161767,8,5,1,98,165,365,786,263,1151,463,951,1414
161767,8,5,2,98,165,365,786,263,1151,463,951,1414
161767,9,6,1,48,80,195,534,128,729,243,614,857
161767,9,6,2,48,80,195,534,128,729,243,614,857
161767,10,7,1,29,68,106,371,97,477,135,439,574
161767,10,7,2,29,68,106,371,97,477,135,439,574
161767,11,8,1,20,41,151,459,61,610,171,500,671
161767,11,8,2,20,41,151,459,61,610,171,500,671
161767,12,9,1,8,26,102,325,34,427,110,351,461
161767,12,9,2,8,26,102,325,34,427,110,351,461
161767,13,10,1,0,3,51,97,3,148,51,100,151
161767,13,10,2,0,3,51,97,3,148,51,100,151
161873,1,412,1,854,1245,780,1290,2099,2070,1634,2535,4169
161873,1,112,2,451,599,338,511,1050,849,789,1110,1899
161873,1,312,5,403,646,442,779,1049,1221,845,1425,2270
161873,2,999,1,405,601,116,212,1006,328,521,813,1334
161873,2,999,2,276,355,78,112,631,190,354,467,821
161873,2,999,5,129,246,38,100,375,138,167,346,513
161873,3,1,1,0,1,0,0,1,0,0,1,1
161873,3,1,2,0,1,0,0,1,0,0,1,1
161873,4,2,1,44,64,6,7,108,13,50,71,121
161873,4,2,2,44,63,6,7,107,13,50,70,120
161873,4,2,5,0,1,0,0,1,0,0,1,1
161873,5,3,1,96,161,25,38,257,63,121,199,320
161873,5,3,2,91,140,25,34,231,59,116,174,290
161873,5,3,5,5,21,0,4,26,4,5,25,30
161873,6,4,1,265,375,85,167,640,252,350,542,892
161873,6,4,2,141,151,47,71,292,118,188,222,410
161873,6,4,5,124,224,38,96,348,134,162,320,482
161873,7,999,1,447,642,658,1077,1089,1735,1105,1719,2824
161873,7,999,2,175,244,256,398,419,654,431,642,1073
161873,7,999,5,272,398,402,679,670,1081,674,1077,1751
161873,8,5,1,243,348,181,355,591,536,424,703,1127
161873,8,5,2,94,110,71,120,204,191,165,230,395
161873,8,5,5,149,238,110,235,387,345,259,473,732
161873,9,6,1,94,139,156,235,233,391,250,374,624
161873,9,6,2,37,59,67,76,96,143,104,135,239
161873,9,6,5,57,80,89,159,137,248,146,239,385
161873,10,7,1,49,76,113,156,125,269,162,232,394
161873,10,7,2,19,35,47,64,54,111,66,99,165
161873,10,7,5,30,41,66,92,71,158,96,133,229
161873,11,8,1,45,50,143,194,95,337,188,244,432
161873,11,8,2,19,27,53,86,46,139,72,113,185
161873,11,8,5,26,23,90,108,49,198,116,131,247
161873,12,9,1,15,25,56,122,40,178,71,147,218
161873,12,9,2,5,10,15,48,15,63,20,58,78
161873,12,9,5,10,15,41,74,25,115,51,89,140
161873,13,10,1,1,4,9,15,5,24,10,19,29
161873,13,10,2,1,3,3,4,4,7,4,7,11
161873,13,10,5,0,1,6,11,1,17,6,12,18
161873,14,11,1,2,2,6,1,4,7,8,3,11
161873,14,11,2,0,0,4,1,0,5,4,1,5
161873,14,11,5,2,2,2,0,4,2,4,2,6
162122,1,412,1,837,1164,1405,2758,2001,4163,2242,3922,6164
162122,1,112,2,837,1164,1405,2758,2001,4163,2242,3922,6164
162122,2,999,1,737,985,1060,1681,1722,2741,1797,2666,4463
162122,2,999,2,737,985,1060,1681,1722,2741,1797,2666,4463
162122,3,1,1,24,68,179,369,92,548,203,437,640
162122,3,1,2,24,68,179,369,92,548,203,437,640
162122,4,2,1,507,662,388,538,1169,926,895,1200,2095
162122,4,2,2,507,662,388,538,1169,926,895,1200,2095
162122,5,3,1,163,168,292,414,331,706,455,582,1037
162122,5,3,2,163,168,292,414,331,706,455,582,1037
162122,6,4,1,43,87,201,360,130,561,244,447,691
162122,6,4,2,43,87,201,360,130,561,244,447,691
162122,7,999,1,100,179,345,1077,279,1422,445,1256,1701
162122,7,999,2,100,179,345,1077,279,1422,445,1256,1701
162122,8,5,1,40,67,140,358,107,498,180,425,605
162122,8,5,2,40,67,140,358,107,498,180,425,605
162122,9,6,1,28,43,76,231,71,307,104,274,378
162122,9,6,2,28,43,76,231,71,307,104,274,378
162122,10,7,1,16,28,49,163,44,212,65,191,256
162122,10,7,2,16,28,49,163,44,212,65,191,256
162122,11,8,1,10,30,51,191,40,242,61,221,282
162122,11,8,2,10,30,51,191,40,242,61,221,282
162122,12,9,1,5,11,24,127,16,151,29,138,167
162122,12,9,2,5,11,24,127,16,151,29,138,167
162122,13,10,1,1,0,5,7,1,12,6,7,13
162122,13,10,2,1,0,5,7,1,12,6,7,13
162168,1,412,1,214,292,397,1001,506,1398,611,1293,1904
162168,1,112,2,214,292,397,1001,506,1398,611,1293,1904
162168,2,999,1,205,247,310,646,452,956,515,893,1408
162168,2,999,2,205,247,310,646,452,956,515,893,1408
162168,3,1,1,4,20,111,238,24,349,115,258,373
162168,3,1,2,4,20,111,238,24,349,115,258,373
162168,4,2,1,158,173,85,167,331,252,243,340,583
162168,4,2,2,158,173,85,167,331,252,243,340,583
162168,5,3,1,37,34,65,123,71,188,102,157,259
162168,5,3,2,37,34,65,123,71,188,102,157,259
162168,6,4,1,6,20,49,118,26,167,55,138,193
162168,6,4,2,6,20,49,118,26,167,55,138,193
162168,7,999,1,9,45,87,355,54,442,96,400,496
162168,7,999,2,9,45,87,355,54,442,96,400,496
162168,8,5,1,5,19,35,130,24,165,40,149,189
162168,8,5,2,5,19,35,130,24,165,40,149,189
162168,9,6,1,3,11,21,82,14,103,24,93,117
162168,9,6,2,3,11,21,82,14,103,24,93,117
162168,10,7,1,1,7,9,55,8,64,10,62,72
162168,10,7,2,1,7,9,55,8,64,10,62,72
162168,11,8,1,0,6,10,58,6,68,10,64,74
162168,11,8,2,0,6,10,58,6,68,10,64,74
162168,12,9,1,0,2,10,26,2,36,10,28,38
162168,12,9,2,0,2,10,26,2,36,10,28,38
162168,13,10,1,0,0,2,4,0,6,2,4,6
162168,13,10,2,0,0,2,4,0,6,2,4,6
162210,1,412,1,198,443,97,230,641,327,295,673,968
162210,1,112,2,195,429,75,146,624,221,270,575,845
162210,1,312,5,3,14,22,84,17,106,25,98,123
162210,2,999,1,146,265,56,102,411,158,202,367,569
162210,2,999,2,144,261,54,96,405,150,198,357,555
162210,2,999,5,2,4,2,6,6,8,4,10,14
162210,3,1,1,2,9,37,58,11,95,39,67,106
162210,3,1,2,2,9,37,58,11,95,39,67,106
162210,4,2,1,42,101,9,15,143,24,51,116,167
162210,4,2,2,42,101,9,15,143,24,51,116,167
162210,5,3,1,71,88,3,13,159,16,74,101,175
162210,5,3,2,71,88,3,13,159,16,74,101,175
162210,6,4,1,31,67,7,16,98,23,38,83,121
162210,6,4,2,29,63,5,10,92,15,34,73,107
162210,6,4,5,2,4,2,6,6,8,4,10,14
162210,7,999,1,52,178,40,126,230,166,92,304,396
162210,7,999,2,51,168,20,48,219,68,71,216,287
162210,7,999,5,1,10,20,78,11,98,21,88,109
162210,8,5,1,27,44,15,29,71,44,42,73,115
162210,8,5,2,27,39,7,7,66,14,34,46,80
162210,8,5,5,0,5,8,22,5,30,8,27,35
162210,9,6,1,8,37,9,21,45,30,17,58,75
162210,9,6,2,7,36,3,9,43,12,10,45,55
162210,9,6,5,1,1,6,12,2,18,7,13,20
162210,10,7,1,4,38,0,17,42,17,4,55,59
162210,10,7,2,4,37,0,6,41,6,4,43,47
162210,10,7,5,0,1,0,11,1,11,0,12,12
162210,11,8,1,7,46,8,37,53,45,15,83,98
162210,11,8,2,7,44,6,15,51,21,13,59,72
162210,11,8,5,0,2,2,22,2,24,2,24,26
162210,12,9,1,6,12,8,21,18,29,14,33,47
162210,12,9,2,6,11,4,11,17,15,10,22,32
162210,12,9,5,0,1,4,10,1,14,4,11,15
162210,13,10,1,0,1,0,1,1,1,0,2,2
162210,13,10,2,0,1,0,0,1,0,0,1,1
162210,13,10,5,0,0,0,1,0,1,0,1,1
162210,14,11,1,0,0,1,2,0,3,1,2,3
162210,14,11,2,0,0,1,2,0,3,1,2,3
162609,1,412,1,192,146,115,171,338,286,307,317,624
162609,1,112,2,192,146,115,171,338,286,307,317,624
162609,2,999,1,178,135,106,142,313,248,284,277,561
162609,2,999,2,178,135,106,142,313,248,284,277,561
162609,3,1,1,5,3,66,114,8,180,71,117,188
162609,3,1,2,5,3,66,114,8,180,71,117,188
162609,4,2,1,129,101,19,12,230,31,148,113,261
162609,4,2,2,129,101,19,12,230,31,148,113,261
162609,5,3,1,34,26,15,8,60,23,49,34,83
162609,5,3,2,34,26,15,8,60,23,49,34,83
162609,6,4,1,10,5,6,8,15,14,16,13,29
162609,6,4,2,10,5,6,8,15,14,16,13,29
162609,7,999,1,14,11,9,29,25,38,23,40,63
162609,7,999,2,14,11,9,29,25,38,23,40,63
162609,8,5,1,5,4,5,9,9,14,10,13,23
162609,8,5,2,5,4,5,9,9,14,10,13,23
162609,9,6,1,4,5,1,5,9,6,5,10,15
162609,9,6,2,4,5,1,5,9,6,5,10,15
162609,10,7,1,1,2,0,3,3,3,1,5,6
162609,10,7,2,1,2,0,3,3,3,1,5,6
162609,11,8,1,0,0,1,7,0,8,1,7,8
162609,11,8,2,0,0,1,7,0,8,1,7,8
162609,12,9,1,4,0,1,3,4,4,5,3,8
162609,12,9,2,4,0,1,3,4,4,5,3,8
162609,13,10,1,0,0,1,2,0,3,1,2,3
162609,13,10,2,0,0,1,2,0,3,1,2,3
162706,1,412,1,794,956,1365,2141,1750,3506,2159,3097,5256
162706,1,112,2,794,956,1365,2141,1750,3506,2159,3097,5256
162706,2,999,1,736,810,1077,1317,1546,2394,1813,2127,3940
162706,2,999,2,736,810,1077,1317,1546,2394,1813,2127,3940
162706,3,1,1,12,22,285,369,34,654,297,391,688
162706,3,1,2,12,22,285,369,34,654,297,391,688
162706,4,2,1,451,557,353,347,1008,700,804,904,1708
162706,4,2,2,451,557,353,347,1008,700,804,904,1708
162706,5,3,1,221,179,269,339,400,608,490,518,1008
162706,5,3,2,221,179,269,339,400,608,490,518,1008
162706,6,4,1,52,52,170,262,104,432,222,314,536
162706,6,4,2,52,52,170,262,104,432,222,314,536
162706,7,999,1,58,146,288,824,204,1112,346,970,1316
162706,7,999,2,58,146,288,824,204,1112,346,970,1316
162706,8,5,1,40,59,129,261,99,390,169,320,489
162706,8,5,2,40,59,129,261,99,390,169,320,489
162706,9,6,1,10,32,62,193,42,255,72,225,297
162706,9,6,2,10,32,62,193,42,255,72,225,297
162706,10,7,1,1,23,27,134,24,161,28,157,185
162706,10,7,2,1,23,27,134,24,161,28,157,185
162706,11,8,1,6,21,37,156,27,193,43,177,220
162706,11,8,2,6,21,37,156,27,193,43,177,220
162706,12,9,1,0,11,30,74,11,104,30,85,115
162706,12,9,2,0,11,30,74,11,104,30,85,115
162706,13,10,1,1,0,3,6,1,9,4,6,10
162706,13,10,2,1,0,3,6,1,9,4,6,10
162830,1,412,1,2,133,0,0,135,0,2,133,135
162830,1,112,2,2,133,0,0,135,0,2,133,135
162830,2,999,1,2,62,0,0,64,0,2,62,64
162830,2,999,2,2,62,0,0,64,0,2,62,64
162830,3,1,1,0,1,0,0,1,0,0,1,1
162830,3,1,2,0,1,0,0,1,0,0,1,1
162830,4,2,1,0,23,0,0,23,0,0,23,23
162830,4,2,2,0,23,0,0,23,0,0,23,23
162830,5,3,1,1,16,0,0,17,0,1,16,17
162830,5,3,2,1,16,0,0,17,0,1,16,17
162830,6,4,1,1,22,0,0,23,0,1,22,23
162830,6,4,2,1,22,0,0,23,0,1,22,23
162830,7,999,1,0,71,0,0,71,0,0,71,71
162830,7,999,2,0,71,0,0,71,0,0,71,71
162830,8,5,1,0,27,0,0,27,0,0,27,27
162830,8,5,2,0,27,0,0,27,0,0,27,27
162830,9,6,1,0,17,0,0,17,0,0,17,17
162830,9,6,2,0,17,0,0,17,0,0,17,17
162830,10,7,1,0,8,0,0,8,0,0,8,8
162830,10,7,2,0,8,0,0,8,0,0,8,8
162830,11,8,1,0,14,0,0,14,0,0,14,14
162830,11,8,2,0,14,0,0,14,0,0,14,14
162830,12,9,1,0,4,0,0,4,0,0,4,4
162830,12,9,2,0,4,0,0,4,0,0,4,4
162830,13,10,1,0,1,0,0,1,0,0,1,1
162830,13,10,2,0,1,0,0,1,0,0,1,1
163028,1,412,1,590,72,188,20,662,208,778,92,870
163028,1,112,2,590,72,188,20,662,208,778,92,870
163028,2,999,1,351,42,81,7,393,88,432,49,481
163028,2,999,2,351,42,81,7,393,88,432,49,481
163028,3,1,1,2,1,0,0,3,0,2,1,3
163028,3,1,2,2,1,0,0,3,0,2,1,3
163028,4,2,1,120,16,14,2,136,16,134,18,152
163028,4,2,2,120,16,14,2,136,16,134,18,152
163028,5,3,1,118,9,30,2,127,32,148,11,159
163028,5,3,2,118,9,30,2,127,32,148,11,159
163028,6,4,1,111,16,37,3,127,40,148,19,167
163028,6,4,2,111,16,37,3,127,40,148,19,167
163028,7,999,1,239,30,107,13,269,120,346,43,389
163028,7,999,2,239,30,107,13,269,120,346,43,389
163028,8,5,1,119,13,37,5,132,42,156,18,174
163028,8,5,2,119,13,37,5,132,42,156,18,174
163028,9,6,1,49,3,26,2,52,28,75,5,80
163028,9,6,2,49,3,26,2,52,28,75,5,80
163028,10,7,1,33,9,17,6,42,23,50,15,65
163028,10,7,2,33,9,17,6,42,23,50,15,65
163028,11,8,1,31,3,20,0,34,20,51,3,54
163028,11,8,2,31,3,20,0,34,20,51,3,54
163028,12,9,1,7,2,7,0,9,7,14,2,16
163028,12,9,2,7,2,7,0,9,7,14,2,16
163204,1,412,1,5351,5210,25535,22430,10561,47965,30886,27640,58526
163204,1,112,2,5289,5136,20413,16242,10425,36655,25702,21378,47080
163204,1,312,5,62,74,5122,6188,136,11310,5184,6262,11446
163204,2,999,1,1338,1582,5113,4626,2920,9739,6451,6208,12659
163204,2,999,2,1334,1576,4837,4141,2910,8978,6171,5717,11888
163204,2,999,5,4,6,276,485,10,761,280,491,771
163204,3,1,1,4,7,37,61,11,98,41,68,109
163204,3,1,2,4,7,37,61,11,98,41,68,109
163204,4,2,1,139,180,353,338,319,691,492,518,1010
163204,4,2,2,139,180,353,337,319,690,492,517,1009
163204,4,2,5,0,0,0,1,0,1,0,1,1
163204,5,3,1,370,501,1482,1276,871,2758,1852,1777,3629
163204,5,3,2,370,500,1477,1266,870,2743,1847,1766,3613
163204,5,3,5,0,1,5,10,1,15,5,11,16
163204,6,4,1,825,894,3241,2951,1719,6192,4066,3845,7911
163204,6,4,2,821,889,2970,2477,1710,5447,3791,3366,7157
163204,6,4,5,4,5,271,474,9,745,275,479,754
163204,7,999,1,4013,3628,20407,17793,7641,38200,24420,21421,45841
163204,7,999,2,3955,3560,15566,12093,7515,27659,19521,15653,35174
163204,7,999,5,58,68,4841,5700,126,10541,4899,5768,10667
163204,8,5,1,1457,1409,6423,5228,2866,11651,7880,6637,14517
163204,8,5,2,1446,1386,5358,3744,2832,9102,6804,5130,11934
163204,8,5,5,11,23,1065,1484,34,2549,1076,1507,2583
163204,9,6,1,1064,946,5241,4120,2010,9361,6305,5066,11371
163204,9,6,2,1055,928,4135,2886,1983,7021,5190,3814,9004
163204,9,6,5,9,18,1106,1234,27,2340,1115,1252,2367
163204,10,7,1,657,568,3790,2998,1225,6788,4447,3566,8013
163204,10,7,2,644,558,2910,1980,1202,4890,3554,2538,6092
163204,10,7,5,13,10,880,1018,23,1898,893,1028,1921
163204,11,8,1,663,516,3477,3471,1179,6948,4140,3987,8127
163204,11,8,2,643,504,2307,2234,1147,4541,2950,2738,5688
163204,11,8,5,20,12,1170,1237,32,2407,1190,1249,2439
163204,12,9,1,171,185,1382,1850,356,3232,1553,2035,3588
163204,12,9,2,166,180,801,1158,346,1959,967,1338,2305
163204,12,9,5,5,5,581,692,10,1273,586,697,1283
163204,13,10,1,1,4,94,126,5,220,95,130,225
163204,13,10,2,1,4,55,91,5,146,56,95,151
163204,13,10,5,0,0,39,35,0,74,39,35,74
163204,14,11,1,0,0,15,11,0,26,15,11,26
163204,14,11,2,0,0,10,8,0,18,10,8,18
163204,14,11,5,0,0,5,3,0,8,5,3,8
163259,1,412,1,1458,3621,464,1594,5079,2058,1922,5215,7137
163259,1,112,2,125,582,26,165,707,191,151,747,898
163259,1,312,5,1333,3039,438,1429,4372,1867,1771,4468,6239
163259,2,999,1,503,1519,37,176,2022,213,540,1695,2235
163259,2,999,2,52,352,6,46,404,52,58,398,456
163259,2,999,5,451,1167,31,130,1618,161,482,1297,1779
163259,3,1,1,0,0,2,3,0,5,2,3,5
163259,3,1,5,0,0,2,3,0,5,2,3,5
163259,4,2,1,3,11,0,0,14,0,3,11,14
163259,4,2,2,1,10,0,0,11,0,1,10,11
163259,4,2,5,2,1,0,0,3,0,2,1,3
163259,5,3,1,44,239,5,16,283,21,49,255,304
163259,5,3,2,25,180,2,12,205,14,27,192,219
163259,5,3,5,19,59,3,4,78,7,22,63,85
163259,6,4,1,456,1269,30,157,1725,187,486,1426,1912
163259,6,4,2,26,162,4,34,188,38,30,196,226
163259,6,4,5,430,1107,26,123,1537,149,456,1230,1686
163259,7,999,1,955,2101,427,1418,3056,1845,1382,3519,4901
163259,7,999,2,73,230,20,119,303,139,93,349,442
163259,7,999,5,882,1871,407,1299,2753,1706,1289,3170,4459
163259,8,5,1,605,1308,93,401,1913,494,698,1709,2407
163259,8,5,2,33,107,5,41,140,46,38,148,186
163259,8,5,5,572,1201,88,360,1773,448,660,1561,2221
163259,9,6,1,190,413,106,274,603,380,296,687,983
163259,9,6,2,16,55,7,30,71,37,23,85,108
163259,9,6,5,174,358,99,244,532,343,273,602,875
163259,10,7,1,92,205,70,213,297,283,162,418,580
163259,10,7,2,12,41,2,21,53,23,14,62,76
163259,10,7,5,80,164,68,192,244,260,148,356,504
163259,11,8,1,55,126,83,297,181,380,138,423,561
163259,11,8,2,9,21,4,20,30,24,13,41,54
163259,11,8,5,46,105,79,277,151,356,125,382,507
163259,12,9,1,13,47,61,220,60,281,74,267,341
163259,12,9,2,3,6,2,7,9,9,5,13,18
163259,12,9,5,10,41,59,213,51,272,69,254,323
163259,13,10,1,0,2,14,13,2,27,14,15,29
163259,13,10,5,0,2,14,13,2,27,14,15,29
163259,14,11,1,0,1,0,0,1,0,0,1,1
163259,14,11,5,0,1,0,0,1,0,0,1,1
163268,1,412,1,5656,4780,1579,1482,10436,3061,7235,6262,13497
163268,1,112,2,5004,4216,933,779,9220,1712,5937,4995,10932
163268,1,312,5,652,564,646,703,1216,1349,1298,1267,2565
163268,2,999,1,4775,4046,657,493,8821,1150,5432,4539,9971
163268,2,999,2,4582,3856,561,388,8438,949,5143,4244,9387
163268,2,999,5,193,190,96,105,383,201,289,295,584
163268,3,1,1,104,102,7,3,206,10,111,105,216
163268,3,1,2,104,102,7,3,206,10,111,105,216
163268,4,2,1,1797,1449,55,26,3246,81,1852,1475,3327
163268,4,2,2,1797,1449,55,26,3246,81,1852,1475,3327
163268,5,3,1,1835,1659,171,142,3494,313,2006,1801,3807
163268,5,3,2,1821,1645,169,136,3466,305,1990,1781,3771
163268,5,3,5,14,14,2,6,28,8,16,20,36
163268,6,4,1,1039,836,424,322,1875,746,1463,1158,2621
163268,6,4,2,860,660,330,223,1520,553,1190,883,2073
163268,6,4,5,179,176,94,99,355,193,273,275,548
163268,7,999,1,881,734,922,989,1615,1911,1803,1723,3526
163268,7,999,2,422,360,372,391,782,763,794,751,1545
163268,7,999,5,459,374,550,598,833,1148,1009,972,1981
163268,8,5,1,553,452,399,359,1005,758,952,811,1763
163268,8,5,2,293,248,214,159,541,373,507,407,914
163268,8,5,5,260,204,185,200,464,385,445,404,849
163268,9,6,1,173,131,190,205,304,395,363,336,699
163268,9,6,2,73,53,74,78,126,152,147,131,278
163268,9,6,5,100,78,116,127,178,243,216,205,421
163268,10,7,1,76,72,115,107,148,222,191,179,370
163268,10,7,2,29,29,31,41,58,72,60,70,130
163268,10,7,5,47,43,84,66,90,150,131,109,240
163268,11,8,1,48,50,130,183,98,313,178,233,411
163268,11,8,2,16,18,29,62,34,91,45,80,125
163268,11,8,5,32,32,101,121,64,222,133,153,286
163268,12,9,1,24,26,71,121,50,192,95,147,242
163268,12,9,2,8,10,12,42,18,54,20,52,72
163268,12,9,5,16,16,59,79,32,138,75,95,170
163268,13,10,1,7,3,17,14,10,31,24,17,41
163268,13,10,2,3,2,12,9,5,21,15,11,26
163268,13,10,5,4,1,5,5,5,10,9,6,15
163286,1,412,1,18305,17315,2686,2403,35620,5089,20991,19718,40709
163286,1,112,2,14510,13650,1537,1178,28160,2715,16047,14828,30875
163286,1,312,5,3795,3665,1149,1225,7460,2374,4944,4890,9834
163286,2,999,1,14916,14377,1879,1643,29293,3522,16795,16020,32815
163286,2,999,2,13859,13168,1095,826,27027,1921,14954,13994,28948
163286,2,999,5,1057,1209,784,817,2266,1601,1841,2026,3867
163286,3,1,1,31,35,25,35,66,60,56,70,126
163286,3,1,2,30,34,18,35,64,53,48,69,117
163286,3,1,5,1,1,7,0,2,7,8,1,9
163286,4,2,1,4547,4794,297,278,9341,575,4844,5072,9916
163286,4,2,2,4547,4793,116,115,9340,231,4663,4908,9571
163286,4,2,5,0,1,181,163,1,344,181,164,345
163286,5,3,1,6776,6582,739,652,13358,1391,7515,7234,14749
163286,5,3,2,6744,6550,334,248,13294,582,7078,6798,13876
163286,5,3,5,32,32,405,404,64,809,437,436,873
163286,6,4,1,3562,2966,818,678,6528,1496,4380,3644,8024
163286,6,4,2,2538,1791,627,428,4329,1055,3165,2219,5384
163286,6,4,5,1024,1175,191,250,2199,441,1215,1425,2640
163286,7,999,1,3389,2938,807,760,6327,1567,4196,3698,7894
163286,7,999,2,651,482,442,352,1133,794,1093,834,1927
163286,7,999,5,2738,2456,365,408,5194,773,3103,2864,5967
163286,8,5,1,2048,1740,398,317,3788,715,2446,2057,4503
163286,8,5,2,464,325,261,185,789,446,725,510,1235
163286,8,5,5,1584,1415,137,132,2999,269,1721,1547,3268
163286,9,6,1,827,701,213,249,1528,462,1040,950,1990
163286,9,6,2,120,97,89,85,217,174,209,182,391
163286,9,6,5,707,604,124,164,1311,288,831,768,1599
163286,10,7,1,258,248,100,112,506,212,358,360,718
163286,10,7,2,36,27,34,26,63,60,70,53,123
163286,10,7,5,222,221,66,86,443,152,288,307,595
163286,11,8,1,202,187,71,56,389,127,273,243,516
163286,11,8,2,27,29,34,30,56,64,61,59,120
163286,11,8,5,175,158,37,26,333,63,212,184,396
163286,12,9,1,50,60,8,15,110,23,58,75,133
163286,12,9,2,4,4,7,15,8,22,11,19,30
163286,12,9,5,46,56,1,0,102,1,47,56,103
163286,13,10,1,4,2,17,11,6,28,21,13,34
163286,13,10,2,0,0,17,11,0,28,17,11,28
163286,13,10,5,4,2,0,0,6,0,4,2,6
163295,1,412,1,397,1044,138,313,1441,451,535,1357,1892
163295,1,112,2,339,913,26,53,1252,79,365,966,1331
163295,1,312,5,58,131,112,260,189,372,170,391,561
163295,2,999,1,327,944,28,79,1271,107,355,1023,1378
163295,2,999,2,310,896,19,36,1206,55,329,932,1261
163295,2,999,5,17,48,9,43,65,52,26,91,117
163295,3,1,1,9,45,1,0,54,1,10,45,55
163295,3,1,2,9,45,1,0,54,1,10,45,55
163295,4,2,1,123,381,4,9,504,13,127,390,517
163295,4,2,2,123,381,4,8,504,12,127,389,516
163295,4,2,5,0,0,0,1,0,1,0,1,1
163295,5,3,1,133,378,8,18,511,26,141,396,537
163295,5,3,2,130,374,8,16,504,24,138,390,528
163295,5,3,5,3,4,0,2,7,2,3,6,9
163295,6,4,1,62,140,15,52,202,67,77,192,269
163295,6,4,2,48,96,6,12,144,18,54,108,162
163295,6,4,5,14,44,9,40,58,49,23,84,107
163295,7,999,1,70,100,110,234,170,344,180,334,514
163295,7,999,2,29,17,7,17,46,24,36,34,70
163295,7,999,5,41,83,103,217,124,320,144,300,444
163295,8,5,1,45,63,43,90,108,133,88,153,241
163295,8,5,2,22,16,4,2,38,6,26,18,44
163295,8,5,5,23,47,39,88,70,127,62,135,197
163295,9,6,1,14,23,26,62,37,88,40,85,125
163295,9,6,2,2,0,0,2,2,2,2,2,4
163295,9,6,5,12,23,26,60,35,86,38,83,121
163295,10,7,1,8,8,21,33,16,54,29,41,70
163295,10,7,2,4,1,1,1,5,2,5,2,7
163295,10,7,5,4,7,20,32,11,52,24,39,63
163295,11,8,1,3,3,14,31,6,45,17,34,51
163295,11,8,2,1,0,1,3,1,4,2,3,5
163295,11,8,5,2,3,13,28,5,41,15,31,46
163295,12,9,1,0,3,5,16,3,21,5,19,24
163295,12,9,2,0,0,1,8,0,9,1,8,9
163295,12,9,5,0,3,4,8,3,12,4,11,15
163295,13,10,1,0,0,1,2,0,3,1,2,3
163295,13,10,2,0,0,0,1,0,1,0,1,1
163295,13,10,5,0,0,1,1,0,2,1,1,2
163453,1,412,1,2542,4106,438,548,6648,986,2980,4654,7634
163453,1,112,2,2147,3434,328,361,5581,689,2475,3795,6270
163453,1,312,5,395,672,110,187,1067,297,505,859,1364
163453,2,999,1,1929,3241,188,180,5170,368,2117,3421,5538
163453,2,999,2,1884,3143,182,173,5027,355,2066,3316,5382
163453,2,999,5,45,98,6,7,143,13,51,105,156
163453,3,1,1,8,33,0,0,41,0,8,33,41
163453,3,1,2,8,33,0,0,41,0,8,33,41
163453,4,2,1,680,1267,27,32,1947,59,707,1299,2006
163453,4,2,2,680,1264,27,32,1944,59,707,1296,2003
163453,4,2,5,0,3,0,0,3,0,0,3,3
163453,5,3,1,668,1224,53,54,1892,107,721,1278,1999
163453,5,3,2,665,1219,53,54,1884,107,718,1273,1991
163453,5,3,5,3,5,0,0,8,0,3,5,8
163453,6,4,1,573,717,108,94,1290,202,681,811,1492
163453,6,4,2,531,627,102,87,1158,189,633,714,1347
163453,6,4,5,42,90,6,7,132,13,48,97,145
163453,7,999,1,613,865,250,368,1478,618,863,1233,2096
163453,7,999,2,263,291,146,188,554,334,409,479,888
163453,7,999,5,350,574,104,180,924,284,454,754,1208
163453,8,5,1,257,301,90,114,558,204,347,415,762
163453,8,5,2,180,172,68,67,352,135,248,239,487
163453,8,5,5,77,129,22,47,206,69,99,176,275
163453,9,6,1,129,174,55,70,303,125,184,244,428
163453,9,6,2,48,49,30,33,97,63,78,82,160
163453,9,6,5,81,125,25,37,206,62,106,162,268
163453,10,7,1,75,112,34,51,187,85,109,163,272
163453,10,7,2,20,29,18,29,49,47,38,58,96
163453,10,7,5,55,83,16,22,138,38,71,105,176
163453,11,8,1,93,170,44,61,263,105,137,231,368
163453,11,8,2,12,28,15,28,40,43,27,56,83
163453,11,8,5,81,142,29,33,223,62,110,175,285
163453,12,9,1,52,87,21,62,139,83,73,149,222
163453,12,9,2,3,11,12,27,14,39,15,38,53
163453,12,9,5,49,76,9,35,125,44,58,111,169
163453,13,10,1,7,21,6,10,28,16,13,31,44
163453,13,10,2,0,2,3,4,2,7,3,6,9
163453,13,10,5,7,19,3,6,26,9,10,25,35
163578,1,412,1,88,866,218,1061,954,1279,306,1927,2233
163578,1,112,2,15,548,11,181,563,192,26,729,755
163578,1,312,5,73,318,207,880,391,1087,280,1198,1478
163578,2,999,1,9,550,14,94,559,108,23,644,667
163578,2,999,2,3,465,1,21,468,22,4,486,490
163578,2,999,5,6,85,13,73,91,86,19,158,177
163578,3,1,1,0,15,0,0,15,0,0,15,15
163578,3,1,2,0,15,0,0,15,0,0,15,15
163578,4,2,1,0,153,0,1,153,1,0,154,154
163578,4,2,2,0,153,0,1,153,1,0,154,154
163578,5,3,1,0,232,0,9,232,9,0,241,241
163578,5,3,2,0,223,0,7,223,7,0,230,230
163578,5,3,5,0,9,0,2,9,2,0,11,11
163578,6,4,1,9,150,14,84,159,98,23,234,257
163578,6,4,2,3,74,1,13,77,14,4,87,91
163578,6,4,5,6,76,13,71,82,84,19,147,166
163578,7,999,1,79,316,204,961,395,1165,283,1277,1560
163578,7,999,2,12,83,10,159,95,169,22,242,264
163578,7,999,5,67,233,194,802,300,996,261,1035,1296
163578,8,5,1,26,144,36,213,170,249,62,357,419
163578,8,5,2,5,39,3,36,44,39,8,75,83
163578,8,5,5,21,105,33,177,126,210,54,282,336
163578,9,6,1,32,55,55,151,87,206,87,206,293
163578,9,6,2,6,18,2,27,24,29,8,45,53
163578,9,6,5,26,37,53,124,63,177,79,161,240
163578,10,7,1,10,41,32,134,51,166,42,175,217
163578,10,7,2,0,13,1,23,13,24,1,36,37
163578,10,7,5,10,28,31,111,38,142,41,139,180
163578,11,8,1,7,47,55,268,54,323,62,315,377
163578,11,8,2,0,7,2,45,7,47,2,52,54
163578,11,8,5,7,40,53,223,47,276,60,263,323
163578,12,9,1,4,28,22,191,32,213,26,219,245
163578,12,9,2,1,6,2,28,7,30,3,34,37
163578,12,9,5,3,22,20,163,25,183,23,185,208
163578,13,10,1,0,1,4,4,1,8,4,5,9
163578,13,10,5,0,1,4,4,1,8,4,5,9
163578,14,11,1,0,0,0,6,0,6,0,6,6
163578,14,11,2,0,0,0,1,0,1,0,1,1
163578,14,11,5,0,0,0,5,0,5,0,5,5
163657,1,412,1,1317,2187,2538,5315,3504,7853,3855,7502,11357
163657,1,112,2,1317,2187,2538,5315,3504,7853,3855,7502,11357
163657,2,999,1,1145,1738,1735,2889,2883,4624,2880,4627,7507
163657,2,999,2,1145,1738,1735,2889,2883,4624,2880,4627,7507
163657,3,1,1,110,297,540,1142,407,1682,650,1439,2089
163657,3,1,2,110,297,540,1142,407,1682,650,1439,2089
163657,4,2,1,642,888,443,532,1530,975,1085,1420,2505
163657,4,2,2,642,888,443,532,1530,975,1085,1420,2505
163657,5,3,1,282,368,437,565,650,1002,719,933,1652
163657,5,3,2,282,368,437,565,650,1002,719,933,1652
163657,6,4,1,111,185,315,650,296,965,426,835,1261
163657,6,4,2,111,185,315,650,296,965,426,835,1261
163657,7,999,1,172,449,803,2426,621,3229,975,2875,3850
163657,7,999,2,172,449,803,2426,621,3229,975,2875,3850
163657,8,5,1,76,170,255,728,246,983,331,898,1229
163657,8,5,2,76,170,255,728,246,983,331,898,1229
163657,9,6,1,41,116,194,525,157,719,235,641,876
163657,9,6,2,41,116,194,525,157,719,235,641,876
163657,10,7,1,26,72,104,360,98,464,130,432,562
163657,10,7,2,26,72,104,360,98,464,130,432,562
163657,11,8,1,21,59,143,501,80,644,164,560,724
163657,11,8,2,21,59,143,501,80,644,164,560,724
163657,12,9,1,7,31,85,273,38,358,92,304,396
163657,12,9,2,7,31,85,273,38,358,92,304,396
163657,13,10,1,1,1,22,39,2,61,23,40,63
163657,13,10,2,1,1,22,39,2,61,23,40,63
163851,1,412,1,3047,4107,367,603,7154,970,3414,4710,8124
163851,1,112,2,2949,3672,272,257,6621,529,3221,3929,7150
163851,1,312,5,98,435,95,346,533,441,193,781,974
163851,2,999,1,2872,3631,227,216,6503,443,3099,3847,6946
163851,2,999,2,2829,3472,212,168,6301,380,3041,3640,6681
163851,2,999,5,43,159,15,48,202,63,58,207,265
163851,3,1,1,15,23,18,16,38,34,33,39,72
163851,3,1,2,15,23,18,16,38,34,33,39,72
163851,4,2,1,1107,1420,13,7,2527,20,1120,1427,2547
163851,4,2,2,1107,1420,13,7,2527,20,1120,1427,2547
163851,5,3,1,1190,1600,60,69,2790,129,1250,1669,2919
163851,5,3,2,1187,1586,59,67,2773,126,1246,1653,2899
163851,5,3,5,3,14,1,2,17,3,4,16,20
163851,6,4,1,560,588,136,124,1148,260,696,712,1408
163851,6,4,2,520,443,122,78,963,200,642,521,1163
163851,6,4,5,40,145,14,46,185,60,54,191,245
163851,7,999,1,175,476,140,387,651,527,315,863,1178
163851,7,999,2,120,200,60,89,320,149,180,289,469
163851,7,999,5,55,276,80,298,331,378,135,574,709
163851,8,5,1,98,219,71,149,317,220,169,368,537
163851,8,5,2,77,102,33,31,179,64,110,133,243
163851,8,5,5,21,117,38,118,138,156,59,235,294
163851,9,6,1,28,104,26,81,132,107,54,185,239
163851,9,6,2,19,47,9,19,66,28,28,66,94
163851,9,6,5,9,57,17,62,66,79,26,119,145
163851,10,7,1,14,55,18,50,69,68,32,105,137
163851,10,7,2,7,22,5,13,29,18,12,35,47
163851,10,7,5,7,33,13,37,40,50,20,70,90
163851,11,8,1,25,59,14,64,84,78,39,123,162
163851,11,8,2,10,20,6,7,30,13,16,27,43
163851,11,8,5,15,39,8,57,54,65,23,96,119
163851,12,9,1,10,39,6,39,49,45,16,78,94
163851,12,9,2,7,9,3,16,16,19,10,25,35
163851,12,9,5,3,30,3,23,33,26,6,53,59
163851,13,10,1,0,0,5,4,0,9,5,4,9
163851,13,10,2,0,0,4,3,0,7,4,3,7
163851,13,10,5,0,0,1,1,0,2,1,1,2
163912,1,412,1,575,867,26,40,1442,66,601,907,1508
163912,1,112,2,570,850,26,40,1420,66,596,890,1486
163912,1,312,5,5,17,0,0,22,0,5,17,22
163912,2,999,1,559,841,19,33,1400,52,578,874,1452
163912,2,999,2,554,825,19,33,1379,52,573,858,1431
163912,2,999,5,5,16,0,0,21,0,5,16,21
163912,3,1,1,3,11,4,2,14,6,7,13,20
163912,3,1,2,3,11,4,2,14,6,7,13,20
163912,4,2,1,227,414,2,5,641,7,229,419,648
163912,4,2,2,227,414,2,5,641,7,229,419,648
163912,5,3,1,258,346,4,10,604,14,262,356,618
163912,5,3,2,258,343,4,10,601,14,262,353,615
163912,5,3,5,0,3,0,0,3,0,0,3,3
163912,6,4,1,71,70,9,16,141,25,80,86,166
163912,6,4,2,66,57,9,16,123,25,75,73,148
163912,6,4,5,5,13,0,0,18,0,5,13,18
163912,7,999,1,16,26,7,7,42,14,23,33,56
163912,7,999,2,16,25,7,7,41,14,23,32,55
163912,7,999,5,0,1,0,0,1,0,0,1,1
163912,8,5,1,11,19,5,1,30,6,16,20,36
163912,8,5,2,11,18,5,1,29,6,16,19,35
163912,8,5,5,0,1,0,0,1,0,0,1,1
163912,9,6,1,4,4,0,0,8,0,4,4,8
163912,9,6,2,4,4,0,0,8,0,4,4,8
163912,10,7,1,0,1,0,2,1,2,0,3,3
163912,10,7,2,0,1,0,2,1,2,0,3,3
163912,11,8,1,1,2,1,1,3,2,2,3,5
163912,11,8,2,1,2,1,1,3,2,2,3,5
163912,12,9,1,0,0,0,2,0,2,0,2,2
163912,12,9,2,0,0,0,2,0,2,0,2,2
163912,13,10,1,0,0,1,1,0,2,1,1,2
163912,13,10,2,0,0,1,1,0,2,1,1,2
163976,1,412,1,214,213,10,9,427,19,224,222,446
163976,1,112,2,183,199,0,1,382,1,183,200,383
163976,1,312,5,31,14,10,8,45,18,41,22,63
163976,2,999,1,177,196,0,1,373,1,177,197,374
163976,2,999,2,173,195,0,1,368,1,173,196,369
163976,2,999,5,4,1,0,0,5,0,4,1,5
163976,3,1,1,0,1,0,0,1,0,0,1,1
163976,3,1,2,0,1,0,0,1,0,0,1,1
163976,4,2,1,44,56,0,0,100,0,44,56,100
163976,4,2,2,44,56,0,0,100,0,44,56,100
163976,5,3,1,92,99,0,0,191,0,92,99,191
163976,5,3,2,92,99,0,0,191,0,92,99,191
163976,6,4,1,41,40,0,1,81,1,41,41,82
163976,6,4,2,37,39,0,1,76,1,37,40,77
163976,6,4,5,4,1,0,0,5,0,4,1,5
163976,7,999,1,37,17,9,8,54,17,46,25,71
163976,7,999,2,10,4,0,0,14,0,10,4,14
163976,7,999,5,27,13,9,8,40,17,36,21,57
163976,8,5,1,16,7,0,3,23,3,16,10,26
163976,8,5,2,5,2,0,0,7,0,5,2,7
163976,8,5,5,11,5,0,3,16,3,11,8,19
163976,9,6,1,12,6,1,0,18,1,13,6,19
163976,9,6,2,3,1,0,0,4,0,3,1,4
163976,9,6,5,9,5,1,0,14,1,10,5,15
163976,10,7,1,2,1,1,1,3,2,3,2,5
163976,10,7,5,2,1,1,1,3,2,3,2,5
163976,11,8,1,2,2,3,0,4,3,5,2,7
163976,11,8,2,1,0,0,0,1,0,1,0,1
163976,11,8,5,1,2,3,0,3,3,4,2,6
163976,12,9,1,4,0,1,3,4,4,5,3,8
163976,12,9,2,1,0,0,0,1,0,1,0,1
163976,12,9,5,3,0,1,3,3,4,4,3,7
163976,13,10,1,1,1,3,1,2,4,4,2,6
163976,13,10,2,0,1,0,0,1,0,0,1,1
163976,13,10,5,1,0,3,1,1,4,4,1,5
163976,14,11,1,0,0,1,0,0,1,1,0,1
163976,14,11,5,0,0,1,0,0,1,1,0,1
164076,1,412,1,6760,10536,1624,2997,17296,4621,8384,13533,21917
164076,1,112,2,6471,9767,1113,1379,16238,2492,7584,11146,18730
164076,1,312,5,289,769,511,1618,1058,2129,800,2387,3187
164076,2,999,1,6056,9641,738,1009,15697,1747,6794,10650,17444
164076,2,999,2,5943,9184,676,831,15127,1507,6619,10015,16634
164076,2,999,5,113,457,62,178,570,240,175,635,810
164076,3,1,1,38,101,1,5,139,6,39,106,145
164076,3,1,2,38,101,1,5,139,6,39,106,145
164076,4,2,1,1922,3300,34,52,5222,86,1956,3352,5308
164076,4,2,2,1922,3299,34,52,5221,86,1956,3351,5307
164076,4,2,5,0,1,0,0,1,0,0,1,1
164076,5,3,1,2583,4255,209,277,6838,486,2792,4532,7324
164076,5,3,2,2578,4212,207,274,6790,481,2785,4486,7271
164076,5,3,5,5,43,2,3,48,5,7,46,53
164076,6,4,1,1513,1985,494,675,3498,1169,2007,2660,4667
164076,6,4,2,1405,1572,434,500,2977,934,1839,2072,3911
164076,6,4,5,108,413,60,175,521,235,168,588,756
164076,7,999,1,704,895,886,1988,1599,2874,1590,2883,4473
164076,7,999,2,528,583,437,548,1111,985,965,1131,2096
164076,7,999,5,176,312,449,1440,488,1889,625,1752,2377
164076,8,5,1,475,568,440,936,1043,1376,915,1504,2419
164076,8,5,2,382,387,272,277,769,549,654,664,1318
164076,8,5,5,93,181,168,659,274,827,261,840,1101
164076,9,6,1,129,183,202,383,312,585,331,566,897
164076,9,6,2,94,116,81,104,210,185,175,220,395
164076,9,6,5,35,67,121,279,102,400,156,346,502
164076,10,7,1,58,66,99,220,124,319,157,286,443
164076,10,7,2,31,44,36,70,75,106,67,114,181
164076,10,7,5,27,22,63,150,49,213,90,172,262
164076,11,8,1,29,55,97,292,84,389,126,347,473
164076,11,8,2,13,25,23,61,38,84,36,86,122
164076,11,8,5,16,30,74,231,46,305,90,261,351
164076,12,9,1,11,22,35,148,33,183,46,170,216
164076,12,9,2,8,11,14,30,19,44,22,41,63
164076,12,9,5,3,11,21,118,14,139,24,129,153
164076,13,10,1,2,1,13,9,3,22,15,10,25
164076,13,10,2,0,0,11,6,0,17,11,6,17
164076,13,10,5,2,1,2,3,3,5,4,4,8
164085,1,412,1,16,89,64,646,105,710,80,735,815
164085,1,312,5,16,89,64,646,105,710,80,735,815
164085,2,999,1,1,5,3,23,6,26,4,28,32
164085,2,999,5,1,5,3,23,6,26,4,28,32
164085,5,3,1,0,0,0,2,0,2,0,2,2
164085,5,3,5,0,0,0,2,0,2,0,2,2
164085,6,4,1,1,5,3,21,6,24,4,26,30
164085,6,4,5,1,5,3,21,6,24,4,26,30
164085,7,999,1,15,84,61,620,99,681,76,704,780
164085,7,999,5,15,84,61,620,99,681,76,704,780
164085,8,5,1,1,19,10,126,20,136,11,145,156
164085,8,5,5,1,19,10,126,20,136,11,145,156
164085,9,6,1,6,15,7,98,21,105,13,113,126
164085,9,6,5,6,15,7,98,21,105,13,113,126
164085,10,7,1,2,13,10,87,15,97,12,100,112
164085,10,7,5,2,13,10,87,15,97,12,100,112
164085,11,8,1,1,26,11,168,27,179,12,194,206
164085,11,8,5,1,26,11,168,27,179,12,194,206
164085,12,9,1,4,10,18,133,14,151,22,143,165
164085,12,9,5,4,10,18,133,14,151,22,143,165
164085,13,10,1,1,1,5,8,2,13,6,9,15
164085,13,10,5,1,1,5,8,2,13,6,9,15
164085,14,11,1,0,0,0,3,0,3,0,3,3
164085,14,11,5,0,0,0,3,0,3,0,3,3
164155,1,412,1,3299,1295,0,0,4594,0,3299,1295,4594
164155,1,112,2,3299,1295,0,0,4594,0,3299,1295,4594
164155,2,999,1,3264,1291,0,0,4555,0,3264,1291,4555
164155,2,999,2,3264,1291,0,0,4555,0,3264,1291,4555
164155,3,1,1,39,22,0,0,61,0,39,22,61
164155,3,1,2,39,22,0,0,61,0,39,22,61
164155,4,2,1,1218,542,0,0,1760,0,1218,542,1760
164155,4,2,2,1218,542,0,0,1760,0,1218,542,1760
164155,5,3,1,1537,619,0,0,2156,0,1537,619,2156
164155,5,3,2,1537,619,0,0,2156,0,1537,619,2156
164155,6,4,1,470,108,0,0,578,0,470,108,578
164155,6,4,2,470,108,0,0,578,0,470,108,578
164155,7,999,1,35,4,0,0,39,0,35,4,39
164155,7,999,2,35,4,0,0,39,0,35,4,39
164155,8,5,1,35,4,0,0,39,0,35,4,39
164155,8,5,2,35,4,0,0,39,0,35,4,39
164216,1,412,1,412,663,10,4,1075,14,422,667,1089
164216,1,112,2,412,663,10,4,1075,14,422,667,1089
164216,2,999,1,411,659,5,4,1070,9,416,663,1079
164216,2,999,2,411,659,5,4,1070,9,416,663,1079
164216,3,1,1,1,13,0,2,14,2,1,15,16
164216,3,1,2,1,13,0,2,14,2,1,15,16
164216,4,2,1,185,317,0,0,502,0,185,317,502
164216,4,2,2,185,317,0,0,502,0,185,317,502
164216,5,3,1,178,305,1,1,483,2,179,306,485
164216,5,3,2,178,305,1,1,483,2,179,306,485
164216,6,4,1,47,24,4,1,71,5,51,25,76
164216,6,4,2,47,24,4,1,71,5,51,25,76
164216,7,999,1,1,4,5,0,5,5,6,4,10
164216,7,999,2,1,4,5,0,5,5,6,4,10
164216,8,5,1,0,2,1,0,2,1,1,2,3
164216,8,5,2,0,2,1,0,2,1,1,2,3
164216,9,6,1,1,0,1,0,1,1,2,0,2
164216,9,6,2,1,0,1,0,1,1,2,0,2
164216,11,8,1,0,1,2,0,1,2,2,1,3
164216,11,8,2,0,1,2,0,1,2,2,1,3
164216,12,9,1,0,1,1,0,1,1,1,1,2
164216,12,9,2,0,1,1,0,1,1,1,1,2
164270,1,412,1,893,1307,141,590,2200,731,1034,1897,2931
164270,1,112,2,804,983,9,8,1787,17,813,991,1804
164270,1,312,5,89,324,132,582,413,714,221,906,1127
164270,2,999,1,815,1042,14,48,1857,62,829,1090,1919
164270,2,999,2,792,966,8,4,1758,12,800,970,1770
164270,2,999,5,23,76,6,44,99,50,29,120,149
164270,3,1,1,10,20,0,0,30,0,10,20,30
164270,3,1,2,10,20,0,0,30,0,10,20,30
164270,4,2,1,423,554,1,1,977,2,424,555,979
164270,4,2,2,423,554,1,1,977,2,424,555,979
164270,5,3,1,305,367,1,2,672,3,306,369,675
164270,5,3,2,303,358,1,0,661,1,304,358,662
164270,5,3,5,2,9,0,2,11,2,2,11,13
164270,6,4,1,77,101,12,45,178,57,89,146,235
164270,6,4,2,56,34,6,3,90,9,62,37,99
164270,6,4,5,21,67,6,42,88,48,27,109,136
164270,7,999,1,78,265,127,542,343,669,205,807,1012
164270,7,999,2,12,17,1,4,29,5,13,21,34
164270,7,999,5,66,248,126,538,314,664,192,786,978
164270,8,5,1,40,99,35,168,139,203,75,267,342
164270,8,5,2,4,11,1,3,15,4,5,14,19
164270,8,5,5,36,88,34,165,124,199,70,253,323
164270,9,6,1,14,50,41,113,64,154,55,163,218
164270,9,6,2,4,3,0,0,7,0,4,3,7
164270,9,6,5,10,47,41,113,57,154,51,160,211
164270,10,7,1,12,44,24,91,56,115,36,135,171
164270,10,7,2,4,1,0,0,5,0,4,1,5
164270,10,7,5,8,43,24,91,51,115,32,134,166
164270,11,8,1,8,50,21,123,58,144,29,173,202
164270,11,8,5,8,50,21,123,58,144,29,173,202
164270,12,9,1,3,21,6,46,24,52,9,67,76
164270,12,9,2,0,2,0,1,2,1,0,3,3
164270,12,9,5,3,19,6,45,22,51,9,64,73
164270,13,10,1,1,1,0,1,2,1,1,2,3
164270,13,10,5,1,1,0,1,2,1,1,2,3
164465,1,412,1,845,900,0,0,1745,0,845,900,1745
164465,1,112,2,845,900,0,0,1745,0,845,900,1745
164465,2,999,1,819,898,0,0,1717,0,819,898,1717
164465,2,999,2,819,898,0,0,1717,0,819,898,1717
164465,3,1,1,10,18,0,0,28,0,10,18,28
164465,3,1,2,10,18,0,0,28,0,10,18,28
164465,4,2,1,351,395,0,0,746,0,351,395,746
164465,4,2,2,351,395,0,0,746,0,351,395,746
164465,5,3,1,367,443,0,0,810,0,367,443,810
164465,5,3,2,367,443,0,0,810,0,367,443,810
164465,6,4,1,91,42,0,0,133,0,91,42,133
164465,6,4,2,91,42,0,0,133,0,91,42,133
164465,7,999,1,26,2,0,0,28,0,26,2,28
164465,7,999,2,26,2,0,0,28,0,26,2,28
164465,8,5,1,18,1,0,0,19,0,18,1,19
164465,8,5,2,18,1,0,0,19,0,18,1,19
164465,9,6,1,6,1,0,0,7,0,6,1,7
164465,9,6,2,6,1,0,0,7,0,6,1,7
164465,10,7,1,2,0,0,0,2,0,2,0,2
164465,10,7,2,2,0,0,0,2,0,2,0,2
164492,1,412,1,533,526,334,99,1059,433,867,625,1492
164492,1,112,2,478,482,148,18,960,166,626,500,1126
164492,1,312,5,55,44,186,81,99,267,241,125,366
164492,2,999,1,440,469,21,23,909,44,461,492,953
164492,2,999,2,429,450,7,3,879,10,436,453,889
164492,2,999,5,11,19,14,20,30,34,25,39,64
164492,3,1,1,22,18,0,0,40,0,22,18,40
164492,3,1,2,22,18,0,0,40,0,22,18,40
164492,4,2,1,170,202,1,0,372,1,171,202,373
164492,4,2,2,170,202,1,0,372,1,171,202,373
164492,5,3,1,184,199,1,2,383,3,185,201,386
164492,5,3,2,183,195,1,2,378,3,184,197,381
164492,5,3,5,1,4,0,0,5,0,1,4,5
164492,6,4,1,64,50,19,21,114,40,83,71,154
164492,6,4,2,54,35,5,1,89,6,59,36,95
164492,6,4,5,10,15,14,20,25,34,24,35,59
164492,7,999,1,93,57,313,76,150,389,406,133,539
164492,7,999,2,49,32,141,15,81,156,190,47,237
164492,7,999,5,44,25,172,61,69,233,216,86,302
164492,8,5,1,25,21,52,19,46,71,77,40,117
164492,8,5,2,13,9,25,2,22,27,38,11,49
164492,8,5,5,12,12,27,17,24,44,39,29,68
164492,9,6,1,21,12,80,19,33,99,101,31,132
164492,9,6,2,14,9,42,6,23,48,56,15,71
164492,9,6,5,7,3,38,13,10,51,45,16,61
164492,10,7,1,16,9,65,10,25,75,81,19,100
164492,10,7,2,7,6,31,1,13,32,38,7,45
164492,10,7,5,9,3,34,9,12,43,43,12,55
164492,11,8,1,25,13,73,15,38,88,98,28,126
164492,11,8,2,12,6,34,1,18,35,46,7,53
164492,11,8,5,13,7,39,14,20,53,52,21,73
164492,12,9,1,6,2,43,12,8,55,49,14,63
164492,12,9,2,3,2,9,5,5,14,12,7,19
164492,12,9,5,3,0,34,7,3,41,37,7,44
164492,13,10,1,0,0,0,1,0,1,0,1,1
164492,13,10,5,0,0,0,1,0,1,0,1,1
164599,1,412,1,0,0,10,38,0,48,10,38,48
164599,1,112,2,0,0,10,38,0,48,10,38,48
164599,2,999,1,0,0,2,8,0,10,2,8,10
164599,2,999,2,0,0,2,8,0,10,2,8,10
164599,4,2,1,0,0,0,1,0,1,0,1,1
164599,4,2,2,0,0,0,1,0,1,0,1,1
164599,5,3,1,0,0,1,1,0,2,1,1,2
164599,5,3,2,0,0,1,1,0,2,1,1,2
164599,6,4,1,0,0,1,6,0,7,1,6,7
164599,6,4,2,0,0,1,6,0,7,1,6,7
164599,7,999,1,0,0,8,29,0,37,8,29,37
164599,7,999,2,0,0,8,29,0,37,8,29,37
164599,8,5,1,0,0,2,5,0,7,2,5,7
164599,8,5,2,0,0,2,5,0,7,2,5,7
164599,9,6,1,0,0,1,8,0,9,1,8,9
164599,9,6,2,0,0,1,8,0,9,1,8,9
164599,10,7,1,0,0,1,4,0,5,1,4,5
164599,10,7,2,0,0,1,4,0,5,1,4,5
164599,11,8,1,0,0,2,3,0,5,2,3,5
164599,11,8,2,0,0,2,3,0,5,2,3,5
164599,12,9,1,0,0,2,9,0,11,2,9,11
164599,12,9,2,0,0,2,9,0,11,2,9,11
164599,14,11,1,0,0,0,1,0,1,0,1,1
164599,14,11,2,0,0,0,1,0,1,0,1,1
164739,1,412,1,2660,1859,320,338,4519,658,2980,2197,5177
164739,1,112,2,2410,1598,31,22,4008,53,2441,1620,4061
164739,1,312,5,250,261,289,316,511,605,539,577,1116
164739,2,999,1,2514,1721,83,74,4235,157,2597,1795,4392
164739,2,999,2,2396,1586,27,16,3982,43,2423,1602,4025
164739,2,999,5,118,135,56,58,253,114,174,193,367
164739,3,1,1,1,2,0,0,3,0,1,2,3
164739,3,1,2,1,2,0,0,3,0,1,2,3
164739,4,2,1,872,637,4,2,1509,6,876,639,1515
164739,4,2,2,872,637,4,2,1509,6,876,639,1515
164739,5,3,1,1196,827,13,10,2023,23,1209,837,2046
164739,5,3,2,1190,821,13,7,2011,20,1203,828,2031
164739,5,3,5,6,6,0,3,12,3,6,9,15
164739,6,4,1,445,255,66,62,700,128,511,317,828
164739,6,4,2,333,126,10,7,459,17,343,133,476
164739,6,4,5,112,129,56,55,241,111,168,184,352
164739,7,999,1,146,138,237,264,284,501,383,402,785
164739,7,999,2,14,12,4,6,26,10,18,18,36
164739,7,999,5,132,126,233,258,258,491,365,384,749
164739,8,5,1,100,84,92,133,184,225,192,217,409
164739,8,5,2,11,5,2,1,16,3,13,6,19
164739,8,5,5,89,79,90,132,168,222,179,211,390
164739,9,6,1,31,32,75,61,63,136,106,93,199
164739,9,6,2,3,4,0,1,7,1,3,5,8
164739,9,6,5,28,28,75,60,56,135,103,88,191
164739,10,7,1,9,14,32,29,23,61,41,43,84
164739,10,7,2,0,3,1,1,3,2,1,4,5
164739,10,7,5,9,11,31,28,20,59,40,39,79
164739,11,8,1,4,6,26,28,10,54,30,34,64
164739,11,8,2,0,0,1,2,0,3,1,2,3
164739,11,8,5,4,6,25,26,10,51,29,32,61
164739,12,9,1,2,2,12,13,4,25,14,15,29
164739,12,9,2,0,0,0,1,0,1,0,1,1
164739,12,9,5,2,2,12,12,4,24,14,14,28
164775,1,412,1,163,256,301,745,419,1046,464,1001,1465
164775,1,112,2,163,256,301,745,419,1046,464,1001,1465
164775,2,999,1,134,175,207,375,309,582,341,550,891
164775,2,999,2,134,175,207,375,309,582,341,550,891
164775,3,1,1,6,9,75,171,15,246,81,180,261
164775,3,1,2,6,9,75,171,15,246,81,180,261
164775,4,2,1,85,102,60,61,187,121,145,163,308
164775,4,2,2,85,102,60,61,187,121,145,163,308
164775,5,3,1,34,40,41,69,74,110,75,109,184
164775,5,3,2,34,40,41,69,74,110,75,109,184
164775,6,4,1,9,24,31,74,33,105,40,98,138
164775,6,4,2,9,24,31,74,33,105,40,98,138
164775,7,999,1,29,81,94,368,110,462,123,449,572
164775,7,999,2,29,81,94,368,110,462,123,449,572
164775,8,5,1,8,31,30,105,39,135,38,136,174
164775,8,5,2,8,31,30,105,39,135,38,136,174
164775,9,6,1,8,21,25,92,29,117,33,113,146
164775,9,6,2,8,21,25,92,29,117,33,113,146
164775,10,7,1,5,13,10,57,18,67,15,70,85
164775,10,7,2,5,13,10,57,18,67,15,70,85
164775,11,8,1,5,12,19,64,17,83,24,76,100
164775,11,8,2,5,12,19,64,17,83,24,76,100
164775,12,9,1,3,4,10,44,7,54,13,48,61
164775,12,9,2,3,4,10,44,7,54,13,48,61
164775,13,10,1,0,0,0,6,0,6,0,6,6
164775,13,10,2,0,0,0,6,0,6,0,6,6
164775,14,11,1,0,0,0,2,0,2,0,2,2
164775,14,11,2,0,0,0,2,0,2,0,2,2
164845,1,412,1,2,82,1,14,84,15,3,96,99
164845,1,112,2,2,82,1,14,84,15,3,96,99
164845,2,999,1,1,49,0,7,50,7,1,56,57
164845,2,999,2,1,49,0,7,50,7,1,56,57
164845,4,2,1,0,13,0,2,13,2,0,15,15
164845,4,2,2,0,13,0,2,13,2,0,15,15
164845,5,3,1,0,19,0,3,19,3,0,22,22
164845,5,3,2,0,19,0,3,19,3,0,22,22
164845,6,4,1,1,17,0,2,18,2,1,19,20
164845,6,4,2,1,17,0,2,18,2,1,19,20
164845,7,999,1,1,33,1,7,34,8,2,40,42
164845,7,999,2,1,33,1,7,34,8,2,40,42
164845,8,5,1,0,17,0,5,17,5,0,22,22
164845,8,5,2,0,17,0,5,17,5,0,22,22
164845,9,6,1,1,7,1,2,8,3,2,9,11
164845,9,6,2,1,7,1,2,8,3,2,9,11
164845,10,7,1,0,6,0,0,6,0,0,6,6
164845,10,7,2,0,6,0,0,6,0,0,6,6
164845,11,8,1,0,3,0,0,3,0,0,3,3
164845,11,8,2,0,3,0,0,3,0,0,3,3
164872,1,412,1,298,341,28,75,639,103,326,416,742
164872,1,112,2,132,119,23,62,251,85,155,181,336
164872,1,312,5,166,222,5,13,388,18,171,235,406
164872,2,999,1,93,123,4,8,216,12,97,131,228
164872,2,999,2,63,70,4,7,133,11,67,77,144
164872,2,999,5,30,53,0,1,83,1,30,54,84
164872,4,2,1,6,9,0,0,15,0,6,9,15
164872,4,2,2,6,9,0,0,15,0,6,9,15
164872,5,3,1,28,24,0,1,52,1,28,25,53
164872,5,3,2,28,22,0,1,50,1,28,23,51
164872,5,3,5,0,2,0,0,2,0,0,2,2
164872,6,4,1,59,90,4,7,149,11,63,97,160
164872,6,4,2,29,39,4,6,68,10,33,45,78
164872,6,4,5,30,51,0,1,81,1,30,52,82
164872,7,999,1,205,218,22,63,423,85,227,281,508
164872,7,999,2,69,49,17,51,118,68,86,100,186
164872,7,999,5,136,169,5,12,305,17,141,181,322
164872,8,5,1,107,122,3,14,229,17,110,136,246
164872,8,5,2,41,24,3,11,65,14,44,35,79
164872,8,5,5,66,98,0,3,164,3,66,101,167
164872,9,6,1,48,49,3,10,97,13,51,59,110
164872,9,6,2,12,13,1,8,25,9,13,21,34
164872,9,6,5,36,36,2,2,72,4,38,38,76
164872,10,7,1,20,22,5,9,42,14,25,31,56
164872,10,7,2,7,4,5,7,11,12,12,11,23
164872,10,7,5,13,18,0,2,31,2,13,20,33
164872,11,8,1,14,19,6,16,33,22,20,35,55
164872,11,8,2,4,6,3,13,10,16,7,19,26
164872,11,8,5,10,13,3,3,23,6,13,16,29
164872,12,9,1,14,6,2,8,20,10,16,14,30
164872,12,9,2,5,2,2,7,7,9,7,9,16
164872,12,9,5,9,4,0,1,13,1,9,5,14
164872,13,10,1,2,0,3,6,2,9,5,6,11
164872,13,10,2,0,0,3,5,0,8,3,5,8
164872,13,10,5,2,0,0,1,2,1,2,1,3
164872,14,11,1,0,0,2,4,0,6,2,4,6
164872,14,11,2,0,0,2,4,0,6,2,4,6
164915,1,412,1,20,36,26,60,56,86,46,96,142
164915,1,312,5,20,36,26,60,56,86,46,96,142
164915,2,999,1,5,3,1,0,8,1,6,3,9
164915,2,999,5,5,3,1,0,8,1,6,3,9
164915,6,4,1,5,3,1,0,8,1,6,3,9
164915,6,4,5,5,3,1,0,8,1,6,3,9
164915,7,999,1,15,33,25,60,48,85,40,93,133
164915,7,999,5,15,33,25,60,48,85,40,93,133
164915,8,5,1,3,3,5,2,6,7,8,5,13
164915,8,5,5,3,3,5,2,6,7,8,5,13
164915,9,6,1,1,6,5,8,7,13,6,14,20
164915,9,6,5,1,6,5,8,7,13,6,14,20
164915,10,7,1,5,8,2,11,13,13,7,19,26
164915,10,7,5,5,8,2,11,13,13,7,19,26
164915,11,8,1,3,7,7,13,10,20,10,20,30
164915,11,8,5,3,7,7,13,10,20,10,20,30
164915,12,9,1,1,7,4,16,8,20,5,23,28
164915,12,9,5,1,7,4,16,8,20,5,23,28
164915,13,10,1,2,2,2,10,4,12,4,12,16
164915,13,10,5,2,2,2,10,4,12,4,12,16
164988,1,412,1,11013,15259,2671,3775,26272,6446,13684,19034,32718
164988,1,112,2,6647,9379,375,471,16026,846,7022,9850,16872
164988,1,312,5,4366,5880,2296,3304,10246,5600,6662,9184,15846
164988,2,999,1,8278,12234,662,1132,20512,1794,8940,13366,22306
164988,2,999,2,6563,9324,219,268,15887,487,6782,9592,16374
164988,2,999,5,1715,2910,443,864,4625,1307,2158,3774,5932
164988,3,1,1,99,142,1,0,241,1,100,142,242
164988,3,1,2,99,142,1,0,241,1,100,142,242
164988,4,2,1,2414,3799,38,37,6213,75,2452,3836,6288
164988,4,2,2,2412,3798,36,37,6210,73,2448,3835,6283
164988,4,2,5,2,1,2,0,3,2,4,1,5
164988,5,3,1,3441,4892,115,146,8333,261,3556,5038,8594
164988,5,3,2,3376,4746,102,123,8122,225,3478,4869,8347
164988,5,3,5,65,146,13,23,211,36,78,169,247
164988,6,4,1,2324,3401,508,949,5725,1457,2832,4350,7182
164988,6,4,2,676,638,80,108,1314,188,756,746,1502
164988,6,4,5,1648,2763,428,841,4411,1269,2076,3604,5680
164988,7,999,1,2735,3025,2009,2643,5760,4652,4744,5668,10412
164988,7,999,2,84,55,156,203,139,359,240,258,498
164988,7,999,5,2651,2970,1853,2440,5621,4293,4504,5410,9914
164988,8,5,1,1810,2101,727,1175,3911,1902,2537,3276,5813
164988,8,5,2,63,33,49,86,96,135,112,119,231
164988,8,5,5,1747,2068,678,1089,3815,1767,2425,3157,5582
164988,9,6,1,593,591,509,588,1184,1097,1102,1179,2281
164988,9,6,2,8,14,40,42,22,82,48,56,104
164988,9,6,5,585,577,469,546,1162,1015,1054,1123,2177
164988,10,7,1,174,179,311,311,353,622,485,490,975
164988,10,7,2,5,1,23,20,6,43,28,21,49
164988,10,7,5,169,178,288,291,347,579,457,469,926
164988,11,8,1,121,110,326,388,231,714,447,498,945
164988,11,8,2,6,4,28,26,10,54,34,30,64
164988,11,8,5,115,106,298,362,221,660,413,468,881
164988,12,9,1,34,41,124,173,75,297,158,214,372
164988,12,9,2,2,3,12,25,5,37,14,28,42
164988,12,9,5,32,38,112,148,70,260,144,186,330
164988,13,10,1,3,3,12,8,6,20,15,11,26
164988,13,10,2,0,0,4,4,0,8,4,4,8
164988,13,10,5,3,3,8,4,6,12,11,7,18
165015,1,412,1,2000,2847,255,338,4847,593,2255,3185,5440
165015,1,112,2,1383,2082,13,15,3465,28,1396,2097,3493
165015,1,312,5,617,765,242,323,1382,565,859,1088,1947
165015,2,999,1,1590,2339,58,102,3929,160,1648,2441,4089
165015,2,999,2,1379,2079,13,8,3458,21,1392,2087,3479
165015,2,999,5,211,260,45,94,471,139,256,354,610
165015,3,1,1,17,29,1,0,46,1,18,29,47
165015,3,1,2,17,29,1,0,46,1,18,29,47
165015,4,2,1,566,893,6,0,1459,6,572,893,1465
165015,4,2,2,566,893,6,0,1459,6,572,893,1465
165015,5,3,1,662,1034,3,6,1696,9,665,1040,1705
165015,5,3,2,656,1027,2,5,1683,7,658,1032,1690
165015,5,3,5,6,7,1,1,13,2,7,8,15
165015,6,4,1,345,383,48,96,728,144,393,479,872
165015,6,4,2,140,130,4,3,270,7,144,133,277
165015,6,4,5,205,253,44,93,458,137,249,346,595
165015,7,999,1,410,508,197,236,918,433,607,744,1351
165015,7,999,2,4,3,0,7,7,7,4,10,14
165015,7,999,5,406,505,197,229,911,426,603,734,1337
165015,8,5,1,219,285,65,93,504,158,284,378,662
165015,8,5,2,4,2,0,4,6,4,4,6,10
165015,8,5,5,215,283,65,89,498,154,280,372,652
165015,9,6,1,97,125,46,46,222,92,143,171,314
165015,9,6,2,0,1,0,0,1,0,0,1,1
165015,9,6,5,97,124,46,46,221,92,143,170,313
165015,10,7,1,52,48,30,36,100,66,82,84,166
165015,10,7,2,0,0,0,1,0,1,0,1,1
165015,10,7,5,52,48,30,35,100,65,82,83,165
165015,11,8,1,28,28,39,36,56,75,67,64,131
165015,11,8,2,0,0,0,1,0,1,0,1,1
165015,11,8,5,28,28,39,35,56,74,67,63,130
165015,12,9,1,14,22,16,24,36,40,30,46,76
165015,12,9,5,14,22,16,24,36,40,30,46,76
165015,13,10,1,0,0,1,1,0,2,1,1,2
165015,13,10,2,0,0,0,1,0,1,0,1,1
165015,13,10,5,0,0,1,0,0,1,1,0,1
165024,1,412,1,2907,4743,1103,1898,7650,3001,4010,6641,10651
165024,1,112,2,2800,4333,825,1070,7133,1895,3625,5403,9028
165024,1,312,5,107,410,278,828,517,1106,385,1238,1623
165024,2,999,1,2554,4159,560,763,6713,1323,3114,4922,8036
165024,2,999,2,2523,3986,520,592,6509,1112,3043,4578,7621
165024,2,999,5,31,173,40,171,204,211,71,344,415
165024,3,1,1,8,21,30,71,29,101,38,92,130
165024,3,1,2,8,21,30,71,29,101,38,92,130
165024,4,2,1,796,1364,81,63,2160,144,877,1427,2304
165024,4,2,2,796,1364,81,63,2160,144,877,1427,2304
165024,5,3,1,997,1693,149,164,2690,313,1146,1857,3003
165024,5,3,2,995,1687,149,164,2682,313,1144,1851,2995
165024,5,3,5,2,6,0,0,8,0,2,6,8
165024,6,4,1,753,1081,300,465,1834,765,1053,1546,2599
165024,6,4,2,724,914,260,294,1638,554,984,1208,2192
165024,6,4,5,29,167,40,171,196,211,69,338,407
165024,7,999,1,353,584,543,1135,937,1678,896,1719,2615
165024,7,999,2,277,347,305,478,624,783,582,825,1407
165024,7,999,5,76,237,238,657,313,895,314,894,1208
165024,8,5,1,222,347,250,509,569,759,472,856,1328
165024,8,5,2,176,207,156,205,383,361,332,412,744
165024,8,5,5,46,140,94,304,186,398,140,444,584
165024,9,6,1,62,113,121,226,175,347,183,339,522
165024,9,6,2,50,68,64,103,118,167,114,171,285
165024,9,6,5,12,45,57,123,57,180,69,168,237
165024,10,7,1,34,54,62,140,88,202,96,194,290
165024,10,7,2,25,34,34,66,59,100,59,100,159
165024,10,7,5,9,20,28,74,29,102,37,94,131
165024,11,8,1,19,44,73,153,63,226,92,197,289
165024,11,8,2,15,26,33,65,41,98,48,91,139
165024,11,8,5,4,18,40,88,22,128,44,106,150
165024,12,9,1,13,25,33,97,38,130,46,122,168
165024,12,9,2,8,12,16,36,20,52,24,48,72
165024,12,9,5,5,13,17,61,18,78,22,74,96
165024,13,10,1,3,1,4,10,4,14,7,11,18
165024,13,10,2,3,0,2,3,3,5,5,3,8
165024,13,10,5,0,1,2,7,1,9,2,8,10
165033,1,412,1,921,1759,1165,2411,2680,3576,2086,4170,6256
165033,1,112,2,921,1759,1165,2411,2680,3576,2086,4170,6256
165033,2,999,1,768,1262,685,1114,2030,1799,1453,2376,3829
165033,2,999,2,768,1262,685,1114,2030,1799,1453,2376,3829
165033,3,1,1,29,62,96,183,91,279,125,245,370
165033,3,1,2,29,62,96,183,91,279,125,245,370
165033,4,2,1,423,665,179,261,1088,440,602,926,1528
165033,4,2,2,423,665,179,261,1088,440,602,926,1528
165033,5,3,1,196,335,234,332,531,566,430,667,1097
165033,5,3,2,196,335,234,332,531,566,430,667,1097
165033,6,4,1,120,200,176,338,320,514,296,538,834
165033,6,4,2,120,200,176,338,320,514,296,538,834
165033,7,999,1,153,497,480,1297,650,1777,633,1794,2427
165033,7,999,2,153,497,480,1297,650,1777,633,1794,2427
165033,8,5,1,73,220,191,469,293,660,264,689,953
165033,8,5,2,73,220,191,469,293,660,264,689,953
165033,9,6,1,30,134,120,322,164,442,150,456,606
165033,9,6,2,30,134,120,322,164,442,150,456,606
165033,10,7,1,24,53,72,224,77,296,96,277,373
165033,10,7,2,24,53,72,224,77,296,96,277,373
165033,11,8,1,15,66,59,197,81,256,74,263,337
165033,11,8,2,15,66,59,197,81,256,74,263,337
165033,12,9,1,11,24,31,78,35,109,42,102,144
165033,12,9,2,11,24,31,78,35,109,42,102,144
165033,13,10,1,0,0,7,7,0,14,7,7,14
165033,13,10,2,0,0,7,7,0,14,7,7,14
165060,1,412,1,10,96,10,90,106,100,20,186,206
165060,1,112,2,10,96,10,90,106,100,20,186,206
165060,2,999,1,2,48,3,19,50,22,5,67,72
165060,2,999,2,2,48,3,19,50,22,5,67,72
165060,4,2,1,0,4,0,3,4,3,0,7,7
165060,4,2,2,0,4,0,3,4,3,0,7,7
165060,5,3,1,1,16,0,5,17,5,1,21,22
165060,5,3,2,1,16,0,5,17,5,1,21,22
165060,6,4,1,1,28,3,11,29,14,4,39,43
165060,6,4,2,1,28,3,11,29,14,4,39,43
165060,7,999,1,8,48,7,71,56,78,15,119,134
165060,7,999,2,8,48,7,71,56,78,15,119,134
165060,8,5,1,2,28,4,32,30,36,6,60,66
165060,8,5,2,2,28,4,32,30,36,6,60,66
165060,9,6,1,2,9,1,16,11,17,3,25,28
165060,9,6,2,2,9,1,16,11,17,3,25,28
165060,10,7,1,2,4,1,11,6,12,3,15,18
165060,10,7,2,2,4,1,11,6,12,3,15,18
165060,11,8,1,2,7,1,10,9,11,3,17,20
165060,11,8,2,2,7,1,10,9,11,3,17,20
165060,12,9,1,0,0,0,2,0,2,0,2,2
165060,12,9,2,0,0,0,2,0,2,0,2,2
165167,1,412,1,199,558,467,1540,757,2007,666,2098,2764
165167,1,112,2,89,150,212,714,239,926,301,864,1165
165167,1,312,5,110,408,255,826,518,1081,365,1234,1599
165167,2,999,1,25,74,53,159,99,212,78,233,311
165167,2,999,2,19,35,39,100,54,139,58,135,193
165167,2,999,5,6,39,14,59,45,73,20,98,118
165167,3,1,1,0,0,6,9,0,15,6,9,15
165167,3,1,2,0,0,6,9,0,15,6,9,15
165167,4,2,1,0,1,9,20,1,29,9,21,30
165167,4,2,2,0,1,9,20,1,29,9,21,30
165167,5,3,1,4,10,7,16,14,23,11,26,37
165167,5,3,2,4,10,7,16,14,23,11,26,37
165167,6,4,1,21,63,31,114,84,145,52,177,229
165167,6,4,2,15,24,17,55,39,72,32,79,111
165167,6,4,5,6,39,14,59,45,73,20,98,118
165167,7,999,1,174,484,406,1365,658,1771,580,1849,2429
165167,7,999,2,70,115,166,598,185,764,236,713,949
165167,7,999,5,104,369,240,767,473,1007,344,1136,1480
165167,8,5,1,52,161,90,311,213,401,142,472,614
165167,8,5,2,18,41,46,126,59,172,64,167,231
165167,8,5,5,34,120,44,185,154,229,78,305,383
165167,9,6,1,44,116,80,291,160,371,124,407,531
165167,9,6,2,21,31,35,130,52,165,56,161,217
165167,9,6,5,23,85,45,161,108,206,68,246,314
165167,10,7,1,27,68,73,225,95,298,100,293,393
165167,10,7,2,9,15,34,110,24,144,43,125,168
165167,10,7,5,18,53,39,115,71,154,57,168,225
165167,11,8,1,36,97,93,341,133,434,129,438,567
165167,11,8,2,16,25,31,155,41,186,47,180,227
165167,11,8,5,20,72,62,186,92,248,82,258,340
165167,12,9,1,14,40,62,190,54,252,76,230,306
165167,12,9,2,6,3,16,75,9,91,22,78,100
165167,12,9,5,8,37,46,115,45,161,54,152,206
165167,13,10,1,1,2,8,7,3,15,9,9,18
165167,13,10,2,0,0,4,2,0,6,4,2,6
165167,13,10,5,1,2,4,5,3,9,5,7,12
165167,14,11,1,0,0,8,16,0,24,8,16,24
165167,14,11,2,0,0,7,16,0,23,7,16,23
165167,14,11,5,0,0,1,0,0,1,1,0,1
165194,1,412,1,351,460,614,1285,811,1899,965,1745,2710
165194,1,112,2,351,460,614,1285,811,1899,965,1745,2710
165194,2,999,1,302,366,382,576,668,958,684,942,1626
165194,2,999,2,302,366,382,576,668,958,684,942,1626
165194,3,1,1,13,26,23,58,39,81,36,84,120
165194,3,1,2,13,26,23,58,39,81,36,84,120
165194,4,2,1,158,196,124,152,354,276,282,348,630
165194,4,2,2,158,196,124,152,354,276,282,348,630
165194,5,3,1,95,99,132,187,194,319,227,286,513
165194,5,3,2,95,99,132,187,194,319,227,286,513
165194,6,4,1,36,45,103,179,81,282,139,224,363
165194,6,4,2,36,45,103,179,81,282,139,224,363
165194,7,999,1,49,93,230,701,142,931,279,794,1073
165194,7,999,2,49,93,230,701,142,931,279,794,1073
165194,8,5,1,22,40,90,232,62,322,112,272,384
165194,8,5,2,22,40,90,232,62,322,112,272,384
165194,9,6,1,15,19,57,168,34,225,72,187,259
165194,9,6,2,15,19,57,168,34,225,72,187,259
165194,10,7,1,5,15,36,106,20,142,41,121,162
165194,10,7,2,5,15,36,106,20,142,41,121,162
165194,11,8,1,5,13,25,120,18,145,30,133,163
165194,11,8,2,5,13,25,120,18,145,30,133,163
165194,12,9,1,2,6,18,69,8,87,20,75,95
165194,12,9,2,2,6,18,69,8,87,20,75,95
165194,13,10,1,0,0,4,6,0,10,4,6,10
165194,13,10,2,0,0,4,6,0,10,4,6,10
165194,14,11,1,0,1,2,8,1,10,2,9,11
165194,14,11,2,0,1,2,8,1,10,2,9,11
165264,1,412,1,14,98,102,974,112,1076,116,1072,1188
165264,1,112,2,14,98,102,974,112,1076,116,1072,1188
165264,2,999,1,3,18,9,185,21,194,12,203,215
165264,2,999,2,3,18,9,185,21,194,12,203,215
165264,4,2,1,0,2,0,7,2,7,0,9,9
165264,4,2,2,0,2,0,7,2,7,0,9,9
165264,5,3,1,0,3,2,26,3,28,2,29,31
165264,5,3,2,0,3,2,26,3,28,2,29,31
165264,6,4,1,3,13,7,152,16,159,10,165,175
165264,6,4,2,3,13,7,152,16,159,10,165,175
165264,7,999,1,11,80,93,789,91,882,104,869,973
165264,7,999,2,11,80,93,789,91,882,104,869,973
165264,8,5,1,4,37,25,271,41,296,29,308,337
165264,8,5,2,4,37,25,271,41,296,29,308,337
165264,9,6,1,4,17,27,227,21,254,31,244,275
165264,9,6,2,4,17,27,227,21,254,31,244,275
165264,10,7,1,1,11,23,110,12,133,24,121,145
165264,10,7,2,1,11,23,110,12,133,24,121,145
165264,11,8,1,2,12,13,138,14,151,15,150,165
165264,11,8,2,2,12,13,138,14,151,15,150,165
165264,12,9,1,0,3,5,43,3,48,5,46,51
165264,12,9,2,0,3,5,43,3,48,5,46,51
165334,1,412,1,1295,1860,102,148,3155,250,1397,2008,3405
165334,1,112,2,832,1353,15,33,2185,48,847,1386,2233
165334,1,312,5,463,507,87,115,970,202,550,622,1172
165334,2,999,1,1079,1624,31,37,2703,68,1110,1661,2771
165334,2,999,2,821,1345,14,23,2166,37,835,1368,2203
165334,2,999,5,258,279,17,14,537,31,275,293,568
165334,3,1,1,10,34,0,0,44,0,10,34,44
165334,3,1,2,10,34,0,0,44,0,10,34,44
165334,4,2,1,363,640,5,5,1003,10,368,645,1013
165334,4,2,2,363,640,5,5,1003,10,368,645,1013
165334,5,3,1,371,629,6,9,1000,15,377,638,1015
165334,5,3,2,363,604,6,8,967,14,369,612,981
165334,5,3,5,8,25,0,1,33,1,8,26,34
165334,6,4,1,335,321,20,23,656,43,355,344,699
165334,6,4,2,85,67,3,10,152,13,88,77,165
165334,6,4,5,250,254,17,13,504,30,267,267,534
165334,7,999,1,214,236,70,111,450,181,284,347,631
165334,7,999,2,10,8,1,10,18,11,11,18,29
165334,7,999,5,204,228,69,101,432,170,273,329,602
165334,8,5,1,140,150,29,45,290,74,169,195,364
165334,8,5,2,7,6,1,2,13,3,8,8,16
165334,8,5,5,133,144,28,43,277,71,161,187,348
165334,9,6,1,40,55,17,16,95,33,57,71,128
165334,9,6,2,1,0,0,1,1,1,1,1,2
165334,9,6,5,39,55,17,15,94,32,56,70,126
165334,10,7,1,18,19,5,19,37,24,23,38,61
165334,10,7,2,1,2,0,0,3,0,1,2,3
165334,10,7,5,17,17,5,19,34,24,22,36,58
165334,11,8,1,14,9,13,14,23,27,27,23,50
165334,11,8,2,0,0,0,4,0,4,0,4,4
165334,11,8,5,14,9,13,10,23,23,27,19,46
165334,12,9,1,2,3,6,16,5,22,8,19,27
165334,12,9,2,1,0,0,3,1,3,1,3,4
165334,12,9,5,1,3,6,13,4,19,7,16,23
165334,13,10,1,0,0,0,1,0,1,0,1,1
165334,13,10,5,0,0,0,1,0,1,0,1,1
165334,14,11,1,2,0,1,0,2,1,3,0,3
165334,14,11,2,1,0,0,0,1,0,1,0,1
165334,14,11,5,1,0,1,0,1,1,2,0,2
165556,1,412,1,23,303,11,121,326,132,34,424,458
165556,1,112,2,23,303,11,121,326,132,34,424,458
165556,2,999,1,16,245,4,78,261,82,20,323,343
165556,2,999,2,16,245,4,78,261,82,20,323,343
165556,3,1,1,4,80,0,13,84,13,4,93,97
165556,3,1,2,4,80,0,13,84,13,4,93,97
165556,4,2,1,4,77,1,28,81,29,5,105,110
165556,4,2,2,4,77,1,28,81,29,5,105,110
165556,5,3,1,3,42,2,13,45,15,5,55,60
165556,5,3,2,3,42,2,13,45,15,5,55,60
165556,6,4,1,5,46,1,24,51,25,6,70,76
165556,6,4,2,5,46,1,24,51,25,6,70,76
165556,7,999,1,7,58,7,43,65,50,14,101,115
165556,7,999,2,7,58,7,43,65,50,14,101,115
165556,8,5,1,3,24,5,17,27,22,8,41,49
165556,8,5,2,3,24,5,17,27,22,8,41,49
165556,9,6,1,2,15,1,19,17,20,3,34,37
165556,9,6,2,2,15,1,19,17,20,3,34,37
165556,10,7,1,1,9,1,4,10,5,2,13,15
165556,10,7,2,1,9,1,4,10,5,2,13,15
165556,11,8,1,1,9,0,3,10,3,1,12,13
165556,11,8,2,1,9,0,3,10,3,1,12,13
165556,12,9,1,0,1,0,0,1,0,0,1,1
165556,12,9,2,0,1,0,0,1,0,0,1,1
165574,1,412,1,505,530,75,70,1035,145,580,600,1180
165574,1,112,2,505,530,75,70,1035,145,580,600,1180
165574,2,999,1,494,527,34,24,1021,58,528,551,1079
165574,2,999,2,494,527,34,24,1021,58,528,551,1079
165574,3,1,1,13,12,0,2,25,2,13,14,27
165574,3,1,2,13,12,0,2,25,2,13,14,27
165574,4,2,1,219,277,9,4,496,13,228,281,509
165574,4,2,2,219,277,9,4,496,13,228,281,509
165574,5,3,1,202,206,13,7,408,20,215,213,428
165574,5,3,2,202,206,13,7,408,20,215,213,428
165574,6,4,1,60,32,12,11,92,23,72,43,115
165574,6,4,2,60,32,12,11,92,23,72,43,115
165574,7,999,1,11,3,41,46,14,87,52,49,101
165574,7,999,2,11,3,41,46,14,87,52,49,101
165574,8,5,1,9,1,5,12,10,17,14,13,27
165574,8,5,2,9,1,5,12,10,17,14,13,27
165574,9,6,1,1,1,7,6,2,13,8,7,15
165574,9,6,2,1,1,7,6,2,13,8,7,15
165574,10,7,1,1,0,10,4,1,14,11,4,15
165574,10,7,2,1,0,10,4,1,14,11,4,15
165574,11,8,1,0,1,12,16,1,28,12,17,29
165574,11,8,2,0,1,12,16,1,28,12,17,29
165574,12,9,1,0,0,7,8,0,15,7,8,15
165574,12,9,2,0,0,7,8,0,15,7,8,15
165662,1,412,1,1503,3167,85,360,4670,445,1588,3527,5115
165662,1,112,2,1346,2280,42,40,3626,82,1388,2320,3708
165662,1,312,5,157,887,43,320,1044,363,200,1207,1407
165662,2,999,1,1362,2619,44,104,3981,148,1406,2723,4129
165662,2,999,2,1316,2263,39,38,3579,77,1355,2301,3656
165662,2,999,5,46,356,5,66,402,71,51,422,473
165662,3,1,1,12,29,0,0,41,0,12,29,41
165662,3,1,2,12,29,0,0,41,0,12,29,41
165662,4,2,1,545,1062,4,2,1607,6,549,1064,1613
165662,4,2,2,545,1062,4,2,1607,6,549,1064,1613
165662,5,3,1,614,1035,19,27,1649,46,633,1062,1695
165662,5,3,2,614,1026,19,26,1640,45,633,1052,1685
165662,5,3,5,0,9,0,1,9,1,0,10,10
165662,6,4,1,191,493,21,75,684,96,212,568,780
165662,6,4,2,145,146,16,10,291,26,161,156,317
165662,6,4,5,46,347,5,65,393,70,51,412,463
165662,7,999,1,141,548,41,256,689,297,182,804,986
165662,7,999,2,30,17,3,2,47,5,33,19,52
165662,7,999,5,111,531,38,254,642,292,149,785,934
165662,8,5,1,84,321,20,105,405,125,104,426,530
165662,8,5,2,24,14,2,0,38,2,26,14,40
165662,8,5,5,60,307,18,105,367,123,78,412,490
165662,9,6,1,24,99,9,62,123,71,33,161,194
165662,9,6,2,4,2,0,1,6,1,4,3,7
165662,9,6,5,20,97,9,61,117,70,29,158,187
165662,10,7,1,18,61,4,34,79,38,22,95,117
165662,10,7,2,1,1,0,0,2,0,1,1,2
165662,10,7,5,17,60,4,34,77,38,21,94,115
165662,11,8,1,10,46,5,47,56,52,15,93,108
165662,11,8,2,1,0,1,1,1,2,2,1,3
165662,11,8,5,9,46,4,46,55,50,13,92,105
165662,12,9,1,5,20,3,8,25,11,8,28,36
165662,12,9,5,5,20,3,8,25,11,8,28,36
165662,13,10,1,0,1,0,0,1,0,0,1,1
165662,13,10,5,0,1,0,0,1,0,0,1,1
165671,1,412,1,406,1339,29,172,1745,201,435,1511,1946
165671,1,112,2,401,1334,12,91,1735,103,413,1425,1838
165671,1,312,5,5,5,17,81,10,98,22,86,108
165671,2,999,1,400,1329,10,60,1729,70,410,1389,1799
165671,2,999,2,397,1326,6,44,1723,50,403,1370,1773
165671,2,999,5,3,3,4,16,6,20,7,19,26
165671,3,1,1,1,10,0,0,11,0,1,10,11
165671,3,1,2,1,10,0,0,11,0,1,10,11
165671,4,2,1,160,611,1,9,771,10,161,620,781
165671,4,2,2,160,611,1,9,771,10,161,620,781
165671,5,3,1,197,627,2,22,824,24,199,649,848
165671,5,3,2,196,627,2,22,823,24,198,649,847
165671,5,3,5,1,0,0,0,1,0,1,0,1
165671,6,4,1,42,81,7,29,123,36,49,110,159
165671,6,4,2,40,78,3,13,118,16,43,91,134
165671,6,4,5,2,3,4,16,5,20,6,19,25
165671,7,999,1,6,10,16,99,16,115,22,109,131
165671,7,999,2,4,8,5,38,12,43,9,46,55
165671,7,999,5,2,2,11,61,4,72,13,63,76
165671,8,5,1,5,6,7,28,11,35,12,34,46
165671,8,5,2,3,4,2,12,7,14,5,16,21
165671,8,5,5,2,2,5,16,4,21,7,18,25
165671,9,6,1,1,2,2,18,3,20,3,20,23
165671,9,6,2,1,2,1,9,3,10,2,11,13
165671,9,6,5,0,0,1,9,0,10,1,9,10
165671,10,7,1,0,2,2,14,2,16,2,16,18
165671,10,7,2,0,2,1,6,2,7,1,8,9
165671,10,7,5,0,0,1,8,0,9,1,8,9
165671,11,8,1,0,0,4,19,0,23,4,19,23
165671,11,8,2,0,0,1,8,0,9,1,8,9
165671,11,8,5,0,0,3,11,0,14,3,11,14
165671,12,9,1,0,0,1,19,0,20,1,19,20
165671,12,9,2,0,0,0,3,0,3,0,3,3
165671,12,9,5,0,0,1,16,0,17,1,16,17
165671,13,10,1,0,0,0,1,0,1,0,1,1
165671,13,10,5,0,0,0,1,0,1,0,1,1
165671,14,11,1,0,0,3,13,0,16,3,13,16
165671,14,11,2,0,0,1,9,0,10,1,9,10
165671,14,11,5,0,0,2,4,0,6,2,4,6
165820,1,412,1,1518,1831,1119,2260,3349,3379,2637,4091,6728
165820,1,112,2,1344,1487,426,558,2831,984,1770,2045,3815
165820,1,312,5,174,344,693,1702,518,2395,867,2046,2913
165820,2,999,1,1297,1452,253,396,2749,649,1550,1848,3398
165820,2,999,2,1254,1374,192,207,2628,399,1446,1581,3027
165820,2,999,5,43,78,61,189,121,250,104,267,371
165820,3,1,1,12,29,35,43,41,78,47,72,119
165820,3,1,2,12,29,35,43,41,78,47,72,119
165820,4,2,1,501,586,25,18,1087,43,526,604,1130
165820,4,2,2,501,586,25,18,1087,43,526,604,1130
165820,5,3,1,534,586,43,50,1120,93,577,636,1213
165820,5,3,2,532,582,42,47,1114,89,574,629,1203
165820,5,3,5,2,4,1,3,6,4,3,7,10
165820,6,4,1,250,251,150,285,501,435,400,536,936
165820,6,4,2,209,177,90,99,386,189,299,276,575
165820,6,4,5,41,74,60,186,115,246,101,260,361
165820,7,999,1,221,379,866,1864,600,2730,1087,2243,3330
165820,7,999,2,90,113,234,351,203,585,324,464,788
165820,7,999,5,131,266,632,1513,397,2145,763,1779,2542
165820,8,5,1,104,171,200,510,275,710,304,681,985
165820,8,5,2,58,56,49,80,114,129,107,136,243
165820,8,5,5,46,115,151,430,161,581,197,545,742
165820,9,6,1,50,67,199,356,117,555,249,423,672
165820,9,6,2,13,17,40,76,30,116,53,93,146
165820,9,6,5,37,50,159,280,87,439,196,330,526
165820,10,7,1,27,45,131,278,72,409,158,323,481
165820,10,7,2,7,15,36,51,22,87,43,66,109
165820,10,7,5,20,30,95,227,50,322,115,257,372
165820,11,8,1,28,72,197,465,100,662,225,537,762
165820,11,8,2,7,19,57,90,26,147,64,109,173
165820,11,8,5,21,53,140,375,74,515,161,428,589
165820,12,9,1,10,24,135,248,34,383,145,272,417
165820,12,9,2,3,6,51,49,9,100,54,55,109
165820,12,9,5,7,18,84,199,25,283,91,217,308
165820,13,10,1,2,0,4,7,2,11,6,7,13
165820,13,10,2,2,0,1,5,2,6,3,5,8
165820,13,10,5,0,0,3,2,0,5,3,2,5
165866,1,412,1,1340,1855,482,1199,3195,1681,1822,3054,4876
165866,1,112,2,1297,1759,198,266,3056,464,1495,2025,3520
165866,1,312,5,43,96,284,933,139,1217,327,1029,1356
165866,2,999,1,1153,1633,109,185,2786,294,1262,1818,3080
165866,2,999,2,1148,1605,98,111,2753,209,1246,1716,2962
165866,2,999,5,5,28,11,74,33,85,16,102,118
165866,3,1,1,0,2,17,28,2,45,17,30,47
165866,3,1,2,0,2,17,28,2,45,17,30,47
165866,4,2,1,372,559,10,14,931,24,382,573,955
165866,4,2,2,372,559,10,14,931,24,382,573,955
165866,5,3,1,453,703,20,24,1156,44,473,727,1200
165866,5,3,2,453,703,19,24,1156,43,472,727,1199
165866,5,3,5,0,0,1,0,0,1,1,0,1
165866,6,4,1,328,369,62,119,697,181,390,488,878
165866,6,4,2,323,341,52,45,664,97,375,386,761
165866,6,4,5,5,28,10,74,33,84,15,102,117
165866,7,999,1,187,222,373,1013,409,1386,560,1235,1795
165866,7,999,2,149,154,100,155,303,255,249,309,558
165866,7,999,5,38,68,273,858,106,1131,311,926,1237
165866,8,5,1,90,125,94,270,215,364,184,395,579
165866,8,5,2,76,93,41,39,169,80,117,132,249
165866,8,5,5,14,32,53,231,46,284,67,263,330
165866,9,6,1,49,40,87,204,89,291,136,244,380
165866,9,6,2,37,29,24,22,66,46,61,51,112
165866,9,6,5,12,11,63,182,23,245,75,193,268
165866,10,7,1,20,25,64,122,45,186,84,147,231
165866,10,7,2,16,13,8,16,29,24,24,29,53
165866,10,7,5,4,12,56,106,16,162,60,118,178
165866,11,8,1,19,20,83,240,39,323,102,260,362
165866,11,8,2,15,13,14,40,28,54,29,53,82
165866,11,8,5,4,7,69,200,11,269,73,207,280
165866,12,9,1,8,12,40,167,20,207,48,179,227
165866,12,9,2,4,6,9,35,10,44,13,41,54
165866,12,9,5,4,6,31,132,10,163,35,138,173
165866,13,10,1,1,0,5,10,1,15,6,10,16
165866,13,10,2,1,0,4,3,1,7,5,3,8
165866,13,10,5,0,0,1,7,0,8,1,7,8
165866,14,11,1,0,0,0,1,0,1,0,1,1
165866,14,11,5,0,0,0,1,0,1,0,1,1
165936,1,412,1,565,967,79,205,1532,284,644,1172,1816
165936,1,112,2,536,854,27,34,1390,61,563,888,1451
165936,1,312,5,29,113,52,171,142,223,81,284,365
165936,2,999,1,523,876,28,46,1399,74,551,922,1473
165936,2,999,2,518,848,23,31,1366,54,541,879,1420
165936,2,999,5,5,28,5,15,33,20,10,43,53
165936,3,1,1,10,23,6,9,33,15,16,32,48
165936,3,1,2,10,23,6,9,33,15,16,32,48
165936,4,2,1,224,388,5,8,612,13,229,396,625
165936,4,2,2,224,388,5,8,612,13,229,396,625
165936,5,3,1,228,394,7,7,622,14,235,401,636
165936,5,3,2,228,390,6,7,618,13,234,397,631
165936,5,3,5,0,4,1,0,4,1,1,4,5
165936,6,4,1,61,71,10,22,132,32,71,93,164
165936,6,4,2,56,47,6,7,103,13,62,54,116
165936,6,4,5,5,24,4,15,29,19,9,39,48
165936,7,999,1,42,91,51,159,133,210,93,250,343
165936,7,999,2,18,6,4,3,24,7,22,9,31
165936,7,999,5,24,85,47,156,109,203,71,241,312
165936,8,5,1,25,32,15,27,57,42,40,59,99
165936,8,5,2,12,6,3,2,18,5,15,8,23
165936,8,5,5,13,26,12,25,39,37,25,51,76
165936,9,6,1,10,18,15,34,28,49,25,52,77
165936,9,6,2,3,0,1,1,3,2,4,1,5
165936,9,6,5,7,18,14,33,25,47,21,51,72
165936,10,7,1,4,13,5,23,17,28,9,36,45
165936,10,7,2,1,0,0,0,1,0,1,0,1
165936,10,7,5,3,13,5,23,16,28,8,36,44
165936,11,8,1,1,13,8,36,14,44,9,49,58
165936,11,8,2,1,0,0,0,1,0,1,0,1
165936,11,8,5,0,13,8,36,13,44,8,49,57
165936,12,9,1,2,15,8,36,17,44,10,51,61
165936,12,9,2,1,0,0,0,1,0,1,0,1
165936,12,9,5,1,15,8,36,16,44,9,51,60
165936,13,10,1,0,0,0,3,0,3,0,3,3
165936,13,10,5,0,0,0,3,0,3,0,3,3
165945,1,412,1,253,165,714,357,418,1071,967,522,1489
165945,1,312,5,253,165,714,357,418,1071,967,522,1489
165945,2,999,1,39,28,16,9,67,25,55,37,92
165945,2,999,5,39,28,16,9,67,25,55,37,92
165945,4,2,1,0,0,2,0,0,2,2,0,2
165945,4,2,5,0,0,2,0,0,2,2,0,2
165945,5,3,1,1,1,0,0,2,0,1,1,2
165945,5,3,5,1,1,0,0,2,0,1,1,2
165945,6,4,1,38,27,14,9,65,23,52,36,88
165945,6,4,5,38,27,14,9,65,23,52,36,88
165945,7,999,1,205,127,654,321,332,975,859,448,1307
165945,7,999,5,205,127,654,321,332,975,859,448,1307
165945,8,5,1,66,51,60,40,117,100,126,91,217
165945,8,5,5,66,51,60,40,117,100,126,91,217
165945,9,6,1,41,20,85,40,61,125,126,60,186
165945,9,6,5,41,20,85,40,61,125,126,60,186
165945,10,7,1,36,17,87,39,53,126,123,56,179
165945,10,7,5,36,17,87,39,53,126,123,56,179
165945,11,8,1,39,19,200,100,58,300,239,119,358
165945,11,8,5,39,19,200,100,58,300,239,119,358
165945,12,9,1,20,18,189,84,38,273,209,102,311
165945,12,9,5,20,18,189,84,38,273,209,102,311
165945,13,10,1,3,2,33,18,5,51,36,20,56
165945,13,10,5,3,2,33,18,5,51,36,20,56
165945,14,11,1,9,10,44,27,19,71,53,37,90
165945,14,11,5,9,10,44,27,19,71,53,37,90
165981,1,412,1,169,269,444,738,438,1182,613,1007,1620
165981,1,112,2,169,269,444,738,438,1182,613,1007,1620
165981,2,999,1,136,173,266,364,309,630,402,537,939
165981,2,999,2,136,173,266,364,309,630,402,537,939
165981,3,1,1,9,27,84,81,36,165,93,108,201
165981,3,1,2,9,27,84,81,36,165,93,108,201
165981,4,2,1,82,71,66,101,153,167,148,172,320
165981,4,2,2,82,71,66,101,153,167,148,172,320
165981,5,3,1,35,39,62,85,74,147,97,124,221
165981,5,3,2,35,39,62,85,74,147,97,124,221
165981,6,4,1,10,36,54,97,46,151,64,133,197
165981,6,4,2,10,36,54,97,46,151,64,133,197
165981,7,999,1,33,96,178,374,129,552,211,470,681
165981,7,999,2,33,96,178,374,129,552,211,470,681
165981,8,5,1,13,40,68,132,53,200,81,172,253
165981,8,5,2,13,40,68,132,53,200,81,172,253
165981,9,6,1,10,26,34,90,36,124,44,116,160
165981,9,6,2,10,26,34,90,36,124,44,116,160
165981,10,7,1,5,9,32,53,14,85,37,62,99
165981,10,7,2,5,9,32,53,14,85,37,62,99
165981,11,8,1,4,14,24,60,18,84,28,74,102
165981,11,8,2,4,14,24,60,18,84,28,74,102
165981,12,9,1,1,7,13,28,8,41,14,35,49
165981,12,9,2,1,7,13,28,8,41,14,35,49
165981,13,10,1,0,0,7,11,0,18,7,11,18
165981,13,10,2,0,0,7,11,0,18,7,11,18
166027,1,412,1,9200,9830,5309,6052,19030,11361,14509,15882,30391
166027,1,112,2,2796,2903,1356,1472,5699,2828,4152,4375,8527
166027,1,312,5,6404,6927,3953,4580,13331,8533,10357,11507,21864
166027,2,999,1,3640,4200,669,878,7840,1547,4309,5078,9387
166027,2,999,2,2589,2724,465,502,5313,967,3054,3226,6280
166027,2,999,5,1051,1476,204,376,2527,580,1255,1852,3107
166027,3,1,1,1,9,114,96,10,210,115,105,220
166027,3,1,2,1,9,114,95,10,209,115,104,219
166027,3,1,5,0,0,0,1,0,1,0,1,1
166027,4,2,1,811,994,116,90,1805,206,927,1084,2011
166027,4,2,2,810,993,115,89,1803,204,925,1082,2007
166027,4,2,5,1,1,1,1,2,2,2,2,4
166027,5,3,1,1216,1209,80,81,2425,161,1296,1290,2586
166027,5,3,2,1195,1183,71,72,2378,143,1266,1255,2521
166027,5,3,5,21,26,9,9,47,18,30,35,65
166027,6,4,1,1612,1988,359,611,3600,970,1971,2599,4570
166027,6,4,2,583,539,165,246,1122,411,748,785,1533
166027,6,4,5,1029,1449,194,365,2478,559,1223,1814,3037
166027,7,999,1,5560,5630,4640,5174,11190,9814,10200,10804,21004
166027,7,999,2,207,179,891,970,386,1861,1098,1149,2247
166027,7,999,5,5353,5451,3749,4204,10804,7953,9102,9655,18757
166027,8,5,1,3356,3682,1078,1463,7038,2541,4434,5145,9579
166027,8,5,2,100,72,267,348,172,615,367,420,787
166027,8,5,5,3256,3610,811,1115,6866,1926,4067,4725,8792
166027,9,6,1,1474,1251,1051,1255,2725,2306,2525,2506,5031
166027,9,6,2,42,39,193,222,81,415,235,261,496
166027,9,6,5,1432,1212,858,1033,2644,1891,2290,2245,4535
166027,10,7,1,403,377,860,838,780,1698,1263,1215,2478
166027,10,7,2,23,29,148,125,52,273,171,154,325
166027,10,7,5,380,348,712,713,728,1425,1092,1061,2153
166027,11,8,1,235,230,1032,981,465,2013,1267,1211,2478
166027,11,8,2,29,28,167,140,57,307,196,168,364
166027,11,8,5,206,202,865,841,408,1706,1071,1043,2114
166027,12,9,1,83,80,553,558,163,1111,636,638,1274
166027,12,9,2,13,10,90,114,23,204,103,124,227
166027,12,9,5,70,70,463,444,140,907,533,514,1047
166027,13,10,1,9,10,66,79,19,145,75,89,164
166027,13,10,2,0,1,26,21,1,47,26,22,48
166027,13,10,5,9,9,40,58,18,98,49,67,116
166133,1,412,1,590,895,816,1908,1485,2724,1406,2803,4209
166133,1,112,2,590,895,816,1908,1485,2724,1406,2803,4209
166133,2,999,1,492,698,578,1088,1190,1666,1070,1786,2856
166133,2,999,2,492,698,578,1088,1190,1666,1070,1786,2856
166133,3,1,1,9,29,94,210,38,304,103,239,342
166133,3,1,2,9,29,94,210,38,304,103,239,342
166133,4,2,1,269,388,190,292,657,482,459,680,1139
166133,4,2,2,269,388,190,292,657,482,459,680,1139
166133,5,3,1,155,188,173,314,343,487,328,502,830
166133,5,3,2,155,188,173,314,343,487,328,502,830
166133,6,4,1,59,93,121,272,152,393,180,365,545
166133,6,4,2,59,93,121,272,152,393,180,365,545
166133,7,999,1,98,197,237,820,295,1057,335,1017,1352
166133,7,999,2,98,197,237,820,295,1057,335,1017,1352
166133,8,5,1,38,83,102,287,121,389,140,370,510
166133,8,5,2,38,83,102,287,121,389,140,370,510
166133,9,6,1,25,37,50,197,62,247,75,234,309
166133,9,6,2,25,37,50,197,62,247,75,234,309
166133,10,7,1,16,29,31,122,45,153,47,151,198
166133,10,7,2,16,29,31,122,45,153,47,151,198
166133,11,8,1,12,31,29,140,43,169,41,171,212
166133,11,8,2,12,31,29,140,43,169,41,171,212
166133,12,9,1,7,15,19,61,22,80,26,76,102
166133,12,9,2,7,15,19,61,22,80,26,76,102
166133,13,10,1,0,2,6,13,2,19,6,15,21
166133,13,10,2,0,2,6,13,2,19,6,15,21
166133,14,11,1,0,0,1,0,0,1,1,0,1
166133,14,11,2,0,0,1,0,0,1,1,0,1
166391,1,412,1,562,930,206,253,1492,459,768,1183,1951
166391,1,112,2,544,906,22,20,1450,42,566,926,1492
166391,1,312,5,18,24,184,233,42,417,202,257,459
166391,2,999,1,540,889,60,93,1429,153,600,982,1582
166391,2,999,2,527,885,10,10,1412,20,537,895,1432
166391,2,999,5,13,4,50,83,17,133,63,87,150
166391,3,1,1,3,5,0,0,8,0,3,5,8
166391,3,1,2,3,5,0,0,8,0,3,5,8
166391,4,2,1,220,408,1,2,628,3,221,410,631
166391,4,2,2,220,408,1,2,628,3,221,410,631
166391,5,3,1,232,402,2,7,634,9,234,409,643
166391,5,3,2,232,402,1,5,634,6,233,407,640
166391,5,3,5,0,0,1,2,0,3,1,2,3
166391,6,4,1,85,74,57,84,159,141,142,158,300
166391,6,4,2,72,70,8,3,142,11,80,73,153
166391,6,4,5,13,4,49,81,17,130,62,85,147
166391,7,999,1,22,41,139,152,63,291,161,193,354
166391,7,999,2,17,21,7,7,38,14,24,28,52
166391,7,999,5,5,20,132,145,25,277,137,165,302
166391,8,5,1,14,25,57,87,39,144,71,112,183
166391,8,5,2,13,14,3,1,27,4,16,15,31
166391,8,5,5,1,11,54,86,12,140,55,97,152
166391,9,6,1,3,5,28,35,8,63,31,40,71
166391,9,6,2,1,2,2,3,3,5,3,5,8
166391,9,6,5,2,3,26,32,5,58,28,35,63
166391,10,7,1,3,4,21,10,7,31,24,14,38
166391,10,7,2,2,2,1,0,4,1,3,2,5
166391,10,7,5,1,2,20,10,3,30,21,12,33
166391,11,8,1,2,6,24,13,8,37,26,19,45
166391,11,8,2,1,3,0,1,4,1,1,4,5
166391,11,8,5,1,3,24,12,4,36,25,15,40
166391,12,9,1,0,0,9,6,0,15,9,6,15
166391,12,9,2,0,0,1,1,0,2,1,1,2
166391,12,9,5,0,0,8,5,0,13,8,5,13
166391,13,10,1,0,1,0,1,1,1,0,2,2
166391,13,10,2,0,0,0,1,0,1,0,1,1
166391,13,10,5,0,1,0,0,1,0,0,1,1
166391,14,11,1,0,0,7,8,0,15,7,8,15
166391,14,11,2,0,0,5,3,0,8,5,3,8
166391,14,11,5,0,0,2,5,0,7,2,5,7
166452,1,412,1,391,1678,322,1809,2069,2131,713,3487,4200
166452,1,112,2,304,1090,103,364,1394,467,407,1454,1861
166452,1,312,5,87,588,219,1445,675,1664,306,2033,2339
166452,2,999,1,286,1162,61,211,1448,272,347,1373,1720
166452,2,999,2,268,979,47,129,1247,176,315,1108,1423
166452,2,999,5,18,183,14,82,201,96,32,265,297
166452,3,1,1,0,0,0,2,0,2,0,2,2
166452,3,1,2,0,0,0,2,0,2,0,2,2
166452,4,2,1,82,273,3,11,355,14,85,284,369
166452,4,2,2,82,273,3,11,355,14,85,284,369
166452,5,3,1,115,452,15,42,567,57,130,494,624
166452,5,3,2,115,449,15,42,564,57,130,491,621
166452,5,3,5,0,3,0,0,3,0,0,3,3
166452,6,4,1,89,437,43,156,526,199,132,593,725
166452,6,4,2,71,257,29,74,328,103,100,331,431
166452,6,4,5,18,180,14,82,198,96,32,262,294
166452,7,999,1,105,516,261,1592,621,1853,366,2108,2474
166452,7,999,2,36,111,56,235,147,291,92,346,438
166452,7,999,5,69,405,205,1357,474,1562,274,1762,2036
166452,8,5,1,47,288,67,421,335,488,114,709,823
166452,8,5,2,25,61,23,71,86,94,48,132,180
166452,8,5,5,22,227,44,350,249,394,66,577,643
166452,9,6,1,24,94,51,283,118,334,75,377,452
166452,9,6,2,7,19,10,53,26,63,17,72,89
166452,9,6,5,17,75,41,230,92,271,58,305,363
166452,10,7,1,11,41,47,219,52,266,58,260,318
166452,10,7,2,4,10,10,36,14,46,14,46,60
166452,10,7,5,7,31,37,183,38,220,44,214,258
166452,11,8,1,15,50,51,364,65,415,66,414,480
166452,11,8,2,0,12,9,45,12,54,9,57,66
166452,11,8,5,15,38,42,319,53,361,57,357,414
166452,12,9,1,8,39,41,274,47,315,49,313,362
166452,12,9,2,0,9,3,27,9,30,3,36,39
166452,12,9,5,8,30,38,247,38,285,46,277,323
166452,13,10,1,0,4,4,31,4,35,4,35,39
166452,13,10,2,0,0,1,3,0,4,1,3,4
166452,13,10,5,0,4,3,28,4,31,3,32,35
166452,14,11,1,0,0,0,6,0,6,0,6,6
166452,14,11,5,0,0,0,6,0,6,0,6,6
166629,1,412,1,12233,12468,3332,3609,24701,6941,15565,16077,31642
166629,1,112,2,11052,11160,914,1107,22212,2021,11966,12267,24233
166629,1,312,5,1181,1308,2418,2502,2489,4920,3599,3810,7409
166629,2,999,1,11264,11370,860,756,22634,1616,12124,12126,24250
166629,2,999,2,10739,10833,548,503,21572,1051,11287,11336,22623
166629,2,999,5,525,537,312,253,1062,565,837,790,1627
166629,3,1,1,104,142,34,38,246,72,138,180,318
166629,3,1,2,104,142,34,38,246,72,138,180,318
166629,4,2,1,4594,5096,105,90,9690,195,4699,5186,9885
166629,4,2,2,4593,5096,104,89,9689,193,4697,5185,9882
166629,4,2,5,1,0,1,1,1,2,2,1,3
166629,5,3,1,4979,4984,212,191,9963,403,5191,5175,10366
166629,5,3,2,4956,4940,206,182,9896,388,5162,5122,10284
166629,5,3,5,23,44,6,9,67,15,29,53,82
166629,6,4,1,1587,1148,509,437,2735,946,2096,1585,3681
166629,6,4,2,1086,655,204,194,1741,398,1290,849,2139
166629,6,4,5,501,493,305,243,994,548,806,736,1542
166629,7,999,1,969,1098,2472,2852,2067,5324,3441,3950,7391
166629,7,999,2,313,327,366,604,640,970,679,931,1610
166629,7,999,5,656,771,2106,2248,1427,4354,2762,3019,5781
166629,8,5,1,596,588,765,844,1184,1609,1361,1432,2793
166629,8,5,2,193,173,122,156,366,278,315,329,644
166629,8,5,5,403,415,643,688,818,1331,1046,1103,2149
166629,9,6,1,204,238,614,602,442,1216,818,840,1658
166629,9,6,2,61,69,84,98,130,182,145,167,312
166629,9,6,5,143,169,530,504,312,1034,673,673,1346
166629,10,7,1,93,121,385,486,214,871,478,607,1085
166629,10,7,2,34,36,47,89,70,136,81,125,206
166629,10,7,5,59,85,338,397,144,735,397,482,879
166629,11,8,1,60,103,492,574,163,1066,552,677,1229
166629,11,8,2,19,34,69,159,53,228,88,193,281
166629,11,8,5,41,69,423,415,110,838,464,484,948
166629,12,9,1,15,46,204,324,61,528,219,370,589
166629,12,9,2,6,14,40,96,20,136,46,110,156
166629,12,9,5,9,32,164,228,41,392,173,260,433
166629,13,10,1,1,2,12,22,3,34,13,24,37
166629,13,10,2,0,1,4,6,1,10,4,7,11
166629,13,10,5,1,1,8,16,2,24,9,17,26
166629,14,11,1,0,0,0,1,0,1,0,1,1
166629,14,11,5,0,0,0,1,0,1,0,1,1
166638,1,412,1,4774,6809,1914,2762,11583,4676,6688,9571,16259
166638,1,112,2,4310,5969,1257,1335,10279,2592,5567,7304,12871
166638,1,312,5,464,840,657,1427,1304,2084,1121,2267,3388
166638,2,999,1,3773,5490,765,677,9263,1442,4538,6167,10705
166638,2,999,2,3678,5280,719,590,8958,1309,4397,5870,10267
166638,2,999,5,95,210,46,87,305,133,141,297,438
166638,3,1,1,46,97,18,18,143,36,64,115,179
166638,3,1,2,46,97,18,18,143,36,64,115,179
166638,4,2,1,1473,2203,193,129,3676,322,1666,2332,3998
166638,4,2,2,1473,2203,192,129,3676,321,1665,2332,3997
166638,4,2,5,0,0,1,0,0,1,1,0,1
166638,5,3,1,1233,1941,205,150,3174,355,1438,2091,3529
166638,5,3,2,1232,1937,204,147,3169,351,1436,2084,3520
166638,5,3,5,1,4,1,3,5,4,2,7,9
166638,6,4,1,1021,1249,349,380,2270,729,1370,1629,2999
166638,6,4,2,927,1043,305,296,1970,601,1232,1339,2571
166638,6,4,5,94,206,44,84,300,128,138,290,428
166638,7,999,1,1001,1318,1147,2084,2319,3231,2148,3402,5550
166638,7,999,2,632,688,536,745,1320,1281,1168,1433,2601
166638,7,999,5,369,630,611,1339,999,1950,980,1969,2949
166638,8,5,1,561,692,433,654,1253,1087,994,1346,2340
166638,8,5,2,407,389,264,294,796,558,671,683,1354
166638,8,5,5,154,303,169,360,457,529,323,663,986
166638,9,6,1,219,314,258,447,533,705,477,761,1238
166638,9,6,2,129,163,108,162,292,270,237,325,562
166638,9,6,5,90,151,150,285,241,435,240,436,676
166638,10,7,1,104,135,175,292,239,467,279,427,706
166638,10,7,2,57,71,68,91,128,159,125,162,287
166638,10,7,5,47,64,107,201,111,308,154,265,419
166638,11,8,1,80,133,177,394,213,571,257,527,784
166638,11,8,2,29,58,64,117,87,181,93,175,268
166638,11,8,5,51,75,113,277,126,390,164,352,516
166638,12,9,1,34,41,97,277,75,374,131,318,449
166638,12,9,2,9,6,31,72,15,103,40,78,118
166638,12,9,5,25,35,66,205,60,271,91,240,331
166638,13,10,1,3,3,7,20,6,27,10,23,33
166638,13,10,2,1,1,1,9,2,10,2,10,12
166638,13,10,5,2,2,6,11,4,17,8,13,21
166638,14,11,1,0,1,2,1,1,3,2,2,4
166638,14,11,2,0,1,2,0,1,2,2,1,3
166638,14,11,5,0,0,0,1,0,1,0,1,1
166647,1,412,1,642,539,1032,1549,1181,2581,1674,2088,3762
166647,1,112,2,642,539,1032,1549,1181,2581,1674,2088,3762
166647,2,999,1,535,405,668,705,940,1373,1203,1110,2313
166647,2,999,2,535,405,668,705,940,1373,1203,1110,2313
166647,3,1,1,1,4,22,41,5,63,23,45,68
166647,3,1,2,1,4,22,41,5,63,23,45,68
166647,4,2,1,240,198,200,177,438,377,440,375,815
166647,4,2,2,240,198,200,177,438,377,440,375,815
166647,5,3,1,195,129,245,240,324,485,440,369,809
166647,5,3,2,195,129,245,240,324,485,440,369,809
166647,6,4,1,99,74,201,247,173,448,300,321,621
166647,6,4,2,99,74,201,247,173,448,300,321,621
166647,7,999,1,107,134,362,834,241,1196,469,968,1437
166647,7,999,2,107,134,362,834,241,1196,469,968,1437
166647,8,5,1,51,69,144,283,120,427,195,352,547
166647,8,5,2,51,69,144,283,120,427,195,352,547
166647,9,6,1,24,26,72,197,50,269,96,223,319
166647,9,6,2,24,26,72,197,50,269,96,223,319
166647,10,7,1,19,15,66,115,34,181,85,130,215
166647,10,7,2,19,15,66,115,34,181,85,130,215
166647,11,8,1,9,16,48,138,25,186,57,154,211
166647,11,8,2,9,16,48,138,25,186,57,154,211
166647,12,9,1,3,7,29,97,10,126,32,104,136
166647,12,9,2,3,7,29,97,10,126,32,104,136
166647,13,10,1,1,1,3,4,2,7,4,5,9
166647,13,10,2,1,1,3,4,2,7,4,5,9
166647,14,11,1,0,0,2,10,0,12,2,10,12
166647,14,11,2,0,0,2,10,0,12,2,10,12
166656,1,412,1,1650,4295,338,1218,5945,1556,1988,5513,7501
166656,1,112,2,951,2754,60,205,3705,265,1011,2959,3970
166656,1,312,5,699,1541,278,1013,2240,1291,977,2554,3531
166656,2,999,1,1062,3014,77,361,4076,438,1139,3375,4514
166656,2,999,2,751,2213,42,138,2964,180,793,2351,3144
166656,2,999,5,311,801,35,223,1112,258,346,1024,1370
166656,3,1,1,10,37,1,0,47,1,11,37,48
166656,3,1,2,10,37,1,0,47,1,11,37,48
166656,4,2,1,266,846,14,19,1112,33,280,865,1145
166656,4,2,2,266,846,14,19,1112,33,280,865,1145
166656,5,3,1,297,803,10,70,1100,80,307,873,1180
166656,5,3,2,276,744,10,59,1020,69,286,803,1089
166656,5,3,5,21,59,0,11,80,11,21,70,91
166656,6,4,1,489,1328,52,272,1817,324,541,1600,2141
166656,6,4,2,199,586,17,60,785,77,216,646,862
166656,6,4,5,290,742,35,212,1032,247,325,954,1279
166656,7,999,1,588,1281,261,855,1869,1116,849,2136,2985
166656,7,999,2,200,541,18,66,741,84,218,607,825
166656,7,999,5,388,740,243,789,1128,1032,631,1529,2160
166656,8,5,1,388,919,123,418,1307,541,511,1337,1848
166656,8,5,2,122,378,11,36,500,47,133,414,547
166656,8,5,5,266,541,112,382,807,494,378,923,1301
166656,9,6,1,115,209,54,161,324,215,169,370,539
166656,9,6,2,44,99,2,16,143,18,46,115,161
166656,9,6,5,71,110,52,145,181,197,123,255,378
166656,10,7,1,47,84,25,97,131,122,72,181,253
166656,10,7,2,18,36,2,5,54,7,20,41,61
166656,10,7,5,29,48,23,92,77,115,52,140,192
166656,11,8,1,29,50,39,119,79,158,68,169,237
166656,11,8,2,14,22,1,6,36,7,15,28,43
166656,11,8,5,15,28,38,113,43,151,53,141,194
166656,12,9,1,8,19,19,59,27,78,27,78,105
166656,12,9,2,2,6,2,3,8,5,4,9,13
166656,12,9,5,6,13,17,56,19,73,23,69,92
166656,13,10,1,1,0,1,1,1,2,2,1,3
166656,13,10,5,1,0,1,1,1,2,2,1,3
166656,14,11,1,0,0,0,2,0,2,0,2,2
166656,14,11,2,0,0,0,1,0,1,0,1,1
166656,14,11,5,0,0,0,1,0,1,0,1,1
166674,1,412,1,420,1173,97,204,1593,301,517,1377,1894
166674,1,112,2,383,1122,87,178,1505,265,470,1300,1770
166674,1,312,5,37,51,10,26,88,36,47,77,124
166674,2,999,1,357,1087,54,91,1444,145,411,1178,1589
166674,2,999,2,345,1072,53,90,1417,143,398,1162,1560
166674,2,999,5,12,15,1,1,27,2,13,16,29
166674,3,1,1,0,2,1,2,2,3,1,4,5
166674,3,1,2,0,2,1,2,2,3,1,4,5
166674,4,2,1,129,432,4,12,561,16,133,444,577
166674,4,2,2,129,432,4,12,561,16,133,444,577
166674,5,3,1,145,494,18,30,639,48,163,524,687
166674,5,3,2,145,494,18,30,639,48,163,524,687
166674,6,4,1,83,159,31,47,242,78,114,206,320
166674,6,4,2,71,144,30,46,215,76,101,190,291
166674,6,4,5,12,15,1,1,27,2,13,16,29
166674,7,999,1,63,86,37,104,149,141,100,190,290
166674,7,999,2,38,50,28,79,88,107,66,129,195
166674,7,999,5,25,36,9,25,61,34,34,61,95
166674,8,5,1,38,55,18,44,93,62,56,99,155
166674,8,5,2,25,32,15,39,57,54,40,71,111
166674,8,5,5,13,23,3,5,36,8,16,28,44
166674,9,6,1,15,16,4,20,31,24,19,36,55
166674,9,6,2,8,10,4,16,18,20,12,26,38
166674,9,6,5,7,6,0,4,13,4,7,10,17
166674,10,7,1,5,2,3,6,7,9,8,8,16
166674,10,7,2,3,1,3,5,4,8,6,6,12
166674,10,7,5,2,1,0,1,3,1,2,2,4
166674,11,8,1,5,5,4,11,10,15,9,16,25
166674,11,8,2,2,3,3,6,5,9,5,9,14
166674,11,8,5,3,2,1,5,5,6,4,7,11
166674,12,9,1,0,7,6,22,7,28,6,29,35
166674,12,9,2,0,3,2,13,3,15,2,16,18
166674,12,9,5,0,4,4,9,4,13,4,13,17
166674,13,10,1,0,1,2,1,1,3,2,2,4
166674,13,10,2,0,1,1,0,1,1,1,1,2
166674,13,10,5,0,0,1,1,0,2,1,1,2
166674,14,11,1,0,0,6,9,0,15,6,9,15
166674,14,11,2,0,0,6,9,0,15,6,9,15
166683,1,412,1,6433,4567,164,90,11000,254,6597,4657,11254
166683,1,112,2,2209,2025,73,54,4234,127,2282,2079,4361
166683,1,312,5,4224,2542,91,36,6766,127,4315,2578,6893
166683,2,999,1,3406,2873,91,64,6279,155,3497,2937,6434
166683,2,999,2,2182,2013,72,52,4195,124,2254,2065,4319
166683,2,999,5,1224,860,19,12,2084,31,1243,872,2115
166683,3,1,1,53,84,1,0,137,1,54,84,138
166683,3,1,2,53,84,1,0,137,1,54,84,138
166683,4,2,1,1004,980,17,9,1984,26,1021,989,2010
166683,4,2,2,1001,977,16,9,1978,25,1017,986,2003
166683,4,2,5,3,3,1,0,6,1,4,3,7
166683,5,3,1,1043,909,40,37,1952,77,1083,946,2029
166683,5,3,2,965,860,40,36,1825,76,1005,896,1901
166683,5,3,5,78,49,0,1,127,1,78,50,128
166683,6,4,1,1306,900,33,18,2206,51,1339,918,2257
166683,6,4,2,163,92,15,7,255,22,178,99,277
166683,6,4,5,1143,808,18,11,1951,29,1161,819,1980
166683,7,999,1,3027,1694,73,26,4721,99,3100,1720,4820
166683,7,999,2,27,12,1,2,39,3,28,14,42
166683,7,999,5,3000,1682,72,24,4682,96,3072,1706,4778
166683,8,5,1,2076,1286,28,15,3362,43,2104,1301,3405
166683,8,5,2,21,9,1,2,30,3,22,11,33
166683,8,5,5,2055,1277,27,13,3332,40,2082,1290,3372
166683,9,6,1,633,264,24,8,897,32,657,272,929
166683,9,6,2,6,3,0,0,9,0,6,3,9
166683,9,6,5,627,261,24,8,888,32,651,269,920
166683,10,7,1,178,89,5,2,267,7,183,91,274
166683,10,7,5,178,89,5,2,267,7,183,91,274
166683,11,8,1,125,43,10,1,168,11,135,44,179
166683,11,8,5,125,43,10,1,168,11,135,44,179
166683,12,9,1,15,12,6,0,27,6,21,12,33
166683,12,9,5,15,12,6,0,27,6,21,12,33
166692,1,412,1,1367,226,39,5,1593,44,1406,231,1637
166692,1,112,2,1296,198,39,5,1494,44,1335,203,1538
166692,1,312,5,71,28,0,0,99,0,71,28,99
166692,2,999,1,1292,199,36,5,1491,41,1328,204,1532
166692,2,999,2,1271,191,36,5,1462,41,1307,196,1503
166692,2,999,5,21,8,0,0,29,0,21,8,29
166692,3,1,1,0,2,0,0,2,0,0,2,2
166692,3,1,2,0,2,0,0,2,0,0,2,2
166692,4,2,1,490,82,4,0,572,4,494,82,576
166692,4,2,2,490,82,4,0,572,4,494,82,576
166692,5,3,1,603,90,8,3,693,11,611,93,704
166692,5,3,2,603,89,8,3,692,11,611,92,703
166692,5,3,5,0,1,0,0,1,0,0,1,1
166692,6,4,1,199,25,24,2,224,26,223,27,250
166692,6,4,2,178,18,24,2,196,26,202,20,222
166692,6,4,5,21,7,0,0,28,0,21,7,28
166692,7,999,1,74,27,3,0,101,3,77,27,104
166692,7,999,2,25,7,3,0,32,3,28,7,35
166692,7,999,5,49,20,0,0,69,0,49,20,69
166692,8,5,1,37,16,2,0,53,2,39,16,55
166692,8,5,2,20,4,2,0,24,2,22,4,26
166692,8,5,5,17,12,0,0,29,0,17,12,29
166692,9,6,1,14,5,0,0,19,0,14,5,19
166692,9,6,2,4,2,0,0,6,0,4,2,6
166692,9,6,5,10,3,0,0,13,0,10,3,13
166692,10,7,1,6,2,0,0,8,0,6,2,8
166692,10,7,2,0,1,0,0,1,0,0,1,1
166692,10,7,5,6,1,0,0,7,0,6,1,7
166692,11,8,1,13,4,0,0,17,0,13,4,17
166692,11,8,2,1,0,0,0,1,0,1,0,1
166692,11,8,5,12,4,0,0,16,0,12,4,16
166692,12,9,1,4,0,1,0,4,1,5,0,5
166692,12,9,2,0,0,1,0,0,1,1,0,1
166692,12,9,5,4,0,0,0,4,0,4,0,4
166692,14,11,1,1,0,0,0,1,0,1,0,1
166692,14,11,5,1,0,0,0,1,0,1,0,1
166717,1,412,1,108,454,53,190,562,243,161,644,805
166717,1,112,2,3,11,4,12,14,16,7,23,30
166717,1,312,5,105,443,49,178,548,227,154,621,775
166717,2,999,1,19,148,1,11,167,12,20,159,179
166717,2,999,2,0,2,0,1,2,1,0,3,3
166717,2,999,5,19,146,1,10,165,11,20,156,176
166717,5,3,1,0,2,0,0,2,0,0,2,2
166717,5,3,5,0,2,0,0,2,0,0,2,2
166717,6,4,1,19,146,1,11,165,12,20,157,177
166717,6,4,2,0,2,0,1,2,1,0,3,3
166717,6,4,5,19,144,1,10,163,11,20,154,174
166717,7,999,1,89,306,52,179,395,231,141,485,626
166717,7,999,2,3,9,4,11,12,15,7,20,27
166717,7,999,5,86,297,48,168,383,216,134,465,599
166717,8,5,1,54,205,17,75,259,92,71,280,351
166717,8,5,2,2,4,1,1,6,2,3,5,8
166717,8,5,5,52,201,16,74,253,90,68,275,343
166717,9,6,1,15,50,15,48,65,63,30,98,128
166717,9,6,2,0,4,1,3,4,4,1,7,8
166717,9,6,5,15,46,14,45,61,59,29,91,120
166717,10,7,1,9,18,7,11,27,18,16,29,45
166717,10,7,2,1,0,1,1,1,2,2,1,3
166717,10,7,5,8,18,6,10,26,16,14,28,42
166717,11,8,1,7,23,6,28,30,34,13,51,64
166717,11,8,2,0,1,1,3,1,4,1,4,5
166717,11,8,5,7,22,5,25,29,30,12,47,59
166717,12,9,1,4,10,7,15,14,22,11,25,36
166717,12,9,2,0,0,0,2,0,2,0,2,2
166717,12,9,5,4,10,7,13,14,20,11,23,34
166717,13,10,1,0,0,0,2,0,2,0,2,2
166717,13,10,2,0,0,0,1,0,1,0,1,1
166717,13,10,5,0,0,0,1,0,1,0,1,1
166823,1,412,1,904,1112,1259,2390,2016,3649,2163,3502,5665
166823,1,112,2,904,1112,1259,2390,2016,3649,2163,3502,5665
166823,2,999,1,732,883,808,1177,1615,1985,1540,2060,3600
166823,2,999,2,732,883,808,1177,1615,1985,1540,2060,3600
166823,3,1,1,74,129,134,220,203,354,208,349,557
166823,3,1,2,74,129,134,220,203,354,208,349,557
166823,4,2,1,356,395,216,265,751,481,572,660,1232
166823,4,2,2,356,395,216,265,751,481,572,660,1232
166823,5,3,1,198,232,246,313,430,559,444,545,989
166823,5,3,2,198,232,246,313,430,559,444,545,989
166823,6,4,1,104,127,212,379,231,591,316,506,822
166823,6,4,2,104,127,212,379,231,591,316,506,822
166823,7,999,1,172,229,451,1213,401,1664,623,1442,2065
166823,7,999,2,172,229,451,1213,401,1664,623,1442,2065
166823,8,5,1,73,114,173,417,187,590,246,531,777
166823,8,5,2,73,114,173,417,187,590,246,531,777
166823,9,6,1,48,47,109,264,95,373,157,311,468
166823,9,6,2,48,47,109,264,95,373,157,311,468
166823,10,7,1,29,35,67,207,64,274,96,242,338
166823,10,7,2,29,35,67,207,64,274,96,242,338
166823,11,8,1,10,22,68,218,32,286,78,240,318
166823,11,8,2,10,22,68,218,32,286,78,240,318
166823,12,9,1,10,11,33,94,21,127,43,105,148
166823,12,9,2,10,11,33,94,21,127,43,105,148
166823,13,10,1,2,0,1,13,2,14,3,13,16
166823,13,10,2,2,0,1,13,2,14,3,13,16
166887,1,412,1,882,1056,1716,3231,1938,4947,2598,4287,6885
166887,1,112,2,882,1056,1716,3231,1938,4947,2598,4287,6885
166887,2,999,1,750,824,1218,1892,1574,3110,1968,2716,4684
166887,2,999,2,750,824,1218,1892,1574,3110,1968,2716,4684
166887,3,1,1,42,49,368,649,91,1017,410,698,1108
166887,3,1,2,42,49,368,649,91,1017,410,698,1108
166887,4,2,1,379,391,277,387,770,664,656,778,1434
166887,4,2,2,379,391,277,387,770,664,656,778,1434
166887,5,3,1,221,254,292,416,475,708,513,670,1183
166887,5,3,2,221,254,292,416,475,708,513,670,1183
166887,6,4,1,108,130,281,440,238,721,389,570,959
166887,6,4,2,108,130,281,440,238,721,389,570,959
166887,7,999,1,132,232,498,1339,364,1837,630,1571,2201
166887,7,999,2,132,232,498,1339,364,1837,630,1571,2201
166887,8,5,1,71,120,202,502,191,704,273,622,895
166887,8,5,2,71,120,202,502,191,704,273,622,895
166887,9,6,1,38,57,115,323,95,438,153,380,533
166887,9,6,2,38,57,115,323,95,438,153,380,533
166887,10,7,1,14,27,70,204,41,274,84,231,315
166887,10,7,2,14,27,70,204,41,274,84,231,315
166887,11,8,1,7,21,54,208,28,262,61,229,290
166887,11,8,2,7,21,54,208,28,262,61,229,290
166887,12,9,1,2,7,39,85,9,124,41,92,133
166887,12,9,2,2,7,39,85,9,124,41,92,133
166887,13,10,1,0,0,18,17,0,35,18,17,35
166887,13,10,2,0,0,18,17,0,35,18,17,35
166911,1,412,1,84,262,3,13,346,16,87,275,362
166911,1,112,2,84,262,3,13,346,16,87,275,362
166911,2,999,1,78,256,3,6,334,9,81,262,343
166911,2,999,2,78,256,3,6,334,9,81,262,343
166911,3,1,1,1,4,0,0,5,0,1,4,5
166911,3,1,2,1,4,0,0,5,0,1,4,5
166911,4,2,1,17,51,0,1,68,1,17,52,69
166911,4,2,2,17,51,0,1,68,1,17,52,69
166911,5,3,1,41,124,1,3,165,4,42,127,169
166911,5,3,2,41,124,1,3,165,4,42,127,169
166911,6,4,1,19,77,2,2,96,4,21,79,100
166911,6,4,2,19,77,2,2,96,4,21,79,100
166911,7,999,1,6,6,0,5,12,5,6,11,17
166911,7,999,2,6,6,0,5,12,5,6,11,17
166911,8,5,1,3,3,0,2,6,2,3,5,8
166911,8,5,2,3,3,0,2,6,2,3,5,8
166911,9,6,1,2,2,0,0,4,0,2,2,4
166911,9,6,2,2,2,0,0,4,0,2,2,4
166911,11,8,1,1,0,0,0,1,0,1,0,1
166911,11,8,2,1,0,0,0,1,0,1,0,1
166911,12,9,1,0,1,0,2,1,2,0,3,3
166911,12,9,2,0,1,0,2,1,2,0,3,3
166911,13,10,1,0,0,0,1,0,1,0,1,1
166911,13,10,2,0,0,0,1,0,1,0,1,1
166911,14,11,1,0,0,0,2,0,2,0,2,2
166911,14,11,2,0,0,0,2,0,2,0,2,2
166939,1,412,1,3,1909,17,111,1912,128,20,2020,2040
166939,1,112,2,0,1892,3,20,1892,23,3,1912,1915
166939,1,312,5,3,17,14,91,20,105,17,108,125
166939,2,999,1,0,1849,3,12,1849,15,3,1861,1864
166939,2,999,2,0,1843,2,5,1843,7,2,1848,1850
166939,2,999,5,0,6,1,7,6,8,1,13,14
166939,3,1,1,0,26,2,0,26,2,2,26,28
166939,3,1,2,0,26,2,0,26,2,2,26,28
166939,4,2,1,0,803,0,2,803,2,0,805,805
166939,4,2,2,0,803,0,2,803,2,0,805,805
166939,5,3,1,0,888,0,2,888,2,0,890,890
166939,5,3,2,0,888,0,2,888,2,0,890,890
166939,6,4,1,0,132,1,8,132,9,1,140,141
166939,6,4,2,0,126,0,1,126,1,0,127,127
166939,6,4,5,0,6,1,7,6,8,1,13,14
166939,7,999,1,3,60,14,97,63,111,17,157,174
166939,7,999,2,0,49,1,15,49,16,1,64,65
166939,7,999,5,3,11,13,82,14,95,16,93,109
166939,8,5,1,1,23,8,27,24,35,9,50,59
166939,8,5,2,0,19,0,4,19,4,0,23,23
166939,8,5,5,1,4,8,23,5,31,9,27,36
166939,9,6,1,2,18,0,13,20,13,2,31,33
166939,9,6,2,0,14,0,3,14,3,0,17,17
166939,9,6,5,2,4,0,10,6,10,2,14,16
166939,10,7,1,0,5,2,15,5,17,2,20,22
166939,10,7,2,0,4,0,2,4,2,0,6,6
166939,10,7,5,0,1,2,13,1,15,2,14,16
166939,11,8,1,0,11,4,24,11,28,4,35,39
166939,11,8,2,0,10,1,1,10,2,1,11,12
166939,11,8,5,0,1,3,23,1,26,3,24,27
166939,12,9,1,0,3,0,17,3,17,0,20,20
166939,12,9,2,0,2,0,5,2,5,0,7,7
166939,12,9,5,0,1,0,12,1,12,0,13,13
166939,13,10,1,0,0,0,1,0,1,0,1,1
166939,13,10,5,0,0,0,1,0,1,0,1,1
166939,14,11,1,0,0,0,2,0,2,0,2,2
166939,14,11,5,0,0,0,2,0,2,0,2,2
166957,1,412,1,385,636,624,1542,1021,2166,1009,2178,3187
166957,1,112,2,385,636,624,1542,1021,2166,1009,2178,3187
166957,2,999,1,293,443,338,671,736,1009,631,1114,1745
166957,2,999,2,293,443,338,671,736,1009,631,1114,1745
166957,3,1,1,28,48,61,145,76,206,89,193,282
166957,3,1,2,28,48,61,145,76,206,89,193,282
166957,4,2,1,160,230,96,178,390,274,256,408,664
166957,4,2,2,160,230,96,178,390,274,256,408,664
166957,5,3,1,69,105,98,154,174,252,167,259,426
166957,5,3,2,69,105,98,154,174,252,167,259,426
166957,6,4,1,36,60,83,194,96,277,119,254,373
166957,6,4,2,36,60,83,194,96,277,119,254,373
166957,7,999,1,87,181,273,837,268,1110,360,1018,1378
166957,7,999,2,87,181,273,837,268,1110,360,1018,1378
166957,8,5,1,28,71,94,278,99,372,122,349,471
166957,8,5,2,28,71,94,278,99,372,122,349,471
166957,9,6,1,29,44,60,207,73,267,89,251,340
166957,9,6,2,29,44,60,207,73,267,89,251,340
166957,10,7,1,15,31,38,139,46,177,53,170,223
166957,10,7,2,15,31,38,139,46,177,53,170,223
166957,11,8,1,8,23,52,140,31,192,60,163,223
166957,11,8,2,8,23,52,140,31,192,60,163,223
166957,12,9,1,5,9,23,66,14,89,28,75,103
166957,12,9,2,5,9,23,66,14,89,28,75,103
166957,13,10,1,2,3,6,7,5,13,8,10,18
166957,13,10,2,2,3,6,7,5,13,8,10,18
166957,14,11,1,5,12,13,34,17,47,18,46,64
166957,14,11,2,5,12,13,34,17,47,18,46,64
167288,1,412,1,377,603,68,154,980,222,445,757,1202
167288,1,112,2,360,571,45,100,931,145,405,671,1076
167288,1,312,5,17,32,23,54,49,77,40,86,126
167288,2,999,1,331,543,27,47,874,74,358,590,948
167288,2,999,2,328,538,24,41,866,65,352,579,931
167288,2,999,5,3,5,3,6,8,9,6,11,17
167288,3,1,1,1,6,13,16,7,29,14,22,36
167288,3,1,2,1,6,13,16,7,29,14,22,36
167288,4,2,1,134,230,1,4,364,5,135,234,369
167288,4,2,2,134,230,1,4,364,5,135,234,369
167288,5,3,1,147,240,4,9,387,13,151,249,400
167288,5,3,2,147,240,4,9,387,13,151,249,400
167288,6,4,1,49,67,9,18,116,27,58,85,143
167288,6,4,2,46,62,6,12,108,18,52,74,126
167288,6,4,5,3,5,3,6,8,9,6,11,17
167288,7,999,1,46,60,41,107,106,148,87,167,254
167288,7,999,2,32,33,21,59,65,80,53,92,145
167288,7,999,5,14,27,20,48,41,68,34,75,109
167288,8,5,1,17,23,15,26,40,41,32,49,81
167288,8,5,2,16,18,9,10,34,19,25,28,53
167288,8,5,5,1,5,6,16,6,22,7,21,28
167288,9,6,1,9,8,7,17,17,24,16,25,41
167288,9,6,2,7,4,4,9,11,13,11,13,24
167288,9,6,5,2,4,3,8,6,11,5,12,17
167288,10,7,1,8,12,7,17,20,24,15,29,44
167288,10,7,2,4,4,0,10,8,10,4,14,18
167288,10,7,5,4,8,7,7,12,14,11,15,26
167288,11,8,1,9,12,7,28,21,35,16,40,56
167288,11,8,2,3,4,5,18,7,23,8,22,30
167288,11,8,5,6,8,2,10,14,12,8,18,26
167288,12,9,1,3,5,4,17,8,21,7,22,29
167288,12,9,2,2,3,2,10,5,12,4,13,17
167288,12,9,5,1,2,2,7,3,9,3,9,12
167288,13,10,1,0,0,1,2,0,3,1,2,3
167288,13,10,2,0,0,1,2,0,3,1,2,3
167358,1,412,1,11276,10772,461,396,22048,857,11737,11168,22905
167358,1,112,2,7342,7789,9,16,15131,25,7351,7805,15156
167358,1,312,5,3934,2983,452,380,6917,832,4386,3363,7749
167358,2,999,1,9058,9080,93,82,18138,175,9151,9162,18313
167358,2,999,2,7260,7750,5,11,15010,16,7265,7761,15026
167358,2,999,5,1798,1330,88,71,3128,159,1886,1401,3287
167358,3,1,1,96,158,0,1,254,1,96,159,255
167358,3,1,2,96,158,0,1,254,1,96,159,255
167358,4,2,1,3218,3596,3,6,6814,9,3221,3602,6823
167358,4,2,2,3218,3595,2,6,6813,8,3220,3601,6821
167358,4,2,5,0,1,1,0,1,1,1,1,2
167358,5,3,1,2799,3002,4,3,5801,7,2803,3005,5808
167358,5,3,2,2769,2943,1,2,5712,3,2770,2945,5715
167358,5,3,5,30,59,3,1,89,4,33,60,93
167358,6,4,1,2945,2324,86,72,5269,158,3031,2396,5427
167358,6,4,2,1177,1054,2,2,2231,4,1179,1056,2235
167358,6,4,5,1768,1270,84,70,3038,154,1852,1340,3192
167358,7,999,1,2218,1692,368,314,3910,682,2586,2006,4592
167358,7,999,2,82,39,4,5,121,9,86,44,130
167358,7,999,5,2136,1653,364,309,3789,673,2500,1962,4462
167358,8,5,1,1687,1287,202,177,2974,379,1889,1464,3353
167358,8,5,2,64,31,2,2,95,4,66,33,99
167358,8,5,5,1623,1256,200,175,2879,375,1823,1431,3254
167358,9,6,1,386,280,83,72,666,155,469,352,821
167358,9,6,2,16,6,0,1,22,1,16,7,23
167358,9,6,5,370,274,83,71,644,154,453,345,798
167358,10,7,1,93,66,33,30,159,63,126,96,222
167358,10,7,2,0,0,0,1,0,1,0,1,1
167358,10,7,5,93,66,33,29,159,62,126,95,221
167358,11,8,1,43,44,33,26,87,59,76,70,146
167358,11,8,2,2,1,2,0,3,2,4,1,5
167358,11,8,5,41,43,31,26,84,57,72,69,141
167358,12,9,1,9,13,16,8,22,24,25,21,46
167358,12,9,2,0,1,0,0,1,0,0,1,1
167358,12,9,5,9,12,16,8,21,24,25,20,45
167358,13,10,1,0,2,1,1,2,2,1,3,4
167358,13,10,2,0,0,0,1,0,1,0,1,1
167358,13,10,5,0,2,1,0,2,1,1,2,3
167376,1,412,1,642,832,1003,2238,1474,3241,1645,3070,4715
167376,1,112,2,642,832,1003,2238,1474,3241,1645,3070,4715
167376,2,999,1,506,642,701,1243,1148,1944,1207,1885,3092
167376,2,999,2,506,642,701,1243,1148,1944,1207,1885,3092
167376,3,1,1,14,30,173,324,44,497,187,354,541
167376,3,1,2,14,30,173,324,44,497,187,354,541
167376,4,2,1,303,375,193,320,678,513,496,695,1191
167376,4,2,2,303,375,193,320,678,513,496,695,1191
167376,5,3,1,116,154,175,297,270,472,291,451,742
167376,5,3,2,116,154,175,297,270,472,291,451,742
167376,6,4,1,73,83,160,302,156,462,233,385,618
167376,6,4,2,73,83,160,302,156,462,233,385,618
167376,7,999,1,80,190,302,995,270,1297,382,1185,1567
167376,7,999,2,80,190,302,995,270,1297,382,1185,1567
167376,8,5,1,35,87,131,367,122,498,166,454,620
167376,8,5,2,35,87,131,367,122,498,166,454,620
167376,9,6,1,25,49,65,229,74,294,90,278,368
167376,9,6,2,25,49,65,229,74,294,90,278,368
167376,10,7,1,14,22,46,152,36,198,60,174,234
167376,10,7,2,14,22,46,152,36,198,60,174,234
167376,11,8,1,1,25,38,165,26,203,39,190,229
167376,11,8,2,1,25,38,165,26,203,39,190,229
167376,12,9,1,5,7,20,81,12,101,25,88,113
167376,12,9,2,5,7,20,81,12,101,25,88,113
167376,13,10,1,0,0,2,1,0,3,2,1,3
167376,13,10,2,0,0,2,1,0,3,2,1,3
167376,14,11,1,56,0,0,0,56,0,56,0,56
167376,14,11,2,56,0,0,0,56,0,56,0,56
167394,1,412,1,235,752,67,301,987,368,302,1053,1355
167394,1,112,2,205,676,33,116,881,149,238,792,1030
167394,1,312,5,30,76,34,185,106,219,64,261,325
167394,2,999,1,189,519,12,40,708,52,201,559,760
167394,2,999,2,178,499,5,18,677,23,183,517,700
167394,2,999,5,11,20,7,22,31,29,18,42,60
167394,3,1,1,1,7,0,0,8,0,1,7,8
167394,3,1,2,1,7,0,0,8,0,1,7,8
167394,4,2,1,63,202,0,1,265,1,63,203,266
167394,4,2,2,63,202,0,1,265,1,63,203,266
167394,5,3,1,76,203,3,2,279,5,79,205,284
167394,5,3,2,76,201,3,1,277,4,79,202,281
167394,5,3,5,0,2,0,1,2,1,0,3,3
167394,6,4,1,49,107,9,37,156,46,58,144,202
167394,6,4,2,38,89,2,16,127,18,40,105,145
167394,6,4,5,11,18,7,21,29,28,18,39,57
167394,7,999,1,44,231,53,234,275,287,97,465,562
167394,7,999,2,26,176,26,76,202,102,52,252,304
167394,7,999,5,18,55,27,158,73,185,45,213,258
167394,8,5,1,18,72,19,60,90,79,37,132,169
167394,8,5,2,8,46,9,21,54,30,17,67,84
167394,8,5,5,10,26,10,39,36,49,20,65,85
167394,9,6,1,10,59,10,50,69,60,20,109,129
167394,9,6,2,7,50,5,16,57,21,12,66,78
167394,9,6,5,3,9,5,34,12,39,8,43,51
167394,10,7,1,10,41,10,37,51,47,20,78,98
167394,10,7,2,6,35,3,13,41,16,9,48,57
167394,10,7,5,4,6,7,24,10,31,11,30,41
167394,11,8,1,5,34,6,55,39,61,11,89,100
167394,11,8,2,4,25,3,20,29,23,7,45,52
167394,11,8,5,1,9,3,35,10,38,4,44,48
167394,12,9,1,1,25,8,30,26,38,9,55,64
167394,12,9,2,1,20,6,6,21,12,7,26,33
167394,12,9,5,0,5,2,24,5,26,2,29,31
167394,13,10,1,0,0,0,2,0,2,0,2,2
167394,13,10,5,0,0,0,2,0,2,0,2,2
167394,14,11,1,2,2,2,27,4,29,4,29,33
167394,14,11,2,1,1,2,22,2,24,3,23,26
167394,14,11,5,1,1,0,5,2,5,1,6,7
167455,1,412,1,93,102,1,3,195,4,94,105,199
167455,1,112,2,90,90,1,3,180,4,91,93,184
167455,1,312,5,3,12,0,0,15,0,3,12,15
167455,2,999,1,83,80,1,2,163,3,84,82,166
167455,2,999,2,83,79,1,2,162,3,84,81,165
167455,2,999,5,0,1,0,0,1,0,0,1,1
167455,3,1,1,0,1,0,0,1,0,0,1,1
167455,3,1,2,0,1,0,0,1,0,0,1,1
167455,4,2,1,16,18,0,0,34,0,16,18,34
167455,4,2,2,16,18,0,0,34,0,16,18,34
167455,5,3,1,34,32,0,1,66,1,34,33,67
167455,5,3,2,34,32,0,1,66,1,34,33,67
167455,6,4,1,33,29,1,1,62,2,34,30,64
167455,6,4,2,33,28,1,1,61,2,34,29,63
167455,6,4,5,0,1,0,0,1,0,0,1,1
167455,7,999,1,10,20,0,0,30,0,10,20,30
167455,7,999,2,7,9,0,0,16,0,7,9,16
167455,7,999,5,3,11,0,0,14,0,3,11,14
167455,8,5,1,6,7,0,0,13,0,6,7,13
167455,8,5,2,6,5,0,0,11,0,6,5,11
167455,8,5,5,0,2,0,0,2,0,0,2,2
167455,9,6,1,1,3,0,0,4,0,1,3,4
167455,9,6,2,1,1,0,0,2,0,1,1,2
167455,9,6,5,0,2,0,0,2,0,0,2,2
167455,11,8,1,2,7,0,0,9,0,2,7,9
167455,11,8,2,0,1,0,0,1,0,0,1,1
167455,11,8,5,2,6,0,0,8,0,2,6,8
167455,12,9,1,1,3,0,0,4,0,1,3,4
167455,12,9,2,0,2,0,0,2,0,0,2,2
167455,12,9,5,1,1,0,0,2,0,1,1,2
167455,14,11,1,0,2,0,1,2,1,0,3,3
167455,14,11,2,0,2,0,1,2,1,0,3,3
167534,1,412,1,1038,1387,1552,2965,2425,4517,2590,4352,6942
167534,1,112,2,1038,1387,1552,2965,2425,4517,2590,4352,6942
167534,2,999,1,847,974,1014,1479,1821,2493,1861,2453,4314
167534,2,999,2,847,974,1014,1479,1821,2493,1861,2453,4314
167534,3,1,1,36,60,190,363,96,553,226,423,649
167534,3,1,2,36,60,190,363,96,553,226,423,649
167534,4,2,1,456,470,285,294,926,579,741,764,1505
167534,4,2,2,456,470,285,294,926,579,741,764,1505
167534,5,3,1,244,257,283,386,501,669,527,643,1170
167534,5,3,2,244,257,283,386,501,669,527,643,1170
167534,6,4,1,111,187,256,436,298,692,367,623,990
167534,6,4,2,111,187,256,436,298,692,367,623,990
167534,7,999,1,191,413,538,1486,604,2024,729,1899,2628
167534,7,999,2,191,413,538,1486,604,2024,729,1899,2628
167534,8,5,1,94,174,208,540,268,748,302,714,1016
167534,8,5,2,94,174,208,540,268,748,302,714,1016
167534,9,6,1,35,97,128,374,132,502,163,471,634
167534,9,6,2,35,97,128,374,132,502,163,471,634
167534,10,7,1,29,70,77,239,99,316,106,309,415
167534,10,7,2,29,70,77,239,99,316,106,309,415
167534,11,8,1,25,58,89,267,83,356,114,325,439
167534,11,8,2,25,58,89,267,83,356,114,325,439
167534,12,9,1,8,14,34,65,22,99,42,79,121
167534,12,9,2,8,14,34,65,22,99,42,79,121
167534,13,10,1,0,0,2,1,0,3,2,1,3
167534,13,10,2,0,0,2,1,0,3,2,1,3
167598,1,412,1,255,1183,240,1782,1438,2022,495,2965,3460
167598,1,112,2,198,823,38,248,1021,286,236,1071,1307
167598,1,312,5,57,360,202,1534,417,1736,259,1894,2153
167598,2,999,1,191,849,22,196,1040,218,213,1045,1258
167598,2,999,2,178,761,12,84,939,96,190,845,1035
167598,2,999,5,13,88,10,112,101,122,23,200,223
167598,3,1,1,1,6,0,0,7,0,1,6,7
167598,3,1,2,1,6,0,0,7,0,1,6,7
167598,4,2,1,72,296,1,12,368,13,73,308,381
167598,4,2,2,72,296,1,10,368,11,73,306,379
167598,4,2,5,0,0,0,2,0,2,0,2,2
167598,5,3,1,82,339,3,20,421,23,85,359,444
167598,5,3,2,82,338,3,19,420,22,85,357,442
167598,5,3,5,0,1,0,1,1,1,0,2,2
167598,6,4,1,36,208,18,164,244,182,54,372,426
167598,6,4,2,23,121,8,55,144,63,31,176,207
167598,6,4,5,13,87,10,109,100,119,23,196,219
167598,7,999,1,64,333,215,1547,397,1762,279,1880,2159
167598,7,999,2,20,61,24,131,81,155,44,192,236
167598,7,999,5,44,272,191,1416,316,1607,235,1688,1923
167598,8,5,1,18,135,37,373,153,410,55,508,563
167598,8,5,2,5,31,6,41,36,47,11,72,83
167598,8,5,5,13,104,31,332,117,363,44,436,480
167598,9,6,1,11,75,38,296,86,334,49,371,420
167598,9,6,2,5,13,4,31,18,35,9,44,53
167598,9,6,5,6,62,34,265,68,299,40,327,367
167598,10,7,1,12,49,42,248,61,290,54,297,351
167598,10,7,2,5,7,6,21,12,27,11,28,39
167598,10,7,5,7,42,36,227,49,263,43,269,312
167598,11,8,1,16,52,63,402,68,465,79,454,533
167598,11,8,2,4,4,7,23,8,30,11,27,38
167598,11,8,5,12,48,56,379,60,435,68,427,495
167598,12,9,1,7,22,34,218,29,252,41,240,281
167598,12,9,2,1,6,1,14,7,15,2,20,22
167598,12,9,5,6,16,33,204,22,237,39,220,259
167598,13,10,1,0,0,1,10,0,11,1,10,11
167598,13,10,2,0,0,0,1,0,1,0,1,1
167598,13,10,5,0,0,1,9,0,10,1,9,10
167598,14,11,1,0,1,3,39,1,42,3,40,43
167598,14,11,2,0,1,2,33,1,35,2,34,36
167598,14,11,5,0,0,1,6,0,7,1,6,7
167631,1,412,1,126,209,267,598,335,865,393,807,1200
167631,1,112,2,126,209,267,598,335,865,393,807,1200
167631,2,999,1,96,117,114,174,213,288,210,291,501
167631,2,999,2,96,117,114,174,213,288,210,291,501
167631,3,1,1,1,0,4,22,1,26,5,22,27
167631,3,1,2,1,0,4,22,1,26,5,22,27
167631,4,2,1,41,47,23,36,88,59,64,83,147
167631,4,2,2,41,47,23,36,88,59,64,83,147
167631,5,3,1,30,43,41,46,73,87,71,89,160
167631,5,3,2,30,43,41,46,73,87,71,89,160
167631,6,4,1,24,27,46,70,51,116,70,97,167
167631,6,4,2,24,27,46,70,51,116,70,97,167
167631,7,999,1,30,92,153,424,122,577,183,516,699
167631,7,999,2,30,92,153,424,122,577,183,516,699
167631,8,5,1,10,32,48,120,42,168,58,152,210
167631,8,5,2,10,32,48,120,42,168,58,152,210
167631,9,6,1,4,26,32,91,30,123,36,117,153
167631,9,6,2,4,26,32,91,30,123,36,117,153
167631,10,7,1,8,13,24,80,21,104,32,93,125
167631,10,7,2,8,13,24,80,21,104,32,93,125
167631,11,8,1,5,17,26,93,22,119,31,110,141
167631,11,8,2,5,17,26,93,22,119,31,110,141
167631,12,9,1,3,4,22,39,7,61,25,43,68
167631,12,9,2,3,4,22,39,7,61,25,43,68
167631,13,10,1,0,0,1,1,0,2,1,1,2
167631,13,10,2,0,0,1,1,0,2,1,1,2
167729,1,412,1,1634,3443,711,1454,5077,2165,2345,4897,7242
167729,1,112,2,1528,2916,498,774,4444,1272,2026,3690,5716
167729,1,312,5,106,527,213,680,633,893,319,1207,1526
167729,2,999,1,1360,2865,331,540,4225,871,1691,3405,5096
167729,2,999,2,1330,2681,300,449,4011,749,1630,3130,4760
167729,2,999,5,30,184,31,91,214,122,61,275,336
167729,3,1,1,11,23,84,129,34,213,95,152,247
167729,3,1,2,11,23,84,129,34,213,95,152,247
167729,4,2,1,458,1156,49,80,1614,129,507,1236,1743
167729,4,2,2,458,1156,49,80,1614,129,507,1236,1743
167729,5,3,1,555,1120,65,93,1675,158,620,1213,1833
167729,5,3,2,555,1112,65,91,1667,156,620,1203,1823
167729,5,3,5,0,8,0,2,8,2,0,10,10
167729,6,4,1,336,566,133,238,902,371,469,804,1273
167729,6,4,2,306,390,102,149,696,251,408,539,947
167729,6,4,5,30,176,31,89,206,120,61,265,326
167729,7,999,1,274,578,379,911,852,1290,653,1489,2142
167729,7,999,2,198,235,197,322,433,519,395,557,952
167729,7,999,5,76,343,182,589,419,771,258,932,1190
167729,8,5,1,152,314,149,356,466,505,301,670,971
167729,8,5,2,118,142,84,148,260,232,202,290,492
167729,8,5,5,34,172,65,208,206,273,99,380,479
167729,9,6,1,47,114,86,214,161,300,133,328,461
167729,9,6,2,31,43,39,78,74,117,70,121,191
167729,9,6,5,16,71,47,136,87,183,63,207,270
167729,10,7,1,38,63,55,125,101,180,93,188,281
167729,10,7,2,26,25,33,36,51,69,59,61,120
167729,10,7,5,12,38,22,89,50,111,34,127,161
167729,11,8,1,23,64,55,125,87,180,78,189,267
167729,11,8,2,15,21,30,29,36,59,45,50,95
167729,11,8,5,8,43,25,96,51,121,33,139,172
167729,12,9,1,14,22,28,86,36,114,42,108,150
167729,12,9,2,8,3,10,30,11,40,18,33,51
167729,12,9,5,6,19,18,56,25,74,24,75,99
167729,13,10,1,0,1,6,5,1,11,6,6,12
167729,13,10,2,0,1,1,1,1,2,1,2,3
167729,13,10,5,0,0,5,4,0,9,5,4,9
167729,14,11,1,0,0,1,3,0,4,1,3,4
167729,14,11,2,0,0,1,3,0,4,1,3,4
167783,1,412,1,201,2950,304,2808,3151,3112,505,5758,6263
167783,1,112,2,0,1609,0,127,1609,127,0,1736,1736
167783,1,312,5,201,1341,304,2681,1542,2985,505,4022,4527
167783,2,999,1,35,1967,37,453,2002,490,72,2420,2492
167783,2,999,2,0,1551,0,25,1551,25,0,1576,1576
167783,2,999,5,35,416,37,428,451,465,72,844,916
167783,3,1,1,0,10,0,0,10,0,0,10,10
167783,3,1,2,0,10,0,0,10,0,0,10,10
167783,4,2,1,0,737,0,3,737,3,0,740,740
167783,4,2,2,0,737,0,3,737,3,0,740,740
167783,5,3,1,0,672,1,12,672,13,1,684,685
167783,5,3,2,0,663,0,2,663,2,0,665,665
167783,5,3,5,0,9,1,10,9,11,1,19,20
167783,6,4,1,35,548,36,438,583,474,71,986,1057
167783,6,4,2,0,141,0,20,141,20,0,161,161
167783,6,4,5,35,407,36,418,442,454,71,825,896
167783,7,999,1,166,978,266,2339,1144,2605,432,3317,3749
167783,7,999,2,0,57,0,93,57,93,0,150,150
167783,7,999,5,166,921,266,2246,1087,2512,432,3167,3599
167783,8,5,1,68,514,97,1008,582,1105,165,1522,1687
167783,8,5,2,0,27,0,44,27,44,0,71,71
167783,8,5,5,68,487,97,964,555,1061,165,1451,1616
167783,9,6,1,41,181,65,493,222,558,106,674,780
167783,9,6,2,0,14,0,18,14,18,0,32,32
167783,9,6,5,41,167,65,475,208,540,106,642,748
167783,10,7,1,23,106,46,305,129,351,69,411,480
167783,10,7,2,0,11,0,8,11,8,0,19,19
167783,10,7,5,23,95,46,297,118,343,69,392,461
167783,11,8,1,22,120,40,394,142,434,62,514,576
167783,11,8,2,0,4,0,15,4,15,0,19,19
167783,11,8,5,22,116,40,379,138,419,62,495,557
167783,12,9,1,12,55,17,134,67,151,29,189,218
167783,12,9,2,0,1,0,7,1,7,0,8,8
167783,12,9,5,12,54,17,127,66,144,29,181,210
167783,13,10,1,0,2,1,5,2,6,1,7,8
167783,13,10,2,0,0,0,1,0,1,0,1,1
167783,13,10,5,0,2,1,4,2,5,1,6,7
167783,14,11,1,0,5,1,16,5,17,1,21,22
167783,14,11,2,0,1,0,9,1,9,0,10,10
167783,14,11,5,0,4,1,7,4,8,1,11,12
167835,1,412,1,47,2413,7,37,2460,44,54,2450,2504
167835,1,112,2,0,2160,1,22,2160,23,1,2182,2183
167835,1,312,5,47,253,6,15,300,21,53,268,321
167835,2,999,1,6,2153,1,8,2159,9,7,2161,2168
167835,2,999,2,0,2102,0,1,2102,1,0,2103,2103
167835,2,999,5,6,51,1,7,57,8,7,58,65
167835,3,1,1,0,43,0,0,43,0,0,43,43
167835,3,1,2,0,43,0,0,43,0,0,43,43
167835,4,2,1,0,955,0,0,955,0,0,955,955
167835,4,2,2,0,954,0,0,954,0,0,954,954
167835,4,2,5,0,1,0,0,1,0,0,1,1
167835,5,3,1,0,940,0,1,940,1,0,941,941
167835,5,3,2,0,938,0,0,938,0,0,938,938
167835,5,3,5,0,2,0,1,2,1,0,3,3
167835,6,4,1,6,215,1,7,221,8,7,222,229
167835,6,4,2,0,167,0,1,167,1,0,168,168
167835,6,4,5,6,48,1,6,54,7,7,54,61
167835,7,999,1,41,260,6,29,301,35,47,289,336
167835,7,999,2,0,58,1,21,58,22,1,79,80
167835,7,999,5,41,202,5,8,243,13,46,210,256
167835,8,5,1,13,121,3,16,134,19,16,137,153
167835,8,5,2,0,23,1,11,23,12,1,34,35
167835,8,5,5,13,98,2,5,111,7,15,103,118
167835,9,6,1,13,68,1,6,81,7,14,74,88
167835,9,6,2,0,21,0,4,21,4,0,25,25
167835,9,6,5,13,47,1,2,60,3,14,49,63
167835,10,7,1,5,30,0,5,35,5,5,35,40
167835,10,7,2,0,6,0,4,6,4,0,10,10
167835,10,7,5,5,24,0,1,29,1,5,25,30
167835,11,8,1,5,22,2,2,27,4,7,24,31
167835,11,8,2,0,5,0,2,5,2,0,7,7
167835,11,8,5,5,17,2,0,22,2,7,17,24
167835,12,9,1,5,18,0,0,23,0,5,18,23
167835,12,9,2,0,3,0,0,3,0,0,3,3
167835,12,9,5,5,15,0,0,20,0,5,15,20
167835,13,10,1,0,1,0,0,1,0,0,1,1
167835,13,10,5,0,1,0,0,1,0,0,1,1
167905,1,412,1,706,993,956,1672,1699,2628,1662,2665,4327
167905,1,112,2,706,993,956,1672,1699,2628,1662,2665,4327
167905,2,999,1,546,715,573,755,1261,1328,1119,1470,2589
167905,2,999,2,546,715,573,755,1261,1328,1119,1470,2589
167905,3,1,1,1,5,40,77,6,117,41,82,123
167905,3,1,2,1,5,40,77,6,117,41,82,123
167905,4,2,1,266,342,173,194,608,367,439,536,975
167905,4,2,2,266,342,173,194,608,367,439,536,975
167905,5,3,1,181,225,217,237,406,454,398,462,860
167905,5,3,2,181,225,217,237,406,454,398,462,860
167905,6,4,1,98,143,143,247,241,390,241,390,631
167905,6,4,2,98,143,143,247,241,390,241,390,631
167905,7,999,1,159,276,377,911,435,1288,536,1187,1723
167905,7,999,2,159,276,377,911,435,1288,536,1187,1723
167905,8,5,1,71,131,132,344,202,476,203,475,678
167905,8,5,2,71,131,132,344,202,476,203,475,678
167905,9,6,1,47,67,103,232,114,335,150,299,449
167905,9,6,2,47,67,103,232,114,335,150,299,449
167905,10,7,1,19,41,58,142,60,200,77,183,260
167905,10,7,2,19,41,58,142,60,200,77,183,260
167905,11,8,1,12,30,51,129,42,180,63,159,222
167905,11,8,2,12,30,51,129,42,180,63,159,222
167905,12,9,1,9,7,28,56,16,84,37,63,100
167905,12,9,2,9,7,28,56,16,84,37,63,100
167905,13,10,1,1,0,5,8,1,13,6,8,14
167905,13,10,2,1,0,5,8,1,13,6,8,14
167905,14,11,1,1,2,6,6,3,12,7,8,15
167905,14,11,2,1,2,6,6,3,12,7,8,15
167987,1,412,1,2933,2927,849,1160,5860,2009,3782,4087,7869
167987,1,112,2,2568,2554,370,535,5122,905,2938,3089,6027
167987,1,312,5,365,373,479,625,738,1104,844,998,1842
167987,2,999,1,2537,2500,224,193,5037,417,2761,2693,5454
167987,2,999,2,2396,2340,167,137,4736,304,2563,2477,5040
167987,2,999,5,141,160,57,56,301,113,198,216,414
167987,3,1,1,0,2,1,1,2,2,1,3,4
167987,3,1,2,0,2,1,1,2,2,1,3,4
167987,4,2,1,803,870,20,15,1673,35,823,885,1708
167987,4,2,2,803,870,20,15,1673,35,823,885,1708
167987,5,3,1,982,973,51,42,1955,93,1033,1015,2048
167987,5,3,2,978,969,48,41,1947,89,1026,1010,2036
167987,5,3,5,4,4,3,1,8,4,7,5,12
167987,6,4,1,752,655,152,135,1407,287,904,790,1694
167987,6,4,2,615,499,98,80,1114,178,713,579,1292
167987,6,4,5,137,156,54,55,293,109,191,211,402
167987,7,999,1,396,427,625,967,823,1592,1021,1394,2415
167987,7,999,2,172,214,203,398,386,601,375,612,987
167987,7,999,5,224,213,422,569,437,991,646,782,1428
167987,8,5,1,240,241,217,312,481,529,457,553,1010
167987,8,5,2,103,113,72,140,216,212,175,253,428
167987,8,5,5,137,128,145,172,265,317,282,300,582
167987,9,6,1,78,81,150,187,159,337,228,268,496
167987,9,6,2,44,38,55,80,82,135,99,118,217
167987,9,6,5,34,43,95,107,77,202,129,150,279
167987,10,7,1,43,38,102,148,81,250,145,186,331
167987,10,7,2,16,25,28,47,41,75,44,72,116
167987,10,7,5,27,13,74,101,40,175,101,114,215
167987,11,8,1,22,44,105,206,66,311,127,250,377
167987,11,8,2,6,25,34,94,31,128,40,119,159
167987,11,8,5,16,19,71,112,35,183,87,131,218
167987,12,9,1,12,22,45,102,34,147,57,124,181
167987,12,9,2,3,13,12,31,16,43,15,44,59
167987,12,9,5,9,9,33,71,18,104,42,80,122
167987,13,10,1,1,1,6,12,2,18,7,13,20
167987,13,10,2,0,0,2,6,0,8,2,6,8
167987,13,10,5,1,1,4,6,2,10,5,7,12
168148,1,412,1,4700,6318,535,666,11018,1201,5235,6984,12219
168148,1,112,2,2711,3227,91,85,5938,176,2802,3312,6114
168148,1,312,5,1989,3091,444,581,5080,1025,2433,3672,6105
168148,2,999,1,3266,4415,131,173,7681,304,3397,4588,7985
168148,2,999,2,2697,3216,61,65,5913,126,2758,3281,6039
168148,2,999,5,569,1199,70,108,1768,178,639,1307,1946
168148,3,1,1,19,40,3,7,59,10,22,47,69
168148,3,1,2,19,40,3,7,59,10,22,47,69
168148,4,2,1,1246,1609,11,14,2855,25,1257,1623,2880
168148,4,2,2,1246,1609,11,13,2855,24,1257,1622,2879
168148,4,2,5,0,0,0,1,0,1,0,1,1
168148,5,3,1,1245,1456,26,32,2701,58,1271,1488,2759
168148,5,3,2,1235,1420,25,32,2655,57,1260,1452,2712
168148,5,3,5,10,36,1,0,46,1,11,36,47
168148,6,4,1,756,1310,91,120,2066,211,847,1430,2277
168148,6,4,2,197,147,22,13,344,35,219,160,379
168148,6,4,5,559,1163,69,107,1722,176,628,1270,1898
168148,7,999,1,1434,1903,404,493,3337,897,1838,2396,4234
168148,7,999,2,14,11,30,20,25,50,44,31,75
168148,7,999,5,1420,1892,374,473,3312,847,1794,2365,4159
168148,8,5,1,969,1446,171,213,2415,384,1140,1659,2799
168148,8,5,2,7,8,7,8,15,15,14,16,30
168148,8,5,5,962,1438,164,205,2400,369,1126,1643,2769
168148,9,6,1,302,313,94,114,615,208,396,427,823
168148,9,6,2,6,2,6,2,8,8,12,4,16
168148,9,6,5,296,311,88,112,607,200,384,423,807
168148,10,7,1,94,84,60,49,178,109,154,133,287
168148,10,7,2,0,1,6,2,1,8,6,3,9
168148,10,7,5,94,83,54,47,177,101,148,130,278
168148,11,8,1,55,44,52,77,99,129,107,121,228
168148,11,8,2,1,0,8,4,1,12,9,4,13
168148,11,8,5,54,44,44,73,98,117,98,117,215
168148,12,9,1,12,16,26,39,28,65,38,55,93
168148,12,9,2,0,0,3,4,0,7,3,4,7
168148,12,9,5,12,16,23,35,28,58,35,51,86
168148,13,10,1,2,0,1,1,2,2,3,1,4
168148,13,10,5,2,0,1,1,2,2,3,1,4
168227,1,412,1,3035,892,359,103,3927,462,3394,995,4389
168227,1,112,2,2989,853,295,85,3842,380,3284,938,4222
168227,1,312,5,46,39,64,18,85,82,110,57,167
168227,2,999,1,2905,864,125,60,3769,185,3030,924,3954
168227,2,999,2,2870,830,114,58,3700,172,2984,888,3872
168227,2,999,5,35,34,11,2,69,13,46,36,82
168227,3,1,1,25,8,22,17,33,39,47,25,72
168227,3,1,2,25,8,22,17,33,39,47,25,72
168227,4,2,1,1245,383,16,11,1628,27,1261,394,1655
168227,4,2,2,1245,383,16,11,1628,27,1261,394,1655
168227,5,3,1,1210,355,26,18,1565,44,1236,373,1609
168227,5,3,2,1209,353,26,18,1562,44,1235,371,1606
168227,5,3,5,1,2,0,0,3,0,1,2,3
168227,6,4,1,425,118,61,14,543,75,486,132,618
168227,6,4,2,391,86,50,12,477,62,441,98,539
168227,6,4,5,34,32,11,2,66,13,45,34,79
168227,7,999,1,130,28,233,42,158,275,363,70,433
168227,7,999,2,119,23,180,27,142,207,299,50,349
168227,7,999,5,11,5,53,15,16,68,64,20,84
168227,8,5,1,83,19,79,11,102,90,162,30,192
168227,8,5,2,77,17,63,7,94,70,140,24,164
168227,8,5,5,6,2,16,4,8,20,22,6,28
168227,9,6,1,23,4,50,11,27,61,73,15,88
168227,9,6,2,22,3,36,8,25,44,58,11,69
168227,9,6,5,1,1,14,3,2,17,15,4,19
168227,10,7,1,8,3,39,7,11,46,47,10,57
168227,10,7,2,6,1,30,4,7,34,36,5,41
168227,10,7,5,2,2,9,3,4,12,11,5,16
168227,11,8,1,12,1,45,7,13,52,57,8,65
168227,11,8,2,10,1,37,6,11,43,47,7,54
168227,11,8,5,2,0,8,1,2,9,10,1,11
168227,12,9,1,4,0,20,5,4,25,24,5,29
168227,12,9,2,4,0,14,1,4,15,18,1,19
168227,12,9,5,0,0,6,4,0,10,6,4,10
168227,13,10,1,0,1,0,1,1,1,0,2,2
168227,13,10,2,0,1,0,1,1,1,0,2,2
168227,14,11,1,0,0,1,1,0,2,1,1,2
168227,14,11,2,0,0,1,0,0,1,1,0,1
168227,14,11,5,0,0,0,1,0,1,0,1,1
168342,1,412,1,966,976,21,24,1942,45,987,1000,1987
168342,1,112,2,956,961,21,24,1917,45,977,985,1962
168342,1,312,5,10,15,0,0,25,0,10,15,25
168342,2,999,1,952,967,17,23,1919,40,969,990,1959
168342,2,999,2,949,957,17,23,1906,40,966,980,1946
168342,2,999,5,3,10,0,0,13,0,3,10,13
168342,3,1,1,12,19,13,13,31,26,25,32,57
168342,3,1,2,12,19,13,13,31,26,25,32,57
168342,4,2,1,392,455,0,5,847,5,392,460,852
168342,4,2,2,392,455,0,5,847,5,392,460,852
168342,5,3,1,432,428,1,1,860,2,433,429,862
168342,5,3,2,432,428,1,1,860,2,433,429,862
168342,6,4,1,116,65,3,4,181,7,119,69,188
168342,6,4,2,113,55,3,4,168,7,116,59,175
168342,6,4,5,3,10,0,0,13,0,3,10,13
168342,7,999,1,14,9,4,1,23,5,18,10,28
168342,7,999,2,7,4,4,1,11,5,11,5,16
168342,7,999,5,7,5,0,0,12,0,7,5,12
168342,8,5,1,12,6,1,0,18,1,13,6,19
168342,8,5,2,6,2,1,0,8,1,7,2,9
168342,8,5,5,6,4,0,0,10,0,6,4,10
168342,9,6,1,1,2,2,0,3,2,3,2,5
168342,9,6,2,0,1,2,0,1,2,2,1,3
168342,9,6,5,1,1,0,0,2,0,1,1,2
168342,10,7,1,1,1,0,1,2,1,1,2,3
168342,10,7,2,1,1,0,1,2,1,1,2,3
168342,11,8,1,0,0,1,0,0,1,1,0,1
168342,11,8,2,0,0,1,0,0,1,1,0,1
168421,1,412,1,3293,2136,1057,434,5429,1491,4350,2570,6920
168421,1,112,2,2810,1899,134,49,4709,183,2944,1948,4892
168421,1,312,5,483,237,923,385,720,1308,1406,622,2028
168421,2,999,1,3033,2016,327,147,5049,474,3360,2163,5523
168421,2,999,2,2795,1894,126,46,4689,172,2921,1940,4861
168421,2,999,5,238,122,201,101,360,302,439,223,662
168421,3,1,1,55,53,0,0,108,0,55,53,108
168421,3,1,2,55,53,0,0,108,0,55,53,108
168421,4,2,1,1397,884,17,15,2281,32,1414,899,2313
168421,4,2,2,1396,884,17,15,2280,32,1413,899,2312
168421,4,2,5,1,0,0,0,1,0,1,0,1
168421,5,3,1,1214,899,74,25,2113,99,1288,924,2212
168421,5,3,2,1201,895,70,24,2096,94,1271,919,2190
168421,5,3,5,13,4,4,1,17,5,17,5,22
168421,6,4,1,367,180,236,107,547,343,603,287,890
168421,6,4,2,143,62,39,7,205,46,182,69,251
168421,6,4,5,224,118,197,100,342,297,421,218,639
168421,7,999,1,260,120,730,287,380,1017,990,407,1397
168421,7,999,2,15,5,8,3,20,11,23,8,31
168421,7,999,5,245,115,722,284,360,1006,967,399,1366
168421,8,5,1,192,85,327,134,277,461,519,219,738
168421,8,5,2,10,4,4,0,14,4,14,4,18
168421,8,5,5,182,81,323,134,263,457,505,215,720
168421,9,6,1,55,23,146,63,78,209,201,86,287
168421,9,6,2,4,1,2,1,5,3,6,2,8
168421,9,6,5,51,22,144,62,73,206,195,84,279
168421,10,7,1,9,8,83,24,17,107,92,32,124
168421,10,7,2,0,0,1,1,0,2,1,1,2
168421,10,7,5,9,8,82,23,17,105,91,31,122
168421,11,8,1,2,3,115,45,5,160,117,48,165
168421,11,8,2,0,0,1,1,0,2,1,1,2
168421,11,8,5,2,3,114,44,5,158,116,47,163
168421,12,9,1,2,0,55,20,2,75,57,20,77
168421,12,9,2,1,0,0,0,1,0,1,0,1
168421,12,9,5,1,0,55,20,1,75,56,20,76
168421,13,10,1,0,1,4,1,1,5,4,2,6
168421,13,10,5,0,1,4,1,1,5,4,2,6
168430,1,412,1,1464,2575,592,1093,4039,1685,2056,3668,5724
168430,1,112,2,1452,2419,460,627,3871,1087,1912,3046,4958
168430,1,312,5,12,156,132,466,168,598,144,622,766
168430,2,999,1,1359,2377,244,437,3736,681,1603,2814,4417
168430,2,999,2,1351,2271,228,324,3622,552,1579,2595,4174
168430,2,999,5,8,106,16,113,114,129,24,219,243
168430,3,1,1,19,26,29,62,45,91,48,88,136
168430,3,1,2,19,26,29,62,45,91,48,88,136
168430,4,2,1,517,932,32,46,1449,78,549,978,1527
168430,4,2,2,517,932,32,46,1449,78,549,978,1527
168430,5,3,1,531,986,58,74,1517,132,589,1060,1649
168430,5,3,2,531,984,57,74,1515,131,588,1058,1646
168430,5,3,5,0,2,1,0,2,1,1,2,3
168430,6,4,1,292,433,125,255,725,380,417,688,1105
168430,6,4,2,284,329,110,142,613,252,394,471,865
168430,6,4,5,8,104,15,113,112,128,23,217,240
168430,7,999,1,105,197,348,656,302,1004,453,853,1306
168430,7,999,2,101,148,232,303,249,535,333,451,784
168430,7,999,5,4,49,116,353,53,469,120,402,522
168430,8,5,1,68,122,132,208,190,340,200,330,530
168430,8,5,2,65,87,97,101,152,198,162,188,350
168430,8,5,5,3,35,35,107,38,142,38,142,180
168430,9,6,1,21,35,62,138,56,200,83,173,256
168430,9,6,2,20,31,39,63,51,102,59,94,153
168430,9,6,5,1,4,23,75,5,98,24,79,103
168430,10,7,1,7,17,45,85,24,130,52,102,154
168430,10,7,2,7,13,27,35,20,62,34,48,82
168430,10,7,5,0,4,18,50,4,68,18,54,72
168430,11,8,1,7,18,50,102,25,152,57,120,177
168430,11,8,2,7,14,29,37,21,66,36,51,87
168430,11,8,5,0,4,21,65,4,86,21,69,90
168430,12,9,1,1,3,26,84,4,110,27,87,114
168430,12,9,2,1,2,17,34,3,51,18,36,54
168430,12,9,5,0,1,9,50,1,59,9,51,60
168430,13,10,1,1,2,33,39,3,72,34,41,75
168430,13,10,2,1,1,23,33,2,56,24,34,58
168430,13,10,5,0,1,10,6,1,16,10,7,17
168430,14,11,1,0,1,0,0,1,0,0,1,1
168430,14,11,5,0,1,0,0,1,0,0,1,1
168528,1,412,1,897,892,32,44,1789,76,929,936,1865
168528,1,112,2,877,861,23,27,1738,50,900,888,1788
168528,1,312,5,20,31,9,17,51,26,29,48,77
168528,2,999,1,861,877,26,27,1738,53,887,904,1791
168528,2,999,2,846,850,20,22,1696,42,866,872,1738
168528,2,999,5,15,27,6,5,42,11,21,32,53
168528,3,1,1,0,1,13,18,1,31,13,19,32
168528,3,1,2,0,1,13,18,1,31,13,19,32
168528,4,2,1,318,322,6,3,640,9,324,325,649
168528,4,2,2,318,322,6,3,640,9,324,325,649
168528,5,3,1,352,388,0,0,740,0,352,388,740
168528,5,3,2,352,388,0,0,740,0,352,388,740
168528,6,4,1,191,166,7,6,357,13,198,172,370
168528,6,4,2,176,139,1,1,315,2,177,140,317
168528,6,4,5,15,27,6,5,42,11,21,32,53
168528,7,999,1,25,12,5,16,37,21,30,28,58
168528,7,999,2,20,8,2,4,28,6,22,12,34
168528,7,999,5,5,4,3,12,9,15,8,16,24
168528,8,5,1,22,7,2,7,29,9,24,14,38
168528,8,5,2,18,3,0,1,21,1,18,4,22
168528,8,5,5,4,4,2,6,8,8,6,10,16
168528,9,6,1,1,4,1,6,5,7,2,10,12
168528,9,6,2,0,4,1,0,4,1,1,4,5
168528,9,6,5,1,0,0,6,1,6,1,6,7
168528,10,7,1,1,0,0,0,1,0,1,0,1
168528,10,7,2,1,0,0,0,1,0,1,0,1
168528,11,8,1,1,0,1,0,1,1,2,0,2
168528,11,8,2,1,0,1,0,1,1,2,0,2
168528,12,9,1,0,1,1,3,1,4,1,4,5
168528,12,9,2,0,1,0,3,1,3,0,4,4
168528,12,9,5,0,0,1,0,0,1,1,0,1
168528,14,11,1,11,3,1,1,14,2,12,4,16
168528,14,11,2,11,3,1,1,14,2,12,4,16
168546,1,412,1,710,782,7,7,1492,14,717,789,1506
168546,1,112,2,710,782,7,7,1492,14,717,789,1506
168546,2,999,1,706,779,6,6,1485,12,712,785,1497
168546,2,999,2,706,779,6,6,1485,12,712,785,1497
168546,3,1,1,20,27,2,1,47,3,22,28,50
168546,3,1,2,20,27,2,1,47,3,22,28,50
168546,4,2,1,368,385,2,3,753,5,370,388,758
168546,4,2,2,368,385,2,3,753,5,370,388,758
168546,5,3,1,273,338,2,1,611,3,275,339,614
168546,5,3,2,273,338,2,1,611,3,275,339,614
168546,6,4,1,45,29,0,1,74,1,45,30,75
168546,6,4,2,45,29,0,1,74,1,45,30,75
168546,7,999,1,4,3,1,1,7,2,5,4,9
168546,7,999,2,4,3,1,1,7,2,5,4,9
168546,8,5,1,3,3,1,0,6,1,4,3,7
168546,8,5,2,3,3,1,0,6,1,4,3,7
168546,9,6,1,1,0,0,1,1,1,1,1,2
168546,9,6,2,1,0,0,1,1,1,1,1,2
168591,1,412,1,572,814,28,21,1386,49,600,835,1435
168591,1,112,2,572,814,28,21,1386,49,600,835,1435
168591,2,999,1,565,803,24,18,1368,42,589,821,1410
168591,2,999,2,565,803,24,18,1368,42,589,821,1410
168591,3,1,1,8,23,8,9,31,17,16,32,48
168591,3,1,2,8,23,8,9,31,17,16,32,48
168591,4,2,1,299,386,6,5,685,11,305,391,696
168591,4,2,2,299,386,6,5,685,11,305,391,696
168591,5,3,1,223,355,1,2,578,3,224,357,581
168591,5,3,2,223,355,1,2,578,3,224,357,581
168591,6,4,1,35,39,9,2,74,11,44,41,85
168591,6,4,2,35,39,9,2,74,11,44,41,85
168591,7,999,1,7,11,3,2,18,5,10,13,23
168591,7,999,2,7,11,3,2,18,5,10,13,23
168591,8,5,1,6,2,2,0,8,2,8,2,10
168591,8,5,2,6,2,2,0,8,2,8,2,10
168591,9,6,1,0,3,0,0,3,0,0,3,3
168591,9,6,2,0,3,0,0,3,0,0,3,3
168591,10,7,1,0,2,0,0,2,0,0,2,2
168591,10,7,2,0,2,0,0,2,0,0,2,2
168591,11,8,1,1,4,1,2,5,3,2,6,8
168591,11,8,2,1,4,1,2,5,3,2,6,8
168591,14,11,1,0,0,1,1,0,2,1,1,2
168591,14,11,2,0,0,1,1,0,2,1,1,2
168607,1,412,1,294,243,309,590,537,899,603,833,1436
168607,1,112,2,294,243,309,590,537,899,603,833,1436
168607,2,999,1,252,204,252,478,456,730,504,682,1186
168607,2,999,2,252,204,252,478,456,730,504,682,1186
168607,3,1,1,6,13,145,301,19,446,151,314,465
168607,3,1,2,6,13,145,301,19,446,151,314,465
168607,4,2,1,155,141,49,76,296,125,204,217,421
168607,4,2,2,155,141,49,76,296,125,204,217,421
168607,5,3,1,64,41,35,63,105,98,99,104,203
168607,5,3,2,64,41,35,63,105,98,99,104,203
168607,6,4,1,27,9,23,38,36,61,50,47,97
168607,6,4,2,27,9,23,38,36,61,50,47,97
168607,7,999,1,42,39,57,112,81,169,99,151,250
168607,7,999,2,42,39,57,112,81,169,99,151,250
168607,8,5,1,26,17,20,42,43,62,46,59,105
168607,8,5,2,26,17,20,42,43,62,46,59,105
168607,9,6,1,11,9,17,25,20,42,28,34,62
168607,9,6,2,11,9,17,25,20,42,28,34,62
168607,10,7,1,5,5,8,21,10,29,13,26,39
168607,10,7,2,5,5,8,21,10,29,13,26,39
168607,11,8,1,0,7,9,18,7,27,9,25,34
168607,11,8,2,0,7,9,18,7,27,9,25,34
168607,12,9,1,0,1,3,5,1,8,3,6,9
168607,12,9,2,0,1,3,5,1,8,3,6,9
168607,13,10,1,0,0,0,1,0,1,0,1,1
168607,13,10,2,0,0,0,1,0,1,0,1,1
168740,1,412,1,1097,960,607,498,2057,1105,1704,1458,3162
168740,1,112,2,591,667,154,167,1258,321,745,834,1579
168740,1,312,5,506,293,453,331,799,784,959,624,1583
168740,2,999,1,607,732,123,161,1339,284,730,893,1623
168740,2,999,2,539,639,111,130,1178,241,650,769,1419
168740,2,999,5,68,93,12,31,161,43,80,124,204
168740,3,1,1,19,23,62,84,42,146,81,107,188
168740,3,1,2,19,23,62,84,42,146,81,107,188
168740,4,2,1,207,237,14,11,444,25,221,248,469
168740,4,2,2,207,237,14,11,444,25,221,248,469
168740,5,3,1,235,289,14,12,524,26,249,301,550
168740,5,3,2,231,280,14,12,511,26,245,292,537
168740,5,3,5,4,9,0,0,13,0,4,9,13
168740,6,4,1,146,183,33,54,329,87,179,237,416
168740,6,4,2,82,99,21,23,181,44,103,122,225
168740,6,4,5,64,84,12,31,148,43,76,115,191
168740,7,999,1,490,228,484,337,718,821,974,565,1539
168740,7,999,2,52,28,43,37,80,80,95,65,160
168740,7,999,5,438,200,441,300,638,741,879,500,1379
168740,8,5,1,135,102,82,70,237,152,217,172,389
168740,8,5,2,33,22,10,10,55,20,43,32,75
168740,8,5,5,102,80,72,60,182,132,174,140,314
168740,9,6,1,105,25,63,62,130,125,168,87,255
168740,9,6,2,5,4,9,8,9,17,14,12,26
168740,9,6,5,100,21,54,54,121,108,154,75,229
168740,10,7,1,70,33,80,42,103,122,150,75,225
168740,10,7,2,6,1,7,4,7,11,13,5,18
168740,10,7,5,64,32,73,38,96,111,137,70,207
168740,11,8,1,115,26,154,83,141,237,269,109,378
168740,11,8,2,5,1,13,7,6,20,18,8,26
168740,11,8,5,110,25,141,76,135,217,251,101,352
168740,12,9,1,62,36,89,76,98,165,151,112,263
168740,12,9,2,3,0,4,8,3,12,7,8,15
168740,12,9,5,59,36,85,68,95,153,144,104,248
168740,13,10,1,3,6,16,4,9,20,19,10,29
168740,13,10,5,3,6,16,4,9,20,19,10,29
168786,1,412,1,492,688,109,228,1180,337,601,916,1517
168786,1,112,2,477,652,94,149,1129,243,571,801,1372
168786,1,312,5,15,36,15,79,51,94,30,115,145
168786,2,999,1,463,648,71,82,1111,153,534,730,1264
168786,2,999,2,459,633,70,79,1092,149,529,712,1241
168786,2,999,5,4,15,1,3,19,4,5,18,23
168786,3,1,1,0,1,37,45,1,82,37,46,83
168786,3,1,2,0,1,37,45,1,82,37,46,83
168786,4,2,1,147,247,22,12,394,34,169,259,428
168786,4,2,2,147,247,22,12,394,34,169,259,428
168786,5,3,1,199,289,2,4,488,6,201,293,494
168786,5,3,2,199,288,2,4,487,6,201,292,493
168786,5,3,5,0,1,0,0,1,0,0,1,1
168786,6,4,1,117,111,10,21,228,31,127,132,259
168786,6,4,2,113,97,9,18,210,27,122,115,237
168786,6,4,5,4,14,1,3,18,4,5,17,22
168786,7,999,1,29,40,38,146,69,184,67,186,253
168786,7,999,2,18,19,24,70,37,94,42,89,131
168786,7,999,5,11,21,14,76,32,90,25,97,122
168786,8,5,1,16,22,15,38,38,53,31,60,91
168786,8,5,2,11,11,10,23,22,33,21,34,55
168786,8,5,5,5,11,5,15,16,20,10,26,36
168786,9,6,1,3,6,9,32,9,41,12,38,50
168786,9,6,2,3,4,6,13,7,19,9,17,26
168786,9,6,5,0,2,3,19,2,22,3,21,24
168786,10,7,1,1,7,4,30,8,34,5,37,42
168786,10,7,2,0,3,1,14,3,15,1,17,18
168786,10,7,5,1,4,3,16,5,19,4,20,24
168786,11,8,1,7,4,8,24,11,32,15,28,43
168786,11,8,2,3,0,5,7,3,12,8,7,15
168786,11,8,5,4,4,3,17,8,20,7,21,28
168786,12,9,1,2,1,2,21,3,23,4,22,26
168786,12,9,2,1,1,2,12,2,14,3,13,16
168786,12,9,5,1,0,0,9,1,9,1,9,10
168786,13,10,1,0,0,0,1,0,1,0,1,1
168786,13,10,2,0,0,0,1,0,1,0,1,1
168847,1,412,1,614,1666,1102,2646,2280,3748,1716,4312,6028
168847,1,112,2,585,1585,1023,2487,2170,3510,1608,4072,5680
168847,1,312,5,29,81,79,159,110,238,108,240,348
168847,2,999,1,346,931,490,1074,1277,1564,836,2005,2841
168847,2,999,2,340,916,486,1069,1256,1555,826,1985,2811
168847,2,999,5,6,15,4,5,21,9,10,20,30
168847,3,1,1,8,26,186,297,34,483,194,323,517
168847,3,1,2,8,26,186,297,34,483,194,323,517
168847,4,2,1,132,348,98,202,480,300,230,550,780
168847,4,2,2,132,348,98,202,480,300,230,550,780
168847,5,3,1,87,258,74,200,345,274,161,458,619
168847,5,3,2,86,258,74,199,344,273,160,457,617
168847,5,3,5,1,0,0,1,1,1,1,1,2
168847,6,4,1,119,299,132,375,418,507,251,674,925
168847,6,4,2,114,284,128,371,398,499,242,655,897
168847,6,4,5,5,15,4,4,20,8,9,19,28
168847,7,999,1,268,735,612,1572,1003,2184,880,2307,3187
168847,7,999,2,245,669,537,1418,914,1955,782,2087,2869
168847,7,999,5,23,66,75,154,89,229,98,220,318
168847,8,5,1,128,356,197,537,484,734,325,893,1218
168847,8,5,2,120,321,187,510,441,697,307,831,1138
168847,8,5,5,8,35,10,27,43,37,18,62,80
168847,9,6,1,65,167,158,371,232,529,223,538,761
168847,9,6,2,58,156,138,342,214,480,196,498,694
168847,9,6,5,7,11,20,29,18,49,27,40,67
168847,10,7,1,34,100,96,254,134,350,130,354,484
168847,10,7,2,33,97,84,218,130,302,117,315,432
168847,10,7,5,1,3,12,36,4,48,13,39,52
168847,11,8,1,32,94,117,293,126,410,149,387,536
168847,11,8,2,26,80,94,252,106,346,120,332,452
168847,11,8,5,6,14,23,41,20,64,29,55,84
168847,12,9,1,9,18,43,114,27,157,52,132,184
168847,12,9,2,8,15,34,94,23,128,42,109,151
168847,12,9,5,1,3,9,20,4,29,10,23,33
168847,13,10,1,0,0,1,3,0,4,1,3,4
168847,13,10,2,0,0,0,2,0,2,0,2,2
168847,13,10,5,0,0,1,1,0,2,1,1,2
168883,1,412,1,301,424,376,797,725,1173,677,1221,1898
168883,1,112,2,301,424,376,797,725,1173,677,1221,1898
168883,2,999,1,262,354,329,586,616,915,591,940,1531
168883,2,999,2,262,354,329,586,616,915,591,940,1531
168883,3,1,1,3,6,164,304,9,468,167,310,477
168883,3,1,2,3,6,164,304,9,468,167,310,477
168883,4,2,1,165,210,108,139,375,247,273,349,622
168883,4,2,2,165,210,108,139,375,247,273,349,622
168883,5,3,1,76,96,34,79,172,113,110,175,285
168883,5,3,2,76,96,34,79,172,113,110,175,285
168883,6,4,1,18,42,23,64,60,87,41,106,147
168883,6,4,2,18,42,23,64,60,87,41,106,147
168883,7,999,1,39,70,47,211,109,258,86,281,367
168883,7,999,2,39,70,47,211,109,258,86,281,367
168883,8,5,1,12,34,11,76,46,87,23,110,133
168883,8,5,2,12,34,11,76,46,87,23,110,133
168883,9,6,1,18,17,5,47,35,52,23,64,87
168883,9,6,2,18,17,5,47,35,52,23,64,87
168883,10,7,1,2,8,9,33,10,42,11,41,52
168883,10,7,2,2,8,9,33,10,42,11,41,52
168883,11,8,1,6,10,16,41,16,57,22,51,73
168883,11,8,2,6,10,16,41,16,57,22,51,73
168883,12,9,1,1,1,5,13,2,18,6,14,20
168883,12,9,2,1,1,5,13,2,18,6,14,20
168883,13,10,1,0,0,1,1,0,2,1,1,2
168883,13,10,2,0,0,1,1,0,2,1,1,2
169220,1,412,1,26,103,19,61,129,80,45,164,209
169220,1,312,5,26,103,19,61,129,80,45,164,209
169220,2,999,1,1,22,3,7,23,10,4,29,33
169220,2,999,5,1,22,3,7,23,10,4,29,33
169220,6,4,1,1,22,3,7,23,10,4,29,33
169220,6,4,5,1,22,3,7,23,10,4,29,33
169220,7,999,1,25,81,16,54,106,70,41,135,176
169220,7,999,5,25,81,16,54,106,70,41,135,176
169220,8,5,1,9,36,8,19,45,27,17,55,72
169220,8,5,5,9,36,8,19,45,27,17,55,72
169220,9,6,1,6,18,2,7,24,9,8,25,33
169220,9,6,5,6,18,2,7,24,9,8,25,33
169220,10,7,1,4,10,1,10,14,11,5,20,25
169220,10,7,5,4,10,1,10,14,11,5,20,25
169220,11,8,1,4,15,4,12,19,16,8,27,35
169220,11,8,5,4,15,4,12,19,16,8,27,35
169220,12,9,1,2,2,1,6,4,7,3,8,11
169220,12,9,5,2,2,1,6,4,7,3,8,11
169248,1,412,1,5190,7729,1698,2694,12919,4392,6888,10423,17311
169248,1,112,2,4515,6756,660,1100,11271,1760,5175,7856,13031
169248,1,312,5,675,973,1038,1594,1648,2632,1713,2567,4280
169248,2,999,1,4473,6874,446,595,11347,1041,4919,7469,12388
169248,2,999,2,4223,6431,366,439,10654,805,4589,6870,11459
169248,2,999,5,250,443,80,156,693,236,330,599,929
169248,3,1,1,5,6,10,15,11,25,15,21,36
169248,3,1,2,5,6,10,15,11,25,15,21,36
169248,4,2,1,1225,2282,20,28,3507,48,1245,2310,3555
169248,4,2,2,1225,2282,20,28,3507,48,1245,2310,3555
169248,5,3,1,1785,2872,86,100,4657,186,1871,2972,4843
169248,5,3,2,1777,2863,86,97,4640,183,1863,2960,4823
169248,5,3,5,8,9,0,3,17,3,8,12,20
169248,6,4,1,1458,1714,330,452,3172,782,1788,2166,3954
169248,6,4,2,1216,1280,250,299,2496,549,1466,1579,3045
169248,6,4,5,242,434,80,153,676,233,322,587,909
169248,7,999,1,717,855,1252,2099,1572,3351,1969,2954,4923
169248,7,999,2,292,325,294,661,617,955,586,986,1572
169248,7,999,5,425,530,958,1438,955,2396,1383,1968,3351
169248,8,5,1,483,508,358,687,991,1045,841,1195,2036
169248,8,5,2,202,170,117,193,372,310,319,363,682
169248,8,5,5,281,338,241,494,619,735,522,832,1354
169248,9,6,1,111,137,283,396,248,679,394,533,927
169248,9,6,2,45,64,50,120,109,170,95,184,279
169248,9,6,5,66,73,233,276,139,509,299,349,648
169248,10,7,1,54,77,206,322,131,528,260,399,659
169248,10,7,2,23,37,47,115,60,162,70,152,222
169248,10,7,5,31,40,159,207,71,366,190,247,437
169248,11,8,1,54,99,271,450,153,721,325,549,874
169248,11,8,2,17,41,53,149,58,202,70,190,260
169248,11,8,5,37,58,218,301,95,519,255,359,614
169248,12,9,1,14,34,132,238,48,370,146,272,418
169248,12,9,2,5,13,26,82,18,108,31,95,126
169248,12,9,5,9,21,106,156,30,262,115,177,292
169248,13,10,1,1,0,2,6,1,8,3,6,9
169248,13,10,2,0,0,1,2,0,3,1,2,3
169248,13,10,5,1,0,1,4,1,5,2,4,6
169275,1,412,1,682,1083,1426,2729,1765,4155,2108,3812,5920
169275,1,112,2,682,1083,1426,2729,1765,4155,2108,3812,5920
169275,2,999,1,573,870,1032,1762,1443,2794,1605,2632,4237
169275,2,999,2,573,870,1032,1762,1443,2794,1605,2632,4237
169275,3,1,1,7,28,259,515,35,774,266,543,809
169275,3,1,2,7,28,259,515,35,774,266,543,809
169275,4,2,1,326,510,315,440,836,755,641,950,1591
169275,4,2,2,326,510,315,440,836,755,641,950,1591
169275,5,3,1,180,225,251,433,405,684,431,658,1089
169275,5,3,2,180,225,251,433,405,684,431,658,1089
169275,6,4,1,60,107,207,374,167,581,267,481,748
169275,6,4,2,60,107,207,374,167,581,267,481,748
169275,7,999,1,109,213,394,967,322,1361,503,1180,1683
169275,7,999,2,109,213,394,967,322,1361,503,1180,1683
169275,8,5,1,42,106,169,402,148,571,211,508,719
169275,8,5,2,42,106,169,402,148,571,211,508,719
169275,9,6,1,36,44,82,218,80,300,118,262,380
169275,9,6,2,36,44,82,218,80,300,118,262,380
169275,10,7,1,10,28,53,141,38,194,63,169,232
169275,10,7,2,10,28,53,141,38,194,63,169,232
169275,11,8,1,14,27,61,139,41,200,75,166,241
169275,11,8,2,14,27,61,139,41,200,75,166,241
169275,12,9,1,5,7,23,62,12,85,28,69,97
169275,12,9,2,5,7,23,62,12,85,28,69,97
169275,13,10,1,2,1,6,5,3,11,8,6,14
169275,13,10,2,2,1,6,5,3,11,8,6,14
169284,1,412,1,13,186,5,56,199,61,18,242,260
169284,1,112,2,13,186,5,56,199,61,18,242,260
169284,2,999,1,4,131,1,30,135,31,5,161,166
169284,2,999,2,4,131,1,30,135,31,5,161,166
169284,4,2,1,3,47,0,1,50,1,3,48,51
169284,4,2,2,3,47,0,1,50,1,3,48,51
169284,5,3,1,0,42,1,17,42,18,1,59,60
169284,5,3,2,0,42,1,17,42,18,1,59,60
169284,6,4,1,1,42,0,12,43,12,1,54,55
169284,6,4,2,1,42,0,12,43,12,1,54,55
169284,7,999,1,9,55,4,26,64,30,13,81,94
169284,7,999,2,9,55,4,26,64,30,13,81,94
169284,8,5,1,2,27,2,17,29,19,4,44,48
169284,8,5,2,2,27,2,17,29,19,4,44,48
169284,9,6,1,5,15,1,6,20,7,6,21,27
169284,9,6,2,5,15,1,6,20,7,6,21,27
169284,10,7,1,0,9,0,3,9,3,0,12,12
169284,10,7,2,0,9,0,3,9,3,0,12,12
169284,11,8,1,2,3,1,0,5,1,3,3,6
169284,11,8,2,2,3,1,0,5,1,3,3,6
169284,12,9,1,0,1,0,0,1,0,0,1,1
169284,12,9,2,0,1,0,0,1,0,0,1,1
169442,1,412,1,468,762,122,160,1230,282,590,922,1512
169442,1,112,2,451,741,118,152,1192,270,569,893,1462
169442,1,312,5,17,21,4,8,38,12,21,29,50
169442,2,999,1,407,705,86,127,1112,213,493,832,1325
169442,2,999,2,397,691,86,127,1088,213,483,818,1301
169442,2,999,5,10,14,0,0,24,0,10,14,24
169442,3,1,1,3,23,27,42,26,69,30,65,95
169442,3,1,2,3,23,27,42,26,69,30,65,95
169442,4,2,1,149,333,11,12,482,23,160,345,505
169442,4,2,2,149,333,11,12,482,23,160,345,505
169442,5,3,1,160,240,17,17,400,34,177,257,434
169442,5,3,2,160,239,17,17,399,34,177,256,433
169442,5,3,5,0,1,0,0,1,0,0,1,1
169442,6,4,1,95,109,31,56,204,87,126,165,291
169442,6,4,2,85,96,31,56,181,87,116,152,268
169442,6,4,5,10,13,0,0,23,0,10,13,23
169442,7,999,1,60,56,36,33,116,69,96,89,185
169442,7,999,2,53,49,32,25,102,57,85,74,159
169442,7,999,5,7,7,4,8,14,12,11,15,26
169442,8,5,1,45,40,20,23,85,43,65,63,128
169442,8,5,2,39,36,19,17,75,36,58,53,111
169442,8,5,5,6,4,1,6,10,7,7,10,17
169442,9,6,1,6,11,6,7,17,13,12,18,30
169442,9,6,2,5,9,6,6,14,12,11,15,26
169442,9,6,5,1,2,0,1,3,1,1,3,4
169442,10,7,1,6,1,6,2,7,8,12,3,15
169442,10,7,2,6,1,4,2,7,6,10,3,13
169442,10,7,5,0,0,2,0,0,2,2,0,2
169442,11,8,1,3,3,2,1,6,3,5,4,9
169442,11,8,2,3,2,2,0,5,2,5,2,7
169442,11,8,5,0,1,0,1,1,1,0,2,2
169442,12,9,1,0,1,2,0,1,2,2,1,3
169442,12,9,2,0,1,1,0,1,1,1,1,2
169442,12,9,5,0,0,1,0,0,1,1,0,1
169442,14,11,1,1,1,0,0,2,0,1,1,2
169442,14,11,2,1,1,0,0,2,0,1,1,2
169503,1,412,1,8,244,0,0,252,0,8,244,252
169503,1,112,2,8,244,0,0,252,0,8,244,252
169503,2,999,1,4,140,0,0,144,0,4,140,144
169503,2,999,2,4,140,0,0,144,0,4,140,144
169503,3,1,1,0,1,0,0,1,0,0,1,1
169503,3,1,2,0,1,0,0,1,0,0,1,1
169503,4,2,1,0,48,0,0,48,0,0,48,48
169503,4,2,2,0,48,0,0,48,0,0,48,48
169503,5,3,1,2,53,0,0,55,0,2,53,55
169503,5,3,2,2,53,0,0,55,0,2,53,55
169503,6,4,1,2,38,0,0,40,0,2,38,40
169503,6,4,2,2,38,0,0,40,0,2,38,40
169503,7,999,1,4,104,0,0,108,0,4,104,108
169503,7,999,2,4,104,0,0,108,0,4,104,108
169503,8,5,1,2,62,0,0,64,0,2,62,64
169503,8,5,2,2,62,0,0,64,0,2,62,64
169503,9,6,1,1,21,0,0,22,0,1,21,22
169503,9,6,2,1,21,0,0,22,0,1,21,22
169503,10,7,1,0,10,0,0,10,0,0,10,10
169503,10,7,2,0,10,0,0,10,0,0,10,10
169503,11,8,1,1,7,0,0,8,0,1,7,8
169503,11,8,2,1,7,0,0,8,0,1,7,8
169503,12,9,1,0,4,0,0,4,0,0,4,4
169503,12,9,2,0,4,0,0,4,0,0,4,4
169521,1,412,1,935,1448,1712,2859,2383,4571,2647,4307,6954
169521,1,112,2,935,1448,1712,2859,2383,4571,2647,4307,6954
169521,2,999,1,800,1226,1182,1806,2026,2988,1982,3032,5014
169521,2,999,2,800,1226,1182,1806,2026,2988,1982,3032,5014
169521,3,1,1,42,68,317,485,110,802,359,553,912
169521,3,1,2,42,68,317,485,110,802,359,553,912
169521,4,2,1,490,716,323,476,1206,799,813,1192,2005
169521,4,2,2,490,716,323,476,1206,799,813,1192,2005
169521,5,3,1,192,285,293,429,477,722,485,714,1199
169521,5,3,2,192,285,293,429,477,722,485,714,1199
169521,6,4,1,76,157,249,416,233,665,325,573,898
169521,6,4,2,76,157,249,416,233,665,325,573,898
169521,7,999,1,135,222,530,1053,357,1583,665,1275,1940
169521,7,999,2,135,222,530,1053,357,1583,665,1275,1940
169521,8,5,1,74,112,197,405,186,602,271,517,788
169521,8,5,2,74,112,197,405,186,602,271,517,788
169521,9,6,1,39,54,125,265,93,390,164,319,483
169521,9,6,2,39,54,125,265,93,390,164,319,483
169521,10,7,1,11,22,84,163,33,247,95,185,280
169521,10,7,2,11,22,84,163,33,247,95,185,280
169521,11,8,1,10,26,88,162,36,250,98,188,286
169521,11,8,2,10,26,88,162,36,250,98,188,286
169521,12,9,1,1,8,32,55,9,87,33,63,96
169521,12,9,2,1,8,32,55,9,87,33,63,96
169521,13,10,1,0,0,4,3,0,7,4,3,7
169521,13,10,2,0,0,4,3,0,7,4,3,7
169576,1,412,1,5,71,0,0,76,0,5,71,76
169576,1,112,2,5,71,0,0,76,0,5,71,76
169576,2,999,1,1,12,0,0,13,0,1,12,13
169576,2,999,2,1,12,0,0,13,0,1,12,13
169576,4,2,1,0,1,0,0,1,0,0,1,1
169576,4,2,2,0,1,0,0,1,0,0,1,1
169576,5,3,1,0,4,0,0,4,0,0,4,4
169576,5,3,2,0,4,0,0,4,0,0,4,4
169576,6,4,1,1,7,0,0,8,0,1,7,8
169576,6,4,2,1,7,0,0,8,0,1,7,8
169576,7,999,1,4,59,0,0,63,0,4,59,63
169576,7,999,2,4,59,0,0,63,0,4,59,63
169576,8,5,1,2,19,0,0,21,0,2,19,21
169576,8,5,2,2,19,0,0,21,0,2,19,21
169576,9,6,1,1,16,0,0,17,0,1,16,17
169576,9,6,2,1,16,0,0,17,0,1,16,17
169576,10,7,1,0,13,0,0,13,0,0,13,13
169576,10,7,2,0,13,0,0,13,0,0,13,13
169576,11,8,1,1,9,0,0,10,0,1,9,10
169576,11,8,2,1,9,0,0,10,0,1,9,10
169576,12,9,1,0,2,0,0,2,0,0,2,2
169576,12,9,2,0,2,0,0,2,0,0,2,2
169655,1,412,1,1424,113,0,0,1537,0,1424,113,1537
169655,1,112,2,1424,113,0,0,1537,0,1424,113,1537
169655,2,999,1,813,43,0,0,856,0,813,43,856
169655,2,999,2,813,43,0,0,856,0,813,43,856
169655,4,2,1,301,13,0,0,314,0,301,13,314
169655,4,2,2,301,13,0,0,314,0,301,13,314
169655,5,3,1,273,15,0,0,288,0,273,15,288
169655,5,3,2,273,15,0,0,288,0,273,15,288
169655,6,4,1,239,15,0,0,254,0,239,15,254
169655,6,4,2,239,15,0,0,254,0,239,15,254
169655,7,999,1,611,70,0,0,681,0,611,70,681
169655,7,999,2,611,70,0,0,681,0,611,70,681
169655,8,5,1,301,27,0,0,328,0,301,27,328
169655,8,5,2,301,27,0,0,328,0,301,27,328
169655,9,6,1,127,25,0,0,152,0,127,25,152
169655,9,6,2,127,25,0,0,152,0,127,25,152
169655,10,7,1,85,8,0,0,93,0,85,8,93
169655,10,7,2,85,8,0,0,93,0,85,8,93
169655,11,8,1,77,10,0,0,87,0,77,10,87
169655,11,8,2,77,10,0,0,87,0,77,10,87
169655,12,9,1,21,0,0,0,21,0,21,0,21
169655,12,9,2,21,0,0,0,21,0,21,0,21
169716,1,412,1,1547,2366,457,617,3913,1074,2004,2983,4987
169716,1,112,2,789,1425,200,219,2214,419,989,1644,2633
169716,1,312,5,758,941,257,398,1699,655,1015,1339,2354
169716,2,999,1,1092,1761,201,206,2853,407,1293,1967,3260
169716,2,999,2,742,1304,161,136,2046,297,903,1440,2343
169716,2,999,5,350,457,40,70,807,110,390,527,917
169716,3,1,1,17,29,110,62,46,172,127,91,218
169716,3,1,2,17,29,110,62,46,172,127,91,218
169716,4,2,1,290,559,22,21,849,43,312,580,892
169716,4,2,2,290,559,22,20,849,42,312,579,891
169716,4,2,5,0,0,0,1,0,1,0,1,1
169716,5,3,1,357,554,10,29,911,39,367,583,950
169716,5,3,2,334,503,9,26,837,35,343,529,872
169716,5,3,5,23,51,1,3,74,4,24,54,78
169716,6,4,1,428,619,59,94,1047,153,487,713,1200
169716,6,4,2,101,213,20,28,314,48,121,241,362
169716,6,4,5,327,406,39,66,733,105,366,472,838
169716,7,999,1,455,605,256,411,1060,667,711,1016,1727
169716,7,999,2,47,121,39,83,168,122,86,204,290
169716,7,999,5,408,484,217,328,892,545,625,812,1437
169716,8,5,1,327,431,92,140,758,232,419,571,990
169716,8,5,2,37,79,17,30,116,47,54,109,163
169716,8,5,5,290,352,75,110,642,185,365,462,827
169716,9,6,1,77,111,71,79,188,150,148,190,338
169716,9,6,2,3,21,5,11,24,16,8,32,40
169716,9,6,5,74,90,66,68,164,134,140,158,298
169716,10,7,1,23,28,29,56,51,85,52,84,136
169716,10,7,2,3,9,6,12,12,18,9,21,30
169716,10,7,5,20,19,23,44,39,67,43,63,106
169716,11,8,1,25,26,39,84,51,123,64,110,174
169716,11,8,2,4,8,5,17,12,22,9,25,34
169716,11,8,5,21,18,34,67,39,101,55,85,140
169716,12,9,1,3,9,22,50,12,72,25,59,84
169716,12,9,2,0,4,5,12,4,17,5,16,21
169716,12,9,5,3,5,17,38,8,55,20,43,63
169716,13,10,1,0,0,3,2,0,5,3,2,5
169716,13,10,2,0,0,1,1,0,2,1,1,2
169716,13,10,5,0,0,2,1,0,3,2,1,3
169798,1,412,1,4052,6445,2191,3606,10497,5797,6243,10051,16294
169798,1,112,2,3774,5856,1571,2371,9630,3942,5345,8227,13572
169798,1,312,5,278,589,620,1235,867,1855,898,1824,2722
169798,2,999,1,3409,5577,823,1154,8986,1977,4232,6731,10963
169798,2,999,2,3297,5321,752,987,8618,1739,4049,6308,10357
169798,2,999,5,112,256,71,167,368,238,183,423,606
169798,3,1,1,77,165,81,94,242,175,158,259,417
169798,3,1,2,77,165,81,94,242,175,158,259,417
169798,4,2,1,1155,2043,65,86,3198,151,1220,2129,3349
169798,4,2,2,1155,2043,65,86,3198,151,1220,2129,3349
169798,5,3,1,1272,2144,158,195,3416,353,1430,2339,3769
169798,5,3,2,1268,2131,157,191,3399,348,1425,2322,3747
169798,5,3,5,4,13,1,4,17,5,5,17,22
169798,6,4,1,905,1225,519,779,2130,1298,1424,2004,3428
169798,6,4,2,797,982,449,616,1779,1065,1246,1598,2844
169798,6,4,5,108,243,70,163,351,233,178,406,584
169798,7,999,1,643,868,1366,2452,1511,3818,2009,3320,5329
169798,7,999,2,477,535,817,1384,1012,2201,1294,1919,3213
169798,7,999,5,166,333,549,1068,499,1617,715,1401,2116
169798,8,5,1,403,504,562,887,907,1449,965,1391,2356
169798,8,5,2,313,307,381,496,620,877,694,803,1497
169798,8,5,5,90,197,181,391,287,572,271,588,859
169798,9,6,1,133,168,309,500,301,809,442,668,1110
169798,9,6,2,92,110,177,291,202,468,269,401,670
169798,9,6,5,41,58,132,209,99,341,173,267,440
169798,10,7,1,62,74,177,351,136,528,239,425,664
169798,10,7,2,43,50,98,203,93,301,141,253,394
169798,10,7,5,19,24,79,148,43,227,98,172,270
169798,11,8,1,33,98,217,480,131,697,250,578,828
169798,11,8,2,21,58,114,280,79,394,135,338,473
169798,11,8,5,12,40,103,200,52,303,115,240,355
169798,12,9,1,12,24,92,226,36,318,104,250,354
169798,12,9,2,8,10,45,110,18,155,53,120,173
169798,12,9,5,4,14,47,116,18,163,51,130,181
169798,13,10,1,0,0,9,8,0,17,9,8,17
169798,13,10,2,0,0,2,4,0,6,2,4,6
169798,13,10,5,0,0,7,4,0,11,7,4,11
169798,14,11,1,0,0,2,0,0,2,2,0,2
169798,14,11,2,0,0,2,0,0,2,2,0,2
169910,1,412,1,3744,4187,1380,1854,7931,3234,5124,6041,11165
169910,1,112,2,3433,3694,1250,1552,7127,2802,4683,5246,9929
169910,1,312,5,311,493,130,302,804,432,441,795,1236
169910,2,999,1,3307,3738,613,832,7045,1445,3920,4570,8490
169910,2,999,2,3149,3445,606,810,6594,1416,3755,4255,8010
169910,2,999,5,158,293,7,22,451,29,165,315,480
169910,3,1,1,2,8,89,186,10,275,91,194,285
169910,3,1,2,2,8,89,186,10,275,91,194,285
169910,4,2,1,1105,1315,62,96,2420,158,1167,1411,2578
169910,4,2,2,1105,1315,62,96,2420,158,1167,1411,2578
169910,5,3,1,1231,1437,150,178,2668,328,1381,1615,2996
169910,5,3,2,1209,1407,150,178,2616,328,1359,1585,2944
169910,5,3,5,22,30,0,0,52,0,22,30,52
169910,6,4,1,969,978,312,372,1947,684,1281,1350,2631
169910,6,4,2,833,715,305,350,1548,655,1138,1065,2203
169910,6,4,5,136,263,7,22,399,29,143,285,428
169910,7,999,1,437,449,767,1022,886,1789,1204,1471,2675
169910,7,999,2,284,249,644,742,533,1386,928,991,1919
169910,7,999,5,153,200,123,280,353,403,276,480,756
169910,8,5,1,313,290,310,315,603,625,623,605,1228
169910,8,5,2,195,149,286,247,344,533,481,396,877
169910,8,5,5,118,141,24,68,259,92,142,209,351
169910,9,6,1,73,75,148,192,148,340,221,267,488
169910,9,6,2,55,50,135,153,105,288,190,203,393
169910,9,6,5,18,25,13,39,43,52,31,64,95
169910,10,7,1,26,32,127,175,58,302,153,207,360
169910,10,7,2,16,19,99,118,35,217,115,137,252
169910,10,7,5,10,13,28,57,23,85,38,70,108
169910,11,8,1,20,37,127,214,57,341,147,251,398
169910,11,8,2,13,22,89,150,35,239,102,172,274
169910,11,8,5,7,15,38,64,22,102,45,79,124
169910,12,9,1,5,13,50,124,18,174,55,137,192
169910,12,9,2,5,8,32,72,13,104,37,80,117
169910,12,9,5,0,5,18,52,5,70,18,57,75
169910,13,10,1,0,2,5,2,2,7,5,4,9
169910,13,10,2,0,1,3,2,1,5,3,3,6
169910,13,10,5,0,1,2,0,1,2,2,1,3
169983,1,412,1,1318,384,249,79,1702,328,1567,463,2030
169983,1,112,2,1247,350,53,9,1597,62,1300,359,1659
169983,1,312,5,71,34,196,70,105,266,267,104,371
169983,2,999,1,1232,347,59,13,1579,72,1291,360,1651
169983,2,999,2,1216,341,45,6,1557,51,1261,347,1608
169983,2,999,5,16,6,14,7,22,21,30,13,43
169983,3,1,1,14,0,8,2,14,10,22,2,24
169983,3,1,2,14,0,8,2,14,10,22,2,24
169983,4,2,1,479,128,4,0,607,4,483,128,611
169983,4,2,2,479,128,4,0,607,4,483,128,611
169983,5,3,1,486,158,3,1,644,4,489,159,648
169983,5,3,2,486,158,3,1,644,4,489,159,648
169983,6,4,1,253,61,44,10,314,54,297,71,368
169983,6,4,2,237,55,30,3,292,33,267,58,325
169983,6,4,5,16,6,14,7,22,21,30,13,43
169983,7,999,1,86,37,190,66,123,256,276,103,379
169983,7,999,2,31,9,8,3,40,11,39,12,51
169983,7,999,5,55,28,182,63,83,245,237,91,328
169983,8,5,1,48,22,66,31,70,97,114,53,167
169983,8,5,2,23,5,7,3,28,10,30,8,38
169983,8,5,5,25,17,59,28,42,87,84,45,129
169983,9,6,1,15,6,61,12,21,73,76,18,94
169983,9,6,2,5,3,1,0,8,1,6,3,9
169983,9,6,5,10,3,60,12,13,72,70,15,85
169983,10,7,1,5,5,23,8,10,31,28,13,41
169983,10,7,2,1,1,0,0,2,0,1,1,2
169983,10,7,5,4,4,23,8,8,31,27,12,39
169983,11,8,1,17,2,25,10,19,35,42,12,54
169983,11,8,2,2,0,0,0,2,0,2,0,2
169983,11,8,5,15,2,25,10,17,35,40,12,52
169983,12,9,1,1,2,15,5,3,20,16,7,23
169983,12,9,5,1,2,15,5,3,20,16,7,23
169992,1,412,1,205,226,143,322,431,465,348,548,896
169992,1,112,2,205,226,143,322,431,465,348,548,896
169992,2,999,1,191,190,126,238,381,364,317,428,745
169992,2,999,2,191,190,126,238,381,364,317,428,745
169992,3,1,1,0,3,74,124,3,198,74,127,201
169992,3,1,2,0,3,74,124,3,198,74,127,201
169992,4,2,1,120,122,20,53,242,73,140,175,315
169992,4,2,2,120,122,20,53,242,73,140,175,315
169992,5,3,1,52,43,17,31,95,48,69,74,143
169992,5,3,2,52,43,17,31,95,48,69,74,143
169992,6,4,1,19,22,15,30,41,45,34,52,86
169992,6,4,2,19,22,15,30,41,45,34,52,86
169992,7,999,1,14,36,17,84,50,101,31,120,151
169992,7,999,2,14,36,17,84,50,101,31,120,151
169992,8,5,1,6,17,9,32,23,41,15,49,64
169992,8,5,2,6,17,9,32,23,41,15,49,64
169992,9,6,1,3,9,2,16,12,18,5,25,30
169992,9,6,2,3,9,2,16,12,18,5,25,30
169992,10,7,1,1,5,3,12,6,15,4,17,21
169992,10,7,2,1,5,3,12,6,15,4,17,21
169992,11,8,1,3,4,0,14,7,14,3,18,21
169992,11,8,2,3,4,0,14,7,14,3,18,21
169992,12,9,1,1,1,2,10,2,12,3,11,14
169992,12,9,2,1,1,2,10,2,12,3,11,14
169992,13,10,1,0,0,1,0,0,1,1,0,1
169992,13,10,2,0,0,1,0,0,1,1,0,1
170055,1,412,1,1652,1973,3580,4902,3625,8482,5232,6875,12107
170055,1,112,2,1652,1973,3580,4902,3625,8482,5232,6875,12107
170055,2,999,1,1478,1778,2283,3375,3256,5658,3761,5153,8914
170055,2,999,2,1478,1778,2283,3375,3256,5658,3761,5153,8914
170055,3,1,1,17,54,398,739,71,1137,415,793,1208
170055,3,1,2,17,54,398,739,71,1137,415,793,1208
170055,4,2,1,905,1144,613,876,2049,1489,1518,2020,3538
170055,4,2,2,905,1144,613,876,2049,1489,1518,2020,3538
170055,5,3,1,398,397,670,927,795,1597,1068,1324,2392
170055,5,3,2,398,397,670,927,795,1597,1068,1324,2392
170055,6,4,1,158,183,602,833,341,1435,760,1016,1776
170055,6,4,2,158,183,602,833,341,1435,760,1016,1776
170055,7,999,1,174,195,1297,1527,369,2824,1471,1722,3193
170055,7,999,2,174,195,1297,1527,369,2824,1471,1722,3193
170055,8,5,1,94,118,584,672,212,1256,678,790,1468
170055,8,5,2,94,118,584,672,212,1256,678,790,1468
170055,9,6,1,45,42,310,335,87,645,355,377,732
170055,9,6,2,45,42,310,335,87,645,355,377,732
170055,10,7,1,19,22,186,212,41,398,205,234,439
170055,10,7,2,19,22,186,212,41,398,205,234,439
170055,11,8,1,13,11,154,228,24,382,167,239,406
170055,11,8,2,13,11,154,228,24,382,167,239,406
170055,12,9,1,3,2,59,77,5,136,62,79,141
170055,12,9,2,3,2,59,77,5,136,62,79,141
170055,13,10,1,0,0,4,3,0,7,4,3,7
170055,13,10,2,0,0,4,3,0,7,4,3,7
170082,1,412,1,7327,12132,1510,2381,19459,3891,8837,14513,23350
170082,1,112,2,6988,11025,1052,1340,18013,2392,8040,12365,20405
170082,1,312,5,339,1107,458,1041,1446,1499,797,2148,2945
170082,2,999,1,6784,11401,795,1093,18185,1888,7579,12494,20073
170082,2,999,2,6615,10702,743,929,17317,1672,7358,11631,18989
170082,2,999,5,169,699,52,164,868,216,221,863,1084
170082,3,1,1,87,250,30,71,337,101,117,321,438
170082,3,1,2,87,250,30,71,337,101,117,321,438
170082,4,2,1,2576,4452,67,87,7028,154,2643,4539,7182
170082,4,2,2,2576,4452,66,87,7028,153,2642,4539,7181
170082,4,2,5,0,0,1,0,0,1,1,0,1
170082,5,3,1,2800,4711,196,278,7511,474,2996,4989,7985
170082,5,3,2,2796,4660,195,271,7456,466,2991,4931,7922
170082,5,3,5,4,51,1,7,55,8,5,58,63
170082,6,4,1,1321,1988,502,657,3309,1159,1823,2645,4468
170082,6,4,2,1156,1340,452,500,2496,952,1608,1840,3448
170082,6,4,5,165,648,50,157,813,207,215,805,1020
170082,7,999,1,542,730,715,1287,1272,2002,1257,2017,3274
170082,7,999,2,372,322,309,411,694,720,681,733,1414
170082,7,999,5,170,408,406,876,578,1282,576,1284,1860
170082,8,5,1,359,485,331,537,844,868,690,1022,1712
170082,8,5,2,261,213,170,205,474,375,431,418,849
170082,8,5,5,98,272,161,332,370,493,259,604,863
170082,9,6,1,115,118,176,280,233,456,291,398,689
170082,9,6,2,73,55,74,91,128,165,147,146,293
170082,9,6,5,42,63,102,189,105,291,144,252,396
170082,10,7,1,35,60,94,190,95,284,129,250,379
170082,10,7,2,22,26,33,60,48,93,55,86,141
170082,10,7,5,13,34,61,130,47,191,74,164,238
170082,11,8,1,26,60,85,185,86,270,111,245,356
170082,11,8,2,13,24,24,37,37,61,37,61,98
170082,11,8,5,13,36,61,148,49,209,74,184,258
170082,12,9,1,6,6,27,94,12,121,33,100,133
170082,12,9,2,3,3,7,18,6,25,10,21,31
170082,12,9,5,3,3,20,76,6,96,23,79,102
170082,13,10,1,1,1,2,1,2,3,3,2,5
170082,13,10,2,0,1,1,0,1,1,1,1,2
170082,13,10,5,1,0,1,1,1,2,2,1,3
170082,14,11,1,1,1,0,1,2,1,1,2,3
170082,14,11,2,1,1,0,0,2,0,1,1,2
170082,14,11,5,0,0,0,1,0,1,0,1,1
170240,1,412,1,1653,2398,3039,4255,4051,7294,4692,6653,11345
170240,1,112,2,1653,2398,3039,4255,4051,7294,4692,6653,11345
170240,2,999,1,1433,1945,2145,2791,3378,4936,3578,4736,8314
170240,2,999,2,1433,1945,2145,2791,3378,4936,3578,4736,8314
170240,3,1,1,82,119,440,672,201,1112,522,791,1313
170240,3,1,2,82,119,440,672,201,1112,522,791,1313
170240,4,2,1,783,970,609,713,1753,1322,1392,1683,3075
170240,4,2,2,783,970,609,713,1753,1322,1392,1683,3075
170240,5,3,1,385,533,614,739,918,1353,999,1272,2271
170240,5,3,2,385,533,614,739,918,1353,999,1272,2271
170240,6,4,1,183,323,482,667,506,1149,665,990,1655
170240,6,4,2,183,323,482,667,506,1149,665,990,1655
170240,7,999,1,220,453,892,1462,673,2354,1112,1915,3027
170240,7,999,2,220,453,892,1462,673,2354,1112,1915,3027
170240,8,5,1,109,207,314,557,316,871,423,764,1187
170240,8,5,2,109,207,314,557,316,871,423,764,1187
170240,9,6,1,53,115,177,370,168,547,230,485,715
170240,9,6,2,53,115,177,370,168,547,230,485,715
170240,10,7,1,17,69,102,199,86,301,119,268,387
170240,10,7,2,17,69,102,199,86,301,119,268,387
170240,11,8,1,32,47,201,236,79,437,233,283,516
170240,11,8,2,32,47,201,236,79,437,233,283,516
170240,12,9,1,8,15,88,97,23,185,96,112,208
170240,12,9,2,8,15,88,97,23,185,96,112,208
170240,13,10,1,1,0,10,3,1,13,11,3,14
170240,13,10,2,1,0,10,3,1,13,11,3,14
170240,14,11,1,0,0,2,2,0,4,2,2,4
170240,14,11,2,0,0,2,2,0,4,2,2,4
170301,1,412,1,1074,1834,74,79,2908,153,1148,1913,3061
170301,1,112,2,1074,1834,74,79,2908,153,1148,1913,3061
170301,2,999,1,1068,1825,68,71,2893,139,1136,1896,3032
170301,2,999,2,1068,1825,68,71,2893,139,1136,1896,3032
170301,3,1,1,3,3,39,36,6,75,42,39,81
170301,3,1,2,3,3,39,36,6,75,42,39,81
170301,4,2,1,448,740,7,12,1188,19,455,752,1207
170301,4,2,2,448,740,7,12,1188,19,455,752,1207
170301,5,3,1,477,923,8,9,1400,17,485,932,1417
170301,5,3,2,477,923,8,9,1400,17,485,932,1417
170301,6,4,1,140,159,14,14,299,28,154,173,327
170301,6,4,2,140,159,14,14,299,28,154,173,327
170301,7,999,1,6,9,4,7,15,11,10,16,26
170301,7,999,2,6,9,4,7,15,11,10,16,26
170301,8,5,1,6,7,3,2,13,5,9,9,18
170301,8,5,2,6,7,3,2,13,5,9,9,18
170301,9,6,1,0,0,0,1,0,1,0,1,1
170301,9,6,2,0,0,0,1,0,1,0,1,1
170301,11,8,1,0,1,0,0,1,0,0,1,1
170301,11,8,2,0,1,0,0,1,0,0,1,1
170301,12,9,1,0,1,1,3,1,4,1,4,5
170301,12,9,2,0,1,1,3,1,4,1,4,5
170301,13,10,1,0,0,0,1,0,1,0,1,1
170301,13,10,2,0,0,0,1,0,1,0,1,1
170301,14,11,1,0,0,2,1,0,3,2,1,3
170301,14,11,2,0,0,2,1,0,3,2,1,3
170550,1,412,1,335,562,756,1816,897,2572,1091,2378,3469
170550,1,112,2,335,562,756,1816,897,2572,1091,2378,3469
170550,2,999,1,279,463,575,1126,742,1701,854,1589,2443
170550,2,999,2,279,463,575,1126,742,1701,854,1589,2443
170550,3,1,1,16,46,222,480,62,702,238,526,764
170550,3,1,2,16,46,222,480,62,702,238,526,764
170550,4,2,1,188,270,174,241,458,415,362,511,873
170550,4,2,2,188,270,174,241,458,415,362,511,873
170550,5,3,1,58,103,94,213,161,307,152,316,468
170550,5,3,2,58,103,94,213,161,307,152,316,468
170550,6,4,1,17,44,85,192,61,277,102,236,338
170550,6,4,2,17,44,85,192,61,277,102,236,338
170550,7,999,1,56,99,181,690,155,871,237,789,1026
170550,7,999,2,56,99,181,690,155,871,237,789,1026
170550,8,5,1,27,47,71,251,74,322,98,298,396
170550,8,5,2,27,47,71,251,74,322,98,298,396
170550,9,6,1,12,23,43,179,35,222,55,202,257
170550,9,6,2,12,23,43,179,35,222,55,202,257
170550,10,7,1,10,10,25,99,20,124,35,109,144
170550,10,7,2,10,10,25,99,20,124,35,109,144
170550,11,8,1,4,16,26,122,20,148,30,138,168
170550,11,8,2,4,16,26,122,20,148,30,138,168
170550,12,9,1,3,3,12,36,6,48,15,39,54
170550,12,9,2,3,3,12,36,6,48,15,39,54
170550,13,10,1,0,0,4,3,0,7,4,3,7
170550,13,10,2,0,0,4,3,0,7,4,3,7
170587,1,412,1,123,278,366,563,401,929,489,841,1330
170587,1,112,2,123,278,366,563,401,929,489,841,1330
170587,2,999,1,87,146,257,315,233,572,344,461,805
170587,2,999,2,87,146,257,315,233,572,344,461,805
170587,3,1,1,3,4,152,145,7,297,155,149,304
170587,3,1,2,3,4,152,145,7,297,155,149,304
170587,4,2,1,49,63,43,63,112,106,92,126,218
170587,4,2,2,49,63,43,63,112,106,92,126,218
170587,5,3,1,19,42,39,42,61,81,58,84,142
170587,5,3,2,19,42,39,42,61,81,58,84,142
170587,6,4,1,16,37,23,65,53,88,39,102,141
170587,6,4,2,16,37,23,65,53,88,39,102,141
170587,7,999,1,36,132,109,248,168,357,145,380,525
170587,7,999,2,36,132,109,248,168,357,145,380,525
170587,8,5,1,16,54,28,80,70,108,44,134,178
170587,8,5,2,16,54,28,80,70,108,44,134,178
170587,9,6,1,4,38,24,64,42,88,28,102,130
170587,9,6,2,4,38,24,64,42,88,28,102,130
170587,10,7,1,5,15,11,30,20,41,16,45,61
170587,10,7,2,5,15,11,30,20,41,16,45,61
170587,11,8,1,11,19,32,46,30,78,43,65,108
170587,11,8,2,11,19,32,46,30,78,43,65,108
170587,12,9,1,0,6,11,22,6,33,11,28,39
170587,12,9,2,0,6,11,22,6,33,11,28,39
170587,13,10,1,0,0,3,6,0,9,3,6,9
170587,13,10,2,0,0,3,6,0,9,3,6,9
170639,1,412,1,682,792,179,256,1474,435,861,1048,1909
170639,1,112,2,682,792,179,256,1474,435,861,1048,1909
170639,2,999,1,636,739,136,209,1375,345,772,948,1720
170639,2,999,2,636,739,136,209,1375,345,772,948,1720
170639,3,1,1,8,19,85,139,27,224,93,158,251
170639,3,1,2,8,19,85,139,27,224,93,158,251
170639,4,2,1,199,300,8,12,499,20,207,312,519
170639,4,2,2,199,300,8,12,499,20,207,312,519
170639,5,3,1,275,306,15,16,581,31,290,322,612
170639,5,3,2,275,306,15,16,581,31,290,322,612
170639,6,4,1,154,114,28,42,268,70,182,156,338
170639,6,4,2,154,114,28,42,268,70,182,156,338
170639,7,999,1,46,53,43,47,99,90,89,100,189
170639,7,999,2,46,53,43,47,99,90,89,100,189
170639,8,5,1,30,30,16,12,60,28,46,42,88
170639,8,5,2,30,30,16,12,60,28,46,42,88
170639,9,6,1,6,11,9,15,17,24,15,26,41
170639,9,6,2,6,11,9,15,17,24,15,26,41
170639,10,7,1,6,5,4,5,11,9,10,10,20
170639,10,7,2,6,5,4,5,11,9,10,10,20
170639,11,8,1,4,3,10,9,7,19,14,12,26
170639,11,8,2,4,3,10,9,7,19,14,12,26
170639,12,9,1,0,3,4,4,3,8,4,7,11
170639,12,9,2,0,3,4,4,3,8,4,7,11
170639,13,10,1,0,1,0,2,1,2,0,3,3
170639,13,10,2,0,1,0,2,1,2,0,3,3
170657,1,412,1,1615,1906,2807,3978,3521,6785,4422,5884,10306
170657,1,112,2,1615,1906,2807,3978,3521,6785,4422,5884,10306
170657,2,999,1,1374,1645,1874,2674,3019,4548,3248,4319,7567
170657,2,999,2,1374,1645,1874,2674,3019,4548,3248,4319,7567
170657,3,1,1,94,213,326,619,307,945,420,832,1252
170657,3,1,2,94,213,326,619,307,945,420,832,1252
170657,4,2,1,780,912,583,700,1692,1283,1363,1612,2975
170657,4,2,2,780,912,583,700,1692,1283,1363,1612,2975
170657,5,3,1,322,334,533,691,656,1224,855,1025,1880
170657,5,3,2,322,334,533,691,656,1224,855,1025,1880
170657,6,4,1,178,186,432,664,364,1096,610,850,1460
170657,6,4,2,178,186,432,664,364,1096,610,850,1460
170657,7,999,1,241,261,933,1304,502,2237,1174,1565,2739
170657,7,999,2,241,261,933,1304,502,2237,1174,1565,2739
170657,8,5,1,151,128,402,567,279,969,553,695,1248
170657,8,5,2,151,128,402,567,279,969,553,695,1248
170657,9,6,1,43,62,233,257,105,490,276,319,595
170657,9,6,2,43,62,233,257,105,490,276,319,595
170657,10,7,1,20,29,121,162,49,283,141,191,332
170657,10,7,2,20,29,121,162,49,283,141,191,332
170657,11,8,1,20,31,124,201,51,325,144,232,376
170657,11,8,2,20,31,124,201,51,325,144,232,376
170657,12,9,1,7,11,47,109,18,156,54,120,174
170657,12,9,2,7,11,47,109,18,156,54,120,174
170657,13,10,1,0,0,6,8,0,14,6,8,14
170657,13,10,2,0,0,6,8,0,14,6,8,14
170806,1,412,1,563,1136,359,734,1699,1093,922,1870,2792
170806,1,112,2,536,1034,271,450,1570,721,807,1484,2291
170806,1,312,5,27,102,88,284,129,372,115,386,501
170806,2,999,1,462,866,169,225,1328,394,631,1091,1722
170806,2,999,2,453,832,162,209,1285,371,615,1041,1656
170806,2,999,5,9,34,7,16,43,23,16,50,66
170806,3,1,1,8,9,43,5,17,48,51,14,65
170806,3,1,2,8,9,43,5,17,48,51,14,65
170806,4,2,1,227,235,15,18,462,33,242,253,495
170806,4,2,2,227,235,15,18,462,33,242,253,495
170806,5,3,1,135,354,40,68,489,108,175,422,597
170806,5,3,2,134,353,40,68,487,108,174,421,595
170806,5,3,5,1,1,0,0,2,0,1,1,2
170806,6,4,1,92,268,71,134,360,205,163,402,565
170806,6,4,2,84,235,64,118,319,182,148,353,501
170806,6,4,5,8,33,7,16,41,23,15,49,64
170806,7,999,1,101,270,190,509,371,699,291,779,1070
170806,7,999,2,83,202,109,241,285,350,192,443,635
170806,7,999,5,18,68,81,268,86,349,99,336,435
170806,8,5,1,64,132,80,168,196,248,144,300,444
170806,8,5,2,55,100,54,92,155,146,109,192,301
170806,8,5,5,9,32,26,76,41,102,35,108,143
170806,9,6,1,15,60,34,116,75,150,49,176,225
170806,9,6,2,10,43,16,68,53,84,26,111,137
170806,9,6,5,5,17,18,48,22,66,23,65,88
170806,10,7,1,10,34,26,65,44,91,36,99,135
170806,10,7,2,8,30,16,26,38,42,24,56,80
170806,10,7,5,2,4,10,39,6,49,12,43,55
170806,11,8,1,8,27,29,91,35,120,37,118,155
170806,11,8,2,6,20,14,32,26,46,20,52,72
170806,11,8,5,2,7,15,59,9,74,17,66,83
170806,12,9,1,4,17,20,65,21,85,24,82,106
170806,12,9,2,4,9,8,22,13,30,12,31,43
170806,12,9,5,0,8,12,43,8,55,12,51,63
170806,13,10,1,0,0,1,4,0,5,1,4,5
170806,13,10,2,0,0,1,1,0,2,1,1,2
170806,13,10,5,0,0,0,3,0,3,0,3,3
170967,1,412,1,333,443,139,316,776,455,472,759,1231
170967,1,112,2,308,437,138,315,745,453,446,752,1198
170967,1,312,5,25,6,1,1,31,2,26,7,33
170967,2,999,1,269,346,103,183,615,286,372,529,901
170967,2,999,2,268,343,103,183,611,286,371,526,897
170967,2,999,5,1,3,0,0,4,0,1,3,4
170967,3,1,1,11,13,80,154,24,234,91,167,258
170967,3,1,2,11,13,80,154,24,234,91,167,258
170967,4,2,1,110,141,8,9,251,17,118,150,268
170967,4,2,2,110,141,8,9,251,17,118,150,268
170967,5,3,1,79,114,3,2,193,5,82,116,198
170967,5,3,2,79,114,3,2,193,5,82,116,198
170967,6,4,1,69,78,12,18,147,30,81,96,177
170967,6,4,2,68,75,12,18,143,30,80,93,173
170967,6,4,5,1,3,0,0,4,0,1,3,4
170967,7,999,1,64,97,36,133,161,169,100,230,330
170967,7,999,2,40,94,35,132,134,167,75,226,301
170967,7,999,5,24,3,1,1,27,2,25,4,29
170967,8,5,1,28,45,14,35,73,49,42,80,122
170967,8,5,2,24,45,13,35,69,48,37,80,117
170967,8,5,5,4,0,1,0,4,1,5,0,5
170967,9,6,1,6,18,4,24,24,28,10,42,52
170967,9,6,2,4,18,4,23,22,27,8,41,49
170967,9,6,5,2,0,0,1,2,1,2,1,3
170967,10,7,1,6,13,6,22,19,28,12,35,47
170967,10,7,2,2,13,6,22,15,28,8,35,43
170967,10,7,5,4,0,0,0,4,0,4,0,4
170967,11,8,1,8,13,7,31,21,38,15,44,59
170967,11,8,2,5,12,7,31,17,38,12,43,55
170967,11,8,5,3,1,0,0,4,0,3,1,4
170967,12,9,1,15,8,5,21,23,26,20,29,49
170967,12,9,2,5,6,5,21,11,26,10,27,37
170967,12,9,5,10,2,0,0,12,0,10,2,12
170967,13,10,1,1,0,0,0,1,0,1,0,1
170967,13,10,5,1,0,0,0,1,0,1,0,1
170976,1,412,1,21826,22758,1994,1329,44584,3323,23820,24087,47907
170976,1,112,2,14708,15143,836,642,29851,1478,15544,15785,31329
170976,1,312,5,7118,7615,1158,687,14733,1845,8276,8302,16578
170976,2,999,1,17072,18079,1033,762,35151,1795,18105,18841,36946
170976,2,999,2,14447,14974,755,582,29421,1337,15202,15556,30758
170976,2,999,5,2625,3105,278,180,5730,458,2903,3285,6188
170976,3,1,1,369,511,19,15,880,34,388,526,914
170976,3,1,2,369,511,19,15,880,34,388,526,914
170976,4,2,1,6295,7050,91,77,13345,168,6386,7127,13513
170976,4,2,2,6295,7050,91,77,13345,168,6386,7127,13513
170976,5,3,1,6856,6927,401,366,13783,767,7257,7293,14550
170976,5,3,2,6685,6697,376,339,13382,715,7061,7036,14097
170976,5,3,5,171,230,25,27,401,52,196,257,453
170976,6,4,1,3552,3591,522,304,7143,826,4074,3895,7969
170976,6,4,2,1098,716,269,151,1814,420,1367,867,2234
170976,6,4,5,2454,2875,253,153,5329,406,2707,3028,5735
170976,7,999,1,4752,4677,959,563,9429,1522,5711,5240,10951
170976,7,999,2,261,169,81,60,430,141,342,229,571
170976,7,999,5,4491,4508,878,503,8999,1381,5369,5011,10380
170976,8,5,1,3198,3369,446,315,6567,761,3644,3684,7328
170976,8,5,2,195,118,50,34,313,84,245,152,397
170976,8,5,5,3003,3251,396,281,6254,677,3399,3532,6931
170976,9,6,1,1066,894,247,107,1960,354,1313,1001,2314
170976,9,6,2,47,33,15,8,80,23,62,41,103
170976,9,6,5,1019,861,232,99,1880,331,1251,960,2211
170976,10,7,1,300,244,125,57,544,182,425,301,726
170976,10,7,2,15,12,5,6,27,11,20,18,38
170976,10,7,5,285,232,120,51,517,171,405,283,688
170976,11,8,1,157,128,108,60,285,168,265,188,453
170976,11,8,2,3,4,8,8,7,16,11,12,23
170976,11,8,5,154,124,100,52,278,152,254,176,430
170976,12,9,1,28,41,32,23,69,55,60,64,124
170976,12,9,2,1,2,3,4,3,7,4,6,10
170976,12,9,5,27,39,29,19,66,48,56,58,114
170976,13,10,1,3,1,1,1,4,2,4,2,6
170976,13,10,5,3,1,1,1,4,2,4,2,6
170976,14,11,1,2,2,2,4,4,6,4,6,10
170976,14,11,5,2,2,2,4,4,6,4,6,10
171100,1,412,1,20503,22502,3047,3643,43005,6690,23550,26145,49695
171100,1,112,2,16639,17949,2092,1811,34588,3903,18731,19760,38491
171100,1,312,5,3864,4553,955,1832,8417,2787,4819,6385,11204
171100,2,999,1,17405,19557,2003,1898,36962,3901,19408,21455,40863
171100,2,999,2,16309,17744,1867,1586,34053,3453,18176,19330,37506
171100,2,999,5,1096,1813,136,312,2909,448,1232,2125,3357
171100,3,1,1,225,457,24,34,682,58,249,491,740
171100,3,1,2,224,457,24,34,681,58,248,491,739
171100,3,1,5,1,0,0,0,1,0,1,0,1
171100,4,2,1,6898,8311,359,279,15209,638,7257,8590,15847
171100,4,2,2,6898,8309,359,279,15207,638,7257,8588,15845
171100,4,2,5,0,2,0,0,2,0,0,2,2
171100,5,3,1,7311,7819,732,814,15130,1546,8043,8633,16676
171100,5,3,2,7260,7719,728,796,14979,1524,7988,8515,16503
171100,5,3,5,51,100,4,18,151,22,55,118,173
171100,6,4,1,2971,2970,888,771,5941,1659,3859,3741,7600
171100,6,4,2,1927,1259,756,477,3186,1233,2683,1736,4419
171100,6,4,5,1044,1711,132,294,2755,426,1176,2005,3181
171100,7,999,1,3098,2945,1044,1745,6043,2789,4142,4690,8832
171100,7,999,2,330,205,225,225,535,450,555,430,985
171100,7,999,5,2768,2740,819,1520,5508,2339,3587,4260,7847
171100,8,5,1,1963,1909,399,775,3872,1174,2362,2684,5046
171100,8,5,2,246,163,138,126,409,264,384,289,673
171100,8,5,5,1717,1746,261,649,3463,910,1978,2395,4373
171100,9,6,1,715,593,219,343,1308,562,934,936,1870
171100,9,6,2,50,21,34,39,71,73,84,60,144
171100,9,6,5,665,572,185,304,1237,489,850,876,1726
171100,10,7,1,255,219,170,236,474,406,425,455,880
171100,10,7,2,20,12,23,20,32,43,43,32,75
171100,10,7,5,235,207,147,216,442,363,382,423,805
171100,11,8,1,134,172,170,265,306,435,304,437,741
171100,11,8,2,10,7,13,26,17,39,23,33,56
171100,11,8,5,124,165,157,239,289,396,281,404,685
171100,12,9,1,30,49,81,118,79,199,111,167,278
171100,12,9,2,4,2,15,12,6,27,19,14,33
171100,12,9,5,26,47,66,106,73,172,92,153,245
171100,13,10,1,1,3,5,8,4,13,6,11,17
171100,13,10,2,0,0,2,2,0,4,2,2,4
171100,13,10,5,1,3,3,6,4,9,4,9,13
171137,1,412,1,2937,2492,1970,1384,5429,3354,4907,3876,8783
171137,1,112,2,2707,2305,931,782,5012,1713,3638,3087,6725
171137,1,312,5,230,187,1039,602,417,1641,1269,789,2058
171137,2,999,1,2548,2108,782,539,4656,1321,3330,2647,5977
171137,2,999,2,2439,2039,625,427,4478,1052,3064,2466,5530
171137,2,999,5,109,69,157,112,178,269,266,181,447
171137,3,1,1,99,83,44,57,182,101,143,140,283
171137,3,1,2,99,83,44,57,182,101,143,140,283
171137,4,2,1,915,774,74,64,1689,138,989,838,1827
171137,4,2,2,914,774,74,64,1688,138,988,838,1826
171137,4,2,5,1,0,0,0,1,0,1,0,1
171137,5,3,1,922,782,184,103,1704,287,1106,885,1991
171137,5,3,2,917,779,182,103,1696,285,1099,882,1981
171137,5,3,5,5,3,2,0,8,2,7,3,10
171137,6,4,1,612,469,480,315,1081,795,1092,784,1876
171137,6,4,2,509,403,325,203,912,528,834,606,1440
171137,6,4,5,103,66,155,112,169,267,258,178,436
171137,7,999,1,389,384,1188,845,773,2033,1577,1229,2806
171137,7,999,2,268,266,306,355,534,661,574,621,1195
171137,7,999,5,121,118,882,490,239,1372,1003,608,1611
171137,8,5,1,261,240,611,421,501,1032,872,661,1533
171137,8,5,2,188,163,168,160,351,328,356,323,679
171137,8,5,5,73,77,443,261,150,704,516,338,854
171137,9,6,1,73,92,277,160,165,437,350,252,602
171137,9,6,2,49,61,76,71,110,147,125,132,257
171137,9,6,5,24,31,201,89,55,290,225,120,345
171137,10,7,1,29,19,130,90,48,220,159,109,268
171137,10,7,2,18,12,23,41,30,64,41,53,94
171137,10,7,5,11,7,107,49,18,156,118,56,174
171137,11,8,1,18,22,119,120,40,239,137,142,279
171137,11,8,2,9,20,26,50,29,76,35,70,105
171137,11,8,5,9,2,93,70,11,163,102,72,174
171137,12,9,1,8,9,48,50,17,98,56,59,115
171137,12,9,2,4,8,11,30,12,41,15,38,53
171137,12,9,5,4,1,37,20,5,57,41,21,62
171137,13,10,1,0,2,3,4,2,7,3,6,9
171137,13,10,2,0,2,2,3,2,5,2,5,7
171137,13,10,5,0,0,1,1,0,2,1,1,2
171146,1,412,1,1418,2472,1016,1923,3890,2939,2434,4395,6829
171146,1,112,2,1237,2063,744,1380,3300,2124,1981,3443,5424
171146,1,312,5,181,409,272,543,590,815,453,952,1405
171146,2,999,1,1044,1820,478,765,2864,1243,1522,2585,4107
171146,2,999,2,994,1681,464,732,2675,1196,1458,2413,3871
171146,2,999,5,50,139,14,33,189,47,64,172,236
171146,3,1,1,33,46,233,333,79,566,266,379,645
171146,3,1,2,33,46,233,333,79,566,266,379,645
171146,4,2,1,334,567,51,79,901,130,385,646,1031
171146,4,2,2,334,567,51,79,901,130,385,646,1031
171146,5,3,1,353,628,56,92,981,148,409,720,1129
171146,5,3,2,351,617,56,92,968,148,407,709,1116
171146,5,3,5,2,11,0,0,13,0,2,11,13
171146,6,4,1,324,579,138,261,903,399,462,840,1302
171146,6,4,2,276,451,124,228,727,352,400,679,1079
171146,6,4,5,48,128,14,33,176,47,62,161,223
171146,7,999,1,374,652,538,1158,1026,1696,912,1810,2722
171146,7,999,2,243,382,280,648,625,928,523,1030,1553
171146,7,999,5,131,270,258,510,401,768,389,780,1169
171146,8,5,1,213,323,165,355,536,520,378,678,1056
171146,8,5,2,153,198,109,235,351,344,262,433,695
171146,8,5,5,60,125,56,120,185,176,116,245,361
171146,9,6,1,85,140,123,236,225,359,208,376,584
171146,9,6,2,49,82,63,141,131,204,112,223,335
171146,9,6,5,36,58,60,95,94,155,96,153,249
171146,10,7,1,41,79,88,174,120,262,129,253,382
171146,10,7,2,23,49,43,90,72,133,66,139,205
171146,10,7,5,18,30,45,84,48,129,63,114,177
171146,11,8,1,29,85,95,257,114,352,124,342,466
171146,11,8,2,15,45,39,130,60,169,54,175,229
171146,11,8,5,14,40,56,127,54,183,70,167,237
171146,12,9,1,6,25,63,130,31,193,69,155,224
171146,12,9,2,3,8,26,48,11,74,29,56,85
171146,12,9,5,3,17,37,82,20,119,40,99,139
171146,13,10,1,0,0,4,6,0,10,4,6,10
171146,13,10,2,0,0,0,4,0,4,0,4,4
171146,13,10,5,0,0,4,2,0,6,4,2,6
171155,1,412,1,446,633,731,1481,1079,2212,1177,2114,3291
171155,1,112,2,446,633,731,1481,1079,2212,1177,2114,3291
171155,2,999,1,397,533,639,1210,930,1849,1036,1743,2779
171155,2,999,2,397,533,639,1210,930,1849,1036,1743,2779
171155,3,1,1,114,170,429,724,284,1153,543,894,1437
171155,3,1,2,114,170,429,724,284,1153,543,894,1437
171155,4,2,1,180,225,85,204,405,289,265,429,694
171155,4,2,2,180,225,85,204,405,289,265,429,694
171155,5,3,1,64,97,69,167,161,236,133,264,397
171155,5,3,2,64,97,69,167,161,236,133,264,397
171155,6,4,1,39,41,56,115,80,171,95,156,251
171155,6,4,2,39,41,56,115,80,171,95,156,251
171155,7,999,1,49,100,92,271,149,363,141,371,512
171155,7,999,2,49,100,92,271,149,363,141,371,512
171155,8,5,1,26,40,39,112,66,151,65,152,217
171155,8,5,2,26,40,39,112,66,151,65,152,217
171155,9,6,1,8,25,22,55,33,77,30,80,110
171155,9,6,2,8,25,22,55,33,77,30,80,110
171155,10,7,1,6,18,8,45,24,53,14,63,77
171155,10,7,2,6,18,8,45,24,53,14,63,77
171155,11,8,1,8,13,15,40,21,55,23,53,76
171155,11,8,2,8,13,15,40,21,55,23,53,76
171155,12,9,1,1,4,8,19,5,27,9,23,32
171155,12,9,2,1,4,8,19,5,27,9,23,32
171225,1,412,1,253,434,616,999,687,1615,869,1433,2302
171225,1,112,2,253,434,616,999,687,1615,869,1433,2302
171225,2,999,1,225,377,457,749,602,1206,682,1126,1808
171225,2,999,2,225,377,457,749,602,1206,682,1126,1808
171225,3,1,1,11,29,216,366,40,582,227,395,622
171225,3,1,2,11,29,216,366,40,582,227,395,622
171225,4,2,1,159,235,97,137,394,234,256,372,628
171225,4,2,2,159,235,97,137,394,234,256,372,628
171225,5,3,1,45,80,78,142,125,220,123,222,345
171225,5,3,2,45,80,78,142,125,220,123,222,345
171225,6,4,1,10,33,66,104,43,170,76,137,213
171225,6,4,2,10,33,66,104,43,170,76,137,213
171225,7,999,1,28,57,159,250,85,409,187,307,494
171225,7,999,2,28,57,159,250,85,409,187,307,494
171225,8,5,1,15,28,58,82,43,140,73,110,183
171225,8,5,2,15,28,58,82,43,140,73,110,183
171225,9,6,1,5,9,28,55,14,83,33,64,97
171225,9,6,2,5,9,28,55,14,83,33,64,97
171225,10,7,1,2,11,23,38,13,61,25,49,74
171225,10,7,2,2,11,23,38,13,61,25,49,74
171225,11,8,1,5,7,34,61,12,95,39,68,107
171225,11,8,2,5,7,34,61,12,95,39,68,107
171225,12,9,1,1,2,14,12,3,26,15,14,29
171225,12,9,2,1,2,14,12,3,26,15,14,29
171225,13,10,1,0,0,2,2,0,4,2,2,4
171225,13,10,2,0,0,2,2,0,4,2,2,4
171304,1,412,1,500,686,848,1422,1186,2270,1348,2108,3456
171304,1,112,2,500,686,848,1422,1186,2270,1348,2108,3456
171304,2,999,1,467,633,583,1009,1100,1592,1050,1642,2692
171304,2,999,2,467,633,583,1009,1100,1592,1050,1642,2692
171304,3,1,1,2,5,135,325,7,460,137,330,467
171304,3,1,2,2,5,135,325,7,460,137,330,467
171304,4,2,1,277,449,205,246,726,451,482,695,1177
171304,4,2,2,277,449,205,246,726,451,482,695,1177
171304,5,3,1,160,142,159,238,302,397,319,380,699
171304,5,3,2,160,142,159,238,302,397,319,380,699
171304,6,4,1,28,37,84,200,65,284,112,237,349
171304,6,4,2,28,37,84,200,65,284,112,237,349
171304,7,999,1,33,53,265,413,86,678,298,466,764
171304,7,999,2,33,53,265,413,86,678,298,466,764
171304,8,5,1,17,27,109,177,44,286,126,204,330
171304,8,5,2,17,27,109,177,44,286,126,204,330
171304,9,6,1,6,10,58,92,16,150,64,102,166
171304,9,6,2,6,10,58,92,16,150,64,102,166
171304,10,7,1,2,8,48,59,10,107,50,67,117
171304,10,7,2,2,8,48,59,10,107,50,67,117
171304,11,8,1,3,8,37,53,11,90,40,61,101
171304,11,8,2,3,8,37,53,11,90,40,61,101
171304,12,9,1,4,0,10,23,4,33,14,23,37
171304,12,9,2,4,0,10,23,4,33,14,23,37
171304,13,10,1,1,0,3,9,1,12,4,9,13
171304,13,10,2,1,0,3,9,1,12,4,9,13
171395,1,412,1,234,395,384,735,629,1119,618,1130,1748
171395,1,112,2,234,395,384,735,629,1119,618,1130,1748
171395,2,999,1,200,311,318,530,511,848,518,841,1359
171395,2,999,2,200,311,318,530,511,848,518,841,1359
171395,3,1,1,2,4,144,250,6,394,146,254,400
171395,3,1,2,2,4,144,250,6,394,146,254,400
171395,4,2,1,128,206,105,149,334,254,233,355,588
171395,4,2,2,128,206,105,149,334,254,233,355,588
171395,5,3,1,52,69,40,64,121,104,92,133,225
171395,5,3,2,52,69,40,64,121,104,92,133,225
171395,6,4,1,18,32,29,67,50,96,47,99,146
171395,6,4,2,18,32,29,67,50,96,47,99,146
171395,7,999,1,34,84,66,205,118,271,100,289,389
171395,7,999,2,34,84,66,205,118,271,100,289,389
171395,8,5,1,16,38,16,74,54,90,32,112,144
171395,8,5,2,16,38,16,74,54,90,32,112,144
171395,9,6,1,11,21,15,44,32,59,26,65,91
171395,9,6,2,11,21,15,44,32,59,26,65,91
171395,10,7,1,2,9,9,28,11,37,11,37,48
171395,10,7,2,2,9,9,28,11,37,11,37,48
171395,11,8,1,5,14,9,34,19,43,14,48,62
171395,11,8,2,5,14,9,34,19,43,14,48,62
171395,12,9,1,0,2,13,24,2,37,13,26,39
171395,12,9,2,0,2,13,24,2,37,13,26,39
171395,13,10,1,0,0,4,1,0,5,4,1,5
171395,13,10,2,0,0,4,1,0,5,4,1,5
171456,1,412,1,2570,3559,450,789,6129,1239,3020,4348,7368
171456,1,112,2,2499,3381,359,495,5880,854,2858,3876,6734
171456,1,312,5,71,178,91,294,249,385,162,472,634
171456,2,999,1,2292,3261,221,273,5553,494,2513,3534,6047
171456,2,999,2,2255,3180,214,243,5435,457,2469,3423,5892
171456,2,999,5,37,81,7,30,118,37,44,111,155
171456,3,1,1,26,69,31,45,95,76,57,114,171
171456,3,1,2,26,69,31,45,95,76,57,114,171
171456,4,2,1,917,1450,25,38,2367,63,942,1488,2430
171456,4,2,2,917,1450,25,38,2367,63,942,1488,2430
171456,5,3,1,877,1246,71,64,2123,135,948,1310,2258
171456,5,3,2,876,1237,71,64,2113,135,947,1301,2248
171456,5,3,5,1,9,0,0,10,0,1,9,10
171456,6,4,1,472,496,94,126,968,220,566,622,1188
171456,6,4,2,436,424,87,96,860,183,523,520,1043
171456,6,4,5,36,72,7,30,108,37,43,102,145
171456,7,999,1,278,298,229,516,576,745,507,814,1321
171456,7,999,2,244,201,145,252,445,397,389,453,842
171456,7,999,5,34,97,84,264,131,348,118,361,479
171456,8,5,1,171,159,66,123,330,189,237,282,519
171456,8,5,2,152,115,46,57,267,103,198,172,370
171456,8,5,5,19,44,20,66,63,86,39,110,149
171456,9,6,1,56,57,44,90,113,134,100,147,247
171456,9,6,2,48,40,26,35,88,61,74,75,149
171456,9,6,5,8,17,18,55,25,73,26,72,98
171456,10,7,1,29,35,25,61,64,86,54,96,150
171456,10,7,2,25,24,13,23,49,36,38,47,85
171456,10,7,5,4,11,12,38,15,50,16,49,65
171456,11,8,1,16,36,35,90,52,125,51,126,177
171456,11,8,2,15,19,20,36,34,56,35,55,90
171456,11,8,5,1,17,15,54,18,69,16,71,87
171456,12,9,1,5,11,23,72,16,95,28,83,111
171456,12,9,2,4,3,15,33,7,48,19,36,55
171456,12,9,5,1,8,8,39,9,47,9,47,56
171456,13,10,1,1,0,36,80,1,116,37,80,117
171456,13,10,2,0,0,25,68,0,93,25,68,93
171456,13,10,5,1,0,11,12,1,23,12,12,24
171483,1,412,1,654,546,891,1187,1200,2078,1545,1733,3278
171483,1,112,2,654,546,891,1187,1200,2078,1545,1733,3278
171483,2,999,1,555,449,617,799,1004,1416,1172,1248,2420
171483,2,999,2,555,449,617,799,1004,1416,1172,1248,2420
171483,3,1,1,19,30,128,248,49,376,147,278,425
171483,3,1,2,19,30,128,248,49,376,147,278,425
171483,4,2,1,335,280,168,224,615,392,503,504,1007
171483,4,2,2,335,280,168,224,615,392,503,504,1007
171483,5,3,1,124,90,180,178,214,358,304,268,572
171483,5,3,2,124,90,180,178,214,358,304,268,572
171483,6,4,1,77,49,141,149,126,290,218,198,416
171483,6,4,2,77,49,141,149,126,290,218,198,416
171483,7,999,1,99,97,274,388,196,662,373,485,858
171483,7,999,2,99,97,274,388,196,662,373,485,858
171483,8,5,1,48,47,108,148,95,256,156,195,351
171483,8,5,2,48,47,108,148,95,256,156,195,351
171483,9,6,1,25,29,61,88,54,149,86,117,203
171483,9,6,2,25,29,61,88,54,149,86,117,203
171483,10,7,1,13,13,38,55,26,93,51,68,119
171483,10,7,2,13,13,38,55,26,93,51,68,119
171483,11,8,1,12,6,46,63,18,109,58,69,127
171483,11,8,2,12,6,46,63,18,109,58,69,127
171483,12,9,1,1,2,16,31,3,47,17,33,50
171483,12,9,2,1,2,16,31,3,47,17,33,50
171483,13,10,1,0,0,5,3,0,8,5,3,8
171483,13,10,2,0,0,5,3,0,8,5,3,8
171535,1,412,1,2079,2160,4374,5898,4239,10272,6453,8058,14511
171535,1,112,2,2079,2160,4374,5898,4239,10272,6453,8058,14511
171535,2,999,1,1721,1645,3149,3501,3366,6650,4870,5146,10016
171535,2,999,2,1721,1645,3149,3501,3366,6650,4870,5146,10016
171535,3,1,1,101,106,357,423,207,780,458,529,987
171535,3,1,2,101,106,357,423,207,780,458,529,987
171535,4,2,1,986,942,1027,1074,1928,2101,2013,2016,4029
171535,4,2,2,986,942,1027,1074,1928,2101,2013,2016,4029
171535,5,3,1,434,348,972,972,782,1944,1406,1320,2726
171535,5,3,2,434,348,972,972,782,1944,1406,1320,2726
171535,6,4,1,200,249,793,1032,449,1825,993,1281,2274
171535,6,4,2,200,249,793,1032,449,1825,993,1281,2274
171535,7,999,1,358,515,1225,2397,873,3622,1583,2912,4495
171535,7,999,2,358,515,1225,2397,873,3622,1583,2912,4495
171535,8,5,1,190,246,562,999,436,1561,752,1245,1997
171535,8,5,2,190,246,562,999,436,1561,752,1245,1997
171535,9,6,1,85,141,260,546,226,806,345,687,1032
171535,9,6,2,85,141,260,546,226,806,345,687,1032
171535,10,7,1,35,44,140,289,79,429,175,333,508
171535,10,7,2,35,44,140,289,79,429,175,333,508
171535,11,8,1,31,65,159,366,96,525,190,431,621
171535,11,8,2,31,65,159,366,96,525,190,431,621
171535,12,9,1,16,19,93,181,35,274,109,200,309
171535,12,9,2,16,19,93,181,35,274,109,200,309
171535,13,10,1,1,0,11,16,1,27,12,16,28
171535,13,10,2,1,0,11,16,1,27,12,16,28
171571,1,412,1,5828,8213,2142,2369,14041,4511,7970,10582,18552
171571,1,112,2,4991,7066,1457,1586,12057,3043,6448,8652,15100
171571,1,312,5,837,1147,685,783,1984,1468,1522,1930,3452
171571,2,999,1,4754,6776,970,1000,11530,1970,5724,7776,13500
171571,2,999,2,4463,6371,890,917,10834,1807,5353,7288,12641
171571,2,999,5,291,405,80,83,696,163,371,488,859
171571,3,1,1,104,174,19,26,278,45,123,200,323
171571,3,1,2,104,174,19,26,278,45,123,200,323
171571,4,2,1,1633,2487,80,84,4120,164,1713,2571,4284
171571,4,2,2,1633,2487,80,84,4120,164,1713,2571,4284
171571,5,3,1,1733,2493,242,279,4226,521,1975,2772,4747
171571,5,3,2,1723,2476,240,277,4199,517,1963,2753,4716
171571,5,3,5,10,17,2,2,27,4,12,19,31
171571,6,4,1,1284,1622,629,611,2906,1240,1913,2233,4146
171571,6,4,2,1003,1234,551,530,2237,1081,1554,1764,3318
171571,6,4,5,281,388,78,81,669,159,359,469,828
171571,7,999,1,1074,1436,1171,1368,2510,2539,2245,2804,5049
171571,7,999,2,528,694,566,668,1222,1234,1094,1362,2456
171571,7,999,5,546,742,605,700,1288,1305,1151,1442,2593
171571,8,5,1,724,891,564,575,1615,1139,1288,1466,2754
171571,8,5,2,382,420,336,330,802,666,718,750,1468
171571,8,5,5,342,471,228,245,813,473,570,716,1286
171571,9,6,1,195,262,260,267,457,527,455,529,984
171571,9,6,2,93,134,110,131,227,241,203,265,468
171571,9,6,5,102,128,150,136,230,286,252,264,516
171571,10,7,1,80,102,148,158,182,306,228,260,488
171571,10,7,2,32,55,55,54,87,109,87,109,196
171571,10,7,5,48,47,93,104,95,197,141,151,292
171571,11,8,1,60,128,132,222,188,354,192,350,542
171571,11,8,2,18,66,43,94,84,137,61,160,221
171571,11,8,5,42,62,89,128,104,217,131,190,321
171571,12,9,1,15,53,60,134,68,194,75,187,262
171571,12,9,2,3,19,17,53,22,70,20,72,92
171571,12,9,5,12,34,43,81,46,124,55,115,170
171571,13,10,1,0,0,7,12,0,19,7,12,19
171571,13,10,2,0,0,5,6,0,11,5,6,11
171571,13,10,5,0,0,2,6,0,8,2,6,8
171571,14,11,1,0,1,1,1,1,2,1,2,3
171571,14,11,2,0,1,1,1,1,2,1,2,3
172033,1,412,1,132,3,149,134,135,283,281,137,418
172033,1,112,2,73,2,74,104,75,178,147,106,253
172033,1,312,5,59,1,75,30,60,105,134,31,165
172033,2,999,1,40,2,46,16,42,62,86,18,104
172033,2,999,2,7,2,41,15,9,56,48,17,65
172033,2,999,5,33,0,5,1,33,6,38,1,39
172033,3,1,1,2,1,3,2,3,5,5,3,8
172033,3,1,2,2,1,3,2,3,5,5,3,8
172033,4,2,1,6,0,12,3,6,15,18,3,21
172033,4,2,2,1,0,12,3,1,15,13,3,16
172033,4,2,5,5,0,0,0,5,0,5,0,5
172033,5,3,1,11,1,11,6,12,17,22,7,29
172033,5,3,2,1,1,11,6,2,17,12,7,19
172033,5,3,5,10,0,0,0,10,0,10,0,10
172033,6,4,1,21,0,20,5,21,25,41,5,46
172033,6,4,2,3,0,15,4,3,19,18,4,22
172033,6,4,5,18,0,5,1,18,6,23,1,24
172033,7,999,1,92,1,103,118,93,221,195,119,314
172033,7,999,2,66,0,33,89,66,122,99,89,188
172033,7,999,5,26,1,70,29,27,99,96,30,126
172033,8,5,1,23,0,25,8,23,33,48,8,56
172033,8,5,2,3,0,23,4,3,27,26,4,30
172033,8,5,5,20,0,2,4,20,6,22,4,26
172033,9,6,1,8,0,16,9,8,25,24,9,33
172033,9,6,2,3,0,2,8,3,10,5,8,13
172033,9,6,5,5,0,14,1,5,15,19,1,20
172033,10,7,1,6,0,9,12,6,21,15,12,27
172033,10,7,2,5,0,1,9,5,10,6,9,15
172033,10,7,5,1,0,8,3,1,11,9,3,12
172033,11,8,1,15,0,14,35,15,49,29,35,64
172033,11,8,2,15,0,1,29,15,30,16,29,45
172033,11,8,5,0,0,13,6,0,19,13,6,19
172033,12,9,1,38,1,34,46,39,80,72,47,119
172033,12,9,2,38,0,4,33,38,37,42,33,75
172033,12,9,5,0,1,30,13,1,43,30,14,44
172033,13,10,1,2,0,5,8,2,13,7,8,15
172033,13,10,2,2,0,2,6,2,8,4,6,10
172033,13,10,5,0,0,3,2,0,5,3,2,5
172200,1,412,1,984,1100,2417,3615,2084,6032,3401,4715,8116
172200,1,112,2,984,1100,2417,3615,2084,6032,3401,4715,8116
172200,2,999,1,851,919,1735,2081,1770,3816,2586,3000,5586
172200,2,999,2,851,919,1735,2081,1770,3816,2586,3000,5586
172200,3,1,1,22,46,187,302,68,489,209,348,557
172200,3,1,2,22,46,187,302,68,489,209,348,557
172200,4,2,1,491,564,600,668,1055,1268,1091,1232,2323
172200,4,2,2,491,564,600,668,1055,1268,1091,1232,2323
172200,5,3,1,228,194,524,574,422,1098,752,768,1520
172200,5,3,2,228,194,524,574,422,1098,752,768,1520
172200,6,4,1,110,115,424,537,225,961,534,652,1186
172200,6,4,2,110,115,424,537,225,961,534,652,1186
172200,7,999,1,133,181,682,1534,314,2216,815,1715,2530
172200,7,999,2,133,181,682,1534,314,2216,815,1715,2530
172200,8,5,1,76,82,285,583,158,868,361,665,1026
172200,8,5,2,76,82,285,583,158,868,361,665,1026
172200,9,6,1,28,44,159,395,72,554,187,439,626
172200,9,6,2,28,44,159,395,72,554,187,439,626
172200,10,7,1,15,19,88,193,34,281,103,212,315
172200,10,7,2,15,19,88,193,34,281,103,212,315
172200,11,8,1,11,26,90,239,37,329,101,265,366
172200,11,8,2,11,26,90,239,37,329,101,265,366
172200,12,9,1,3,9,50,116,12,166,53,125,178
172200,12,9,2,3,9,50,116,12,166,53,125,178
172200,13,10,1,0,1,10,8,1,18,10,9,19
172200,13,10,2,0,1,10,8,1,18,10,9,19
172264,1,412,1,535,655,288,558,1190,846,823,1213,2036
172264,1,112,2,507,616,244,474,1123,718,751,1090,1841
172264,1,312,5,28,39,44,84,67,128,72,123,195
172264,2,999,1,472,570,78,140,1042,218,550,710,1260
172264,2,999,2,465,556,69,128,1021,197,534,684,1218
172264,2,999,5,7,14,9,12,21,21,16,26,42
172264,3,1,1,5,19,25,60,24,85,30,79,109
172264,3,1,2,5,19,25,60,24,85,30,79,109
172264,4,2,1,213,233,11,8,446,19,224,241,465
172264,4,2,2,213,233,11,8,446,19,224,241,465
172264,5,3,1,185,230,10,12,415,22,195,242,437
172264,5,3,2,184,230,10,12,414,22,194,242,436
172264,5,3,5,1,0,0,0,1,0,1,0,1
172264,6,4,1,69,88,32,60,157,92,101,148,249
172264,6,4,2,63,74,23,48,137,71,86,122,208
172264,6,4,5,6,14,9,12,20,21,15,26,41
172264,7,999,1,63,85,210,418,148,628,273,503,776
172264,7,999,2,42,60,175,346,102,521,217,406,623
172264,7,999,5,21,25,35,72,46,107,56,97,153
172264,8,5,1,27,37,38,98,64,136,65,135,200
172264,8,5,2,21,31,31,83,52,114,52,114,166
172264,8,5,5,6,6,7,15,12,22,13,21,34
172264,9,6,1,9,11,44,68,20,112,53,79,132
172264,9,6,2,8,9,38,59,17,97,46,68,114
172264,9,6,5,1,2,6,9,3,15,7,11,18
172264,10,7,1,10,14,45,72,24,117,55,86,141
172264,10,7,2,4,8,37,63,12,100,41,71,112
172264,10,7,5,6,6,8,9,12,17,14,15,29
172264,11,8,1,10,17,53,120,27,173,63,137,200
172264,11,8,2,8,10,41,97,18,138,49,107,156
172264,11,8,5,2,7,12,23,9,35,14,30,44
172264,12,9,1,7,5,29,56,12,85,36,61,97
172264,12,9,2,1,1,27,42,2,69,28,43,71
172264,12,9,5,6,4,2,14,10,16,8,18,26
172264,13,10,1,0,1,1,4,1,5,1,5,6
172264,13,10,2,0,1,1,2,1,3,1,3,4
172264,13,10,5,0,0,0,2,0,2,0,2,2
172307,1,412,1,302,450,358,649,752,1007,660,1099,1759
172307,1,112,2,302,450,358,649,752,1007,660,1099,1759
172307,2,999,1,277,399,314,452,676,766,591,851,1442
172307,2,999,2,277,399,314,452,676,766,591,851,1442
172307,3,1,1,8,17,170,215,25,385,178,232,410
172307,3,1,2,8,17,170,215,25,385,178,232,410
172307,4,2,1,194,275,58,90,469,148,252,365,617
172307,4,2,2,194,275,58,90,469,148,252,365,617
172307,5,3,1,60,78,51,78,138,129,111,156,267
172307,5,3,2,60,78,51,78,138,129,111,156,267
172307,6,4,1,15,29,35,69,44,104,50,98,148
172307,6,4,2,15,29,35,69,44,104,50,98,148
172307,7,999,1,25,51,44,197,76,241,69,248,317
172307,7,999,2,25,51,44,197,76,241,69,248,317
172307,8,5,1,12,17,24,70,29,94,36,87,123
172307,8,5,2,12,17,24,70,29,94,36,87,123
172307,9,6,1,9,10,9,47,19,56,18,57,75
172307,9,6,2,9,10,9,47,19,56,18,57,75
172307,10,7,1,2,7,3,29,9,32,5,36,41
172307,10,7,2,2,7,3,29,9,32,5,36,41
172307,11,8,1,2,14,4,38,16,42,6,52,58
172307,11,8,2,2,14,4,38,16,42,6,52,58
172307,12,9,1,0,3,3,13,3,16,3,16,19
172307,12,9,2,0,3,3,13,3,16,3,16,19
172307,13,10,1,0,0,1,0,0,1,1,0,1
172307,13,10,2,0,0,1,0,0,1,1,0,1
172334,1,412,1,512,1959,149,498,2471,647,661,2457,3118
172334,1,112,2,322,646,114,268,968,382,436,914,1350
172334,1,312,5,190,1313,35,230,1503,265,225,1543,1768
172334,2,999,1,304,586,64,103,890,167,368,689,1057
172334,2,999,2,299,527,62,99,826,161,361,626,987
172334,2,999,5,5,59,2,4,64,6,7,63,70
172334,3,1,1,0,0,19,41,0,60,19,41,60
172334,3,1,2,0,0,19,41,0,60,19,41,60
172334,4,2,1,104,172,28,22,276,50,132,194,326
172334,4,2,2,104,171,28,22,275,50,132,193,325
172334,4,2,5,0,1,0,0,1,0,0,1,1
172334,5,3,1,118,240,2,9,358,11,120,249,369
172334,5,3,2,118,239,2,9,357,11,120,248,368
172334,5,3,5,0,1,0,0,1,0,0,1,1
172334,6,4,1,82,174,15,31,256,46,97,205,302
172334,6,4,2,77,117,13,27,194,40,90,144,234
172334,6,4,5,5,57,2,4,62,6,7,61,68
172334,7,999,1,208,1373,85,395,1581,480,293,1768,2061
172334,7,999,2,23,119,52,169,142,221,75,288,363
172334,7,999,5,185,1254,33,226,1439,259,218,1480,1698
172334,8,5,1,53,325,12,70,378,82,65,395,460
172334,8,5,2,10,33,10,31,43,41,20,64,84
172334,8,5,5,43,292,2,39,335,41,45,331,376
172334,9,6,1,40,270,11,91,310,102,51,361,412
172334,9,6,2,4,26,7,40,30,47,11,66,77
172334,9,6,5,36,244,4,51,280,55,40,295,335
172334,10,7,1,31,238,25,73,269,98,56,311,367
172334,10,7,2,2,26,13,31,28,44,15,57,72
172334,10,7,5,29,212,12,42,241,54,41,254,295
172334,11,8,1,56,361,23,110,417,133,79,471,550
172334,11,8,2,3,22,17,44,25,61,20,66,86
172334,11,8,5,53,339,6,66,392,72,59,405,464
172334,12,9,1,27,174,13,51,201,64,40,225,265
172334,12,9,2,4,12,5,23,16,28,9,35,44
172334,12,9,5,23,162,8,28,185,36,31,190,221
172334,13,10,1,1,5,1,0,6,1,2,5,7
172334,13,10,5,1,5,1,0,6,1,2,5,7
172422,1,412,1,93,15,0,0,108,0,93,15,108
172422,1,112,2,93,15,0,0,108,0,93,15,108
172422,2,999,1,87,15,0,0,102,0,87,15,102
172422,2,999,2,87,15,0,0,102,0,87,15,102
172422,4,2,1,28,2,0,0,30,0,28,2,30
172422,4,2,2,28,2,0,0,30,0,28,2,30
172422,5,3,1,46,8,0,0,54,0,46,8,54
172422,5,3,2,46,8,0,0,54,0,46,8,54
172422,6,4,1,13,5,0,0,18,0,13,5,18
172422,6,4,2,13,5,0,0,18,0,13,5,18
172422,7,999,1,6,0,0,0,6,0,6,0,6
172422,7,999,2,6,0,0,0,6,0,6,0,6
172422,8,5,1,5,0,0,0,5,0,5,0,5
172422,8,5,2,5,0,0,0,5,0,5,0,5
172422,10,7,1,1,0,0,0,1,0,1,0,1
172422,10,7,2,1,0,0,0,1,0,1,0,1
172440,1,412,1,207,152,15,28,359,43,222,180,402
172440,1,112,2,207,152,15,28,359,43,222,180,402
172440,2,999,1,203,148,11,20,351,31,214,168,382
172440,2,999,2,203,148,11,20,351,31,214,168,382
172440,3,1,1,6,4,8,15,10,23,14,19,33
172440,3,1,2,6,4,8,15,10,23,14,19,33
172440,4,2,1,102,67,0,0,169,0,102,67,169
172440,4,2,2,102,67,0,0,169,0,102,67,169
172440,5,3,1,65,67,1,1,132,2,66,68,134
172440,5,3,2,65,67,1,1,132,2,66,68,134
172440,6,4,1,30,10,2,4,40,6,32,14,46
172440,6,4,2,30,10,2,4,40,6,32,14,46
172440,7,999,1,4,4,4,8,8,12,8,12,20
172440,7,999,2,4,4,4,8,8,12,8,12,20
172440,8,5,1,1,1,1,0,2,1,2,1,3
172440,8,5,2,1,1,1,0,2,1,2,1,3
172440,9,6,1,2,1,0,2,3,2,2,3,5
172440,9,6,2,2,1,0,2,3,2,2,3,5
172440,10,7,1,0,1,0,2,1,2,0,3,3
172440,10,7,2,0,1,0,2,1,2,0,3,3
172440,11,8,1,1,1,2,1,2,3,3,2,5
172440,11,8,2,1,1,2,1,2,3,3,2,5
172440,12,9,1,0,0,1,3,0,4,1,3,4
172440,12,9,2,0,0,1,3,0,4,1,3,4
172608,1,412,1,218,211,634,681,429,1315,852,892,1744
172608,1,112,2,47,31,322,322,78,644,369,353,722
172608,1,312,5,171,180,312,359,351,671,483,539,1022
172608,2,999,1,63,56,143,123,119,266,206,179,385
172608,2,999,2,29,21,122,101,50,223,151,122,273
172608,2,999,5,34,35,21,22,69,43,55,57,112
172608,4,2,1,0,0,0,2,0,2,0,2,2
172608,4,2,2,0,0,0,2,0,2,0,2,2
172608,5,3,1,12,8,23,32,20,55,35,40,75
172608,5,3,2,12,6,23,32,18,55,35,38,73
172608,5,3,5,0,2,0,0,2,0,0,2,2
172608,6,4,1,51,48,120,89,99,209,171,137,308
172608,6,4,2,17,15,99,67,32,166,116,82,198
172608,6,4,5,34,33,21,22,67,43,55,55,110
172608,7,999,1,155,155,485,547,310,1032,640,702,1342
172608,7,999,2,18,10,194,213,28,407,212,223,435
172608,7,999,5,137,145,291,334,282,625,428,479,907
172608,8,5,1,74,65,185,175,139,360,259,240,499
172608,8,5,2,10,4,101,91,14,192,111,95,206
172608,8,5,5,64,61,84,84,125,168,148,145,293
172608,9,6,1,43,40,118,126,83,244,161,166,327
172608,9,6,2,7,4,46,49,11,95,53,53,106
172608,9,6,5,36,36,72,77,72,149,108,113,221
172608,10,7,1,13,18,71,72,31,143,84,90,174
172608,10,7,2,1,0,20,23,1,43,21,23,44
172608,10,7,5,12,18,51,49,30,100,63,67,130
172608,11,8,1,18,24,88,106,42,194,106,130,236
172608,11,8,2,0,1,23,29,1,52,23,30,53
172608,11,8,5,18,23,65,77,41,142,83,100,183
172608,12,9,1,7,8,23,68,15,91,30,76,106
172608,12,9,2,0,1,4,21,1,25,4,22,26
172608,12,9,5,7,7,19,47,14,66,26,54,80
172608,14,11,1,0,0,6,11,0,17,6,11,17
172608,14,11,2,0,0,6,8,0,14,6,8,14
172608,14,11,5,0,0,0,3,0,3,0,3,3
172644,1,412,1,7488,11343,3185,4225,18831,7410,10673,15568,26241
172644,1,112,2,5314,8093,1876,2220,13407,4096,7190,10313,17503
172644,1,312,5,2174,3250,1309,2005,5424,3314,3483,5255,8738
172644,2,999,1,5548,8684,1199,1526,14232,2725,6747,10210,16957
172644,2,999,2,4806,7410,1033,1194,12216,2227,5839,8604,14443
172644,2,999,5,742,1274,166,332,2016,498,908,1606,2514
172644,3,1,1,192,339,27,40,531,67,219,379,598
172644,3,1,2,192,339,27,40,531,67,219,379,598
172644,4,2,1,1902,3184,112,128,5086,240,2014,3312,5326
172644,4,2,2,1902,3182,112,128,5084,240,2014,3310,5324
172644,4,2,5,0,2,0,0,2,0,0,2,2
172644,5,3,1,1792,2806,292,358,4598,650,2084,3164,5248
172644,5,3,2,1748,2704,288,346,4452,634,2036,3050,5086
172644,5,3,5,44,102,4,12,146,16,48,114,162
172644,6,4,1,1662,2355,768,1000,4017,1768,2430,3355,5785
172644,6,4,2,964,1185,606,680,2149,1286,1570,1865,3435
172644,6,4,5,698,1170,162,320,1868,482,860,1490,2350
172644,7,999,1,1940,2659,1986,2699,4599,4685,3926,5358,9284
172644,7,999,2,508,683,843,1026,1191,1869,1351,1709,3060
172644,7,999,5,1432,1976,1143,1673,3408,2816,2575,3649,6224
172644,8,5,1,1175,1636,932,1163,2811,2095,2107,2799,4906
172644,8,5,2,337,434,441,477,771,918,778,911,1689
172644,8,5,5,838,1202,491,686,2040,1177,1329,1888,3217
172644,9,6,1,425,504,464,525,929,989,889,1029,1918
172644,9,6,2,101,129,159,201,230,360,260,330,590
172644,9,6,5,324,375,305,324,699,629,629,699,1328
172644,10,7,1,153,214,236,293,367,529,389,507,896
172644,10,7,2,31,49,91,96,80,187,122,145,267
172644,10,7,5,122,165,145,197,287,342,267,362,629
172644,11,8,1,126,214,221,439,340,660,347,653,1000
172644,11,8,2,27,54,86,136,81,222,113,190,303
172644,11,8,5,99,160,135,303,259,438,234,463,697
172644,12,9,1,50,82,104,242,132,346,154,324,478
172644,12,9,2,9,16,51,96,25,147,60,112,172
172644,12,9,5,41,66,53,146,107,199,94,212,306
172644,13,10,1,11,9,29,37,20,66,40,46,86
172644,13,10,2,3,1,15,20,4,35,18,21,39
172644,13,10,5,8,8,14,17,16,31,22,25,47
172680,1,412,1,3,56,3,42,59,45,6,98,104
172680,1,112,2,3,56,3,42,59,45,6,98,104
172680,2,999,1,2,46,3,36,48,39,5,82,87
172680,2,999,2,2,46,3,36,48,39,5,82,87
172680,4,2,1,1,20,0,9,21,9,1,29,30
172680,4,2,2,1,20,0,9,21,9,1,29,30
172680,5,3,1,0,19,2,17,19,19,2,36,38
172680,5,3,2,0,19,2,17,19,19,2,36,38
172680,6,4,1,1,7,1,10,8,11,2,17,19
172680,6,4,2,1,7,1,10,8,11,2,17,19
172680,7,999,1,1,10,0,6,11,6,1,16,17
172680,7,999,2,1,10,0,6,11,6,1,16,17
172680,8,5,1,1,4,0,3,5,3,1,7,8
172680,8,5,2,1,4,0,3,5,3,1,7,8
172680,9,6,1,0,2,0,1,2,1,0,3,3
172680,9,6,2,0,2,0,1,2,1,0,3,3
172680,10,7,1,0,1,0,1,1,1,0,2,2
172680,10,7,2,0,1,0,1,1,1,0,2,2
172680,11,8,1,0,2,0,1,2,1,0,3,3
172680,11,8,2,0,2,0,1,2,1,0,3,3
172680,13,10,1,0,1,0,0,1,0,0,1,1
172680,13,10,2,0,1,0,0,1,0,0,1,1
172699,1,412,1,6938,7277,2608,3064,14215,5672,9546,10341,19887
172699,1,112,2,6657,6639,1417,1256,13296,2673,8074,7895,15969
172699,1,312,5,281,638,1191,1808,919,2999,1472,2446,3918
172699,2,999,1,6270,6667,1247,1151,12937,2398,7517,7818,15335
172699,2,999,2,6158,6314,1014,791,12472,1805,7172,7105,14277
172699,2,999,5,112,353,233,360,465,593,345,713,1058
172699,3,1,1,72,133,83,110,205,193,155,243,398
172699,3,1,2,72,133,83,110,205,193,155,243,398
172699,4,2,1,2239,2429,139,110,4668,249,2378,2539,4917
172699,4,2,2,2239,2429,139,110,4668,249,2378,2539,4917
172699,5,3,1,2502,2724,291,251,5226,542,2793,2975,5768
172699,5,3,2,2502,2700,288,237,5202,525,2790,2937,5727
172699,5,3,5,0,24,3,14,24,17,3,38,41
172699,6,4,1,1457,1381,734,680,2838,1414,2191,2061,4252
172699,6,4,2,1345,1052,504,334,2397,838,1849,1386,3235
172699,6,4,5,112,329,230,346,441,576,342,675,1017
172699,7,999,1,668,610,1361,1913,1278,3274,2029,2523,4552
172699,7,999,2,499,325,403,465,824,868,902,790,1692
172699,7,999,5,169,285,958,1448,454,2406,1127,1733,2860
172699,8,5,1,483,380,620,797,863,1417,1103,1177,2280
172699,8,5,2,384,208,238,217,592,455,622,425,1047
172699,8,5,5,99,172,382,580,271,962,481,752,1233
172699,9,6,1,110,116,332,369,226,701,442,485,927
172699,9,6,2,69,60,87,76,129,163,156,136,292
172699,9,6,5,41,56,245,293,97,538,286,349,635
172699,10,7,1,35,53,165,258,88,423,200,311,511
172699,10,7,2,22,30,31,54,52,85,53,84,137
172699,10,7,5,13,23,134,204,36,338,147,227,374
172699,11,8,1,32,44,162,312,76,474,194,356,550
172699,11,8,2,20,22,32,70,42,102,52,92,144
172699,11,8,5,12,22,130,242,34,372,142,264,406
172699,12,9,1,8,15,75,167,23,242,83,182,265
172699,12,9,2,4,4,14,45,8,59,18,49,67
172699,12,9,5,4,11,61,122,15,183,65,133,198
172699,13,10,1,0,2,7,10,2,17,7,12,19
172699,13,10,2,0,1,1,3,1,4,1,4,5
172699,13,10,5,0,1,6,7,1,13,6,8,14
172866,1,412,1,76,11,7,1,87,8,83,12,95
172866,1,112,2,76,11,7,1,87,8,83,12,95
172866,2,999,1,36,2,5,0,38,5,41,2,43
172866,2,999,2,36,2,5,0,38,5,41,2,43
172866,3,1,1,0,0,1,0,0,1,1,0,1
172866,3,1,2,0,0,1,0,0,1,1,0,1
172866,4,2,1,3,0,2,0,3,2,5,0,5
172866,4,2,2,3,0,2,0,3,2,5,0,5
172866,5,3,1,11,1,2,0,12,2,13,1,14
172866,5,3,2,11,1,2,0,12,2,13,1,14
172866,6,4,1,22,1,0,0,23,0,22,1,23
172866,6,4,2,22,1,0,0,23,0,22,1,23
172866,7,999,1,40,9,2,1,49,3,42,10,52
172866,7,999,2,40,9,2,1,49,3,42,10,52
172866,8,5,1,21,3,1,1,24,2,22,4,26
172866,8,5,2,21,3,1,1,24,2,22,4,26
172866,9,6,1,10,3,1,0,13,1,11,3,14
172866,9,6,2,10,3,1,0,13,1,11,3,14
172866,10,7,1,5,1,0,0,6,0,5,1,6
172866,10,7,2,5,1,0,0,6,0,5,1,6
172866,11,8,1,4,2,0,0,6,0,4,2,6
172866,11,8,2,4,2,0,0,6,0,4,2,6
173045,1,412,1,1127,1665,185,369,2792,554,1312,2034,3346
173045,1,112,2,959,1243,118,192,2202,310,1077,1435,2512
173045,1,312,5,168,422,67,177,590,244,235,599,834
173045,2,999,1,894,1235,34,46,2129,80,928,1281,2209
173045,2,999,2,872,1154,33,39,2026,72,905,1193,2098
173045,2,999,5,22,81,1,7,103,8,23,88,111
173045,3,1,1,4,14,0,0,18,0,4,14,18
173045,3,1,2,4,14,0,0,18,0,4,14,18
173045,4,2,1,381,587,1,1,968,2,382,588,970
173045,4,2,2,381,587,1,1,968,2,382,588,970
173045,5,3,1,316,409,8,8,725,16,324,417,741
173045,5,3,2,316,406,8,8,722,16,324,414,738
173045,5,3,5,0,3,0,0,3,0,0,3,3
173045,6,4,1,193,225,25,37,418,62,218,262,480
173045,6,4,2,171,147,24,30,318,54,195,177,372
173045,6,4,5,22,78,1,7,100,8,23,85,108
173045,7,999,1,233,430,151,323,663,474,384,753,1137
173045,7,999,2,87,89,85,153,176,238,172,242,414
173045,7,999,5,146,341,66,170,487,236,212,511,723
173045,8,5,1,116,198,45,91,314,136,161,289,450
173045,8,5,2,64,56,27,44,120,71,91,100,191
173045,8,5,5,52,142,18,47,194,65,70,189,259
173045,9,6,1,55,111,36,70,166,106,91,181,272
173045,9,6,2,14,17,17,34,31,51,31,51,82
173045,9,6,5,41,94,19,36,135,55,60,130,190
173045,10,7,1,28,43,23,59,71,82,51,102,153
173045,10,7,2,4,8,15,28,12,43,19,36,55
173045,10,7,5,24,35,8,31,59,39,32,66,98
173045,11,8,1,23,59,32,60,82,92,55,119,174
173045,11,8,2,5,6,19,35,11,54,24,41,65
173045,11,8,5,18,53,13,25,71,38,31,78,109
173045,12,9,1,9,19,14,40,28,54,23,59,82
173045,12,9,2,0,2,7,12,2,19,7,14,21
173045,12,9,5,9,17,7,28,26,35,16,45,61
173045,13,10,1,2,0,1,3,2,4,3,3,6
173045,13,10,5,2,0,1,3,2,4,3,3,6
173142,1,412,1,301,332,51,85,633,136,352,417,769
173142,1,112,2,301,332,51,85,633,136,352,417,769
173142,2,999,1,291,321,46,79,612,125,337,400,737
173142,2,999,2,291,321,46,79,612,125,337,400,737
173142,3,1,1,4,5,32,64,9,96,36,69,105
173142,3,1,2,4,5,32,64,9,96,36,69,105
173142,4,2,1,107,135,9,12,242,21,116,147,263
173142,4,2,2,107,135,9,12,242,21,116,147,263
173142,5,3,1,125,143,3,2,268,5,128,145,273
173142,5,3,2,125,143,3,2,268,5,128,145,273
173142,6,4,1,55,38,2,1,93,3,57,39,96
173142,6,4,2,55,38,2,1,93,3,57,39,96
173142,7,999,1,6,7,3,5,13,8,9,12,21
173142,7,999,2,6,7,3,5,13,8,9,12,21
173142,8,5,1,5,4,3,3,9,6,8,7,15
173142,8,5,2,5,4,3,3,9,6,8,7,15
173142,9,6,1,1,1,0,1,2,1,1,2,3
173142,9,6,2,1,1,0,1,2,1,1,2,3
173142,10,7,1,0,1,0,0,1,0,0,1,1
173142,10,7,2,0,1,0,0,1,0,0,1,1
173142,12,9,1,0,1,0,1,1,1,0,2,2
173142,12,9,2,0,1,0,1,1,1,0,2,2
173142,14,11,1,4,4,2,1,8,3,6,5,11
173142,14,11,2,4,4,2,1,8,3,6,5,11
173160,1,412,1,969,1738,418,689,2707,1107,1387,2427,3814
173160,1,112,2,886,1427,133,276,2313,409,1019,1703,2722
173160,1,312,5,83,311,285,413,394,698,368,724,1092
173160,2,999,1,882,1474,55,135,2356,190,937,1609,2546
173160,2,999,2,865,1373,44,105,2238,149,909,1478,2387
173160,2,999,5,17,101,11,30,118,41,28,131,159
173160,3,1,1,50,96,14,44,146,58,64,140,204
173160,3,1,2,50,96,14,44,146,58,64,140,204
173160,4,2,1,338,562,6,10,900,16,344,572,916
173160,4,2,2,338,562,6,10,900,16,344,572,916
173160,5,3,1,377,640,9,18,1017,27,386,658,1044
173160,5,3,2,376,632,9,18,1008,27,385,650,1035
173160,5,3,5,1,8,0,0,9,0,1,8,9
173160,6,4,1,117,176,26,63,293,89,143,239,382
173160,6,4,2,101,83,15,33,184,48,116,116,232
173160,6,4,5,16,93,11,30,109,41,27,123,150
173160,7,999,1,87,264,363,554,351,917,450,818,1268
173160,7,999,2,21,54,89,171,75,260,110,225,335
173160,7,999,5,66,210,274,383,276,657,340,593,933
173160,8,5,1,33,118,74,136,151,210,107,254,361
173160,8,5,2,11,25,25,41,36,66,36,66,102
173160,8,5,5,22,93,49,95,115,144,71,188,259
173160,9,6,1,24,56,76,94,80,170,100,150,250
173160,9,6,2,3,15,20,39,18,59,23,54,77
173160,9,6,5,21,41,56,55,62,111,77,96,173
173160,10,7,1,6,35,63,81,41,144,69,116,185
173160,10,7,2,0,7,14,36,7,50,14,43,57
173160,10,7,5,6,28,49,45,34,94,55,73,128
173160,11,8,1,16,31,86,154,47,240,102,185,287
173160,11,8,2,6,3,15,38,9,53,21,41,62
173160,11,8,5,10,28,71,116,38,187,81,144,225
173160,12,9,1,7,23,57,83,30,140,64,106,170
173160,12,9,2,1,4,15,17,5,32,16,21,37
173160,12,9,5,6,19,42,66,25,108,48,85,133
173160,13,10,1,1,1,7,6,2,13,8,7,15
173160,13,10,5,1,1,7,6,2,13,8,7,15
173258,1,412,1,919,999,8,14,1918,22,927,1013,1940
173258,1,112,2,919,999,8,14,1918,22,927,1013,1940
173258,2,999,1,919,998,6,12,1917,18,925,1010,1935
173258,2,999,2,919,998,6,12,1917,18,925,1010,1935
173258,3,1,1,10,15,0,1,25,1,10,16,26
173258,3,1,2,10,15,0,1,25,1,10,16,26
173258,4,2,1,411,465,0,3,876,3,411,468,879
173258,4,2,2,411,465,0,3,876,3,411,468,879
173258,5,3,1,443,476,2,4,919,6,445,480,925
173258,5,3,2,443,476,2,4,919,6,445,480,925
173258,6,4,1,55,42,4,4,97,8,59,46,105
173258,6,4,2,55,42,4,4,97,8,59,46,105
173258,7,999,1,0,1,2,2,1,4,2,3,5
173258,7,999,2,0,1,2,2,1,4,2,3,5
173258,8,5,1,0,1,1,1,1,2,1,2,3
173258,8,5,2,0,1,1,1,1,2,1,2,3
173258,12,9,1,0,0,1,1,0,2,1,1,2
173258,12,9,2,0,0,1,1,0,2,1,1,2
173300,1,412,1,783,1107,26,57,1890,83,809,1164,1973
173300,1,112,2,783,1107,23,30,1890,53,806,1137,1943
173300,1,312,5,0,0,3,27,0,30,3,27,30
173300,2,999,1,778,1096,22,39,1874,61,800,1135,1935
173300,2,999,2,778,1096,20,27,1874,47,798,1123,1921
173300,2,999,5,0,0,2,12,0,14,2,12,14
173300,3,1,1,4,13,6,14,17,20,10,27,37
173300,3,1,2,4,13,6,14,17,20,10,27,37
173300,4,2,1,353,502,6,4,855,10,359,506,865
173300,4,2,2,353,502,6,4,855,10,359,506,865
173300,5,3,1,343,527,5,4,870,9,348,531,879
173300,5,3,2,343,527,5,4,870,9,348,531,879
173300,6,4,1,78,54,5,17,132,22,83,71,154
173300,6,4,2,78,54,3,5,132,8,81,59,140
173300,6,4,5,0,0,2,12,0,14,2,12,14
173300,7,999,1,5,11,4,18,16,22,9,29,38
173300,7,999,2,5,11,3,3,16,6,8,14,22
173300,7,999,5,0,0,1,15,0,16,1,15,16
173300,8,5,1,3,9,2,7,12,9,5,16,21
173300,8,5,2,3,9,1,1,12,2,4,10,14
173300,8,5,5,0,0,1,6,0,7,1,6,7
173300,9,6,1,0,1,0,3,1,3,0,4,4
173300,9,6,2,0,1,0,1,1,1,0,2,2
173300,9,6,5,0,0,0,2,0,2,0,2,2
173300,10,7,1,2,1,0,2,3,2,2,3,5
173300,10,7,2,2,1,0,1,3,1,2,2,4
173300,10,7,5,0,0,0,1,0,1,0,1,1
173300,11,8,1,0,0,0,6,0,6,0,6,6
173300,11,8,5,0,0,0,6,0,6,0,6,6
173300,12,9,1,0,0,1,0,0,1,1,0,1
173300,12,9,2,0,0,1,0,0,1,1,0,1
173300,13,10,1,0,0,1,0,0,1,1,0,1
173300,13,10,2,0,0,1,0,0,1,1,0,1
173328,1,412,1,1435,2813,490,847,4248,1337,1925,3660,5585
173328,1,112,2,844,1549,429,756,2393,1185,1273,2305,3578
173328,1,312,5,591,1264,61,91,1855,152,652,1355,2007
173328,2,999,1,743,1296,160,293,2039,453,903,1589,2492
173328,2,999,2,635,1103,157,287,1738,444,792,1390,2182
173328,2,999,5,108,193,3,6,301,9,111,199,310
173328,3,1,1,42,89,70,125,131,195,112,214,326
173328,3,1,2,42,89,70,125,131,195,112,214,326
173328,4,2,1,232,366,16,27,598,43,248,393,641
173328,4,2,2,232,366,16,27,598,43,248,393,641
173328,5,3,1,210,311,17,38,521,55,227,349,576
173328,5,3,2,207,307,17,38,514,55,224,345,569
173328,5,3,5,3,4,0,0,7,0,3,4,7
173328,6,4,1,259,530,57,103,789,160,316,633,949
173328,6,4,2,154,341,54,97,495,151,208,438,646
173328,6,4,5,105,189,3,6,294,9,108,195,303
173328,7,999,1,690,1516,327,553,2206,880,1017,2069,3086
173328,7,999,2,207,446,269,468,653,737,476,914,1390
173328,7,999,5,483,1070,58,85,1553,143,541,1155,1696
173328,8,5,1,287,625,97,179,912,276,384,804,1188
173328,8,5,2,101,212,85,164,313,249,186,376,562
173328,8,5,5,186,413,12,15,599,27,198,428,626
173328,9,6,1,178,347,90,118,525,208,268,465,733
173328,9,6,2,55,114,80,100,169,180,135,214,349
173328,9,6,5,123,233,10,18,356,28,133,251,384
173328,10,7,1,116,220,61,84,336,145,177,304,481
173328,10,7,2,28,63,48,73,91,121,76,136,212
173328,10,7,5,88,157,13,11,245,24,101,168,269
173328,11,8,1,78,243,54,124,321,178,132,367,499
173328,11,8,2,16,49,41,93,65,134,57,142,199
173328,11,8,5,62,194,13,31,256,44,75,225,300
173328,12,9,1,31,78,23,48,109,71,54,126,180
173328,12,9,2,7,8,13,38,15,51,20,46,66
173328,12,9,5,24,70,10,10,94,20,34,80,114
173328,13,10,1,0,3,2,0,3,2,2,3,5
173328,13,10,2,0,0,2,0,0,2,2,0,2
173328,13,10,5,0,3,0,0,3,0,0,3,3
173328,14,11,1,2,1,3,1,3,4,5,2,7
173328,14,11,2,2,0,3,1,2,4,5,1,6
173328,14,11,5,0,1,0,0,1,0,0,1,1
173647,1,412,1,917,1303,7,3,2220,10,924,1306,2230
173647,1,112,2,917,1303,7,3,2220,10,924,1306,2230
173647,2,999,1,914,1303,7,3,2217,10,921,1306,2227
173647,2,999,2,914,1303,7,3,2217,10,921,1306,2227
173647,3,1,1,3,8,0,0,11,0,3,8,11
173647,3,1,2,3,8,0,0,11,0,3,8,11
173647,4,2,1,427,641,0,0,1068,0,427,641,1068
173647,4,2,2,427,641,0,0,1068,0,427,641,1068
173647,5,3,1,392,602,3,3,994,6,395,605,1000
173647,5,3,2,392,602,3,3,994,6,395,605,1000
173647,6,4,1,92,52,4,0,144,4,96,52,148
173647,6,4,2,92,52,4,0,144,4,96,52,148
173647,7,999,1,3,0,0,0,3,0,3,0,3
173647,7,999,2,3,0,0,0,3,0,3,0,3
173647,8,5,1,2,0,0,0,2,0,2,0,2
173647,8,5,2,2,0,0,0,2,0,2,0,2
173647,10,7,1,1,0,0,0,1,0,1,0,1
173647,10,7,2,1,0,0,0,1,0,1,0,1
173665,1,412,1,685,1213,353,862,1898,1215,1038,2075,3113
173665,1,112,2,680,1181,26,38,1861,64,706,1219,1925
173665,1,312,5,5,32,327,824,37,1151,332,856,1188
173665,2,999,1,643,1150,50,121,1793,171,693,1271,1964
173665,2,999,2,641,1138,18,25,1779,43,659,1163,1822
173665,2,999,5,2,12,32,96,14,128,34,108,142
173665,3,1,1,5,7,5,9,12,14,10,16,26
173665,3,1,2,5,7,5,9,12,14,10,16,26
173665,4,2,1,264,552,1,1,816,2,265,553,818
173665,4,2,2,264,552,1,1,816,2,265,553,818
173665,5,3,1,276,483,1,8,759,9,277,491,768
173665,5,3,2,276,483,1,5,759,6,277,488,765
173665,5,3,5,0,0,0,3,0,3,0,3,3
173665,6,4,1,98,108,43,103,206,146,141,211,352
173665,6,4,2,96,96,11,10,192,21,107,106,213
173665,6,4,5,2,12,32,93,14,125,34,105,139
173665,7,999,1,42,63,302,738,105,1040,344,801,1145
173665,7,999,2,39,43,7,13,82,20,46,56,102
173665,7,999,5,3,20,295,725,23,1020,298,745,1043
173665,8,5,1,23,37,91,253,60,344,114,290,404
173665,8,5,2,23,26,4,7,49,11,27,33,60
173665,8,5,5,0,11,87,246,11,333,87,257,344
173665,9,6,1,9,14,66,141,23,207,75,155,230
173665,9,6,2,9,12,1,1,21,2,10,13,23
173665,9,6,5,0,2,65,140,2,205,65,142,207
173665,10,7,1,2,3,53,125,5,178,55,128,183
173665,10,7,2,1,2,1,0,3,1,2,2,4
173665,10,7,5,1,1,52,125,2,177,53,126,179
173665,11,8,1,5,5,67,129,10,196,72,134,206
173665,11,8,2,3,3,0,3,6,3,3,6,9
173665,11,8,5,2,2,67,126,4,193,69,128,197
173665,12,9,1,3,4,25,84,7,109,28,88,116
173665,12,9,2,3,0,1,1,3,2,4,1,5
173665,12,9,5,0,4,24,83,4,107,24,87,111
173665,13,10,1,0,0,0,6,0,6,0,6,6
173665,13,10,2,0,0,0,1,0,1,0,1,1
173665,13,10,5,0,0,0,5,0,5,0,5,5
173665,14,11,1,0,0,1,3,0,4,1,3,4
173665,14,11,2,0,0,1,0,0,1,1,0,1
173665,14,11,5,0,0,0,3,0,3,0,3,3
173683,1,412,1,35,76,17,46,111,63,52,122,174
173683,1,312,5,35,76,17,46,111,63,52,122,174
173683,2,999,1,4,14,1,2,18,3,5,16,21
173683,2,999,5,4,14,1,2,18,3,5,16,21
173683,6,4,1,4,14,1,2,18,3,5,16,21
173683,6,4,5,4,14,1,2,18,3,5,16,21
173683,7,999,1,31,62,16,44,93,60,47,106,153
173683,7,999,5,31,62,16,44,93,60,47,106,153
173683,8,5,1,4,15,1,6,19,7,5,21,26
173683,8,5,5,4,15,1,6,19,7,5,21,26
173683,9,6,1,3,7,0,8,10,8,3,15,18
173683,9,6,5,3,7,0,8,10,8,3,15,18
173683,10,7,1,2,10,2,7,12,9,4,17,21
173683,10,7,5,2,10,2,7,12,9,4,17,21
173683,11,8,1,9,12,3,7,21,10,12,19,31
173683,11,8,5,9,12,3,7,21,10,12,19,31
173683,12,9,1,13,18,10,15,31,25,23,33,56
173683,12,9,5,13,18,10,15,31,25,23,33,56
173683,13,10,1,0,0,0,1,0,1,0,1,1
173683,13,10,5,0,0,0,1,0,1,0,1,1
173902,1,412,1,830,1182,13,24,2012,37,843,1206,2049
173902,1,112,2,830,1182,13,24,2012,37,843,1206,2049
173902,2,999,1,829,1181,13,24,2010,37,842,1205,2047
173902,2,999,2,829,1181,13,24,2010,37,842,1205,2047
173902,3,1,1,13,21,0,0,34,0,13,21,34
173902,3,1,2,13,21,0,0,34,0,13,21,34
173902,4,2,1,379,537,1,0,916,1,380,537,917
173902,4,2,2,379,537,1,0,916,1,380,537,917
173902,5,3,1,400,569,10,20,969,30,410,589,999
173902,5,3,2,400,569,10,20,969,30,410,589,999
173902,6,4,1,37,54,2,4,91,6,39,58,97
173902,6,4,2,37,54,2,4,91,6,39,58,97
173902,7,999,1,1,1,0,0,2,0,1,1,2
173902,7,999,2,1,1,0,0,2,0,1,1,2
173902,8,5,1,1,1,0,0,2,0,1,1,2
173902,8,5,2,1,1,0,0,2,0,1,1,2
174066,1,412,1,17384,21014,6216,7403,38398,13619,23600,28417,52017
174066,1,112,2,13463,15526,3131,3941,28989,7072,16594,19467,36061
174066,1,312,5,3921,5488,3085,3462,9409,6547,7006,8950,15956
174066,2,999,1,13946,17267,2731,3516,31213,6247,16677,20783,37460
174066,2,999,2,12750,15148,2355,3141,27898,5496,15105,18289,33394
174066,2,999,5,1196,2119,376,375,3315,751,1572,2494,4066
174066,3,1,1,212,284,1308,1969,496,3277,1520,2253,3773
174066,3,1,2,212,284,1308,1969,496,3277,1520,2253,3773
174066,4,2,1,5192,6374,217,267,11566,484,5409,6641,12050
174066,4,2,2,5192,6373,217,267,11565,484,5409,6640,12049
174066,4,2,5,0,1,0,0,1,0,0,1,1
174066,5,3,1,5671,7156,328,400,12827,728,5999,7556,13555
174066,5,3,2,5605,7034,320,391,12639,711,5925,7425,13350
174066,5,3,5,66,122,8,9,188,17,74,131,205
174066,6,4,1,2871,3453,878,880,6324,1758,3749,4333,8082
174066,6,4,2,1741,1457,510,514,3198,1024,2251,1971,4222
174066,6,4,5,1130,1996,368,366,3126,734,1498,2362,3860
174066,7,999,1,3438,3747,3481,3886,7185,7367,6919,7633,14552
174066,7,999,2,713,378,773,799,1091,1572,1486,1177,2663
174066,7,999,5,2725,3369,2708,3087,6094,5795,5433,6456,11889
174066,8,5,1,2079,2446,1443,1475,4525,2918,3522,3921,7443
174066,8,5,2,454,246,253,230,700,483,707,476,1183
174066,8,5,5,1625,2200,1190,1245,3825,2435,2815,3445,6260
174066,9,6,1,883,817,853,889,1700,1742,1736,1706,3442
174066,9,6,2,157,79,120,123,236,243,277,202,479
174066,9,6,5,726,738,733,766,1464,1499,1459,1504,2963
174066,10,7,1,270,250,422,526,520,948,692,776,1468
174066,10,7,2,57,23,62,69,80,131,119,92,211
174066,10,7,5,213,227,360,457,440,817,573,684,1257
174066,11,8,1,167,188,335,491,355,826,502,679,1181
174066,11,8,2,32,21,59,83,53,142,91,104,195
174066,11,8,5,135,167,276,408,302,684,411,575,986
174066,12,9,1,32,43,203,308,75,511,235,351,586
174066,12,9,2,9,7,82,122,16,204,91,129,220
174066,12,9,5,23,36,121,186,59,307,144,222,366
174066,13,10,1,7,3,225,197,10,422,232,200,432
174066,13,10,2,4,2,197,172,6,369,201,174,375
174066,13,10,5,3,1,28,25,4,53,31,26,57
174066,14,11,1,0,0,4,1,0,5,4,1,5
174066,14,11,2,0,0,3,1,0,4,3,1,4
174066,14,11,5,0,0,1,0,0,1,1,0,1
174075,1,412,1,493,635,582,820,1128,1402,1075,1455,2530
174075,1,112,2,493,635,582,820,1128,1402,1075,1455,2530
174075,2,999,1,365,473,315,512,838,827,680,985,1665
174075,2,999,2,365,473,315,512,838,827,680,985,1665
174075,3,1,1,20,17,228,419,37,647,248,436,684
174075,3,1,2,20,17,228,419,37,647,248,436,684
174075,4,2,1,102,191,43,43,293,86,145,234,379
174075,4,2,2,102,191,43,43,293,86,145,234,379
174075,5,3,1,131,174,10,13,305,23,141,187,328
174075,5,3,2,131,174,10,13,305,23,141,187,328
174075,6,4,1,112,91,34,37,203,71,146,128,274
174075,6,4,2,112,91,34,37,203,71,146,128,274
174075,7,999,1,128,162,263,305,290,568,391,467,858
174075,7,999,2,128,162,263,305,290,568,391,467,858
174075,8,5,1,50,59,62,79,109,141,112,138,250
174075,8,5,2,50,59,62,79,109,141,112,138,250
174075,9,6,1,32,44,66,60,76,126,98,104,202
174075,9,6,2,32,44,66,60,76,126,98,104,202
174075,10,7,1,30,35,58,63,65,121,88,98,186
174075,10,7,2,30,35,58,63,65,121,88,98,186
174075,11,8,1,13,21,58,71,34,129,71,92,163
174075,11,8,2,13,21,58,71,34,129,71,92,163
174075,12,9,1,3,3,18,26,6,44,21,29,50
174075,12,9,2,3,3,18,26,6,44,21,29,50
174075,13,10,1,0,0,1,6,0,7,1,6,7
174075,13,10,2,0,0,1,6,0,7,1,6,7
174075,14,11,1,0,0,4,3,0,7,4,3,7
174075,14,11,2,0,0,4,3,0,7,4,3,7
174127,1,412,1,201,466,25,68,667,93,226,534,760
174127,1,112,2,194,450,9,17,644,26,203,467,670
174127,1,312,5,7,16,16,51,23,67,23,67,90
174127,2,999,1,176,435,5,20,611,25,181,455,636
174127,2,999,2,175,428,4,14,603,18,179,442,621
174127,2,999,5,1,7,1,6,8,7,2,13,15
174127,3,1,1,0,3,2,8,3,10,2,11,13
174127,3,1,2,0,3,2,8,3,10,2,11,13
174127,4,2,1,79,174,1,3,253,4,80,177,257
174127,4,2,2,79,174,1,3,253,4,80,177,257
174127,5,3,1,69,186,0,0,255,0,69,186,255
174127,5,3,2,69,186,0,0,255,0,69,186,255
174127,6,4,1,28,72,2,9,100,11,30,81,111
174127,6,4,2,27,65,1,3,92,4,28,68,96
174127,6,4,5,1,7,1,6,8,7,2,13,15
174127,7,999,1,25,31,20,48,56,68,45,79,124
174127,7,999,2,19,22,5,3,41,8,24,25,49
174127,7,999,5,6,9,15,45,15,60,21,54,75
174127,8,5,1,10,24,5,15,34,20,15,39,54
174127,8,5,2,8,18,1,2,26,3,9,20,29
174127,8,5,5,2,6,4,13,8,17,6,19,25
174127,9,6,1,9,4,4,18,13,22,13,22,35
174127,9,6,2,6,2,2,1,8,3,8,3,11
174127,9,6,5,3,2,2,17,5,19,5,19,24
174127,10,7,1,2,0,4,2,2,6,6,2,8
174127,10,7,2,2,0,1,0,2,1,3,0,3
174127,10,7,5,0,0,3,2,0,5,3,2,5
174127,11,8,1,4,2,6,6,6,12,10,8,18
174127,11,8,2,3,2,1,0,5,1,4,2,6
174127,11,8,5,1,0,5,6,1,11,6,6,12
174127,12,9,1,0,1,1,7,1,8,1,8,9
174127,12,9,5,0,1,1,7,1,8,1,8,9
174190,1,412,1,5,89,6,49,94,55,11,138,149
174190,1,112,2,5,89,6,49,94,55,11,138,149
174190,2,999,1,2,56,1,16,58,17,3,72,75
174190,2,999,2,2,56,1,16,58,17,3,72,75
174190,4,2,1,2,5,0,1,7,1,2,6,8
174190,4,2,2,2,5,0,1,7,1,2,6,8
174190,5,3,1,0,22,1,4,22,5,1,26,27
174190,5,3,2,0,22,1,4,22,5,1,26,27
174190,6,4,1,0,29,0,11,29,11,0,40,40
174190,6,4,2,0,29,0,11,29,11,0,40,40
174190,7,999,1,3,33,5,33,36,38,8,66,74
174190,7,999,2,3,33,5,33,36,38,8,66,74
174190,8,5,1,3,20,2,16,23,18,5,36,41
174190,8,5,2,3,20,2,16,23,18,5,36,41
174190,9,6,1,0,6,1,8,6,9,1,14,15
174190,9,6,2,0,6,1,8,6,9,1,14,15
174190,10,7,1,0,6,1,4,6,5,1,10,11
174190,10,7,2,0,6,1,4,6,5,1,10,11
174190,11,8,1,0,1,0,4,1,4,0,5,5
174190,11,8,2,0,1,0,4,1,4,0,5,5
174190,12,9,1,0,0,1,1,0,2,1,1,2
174190,12,9,2,0,0,1,1,0,2,1,1,2
174233,1,412,1,4279,4287,895,814,8566,1709,5174,5101,10275
174233,1,112,2,4042,3901,698,660,7943,1358,4740,4561,9301
174233,1,312,5,237,386,197,154,623,351,434,540,974
174233,2,999,1,4022,4044,670,627,8066,1297,4692,4671,9363
174233,2,999,2,3918,3818,611,598,7736,1209,4529,4416,8945
174233,2,999,5,104,226,59,29,330,88,163,255,418
174233,3,1,1,45,65,311,393,110,704,356,458,814
174233,3,1,2,45,65,311,393,110,704,356,458,814
174233,4,2,1,1549,1662,78,62,3211,140,1627,1724,3351
174233,4,2,2,1549,1662,78,62,3211,140,1627,1724,3351
174233,5,3,1,1700,1703,97,71,3403,168,1797,1774,3571
174233,5,3,2,1695,1689,93,68,3384,161,1788,1757,3545
174233,5,3,5,5,14,4,3,19,7,9,17,26
174233,6,4,1,728,614,184,101,1342,285,912,715,1627
174233,6,4,2,629,402,129,75,1031,204,758,477,1235
174233,6,4,5,99,212,55,26,311,81,154,238,392
174233,7,999,1,256,243,223,184,499,407,479,427,906
174233,7,999,2,123,83,86,59,206,145,209,142,351
174233,7,999,5,133,160,137,125,293,262,270,285,555
174233,8,5,1,174,155,117,80,329,197,291,235,526
174233,8,5,2,84,50,48,24,134,72,132,74,206
174233,8,5,5,90,105,69,56,195,125,159,161,320
174233,9,6,1,47,41,48,40,88,88,95,81,176
174233,9,6,2,24,20,13,10,44,23,37,30,67
174233,9,6,5,23,21,35,30,44,65,58,51,109
174233,10,7,1,14,13,25,16,27,41,39,29,68
174233,10,7,2,6,7,7,0,13,7,13,7,20
174233,10,7,5,8,6,18,16,14,34,26,22,48
174233,11,8,1,15,23,25,29,38,54,40,52,92
174233,11,8,2,6,4,13,12,10,25,19,16,35
174233,11,8,5,9,19,12,17,28,29,21,36,57
174233,12,9,1,5,11,4,13,16,17,9,24,33
174233,12,9,2,2,2,1,10,4,11,3,12,15
174233,12,9,5,3,9,3,3,12,6,6,12,18
174233,13,10,1,1,0,4,6,1,10,5,6,11
174233,13,10,2,1,0,4,3,1,7,5,3,8
174233,13,10,5,0,0,0,3,0,3,0,3,3
174233,14,11,1,1,0,2,3,1,5,3,3,6
174233,14,11,2,1,0,1,3,1,4,2,3,5
174233,14,11,5,0,0,1,0,0,1,1,0,1
174251,1,412,1,485,725,57,72,1210,129,542,797,1339
174251,1,112,2,485,725,57,72,1210,129,542,797,1339
174251,2,999,1,467,702,48,63,1169,111,515,765,1280
174251,2,999,2,467,702,48,63,1169,111,515,765,1280
174251,3,1,1,13,23,18,34,36,52,31,57,88
174251,3,1,2,13,23,18,34,36,52,31,57,88
174251,4,2,1,193,308,3,6,501,9,196,314,510
174251,4,2,2,193,308,3,6,501,9,196,314,510
174251,5,3,1,191,320,6,9,511,15,197,329,526
174251,5,3,2,191,320,6,9,511,15,197,329,526
174251,6,4,1,70,51,21,14,121,35,91,65,156
174251,6,4,2,70,51,21,14,121,35,91,65,156
174251,7,999,1,18,22,9,8,40,17,27,30,57
174251,7,999,2,18,22,9,8,40,17,27,30,57
174251,8,5,1,12,14,6,1,26,7,18,15,33
174251,8,5,2,12,14,6,1,26,7,18,15,33
174251,9,6,1,4,2,0,2,6,2,4,4,8
174251,9,6,2,4,2,0,2,6,2,4,4,8
174251,10,7,1,1,4,0,0,5,0,1,4,5
174251,10,7,2,1,4,0,0,5,0,1,4,5
174251,11,8,1,1,1,1,4,2,5,2,5,7
174251,11,8,2,1,1,1,4,2,5,2,5,7
174251,12,9,1,0,1,0,0,1,0,0,1,1
174251,12,9,2,0,1,0,0,1,0,0,1,1
174251,13,10,1,0,0,2,1,0,3,2,1,3
174251,13,10,2,0,0,2,1,0,3,2,1,3
174251,14,11,1,0,1,0,1,1,1,0,2,2
174251,14,11,2,0,1,0,1,1,1,0,2,2
174491,1,412,1,818,1279,515,894,2097,1409,1333,2173,3506
174491,1,112,2,814,1277,440,832,2091,1272,1254,2109,3363
174491,1,312,5,4,2,75,62,6,137,79,64,143
174491,2,999,1,787,1235,414,771,2022,1185,1201,2006,3207
174491,2,999,2,785,1235,401,760,2020,1161,1186,1995,3181
174491,2,999,5,2,0,13,11,2,24,15,11,26
174491,3,1,1,176,333,304,628,509,932,480,961,1441
174491,3,1,2,176,333,304,628,509,932,480,961,1441
174491,4,2,1,275,447,72,88,722,160,347,535,882
174491,4,2,2,275,447,72,88,722,160,347,535,882
174491,5,3,1,244,341,13,22,585,35,257,363,620
174491,5,3,2,244,341,10,21,585,31,254,362,616
174491,5,3,5,0,0,3,1,0,4,3,1,4
174491,6,4,1,92,114,25,33,206,58,117,147,264
174491,6,4,2,90,114,15,23,204,38,105,137,242
174491,6,4,5,2,0,10,10,2,20,12,10,22
174491,7,999,1,31,44,101,123,75,224,132,167,299
174491,7,999,2,29,42,39,72,71,111,68,114,182
174491,7,999,5,2,2,62,51,4,113,64,53,117
174491,8,5,1,20,21,29,39,41,68,49,60,109
174491,8,5,2,20,21,9,22,41,31,29,43,72
174491,8,5,5,0,0,20,17,0,37,20,17,37
174491,9,6,1,6,8,28,12,14,40,34,20,54
174491,9,6,2,6,8,13,9,14,22,19,17,36
174491,9,6,5,0,0,15,3,0,18,15,3,18
174491,10,7,1,2,6,19,12,8,31,21,18,39
174491,10,7,2,2,5,10,9,7,19,12,14,26
174491,10,7,5,0,1,9,3,1,12,9,4,13
174491,11,8,1,2,7,17,32,9,49,19,39,58
174491,11,8,2,1,6,4,20,7,24,5,26,31
174491,11,8,5,1,1,13,12,2,25,14,13,27
174491,12,9,1,0,2,7,24,2,31,7,26,33
174491,12,9,2,0,2,3,11,2,14,3,13,16
174491,12,9,5,0,0,4,13,0,17,4,13,17
174491,13,10,1,1,0,1,4,1,5,2,4,6
174491,13,10,2,0,0,0,1,0,1,0,1,1
174491,13,10,5,1,0,1,3,1,4,2,3,5
174507,1,412,1,281,389,164,298,670,462,445,687,1132
174507,1,112,2,42,101,66,170,143,236,108,271,379
174507,1,312,5,239,288,98,128,527,226,337,416,753
174507,2,999,1,147,219,31,94,366,125,178,313,491
174507,2,999,2,17,56,18,69,73,87,35,125,160
174507,2,999,5,130,163,13,25,293,38,143,188,331
174507,4,2,1,2,16,0,3,18,3,2,19,21
174507,4,2,2,2,15,0,3,17,3,2,18,20
174507,4,2,5,0,1,0,0,1,0,0,1,1
174507,5,3,1,13,26,2,20,39,22,15,46,61
174507,5,3,2,4,9,1,18,13,19,5,27,32
174507,5,3,5,9,17,1,2,26,3,10,19,29
174507,6,4,1,132,177,29,71,309,100,161,248,409
174507,6,4,2,11,32,17,48,43,65,28,80,108
174507,6,4,5,121,145,12,23,266,35,133,168,301
174507,7,999,1,134,169,133,201,303,334,267,370,637
174507,7,999,2,25,45,48,99,70,147,73,144,217
174507,7,999,5,109,124,85,102,233,187,194,226,420
174507,8,5,1,99,96,95,117,195,212,194,213,407
174507,8,5,2,13,24,24,45,37,69,37,69,106
174507,8,5,5,86,72,71,72,158,143,157,144,301
174507,9,6,1,23,37,24,37,60,61,47,74,121
174507,9,6,2,6,11,12,25,17,37,18,36,54
174507,9,6,5,17,26,12,12,43,24,29,38,67
174507,10,7,1,4,14,9,24,18,33,13,38,51
174507,10,7,2,1,6,8,13,7,21,9,19,28
174507,10,7,5,3,8,1,11,11,12,4,19,23
174507,11,8,1,6,18,5,15,24,20,11,33,44
174507,11,8,2,4,4,4,10,8,14,8,14,22
174507,11,8,5,2,14,1,5,16,6,3,19,22
174507,12,9,1,2,4,0,8,6,8,2,12,14
174507,12,9,2,1,0,0,6,1,6,1,6,7
174507,12,9,5,1,4,0,2,5,2,1,6,7
174507,14,11,1,0,1,0,3,1,3,0,4,4
174507,14,11,2,0,0,0,2,0,2,0,2,2
174507,14,11,5,0,1,0,1,1,1,0,2,2
174747,1,412,1,0,1655,0,13,1655,13,0,1668,1668
174747,1,112,2,0,1655,0,13,1655,13,0,1668,1668
174747,2,999,1,0,1655,0,9,1655,9,0,1664,1664
174747,2,999,2,0,1655,0,9,1655,9,0,1664,1664
174747,3,1,1,0,7,0,3,7,3,0,10,10
174747,3,1,2,0,7,0,3,7,3,0,10,10
174747,4,2,1,0,778,0,0,778,0,0,778,778
174747,4,2,2,0,778,0,0,778,0,0,778,778
174747,5,3,1,0,789,0,5,789,5,0,794,794
174747,5,3,2,0,789,0,5,789,5,0,794,794
174747,6,4,1,0,81,0,1,81,1,0,82,82
174747,6,4,2,0,81,0,1,81,1,0,82,82
174747,7,999,1,0,0,0,4,0,4,0,4,4
174747,7,999,2,0,0,0,4,0,4,0,4,4
174747,8,5,1,0,0,0,1,0,1,0,1,1
174747,8,5,2,0,0,0,1,0,1,0,1,1
174747,11,8,1,0,0,0,1,0,1,0,1,1
174747,11,8,2,0,0,0,1,0,1,0,1,1
174747,12,9,1,0,0,0,2,0,2,0,2,2
174747,12,9,2,0,0,0,2,0,2,0,2,2
174792,1,412,1,1567,19,62,20,1586,82,1629,39,1668
174792,1,112,2,1546,0,23,0,1546,23,1569,0,1569
174792,1,312,5,21,19,39,20,40,59,60,39,99
174792,2,999,1,1507,5,18,1,1512,19,1525,6,1531
174792,2,999,2,1505,0,16,0,1505,16,1521,0,1521
174792,2,999,5,2,5,2,1,7,3,4,6,10
174792,3,1,1,7,0,1,0,7,1,8,0,8
174792,3,1,2,7,0,1,0,7,1,8,0,8
174792,4,2,1,697,0,1,0,697,1,698,0,698
174792,4,2,2,697,0,1,0,697,1,698,0,698
174792,5,3,1,719,2,5,0,721,5,724,2,726
174792,5,3,2,719,0,5,0,719,5,724,0,724
174792,5,3,5,0,2,0,0,2,0,0,2,2
174792,6,4,1,84,3,11,1,87,12,95,4,99
174792,6,4,2,82,0,9,0,82,9,91,0,91
174792,6,4,5,2,3,2,1,5,3,4,4,8
174792,7,999,1,22,14,44,19,36,63,66,33,99
174792,7,999,2,3,0,7,0,3,7,10,0,10
174792,7,999,5,19,14,37,19,33,56,56,33,89
174792,8,5,1,4,6,5,1,10,6,9,7,16
174792,8,5,2,1,0,3,0,1,3,4,0,4
174792,8,5,5,3,6,2,1,9,3,5,7,12
174792,9,6,1,3,1,6,1,4,7,9,2,11
174792,9,6,2,1,0,0,0,1,0,1,0,1
174792,9,6,5,2,1,6,1,3,7,8,2,10
174792,10,7,1,7,1,9,0,8,9,16,1,17
174792,10,7,2,1,0,1,0,1,1,2,0,2
174792,10,7,5,6,1,8,0,7,8,14,1,15
174792,11,8,1,4,4,12,7,8,19,16,11,27
174792,11,8,2,0,0,3,0,0,3,3,0,3
174792,11,8,5,4,4,9,7,8,16,13,11,24
174792,12,9,1,4,2,10,8,6,18,14,10,24
174792,12,9,5,4,2,10,8,6,18,14,10,24
174792,13,10,1,0,0,2,2,0,4,2,2,4
174792,13,10,5,0,0,2,2,0,4,2,2,4
174792,14,11,1,38,0,0,0,38,0,38,0,38
174792,14,11,2,38,0,0,0,38,0,38,0,38
174914,1,412,1,3683,3523,1239,1347,7206,2586,4922,4870,9792
174914,1,112,2,3230,2896,120,87,6126,207,3350,2983,6333
174914,1,312,5,453,627,1119,1260,1080,2379,1572,1887,3459
174914,2,999,1,3295,3170,191,169,6465,360,3486,3339,6825
174914,2,999,2,3147,2865,71,41,6012,112,3218,2906,6124
174914,2,999,5,148,305,120,128,453,248,268,433,701
174914,3,1,1,14,22,1,0,36,1,15,22,37
174914,3,1,2,14,22,0,0,36,0,14,22,36
174914,3,1,5,0,0,1,0,0,1,1,0,1
174914,4,2,1,1324,1365,8,5,2689,13,1332,1370,2702
174914,4,2,2,1324,1365,8,5,2689,13,1332,1370,2702
174914,5,3,1,1469,1363,24,14,2832,38,1493,1377,2870
174914,5,3,2,1464,1346,21,13,2810,34,1485,1359,2844
174914,5,3,5,5,17,3,1,22,4,8,18,26
174914,6,4,1,488,420,158,150,908,308,646,570,1216
174914,6,4,2,345,132,42,23,477,65,387,155,542
174914,6,4,5,143,288,116,127,431,243,259,415,674
174914,7,999,1,388,353,1048,1178,741,2226,1436,1531,2967
174914,7,999,2,83,31,49,46,114,95,132,77,209
174914,7,999,5,305,322,999,1132,627,2131,1304,1454,2758
174914,8,5,1,215,209,382,420,424,802,597,629,1226
174914,8,5,2,58,25,18,6,83,24,76,31,107
174914,8,5,5,157,184,364,414,341,778,521,598,1119
174914,9,6,1,74,58,297,243,132,540,371,301,672
174914,9,6,2,19,3,8,9,22,17,27,12,39
174914,9,6,5,55,55,289,234,110,523,344,289,633
174914,10,7,1,35,36,145,160,71,305,180,196,376
174914,10,7,2,4,2,7,3,6,10,11,5,16
174914,10,7,5,31,34,138,157,65,295,169,191,360
174914,11,8,1,53,38,158,218,91,376,211,256,467
174914,11,8,2,1,1,8,12,2,20,9,13,22
174914,11,8,5,52,37,150,206,89,356,202,243,445
174914,12,9,1,11,12,63,131,23,194,74,143,217
174914,12,9,2,1,0,8,16,1,24,9,16,25
174914,12,9,5,10,12,55,115,22,170,65,127,192
174914,13,10,1,0,0,3,6,0,9,3,6,9
174914,13,10,5,0,0,3,6,0,9,3,6,9
174978,1,412,1,3,108,2,16,111,18,5,124,129
174978,1,112,2,3,108,2,16,111,18,5,124,129
174978,2,999,1,1,70,1,7,71,8,2,77,79
174978,2,999,2,1,70,1,7,71,8,2,77,79
174978,3,1,1,0,1,0,0,1,0,0,1,1
174978,3,1,2,0,1,0,0,1,0,0,1,1
174978,4,2,1,1,19,0,1,20,1,1,20,21
174978,4,2,2,1,19,0,1,20,1,1,20,21
174978,5,3,1,0,25,1,3,25,4,1,28,29
174978,5,3,2,0,25,1,3,25,4,1,28,29
174978,6,4,1,0,25,0,3,25,3,0,28,28
174978,6,4,2,0,25,0,3,25,3,0,28,28
174978,7,999,1,2,38,1,9,40,10,3,47,50
174978,7,999,2,2,38,1,9,40,10,3,47,50
174978,8,5,1,0,21,1,1,21,2,1,22,23
174978,8,5,2,0,21,1,1,21,2,1,22,23
174978,9,6,1,0,9,0,5,9,5,0,14,14
174978,9,6,2,0,9,0,5,9,5,0,14,14
174978,10,7,1,0,5,0,0,5,0,0,5,5
174978,10,7,2,0,5,0,0,5,0,0,5,5
174978,11,8,1,2,2,0,3,4,3,2,5,7
174978,11,8,2,2,2,0,3,4,3,2,5,7
174978,12,9,1,0,1,0,0,1,0,0,1,1
174978,12,9,2,0,1,0,0,1,0,0,1,1
175005,1,412,1,87,2278,186,1726,2365,1912,273,4004,4277
175005,1,112,2,32,1866,108,977,1898,1085,140,2843,2983
175005,1,312,5,55,412,78,749,467,827,133,1161,1294
175005,2,999,1,20,1636,34,413,1656,447,54,2049,2103
175005,2,999,2,2,1499,28,307,1501,335,30,1806,1836
175005,2,999,5,18,137,6,106,155,112,24,243,267
175005,3,1,1,0,7,3,25,7,28,3,32,35
175005,3,1,2,0,7,3,25,7,28,3,32,35
175005,4,2,1,0,575,0,14,575,14,0,589,589
175005,4,2,2,0,575,0,14,575,14,0,589,589
175005,5,3,1,3,657,6,68,660,74,9,725,734
175005,5,3,2,2,652,6,67,654,73,8,719,727
175005,5,3,5,1,5,0,1,6,1,1,6,7
175005,6,4,1,17,397,25,306,414,331,42,703,745
175005,6,4,2,0,265,19,201,265,220,19,466,485
175005,6,4,5,17,132,6,105,149,111,23,237,260
175005,7,999,1,67,642,152,1313,709,1465,219,1955,2174
175005,7,999,2,30,367,80,670,397,750,110,1037,1147
175005,7,999,5,37,275,72,643,312,715,109,918,1027
175005,8,5,1,35,312,54,427,347,481,89,739,828
175005,8,5,2,13,167,28,234,180,262,41,401,442
175005,8,5,5,22,145,26,193,167,219,48,338,386
175005,9,6,1,15,145,28,273,160,301,43,418,461
175005,9,6,2,6,85,17,147,91,164,23,232,255
175005,9,6,5,9,60,11,126,69,137,20,186,206
175005,10,7,1,7,92,29,217,99,246,36,309,345
175005,10,7,2,6,55,12,113,61,125,18,168,186
175005,10,7,5,1,37,17,104,38,121,18,141,159
175005,11,8,1,7,68,27,248,75,275,34,316,350
175005,11,8,2,3,44,19,118,47,137,22,162,184
175005,11,8,5,4,24,8,130,28,138,12,154,166
175005,12,9,1,3,23,14,141,26,155,17,164,181
175005,12,9,2,2,15,4,55,17,59,6,70,76
175005,12,9,5,1,8,10,86,9,96,11,94,105
175005,13,10,1,0,2,0,7,2,7,0,9,9
175005,13,10,2,0,1,0,3,1,3,0,4,4
175005,13,10,5,0,1,0,4,1,4,0,5,5
175014,1,412,1,269,1553,293,1812,1822,2105,562,3365,3927
175014,1,112,2,264,1506,288,1793,1770,2081,552,3299,3851
175014,1,312,5,5,47,5,19,52,24,10,66,76
175014,2,999,1,85,556,72,592,641,664,157,1148,1305
175014,2,999,2,85,554,72,592,639,664,157,1146,1303
175014,2,999,5,0,2,0,0,2,0,0,2,2
175014,3,1,1,0,0,1,76,0,77,1,76,77
175014,3,1,2,0,0,1,76,0,77,1,76,77
175014,4,2,1,14,56,2,50,70,52,16,106,122
175014,4,2,2,14,56,2,50,70,52,16,106,122
175014,5,3,1,20,157,19,165,177,184,39,322,361
175014,5,3,2,20,157,19,165,177,184,39,322,361
175014,6,4,1,51,343,50,301,394,351,101,644,745
175014,6,4,2,51,341,50,301,392,351,101,642,743
175014,6,4,5,0,2,0,0,2,0,0,2,2
175014,7,999,1,184,997,221,1220,1181,1441,405,2217,2622
175014,7,999,2,179,952,216,1201,1131,1417,395,2153,2548
175014,7,999,5,5,45,5,19,50,24,10,64,74
175014,8,5,1,71,410,80,419,481,499,151,829,980
175014,8,5,2,70,401,78,415,471,493,148,816,964
175014,8,5,5,1,9,2,4,10,6,3,13,16
175014,9,6,1,37,240,57,304,277,361,94,544,638
175014,9,6,2,34,228,56,296,262,352,90,524,614
175014,9,6,5,3,12,1,8,15,9,4,20,24
175014,10,7,1,35,162,34,218,197,252,69,380,449
175014,10,7,2,34,154,32,215,188,247,66,369,435
175014,10,7,5,1,8,2,3,9,5,3,11,14
175014,11,8,1,35,145,39,207,180,246,74,352,426
175014,11,8,2,35,135,39,204,170,243,74,339,413
175014,11,8,5,0,10,0,3,10,3,0,13,13
175014,12,9,1,6,40,11,65,46,76,17,105,122
175014,12,9,2,6,34,11,64,40,75,17,98,115
175014,12,9,5,0,6,0,1,6,1,0,7,7
175014,13,10,1,0,0,0,7,0,7,0,7,7
175014,13,10,2,0,0,0,7,0,7,0,7,7
175120,1,412,1,167,90,0,0,257,0,167,90,257
175120,1,112,2,167,90,0,0,257,0,167,90,257
175120,2,999,1,61,29,0,0,90,0,61,29,90
175120,2,999,2,61,29,0,0,90,0,61,29,90
175120,4,2,1,11,3,0,0,14,0,11,3,14
175120,4,2,2,11,3,0,0,14,0,11,3,14
175120,5,3,1,23,13,0,0,36,0,23,13,36
175120,5,3,2,23,13,0,0,36,0,23,13,36
175120,6,4,1,27,13,0,0,40,0,27,13,40
175120,6,4,2,27,13,0,0,40,0,27,13,40
175120,7,999,1,106,61,0,0,167,0,106,61,167
175120,7,999,2,106,61,0,0,167,0,106,61,167
175120,8,5,1,37,25,0,0,62,0,37,25,62
175120,8,5,2,37,25,0,0,62,0,37,25,62
175120,9,6,1,26,13,0,0,39,0,26,13,39
175120,9,6,2,26,13,0,0,39,0,26,13,39
175120,10,7,1,13,5,0,0,18,0,13,5,18
175120,10,7,2,13,5,0,0,18,0,13,5,18
175120,11,8,1,17,10,0,0,27,0,17,10,27
175120,11,8,2,17,10,0,0,27,0,17,10,27
175120,12,9,1,13,7,0,0,20,0,13,7,20
175120,12,9,2,13,7,0,0,20,0,13,7,20
175120,13,10,1,0,1,0,0,1,0,0,1,1
175120,13,10,2,0,1,0,0,1,0,0,1,1
175227,1,412,1,895,163,160,63,1058,223,1055,226,1281
175227,1,112,2,895,163,160,63,1058,223,1055,226,1281
175227,2,999,1,612,122,58,29,734,87,670,151,821
175227,2,999,2,612,122,58,29,734,87,670,151,821
175227,3,1,1,2,3,3,0,5,3,5,3,8
175227,3,1,2,2,3,3,0,5,3,5,3,8
175227,4,2,1,286,45,9,2,331,11,295,47,342
175227,4,2,2,286,45,9,2,331,11,295,47,342
175227,5,3,1,155,41,14,8,196,22,169,49,218
175227,5,3,2,155,41,14,8,196,22,169,49,218
175227,6,4,1,169,33,32,19,202,51,201,52,253
175227,6,4,2,169,33,32,19,202,51,201,52,253
175227,7,999,1,283,41,102,34,324,136,385,75,460
175227,7,999,2,283,41,102,34,324,136,385,75,460
175227,8,5,1,145,24,34,11,169,45,179,35,214
175227,8,5,2,145,24,34,11,169,45,179,35,214
175227,9,6,1,78,6,20,11,84,31,98,17,115
175227,9,6,2,78,6,20,11,84,31,98,17,115
175227,10,7,1,36,4,22,9,40,31,58,13,71
175227,10,7,2,36,4,22,9,40,31,58,13,71
175227,11,8,1,22,4,19,2,26,21,41,6,47
175227,11,8,2,22,4,19,2,26,21,41,6,47
175227,12,9,1,2,3,7,1,5,8,9,4,13
175227,12,9,2,2,3,7,1,5,8,9,4,13
175421,1,412,1,597,898,872,2632,1495,3504,1469,3530,4999
175421,1,112,2,458,719,263,585,1177,848,721,1304,2025
175421,1,312,5,139,179,609,2047,318,2656,748,2226,2974
175421,2,999,1,380,501,66,167,881,233,446,668,1114
175421,2,999,2,376,497,35,38,873,73,411,535,946
175421,2,999,5,4,4,31,129,8,160,35,133,168
175421,3,1,1,1,0,6,6,1,12,7,6,13
175421,3,1,2,1,0,6,6,1,12,7,6,13
175421,4,2,1,141,158,6,4,299,10,147,162,309
175421,4,2,2,141,158,6,4,299,10,147,162,309
175421,5,3,1,143,198,5,9,341,14,148,207,355
175421,5,3,2,143,198,5,7,341,12,148,205,353
175421,5,3,5,0,0,0,2,0,2,0,2,2
175421,6,4,1,95,145,49,148,240,197,144,293,437
175421,6,4,2,91,141,18,21,232,39,109,162,271
175421,6,4,5,4,4,31,127,8,158,35,131,166
175421,7,999,1,217,397,785,2381,614,3166,1002,2778,3780
175421,7,999,2,82,222,219,513,304,732,301,735,1036
175421,7,999,5,135,175,566,1868,310,2434,701,2043,2744
175421,8,5,1,27,85,178,510,112,688,205,595,800
175421,8,5,2,18,75,37,84,93,121,55,159,214
175421,8,5,5,9,10,141,426,19,567,150,436,586
175421,9,6,1,55,89,153,428,144,581,208,517,725
175421,9,6,2,23,45,44,90,68,134,67,135,202
175421,9,6,5,32,44,109,338,76,447,141,382,523
175421,10,7,1,66,92,134,426,158,560,200,518,718
175421,10,7,2,15,38,44,101,53,145,59,139,198
175421,10,7,5,51,54,90,325,105,415,141,379,520
175421,11,8,1,58,109,221,667,167,888,279,776,1055
175421,11,8,2,20,49,63,159,69,222,83,208,291
175421,11,8,5,38,60,158,508,98,666,196,568,764
175421,12,9,1,11,22,92,335,33,427,103,357,460
175421,12,9,2,6,15,29,75,21,104,35,90,125
175421,12,9,5,5,7,63,260,12,323,68,267,335
175421,13,10,1,0,0,7,15,0,22,7,15,22
175421,13,10,2,0,0,2,4,0,6,2,4,6
175421,13,10,5,0,0,5,11,0,16,5,11,16
175421,14,11,1,0,0,21,84,0,105,21,84,105
175421,14,11,2,0,0,9,34,0,43,9,34,43
175421,14,11,5,0,0,12,50,0,62,12,50,62
175430,1,412,1,285,330,128,209,615,337,413,539,952
175430,1,112,2,275,321,126,203,596,329,401,524,925
175430,1,312,5,10,9,2,6,19,8,12,15,27
175430,2,999,1,259,296,123,171,555,294,382,467,849
175430,2,999,2,252,292,122,170,544,292,374,462,836
175430,2,999,5,7,4,1,1,11,2,8,5,13
175430,3,1,1,6,9,105,0,15,105,111,9,120
175430,3,1,2,6,9,105,0,15,105,111,9,120
175430,4,2,1,96,97,11,165,193,176,107,262,369
175430,4,2,2,96,97,11,165,193,176,107,262,369
175430,5,3,1,107,141,1,1,248,2,108,142,250
175430,5,3,2,107,141,1,1,248,2,108,142,250
175430,6,4,1,50,49,6,5,99,11,56,54,110
175430,6,4,2,43,45,5,4,88,9,48,49,97
175430,6,4,5,7,4,1,1,11,2,8,5,13
175430,7,999,1,26,34,4,38,60,42,30,72,102
175430,7,999,2,23,29,3,33,52,36,26,62,88
175430,7,999,5,3,5,1,5,8,6,4,10,14
175430,8,5,1,13,10,2,3,23,5,15,13,28
175430,8,5,2,13,9,1,3,22,4,14,12,26
175430,8,5,5,0,1,1,0,1,1,1,1,2
175430,9,6,1,8,7,0,6,15,6,8,13,21
175430,9,6,2,6,5,0,5,11,5,6,10,16
175430,9,6,5,2,2,0,1,4,1,2,3,5
175430,10,7,1,2,6,1,4,8,5,3,10,13
175430,10,7,2,2,5,1,3,7,4,3,8,11
175430,10,7,5,0,1,0,1,1,1,0,2,2
175430,11,8,1,2,10,1,14,12,15,3,24,27
175430,11,8,2,2,9,1,13,11,14,3,22,25
175430,11,8,5,0,1,0,1,1,1,0,2,2
175430,12,9,1,1,1,0,11,2,11,1,12,13
175430,12,9,2,0,1,0,9,1,9,0,10,10
175430,12,9,5,1,0,0,2,1,2,1,2,3
175430,14,11,1,0,0,1,0,0,1,1,0,1
175430,14,11,2,0,0,1,0,0,1,1,0,1
175519,1,412,1,493,757,99,263,1250,362,592,1020,1612
175519,1,112,2,493,757,99,263,1250,362,592,1020,1612
175519,2,999,1,466,649,95,224,1115,319,561,873,1434
175519,2,999,2,466,649,95,224,1115,319,561,873,1434
175519,3,1,1,12,24,39,99,36,138,51,123,174
175519,3,1,2,12,24,39,99,36,138,51,123,174
175519,4,2,1,434,541,55,110,975,165,489,651,1140
175519,4,2,2,434,541,55,110,975,165,489,651,1140
175519,5,3,1,15,35,1,5,50,6,16,40,56
175519,5,3,2,15,35,1,5,50,6,16,40,56
175519,6,4,1,5,49,0,10,54,10,5,59,64
175519,6,4,2,5,49,0,10,54,10,5,59,64
175519,7,999,1,27,108,4,39,135,43,31,147,178
175519,7,999,2,27,108,4,39,135,43,31,147,178
175519,8,5,1,6,39,1,13,45,14,7,52,59
175519,8,5,2,6,39,1,13,45,14,7,52,59
175519,9,6,1,6,24,2,6,30,8,8,30,38
175519,9,6,2,6,24,2,6,30,8,8,30,38
175519,10,7,1,6,22,0,7,28,7,6,29,35
175519,10,7,2,6,22,0,7,28,7,6,29,35
175519,11,8,1,5,12,1,7,17,8,6,19,25
175519,11,8,2,5,12,1,7,17,8,6,19,25
175519,12,9,1,4,9,0,5,13,5,4,14,18
175519,12,9,2,4,9,0,5,13,5,4,14,18
175519,13,10,1,0,2,0,1,2,1,0,3,3
175519,13,10,2,0,2,0,1,2,1,0,3,3
175573,1,412,1,764,1161,333,649,1925,982,1097,1810,2907
175573,1,112,2,764,1161,333,649,1925,982,1097,1810,2907
175573,2,999,1,721,978,305,529,1699,834,1026,1507,2533
175573,2,999,2,721,978,305,529,1699,834,1026,1507,2533
175573,3,1,1,33,72,185,354,105,539,218,426,644
175573,3,1,2,33,72,185,354,105,539,218,426,644
175573,4,2,1,480,594,82,94,1074,176,562,688,1250
175573,4,2,2,480,594,82,94,1074,176,562,688,1250
175573,5,3,1,175,221,24,46,396,70,199,267,466
175573,5,3,2,175,221,24,46,396,70,199,267,466
175573,6,4,1,33,91,14,35,124,49,47,126,173
175573,6,4,2,33,91,14,35,124,49,47,126,173
175573,7,999,1,43,183,28,120,226,148,71,303,374
175573,7,999,2,43,183,28,120,226,148,71,303,374
175573,8,5,1,22,83,7,38,105,45,29,121,150
175573,8,5,2,22,83,7,38,105,45,29,121,150
175573,9,6,1,9,37,6,19,46,25,15,56,71
175573,9,6,2,9,37,6,19,46,25,15,56,71
175573,10,7,1,5,26,3,19,31,22,8,45,53
175573,10,7,2,5,26,3,19,31,22,8,45,53
175573,11,8,1,6,25,7,23,31,30,13,48,61
175573,11,8,2,6,25,7,23,31,30,13,48,61
175573,12,9,1,1,11,5,19,12,24,6,30,36
175573,12,9,2,1,11,5,19,12,24,6,30,36
175573,13,10,1,0,1,0,2,1,2,0,3,3
175573,13,10,2,0,1,0,2,1,2,0,3,3
175616,1,412,1,783,1138,387,691,1921,1078,1170,1829,2999
175616,1,112,2,690,977,264,400,1667,664,954,1377,2331
175616,1,312,5,93,161,123,291,254,414,216,452,668
175616,2,999,1,676,906,238,381,1582,619,914,1287,2201
175616,2,999,2,640,849,218,333,1489,551,858,1182,2040
175616,2,999,5,36,57,20,48,93,68,56,105,161
175616,3,1,1,1,5,119,200,6,319,120,205,325
175616,3,1,2,1,5,119,200,6,319,120,205,325
175616,4,2,1,124,209,35,44,333,79,159,253,412
175616,4,2,2,124,209,35,44,333,79,159,253,412
175616,5,3,1,268,415,17,26,683,43,285,441,726
175616,5,3,2,268,411,17,25,679,42,285,436,721
175616,5,3,5,0,4,0,1,4,1,0,5,5
175616,6,4,1,283,277,67,111,560,178,350,388,738
175616,6,4,2,247,224,47,64,471,111,294,288,582
175616,6,4,5,36,53,20,47,89,67,56,100,156
175616,7,999,1,107,232,148,310,339,458,255,542,797
175616,7,999,2,50,128,45,67,178,112,95,195,290
175616,7,999,5,57,104,103,243,161,346,160,347,507
175616,8,5,1,65,98,58,102,163,160,123,200,323
175616,8,5,2,40,56,24,28,96,52,64,84,148
175616,8,5,5,25,42,34,74,67,108,59,116,175
175616,9,6,1,25,56,27,67,81,94,52,123,175
175616,9,6,2,9,28,9,16,37,25,18,44,62
175616,9,6,5,16,28,18,51,44,69,34,79,113
175616,10,7,1,11,27,25,43,38,68,36,70,106
175616,10,7,2,1,17,9,8,18,17,10,25,35
175616,10,7,5,10,10,16,35,20,51,26,45,71
175616,11,8,1,3,39,26,70,42,96,29,109,138
175616,11,8,2,0,20,2,11,20,13,2,31,33
175616,11,8,5,3,19,24,59,22,83,27,78,105
175616,12,9,1,3,10,12,26,13,38,15,36,51
175616,12,9,2,0,6,1,4,6,5,1,10,11
175616,12,9,5,3,4,11,22,7,33,14,26,40
175616,13,10,1,0,2,0,2,2,2,0,4,4
175616,13,10,2,0,1,0,0,1,0,0,1,1
175616,13,10,5,0,1,0,2,1,2,0,3,3
175616,14,11,1,0,0,1,0,0,1,1,0,1
175616,14,11,2,0,0,1,0,0,1,1,0,1
175652,1,412,1,1096,1203,358,735,2299,1093,1454,1938,3392
175652,1,112,2,1096,1203,358,735,2299,1093,1454,1938,3392
175652,2,999,1,1005,1026,302,540,2031,842,1307,1566,2873
175652,2,999,2,1005,1026,302,540,2031,842,1307,1566,2873
175652,3,1,1,19,53,143,274,72,417,162,327,489
175652,3,1,2,19,53,143,274,72,417,162,327,489
175652,4,2,1,540,557,75,117,1097,192,615,674,1289
175652,4,2,2,540,557,75,117,1097,192,615,674,1289
175652,5,3,1,335,293,39,72,628,111,374,365,739
175652,5,3,2,335,293,39,72,628,111,374,365,739
175652,6,4,1,111,123,45,77,234,122,156,200,356
175652,6,4,2,111,123,45,77,234,122,156,200,356
175652,7,999,1,91,177,56,195,268,251,147,372,519
175652,7,999,2,91,177,56,195,268,251,147,372,519
175652,8,5,1,53,84,26,74,137,100,79,158,237
175652,8,5,2,53,84,26,74,137,100,79,158,237
175652,9,6,1,17,31,9,42,48,51,26,73,99
175652,9,6,2,17,31,9,42,48,51,26,73,99
175652,10,7,1,14,25,1,27,39,28,15,52,67
175652,10,7,2,14,25,1,27,39,28,15,52,67
175652,11,8,1,5,26,15,35,31,50,20,61,81
175652,11,8,2,5,26,15,35,31,50,20,61,81
175652,12,9,1,2,11,5,17,13,22,7,28,35
175652,12,9,2,2,11,5,17,13,22,7,28,35
175786,1,412,1,2245,3459,2001,3476,5704,5477,4246,6935,11181
175786,1,112,2,2245,3459,2001,3476,5704,5477,4246,6935,11181
175786,2,999,1,1878,2455,1714,2531,4333,4245,3592,4986,8578
175786,2,999,2,1878,2455,1714,2531,4333,4245,3592,4986,8578
175786,3,1,1,52,94,791,1048,146,1839,843,1142,1985
175786,3,1,2,52,94,791,1048,146,1839,843,1142,1985
175786,4,2,1,839,1108,585,898,1947,1483,1424,2006,3430
175786,4,2,2,839,1108,585,898,1947,1483,1424,2006,3430
175786,5,3,1,743,886,191,313,1629,504,934,1199,2133
175786,5,3,2,743,886,191,313,1629,504,934,1199,2133
175786,6,4,1,244,367,147,272,611,419,391,639,1030
175786,6,4,2,244,367,147,272,611,419,391,639,1030
175786,7,999,1,367,1004,287,945,1371,1232,654,1949,2603
175786,7,999,2,367,1004,287,945,1371,1232,654,1949,2603
175786,8,5,1,141,365,99,333,506,432,240,698,938
175786,8,5,2,141,365,99,333,506,432,240,698,938
175786,9,6,1,84,229,70,210,313,280,154,439,593
175786,9,6,2,84,229,70,210,313,280,154,439,593
175786,10,7,1,48,156,45,148,204,193,93,304,397
175786,10,7,2,48,156,45,148,204,193,93,304,397
175786,11,8,1,50,174,47,169,224,216,97,343,440
175786,11,8,2,50,174,47,169,224,216,97,343,440
175786,12,9,1,42,77,24,79,119,103,66,156,222
175786,12,9,2,42,77,24,79,119,103,66,156,222
175786,13,10,1,2,3,2,6,5,8,4,9,13
175786,13,10,2,2,3,2,6,5,8,4,9,13
175810,1,412,1,1131,2173,669,1436,3304,2105,1800,3609,5409
175810,1,112,2,1131,2173,669,1436,3304,2105,1800,3609,5409
175810,2,999,1,990,1566,537,907,2556,1444,1527,2473,4000
175810,2,999,2,990,1566,537,907,2556,1444,1527,2473,4000
175810,3,1,1,13,28,264,475,41,739,277,503,780
175810,3,1,2,13,28,264,475,41,739,277,503,780
175810,4,2,1,624,921,121,154,1545,275,745,1075,1820
175810,4,2,2,624,921,121,154,1545,275,745,1075,1820
175810,5,3,1,275,388,87,129,663,216,362,517,879
175810,5,3,2,275,388,87,129,663,216,362,517,879
175810,6,4,1,78,229,65,149,307,214,143,378,521
175810,6,4,2,78,229,65,149,307,214,143,378,521
175810,7,999,1,141,607,132,529,748,661,273,1136,1409
175810,7,999,2,141,607,132,529,748,661,273,1136,1409
175810,8,5,1,75,268,54,172,343,226,129,440,569
175810,8,5,2,75,268,54,172,343,226,129,440,569
175810,9,6,1,32,147,36,132,179,168,68,279,347
175810,9,6,2,32,147,36,132,179,168,68,279,347
175810,10,7,1,12,89,12,73,101,85,24,162,186
175810,10,7,2,12,89,12,73,101,85,24,162,186
175810,11,8,1,18,83,20,98,101,118,38,181,219
175810,11,8,2,18,83,20,98,101,118,38,181,219
175810,12,9,1,3,19,10,47,22,57,13,66,79
175810,12,9,2,3,19,10,47,22,57,13,66,79
175810,13,10,1,1,1,0,7,2,7,1,8,9
175810,13,10,2,1,1,0,7,2,7,1,8,9
175829,1,412,1,1292,1835,531,1038,3127,1569,1823,2873,4696
175829,1,112,2,1292,1835,531,1038,3127,1569,1823,2873,4696
175829,2,999,1,1197,1578,423,734,2775,1157,1620,2312,3932
175829,2,999,2,1197,1578,423,734,2775,1157,1620,2312,3932
175829,3,1,1,61,116,228,423,177,651,289,539,828
175829,3,1,2,61,116,228,423,177,651,289,539,828
175829,4,2,1,852,1110,87,84,1962,171,939,1194,2133
175829,4,2,2,852,1110,87,84,1962,171,939,1194,2133
175829,5,3,1,208,240,67,108,448,175,275,348,623
175829,5,3,2,208,240,67,108,448,175,275,348,623
175829,6,4,1,76,112,41,119,188,160,117,231,348
175829,6,4,2,76,112,41,119,188,160,117,231,348
175829,7,999,1,86,257,91,304,343,395,177,561,738
175829,7,999,2,86,257,91,304,343,395,177,561,738
175829,8,5,1,37,118,26,97,155,123,63,215,278
175829,8,5,2,37,118,26,97,155,123,63,215,278
175829,9,6,1,17,69,22,70,86,92,39,139,178
175829,9,6,2,17,69,22,70,86,92,39,139,178
175829,10,7,1,15,37,12,49,52,61,27,86,113
175829,10,7,2,15,37,12,49,52,61,27,86,113
175829,11,8,1,10,29,21,66,39,87,31,95,126
175829,11,8,2,10,29,21,66,39,87,31,95,126
175829,12,9,1,7,4,8,20,11,28,15,24,39
175829,12,9,2,7,4,8,20,11,28,15,24,39
175829,13,10,1,0,0,2,2,0,4,2,2,4
175829,13,10,2,0,0,2,2,0,4,2,2,4
175829,14,11,1,9,0,17,0,9,17,26,0,26
175829,14,11,2,9,0,17,0,9,17,26,0,26
175856,1,412,1,1682,3425,443,1371,5107,1814,2125,4796,6921
175856,1,112,2,1462,2709,145,352,4171,497,1607,3061,4668
175856,1,312,5,220,716,298,1019,936,1317,518,1735,2253
175856,2,999,1,1348,2295,108,186,3643,294,1456,2481,3937
175856,2,999,2,1288,2110,85,131,3398,216,1373,2241,3614
175856,2,999,5,60,185,23,55,245,78,83,240,323
175856,3,1,1,6,11,1,1,17,2,7,12,19
175856,3,1,2,6,11,1,1,17,2,7,12,19
175856,4,2,1,476,785,8,20,1261,28,484,805,1289
175856,4,2,2,476,785,8,20,1261,28,484,805,1289
175856,5,3,1,478,839,26,31,1317,57,504,870,1374
175856,5,3,2,478,830,26,31,1308,57,504,861,1365
175856,5,3,5,0,9,0,0,9,0,0,9,9
175856,6,4,1,388,660,73,134,1048,207,461,794,1255
175856,6,4,2,328,484,50,79,812,129,378,563,941
175856,6,4,5,60,176,23,55,236,78,83,231,314
175856,7,999,1,334,1130,335,1185,1464,1520,669,2315,2984
175856,7,999,2,174,599,60,221,773,281,234,820,1054
175856,7,999,5,160,531,275,964,691,1239,435,1495,1930
175856,8,5,1,143,408,97,241,551,338,240,649,889
175856,8,5,2,84,217,30,53,301,83,114,270,384
175856,8,5,5,59,191,67,188,250,255,126,379,505
175856,9,6,1,70,226,60,195,296,255,130,421,551
175856,9,6,2,37,135,7,47,172,54,44,182,226
175856,9,6,5,33,91,53,148,124,201,86,239,325
175856,10,7,1,44,180,43,194,224,237,87,374,461
175856,10,7,2,25,96,5,34,121,39,30,130,160
175856,10,7,5,19,84,38,160,103,198,57,244,301
175856,11,8,1,48,215,84,312,263,396,132,527,659
175856,11,8,2,19,107,11,54,126,65,30,161,191
175856,11,8,5,29,108,73,258,137,331,102,366,468
175856,12,9,1,27,97,49,218,124,267,76,315,391
175856,12,9,2,9,44,7,31,53,38,16,75,91
175856,12,9,5,18,53,42,187,71,229,60,240,300
175856,13,10,1,2,4,2,25,6,27,4,29,33
175856,13,10,2,0,0,0,2,0,2,0,2,2
175856,13,10,5,2,4,2,23,6,25,4,27,31
175883,1,412,1,1225,1846,510,954,3071,1464,1735,2800,4535
175883,1,112,2,1225,1846,510,954,3071,1464,1735,2800,4535
175883,2,999,1,1120,1554,431,741,2674,1172,1551,2295,3846
175883,2,999,2,1120,1554,431,741,2674,1172,1551,2295,3846
175883,3,1,1,7,13,138,249,20,387,145,262,407
175883,3,1,2,7,13,138,249,20,387,145,262,407
175883,4,2,1,602,837,174,259,1439,433,776,1096,1872
175883,4,2,2,602,837,174,259,1439,433,776,1096,1872
175883,5,3,1,428,533,76,131,961,207,504,664,1168
175883,5,3,2,428,533,76,131,961,207,504,664,1168
175883,6,4,1,83,171,43,102,254,145,126,273,399
175883,6,4,2,83,171,43,102,254,145,126,273,399
175883,7,999,1,105,292,79,213,397,292,184,505,689
175883,7,999,2,105,292,79,213,397,292,184,505,689
175883,8,5,1,42,131,30,88,173,118,72,219,291
175883,8,5,2,42,131,30,88,173,118,72,219,291
175883,9,6,1,30,81,17,37,111,54,47,118,165
175883,9,6,2,30,81,17,37,111,54,47,118,165
175883,10,7,1,18,42,10,23,60,33,28,65,93
175883,10,7,2,18,42,10,23,60,33,28,65,93
175883,11,8,1,14,31,11,40,45,51,25,71,96
175883,11,8,2,14,31,11,40,45,51,25,71,96
175883,12,9,1,1,7,10,19,8,29,11,26,37
175883,12,9,2,1,7,10,19,8,29,11,26,37
175883,13,10,1,0,0,1,6,0,7,1,6,7
175883,13,10,2,0,0,1,6,0,7,1,6,7
175935,1,412,1,550,1314,272,867,1864,1139,822,2181,3003
175935,1,112,2,550,1314,272,867,1864,1139,822,2181,3003
175935,2,999,1,456,867,167,342,1323,509,623,1209,1832
175935,2,999,2,456,867,167,342,1323,509,623,1209,1832
175935,3,1,1,6,5,72,149,11,221,78,154,232
175935,3,1,2,6,5,72,149,11,221,78,154,232
175935,4,2,1,239,406,48,96,645,144,287,502,789
175935,4,2,2,239,406,48,96,645,144,287,502,789
175935,5,3,1,160,300,28,40,460,68,188,340,528
175935,5,3,2,160,300,28,40,460,68,188,340,528
175935,6,4,1,51,156,19,57,207,76,70,213,283
175935,6,4,2,51,156,19,57,207,76,70,213,283
175935,7,999,1,94,447,105,525,541,630,199,972,1171
175935,7,999,2,94,447,105,525,541,630,199,972,1171
175935,8,5,1,51,178,18,95,229,113,69,273,342
175935,8,5,2,51,178,18,95,229,113,69,273,342
175935,9,6,1,16,116,26,100,132,126,42,216,258
175935,9,6,2,16,116,26,100,132,126,42,216,258
175935,10,7,1,13,74,17,73,87,90,30,147,177
175935,10,7,2,13,74,17,73,87,90,30,147,177
175935,11,8,1,10,65,25,149,75,174,35,214,249
175935,11,8,2,10,65,25,149,75,174,35,214,249
175935,12,9,1,4,13,19,97,17,116,23,110,133
175935,12,9,2,4,13,19,97,17,116,23,110,133
175935,13,10,1,0,1,0,11,1,11,0,12,12
175935,13,10,2,0,1,0,11,1,11,0,12,12
175980,1,412,1,312,378,18,4,690,22,330,382,712
175980,1,112,2,291,369,8,1,660,9,299,370,669
175980,1,312,5,21,9,10,3,30,13,31,12,43
175980,2,999,1,299,372,6,2,671,8,305,374,679
175980,2,999,2,286,368,3,1,654,4,289,369,658
175980,2,999,5,13,4,3,1,17,4,16,5,21
175980,3,1,1,11,11,0,0,22,0,11,11,22
175980,3,1,2,11,11,0,0,22,0,11,11,22
175980,4,2,1,139,173,0,0,312,0,139,173,312
175980,4,2,2,139,173,0,0,312,0,139,173,312
175980,5,3,1,126,175,0,0,301,0,126,175,301
175980,5,3,2,124,175,0,0,299,0,124,175,299
175980,5,3,5,2,0,0,0,2,0,2,0,2
175980,6,4,1,23,13,6,2,36,8,29,15,44
175980,6,4,2,12,9,3,1,21,4,15,10,25
175980,6,4,5,11,4,3,1,15,4,14,5,19
175980,7,999,1,9,6,12,2,15,14,21,8,29
175980,7,999,2,1,1,5,0,2,5,6,1,7
175980,7,999,5,8,5,7,2,13,9,15,7,22
175980,8,5,1,2,0,7,1,2,8,9,1,10
175980,8,5,2,1,0,4,0,1,4,5,0,5
175980,8,5,5,1,0,3,1,1,4,4,1,5
175980,9,6,1,1,3,1,0,4,1,2,3,5
175980,9,6,2,0,1,0,0,1,0,0,1,1
175980,9,6,5,1,2,1,0,3,1,2,2,4
175980,10,7,1,2,0,0,0,2,0,2,0,2
175980,10,7,5,2,0,0,0,2,0,2,0,2
175980,11,8,1,3,3,2,1,6,3,5,4,9
175980,11,8,5,3,3,2,1,6,3,5,4,9
175980,12,9,1,1,0,1,0,1,1,2,0,2
175980,12,9,5,1,0,1,0,1,1,2,0,2
175980,13,10,1,0,0,1,0,0,1,1,0,1
175980,13,10,2,0,0,1,0,0,1,1,0,1
175980,14,11,1,4,0,0,0,4,0,4,0,4
175980,14,11,2,4,0,0,0,4,0,4,0,4
176017,1,412,1,7562,10661,1160,1631,18223,2791,8722,12292,21014
176017,1,112,2,6101,8738,699,641,14839,1340,6800,9379,16179
176017,1,312,5,1461,1923,461,990,3384,1451,1922,2913,4835
176017,2,999,1,6572,9485,573,588,16057,1161,7145,10073,17218
176017,2,999,2,5894,8398,480,356,14292,836,6374,8754,15128
176017,2,999,5,678,1087,93,232,1765,325,771,1319,2090
176017,3,1,1,10,25,7,21,35,28,17,46,63
176017,3,1,2,10,25,7,21,35,28,17,46,63
176017,4,2,1,1877,3087,60,55,4964,115,1937,3142,5079
176017,4,2,2,1877,3087,60,55,4964,115,1937,3142,5079
176017,5,3,1,2735,4097,152,93,6832,245,2887,4190,7077
176017,5,3,2,2725,4059,150,89,6784,239,2875,4148,7023
176017,5,3,5,10,38,2,4,48,6,12,42,54
176017,6,4,1,1950,2276,354,419,4226,773,2304,2695,4999
176017,6,4,2,1282,1227,263,191,2509,454,1545,1418,2963
176017,6,4,5,668,1049,91,228,1717,319,759,1277,2036
176017,7,999,1,990,1175,587,1043,2165,1630,1577,2218,3795
176017,7,999,2,207,340,219,285,547,504,426,625,1051
176017,7,999,5,783,835,368,758,1618,1126,1151,1593,2744
176017,8,5,1,672,730,221,323,1402,544,893,1053,1946
176017,8,5,2,134,176,112,108,310,220,246,284,530
176017,8,5,5,538,554,109,215,1092,324,647,769,1416
176017,9,6,1,184,210,119,214,394,333,303,424,727
176017,9,6,2,41,69,39,56,110,95,80,125,205
176017,9,6,5,143,141,80,158,284,238,223,299,522
176017,10,7,1,69,96,97,171,165,268,166,267,433
176017,10,7,2,13,32,22,34,45,56,35,66,101
176017,10,7,5,56,64,75,137,120,212,131,201,332
176017,11,8,1,53,111,109,221,164,330,162,332,494
176017,11,8,2,15,47,30,50,62,80,45,97,142
176017,11,8,5,38,64,79,171,102,250,117,235,352
176017,12,9,1,12,28,27,103,40,130,39,131,170
176017,12,9,2,4,16,8,30,20,38,12,46,58
176017,12,9,5,8,12,19,73,20,92,27,85,112
176017,13,10,1,0,0,14,11,0,25,14,11,25
176017,13,10,2,0,0,8,7,0,15,8,7,15
176017,13,10,5,0,0,6,4,0,10,6,4,10
176017,14,11,1,0,1,0,0,1,0,0,1,1
176017,14,11,5,0,1,0,0,1,0,0,1,1
176035,1,412,1,362,1638,170,534,2000,704,532,2172,2704
176035,1,112,2,339,1496,146,437,1835,583,485,1933,2418
176035,1,312,5,23,142,24,97,165,121,47,239,286
176035,2,999,1,290,1171,134,329,1461,463,424,1500,1924
176035,2,999,2,282,1118,129,312,1400,441,411,1430,1841
176035,2,999,5,8,53,5,17,61,22,13,70,83
176035,3,1,1,6,16,91,132,22,223,97,148,245
176035,3,1,2,6,16,91,132,22,223,97,148,245
176035,4,2,1,59,243,14,40,302,54,73,283,356
176035,4,2,2,59,243,14,40,302,54,73,283,356
176035,5,3,1,131,545,8,87,676,95,139,632,771
176035,5,3,2,131,541,8,86,672,94,139,627,766
176035,5,3,5,0,4,0,1,4,1,0,5,5
176035,6,4,1,94,367,21,70,461,91,115,437,552
176035,6,4,2,86,318,16,54,404,70,102,372,474
176035,6,4,5,8,49,5,16,57,21,13,65,78
176035,7,999,1,72,467,36,205,539,241,108,672,780
176035,7,999,2,57,378,17,125,435,142,74,503,577
176035,7,999,5,15,89,19,80,104,99,34,169,203
176035,8,5,1,35,195,10,60,230,70,45,255,300
176035,8,5,2,29,158,4,41,187,45,33,199,232
176035,8,5,5,6,37,6,19,43,25,12,56,68
176035,9,6,1,15,101,7,32,116,39,22,133,155
176035,9,6,2,12,81,2,15,93,17,14,96,110
176035,9,6,5,3,20,5,17,23,22,8,37,45
176035,10,7,1,10,68,5,30,78,35,15,98,113
176035,10,7,2,7,51,2,18,58,20,9,69,78
176035,10,7,5,3,17,3,12,20,15,6,29,35
176035,11,8,1,10,90,5,46,100,51,15,136,151
176035,11,8,2,9,77,4,30,86,34,13,107,120
176035,11,8,5,1,13,1,16,14,17,2,29,31
176035,12,9,1,2,13,5,28,15,33,7,41,48
176035,12,9,2,0,11,3,14,11,17,3,25,28
176035,12,9,5,2,2,2,14,4,16,4,16,20
176035,13,10,1,0,0,4,9,0,13,4,9,13
176035,13,10,2,0,0,2,7,0,9,2,7,9
176035,13,10,5,0,0,2,2,0,4,2,2,4
176044,1,412,1,537,797,238,460,1334,698,775,1257,2032
176044,1,112,2,506,725,169,294,1231,463,675,1019,1694
176044,1,312,5,31,72,69,166,103,235,100,238,338
176044,2,999,1,482,619,157,281,1101,438,639,900,1539
176044,2,999,2,470,592,149,261,1062,410,619,853,1472
176044,2,999,5,12,27,8,20,39,28,20,47,67
176044,3,1,1,1,4,82,170,5,252,83,174,257
176044,3,1,2,1,4,82,170,5,252,83,174,257
176044,4,2,1,138,159,34,51,297,85,172,210,382
176044,4,2,2,138,159,34,51,297,85,172,210,382
176044,5,3,1,196,261,16,25,457,41,212,286,498
176044,5,3,2,195,260,16,24,455,40,211,284,495
176044,5,3,5,1,1,0,1,2,1,1,2,3
176044,6,4,1,147,195,25,35,342,60,172,230,402
176044,6,4,2,136,169,17,16,305,33,153,185,338
176044,6,4,5,11,26,8,19,37,27,19,45,64
176044,7,999,1,55,178,81,179,233,260,136,357,493
176044,7,999,2,36,133,20,33,169,53,56,166,222
176044,7,999,5,19,45,61,146,64,207,80,191,271
176044,8,5,1,32,64,26,53,96,79,58,117,175
176044,8,5,2,24,44,3,8,68,11,27,52,79
176044,8,5,5,8,20,23,45,28,68,31,65,96
176044,9,6,1,8,33,15,25,41,40,23,58,81
176044,9,6,2,6,24,4,5,30,9,10,29,39
176044,9,6,5,2,9,11,20,11,31,13,29,42
176044,10,7,1,6,25,7,22,31,29,13,47,60
176044,10,7,2,1,19,3,4,20,7,4,23,27
176044,10,7,5,5,6,4,18,11,22,9,24,33
176044,11,8,1,7,36,19,45,43,64,26,81,107
176044,11,8,2,4,29,4,10,33,14,8,39,47
176044,11,8,5,3,7,15,35,10,50,18,42,60
176044,12,9,1,2,20,12,31,22,43,14,51,65
176044,12,9,2,1,17,5,5,18,10,6,22,28
176044,12,9,5,1,3,7,26,4,33,8,29,37
176044,13,10,1,0,0,2,3,0,5,2,3,5
176044,13,10,2,0,0,1,1,0,2,1,1,2
176044,13,10,5,0,0,1,2,0,3,1,2,3
176080,1,412,1,9311,9767,2006,1902,19078,3908,11317,11669,22986
176080,1,112,2,8482,8607,984,730,17089,1714,9466,9337,18803
176080,1,312,5,829,1160,1022,1172,1989,2194,1851,2332,4183
176080,2,999,1,8400,8736,737,516,17136,1253,9137,9252,18389
176080,2,999,2,8075,8139,630,354,16214,984,8705,8493,17198
176080,2,999,5,325,597,107,162,922,269,432,759,1191
176080,3,1,1,17,24,10,9,41,19,27,33,60
176080,3,1,2,17,24,10,9,41,19,27,33,60
176080,4,2,1,2518,3118,31,28,5636,59,2549,3146,5695
176080,4,2,2,2518,3117,30,28,5635,58,2548,3145,5693
176080,4,2,5,0,1,1,0,1,1,1,1,2
176080,5,3,1,3591,3803,227,116,7394,343,3818,3919,7737
176080,5,3,2,3584,3763,226,113,7347,339,3810,3876,7686
176080,5,3,5,7,40,1,3,47,4,8,43,51
176080,6,4,1,2274,1791,469,363,4065,832,2743,2154,4897
176080,6,4,2,1956,1235,364,204,3191,568,2320,1439,3759
176080,6,4,5,318,556,105,159,874,264,423,715,1138
176080,7,999,1,911,1031,1269,1386,1942,2655,2180,2417,4597
176080,7,999,2,407,468,354,376,875,730,761,844,1605
176080,7,999,5,504,563,915,1010,1067,1925,1419,1573,2992
176080,8,5,1,538,558,417,400,1096,817,955,958,1913
176080,8,5,2,269,206,134,103,475,237,403,309,712
176080,8,5,5,269,352,283,297,621,580,552,649,1201
176080,9,6,1,203,214,275,274,417,549,478,488,966
176080,9,6,2,64,111,77,75,175,152,141,186,327
176080,9,6,5,139,103,198,199,242,397,337,302,639
176080,10,7,1,85,134,189,231,219,420,274,365,639
176080,10,7,2,29,80,47,66,109,113,76,146,222
176080,10,7,5,56,54,142,165,110,307,198,219,417
176080,11,8,1,65,97,238,347,162,585,303,444,747
176080,11,8,2,36,57,60,100,93,160,96,157,253
176080,11,8,5,29,40,178,247,69,425,207,287,494
176080,12,9,1,19,25,133,128,44,261,152,153,305
176080,12,9,2,9,12,31,28,21,59,40,40,80
176080,12,9,5,10,13,102,100,23,202,112,113,225
176080,13,10,1,1,3,17,6,4,23,18,9,27
176080,13,10,2,0,2,5,4,2,9,5,6,11
176080,13,10,5,1,1,12,2,2,14,13,3,16
176178,1,412,1,1649,2542,1035,1866,4191,2901,2684,4408,7092
176178,1,112,2,1649,2542,1035,1866,4191,2901,2684,4408,7092
176178,2,999,1,1545,2213,888,1423,3758,2311,2433,3636,6069
176178,2,999,2,1545,2213,888,1423,3758,2311,2433,3636,6069
176178,3,1,1,42,64,481,815,106,1296,523,879,1402
176178,3,1,2,42,64,481,815,106,1296,523,879,1402
176178,4,2,1,974,1391,176,228,2365,404,1150,1619,2769
176178,4,2,2,974,1391,176,228,2365,404,1150,1619,2769
176178,5,3,1,421,531,129,201,952,330,550,732,1282
176178,5,3,2,421,531,129,201,952,330,550,732,1282
176178,6,4,1,108,227,102,179,335,281,210,406,616
176178,6,4,2,108,227,102,179,335,281,210,406,616
176178,7,999,1,104,329,147,411,433,558,251,740,991
176178,7,999,2,104,329,147,411,433,558,251,740,991
176178,8,5,1,56,164,52,125,220,177,108,289,397
176178,8,5,2,56,164,52,125,220,177,108,289,397
176178,9,6,1,14,54,26,94,68,120,40,148,188
176178,9,6,2,14,54,26,94,68,120,40,148,188
176178,10,7,1,15,53,14,54,68,68,29,107,136
176178,10,7,2,15,53,14,54,68,68,29,107,136
176178,11,8,1,15,41,14,74,56,88,29,115,144
176178,11,8,2,15,41,14,74,56,88,29,115,144
176178,12,9,1,3,16,16,64,19,80,19,80,99
176178,12,9,2,3,16,16,64,19,80,19,80,99
176178,13,10,1,1,1,25,0,2,25,26,1,27
176178,13,10,2,1,1,25,0,2,25,26,1,27
176178,14,11,1,0,0,0,32,0,32,0,32,32
176178,14,11,2,0,0,0,32,0,32,0,32,32
176239,1,412,1,1354,2445,414,852,3799,1266,1768,3297,5065
176239,1,112,2,1354,2445,414,852,3799,1266,1768,3297,5065
176239,2,999,1,1237,1866,354,591,3103,945,1591,2457,4048
176239,2,999,2,1237,1866,354,591,3103,945,1591,2457,4048
176239,3,1,1,32,60,165,298,92,463,197,358,555
176239,3,1,2,32,60,165,298,92,463,197,358,555
176239,4,2,1,808,1178,103,120,1986,223,911,1298,2209
176239,4,2,2,808,1178,103,120,1986,223,911,1298,2209
176239,5,3,1,305,405,63,87,710,150,368,492,860
176239,5,3,2,305,405,63,87,710,150,368,492,860
176239,6,4,1,92,223,23,86,315,109,115,309,424
176239,6,4,2,92,223,23,86,315,109,115,309,424
176239,7,999,1,117,579,60,261,696,321,177,840,1017
176239,7,999,2,117,579,60,261,696,321,177,840,1017
176239,8,5,1,54,213,32,78,267,110,86,291,377
176239,8,5,2,54,213,32,78,267,110,86,291,377
176239,9,6,1,22,155,12,67,177,79,34,222,256
176239,9,6,2,22,155,12,67,177,79,34,222,256
176239,10,7,1,19,103,9,50,122,59,28,153,181
176239,10,7,2,19,103,9,50,122,59,28,153,181
176239,11,8,1,19,87,5,50,106,55,24,137,161
176239,11,8,2,19,87,5,50,106,55,24,137,161
176239,12,9,1,2,21,2,15,23,17,4,36,40
176239,12,9,2,2,21,2,15,23,17,4,36,40
176239,13,10,1,1,0,0,1,1,1,1,1,2
176239,13,10,2,1,0,0,1,1,1,1,1,2
176318,1,412,1,18,40,212,353,58,565,230,393,623
176318,1,112,2,18,40,212,353,58,565,230,393,623
176318,2,999,1,16,35,197,301,51,498,213,336,549
176318,2,999,2,16,35,197,301,51,498,213,336,549
176318,3,1,1,0,2,0,2,2,2,0,4,4
176318,3,1,2,0,2,0,2,2,2,0,4,4
176318,4,2,1,6,17,76,123,23,199,82,140,222
176318,4,2,2,6,17,76,123,23,199,82,140,222
176318,5,3,1,5,7,70,111,12,181,75,118,193
176318,5,3,2,5,7,70,111,12,181,75,118,193
176318,6,4,1,5,9,51,65,14,116,56,74,130
176318,6,4,2,5,9,51,65,14,116,56,74,130
176318,7,999,1,2,5,15,52,7,67,17,57,74
176318,7,999,2,2,5,15,52,7,67,17,57,74
176318,8,5,1,1,3,10,31,4,41,11,34,45
176318,8,5,2,1,3,10,31,4,41,11,34,45
176318,9,6,1,1,0,2,7,1,9,3,7,10
176318,9,6,2,1,0,2,7,1,9,3,7,10
176318,10,7,1,0,1,1,5,1,6,1,6,7
176318,10,7,2,0,1,1,5,1,6,1,6,7
176318,11,8,1,0,1,1,5,1,6,1,6,7
176318,11,8,2,0,1,1,5,1,6,1,6,7
176318,12,9,1,0,0,1,4,0,5,1,4,5
176318,12,9,2,0,0,1,4,0,5,1,4,5
176372,1,412,1,3830,7300,1368,2108,11130,3476,5198,9408,14606
176372,1,112,2,3298,6346,834,973,9644,1807,4132,7319,11451
176372,1,312,5,532,954,534,1135,1486,1669,1066,2089,3155
176372,2,999,1,2998,5943,442,601,8941,1043,3440,6544,9984
176372,2,999,2,2841,5576,382,480,8417,862,3223,6056,9279
176372,2,999,5,157,367,60,121,524,181,217,488,705
176372,3,1,1,35,89,21,43,124,64,56,132,188
176372,3,1,2,35,89,21,43,124,64,56,132,188
176372,4,2,1,934,2096,40,55,3030,95,974,2151,3125
176372,4,2,2,934,2095,40,55,3029,95,974,2150,3124
176372,4,2,5,0,1,0,0,1,0,0,1,1
176372,5,3,1,1266,2560,119,174,3826,293,1385,2734,4119
176372,5,3,2,1261,2540,115,170,3801,285,1376,2710,4086
176372,5,3,5,5,20,4,4,25,8,9,24,33
176372,6,4,1,763,1198,262,329,1961,591,1025,1527,2552
176372,6,4,2,611,852,206,212,1463,418,817,1064,1881
176372,6,4,5,152,346,56,117,498,173,208,463,671
176372,7,999,1,832,1357,926,1507,2189,2433,1758,2864,4622
176372,7,999,2,457,770,452,493,1227,945,909,1263,2172
176372,7,999,5,375,587,474,1014,962,1488,849,1601,2450
176372,8,5,1,430,634,252,416,1064,668,682,1050,1732
176372,8,5,2,232,335,147,159,567,306,379,494,873
176372,8,5,5,198,299,105,257,497,362,303,556,859
176372,9,6,1,191,290,200,319,481,519,391,609,1000
176372,9,6,2,88,172,103,108,260,211,191,280,471
176372,9,6,5,103,118,97,211,221,308,200,329,529
176372,10,7,1,102,188,189,258,290,447,291,446,737
176372,10,7,2,71,113,96,86,184,182,167,199,366
176372,10,7,5,31,75,93,172,106,265,124,247,371
176372,11,8,1,80,179,178,349,259,527,258,528,786
176372,11,8,2,53,111,65,95,164,160,118,206,324
176372,11,8,5,27,68,113,254,95,367,140,322,462
176372,12,9,1,29,62,97,153,91,250,126,215,341
176372,12,9,2,13,38,37,42,51,79,50,80,130
176372,12,9,5,16,24,60,111,40,171,76,135,211
176372,13,10,1,0,4,10,12,4,22,10,16,26
176372,13,10,2,0,1,4,3,1,7,4,4,8
176372,13,10,5,0,3,6,9,3,15,6,12,18
176479,1,412,1,1136,2337,604,1395,3473,1999,1740,3732,5472
176479,1,112,2,611,1334,444,844,1945,1288,1055,2178,3233
176479,1,312,5,525,1003,160,551,1528,711,685,1554,2239
176479,2,999,1,549,990,415,703,1539,1118,964,1693,2657
176479,2,999,2,483,843,411,689,1326,1100,894,1532,2426
176479,2,999,5,66,147,4,14,213,18,70,161,231
176479,3,1,1,15,19,92,161,34,253,107,180,287
176479,3,1,2,15,19,92,161,34,253,107,180,287
176479,4,2,1,81,137,287,474,218,761,368,611,979
176479,4,2,2,81,137,287,474,218,761,368,611,979
176479,5,3,1,152,297,7,13,449,20,159,310,469
176479,5,3,2,151,297,7,13,448,20,158,310,468
176479,5,3,5,1,0,0,0,1,0,1,0,1
176479,6,4,1,301,537,29,55,838,84,330,592,922
176479,6,4,2,236,390,25,41,626,66,261,431,692
176479,6,4,5,65,147,4,14,212,18,69,161,230
176479,7,999,1,587,1347,189,692,1934,881,776,2039,2815
176479,7,999,2,128,491,33,155,619,188,161,646,807
176479,7,999,5,459,856,156,537,1315,693,615,1393,2008
176479,8,5,1,290,461,49,119,751,168,339,580,919
176479,8,5,2,58,171,14,43,229,57,72,214,286
176479,8,5,5,232,290,35,76,522,111,267,366,633
176479,9,6,1,123,275,39,107,398,146,162,382,544
176479,9,6,2,24,108,6,32,132,38,30,140,170
176479,9,6,5,99,167,33,75,266,108,132,242,374
176479,10,7,1,62,216,34,135,278,169,96,351,447
176479,10,7,2,15,87,3,32,102,35,18,119,137
176479,10,7,5,47,129,31,103,176,134,78,232,310
176479,11,8,1,79,269,48,220,348,268,127,489,616
176479,11,8,2,21,94,10,41,115,51,31,135,166
176479,11,8,5,58,175,38,179,233,217,96,354,450
176479,12,9,1,33,122,15,109,155,124,48,231,279
176479,12,9,2,10,29,0,7,39,7,10,36,46
176479,12,9,5,23,93,15,102,116,117,38,195,233
176479,13,10,1,0,4,4,2,4,6,4,6,10
176479,13,10,2,0,2,0,0,2,0,0,2,2
176479,13,10,5,0,2,4,2,2,6,4,4,8
176600,1,412,1,48,11,19,46,59,65,67,57,124
176600,1,312,5,48,11,19,46,59,65,67,57,124
176600,2,999,1,4,0,0,0,4,0,4,0,4
176600,2,999,5,4,0,0,0,4,0,4,0,4
176600,6,4,1,4,0,0,0,4,0,4,0,4
176600,6,4,5,4,0,0,0,4,0,4,0,4
176600,7,999,1,44,11,19,46,55,65,63,57,120
176600,7,999,5,44,11,19,46,55,65,63,57,120
176600,8,5,1,8,1,0,5,9,5,8,6,14
176600,8,5,5,8,1,0,5,9,5,8,6,14
176600,9,6,1,5,3,6,7,8,13,11,10,21
176600,9,6,5,5,3,6,7,8,13,11,10,21
176600,10,7,1,7,2,3,1,9,4,10,3,13
176600,10,7,5,7,2,3,1,9,4,10,3,13
176600,11,8,1,7,3,1,13,10,14,8,16,24
176600,11,8,5,7,3,1,13,10,14,8,16,24
176600,12,9,1,14,0,8,15,14,23,22,15,37
176600,12,9,5,14,0,8,15,14,23,22,15,37
176600,13,10,1,3,2,1,5,5,6,4,7,11
176600,13,10,5,3,2,1,5,5,6,4,7,11
176664,1,412,1,108,81,22,11,189,33,130,92,222
176664,1,112,2,105,78,10,9,183,19,115,87,202
176664,1,312,5,3,3,12,2,6,14,15,5,20
176664,2,999,1,90,71,9,3,161,12,99,74,173
176664,2,999,2,88,69,5,1,157,6,93,70,163
176664,2,999,5,2,2,4,2,4,6,6,4,10
176664,3,1,1,0,2,0,0,2,0,0,2,2
176664,3,1,2,0,2,0,0,2,0,0,2,2
176664,4,2,1,29,18,0,0,47,0,29,18,47
176664,4,2,2,29,18,0,0,47,0,29,18,47
176664,5,3,1,33,31,2,0,64,2,35,31,66
176664,5,3,2,33,31,2,0,64,2,35,31,66
176664,6,4,1,28,20,7,3,48,10,35,23,58
176664,6,4,2,26,18,3,1,44,4,29,19,48
176664,6,4,5,2,2,4,2,4,6,6,4,10
176664,7,999,1,18,10,13,8,28,21,31,18,49
176664,7,999,2,17,9,5,8,26,13,22,17,39
176664,7,999,5,1,1,8,0,2,8,9,1,10
176664,8,5,1,8,3,2,3,11,5,10,6,16
176664,8,5,2,8,3,0,3,11,3,8,6,14
176664,8,5,5,0,0,2,0,0,2,2,0,2
176664,9,6,1,4,2,5,0,6,5,9,2,11
176664,9,6,2,4,2,3,0,6,3,7,2,9
176664,9,6,5,0,0,2,0,0,2,2,0,2
176664,10,7,1,0,2,0,1,2,1,0,3,3
176664,10,7,2,0,2,0,1,2,1,0,3,3
176664,11,8,1,4,2,3,2,6,5,7,4,11
176664,11,8,2,3,2,1,2,5,3,4,4,8
176664,11,8,5,1,0,2,0,1,2,3,0,3
176664,12,9,1,2,1,2,2,3,4,4,3,7
176664,12,9,2,2,0,1,2,2,3,3,2,5
176664,12,9,5,0,1,1,0,1,1,1,1,2
176664,13,10,1,0,0,1,0,0,1,1,0,1
176664,13,10,5,0,0,1,0,0,1,1,0,1
176947,1,412,1,559,571,7,4,1130,11,566,575,1141
176947,1,112,2,559,571,7,4,1130,11,566,575,1141
176947,2,999,1,540,554,4,3,1094,7,544,557,1101
176947,2,999,2,540,554,4,3,1094,7,544,557,1101
176947,3,1,1,1,1,0,0,2,0,1,1,2
176947,3,1,2,1,1,0,0,2,0,1,1,2
176947,4,2,1,262,262,3,1,524,4,265,263,528
176947,4,2,2,262,262,3,1,524,4,265,263,528
176947,5,3,1,189,233,0,0,422,0,189,233,422
176947,5,3,2,189,233,0,0,422,0,189,233,422
176947,6,4,1,88,58,1,2,146,3,89,60,149
176947,6,4,2,88,58,1,2,146,3,89,60,149
176947,7,999,1,19,17,3,1,36,4,22,18,40
176947,7,999,2,19,17,3,1,36,4,22,18,40
176947,8,5,1,16,9,2,0,25,2,18,9,27
176947,8,5,2,16,9,2,0,25,2,18,9,27
176947,9,6,1,2,4,1,0,6,1,3,4,7
176947,9,6,2,2,4,1,0,6,1,3,4,7
176947,10,7,1,0,1,0,0,1,0,0,1,1
176947,10,7,2,0,1,0,0,1,0,0,1,1
176947,11,8,1,1,3,0,0,4,0,1,3,4
176947,11,8,2,1,3,0,0,4,0,1,3,4
176947,12,9,1,0,0,0,1,0,1,0,1,1
176947,12,9,2,0,0,0,1,0,1,0,1,1
176965,1,412,1,3010,3764,1148,2037,6774,3185,4158,5801,9959
176965,1,112,2,2688,3321,676,944,6009,1620,3364,4265,7629
176965,1,312,5,322,443,472,1093,765,1565,794,1536,2330
176965,2,999,1,2574,3275,502,794,5849,1296,3076,4069,7145
176965,2,999,2,2431,3065,430,617,5496,1047,2861,3682,6543
176965,2,999,5,143,210,72,177,353,249,215,387,602
176965,3,1,1,10,16,202,372,26,574,212,388,600
176965,3,1,2,10,16,202,372,26,574,212,388,600
176965,4,2,1,830,1076,54,56,1906,110,884,1132,2016
176965,4,2,2,830,1076,54,56,1906,110,884,1132,2016
176965,5,3,1,1044,1485,52,81,2529,133,1096,1566,2662
176965,5,3,2,1042,1472,50,77,2514,127,1092,1549,2641
176965,5,3,5,2,13,2,4,15,6,4,17,21
176965,6,4,1,690,698,194,285,1388,479,884,983,1867
176965,6,4,2,549,501,124,112,1050,236,673,613,1286
176965,6,4,5,141,197,70,173,338,243,211,370,581
176965,7,999,1,425,475,643,1233,900,1876,1068,1708,2776
176965,7,999,2,246,243,244,325,489,569,490,568,1058
176965,7,999,5,179,232,399,908,411,1307,578,1140,1718
176965,8,5,1,281,280,205,458,561,663,486,738,1224
176965,8,5,2,154,122,82,103,276,185,236,225,461
176965,8,5,5,127,158,123,355,285,478,250,513,763
176965,9,6,1,68,97,143,256,165,399,211,353,564
176965,9,6,2,42,58,50,71,100,121,92,129,221
176965,9,6,5,26,39,93,185,65,278,119,224,343
176965,10,7,1,36,36,91,173,72,264,127,209,336
176965,10,7,2,22,21,36,49,43,85,58,70,128
176965,10,7,5,14,15,55,124,29,179,69,139,208
176965,11,8,1,30,50,134,240,80,374,164,290,454
176965,11,8,2,20,33,47,62,53,109,67,95,162
176965,11,8,5,10,17,87,178,27,265,97,195,292
176965,12,9,1,9,11,63,102,20,165,72,113,185
176965,12,9,2,7,9,23,39,16,62,30,48,78
176965,12,9,5,2,2,40,63,4,103,42,65,107
176965,13,10,1,1,1,7,4,2,11,8,5,13
176965,13,10,2,1,0,6,1,1,7,7,1,8
176965,13,10,5,0,1,1,3,1,4,1,4,5
176965,14,11,1,11,14,3,10,25,13,14,24,38
176965,14,11,2,11,13,2,2,24,4,13,15,28
176965,14,11,5,0,1,1,8,1,9,1,9,10
177065,1,412,1,1223,2006,2239,2879,3229,5118,3462,4885,8347
177065,1,112,2,1192,1970,2089,2610,3162,4699,3281,4580,7861
177065,1,312,5,31,36,150,269,67,419,181,305,486
177065,2,999,1,485,823,471,568,1308,1039,956,1391,2347
177065,2,999,2,473,807,460,546,1280,1006,933,1353,2286
177065,2,999,5,12,16,11,22,28,33,23,38,61
177065,3,1,1,2,1,2,14,3,16,4,15,19
177065,3,1,2,2,1,2,14,3,16,4,15,19
177065,4,2,1,103,217,50,72,320,122,153,289,442
177065,4,2,2,103,217,50,72,320,122,153,289,442
177065,5,3,1,157,302,141,147,459,288,298,449,747
177065,5,3,2,157,302,141,147,459,288,298,449,747
177065,6,4,1,223,303,278,335,526,613,501,638,1139
177065,6,4,2,211,287,267,313,498,580,478,600,1078
177065,6,4,5,12,16,11,22,28,33,23,38,61
177065,7,999,1,738,1183,1768,2311,1921,4079,2506,3494,6000
177065,7,999,2,719,1163,1629,2064,1882,3693,2348,3227,5575
177065,7,999,5,19,20,139,247,39,386,158,267,425
177065,8,5,1,220,426,444,670,646,1114,664,1096,1760
177065,8,5,2,217,416,425,613,633,1038,642,1029,1671
177065,8,5,5,3,10,19,57,13,76,22,67,89
177065,9,6,1,190,320,404,540,510,944,594,860,1454
177065,9,6,2,187,317,383,492,504,875,570,809,1379
177065,9,6,5,3,3,21,48,6,69,24,51,75
177065,10,7,1,131,153,401,405,284,806,532,558,1090
177065,10,7,2,127,149,366,357,276,723,493,506,999
177065,10,7,5,4,4,35,48,8,83,39,52,91
177065,11,8,1,151,214,372,471,365,843,523,685,1208
177065,11,8,2,144,211,327,414,355,741,471,625,1096
177065,11,8,5,7,3,45,57,10,102,52,60,112
177065,12,9,1,44,68,145,212,112,357,189,280,469
177065,12,9,2,42,68,126,178,110,304,168,246,414
177065,12,9,5,2,0,19,34,2,53,21,34,55
177065,13,10,1,2,2,2,13,4,15,4,15,19
177065,13,10,2,2,2,2,10,4,12,4,12,16
177065,13,10,5,0,0,0,3,0,3,0,3,3
177126,1,412,1,119,51,249,174,170,423,368,225,593
177126,1,312,5,119,51,249,174,170,423,368,225,593
177126,2,999,1,20,7,23,19,27,42,43,26,69
177126,2,999,5,20,7,23,19,27,42,43,26,69
177126,5,3,1,1,0,1,0,1,1,2,0,2
177126,5,3,5,1,0,1,0,1,1,2,0,2
177126,6,4,1,19,7,22,19,26,41,41,26,67
177126,6,4,5,19,7,22,19,26,41,41,26,67
177126,7,999,1,99,44,226,154,143,380,325,198,523
177126,7,999,5,99,44,226,154,143,380,325,198,523
177126,8,5,1,56,26,70,53,82,123,126,79,205
177126,8,5,5,56,26,70,53,82,123,126,79,205
177126,9,6,1,19,7,65,23,26,88,84,30,114
177126,9,6,5,19,7,65,23,26,88,84,30,114
177126,10,7,1,9,4,37,19,13,56,46,23,69
177126,10,7,5,9,4,37,19,13,56,46,23,69
177126,11,8,1,10,5,28,34,15,62,38,39,77
177126,11,8,5,10,5,28,34,15,62,38,39,77
177126,12,9,1,5,2,25,22,7,47,30,24,54
177126,12,9,5,5,2,25,22,7,47,30,24,54
177126,13,10,1,0,0,1,3,0,4,1,3,4
177126,13,10,5,0,0,1,3,0,4,1,3,4
177126,14,11,1,0,0,0,1,0,1,0,1,1
177126,14,11,5,0,0,0,1,0,1,0,1,1
177135,1,412,1,752,1116,771,1555,1868,2326,1523,2671,4194
177135,1,112,2,752,1116,771,1555,1868,2326,1523,2671,4194
177135,2,999,1,656,954,621,1129,1610,1750,1277,2083,3360
177135,2,999,2,656,954,621,1129,1610,1750,1277,2083,3360
177135,3,1,1,37,52,405,688,89,1093,442,740,1182
177135,3,1,2,37,52,405,688,89,1093,442,740,1182
177135,4,2,1,457,682,80,116,1139,196,537,798,1335
177135,4,2,2,457,682,80,116,1139,196,537,798,1335
177135,5,3,1,117,137,74,188,254,262,191,325,516
177135,5,3,2,117,137,74,188,254,262,191,325,516
177135,6,4,1,45,83,62,137,128,199,107,220,327
177135,6,4,2,45,83,62,137,128,199,107,220,327
177135,7,999,1,96,162,137,418,258,555,233,580,813
177135,7,999,2,96,162,137,418,258,555,233,580,813
177135,8,5,1,46,60,57,169,106,226,103,229,332
177135,8,5,2,46,60,57,169,106,226,103,229,332
177135,9,6,1,30,39,30,96,69,126,60,135,195
177135,9,6,2,30,39,30,96,69,126,60,135,195
177135,10,7,1,7,33,24,61,40,85,31,94,125
177135,10,7,2,7,33,24,61,40,85,31,94,125
177135,11,8,1,10,20,26,78,30,104,36,98,134
177135,11,8,2,10,20,26,78,30,104,36,98,134
177135,12,9,1,3,10,0,13,13,13,3,23,26
177135,12,9,2,3,10,0,13,13,13,3,23,26
177135,13,10,1,0,0,0,1,0,1,0,1,1
177135,13,10,2,0,0,0,1,0,1,0,1,1
177135,14,11,1,0,0,13,8,0,21,13,8,21
177135,14,11,2,0,0,13,8,0,21,13,8,21
177144,1,412,1,517,422,27,40,939,67,544,462,1006
177144,1,112,2,497,390,27,40,887,67,524,430,954
177144,1,312,5,20,32,0,0,52,0,20,32,52
177144,2,999,1,502,399,19,33,901,52,521,432,953
177144,2,999,2,490,381,19,33,871,52,509,414,923
177144,2,999,5,12,18,0,0,30,0,12,18,30
177144,3,1,1,4,3,11,19,7,30,15,22,37
177144,3,1,2,4,3,11,19,7,30,15,22,37
177144,4,2,1,251,182,0,5,433,5,251,187,438
177144,4,2,2,251,182,0,5,433,5,251,187,438
177144,5,3,1,177,175,2,2,352,4,179,177,356
177144,5,3,2,177,172,2,2,349,4,179,174,353
177144,5,3,5,0,3,0,0,3,0,0,3,3
177144,6,4,1,70,39,6,7,109,13,76,46,122
177144,6,4,2,58,24,6,7,82,13,64,31,95
177144,6,4,5,12,15,0,0,27,0,12,15,27
177144,7,999,1,15,23,7,6,38,13,22,29,51
177144,7,999,2,7,9,7,6,16,13,14,15,29
177144,7,999,5,8,14,0,0,22,0,8,14,22
177144,8,5,1,10,11,2,4,21,6,12,15,27
177144,8,5,2,4,7,2,4,11,6,6,11,17
177144,8,5,5,6,4,0,0,10,0,6,4,10
177144,9,6,1,2,9,2,1,11,3,4,10,14
177144,9,6,2,2,1,2,1,3,3,4,2,6
177144,9,6,5,0,8,0,0,8,0,0,8,8
177144,10,7,1,2,1,2,0,3,2,4,1,5
177144,10,7,2,1,1,2,0,2,2,3,1,4
177144,10,7,5,1,0,0,0,1,0,1,0,1
177144,11,8,1,1,2,1,1,3,2,2,3,5
177144,11,8,2,0,0,1,1,0,2,1,1,2
177144,11,8,5,1,2,0,0,3,0,1,2,3
177144,14,11,1,0,0,1,1,0,2,1,1,2
177144,14,11,2,0,0,1,1,0,2,1,1,2
177214,1,412,1,609,800,94,188,1409,282,703,988,1691
177214,1,112,2,603,780,10,16,1383,26,613,796,1409
177214,1,312,5,6,20,84,172,26,256,90,192,282
177214,2,999,1,587,773,17,36,1360,53,604,809,1413
177214,2,999,2,585,764,4,12,1349,16,589,776,1365
177214,2,999,5,2,9,13,24,11,37,15,33,48
177214,3,1,1,0,3,0,0,3,0,0,3,3
177214,3,1,2,0,3,0,0,3,0,0,3,3
177214,4,2,1,187,259,0,0,446,0,187,259,446
177214,4,2,2,187,259,0,0,446,0,187,259,446
177214,5,3,1,240,334,0,2,574,2,240,336,576
177214,5,3,2,240,334,0,0,574,0,240,334,574
177214,5,3,5,0,0,0,2,0,2,0,2,2
177214,6,4,1,160,177,17,34,337,51,177,211,388
177214,6,4,2,158,168,4,12,326,16,162,180,342
177214,6,4,5,2,9,13,22,11,35,15,31,46
177214,7,999,1,22,27,77,152,49,229,99,179,278
177214,7,999,2,18,16,6,4,34,10,24,20,44
177214,7,999,5,4,11,71,148,15,219,75,159,234
177214,8,5,1,14,11,26,47,25,73,40,58,98
177214,8,5,2,13,7,3,2,20,5,16,9,25
177214,8,5,5,1,4,23,45,5,68,24,49,73
177214,9,6,1,6,8,15,30,14,45,21,38,59
177214,9,6,2,5,6,2,0,11,2,7,6,13
177214,9,6,5,1,2,13,30,3,43,14,32,46
177214,10,7,1,1,1,15,23,2,38,16,24,40
177214,10,7,5,1,1,15,23,2,38,16,24,40
177214,11,8,1,1,4,19,37,5,56,20,41,61
177214,11,8,2,0,2,1,2,2,3,1,4,5
177214,11,8,5,1,2,18,35,3,53,19,37,56
177214,12,9,1,0,1,2,15,1,17,2,16,18
177214,12,9,5,0,1,2,15,1,17,2,16,18
177214,13,10,1,0,2,0,0,2,0,0,2,2
177214,13,10,2,0,1,0,0,1,0,0,1,1
177214,13,10,5,0,1,0,0,1,0,0,1,1
177250,1,412,1,446,699,525,923,1145,1448,971,1622,2593
177250,1,112,2,446,699,525,923,1145,1448,971,1622,2593
177250,2,999,1,405,618,387,633,1023,1020,792,1251,2043
177250,2,999,2,405,618,387,633,1023,1020,792,1251,2043
177250,3,1,1,14,33,185,316,47,501,199,349,548
177250,3,1,2,14,33,185,316,47,501,199,349,548
177250,4,2,1,273,450,85,127,723,212,358,577,935
177250,4,2,2,273,450,85,127,723,212,358,577,935
177250,5,3,1,94,93,74,107,187,181,168,200,368
177250,5,3,2,94,93,74,107,187,181,168,200,368
177250,6,4,1,24,42,43,83,66,126,67,125,192
177250,6,4,2,24,42,43,83,66,126,67,125,192
177250,7,999,1,40,80,138,290,120,428,178,370,548
177250,7,999,2,40,80,138,290,120,428,178,370,548
177250,8,5,1,21,30,50,92,51,142,71,122,193
177250,8,5,2,21,30,50,92,51,142,71,122,193
177250,9,6,1,7,20,24,69,27,93,31,89,120
177250,9,6,2,7,20,24,69,27,93,31,89,120
177250,10,7,1,7,10,20,52,17,72,27,62,89
177250,10,7,2,7,10,20,52,17,72,27,62,89
177250,11,8,1,2,16,36,51,18,87,38,67,105
177250,11,8,2,2,16,36,51,18,87,38,67,105
177250,12,9,1,3,4,8,22,7,30,11,26,37
177250,12,9,2,3,4,8,22,7,30,11,26,37
177250,13,10,1,0,0,0,4,0,4,0,4,4
177250,13,10,2,0,0,0,4,0,4,0,4,4
177250,14,11,1,1,1,0,0,2,0,1,1,2
177250,14,11,2,1,1,0,0,2,0,1,1,2
177418,1,412,1,312,551,69,180,863,249,381,731,1112
177418,1,112,2,288,440,26,62,728,88,314,502,816
177418,1,312,5,24,111,43,118,135,161,67,229,296
177418,2,999,1,273,441,21,32,714,53,294,473,767
177418,2,999,2,265,380,13,14,645,27,278,394,672
177418,2,999,5,8,61,8,18,69,26,16,79,95
177418,3,1,1,0,1,0,0,1,0,0,1,1
177418,3,1,2,0,1,0,0,1,0,0,1,1
177418,4,2,1,114,168,6,4,282,10,120,172,292
177418,4,2,2,114,168,6,4,282,10,120,172,292
177418,5,3,1,97,149,1,3,246,4,98,152,250
177418,5,3,2,97,146,1,3,243,4,98,149,247
177418,5,3,5,0,3,0,0,3,0,0,3,3
177418,6,4,1,62,123,14,25,185,39,76,148,224
177418,6,4,2,54,65,6,7,119,13,60,72,132
177418,6,4,5,8,58,8,18,66,26,16,76,92
177418,7,999,1,39,108,48,148,147,196,87,256,343
177418,7,999,2,23,59,13,48,82,61,36,107,143
177418,7,999,5,16,49,35,100,65,135,51,149,200
177418,8,5,1,23,54,14,40,77,54,37,94,131
177418,8,5,2,12,26,4,10,38,14,16,36,52
177418,8,5,5,11,28,10,30,39,40,21,58,79
177418,9,6,1,5,23,11,22,28,33,16,45,61
177418,9,6,2,3,13,3,8,16,11,6,21,27
177418,9,6,5,2,10,8,14,12,22,10,24,34
177418,10,7,1,7,14,7,26,21,33,14,40,54
177418,10,7,2,4,8,1,3,12,4,5,11,16
177418,10,7,5,3,6,6,23,9,29,9,29,38
177418,11,8,1,4,9,11,37,13,48,15,46,61
177418,11,8,2,4,6,5,17,10,22,9,23,32
177418,11,8,5,0,3,6,20,3,26,6,23,29
177418,12,9,1,0,8,2,22,8,24,2,30,32
177418,12,9,2,0,6,0,10,6,10,0,16,16
177418,12,9,5,0,2,2,12,2,14,2,14,16
177418,13,10,1,0,0,3,1,0,4,3,1,4
177418,13,10,5,0,0,3,1,0,4,3,1,4
177418,14,11,1,0,2,0,0,2,0,0,2,2
177418,14,11,2,0,1,0,0,1,0,0,1,1
177418,14,11,5,0,1,0,0,1,0,0,1,1
177676,1,412,1,672,1039,703,1326,1711,2029,1375,2365,3740
177676,1,112,2,672,1039,703,1326,1711,2029,1375,2365,3740
177676,2,999,1,600,904,551,883,1504,1434,1151,1787,2938
177676,2,999,2,600,904,551,883,1504,1434,1151,1787,2938
177676,3,1,1,35,83,311,451,118,762,346,534,880
177676,3,1,2,35,83,311,451,118,762,346,534,880
177676,4,2,1,391,579,103,132,970,235,494,711,1205
177676,4,2,2,391,579,103,132,970,235,494,711,1205
177676,5,3,1,124,172,87,162,296,249,211,334,545
177676,5,3,2,124,172,87,162,296,249,211,334,545
177676,6,4,1,50,70,50,138,120,188,100,208,308
177676,6,4,2,50,70,50,138,120,188,100,208,308
177676,7,999,1,72,133,152,443,205,595,224,576,800
177676,7,999,2,72,133,152,443,205,595,224,576,800
177676,8,5,1,26,44,49,136,70,185,75,180,255
177676,8,5,2,26,44,49,136,70,185,75,180,255
177676,9,6,1,25,41,29,110,66,139,54,151,205
177676,9,6,2,25,41,29,110,66,139,54,151,205
177676,10,7,1,10,23,21,89,33,110,31,112,143
177676,10,7,2,10,23,21,89,33,110,31,112,143
177676,11,8,1,10,22,36,71,32,107,46,93,139
177676,11,8,2,10,22,36,71,32,107,46,93,139
177676,12,9,1,1,2,14,35,3,49,15,37,52
177676,12,9,2,1,2,14,35,3,49,15,37,52
177676,13,10,1,0,1,3,2,1,5,3,3,6
177676,13,10,2,0,1,3,2,1,5,3,3,6
177676,14,11,1,0,2,0,0,2,0,0,2,2
177676,14,11,2,0,2,0,0,2,0,0,2,2
177685,1,412,1,4,87,0,0,91,0,4,87,91
177685,1,112,2,4,87,0,0,91,0,4,87,91
177685,2,999,1,3,60,0,0,63,0,3,60,63
177685,2,999,2,3,60,0,0,63,0,3,60,63
177685,4,2,1,2,29,0,0,31,0,2,29,31
177685,4,2,2,2,29,0,0,31,0,2,29,31
177685,5,3,1,1,24,0,0,25,0,1,24,25
177685,5,3,2,1,24,0,0,25,0,1,24,25
177685,6,4,1,0,7,0,0,7,0,0,7,7
177685,6,4,2,0,7,0,0,7,0,0,7,7
177685,7,999,1,1,27,0,0,28,0,1,27,28
177685,7,999,2,1,27,0,0,28,0,1,27,28
177685,8,5,1,0,15,0,0,15,0,0,15,15
177685,8,5,2,0,15,0,0,15,0,0,15,15
177685,9,6,1,0,8,0,0,8,0,0,8,8
177685,9,6,2,0,8,0,0,8,0,0,8,8
177685,10,7,1,1,0,0,0,1,0,1,0,1
177685,10,7,2,1,0,0,0,1,0,1,0,1
177685,11,8,1,0,3,0,0,3,0,0,3,3
177685,11,8,2,0,3,0,0,3,0,0,3,3
177685,12,9,1,0,1,0,0,1,0,0,1,1
177685,12,9,2,0,1,0,0,1,0,0,1,1
177940,1,412,1,555,799,245,413,1354,658,800,1212,2012
177940,1,112,2,536,776,214,366,1312,580,750,1142,1892
177940,1,312,5,19,23,31,47,42,78,50,70,120
177940,2,999,1,491,723,188,281,1214,469,679,1004,1683
177940,2,999,2,486,712,184,271,1198,455,670,983,1653
177940,2,999,5,5,11,4,10,16,14,9,21,30
177940,3,1,1,6,11,148,184,17,332,154,195,349
177940,3,1,2,6,11,148,184,17,332,154,195,349
177940,4,2,1,207,327,17,29,534,46,224,356,580
177940,4,2,2,207,327,17,29,534,46,224,356,580
177940,5,3,1,165,236,4,18,401,22,169,254,423
177940,5,3,2,165,236,4,18,401,22,169,254,423
177940,6,4,1,113,149,19,50,262,69,132,199,331
177940,6,4,2,108,138,15,40,246,55,123,178,301
177940,6,4,5,5,11,4,10,16,14,9,21,30
177940,7,999,1,64,76,57,132,140,189,121,208,329
177940,7,999,2,50,64,30,95,114,125,80,159,239
177940,7,999,5,14,12,27,37,26,64,41,49,90
177940,8,5,1,29,41,24,47,70,71,53,88,141
177940,8,5,2,27,37,12,36,64,48,39,73,112
177940,8,5,5,2,4,12,11,6,23,14,15,29
177940,9,6,1,24,12,11,26,36,37,35,38,73
177940,9,6,2,18,11,7,18,29,25,25,29,54
177940,9,6,5,6,1,4,8,7,12,10,9,19
177940,10,7,1,6,9,7,27,15,34,13,36,49
177940,10,7,2,4,6,3,23,10,26,7,29,36
177940,10,7,5,2,3,4,4,5,8,6,7,13
177940,11,8,1,5,9,10,25,14,35,15,34,49
177940,11,8,2,1,8,5,16,9,21,6,24,30
177940,11,8,5,4,1,5,9,5,14,9,10,19
177940,12,9,1,0,5,3,7,5,10,3,12,15
177940,12,9,2,0,2,1,2,2,3,1,4,5
177940,12,9,5,0,3,2,5,3,7,2,8,10
177940,13,10,1,0,0,2,0,0,2,2,0,2
177940,13,10,2,0,0,2,0,0,2,2,0,2
177968,1,412,1,2108,2834,767,1673,4942,2440,2875,4507,7382
177968,1,112,2,1861,2338,275,348,4199,623,2136,2686,4822
177968,1,312,5,247,496,492,1325,743,1817,739,1821,2560
177968,2,999,1,1623,2079,135,230,3702,365,1758,2309,4067
177968,2,999,2,1558,1947,88,105,3505,193,1646,2052,3698
177968,2,999,5,65,132,47,125,197,172,112,257,369
177968,3,1,1,1,6,10,13,7,23,11,19,30
177968,3,1,2,1,6,10,13,7,23,11,19,30
177968,4,2,1,381,622,9,13,1003,22,390,635,1025
177968,4,2,2,381,622,9,13,1003,22,390,635,1025
177968,5,3,1,684,863,10,14,1547,24,694,877,1571
177968,5,3,2,682,860,9,12,1542,21,691,872,1563
177968,5,3,5,2,3,1,2,5,3,3,5,8
177968,6,4,1,557,588,106,190,1145,296,663,778,1441
177968,6,4,2,494,459,60,67,953,127,554,526,1080
177968,6,4,5,63,129,46,123,192,169,109,252,361
177968,7,999,1,485,755,597,1442,1240,2039,1082,2197,3279
177968,7,999,2,303,391,153,243,694,396,456,634,1090
177968,7,999,5,182,364,444,1199,546,1643,626,1563,2189
177968,8,5,1,230,302,165,431,532,596,395,733,1128
177968,8,5,2,156,146,53,60,302,113,209,206,415
177968,8,5,5,74,156,112,371,230,483,186,527,713
177968,9,6,1,106,166,147,296,272,443,253,462,715
177968,9,6,2,63,98,40,56,161,96,103,154,257
177968,9,6,5,43,68,107,240,111,347,150,308,458
177968,10,7,1,60,106,71,200,166,271,131,306,437
177968,10,7,2,39,66,0,49,105,49,39,115,154
177968,10,7,5,21,40,71,151,61,222,92,191,283
177968,11,8,1,67,123,128,319,190,447,195,442,637
177968,11,8,2,35,64,37,53,99,90,72,117,189
177968,11,8,5,32,59,91,266,91,357,123,325,448
177968,12,9,1,21,47,71,179,68,250,92,226,318
177968,12,9,2,10,16,22,25,26,47,32,41,73
177968,12,9,5,11,31,49,154,42,203,60,185,245
177968,13,10,1,1,11,15,17,12,32,16,28,44
177968,13,10,2,0,1,1,0,1,1,1,1,2
177968,13,10,5,1,10,14,17,11,31,15,27,42
177968,14,11,1,0,0,35,1,0,36,35,1,36
177968,14,11,2,0,0,34,0,0,34,34,0,34
177968,14,11,5,0,0,1,1,0,2,1,1,2
177977,1,412,1,1304,240,163,49,1544,212,1467,289,1756
177977,1,112,2,1304,240,163,49,1544,212,1467,289,1756
177977,2,999,1,1242,219,108,38,1461,146,1350,257,1607
177977,2,999,2,1242,219,108,38,1461,146,1350,257,1607
177977,3,1,1,0,2,1,0,2,1,1,2,3
177977,3,1,2,0,2,1,0,2,1,1,2,3
177977,4,2,1,854,139,43,15,993,58,897,154,1051
177977,4,2,2,854,139,43,15,993,58,897,154,1051
177977,5,3,1,323,59,46,15,382,61,369,74,443
177977,5,3,2,323,59,46,15,382,61,369,74,443
177977,6,4,1,65,19,18,8,84,26,83,27,110
177977,6,4,2,65,19,18,8,84,26,83,27,110
177977,7,999,1,62,21,55,10,83,65,117,31,148
177977,7,999,2,62,21,55,10,83,65,117,31,148
177977,8,5,1,31,7,19,5,38,24,50,12,62
177977,8,5,2,31,7,19,5,38,24,50,12,62
177977,9,6,1,14,5,10,2,19,12,24,7,31
177977,9,6,2,14,5,10,2,19,12,24,7,31
177977,10,7,1,9,4,12,0,13,12,21,4,25
177977,10,7,2,9,4,12,0,13,12,21,4,25
177977,11,8,1,5,5,11,1,10,12,16,6,22
177977,11,8,2,5,5,11,1,10,12,16,6,22
177977,12,9,1,3,0,1,2,3,3,4,2,6
177977,12,9,2,3,0,1,2,3,3,4,2,6
177977,13,10,1,0,0,2,0,0,2,2,0,2
177977,13,10,2,0,0,2,0,0,2,2,0,2
177977,14,11,1,0,0,0,1,0,1,0,1,1
177977,14,11,2,0,0,0,1,0,1,0,1,1
177986,1,412,1,597,566,201,442,1163,643,798,1008,1806
177986,1,112,2,46,105,59,110,151,169,105,215,320
177986,1,312,5,551,461,142,332,1012,474,693,793,1486
177986,2,999,1,262,293,39,84,555,123,301,377,678
177986,2,999,2,23,62,25,39,85,64,48,101,149
177986,2,999,5,239,231,14,45,470,59,253,276,529
177986,3,1,1,0,1,10,9,1,19,10,10,20
177986,3,1,2,0,1,10,9,1,19,10,10,20
177986,4,2,1,4,19,8,5,23,13,12,24,36
177986,4,2,2,4,19,8,5,23,13,12,24,36
177986,5,3,1,29,38,2,5,67,7,31,43,74
177986,5,3,2,9,19,2,4,28,6,11,23,34
177986,5,3,5,20,19,0,1,39,1,20,20,40
177986,6,4,1,229,235,19,65,464,84,248,300,548
177986,6,4,2,10,23,5,21,33,26,15,44,59
177986,6,4,5,219,212,14,44,431,58,233,256,489
177986,7,999,1,335,273,162,358,608,520,497,631,1128
177986,7,999,2,23,43,34,71,66,105,57,114,171
177986,7,999,5,312,230,128,287,542,415,440,517,957
177986,8,5,1,248,177,67,152,425,219,315,329,644
177986,8,5,2,11,25,13,26,36,39,24,51,75
177986,8,5,5,237,152,54,126,389,180,291,278,569
177986,9,6,1,58,49,39,69,107,108,97,118,215
177986,9,6,2,7,12,14,17,19,31,21,29,50
177986,9,6,5,51,37,25,52,88,77,76,89,165
177986,10,7,1,19,20,27,66,39,93,46,86,132
177986,10,7,2,4,2,5,19,6,24,9,21,30
177986,10,7,5,15,18,22,47,33,69,37,65,102
177986,11,8,1,7,19,16,52,26,68,23,71,94
177986,11,8,2,0,4,1,9,4,10,1,13,14
177986,11,8,5,7,15,15,43,22,58,22,58,80
177986,12,9,1,3,8,12,18,11,30,15,26,41
177986,12,9,2,1,0,1,0,1,1,2,0,2
177986,12,9,5,2,8,11,18,10,29,13,26,39
177986,13,10,1,0,0,1,1,0,2,1,1,2
177986,13,10,5,0,0,1,1,0,2,1,1,2
177995,1,412,1,2522,3393,2564,4606,5915,7170,5086,7999,13085
177995,1,112,2,2522,3393,2564,4606,5915,7170,5086,7999,13085
177995,2,999,1,2211,2901,1648,2497,5112,4145,3859,5398,9257
177995,2,999,2,2211,2901,1648,2497,5112,4145,3859,5398,9257
177995,3,1,1,126,187,353,505,313,858,479,692,1171
177995,3,1,2,126,187,353,505,313,858,479,692,1171
177995,4,2,1,1388,1821,430,608,3209,1038,1818,2429,4247
177995,4,2,2,1388,1821,430,608,3209,1038,1818,2429,4247
177995,5,3,1,502,592,500,705,1094,1205,1002,1297,2299
177995,5,3,2,502,592,500,705,1094,1205,1002,1297,2299
177995,6,4,1,195,301,365,679,496,1044,560,980,1540
177995,6,4,2,195,301,365,679,496,1044,560,980,1540
177995,7,999,1,311,492,916,2109,803,3025,1227,2601,3828
177995,7,999,2,311,492,916,2109,803,3025,1227,2601,3828
177995,8,5,1,154,229,346,752,383,1098,500,981,1481
177995,8,5,2,154,229,346,752,383,1098,500,981,1481
177995,9,6,1,71,122,199,495,193,694,270,617,887
177995,9,6,2,71,122,199,495,193,694,270,617,887
177995,10,7,1,36,59,149,341,95,490,185,400,585
177995,10,7,2,36,59,149,341,95,490,185,400,585
177995,11,8,1,36,69,144,340,105,484,180,409,589
177995,11,8,2,36,69,144,340,105,484,180,409,589
177995,12,9,1,12,13,65,155,25,220,77,168,245
177995,12,9,2,12,13,65,155,25,220,77,168,245
177995,13,10,1,2,0,13,26,2,39,15,26,41
177995,13,10,2,2,0,13,26,2,39,15,26,41
178217,1,412,1,468,891,340,711,1359,1051,808,1602,2410
178217,1,112,2,468,891,340,711,1359,1051,808,1602,2410
178217,2,999,1,408,695,278,574,1103,852,686,1269,1955
178217,2,999,2,408,695,278,574,1103,852,686,1269,1955
178217,3,1,1,20,66,172,352,86,524,192,418,610
178217,3,1,2,20,66,172,352,86,524,192,418,610
178217,4,2,1,270,426,48,113,696,161,318,539,857
178217,4,2,2,270,426,48,113,696,161,318,539,857
178217,5,3,1,93,153,34,62,246,96,127,215,342
178217,5,3,2,93,153,34,62,246,96,127,215,342
178217,6,4,1,25,50,24,47,75,71,49,97,146
178217,6,4,2,25,50,24,47,75,71,49,97,146
178217,7,999,1,60,195,62,136,255,198,122,331,453
178217,7,999,2,60,195,62,136,255,198,122,331,453
178217,8,5,1,26,74,21,45,100,66,47,119,166
178217,8,5,2,26,74,21,45,100,66,47,119,166
178217,9,6,1,12,61,14,21,73,35,26,82,108
178217,9,6,2,12,61,14,21,73,35,26,82,108
178217,10,7,1,9,26,10,26,35,36,19,52,71
178217,10,7,2,9,26,10,26,35,36,19,52,71
178217,11,8,1,10,29,11,33,39,44,21,62,83
178217,11,8,2,10,29,11,33,39,44,21,62,83
178217,12,9,1,2,5,5,11,7,16,7,16,23
178217,12,9,2,2,5,5,11,7,16,7,16,23
178217,13,10,1,1,0,1,0,1,1,2,0,2
178217,13,10,2,1,0,1,0,1,1,2,0,2
178217,14,11,1,0,1,0,1,1,1,0,2,2
178217,14,11,2,0,1,0,1,1,1,0,2,2
178341,1,412,1,1328,2148,596,973,3476,1569,1924,3121,5045
178341,1,112,2,1316,2127,573,911,3443,1484,1889,3038,4927
178341,1,312,5,12,21,23,62,33,85,35,83,118
178341,2,999,1,1148,1814,391,603,2962,994,1539,2417,3956
178341,2,999,2,1143,1805,383,585,2948,968,1526,2390,3916
178341,2,999,5,5,9,8,18,14,26,13,27,40
178341,3,1,1,34,63,166,324,97,490,200,387,587
178341,3,1,2,34,63,166,324,97,490,200,387,587
178341,4,2,1,744,1280,114,108,2024,222,858,1388,2246
178341,4,2,2,744,1279,114,107,2023,221,858,1386,2244
178341,4,2,5,0,1,0,1,1,1,0,2,2
178341,5,3,1,226,311,42,75,537,117,268,386,654
178341,5,3,2,225,310,42,74,535,116,267,384,651
178341,5,3,5,1,1,0,1,2,1,1,2,3
178341,6,4,1,144,160,69,96,304,165,213,256,469
178341,6,4,2,140,153,61,80,293,141,201,233,434
178341,6,4,5,4,7,8,16,11,24,12,23,35
178341,7,999,1,180,334,205,370,514,575,385,704,1089
178341,7,999,2,173,322,190,326,495,516,363,648,1011
178341,7,999,5,7,12,15,44,19,59,22,56,78
178341,8,5,1,93,135,68,114,228,182,161,249,410
178341,8,5,2,92,128,60,104,220,164,152,232,384
178341,8,5,5,1,7,8,10,8,18,9,17,26
178341,9,6,1,42,87,46,91,129,137,88,178,266
178341,9,6,2,40,86,42,82,126,124,82,168,250
178341,9,6,5,2,1,4,9,3,13,6,10,16
178341,10,7,1,22,56,29,63,78,92,51,119,170
178341,10,7,2,21,55,29,59,76,88,50,114,164
178341,10,7,5,1,1,0,4,2,4,1,5,6
178341,11,8,1,17,47,37,75,64,112,54,122,176
178341,11,8,2,15,44,35,59,59,94,50,103,153
178341,11,8,5,2,3,2,16,5,18,4,19,23
178341,12,9,1,6,9,18,26,15,44,24,35,59
178341,12,9,2,5,9,17,21,14,38,22,30,52
178341,12,9,5,1,0,1,5,1,6,2,5,7
178341,13,10,1,0,0,7,1,0,8,7,1,8
178341,13,10,2,0,0,7,1,0,8,7,1,8
178369,1,412,1,750,554,131,247,1304,378,881,801,1682
178369,1,112,2,742,543,120,235,1285,355,862,778,1640
178369,1,312,5,8,11,11,12,19,23,19,23,42
178369,2,999,1,721,504,125,224,1225,349,846,728,1574
178369,2,999,2,716,494,116,218,1210,334,832,712,1544
178369,2,999,5,5,10,9,6,15,15,14,16,30
178369,3,1,1,173,113,104,205,286,309,277,318,595
178369,3,1,2,173,113,104,205,286,309,277,318,595
178369,4,2,1,174,113,4,2,287,6,178,115,293
178369,4,2,2,174,113,4,2,287,6,178,115,293
178369,5,3,1,235,195,1,6,430,7,236,201,437
178369,5,3,2,235,195,1,6,430,7,236,201,437
178369,6,4,1,139,83,16,11,222,27,155,94,249
178369,6,4,2,134,73,7,5,207,12,141,78,219
178369,6,4,5,5,10,9,6,15,15,14,16,30
178369,7,999,1,29,50,6,23,79,29,35,73,108
178369,7,999,2,26,49,4,17,75,21,30,66,96
178369,7,999,5,3,1,2,6,4,8,5,7,12
178369,8,5,1,25,23,3,6,48,9,28,29,57
178369,8,5,2,22,22,1,3,44,4,23,25,48
178369,8,5,5,3,1,2,3,4,5,5,4,9
178369,9,6,1,2,5,1,6,7,7,3,11,14
178369,9,6,2,2,5,1,4,7,5,3,9,12
178369,9,6,5,0,0,0,2,0,2,0,2,2
178369,10,7,1,2,12,1,5,14,6,3,17,20
178369,10,7,2,2,12,1,5,14,6,3,17,20
178369,11,8,1,0,8,1,3,8,4,1,11,12
178369,11,8,2,0,8,1,2,8,3,1,10,11
178369,11,8,5,0,0,0,1,0,1,0,1,1
178369,12,9,1,0,1,0,2,1,2,0,3,3
178369,12,9,2,0,1,0,2,1,2,0,3,3
178369,13,10,1,0,1,0,1,1,1,0,2,2
178369,13,10,2,0,1,0,1,1,1,0,2,2
178387,1,412,1,1218,1888,626,1179,3106,1805,1844,3067,4911
178387,1,112,2,1184,1855,590,1088,3039,1678,1774,2943,4717
178387,1,312,5,34,33,36,91,67,127,70,124,194
178387,2,999,1,1101,1690,513,934,2791,1447,1614,2624,4238
178387,2,999,2,1085,1668,504,926,2753,1430,1589,2594,4183
178387,2,999,5,16,22,9,8,38,17,25,30,55
178387,3,1,1,7,24,325,703,31,1028,332,727,1059
178387,3,1,2,7,24,325,703,31,1028,332,727,1059
178387,4,2,1,403,674,69,85,1077,154,472,759,1231
178387,4,2,2,403,674,69,85,1077,154,472,759,1231
178387,5,3,1,434,700,42,51,1134,93,476,751,1227
178387,5,3,2,434,699,42,51,1133,93,476,750,1226
178387,5,3,5,0,1,0,0,1,0,0,1,1
178387,6,4,1,257,292,77,95,549,172,334,387,721
178387,6,4,2,241,271,68,87,512,155,309,358,667
178387,6,4,5,16,21,9,8,37,17,25,29,54
178387,7,999,1,117,198,113,245,315,358,230,443,673
178387,7,999,2,99,187,86,162,286,248,185,349,534
178387,7,999,5,18,11,27,83,29,110,45,94,139
178387,8,5,1,74,90,45,68,164,113,119,158,277
178387,8,5,2,66,85,35,48,151,83,101,133,234
178387,8,5,5,8,5,10,20,13,30,18,25,43
178387,9,6,1,20,50,29,45,70,74,49,95,144
178387,9,6,2,15,46,22,31,61,53,37,77,114
178387,9,6,5,5,4,7,14,9,21,12,18,30
178387,10,7,1,12,22,14,44,34,58,26,66,92
178387,10,7,2,11,22,7,25,33,32,18,47,65
178387,10,7,5,1,0,7,19,1,26,8,19,27
178387,11,8,1,10,21,16,51,31,67,26,72,98
178387,11,8,2,6,20,15,31,26,46,21,51,72
178387,11,8,5,4,1,1,20,5,21,5,21,26
178387,12,9,1,1,14,7,27,15,34,8,41,49
178387,12,9,2,1,13,5,18,14,23,6,31,37
178387,12,9,5,0,1,2,9,1,11,2,10,12
178387,13,10,1,0,1,2,10,1,12,2,11,13
178387,13,10,2,0,1,2,9,1,11,2,10,12
178387,13,10,5,0,0,0,1,0,1,0,1,1
178396,1,412,1,11706,14051,2169,3163,25757,5332,13875,17214,31089
178396,1,112,2,9868,11476,991,1048,21344,2039,10859,12524,23383
178396,1,312,5,1838,2575,1178,2115,4413,3293,3016,4690,7706
178396,2,999,1,10242,12432,903,1038,22674,1941,11145,13470,24615
178396,2,999,2,9590,11285,787,753,20875,1540,10377,12038,22415
178396,2,999,5,652,1147,116,285,1799,401,768,1432,2200
178396,3,1,1,27,47,29,18,74,47,56,65,121
178396,3,1,2,27,47,29,18,74,47,56,65,121
178396,4,2,1,4172,5400,277,305,9572,582,4449,5705,10154
178396,4,2,2,4172,5400,276,305,9572,581,4448,5705,10153
178396,4,2,5,0,0,1,0,0,1,1,0,1
178396,5,3,1,4033,4913,203,190,8946,393,4236,5103,9339
178396,5,3,2,4003,4828,201,183,8831,384,4204,5011,9215
178396,5,3,5,30,85,2,7,115,9,32,92,124
178396,6,4,1,2010,2072,394,525,4082,919,2404,2597,5001
178396,6,4,2,1388,1010,281,247,2398,528,1669,1257,2926
178396,6,4,5,622,1062,113,278,1684,391,735,1340,2075
178396,7,999,1,1464,1619,1266,2125,3083,3391,2730,3744,6474
178396,7,999,2,278,191,204,295,469,499,482,486,968
178396,7,999,5,1186,1428,1062,1830,2614,2892,2248,3258,5506
178396,8,5,1,777,896,465,714,1673,1179,1242,1610,2852
178396,8,5,2,182,103,111,110,285,221,293,213,506
178396,8,5,5,595,793,354,604,1388,958,949,1397,2346
178396,9,6,1,378,314,277,458,692,735,655,772,1427
178396,9,6,2,57,43,41,55,100,96,98,98,196
178396,9,6,5,321,271,236,403,592,639,557,674,1231
178396,10,7,1,144,169,210,351,313,561,354,520,874
178396,10,7,2,18,20,24,44,38,68,42,64,106
178396,10,7,5,126,149,186,307,275,493,312,456,768
178396,11,8,1,131,177,212,411,308,623,343,588,931
178396,11,8,2,18,22,18,52,40,70,36,74,110
178396,11,8,5,113,155,194,359,268,553,307,514,821
178396,12,9,1,32,59,90,185,91,275,122,244,366
178396,12,9,2,3,3,8,33,6,41,11,36,47
178396,12,9,5,29,56,82,152,85,234,111,208,319
178396,13,10,1,2,4,12,6,6,18,14,10,24
178396,13,10,2,0,0,2,1,0,3,2,1,3
178396,13,10,5,2,4,10,5,6,15,12,9,21
178402,1,412,1,3777,5162,2943,4265,8939,7208,6720,9427,16147
178402,1,112,2,2518,3553,2061,2895,6071,4956,4579,6448,11027
178402,1,312,5,1259,1609,882,1370,2868,2252,2141,2979,5120
178402,2,999,1,2731,4088,1877,2681,6819,4558,4608,6769,11377
178402,2,999,2,2097,3131,1793,2544,5228,4337,3890,5675,9565
178402,2,999,5,634,957,84,137,1591,221,718,1094,1812
178402,3,1,1,33,54,1315,2012,87,3327,1348,2066,3414
178402,3,1,2,33,54,1315,2012,87,3327,1348,2066,3414
178402,4,2,1,656,1198,195,233,1854,428,851,1431,2282
178402,4,2,2,652,1193,195,233,1845,428,847,1426,2273
178402,4,2,5,4,5,0,0,9,0,4,5,9
178402,5,3,1,948,1397,114,128,2345,242,1062,1525,2587
178402,5,3,2,854,1228,114,127,2082,241,968,1355,2323
178402,5,3,5,94,169,0,1,263,1,94,170,264
178402,6,4,1,1094,1439,253,308,2533,561,1347,1747,3094
178402,6,4,2,558,656,169,172,1214,341,727,828,1555
178402,6,4,5,536,783,84,136,1319,220,620,919,1539
178402,7,999,1,1046,1074,1066,1584,2120,2650,2112,2658,4770
178402,7,999,2,421,422,268,351,843,619,689,773,1462
178402,7,999,5,625,652,798,1233,1277,2031,1423,1885,3308
178402,8,5,1,699,685,395,592,1384,987,1094,1277,2371
178402,8,5,2,291,246,125,146,537,271,416,392,808
178402,8,5,5,408,439,270,446,847,716,678,885,1563
178402,9,6,1,197,212,291,374,409,665,488,586,1074
178402,9,6,2,80,91,62,72,171,134,142,163,305
178402,9,6,5,117,121,229,302,238,531,346,423,769
178402,10,7,1,95,89,160,220,184,380,255,309,564
178402,10,7,2,35,45,35,40,80,75,70,85,155
178402,10,7,5,60,44,125,180,104,305,185,224,409
178402,11,8,1,43,67,141,242,110,383,184,309,493
178402,11,8,2,11,32,27,48,43,75,38,80,118
178402,11,8,5,32,35,114,194,67,308,146,229,375
178402,12,9,1,10,20,73,144,30,217,83,164,247
178402,12,9,2,4,8,18,41,12,59,22,49,71
178402,12,9,5,6,12,55,103,18,158,61,115,176
178402,13,10,1,2,1,6,12,3,18,8,13,21
178402,13,10,2,0,0,1,4,0,5,1,4,5
178402,13,10,5,2,1,5,8,3,13,7,9,16
178411,1,412,1,4747,1446,1107,342,6193,1449,5854,1788,7642
178411,1,112,2,4134,1278,538,133,5412,671,4672,1411,6083
178411,1,312,5,613,168,569,209,781,778,1182,377,1559
178411,2,999,1,4131,1293,497,139,5424,636,4628,1432,6060
178411,2,999,2,3985,1235,443,113,5220,556,4428,1348,5776
178411,2,999,5,146,58,54,26,204,80,200,84,284
178411,3,1,1,18,12,5,4,30,9,23,16,39
178411,3,1,2,18,12,5,4,30,9,23,16,39
178411,4,2,1,1446,436,63,18,1882,81,1509,454,1963
178411,4,2,2,1446,435,63,18,1881,81,1509,453,1962
178411,4,2,5,0,1,0,0,1,0,0,1,1
178411,5,3,1,1582,532,172,40,2114,212,1754,572,2326
178411,5,3,2,1579,527,172,40,2106,212,1751,567,2318
178411,5,3,5,3,5,0,0,8,0,3,5,8
178411,6,4,1,1085,313,257,77,1398,334,1342,390,1732
178411,6,4,2,942,261,203,51,1203,254,1145,312,1457
178411,6,4,5,143,52,54,26,195,80,197,78,275
178411,7,999,1,616,153,610,203,769,813,1226,356,1582
178411,7,999,2,149,43,95,20,192,115,244,63,307
178411,7,999,5,467,110,515,183,577,698,982,293,1275
178411,8,5,1,402,96,226,79,498,305,628,175,803
178411,8,5,2,106,26,45,8,132,53,151,34,185
178411,8,5,5,296,70,181,71,366,252,477,141,618
178411,9,6,1,138,32,165,47,170,212,303,79,382
178411,9,6,2,24,7,20,2,31,22,44,9,53
178411,9,6,5,114,25,145,45,139,190,259,70,329
178411,10,7,1,49,17,84,33,66,117,133,50,183
178411,10,7,2,10,6,13,3,16,16,23,9,32
178411,10,7,5,39,11,71,30,50,101,110,41,151
178411,11,8,1,21,8,99,29,29,128,120,37,157
178411,11,8,2,7,4,15,2,11,17,22,6,28
178411,11,8,5,14,4,84,27,18,111,98,31,129
178411,12,9,1,6,0,34,12,6,46,40,12,52
178411,12,9,2,2,0,2,3,2,5,4,3,7
178411,12,9,5,4,0,32,9,4,41,36,9,45
178411,13,10,1,0,0,2,3,0,5,2,3,5
178411,13,10,2,0,0,0,2,0,2,0,2,2
178411,13,10,5,0,0,2,1,0,3,2,1,3
178420,1,412,1,2385,3419,3266,4804,5804,8070,5651,8223,13874
178420,1,112,2,2057,2832,2653,3431,4889,6084,4710,6263,10973
178420,1,312,5,328,587,613,1373,915,1986,941,1960,2901
178420,2,999,1,1695,2445,2119,3003,4140,5122,3814,5448,9262
178420,2,999,2,1584,2235,2040,2788,3819,4828,3624,5023,8647
178420,2,999,5,111,210,79,215,321,294,190,425,615
178420,3,1,1,87,114,1489,2180,201,3669,1576,2294,3870
178420,3,1,2,87,114,1489,2180,201,3669,1576,2294,3870
178420,4,2,1,328,444,228,232,772,460,556,676,1232
178420,4,2,2,328,442,228,232,770,460,556,674,1230
178420,4,2,5,0,2,0,0,2,0,0,2,2
178420,5,3,1,586,898,84,125,1484,209,670,1023,1693
178420,5,3,2,583,888,84,116,1471,200,667,1004,1671
178420,5,3,5,3,10,0,9,13,9,3,19,22
178420,6,4,1,694,989,318,466,1683,784,1012,1455,2467
178420,6,4,2,586,791,239,260,1377,499,825,1051,1876
178420,6,4,5,108,198,79,206,306,285,187,404,591
178420,7,999,1,690,974,1147,1801,1664,2948,1837,2775,4612
178420,7,999,2,473,597,613,643,1070,1256,1086,1240,2326
178420,7,999,5,217,377,534,1158,594,1692,751,1535,2286
178420,8,5,1,416,544,456,634,960,1090,872,1178,2050
178420,8,5,2,307,322,281,250,629,531,588,572,1160
178420,8,5,5,109,222,175,384,331,559,284,606,890
178420,9,6,1,147,215,250,393,362,643,397,608,1005
178420,9,6,2,96,140,136,152,236,288,232,292,524
178420,9,6,5,51,75,114,241,126,355,165,316,481
178420,10,7,1,62,86,175,233,148,408,237,319,556
178420,10,7,2,32,56,81,77,88,158,113,133,246
178420,10,7,5,30,30,94,156,60,250,124,186,310
178420,11,8,1,48,87,173,329,135,502,221,416,637
178420,11,8,2,29,56,77,100,85,177,106,156,262
178420,11,8,5,19,31,96,229,50,325,115,260,375
178420,12,9,1,13,40,79,194,53,273,92,234,326
178420,12,9,2,7,22,31,58,29,89,38,80,118
178420,12,9,5,6,18,48,136,24,184,54,154,208
178420,13,10,1,4,2,14,18,6,32,18,20,38
178420,13,10,2,2,1,7,6,3,13,9,7,16
178420,13,10,5,2,1,7,12,3,19,9,13,22
178448,1,412,1,859,1426,932,1661,2285,2593,1791,3087,4878
178448,1,112,2,859,1426,932,1661,2285,2593,1791,3087,4878
178448,2,999,1,778,1260,781,1273,2038,2054,1559,2533,4092
178448,2,999,2,778,1260,781,1273,2038,2054,1559,2533,4092
178448,3,1,1,69,151,361,607,220,968,430,758,1188
178448,3,1,2,69,151,361,607,220,968,430,758,1188
178448,4,2,1,509,839,216,314,1348,530,725,1153,1878
178448,4,2,2,509,839,216,314,1348,530,725,1153,1878
178448,5,3,1,146,187,120,206,333,326,266,393,659
178448,5,3,2,146,187,120,206,333,326,266,393,659
178448,6,4,1,54,83,84,146,137,230,138,229,367
178448,6,4,2,54,83,84,146,137,230,138,229,367
178448,7,999,1,80,165,151,388,245,539,231,553,784
178448,7,999,2,80,165,151,388,245,539,231,553,784
178448,8,5,1,45,67,54,134,112,188,99,201,300
178448,8,5,2,45,67,54,134,112,188,99,201,300
178448,9,6,1,22,43,30,79,65,109,52,122,174
178448,9,6,2,22,43,30,79,65,109,52,122,174
178448,10,7,1,6,21,23,64,27,87,29,85,114
178448,10,7,2,6,21,23,64,27,87,29,85,114
178448,11,8,1,6,31,25,68,37,93,31,99,130
178448,11,8,2,6,31,25,68,37,93,31,99,130
178448,12,9,1,1,3,16,42,4,58,17,45,62
178448,12,9,2,1,3,16,42,4,58,17,45,62
178448,13,10,1,0,0,3,1,0,4,3,1,4
178448,13,10,2,0,0,3,1,0,4,3,1,4
178448,14,11,1,1,1,0,0,2,0,1,1,2
178448,14,11,2,1,1,0,0,2,0,1,1,2
178615,1,412,1,1557,2346,300,452,3903,752,1857,2798,4655
178615,1,112,2,1497,2190,281,421,3687,702,1778,2611,4389
178615,1,312,5,60,156,19,31,216,50,79,187,266
178615,2,999,1,1533,2323,280,421,3856,701,1813,2744,4557
178615,2,999,2,1477,2175,273,413,3652,686,1750,2588,4338
178615,2,999,5,56,148,7,8,204,15,63,156,219
178615,3,1,1,2,9,173,279,11,452,175,288,463
178615,3,1,2,2,9,173,279,11,452,175,288,463
178615,4,2,1,529,856,35,71,1385,106,564,927,1491
178615,4,2,2,529,856,35,71,1385,106,564,927,1491
178615,5,3,1,737,1135,21,20,1872,41,758,1155,1913
178615,5,3,2,733,1119,21,20,1852,41,754,1139,1893
178615,5,3,5,4,16,0,0,20,0,4,16,20
178615,6,4,1,265,323,51,51,588,102,316,374,690
178615,6,4,2,213,191,44,43,404,87,257,234,491
178615,6,4,5,52,132,7,8,184,15,59,140,199
178615,7,999,1,24,23,20,31,47,51,44,54,98
178615,7,999,2,20,15,8,8,35,16,28,23,51
178615,7,999,5,4,8,12,23,12,35,16,31,47
178615,8,5,1,21,16,9,11,37,20,30,27,57
178615,8,5,2,18,10,4,3,28,7,22,13,35
178615,8,5,5,3,6,5,8,9,13,8,14,22
178615,9,6,1,1,4,3,5,5,8,4,9,13
178615,9,6,2,1,4,1,2,5,3,2,6,8
178615,9,6,5,0,0,2,3,0,5,2,3,5
178615,10,7,1,1,2,2,5,3,7,3,7,10
178615,10,7,2,1,1,1,1,2,2,2,2,4
178615,10,7,5,0,1,1,4,1,5,1,5,6
178615,11,8,1,1,1,2,7,2,9,3,8,11
178615,11,8,2,0,0,0,2,0,2,0,2,2
178615,11,8,5,1,1,2,5,2,7,3,6,9
178615,12,9,1,0,0,1,2,0,3,1,2,3
178615,12,9,5,0,0,1,2,0,3,1,2,3
178615,13,10,1,0,0,3,1,0,4,3,1,4
178615,13,10,2,0,0,2,0,0,2,2,0,2
178615,13,10,5,0,0,1,1,0,2,1,1,2
178624,1,412,1,2143,3126,705,1293,5269,1998,2848,4419,7267
178624,1,112,2,1996,2817,255,414,4813,669,2251,3231,5482
178624,1,312,5,147,309,450,879,456,1329,597,1188,1785
178624,2,999,1,2005,2871,256,457,4876,713,2261,3328,5589
178624,2,999,2,1937,2762,204,296,4699,500,2141,3058,5199
178624,2,999,5,68,109,52,161,177,213,120,270,390
178624,3,1,1,11,14,71,169,25,240,82,183,265
178624,3,1,2,11,14,71,169,25,240,82,183,265
178624,4,2,1,757,1362,23,34,2119,57,780,1396,2176
178624,4,2,2,757,1362,23,34,2119,57,780,1396,2176
178624,5,3,1,887,1108,37,41,1995,78,924,1149,2073
178624,5,3,2,884,1104,35,39,1988,74,919,1143,2062
178624,5,3,5,3,4,2,2,7,4,5,6,11
178624,6,4,1,350,387,125,213,737,338,475,600,1075
178624,6,4,2,285,282,75,54,567,129,360,336,696
178624,6,4,5,65,105,50,159,170,209,115,264,379
178624,7,999,1,138,255,449,835,393,1284,587,1090,1677
178624,7,999,2,59,55,51,117,114,168,110,172,282
178624,7,999,5,79,200,398,718,279,1116,477,918,1395
178624,8,5,1,67,125,156,263,192,419,223,388,611
178624,8,5,2,34,31,17,27,65,44,51,58,109
178624,8,5,5,33,94,139,236,127,375,172,330,502
178624,9,6,1,33,44,95,176,77,271,128,220,348
178624,9,6,2,12,11,16,26,23,42,28,37,65
178624,9,6,5,21,33,79,150,54,229,100,183,283
178624,10,7,1,22,35,80,159,57,239,102,194,296
178624,10,7,2,7,5,9,25,12,34,16,30,46
178624,10,7,5,15,30,71,134,45,205,86,164,250
178624,11,8,1,12,43,89,180,55,269,101,223,324
178624,11,8,2,5,7,8,27,12,35,13,34,47
178624,11,8,5,7,36,81,153,43,234,88,189,277
178624,12,9,1,3,8,28,52,11,80,31,60,91
178624,12,9,2,0,1,1,8,1,9,1,9,10
178624,12,9,5,3,7,27,44,10,71,30,51,81
178624,13,10,1,1,0,1,5,1,6,2,5,7
178624,13,10,2,1,0,0,4,1,4,1,4,5
178624,13,10,5,0,0,1,1,0,2,1,1,2
178624,14,11,1,0,0,0,1,0,1,0,1,1
178624,14,11,2,0,0,0,1,0,1,0,1,1
178697,1,412,1,661,815,6,7,1476,13,667,822,1489
178697,1,112,2,661,815,6,7,1476,13,667,822,1489
178697,2,999,1,650,804,4,4,1454,8,654,808,1462
178697,2,999,2,650,804,4,4,1454,8,654,808,1462
178697,3,1,1,3,4,0,0,7,0,3,4,7
178697,3,1,2,3,4,0,0,7,0,3,4,7
178697,4,2,1,225,322,1,1,547,2,226,323,549
178697,4,2,2,225,322,1,1,547,2,226,323,549
178697,5,3,1,312,368,0,1,680,1,312,369,681
178697,5,3,2,312,368,0,1,680,1,312,369,681
178697,6,4,1,110,110,3,2,220,5,113,112,225
178697,6,4,2,110,110,3,2,220,5,113,112,225
178697,7,999,1,11,11,2,3,22,5,13,14,27
178697,7,999,2,11,11,2,3,22,5,13,14,27
178697,8,5,1,8,9,1,1,17,2,9,10,19
178697,8,5,2,8,9,1,1,17,2,9,10,19
178697,9,6,1,2,0,1,0,2,1,3,0,3
178697,9,6,2,2,0,1,0,2,1,3,0,3
178697,10,7,1,0,1,0,0,1,0,0,1,1
178697,10,7,2,0,1,0,0,1,0,0,1,1
178697,11,8,1,1,0,0,0,1,0,1,0,1
178697,11,8,2,1,0,0,0,1,0,1,0,1
178697,12,9,1,0,1,0,1,1,1,0,2,2
178697,12,9,2,0,1,0,1,1,1,0,2,2
178697,13,10,1,0,0,0,1,0,1,0,1,1
178697,13,10,2,0,0,0,1,0,1,0,1,1
178721,1,412,1,1830,2156,3456,2723,3986,6179,5286,4879,10165
178721,1,112,2,1742,2021,2855,1886,3763,4741,4597,3907,8504
178721,1,312,5,88,135,601,837,223,1438,689,972,1661
178721,2,999,1,741,1018,580,546,1759,1126,1321,1564,2885
178721,2,999,2,729,994,557,486,1723,1043,1286,1480,2766
178721,2,999,5,12,24,23,60,36,83,35,84,119
178721,3,1,1,2,7,0,2,9,2,2,9,11
178721,3,1,2,2,7,0,2,9,2,2,9,11
178721,4,2,1,201,302,31,53,503,84,232,355,587
178721,4,2,2,201,302,31,52,503,83,232,354,586
178721,4,2,5,0,0,0,1,0,1,0,1,1
178721,5,3,1,286,378,165,170,664,335,451,548,999
178721,5,3,2,284,377,165,164,661,329,449,541,990
178721,5,3,5,2,1,0,6,3,6,2,7,9
178721,6,4,1,252,331,384,321,583,705,636,652,1288
178721,6,4,2,242,308,361,268,550,629,603,576,1179
178721,6,4,5,10,23,23,53,33,76,33,76,109
178721,7,999,1,1087,1138,2872,2173,2225,5045,3959,3311,7270
178721,7,999,2,1011,1027,2294,1396,2038,3690,3305,2423,5728
178721,7,999,5,76,111,578,777,187,1355,654,888,1542
178721,8,5,1,332,426,755,600,758,1355,1087,1026,2113
178721,8,5,2,314,382,636,405,696,1041,950,787,1737
178721,8,5,5,18,44,119,195,62,314,137,239,376
178721,9,6,1,254,255,691,500,509,1191,945,755,1700
178721,9,6,2,231,234,569,344,465,913,800,578,1378
178721,9,6,5,23,21,122,156,44,278,145,177,322
178721,10,7,1,214,199,646,436,413,1082,860,635,1495
178721,10,7,2,202,180,532,293,382,825,734,473,1207
178721,10,7,5,12,19,114,143,31,257,126,162,288
178721,11,8,1,212,192,565,450,404,1015,777,642,1419
178721,11,8,2,196,174,413,255,370,668,609,429,1038
178721,11,8,5,16,18,152,195,34,347,168,213,381
178721,12,9,1,71,61,200,177,132,377,271,238,509
178721,12,9,2,64,52,133,93,116,226,197,145,342
178721,12,9,5,7,9,67,84,16,151,74,93,167
178721,13,10,1,4,5,15,10,9,25,19,15,34
178721,13,10,2,4,5,11,6,9,17,15,11,26
178721,13,10,5,0,0,4,4,0,8,4,4,8
178721,14,11,1,2,0,4,4,2,8,6,4,10
178721,14,11,2,2,0,4,4,2,8,6,4,10
178891,1,412,1,1236,101,451,35,1337,486,1687,136,1823
178891,1,112,2,1236,101,451,35,1337,486,1687,136,1823
178891,2,999,1,969,70,177,17,1039,194,1146,87,1233
178891,2,999,2,969,70,177,17,1039,194,1146,87,1233
178891,3,1,1,11,1,1,1,12,2,12,2,14
178891,3,1,2,11,1,1,1,12,2,12,2,14
178891,4,2,1,480,26,37,3,506,40,517,29,546
178891,4,2,2,480,26,37,3,506,40,517,29,546
178891,5,3,1,253,18,74,4,271,78,327,22,349
178891,5,3,2,253,18,74,4,271,78,327,22,349
178891,6,4,1,225,25,65,9,250,74,290,34,324
178891,6,4,2,225,25,65,9,250,74,290,34,324
178891,7,999,1,259,31,264,18,290,282,523,49,572
178891,7,999,2,259,31,264,18,290,282,523,49,572
178891,8,5,1,144,16,110,6,160,116,254,22,276
178891,8,5,2,144,16,110,6,160,116,254,22,276
178891,9,6,1,68,9,55,6,77,61,123,15,138
178891,9,6,2,68,9,55,6,77,61,123,15,138
178891,10,7,1,25,2,40,1,27,41,65,3,68
178891,10,7,2,25,2,40,1,27,41,65,3,68
178891,11,8,1,18,3,37,4,21,41,55,7,62
178891,11,8,2,18,3,37,4,21,41,55,7,62
178891,12,9,1,4,1,22,1,5,23,26,2,28
178891,12,9,2,4,1,22,1,5,23,26,2,28
178891,14,11,1,8,0,10,0,8,10,18,0,18
178891,14,11,2,8,0,10,0,8,10,18,0,18
179043,1,412,1,792,1454,486,956,2246,1442,1278,2410,3688
179043,1,112,2,681,1164,270,631,1845,901,951,1795,2746
179043,1,312,5,111,290,216,325,401,541,327,615,942
179043,2,999,1,697,1204,287,552,1901,839,984,1756,2740
179043,2,999,2,645,1016,255,491,1661,746,900,1507,2407
179043,2,999,5,52,188,32,61,240,93,84,249,333
179043,3,1,1,1,1,208,375,2,583,209,376,585
179043,3,1,2,1,1,208,375,2,583,209,376,585
179043,4,2,1,274,429,29,54,703,83,303,483,786
179043,4,2,2,274,429,29,54,703,83,303,483,786
179043,5,3,1,286,434,4,27,720,31,290,461,751
179043,5,3,2,285,421,4,27,706,31,289,448,737
179043,5,3,5,1,13,0,0,14,0,1,13,14
179043,6,4,1,136,340,46,96,476,142,182,436,618
179043,6,4,2,85,165,14,35,250,49,99,200,299
179043,6,4,5,51,175,32,61,226,93,83,236,319
179043,7,999,1,95,250,199,404,345,603,294,654,948
179043,7,999,2,36,148,15,140,184,155,51,288,339
179043,7,999,5,59,102,184,264,161,448,243,366,609
179043,8,5,1,44,115,89,167,159,256,133,282,415
179043,8,5,2,27,68,6,44,95,50,33,112,145
179043,8,5,5,17,47,83,123,64,206,100,170,270
179043,9,6,1,12,54,47,80,66,127,59,134,193
179043,9,6,2,3,35,4,28,38,32,7,63,70
179043,9,6,5,9,19,43,52,28,95,52,71,123
179043,10,7,1,20,45,31,54,65,85,51,99,150
179043,10,7,2,5,29,3,21,34,24,8,50,58
179043,10,7,5,15,16,28,33,31,61,43,49,92
179043,11,8,1,19,30,22,66,49,88,41,96,137
179043,11,8,2,1,14,1,29,15,30,2,43,45
179043,11,8,5,18,16,21,37,34,58,39,53,92
179043,12,9,1,0,6,10,35,6,45,10,41,51
179043,12,9,2,0,2,1,16,2,17,1,18,19
179043,12,9,5,0,4,9,19,4,28,9,23,32
179043,13,10,1,0,0,0,2,0,2,0,2,2
179043,13,10,2,0,0,0,2,0,2,0,2,2
179256,1,412,1,35,24,13,4,59,17,48,28,76
179256,1,112,2,35,24,13,4,59,17,48,28,76
179256,2,999,1,19,11,3,1,30,4,22,12,34
179256,2,999,2,19,11,3,1,30,4,22,12,34
179256,4,2,1,5,5,1,0,10,1,6,5,11
179256,4,2,2,5,5,1,0,10,1,6,5,11
179256,5,3,1,9,2,0,1,11,1,9,3,12
179256,5,3,2,9,2,0,1,11,1,9,3,12
179256,6,4,1,5,4,2,0,9,2,7,4,11
179256,6,4,2,5,4,2,0,9,2,7,4,11
179256,7,999,1,15,13,9,2,28,11,24,15,39
179256,7,999,2,15,13,9,2,28,11,24,15,39
179256,8,5,1,2,4,1,0,6,1,3,4,7
179256,8,5,2,2,4,1,0,6,1,3,4,7
179256,9,6,1,1,1,2,1,2,3,3,2,5
179256,9,6,2,1,1,2,1,2,3,3,2,5
179256,10,7,1,1,1,0,0,2,0,1,1,2
179256,10,7,2,1,1,0,0,2,0,1,1,2
179256,11,8,1,5,4,3,1,9,4,8,5,13
179256,11,8,2,5,4,3,1,9,4,8,5,13
179256,12,9,1,4,3,3,0,7,3,7,3,10
179256,12,9,2,4,3,3,0,7,3,7,3,10
179256,13,10,1,2,0,0,0,2,0,2,0,2
179256,13,10,2,2,0,0,0,2,0,2,0,2
179256,14,11,1,1,0,1,1,1,2,2,1,3
179256,14,11,2,1,0,1,1,1,2,2,1,3
179308,1,412,1,2150,3261,3175,6620,5411,9795,5325,9881,15206
179308,1,112,2,2150,3261,3175,6620,5411,9795,5325,9881,15206
179308,2,999,1,1864,2625,2031,3341,4489,5372,3895,5966,9861
179308,2,999,2,1864,2625,2031,3341,4489,5372,3895,5966,9861
179308,3,1,1,112,229,460,776,341,1236,572,1005,1577
179308,3,1,2,112,229,460,776,341,1236,572,1005,1577
179308,4,2,1,1070,1471,520,729,2541,1249,1590,2200,3790
179308,4,2,2,1070,1471,520,729,2541,1249,1590,2200,3790
179308,5,3,1,474,610,541,865,1084,1406,1015,1475,2490
179308,5,3,2,474,610,541,865,1084,1406,1015,1475,2490
179308,6,4,1,208,315,510,971,523,1481,718,1286,2004
179308,6,4,2,208,315,510,971,523,1481,718,1286,2004
179308,7,999,1,286,636,1144,3279,922,4423,1430,3915,5345
179308,7,999,2,286,636,1144,3279,922,4423,1430,3915,5345
179308,8,5,1,130,286,385,1064,416,1449,515,1350,1865
179308,8,5,2,130,286,385,1064,416,1449,515,1350,1865
179308,9,6,1,73,162,281,764,235,1045,354,926,1280
179308,9,6,2,73,162,281,764,235,1045,354,926,1280
179308,10,7,1,33,78,144,499,111,643,177,577,754
179308,10,7,2,33,78,144,499,111,643,177,577,754
179308,11,8,1,33,81,179,596,114,775,212,677,889
179308,11,8,2,33,81,179,596,114,775,212,677,889
179308,12,9,1,17,28,125,306,45,431,142,334,476
179308,12,9,2,17,28,125,306,45,431,142,334,476
179308,13,10,1,0,1,30,50,1,80,30,51,81
179308,13,10,2,0,1,30,50,1,80,30,51,81
179326,1,412,1,748,1121,375,795,1869,1170,1123,1916,3039
179326,1,112,2,627,966,244,542,1593,786,871,1508,2379
179326,1,312,5,121,155,131,253,276,384,252,408,660
179326,2,999,1,644,972,223,379,1616,602,867,1351,2218
179326,2,999,2,584,861,201,344,1445,545,785,1205,1990
179326,2,999,5,60,111,22,35,171,57,82,146,228
179326,3,1,1,16,18,140,200,34,340,156,218,374
179326,3,1,2,16,18,140,200,34,340,156,218,374
179326,4,2,1,231,326,31,30,557,61,262,356,618
179326,4,2,2,231,326,31,30,557,61,262,356,618
179326,5,3,1,255,395,10,35,650,45,265,430,695
179326,5,3,2,254,393,10,33,647,43,264,426,690
179326,5,3,5,1,2,0,2,3,2,1,4,5
179326,6,4,1,142,233,42,114,375,156,184,347,531
179326,6,4,2,83,124,20,81,207,101,103,205,308
179326,6,4,5,59,109,22,33,168,55,81,142,223
179326,7,999,1,104,148,149,409,252,558,253,557,810
179326,7,999,2,43,104,41,193,147,234,84,297,381
179326,7,999,5,61,44,108,216,105,324,169,260,429
179326,8,5,1,61,58,49,126,119,175,110,184,294
179326,8,5,2,18,30,19,69,48,88,37,99,136
179326,8,5,5,43,28,30,57,71,87,73,85,158
179326,9,6,1,24,36,36,83,60,119,60,119,179
179326,9,6,2,11,30,7,43,41,50,18,73,91
179326,9,6,5,13,6,29,40,19,69,42,46,88
179326,10,7,1,10,24,22,87,34,109,32,111,143
179326,10,7,2,7,20,2,36,27,38,9,56,65
179326,10,7,5,3,4,20,51,7,71,23,55,78
179326,11,8,1,5,23,29,77,28,106,34,100,134
179326,11,8,2,4,18,9,29,22,38,13,47,60
179326,11,8,5,1,5,20,48,6,68,21,53,74
179326,12,9,1,4,7,12,35,11,47,16,42,58
179326,12,9,2,3,6,3,16,9,19,6,22,28
179326,12,9,5,1,1,9,19,2,28,10,20,30
179326,13,10,1,0,0,1,1,0,2,1,1,2
179326,13,10,2,0,0,1,0,0,1,1,0,1
179326,13,10,5,0,0,0,1,0,1,0,1,1
179326,14,11,1,0,1,3,7,1,10,3,8,11
179326,14,11,2,0,1,2,5,1,7,2,6,8
179326,14,11,5,0,0,1,2,0,3,1,2,3
179344,1,412,1,214,503,425,778,717,1203,639,1281,1920
179344,1,112,2,214,503,425,778,717,1203,639,1281,1920
179344,2,999,1,183,403,344,643,586,987,527,1046,1573
179344,2,999,2,183,403,344,643,586,987,527,1046,1573
179344,3,1,1,9,31,239,464,40,703,248,495,743
179344,3,1,2,9,31,239,464,40,703,248,495,743
179344,4,2,1,111,250,60,91,361,151,171,341,512
179344,4,2,2,111,250,60,91,361,151,171,341,512
179344,5,3,1,49,82,25,59,131,84,74,141,215
179344,5,3,2,49,82,25,59,131,84,74,141,215
179344,6,4,1,14,40,20,29,54,49,34,69,103
179344,6,4,2,14,40,20,29,54,49,34,69,103
179344,7,999,1,31,100,81,135,131,216,112,235,347
179344,7,999,2,31,100,81,135,131,216,112,235,347
179344,8,5,1,8,29,26,47,37,73,34,76,110
179344,8,5,2,8,29,26,47,37,73,34,76,110
179344,9,6,1,6,20,17,27,26,44,23,47,70
179344,9,6,2,6,20,17,27,26,44,23,47,70
179344,10,7,1,7,20,11,15,27,26,18,35,53
179344,10,7,2,7,20,11,15,27,26,18,35,53
179344,11,8,1,8,14,13,32,22,45,21,46,67
179344,11,8,2,8,14,13,32,22,45,21,46,67
179344,12,9,1,2,17,11,14,19,25,13,31,44
179344,12,9,2,2,17,11,14,19,25,13,31,44
179344,13,10,1,0,0,3,0,0,3,3,0,3
179344,13,10,2,0,0,3,0,0,3,3,0,3
179539,1,412,1,668,1308,731,1221,1976,1952,1399,2529,3928
179539,1,112,2,668,1308,731,1221,1976,1952,1399,2529,3928
179539,2,999,1,590,1060,577,912,1650,1489,1167,1972,3139
179539,2,999,2,590,1060,577,912,1650,1489,1167,1972,3139
179539,3,1,1,29,36,327,500,65,827,356,536,892
179539,3,1,2,29,36,327,500,65,827,356,536,892
179539,4,2,1,345,662,133,171,1007,304,478,833,1311
179539,4,2,2,345,662,133,171,1007,304,478,833,1311
179539,5,3,1,169,272,64,136,441,200,233,408,641
179539,5,3,2,169,272,64,136,441,200,233,408,641
179539,6,4,1,47,90,53,105,137,158,100,195,295
179539,6,4,2,47,90,53,105,137,158,100,195,295
179539,7,999,1,78,248,154,309,326,463,232,557,789
179539,7,999,2,78,248,154,309,326,463,232,557,789
179539,8,5,1,38,108,56,116,146,172,94,224,318
179539,8,5,2,38,108,56,116,146,172,94,224,318
179539,9,6,1,13,57,32,70,70,102,45,127,172
179539,9,6,2,13,57,32,70,70,102,45,127,172
179539,10,7,1,12,37,26,37,49,63,38,74,112
179539,10,7,2,12,37,26,37,49,63,38,74,112
179539,11,8,1,11,41,27,60,52,87,38,101,139
179539,11,8,2,11,41,27,60,52,87,38,101,139
179539,12,9,1,4,5,10,22,9,32,14,27,41
179539,12,9,2,4,5,10,22,9,32,14,27,41
179539,13,10,1,0,0,3,4,0,7,3,4,7
179539,13,10,2,0,0,3,4,0,7,3,4,7
179557,1,412,1,2820,4429,1027,1725,7249,2752,3847,6154,10001
179557,1,112,2,2661,4162,833,1273,6823,2106,3494,5435,8929
179557,1,312,5,159,267,194,452,426,646,353,719,1072
179557,2,999,1,2514,3950,667,1043,6464,1710,3181,4993,8174
179557,2,999,2,2436,3804,633,950,6240,1583,3069,4754,7823
179557,2,999,5,78,146,34,93,224,127,112,239,351
179557,3,1,1,23,24,356,619,47,975,379,643,1022
179557,3,1,2,23,24,356,619,47,975,379,643,1022
179557,4,2,1,885,1543,72,118,2428,190,957,1661,2618
179557,4,2,2,885,1543,72,118,2428,190,957,1661,2618
179557,5,3,1,997,1657,59,87,2654,146,1056,1744,2800
179557,5,3,2,994,1646,58,82,2640,140,1052,1728,2780
179557,5,3,5,3,11,1,5,14,6,4,16,20
179557,6,4,1,609,726,180,219,1335,399,789,945,1734
179557,6,4,2,534,591,147,131,1125,278,681,722,1403
179557,6,4,5,75,135,33,88,210,121,108,223,331
179557,7,999,1,301,469,323,603,770,926,624,1072,1696
179557,7,999,2,220,348,163,244,568,407,383,592,975
179557,7,999,5,81,121,160,359,202,519,241,480,721
179557,8,5,1,188,220,124,238,408,362,312,458,770
179557,8,5,2,138,164,80,96,302,176,218,260,478
179557,8,5,5,50,56,44,142,106,186,94,198,292
179557,9,6,1,62,88,71,118,150,189,133,206,339
179557,9,6,2,45,63,31,50,108,81,76,113,189
179557,9,6,5,17,25,40,68,42,108,57,93,150
179557,10,7,1,24,63,57,82,87,139,81,145,226
179557,10,7,2,18,49,20,31,67,51,38,80,118
179557,10,7,5,6,14,37,51,20,88,43,65,108
179557,11,8,1,20,71,54,119,91,173,74,190,264
179557,11,8,2,14,49,23,39,63,62,37,88,125
179557,11,8,5,6,22,31,80,28,111,37,102,139
179557,12,9,1,6,25,12,42,31,54,18,67,85
179557,12,9,2,4,21,4,25,25,29,8,46,54
179557,12,9,5,2,4,8,17,6,25,10,21,31
179557,13,10,1,1,2,5,4,3,9,6,6,12
179557,13,10,2,1,2,5,3,3,8,6,5,11
179557,13,10,5,0,0,0,1,0,1,0,1,1
179557,14,11,1,5,10,37,79,15,116,42,89,131
179557,14,11,2,5,10,37,79,15,116,42,89,131
179566,1,412,1,5814,9016,3547,5128,14830,8675,9361,14144,23505
179566,1,112,2,5220,7908,2730,3763,13128,6493,7950,11671,19621
179566,1,312,5,594,1108,817,1365,1702,2182,1411,2473,3884
179566,2,999,1,5107,8079,2485,3582,13186,6067,7592,11661,19253
179566,2,999,2,4810,7405,2363,3282,12215,5645,7173,10687,17860
179566,2,999,5,297,674,122,300,971,422,419,974,1393
179566,3,1,1,20,48,1389,2160,68,3549,1409,2208,3617
179566,3,1,2,20,48,1389,2160,68,3549,1409,2208,3617
179566,4,2,1,1521,2760,370,447,4281,817,1891,3207,5098
179566,4,2,2,1521,2760,370,447,4281,817,1891,3207,5098
179566,5,3,1,2110,3410,251,347,5520,598,2361,3757,6118
179566,5,3,2,2102,3369,248,340,5471,588,2350,3709,6059
179566,5,3,5,8,41,3,7,49,10,11,48,59
179566,6,4,1,1456,1861,475,628,3317,1103,1931,2489,4420
179566,6,4,2,1167,1228,356,335,2395,691,1523,1563,3086
179566,6,4,5,289,633,119,293,922,412,408,926,1334
179566,7,999,1,707,937,1059,1539,1644,2598,1766,2476,4242
179566,7,999,2,410,503,366,479,913,845,776,982,1758
179566,7,999,5,297,434,693,1060,731,1753,990,1494,2484
179566,8,5,1,402,500,386,527,902,913,788,1027,1815
179566,8,5,2,259,270,169,194,529,363,428,464,892
179566,8,5,5,143,230,217,333,373,550,360,563,923
179566,9,6,1,135,176,236,332,311,568,371,508,879
179566,9,6,2,69,90,83,105,159,188,152,195,347
179566,9,6,5,66,86,153,227,152,380,219,313,532
179566,10,7,1,79,109,162,235,188,397,241,344,585
179566,10,7,2,34,61,41,62,95,103,75,123,198
179566,10,7,5,45,48,121,173,93,294,166,221,387
179566,11,8,1,69,123,196,280,192,476,265,403,668
179566,11,8,2,39,64,53,70,103,123,92,134,226
179566,11,8,5,30,59,143,210,89,353,173,269,442
179566,12,9,1,20,27,67,156,47,223,87,183,270
179566,12,9,2,9,16,18,47,25,65,27,63,90
179566,12,9,5,11,11,49,109,22,158,60,120,180
179566,13,10,1,2,2,12,9,4,21,14,11,25
179566,13,10,2,0,2,2,1,2,3,2,3,5
179566,13,10,5,2,0,10,8,2,18,12,8,20
179566,14,11,1,0,0,3,7,0,10,3,7,10
179566,14,11,2,0,0,1,2,0,3,1,2,3
179566,14,11,5,0,0,2,5,0,7,2,5,7
179645,1,412,1,486,1057,357,859,1543,1216,843,1916,2759
179645,1,112,2,486,1057,357,859,1543,1216,843,1916,2759
179645,2,999,1,398,787,297,569,1185,866,695,1356,2051
179645,2,999,2,398,787,297,569,1185,866,695,1356,2051
179645,3,1,1,7,12,142,274,19,416,149,286,435
179645,3,1,2,7,12,142,274,19,416,149,286,435
179645,4,2,1,256,467,80,139,723,219,336,606,942
179645,4,2,2,256,467,80,139,723,219,336,606,942
179645,5,3,1,103,198,45,76,301,121,148,274,422
179645,5,3,2,103,198,45,76,301,121,148,274,422
179645,6,4,1,32,110,30,80,142,110,62,190,252
179645,6,4,2,32,110,30,80,142,110,62,190,252
179645,7,999,1,88,270,60,290,358,350,148,560,708
179645,7,999,2,88,270,60,290,358,350,148,560,708
179645,8,5,1,31,100,14,95,131,109,45,195,240
179645,8,5,2,31,100,14,95,131,109,45,195,240
179645,9,6,1,20,75,15,61,95,76,35,136,171
179645,9,6,2,20,75,15,61,95,76,35,136,171
179645,10,7,1,23,47,10,53,70,63,33,100,133
179645,10,7,2,23,47,10,53,70,63,33,100,133
179645,11,8,1,12,37,16,62,49,78,28,99,127
179645,11,8,2,12,37,16,62,49,78,28,99,127
179645,12,9,1,2,10,4,16,12,20,6,26,32
179645,12,9,2,2,10,4,16,12,20,6,26,32
179645,13,10,1,0,1,1,3,1,4,1,4,5
179645,13,10,2,0,1,1,3,1,4,1,4,5
179715,1,412,1,204,479,230,678,683,908,434,1157,1591
179715,1,112,2,204,479,230,678,683,908,434,1157,1591
179715,2,999,1,188,388,194,465,576,659,382,853,1235
179715,2,999,2,188,388,194,465,576,659,382,853,1235
179715,3,1,1,1,2,113,291,3,404,114,293,407
179715,3,1,2,1,2,113,291,3,404,114,293,407
179715,4,2,1,134,260,58,91,394,149,192,351,543
179715,4,2,2,134,260,58,91,394,149,192,351,543
179715,5,3,1,45,82,12,32,127,44,57,114,171
179715,5,3,2,45,82,12,32,127,44,57,114,171
179715,6,4,1,8,44,11,51,52,62,19,95,114
179715,6,4,2,8,44,11,51,52,62,19,95,114
179715,7,999,1,16,91,36,213,107,249,52,304,356
179715,7,999,2,16,91,36,213,107,249,52,304,356
179715,8,5,1,7,30,14,81,37,95,21,111,132
179715,8,5,2,7,30,14,81,37,95,21,111,132
179715,9,6,1,5,25,12,52,30,64,17,77,94
179715,9,6,2,5,25,12,52,30,64,17,77,94
179715,10,7,1,1,17,3,35,18,38,4,52,56
179715,10,7,2,1,17,3,35,18,38,4,52,56
179715,11,8,1,3,16,6,34,19,40,9,50,59
179715,11,8,2,3,16,6,34,19,40,9,50,59
179715,12,9,1,0,3,1,11,3,12,1,14,15
179715,12,9,2,0,3,1,11,3,12,1,14,15
179812,1,412,1,684,589,2,0,1273,2,686,589,1275
179812,1,312,5,684,589,2,0,1273,2,686,589,1275
179812,2,999,1,206,261,0,0,467,0,206,261,467
179812,2,999,5,206,261,0,0,467,0,206,261,467
179812,5,3,1,5,12,0,0,17,0,5,12,17
179812,5,3,5,5,12,0,0,17,0,5,12,17
179812,6,4,1,201,249,0,0,450,0,201,249,450
179812,6,4,5,201,249,0,0,450,0,201,249,450
179812,7,999,1,478,328,2,0,806,2,480,328,808
179812,7,999,5,478,328,2,0,806,2,480,328,808
179812,8,5,1,411,288,0,0,699,0,411,288,699
179812,8,5,5,411,288,0,0,699,0,411,288,699
179812,9,6,1,52,27,1,0,79,1,53,27,80
179812,9,6,5,52,27,1,0,79,1,53,27,80
179812,10,7,1,12,9,0,0,21,0,12,9,21
179812,10,7,5,12,9,0,0,21,0,12,9,21
179812,11,8,1,3,2,0,0,5,0,3,2,5
179812,11,8,5,3,2,0,0,5,0,3,2,5
179812,12,9,1,0,2,1,0,2,1,1,2,3
179812,12,9,5,0,2,1,0,2,1,1,2,3
179867,1,412,1,6295,6909,989,1256,13204,2245,7284,8165,15449
179867,1,112,2,3370,3707,193,383,7077,576,3563,4090,7653
179867,1,312,5,2925,3202,796,873,6127,1669,3721,4075,7796
179867,2,999,1,4466,5251,269,282,9717,551,4735,5533,10268
179867,2,999,2,3346,3695,64,61,7041,125,3410,3756,7166
179867,2,999,5,1120,1556,205,221,2676,426,1325,1777,3102
179867,3,1,1,22,43,6,1,65,7,28,44,72
179867,3,1,2,22,43,6,1,65,7,28,44,72
179867,4,2,1,1439,1638,8,7,3077,15,1447,1645,3092
179867,4,2,2,1438,1638,7,7,3076,14,1445,1645,3090
179867,4,2,5,1,0,1,0,1,1,2,0,2
179867,5,3,1,1659,1863,15,14,3522,29,1674,1877,3551
179867,5,3,2,1594,1793,13,12,3387,25,1607,1805,3412
179867,5,3,5,65,70,2,2,135,4,67,72,139
179867,6,4,1,1346,1707,240,260,3053,500,1586,1967,3553
179867,6,4,2,292,221,38,41,513,79,330,262,592
179867,6,4,5,1054,1486,202,219,2540,421,1256,1705,2961
179867,7,999,1,1829,1658,720,974,3487,1694,2549,2632,5181
179867,7,999,2,24,12,129,322,36,451,153,334,487
179867,7,999,5,1805,1646,591,652,3451,1243,2396,2298,4694
179867,8,5,1,1277,1186,278,329,2463,607,1555,1515,3070
179867,8,5,2,14,6,39,70,20,109,53,76,129
179867,8,5,5,1263,1180,239,259,2443,498,1502,1439,2941
179867,9,6,1,341,287,155,211,628,366,496,498,994
179867,9,6,2,3,2,23,63,5,86,26,65,91
179867,9,6,5,338,285,132,148,623,280,470,433,903
179867,10,7,1,102,91,105,138,193,243,207,229,436
179867,10,7,2,3,3,22,58,6,80,25,61,86
179867,10,7,5,99,88,83,80,187,163,182,168,350
179867,11,8,1,85,75,105,175,160,280,190,250,440
179867,11,8,2,4,1,23,87,5,110,27,88,115
179867,11,8,5,81,74,82,88,155,170,163,162,325
179867,12,9,1,21,18,67,109,39,176,88,127,215
179867,12,9,2,0,0,21,40,0,61,21,40,61
179867,12,9,5,21,18,46,69,39,115,67,87,154
179867,13,10,1,3,1,10,12,4,22,13,13,26
179867,13,10,2,0,0,1,4,0,5,1,4,5
179867,13,10,5,3,1,9,8,4,17,12,9,21
179894,1,412,1,1459,1966,1959,2813,3425,4772,3418,4779,8197
179894,1,112,2,873,1149,264,277,2022,541,1137,1426,2563
179894,1,312,5,586,817,1695,2536,1403,4231,2281,3353,5634
179894,2,999,1,803,1166,115,197,1969,312,918,1363,2281
179894,2,999,2,775,1043,66,62,1818,128,841,1105,1946
179894,2,999,5,28,123,49,135,151,184,77,258,335
179894,3,1,1,3,2,1,3,5,4,4,5,9
179894,3,1,2,3,2,1,3,5,4,4,5,9
179894,4,2,1,274,352,4,6,626,10,278,358,636
179894,4,2,2,274,352,4,6,626,10,278,358,636
179894,5,3,1,347,508,10,15,855,25,357,523,880
179894,5,3,2,347,501,10,13,848,23,357,514,871
179894,5,3,5,0,7,0,2,7,2,0,9,9
179894,6,4,1,179,304,100,173,483,273,279,477,756
179894,6,4,2,151,188,51,40,339,91,202,228,430
179894,6,4,5,28,116,49,133,144,182,77,249,326
179894,7,999,1,655,799,1840,2615,1454,4455,2495,3414,5909
179894,7,999,2,98,105,198,215,203,413,296,320,616
179894,7,999,5,557,694,1642,2400,1251,4042,2199,3094,5293
179894,8,5,1,167,282,322,585,449,907,489,867,1356
179894,8,5,2,40,58,50,39,98,89,90,97,187
179894,8,5,5,127,224,272,546,351,818,399,770,1169
179894,9,6,1,130,169,388,533,299,921,518,702,1220
179894,9,6,2,32,18,48,40,50,88,80,58,138
179894,9,6,5,98,151,340,493,249,833,438,644,1082
179894,10,7,1,111,117,375,453,228,828,486,570,1056
179894,10,7,2,14,12,50,51,26,101,64,63,127
179894,10,7,5,97,105,325,402,202,727,422,507,929
179894,11,8,1,148,158,491,675,306,1166,639,833,1472
179894,11,8,2,9,12,34,50,21,84,43,62,105
179894,11,8,5,139,146,457,625,285,1082,596,771,1367
179894,12,9,1,95,73,246,354,168,600,341,427,768
179894,12,9,2,3,5,14,33,8,47,17,38,55
179894,12,9,5,92,68,232,321,160,553,324,389,713
179894,13,10,1,4,0,18,15,4,33,22,15,37
179894,13,10,2,0,0,2,2,0,4,2,2,4
179894,13,10,5,4,0,16,13,4,29,20,13,33
179894,14,11,1,1,1,4,1,2,5,5,2,7
179894,14,11,2,0,1,0,0,1,0,0,1,1
179894,14,11,5,1,0,4,1,1,5,5,1,6
179946,1,412,1,333,266,5,5,599,10,338,271,609
179946,1,112,2,333,266,5,5,599,10,338,271,609
179946,2,999,1,328,262,4,3,590,7,332,265,597
179946,2,999,2,328,262,4,3,590,7,332,265,597
179946,3,1,1,0,5,0,0,5,0,0,5,5
179946,3,1,2,0,5,0,0,5,0,0,5,5
179946,4,2,1,146,129,0,0,275,0,146,129,275
179946,4,2,2,146,129,0,0,275,0,146,129,275
179946,5,3,1,157,107,3,2,264,5,160,109,269
179946,5,3,2,157,107,3,2,264,5,160,109,269
179946,6,4,1,25,21,1,1,46,2,26,22,48
179946,6,4,2,25,21,1,1,46,2,26,22,48
179946,7,999,1,5,4,1,2,9,3,6,6,12
179946,7,999,2,5,4,1,2,9,3,6,6,12
179946,8,5,1,4,2,0,1,6,1,4,3,7
179946,8,5,2,4,2,0,1,6,1,4,3,7
179946,9,6,1,0,1,0,0,1,0,0,1,1
179946,9,6,2,0,1,0,0,1,0,0,1,1
179946,10,7,1,1,1,0,0,2,0,1,1,2
179946,10,7,2,1,1,0,0,2,0,1,1,2
179946,11,8,1,0,0,1,0,0,1,1,0,1
179946,11,8,2,0,0,1,0,0,1,1,0,1
179946,12,9,1,0,0,0,1,0,1,0,1,1
179946,12,9,2,0,0,0,1,0,1,0,1,1
179964,1,412,1,207,553,502,852,760,1354,709,1405,2114
179964,1,112,2,183,509,61,129,692,190,244,638,882
179964,1,312,5,24,44,441,723,68,1164,465,767,1232
179964,2,999,1,182,444,71,92,626,163,253,536,789
179964,2,999,2,176,436,43,35,612,78,219,471,690
179964,2,999,5,6,8,28,57,14,85,34,65,99
179964,3,1,1,1,3,27,1,4,28,28,4,32
179964,3,1,2,1,3,27,1,4,28,28,4,32
179964,4,2,1,64,166,4,5,230,9,68,171,239
179964,4,2,2,64,166,4,5,230,9,68,171,239
179964,5,3,1,79,202,2,10,281,12,81,212,293
179964,5,3,2,77,201,1,9,278,10,78,210,288
179964,5,3,5,2,1,1,1,3,2,3,2,5
179964,6,4,1,38,73,38,76,111,114,76,149,225
179964,6,4,2,34,66,11,20,100,31,45,86,131
179964,6,4,5,4,7,27,56,11,83,31,63,94
179964,7,999,1,25,109,431,758,134,1189,456,867,1323
179964,7,999,2,7,73,18,94,80,112,25,167,192
179964,7,999,5,18,36,413,664,54,1077,431,700,1131
179964,8,5,1,12,34,88,152,46,240,100,186,286
179964,8,5,2,5,24,5,30,29,35,10,54,64
179964,8,5,5,7,10,83,122,17,205,90,132,222
179964,9,6,1,8,22,85,139,30,224,93,161,254
179964,9,6,2,2,14,6,18,16,24,8,32,40
179964,9,6,5,6,8,79,121,14,200,85,129,214
179964,10,7,1,5,22,106,155,27,261,111,177,288
179964,10,7,2,0,15,4,15,15,19,4,30,34
179964,10,7,5,5,7,102,140,12,242,107,147,254
179964,11,8,1,0,25,129,237,25,366,129,262,391
179964,11,8,2,0,18,2,21,18,23,2,39,41
179964,11,8,5,0,7,127,216,7,343,127,223,350
179964,12,9,1,0,5,21,73,5,94,21,78,99
179964,12,9,2,0,1,0,10,1,10,0,11,11
179964,12,9,5,0,4,21,63,4,84,21,67,88
179964,13,10,1,0,1,2,2,1,4,2,3,5
179964,13,10,2,0,1,1,0,1,1,1,1,2
179964,13,10,5,0,0,1,2,0,3,1,2,3
179964,14,11,1,0,0,0,2,0,2,0,2,2
179964,14,11,5,0,0,0,2,0,2,0,2,2
180081,1,412,1,179,114,157,229,293,386,336,343,679
180081,1,112,2,179,114,157,229,293,386,336,343,679
180081,2,999,1,153,93,146,209,246,355,299,302,601
180081,2,999,2,153,93,146,209,246,355,299,302,601
180081,3,1,1,0,2,108,170,2,278,108,172,280
180081,3,1,2,0,2,108,170,2,278,108,172,280
180081,4,2,1,88,66,26,30,154,56,114,96,210
180081,4,2,2,88,66,26,30,154,56,114,96,210
180081,5,3,1,48,17,5,5,65,10,53,22,75
180081,5,3,2,48,17,5,5,65,10,53,22,75
180081,6,4,1,17,8,7,4,25,11,24,12,36
180081,6,4,2,17,8,7,4,25,11,24,12,36
180081,7,999,1,26,21,11,20,47,31,37,41,78
180081,7,999,2,26,21,11,20,47,31,37,41,78
180081,8,5,1,11,9,3,8,20,11,14,17,31
180081,8,5,2,11,9,3,8,20,11,14,17,31
180081,9,6,1,7,6,3,6,13,9,10,12,22
180081,9,6,2,7,6,3,6,13,9,10,12,22
180081,10,7,1,6,2,1,2,8,3,7,4,11
180081,10,7,2,6,2,1,2,8,3,7,4,11
180081,11,8,1,2,3,2,2,5,4,4,5,9
180081,11,8,2,2,3,2,2,5,4,4,5,9
180081,12,9,1,0,1,2,2,1,4,2,3,5
180081,12,9,2,0,1,2,2,1,4,2,3,5
180151,1,412,1,122,111,45,99,233,144,167,210,377
180151,1,112,2,122,111,45,99,233,144,167,210,377
180151,2,999,1,110,98,28,52,208,80,138,150,288
180151,2,999,2,110,98,28,52,208,80,138,150,288
180151,3,1,1,2,3,18,26,5,44,20,29,49
180151,3,1,2,2,3,18,26,5,44,20,29,49
180151,4,2,1,75,73,2,4,148,6,77,77,154
180151,4,2,2,75,73,2,4,148,6,77,77,154
180151,5,3,1,27,17,6,12,44,18,33,29,62
180151,5,3,2,27,17,6,12,44,18,33,29,62
180151,6,4,1,6,5,2,10,11,12,8,15,23
180151,6,4,2,6,5,2,10,11,12,8,15,23
180151,7,999,1,12,13,17,47,25,64,29,60,89
180151,7,999,2,12,13,17,47,25,64,29,60,89
180151,8,5,1,1,4,5,7,5,12,6,11,17
180151,8,5,2,1,4,5,7,5,12,6,11,17
180151,9,6,1,2,5,5,17,7,22,7,22,29
180151,9,6,2,2,5,5,17,7,22,7,22,29
180151,10,7,1,2,2,2,6,4,8,4,8,12
180151,10,7,2,2,2,2,6,4,8,4,8,12
180151,11,8,1,4,2,3,10,6,13,7,12,19
180151,11,8,2,4,2,3,10,6,13,7,12,19
180151,12,9,1,2,0,2,5,2,7,4,5,9
180151,12,9,2,2,0,2,5,2,7,4,5,9
180151,13,10,1,1,0,0,2,1,2,1,2,3
180151,13,10,2,1,0,0,2,1,2,1,2,3
180179,1,412,1,840,1305,483,1372,2145,1855,1323,2677,4000
180179,1,112,2,797,1188,428,1189,1985,1617,1225,2377,3602
180179,1,312,5,43,117,55,183,160,238,98,300,398
180179,2,999,1,552,804,258,657,1356,915,810,1461,2271
180179,2,999,2,548,798,257,652,1346,909,805,1450,2255
180179,2,999,5,4,6,1,5,10,6,5,11,16
180179,3,1,1,0,1,34,104,1,138,34,105,139
180179,3,1,2,0,1,34,104,1,138,34,105,139
180179,4,2,1,63,121,137,308,184,445,200,429,629
180179,4,2,2,63,121,137,308,184,445,200,429,629
180179,5,3,1,242,337,33,91,579,124,275,428,703
180179,5,3,2,242,337,33,91,579,124,275,428,703
180179,6,4,1,247,345,54,154,592,208,301,499,800
180179,6,4,2,243,339,53,149,582,202,296,488,784
180179,6,4,5,4,6,1,5,10,6,5,11,16
180179,7,999,1,288,501,225,715,789,940,513,1216,1729
180179,7,999,2,249,390,171,537,639,708,420,927,1347
180179,7,999,5,39,111,54,178,150,232,93,289,382
180179,8,5,1,133,222,77,244,355,321,210,466,676
180179,8,5,2,119,173,61,195,292,256,180,368,548
180179,8,5,5,14,49,16,49,63,65,30,98,128
180179,9,6,1,60,105,42,157,165,199,102,262,364
180179,9,6,2,51,91,34,117,142,151,85,208,293
180179,9,6,5,9,14,8,40,23,48,17,54,71
180179,10,7,1,37,66,47,121,103,168,84,187,271
180179,10,7,2,32,51,38,94,83,132,70,145,215
180179,10,7,5,5,15,9,27,20,36,14,42,56
180179,11,8,1,42,75,41,127,117,168,83,202,285
180179,11,8,2,35,49,25,92,84,117,60,141,201
180179,11,8,5,7,26,16,35,33,51,23,61,84
180179,12,9,1,16,29,13,62,45,75,29,91,120
180179,12,9,2,12,23,8,36,35,44,20,59,79
180179,12,9,5,4,6,5,26,10,31,9,32,41
180179,13,10,1,0,4,5,4,4,9,5,8,13
180179,13,10,2,0,3,5,3,3,8,5,6,11
180179,13,10,5,0,1,0,1,1,1,0,2,2
180197,1,412,1,353,363,554,779,716,1333,907,1142,2049
180197,1,112,2,353,363,554,779,716,1333,907,1142,2049
180197,2,999,1,268,273,403,495,541,898,671,768,1439
180197,2,999,2,268,273,403,495,541,898,671,768,1439
180197,3,1,1,13,13,241,278,26,519,254,291,545
180197,3,1,2,13,13,241,278,26,519,254,291,545
180197,4,2,1,161,174,89,86,335,175,250,260,510
180197,4,2,2,161,174,89,86,335,175,250,260,510
180197,5,3,1,67,57,45,72,124,117,112,129,241
180197,5,3,2,67,57,45,72,124,117,112,129,241
180197,6,4,1,27,29,28,59,56,87,55,88,143
180197,6,4,2,27,29,28,59,56,87,55,88,143
180197,7,999,1,85,90,151,284,175,435,236,374,610
180197,7,999,2,85,90,151,284,175,435,236,374,610
180197,8,5,1,36,28,45,77,64,122,81,105,186
180197,8,5,2,36,28,45,77,64,122,81,105,186
180197,9,6,1,21,24,32,47,45,79,53,71,124
180197,9,6,2,21,24,32,47,45,79,53,71,124
180197,10,7,1,8,15,23,44,23,67,31,59,90
180197,10,7,2,8,15,23,44,23,67,31,59,90
180197,11,8,1,9,17,26,54,26,80,35,71,106
180197,11,8,2,9,17,26,54,26,80,35,71,106
180197,12,9,1,9,5,13,36,14,49,22,41,63
180197,12,9,2,9,5,13,36,14,49,22,41,63
180197,13,10,1,2,1,12,26,3,38,14,27,41
180197,13,10,2,2,1,12,26,3,38,14,27,41
180249,1,412,1,155,323,170,423,478,593,325,746,1071
180249,1,112,2,155,323,170,423,478,593,325,746,1071
180249,2,999,1,102,189,134,280,291,414,236,469,705
180249,2,999,2,102,189,134,280,291,414,236,469,705
180249,3,1,1,14,17,89,150,31,239,103,167,270
180249,3,1,2,14,17,89,150,31,239,103,167,270
180249,4,2,1,48,63,21,44,111,65,69,107,176
180249,4,2,2,48,63,21,44,111,65,69,107,176
180249,5,3,1,27,49,14,42,76,56,41,91,132
180249,5,3,2,27,49,14,42,76,56,41,91,132
180249,6,4,1,13,60,10,44,73,54,23,104,127
180249,6,4,2,13,60,10,44,73,54,23,104,127
180249,7,999,1,53,134,36,143,187,179,89,277,366
180249,7,999,2,53,134,36,143,187,179,89,277,366
180249,8,5,1,16,55,14,60,71,74,30,115,145
180249,8,5,2,16,55,14,60,71,74,30,115,145
180249,9,6,1,14,27,8,29,41,37,22,56,78
180249,9,6,2,14,27,8,29,41,37,22,56,78
180249,10,7,1,10,17,9,26,27,35,19,43,62
180249,10,7,2,10,17,9,26,27,35,19,43,62
180249,11,8,1,11,25,1,18,36,19,12,43,55
180249,11,8,2,11,25,1,18,36,19,12,43,55
180249,12,9,1,2,8,4,9,10,13,6,17,23
180249,12,9,2,2,8,4,9,10,13,6,17,23
180249,13,10,1,0,2,0,1,2,1,0,3,3
180249,13,10,2,0,2,0,1,2,1,0,3,3
180258,1,412,1,249,473,52,231,722,283,301,704,1005
180258,1,112,2,194,334,48,214,528,262,242,548,790
180258,1,312,5,55,139,4,17,194,21,59,156,215
180258,2,999,1,144,207,11,30,351,41,155,237,392
180258,2,999,2,142,199,11,30,341,41,153,229,382
180258,2,999,5,2,8,0,0,10,0,2,8,10
180258,3,1,1,1,3,1,0,4,1,2,3,5
180258,3,1,2,1,3,1,0,4,1,2,3,5
180258,4,2,1,44,72,1,2,116,3,45,74,119
180258,4,2,2,44,72,1,2,116,3,45,74,119
180258,5,3,1,64,100,6,9,164,15,70,109,179
180258,5,3,2,64,99,6,9,163,15,70,108,178
180258,5,3,5,0,1,0,0,1,0,0,1,1
180258,6,4,1,35,32,3,19,67,22,38,51,89
180258,6,4,2,33,25,3,19,58,22,36,44,80
180258,6,4,5,2,7,0,0,9,0,2,7,9
180258,7,999,1,103,265,41,201,368,242,144,466,610
180258,7,999,2,50,135,37,184,185,221,87,319,406
180258,7,999,5,53,130,4,17,183,21,57,147,204
180258,8,5,1,27,46,6,38,73,44,33,84,117
180258,8,5,2,21,32,6,35,53,41,27,67,94
180258,8,5,5,6,14,0,3,20,3,6,17,23
180258,9,6,1,20,38,11,43,58,54,31,81,112
180258,9,6,2,12,23,9,40,35,49,21,63,84
180258,9,6,5,8,15,2,3,23,5,10,18,28
180258,10,7,1,22,58,10,42,80,52,32,100,132
180258,10,7,2,10,28,9,39,38,48,19,67,86
180258,10,7,5,12,30,1,3,42,4,13,33,46
180258,11,8,1,14,84,6,57,98,63,20,141,161
180258,11,8,2,4,35,5,53,39,58,9,88,97
180258,11,8,5,10,49,1,4,59,5,11,53,64
180258,12,9,1,19,38,7,20,57,27,26,58,84
180258,12,9,2,3,16,7,16,19,23,10,32,42
180258,12,9,5,16,22,0,4,38,4,16,26,42
180258,13,10,1,1,1,1,1,2,2,2,2,4
180258,13,10,2,0,1,1,1,1,2,1,2,3
180258,13,10,5,1,0,0,0,1,0,1,0,1
180258,14,11,1,2,1,0,0,3,0,2,1,3
180258,14,11,2,2,0,0,0,2,0,2,0,2
180258,14,11,5,0,1,0,0,1,0,0,1,1
180276,1,412,1,172,159,385,608,331,993,557,767,1324
180276,1,112,2,172,159,385,608,331,993,557,767,1324
180276,2,999,1,131,103,340,469,234,809,471,572,1043
180276,2,999,2,131,103,340,469,234,809,471,572,1043
180276,3,1,1,1,7,201,292,8,493,202,299,501
180276,3,1,2,1,7,201,292,8,493,202,299,501
180276,4,2,1,53,44,103,90,97,193,156,134,290
180276,4,2,2,53,44,103,90,97,193,156,134,290
180276,5,3,1,43,32,17,42,75,59,60,74,134
180276,5,3,2,43,32,17,42,75,59,60,74,134
180276,6,4,1,34,20,19,45,54,64,53,65,118
180276,6,4,2,34,20,19,45,54,64,53,65,118
180276,7,999,1,41,56,44,138,97,182,85,194,279
180276,7,999,2,41,56,44,138,97,182,85,194,279
180276,8,5,1,17,17,17,50,34,67,34,67,101
180276,8,5,2,17,17,17,50,34,67,34,67,101
180276,9,6,1,9,16,13,30,25,43,22,46,68
180276,9,6,2,9,16,13,30,25,43,22,46,68
180276,10,7,1,7,10,5,22,17,27,12,32,44
180276,10,7,2,7,10,5,22,17,27,12,32,44
180276,11,8,1,4,9,9,24,13,33,13,33,46
180276,11,8,2,4,9,9,24,13,33,13,33,46
180276,12,9,1,4,4,0,11,8,11,4,15,19
180276,12,9,2,4,4,0,11,8,11,4,15,19
180276,13,10,1,0,0,0,1,0,1,0,1,1
180276,13,10,2,0,0,0,1,0,1,0,1,1
180276,14,11,1,0,0,1,1,0,2,1,1,2
180276,14,11,2,0,0,1,1,0,2,1,1,2
180416,1,412,1,888,511,145,106,1399,251,1033,617,1650
180416,1,112,2,842,481,57,51,1323,108,899,532,1431
180416,1,312,5,46,30,88,55,76,143,134,85,219
180416,2,999,1,735,414,37,35,1149,72,772,449,1221
180416,2,999,2,716,405,30,24,1121,54,746,429,1175
180416,2,999,5,19,9,7,11,28,18,26,20,46
180416,3,1,1,2,2,0,1,4,1,2,3,5
180416,3,1,2,2,2,0,1,4,1,2,3,5
180416,4,2,1,261,171,8,4,432,12,269,175,444
180416,4,2,2,261,171,8,4,432,12,269,175,444
180416,5,3,1,292,153,9,11,445,20,301,164,465
180416,5,3,2,292,153,9,11,445,20,301,164,465
180416,6,4,1,180,88,20,19,268,39,200,107,307
180416,6,4,2,161,79,13,8,240,21,174,87,261
180416,6,4,5,19,9,7,11,28,18,26,20,46
180416,7,999,1,153,97,108,71,250,179,261,168,429
180416,7,999,2,126,76,27,27,202,54,153,103,256
180416,7,999,5,27,21,81,44,48,125,108,65,173
180416,8,5,1,70,45,42,23,115,65,112,68,180
180416,8,5,2,57,37,11,12,94,23,68,49,117
180416,8,5,5,13,8,31,11,21,42,44,19,63
180416,9,6,1,41,20,28,22,61,50,69,42,111
180416,9,6,2,37,17,7,6,54,13,44,23,67
180416,9,6,5,4,3,21,16,7,37,25,19,44
180416,10,7,1,18,19,19,8,37,27,37,27,64
180416,10,7,2,14,10,5,3,24,8,19,13,32
180416,10,7,5,4,9,14,5,13,19,18,14,32
180416,11,8,1,20,10,11,12,30,23,31,22,53
180416,11,8,2,16,9,2,5,25,7,18,14,32
180416,11,8,5,4,1,9,7,5,16,13,8,21
180416,12,9,1,4,3,6,5,7,11,10,8,18
180416,12,9,2,2,3,1,0,5,1,3,3,6
180416,12,9,5,2,0,5,5,2,10,7,5,12
180416,13,10,1,0,0,2,1,0,3,2,1,3
180416,13,10,2,0,0,1,1,0,2,1,1,2
180416,13,10,5,0,0,1,0,0,1,1,0,1
180595,1,412,1,463,513,12,26,976,38,475,539,1014
180595,1,112,2,421,395,10,13,816,23,431,408,839
180595,1,312,5,42,118,2,13,160,15,44,131,175
180595,2,999,1,404,416,7,18,820,25,411,434,845
180595,2,999,2,398,382,6,8,780,14,404,390,794
180595,2,999,5,6,34,1,10,40,11,7,44,51
180595,3,1,1,2,5,1,1,7,2,3,6,9
180595,3,1,2,2,5,1,1,7,2,3,6,9
180595,4,2,1,179,187,2,2,366,4,181,189,370
180595,4,2,2,179,187,2,2,366,4,181,189,370
180595,5,3,1,167,149,0,2,316,2,167,151,318
180595,5,3,2,167,149,0,2,316,2,167,151,318
180595,6,4,1,56,75,4,13,131,17,60,88,148
180595,6,4,2,50,41,3,3,91,6,53,44,97
180595,6,4,5,6,34,1,10,40,11,7,44,51
180595,7,999,1,59,97,5,8,156,13,64,105,169
180595,7,999,2,23,13,4,5,36,9,27,18,45
180595,7,999,5,36,84,1,3,120,4,37,87,124
180595,8,5,1,36,71,2,5,107,7,38,76,114
180595,8,5,2,13,8,1,2,21,3,14,10,24
180595,8,5,5,23,63,1,3,86,4,24,66,90
180595,9,6,1,15,13,1,2,28,3,16,15,31
180595,9,6,2,8,2,1,2,10,3,9,4,13
180595,9,6,5,7,11,0,0,18,0,7,11,18
180595,10,7,1,4,7,2,0,11,2,6,7,13
180595,10,7,2,0,2,2,0,2,2,2,2,4
180595,10,7,5,4,5,0,0,9,0,4,5,9
180595,11,8,1,3,4,0,0,7,0,3,4,7
180595,11,8,2,2,1,0,0,3,0,2,1,3
180595,11,8,5,1,3,0,0,4,0,1,3,4
180595,12,9,1,1,2,0,1,3,1,1,3,4
180595,12,9,2,0,0,0,1,0,1,0,1,1
180595,12,9,5,1,2,0,0,3,0,1,2,3
180692,1,412,1,400,660,64,210,1060,274,464,870,1334
180692,1,112,2,400,660,64,210,1060,274,464,870,1334
180692,2,999,1,368,592,20,50,960,70,388,642,1030
180692,2,999,2,368,592,20,50,960,70,388,642,1030
180692,3,1,1,1,1,0,1,2,1,1,2,3
180692,3,1,2,1,1,0,1,2,1,1,2,3
180692,4,2,1,145,237,0,1,382,1,145,238,383
180692,4,2,2,145,237,0,1,382,1,145,238,383
180692,5,3,1,138,237,5,17,375,22,143,254,397
180692,5,3,2,138,237,5,17,375,22,143,254,397
180692,6,4,1,84,117,15,31,201,46,99,148,247
180692,6,4,2,84,117,15,31,201,46,99,148,247
180692,7,999,1,29,68,41,160,97,201,70,228,298
180692,7,999,2,29,68,41,160,97,201,70,228,298
180692,8,5,1,23,29,12,42,52,54,35,71,106
180692,8,5,2,23,29,12,42,52,54,35,71,106
180692,9,6,1,4,14,10,34,18,44,14,48,62
180692,9,6,2,4,14,10,34,18,44,14,48,62
180692,10,7,1,2,12,6,12,14,18,8,24,32
180692,10,7,2,2,12,6,12,14,18,8,24,32
180692,11,8,1,0,11,9,51,11,60,9,62,71
180692,11,8,2,0,11,9,51,11,60,9,62,71
180692,12,9,1,0,2,4,21,2,25,4,23,27
180692,12,9,2,0,2,4,21,2,25,4,23,27
180692,14,11,1,3,0,3,0,3,3,6,0,6
180692,14,11,2,3,0,3,0,3,3,6,0,6
180717,1,412,1,27,14,6,10,41,16,33,24,57
180717,1,112,2,27,14,6,10,41,16,33,24,57
180717,2,999,1,23,13,6,8,36,14,29,21,50
180717,2,999,2,23,13,6,8,36,14,29,21,50
180717,3,1,1,1,1,3,6,2,9,4,7,11
180717,3,1,2,1,1,3,6,2,9,4,7,11
180717,4,2,1,7,5,1,2,12,3,8,7,15
180717,4,2,2,7,5,1,2,12,3,8,7,15
180717,5,3,1,6,5,1,0,11,1,7,5,12
180717,5,3,2,6,5,1,0,11,1,7,5,12
180717,6,4,1,9,2,1,0,11,1,10,2,12
180717,6,4,2,9,2,1,0,11,1,10,2,12
180717,7,999,1,4,1,0,2,5,2,4,3,7
180717,7,999,2,4,1,0,2,5,2,4,3,7
180717,8,5,1,1,1,0,0,2,0,1,1,2
180717,8,5,2,1,1,0,0,2,0,1,1,2
180717,9,6,1,2,0,0,1,2,1,2,1,3
180717,9,6,2,2,0,0,1,2,1,2,1,3
180717,10,7,1,0,0,0,1,0,1,0,1,1
180717,10,7,2,0,0,0,1,0,1,0,1,1
180717,11,8,1,1,0,0,0,1,0,1,0,1
180717,11,8,2,1,0,0,0,1,0,1,0,1
180814,1,412,1,4139,4661,1974,2285,8800,4259,6113,6946,13059
180814,1,112,2,3033,3269,1570,1793,6302,3363,4603,5062,9665
180814,1,312,5,1106,1392,404,492,2498,896,1510,1884,3394
180814,2,999,1,575,756,150,194,1331,344,725,950,1675
180814,2,999,2,514,647,142,169,1161,311,656,816,1472
180814,2,999,5,61,109,8,25,170,33,69,134,203
180814,3,1,1,1,2,3,3,3,6,4,5,9
180814,3,1,2,1,2,3,3,3,6,4,5,9
180814,4,2,1,28,57,1,3,85,4,29,60,89
180814,4,2,2,28,57,1,3,85,4,29,60,89
180814,5,3,1,126,171,37,37,297,74,163,208,371
180814,5,3,2,126,168,37,37,294,74,163,205,368
180814,5,3,5,0,3,0,0,3,0,0,3,3
180814,6,4,1,420,526,109,151,946,260,529,677,1206
180814,6,4,2,359,420,101,126,779,227,460,546,1006
180814,6,4,5,61,106,8,25,167,33,69,131,200
180814,7,999,1,2875,3265,1227,1387,6140,2614,4102,4652,8754
180814,7,999,2,1949,2119,869,963,4068,1832,2818,3082,5900
180814,7,999,5,926,1146,358,424,2072,782,1284,1570,2854
180814,8,5,1,745,976,282,358,1721,640,1027,1334,2361
180814,8,5,2,532,635,222,259,1167,481,754,894,1648
180814,8,5,5,213,341,60,99,554,159,273,440,713
180814,9,6,1,705,808,274,288,1513,562,979,1096,2075
180814,9,6,2,489,520,204,204,1009,408,693,724,1417
180814,9,6,5,216,288,70,84,504,154,286,372,658
180814,10,7,1,566,529,261,268,1095,529,827,797,1624
180814,10,7,2,376,361,190,182,737,372,566,543,1109
180814,10,7,5,190,168,71,86,358,157,261,254,515
180814,11,8,1,624,672,289,312,1296,601,913,984,1897
180814,11,8,2,409,423,176,212,832,388,585,635,1220
180814,11,8,5,215,249,113,100,464,213,328,349,677
180814,12,9,1,227,266,112,151,493,263,339,417,756
180814,12,9,2,140,169,72,101,309,173,212,270,482
180814,12,9,5,87,97,40,50,184,90,127,147,274
180814,13,10,1,8,14,9,10,22,19,17,24,41
180814,13,10,2,3,11,5,5,14,10,8,16,24
180814,13,10,5,5,3,4,5,8,9,9,8,17
180814,14,11,1,689,640,597,704,1329,1301,1286,1344,2630
180814,14,11,2,570,503,559,661,1073,1220,1129,1164,2293
180814,14,11,5,119,137,38,43,256,81,157,180,337
180878,1,412,1,47,377,28,326,424,354,75,703,778
180878,1,112,2,27,339,27,268,366,295,54,607,661
180878,1,312,5,20,38,1,58,58,59,21,96,117
180878,2,999,1,19,308,15,157,327,172,34,465,499
180878,2,999,2,19,306,15,157,325,172,34,463,497
180878,2,999,5,0,2,0,0,2,0,0,2,2
180878,3,1,1,0,4,0,0,4,0,0,4,4
180878,3,1,2,0,4,0,0,4,0,0,4,4
180878,4,2,1,5,121,0,14,126,14,5,135,140
180878,4,2,2,5,121,0,14,126,14,5,135,140
180878,5,3,1,7,108,6,61,115,67,13,169,182
180878,5,3,2,7,108,6,61,115,67,13,169,182
180878,6,4,1,7,75,9,82,82,91,16,157,173
180878,6,4,2,7,73,9,82,80,91,16,155,171
180878,6,4,5,0,2,0,0,2,0,0,2,2
180878,7,999,1,28,67,9,113,95,122,37,180,217
180878,7,999,2,8,31,8,57,39,65,16,88,104
180878,7,999,5,20,36,1,56,56,57,21,92,113
180878,8,5,1,11,40,5,26,51,31,16,66,82
180878,8,5,2,4,19,5,25,23,30,9,44,53
180878,8,5,5,7,21,0,1,28,1,7,22,29
180878,9,6,1,11,15,1,29,26,30,12,44,56
180878,9,6,2,2,6,1,15,8,16,3,21,24
180878,9,6,5,9,9,0,14,18,14,9,23,32
180878,10,7,1,5,7,1,20,12,21,6,27,33
180878,10,7,2,1,1,1,7,2,8,2,8,10
180878,10,7,5,4,6,0,13,10,13,4,19,23
180878,11,8,1,1,4,2,25,5,27,3,29,32
180878,11,8,2,1,4,1,7,5,8,2,11,13
180878,11,8,5,0,0,1,18,0,19,1,18,19
180878,12,9,1,0,1,0,12,1,12,0,13,13
180878,12,9,2,0,1,0,3,1,3,0,4,4
180878,12,9,5,0,0,0,9,0,9,0,9,9
180878,13,10,1,0,0,0,1,0,1,0,1,1
180878,13,10,5,0,0,0,1,0,1,0,1,1
180878,14,11,1,0,2,4,56,2,60,4,58,62
180878,14,11,2,0,2,4,54,2,58,4,56,60
180878,14,11,5,0,0,0,2,0,2,0,2,2
180902,1,412,1,813,948,1529,2684,1761,4213,2342,3632,5974
180902,1,112,2,813,948,1529,2684,1761,4213,2342,3632,5974
180902,2,999,1,700,748,1233,1912,1448,3145,1933,2660,4593
180902,2,999,2,700,748,1233,1912,1448,3145,1933,2660,4593
180902,3,1,1,10,21,657,980,31,1637,667,1001,1668
180902,3,1,2,10,21,657,980,31,1637,667,1001,1668
180902,4,2,1,457,484,357,429,941,786,814,913,1727
180902,4,2,2,457,484,357,429,941,786,814,913,1727
180902,5,3,1,190,173,134,275,363,409,324,448,772
180902,5,3,2,190,173,134,275,363,409,324,448,772
180902,6,4,1,43,70,85,228,113,313,128,298,426
180902,6,4,2,43,70,85,228,113,313,128,298,426
180902,7,999,1,113,200,296,770,313,1066,409,970,1379
180902,7,999,2,113,200,296,770,313,1066,409,970,1379
180902,8,5,1,35,77,79,244,112,323,114,321,435
180902,8,5,2,35,77,79,244,112,323,114,321,435
180902,9,6,1,24,39,81,177,63,258,105,216,321
180902,9,6,2,24,39,81,177,63,258,105,216,321
180902,10,7,1,19,28,50,129,47,179,69,157,226
180902,10,7,2,19,28,50,129,47,179,69,157,226
180902,11,8,1,22,40,53,142,62,195,75,182,257
180902,11,8,2,22,40,53,142,62,195,75,182,257
180902,12,9,1,12,16,24,73,28,97,36,89,125
180902,12,9,2,12,16,24,73,28,97,36,89,125
180902,13,10,1,1,0,9,5,1,14,10,5,15
180902,13,10,2,1,0,9,5,1,14,10,5,15
180902,14,11,1,0,0,0,2,0,2,0,2,2
180902,14,11,2,0,0,0,2,0,2,0,2,2
180948,1,412,1,646,897,275,512,1543,787,921,1409,2330
180948,1,112,2,606,833,142,282,1439,424,748,1115,1863
180948,1,312,5,40,64,133,230,104,363,173,294,467
180948,2,999,1,591,767,86,143,1358,229,677,910,1587
180948,2,999,2,571,743,77,117,1314,194,648,860,1508
180948,2,999,5,20,24,9,26,44,35,29,50,79
180948,3,1,1,0,3,34,60,3,94,34,63,97
180948,3,1,2,0,3,34,60,3,94,34,63,97
180948,4,2,1,222,356,16,14,578,30,238,370,608
180948,4,2,2,222,356,16,14,578,30,238,370,608
180948,5,3,1,256,279,3,8,535,11,259,287,546
180948,5,3,2,254,277,3,8,531,11,257,285,542
180948,5,3,5,2,2,0,0,4,0,2,2,4
180948,6,4,1,113,129,33,61,242,94,146,190,336
180948,6,4,2,95,107,24,35,202,59,119,142,261
180948,6,4,5,18,22,9,26,40,35,27,48,75
180948,7,999,1,55,130,189,369,185,558,244,499,743
180948,7,999,2,35,90,65,165,125,230,100,255,355
180948,7,999,5,20,40,124,204,60,328,144,244,388
180948,8,5,1,28,43,55,91,71,146,83,134,217
180948,8,5,2,20,28,19,42,48,61,39,70,109
180948,8,5,5,8,15,36,49,23,85,44,64,108
180948,9,6,1,9,37,45,69,46,114,54,106,160
180948,9,6,2,3,28,14,33,31,47,17,61,78
180948,9,6,5,6,9,31,36,15,67,37,45,82
180948,10,7,1,12,21,40,78,33,118,52,99,151
180948,10,7,2,9,12,11,36,21,47,20,48,68
180948,10,7,5,3,9,29,42,12,71,32,51,83
180948,11,8,1,2,23,30,88,25,118,32,111,143
180948,11,8,2,1,17,13,35,18,48,14,52,66
180948,11,8,5,1,6,17,53,7,70,18,59,77
180948,12,9,1,4,6,17,41,10,58,21,47,68
180948,12,9,2,2,5,7,18,7,25,9,23,32
180948,12,9,5,2,1,10,23,3,33,12,24,36
180948,13,10,1,0,0,2,2,0,4,2,2,4
180948,13,10,2,0,0,1,1,0,2,1,1,2
180948,13,10,5,0,0,1,1,0,2,1,1,2
181002,1,412,1,2964,4297,567,942,7261,1509,3531,5239,8770
181002,1,112,2,1761,2569,65,63,4330,128,1826,2632,4458
181002,1,312,5,1203,1728,502,879,2931,1381,1705,2607,4312
181002,2,999,1,2175,3376,87,119,5551,206,2262,3495,5757
181002,2,999,2,1706,2481,35,25,4187,60,1741,2506,4247
181002,2,999,5,469,895,52,94,1364,146,521,989,1510
181002,3,1,1,27,57,1,0,84,1,28,57,85
181002,3,1,2,27,57,1,0,84,1,28,57,85
181002,4,2,1,758,1147,2,2,1905,4,760,1149,1909
181002,4,2,2,757,1144,2,2,1901,4,759,1146,1905
181002,4,2,5,1,3,0,0,4,0,1,3,4
181002,5,3,1,822,1181,11,6,2003,17,833,1187,2020
181002,5,3,2,802,1112,9,6,1914,15,811,1118,1929
181002,5,3,5,20,69,2,0,89,2,22,69,91
181002,6,4,1,568,991,73,111,1559,184,641,1102,1743
181002,6,4,2,120,168,23,17,288,40,143,185,328
181002,6,4,5,448,823,50,94,1271,144,498,917,1415
181002,7,999,1,789,921,480,823,1710,1303,1269,1744,3013
181002,7,999,2,55,88,30,38,143,68,85,126,211
181002,7,999,5,734,833,450,785,1567,1235,1184,1618,2802
181002,8,5,1,580,615,110,217,1195,327,690,832,1522
181002,8,5,2,30,53,11,11,83,22,41,64,105
181002,8,5,5,550,562,99,206,1112,305,649,768,1417
181002,9,6,1,113,150,111,168,263,279,224,318,542
181002,9,6,2,11,19,8,3,30,11,19,22,41
181002,9,6,5,102,131,103,165,233,268,205,296,501
181002,10,7,1,44,76,69,143,120,212,113,219,332
181002,10,7,2,10,9,5,9,19,14,15,18,33
181002,10,7,5,34,67,64,134,101,198,98,201,299
181002,11,8,1,37,66,119,182,103,301,156,248,404
181002,11,8,2,3,6,6,6,9,12,9,12,21
181002,11,8,5,34,60,113,176,94,289,147,236,383
181002,12,9,1,14,13,62,103,27,165,76,116,192
181002,12,9,2,1,1,0,8,2,8,1,9,10
181002,12,9,5,13,12,62,95,25,157,75,107,182
181002,13,10,1,1,1,9,10,2,19,10,11,21
181002,13,10,2,0,0,0,1,0,1,0,1,1
181002,13,10,5,1,1,9,9,2,18,10,10,20
181020,1,412,1,737,820,191,533,1557,724,928,1353,2281
181020,1,112,2,599,481,56,119,1080,175,655,600,1255
181020,1,312,5,138,339,135,414,477,549,273,753,1026
181020,2,999,1,576,482,16,55,1058,71,592,537,1129
181020,2,999,2,562,432,9,21,994,30,571,453,1024
181020,2,999,5,14,50,7,34,64,41,21,84,105
181020,3,1,1,3,5,1,0,8,1,4,5,9
181020,3,1,2,3,5,1,0,8,1,4,5,9
181020,4,2,1,273,201,0,0,474,0,273,201,474
181020,4,2,2,273,201,0,0,474,0,273,201,474
181020,5,3,1,222,195,1,7,417,8,223,202,425
181020,5,3,2,221,193,1,7,414,8,222,200,422
181020,5,3,5,1,2,0,0,3,0,1,2,3
181020,6,4,1,78,81,14,48,159,62,92,129,221
181020,6,4,2,65,33,7,14,98,21,72,47,119
181020,6,4,5,13,48,7,34,61,41,20,82,102
181020,7,999,1,159,337,175,478,496,653,334,815,1149
181020,7,999,2,37,48,47,98,85,145,84,146,230
181020,7,999,5,122,289,128,380,411,508,250,669,919
181020,8,5,1,49,116,38,144,165,182,87,260,347
181020,8,5,2,12,21,9,25,33,34,21,46,67
181020,8,5,5,37,95,29,119,132,148,66,214,280
181020,9,6,1,39,66,43,103,105,146,82,169,251
181020,9,6,2,8,7,13,22,15,35,21,29,50
181020,9,6,5,31,59,30,81,90,111,61,140,201
181020,10,7,1,33,64,30,90,97,120,63,154,217
181020,10,7,2,8,9,12,23,17,35,20,32,52
181020,10,7,5,25,55,18,67,80,85,43,122,165
181020,11,8,1,29,63,50,104,92,154,79,167,246
181020,11,8,2,7,7,11,18,14,29,18,25,43
181020,11,8,5,22,56,39,86,78,125,61,142,203
181020,12,9,1,9,28,14,36,37,50,23,64,87
181020,12,9,2,2,4,2,10,6,12,4,14,18
181020,12,9,5,7,24,12,26,31,38,19,50,69
181020,13,10,1,0,0,0,1,0,1,0,1,1
181020,13,10,5,0,0,0,1,0,1,0,1,1
181020,14,11,1,2,1,0,0,3,0,2,1,3
181020,14,11,2,0,1,0,0,1,0,0,1,1
181020,14,11,5,2,0,0,0,2,0,2,0,2
181127,1,412,1,473,499,5,5,972,10,478,504,982
181127,1,112,2,457,491,3,5,948,8,460,496,956
181127,1,312,5,16,8,2,0,24,2,18,8,26
181127,2,999,1,462,489,4,3,951,7,466,492,958
181127,2,999,2,451,484,3,3,935,6,454,487,941
181127,2,999,5,11,5,1,0,16,1,12,5,17
181127,3,1,1,3,9,0,1,12,1,3,10,13
181127,3,1,2,3,9,0,1,12,1,3,10,13
181127,4,2,1,216,266,0,0,482,0,216,266,482
181127,4,2,2,216,266,0,0,482,0,216,266,482
181127,5,3,1,175,175,0,0,350,0,175,175,350
181127,5,3,2,175,175,0,0,350,0,175,175,350
181127,6,4,1,68,39,4,2,107,6,72,41,113
181127,6,4,2,57,34,3,2,91,5,60,36,96
181127,6,4,5,11,5,1,0,16,1,12,5,17
181127,7,999,1,11,10,1,1,21,2,12,11,23
181127,7,999,2,6,7,0,1,13,1,6,8,14
181127,7,999,5,5,3,1,0,8,1,6,3,9
181127,8,5,1,7,4,1,1,11,2,8,5,13
181127,8,5,2,4,3,0,1,7,1,4,4,8
181127,8,5,5,3,1,1,0,4,1,4,1,5
181127,9,6,1,1,4,0,0,5,0,1,4,5
181127,9,6,2,0,3,0,0,3,0,0,3,3
181127,9,6,5,1,1,0,0,2,0,1,1,2
181127,10,7,1,2,0,0,0,2,0,2,0,2
181127,10,7,2,1,0,0,0,1,0,1,0,1
181127,10,7,5,1,0,0,0,1,0,1,0,1
181127,11,8,1,1,2,0,0,3,0,1,2,3
181127,11,8,2,1,1,0,0,2,0,1,1,2
181127,11,8,5,0,1,0,0,1,0,0,1,1
181127,14,11,1,0,0,0,1,0,1,0,1,1
181127,14,11,2,0,0,0,1,0,1,0,1,1
181145,1,412,1,2,13,0,0,15,0,2,13,15
181145,1,112,2,2,13,0,0,15,0,2,13,15
181145,2,999,1,0,7,0,0,7,0,0,7,7
181145,2,999,2,0,7,0,0,7,0,0,7,7
181145,5,3,1,0,1,0,0,1,0,0,1,1
181145,5,3,2,0,1,0,0,1,0,0,1,1
181145,6,4,1,0,6,0,0,6,0,0,6,6
181145,6,4,2,0,6,0,0,6,0,0,6,6
181145,7,999,1,2,6,0,0,8,0,2,6,8
181145,7,999,2,2,6,0,0,8,0,2,6,8
181145,8,5,1,1,3,0,0,4,0,1,3,4
181145,8,5,2,1,3,0,0,4,0,1,3,4
181145,9,6,1,0,1,0,0,1,0,0,1,1
181145,9,6,2,0,1,0,0,1,0,0,1,1
181145,10,7,1,1,1,0,0,2,0,1,1,2
181145,10,7,2,1,1,0,0,2,0,1,1,2
181145,11,8,1,0,1,0,0,1,0,0,1,1
181145,11,8,2,0,1,0,0,1,0,0,1,1
181190,1,412,1,5,126,0,0,131,0,5,126,131
181190,1,112,2,5,126,0,0,131,0,5,126,131
181190,2,999,1,5,94,0,0,99,0,5,94,99
181190,2,999,2,5,94,0,0,99,0,5,94,99
181190,3,1,1,0,1,0,0,1,0,0,1,1
181190,3,1,2,0,1,0,0,1,0,0,1,1
181190,4,2,1,3,51,0,0,54,0,3,51,54
181190,4,2,2,3,51,0,0,54,0,3,51,54
181190,5,3,1,2,30,0,0,32,0,2,30,32
181190,5,3,2,2,30,0,0,32,0,2,30,32
181190,6,4,1,0,12,0,0,12,0,0,12,12
181190,6,4,2,0,12,0,0,12,0,0,12,12
181190,7,999,1,0,32,0,0,32,0,0,32,32
181190,7,999,2,0,32,0,0,32,0,0,32,32
181190,8,5,1,0,19,0,0,19,0,0,19,19
181190,8,5,2,0,19,0,0,19,0,0,19,19
181190,9,6,1,0,6,0,0,6,0,0,6,6
181190,9,6,2,0,6,0,0,6,0,0,6,6
181190,10,7,1,0,3,0,0,3,0,0,3,3
181190,10,7,2,0,3,0,0,3,0,0,3,3
181190,11,8,1,0,4,0,0,4,0,0,4,4
181190,11,8,2,0,4,0,0,4,0,0,4,4
181215,1,412,1,1567,2526,682,1450,4093,2132,2249,3976,6225
181215,1,112,2,1514,2281,203,387,3795,590,1717,2668,4385
181215,1,312,5,53,245,479,1063,298,1542,532,1308,1840
181215,2,999,1,1394,2191,178,328,3585,506,1572,2519,4091
181215,2,999,2,1378,2087,136,204,3465,340,1514,2291,3805
181215,2,999,5,16,104,42,124,120,166,58,228,286
181215,3,1,1,8,34,8,29,42,37,16,63,79
181215,3,1,2,8,34,8,29,42,37,16,63,79
181215,4,2,1,467,885,30,26,1352,56,497,911,1408
181215,4,2,2,467,885,30,26,1352,56,497,911,1408
181215,5,3,1,586,855,22,51,1441,73,608,906,1514
181215,5,3,2,585,849,22,48,1434,70,607,897,1504
181215,5,3,5,1,6,0,3,7,3,1,9,10
181215,6,4,1,333,417,118,222,750,340,451,639,1090
181215,6,4,2,318,319,76,101,637,177,394,420,814
181215,6,4,5,15,98,42,121,113,163,57,219,276
181215,7,999,1,173,335,504,1122,508,1626,677,1457,2134
181215,7,999,2,136,194,67,183,330,250,203,377,580
181215,7,999,5,37,141,437,939,178,1376,474,1080,1554
181215,8,5,1,96,151,166,426,247,592,262,577,839
181215,8,5,2,83,86,29,64,169,93,112,150,262
181215,8,5,5,13,65,137,362,78,499,150,427,577
181215,9,6,1,37,58,117,233,95,350,154,291,445
181215,9,6,2,29,36,13,35,65,48,42,71,113
181215,9,6,5,8,22,104,198,30,302,112,220,332
181215,10,7,1,20,48,78,159,68,237,98,207,305
181215,10,7,2,14,32,13,29,46,42,27,61,88
181215,10,7,5,6,16,65,130,22,195,71,146,217
181215,11,8,1,18,70,92,215,88,307,110,285,395
181215,11,8,2,9,37,9,39,46,48,18,76,94
181215,11,8,5,9,33,83,176,42,259,92,209,301
181215,12,9,1,2,8,47,84,10,131,49,92,141
181215,12,9,2,1,3,3,14,4,17,4,17,21
181215,12,9,5,1,5,44,70,6,114,45,75,120
181215,13,10,1,0,0,4,5,0,9,4,5,9
181215,13,10,2,0,0,0,2,0,2,0,2,2
181215,13,10,5,0,0,4,3,0,7,4,3,7
181297,1,412,1,89,765,35,323,854,358,124,1088,1212
181297,1,112,2,46,450,29,289,496,318,75,739,814
181297,1,312,5,43,315,6,34,358,40,49,349,398
181297,2,999,1,28,388,13,156,416,169,41,544,585
181297,2,999,2,25,332,13,156,357,169,38,488,526
181297,2,999,5,3,56,0,0,59,0,3,56,59
181297,3,1,1,1,3,0,0,4,0,1,3,4
181297,3,1,2,1,3,0,0,4,0,1,3,4
181297,4,2,1,6,82,1,13,88,14,7,95,102
181297,4,2,2,6,82,1,13,88,14,7,95,102
181297,5,3,1,7,119,4,57,126,61,11,176,187
181297,5,3,2,7,114,4,57,121,61,11,171,182
181297,5,3,5,0,5,0,0,5,0,0,5,5
181297,6,4,1,14,184,8,86,198,94,22,270,292
181297,6,4,2,11,133,8,86,144,94,19,219,238
181297,6,4,5,3,51,0,0,54,0,3,51,54
181297,7,999,1,61,377,22,167,438,189,83,544,627
181297,7,999,2,21,118,16,133,139,149,37,251,288
181297,7,999,5,40,259,6,34,299,40,46,293,339
181297,8,5,1,20,142,6,68,162,74,26,210,236
181297,8,5,2,12,63,6,61,75,67,18,124,142
181297,8,5,5,8,79,0,7,87,7,8,86,94
181297,9,6,1,12,84,4,33,96,37,16,117,133
181297,9,6,2,4,32,4,28,36,32,8,60,68
181297,9,6,5,8,52,0,5,60,5,8,57,65
181297,10,7,1,6,60,2,29,66,31,8,89,97
181297,10,7,2,2,12,1,24,14,25,3,36,39
181297,10,7,5,4,48,1,5,52,6,5,53,58
181297,11,8,1,16,65,6,29,81,35,22,94,116
181297,11,8,2,3,9,5,16,12,21,8,25,33
181297,11,8,5,13,56,1,13,69,14,14,69,83
181297,12,9,1,6,24,4,8,30,12,10,32,42
181297,12,9,2,0,2,0,4,2,4,0,6,6
181297,12,9,5,6,22,4,4,28,8,10,26,36
181297,13,10,1,1,2,0,0,3,0,1,2,3
181297,13,10,5,1,2,0,0,3,0,1,2,3
181303,1,412,1,2178,2425,3842,4799,4603,8641,6020,7224,13244
181303,1,112,2,2178,2425,3842,4799,4603,8641,6020,7224,13244
181303,2,999,1,1728,1883,2572,3050,3611,5622,4300,4933,9233
181303,2,999,2,1728,1883,2572,3050,3611,5622,4300,4933,9233
181303,3,1,1,511,609,943,1237,1120,2180,1454,1846,3300
181303,3,1,2,511,609,943,1237,1120,2180,1454,1846,3300
181303,4,2,1,710,694,707,705,1404,1412,1417,1399,2816
181303,4,2,2,710,694,707,705,1404,1412,1417,1399,2816
181303,5,3,1,325,338,468,582,663,1050,793,920,1713
181303,5,3,2,325,338,468,582,663,1050,793,920,1713
181303,6,4,1,182,242,454,526,424,980,636,768,1404
181303,6,4,2,182,242,454,526,424,980,636,768,1404
181303,7,999,1,450,542,1270,1749,992,3019,1720,2291,4011
181303,7,999,2,450,542,1270,1749,992,3019,1720,2291,4011
181303,8,5,1,167,246,428,627,413,1055,595,873,1468
181303,8,5,2,167,246,428,627,413,1055,595,873,1468
181303,9,6,1,116,115,331,396,231,727,447,511,958
181303,9,6,2,116,115,331,396,231,727,447,511,958
181303,10,7,1,63,80,204,253,143,457,267,333,600
181303,10,7,2,63,80,204,253,143,457,267,333,600
181303,11,8,1,63,74,195,311,137,506,258,385,643
181303,11,8,2,63,74,195,311,137,506,258,385,643
181303,12,9,1,38,26,100,145,64,245,138,171,309
181303,12,9,2,38,26,100,145,64,245,138,171,309
181303,13,10,1,3,1,12,17,4,29,15,18,33
181303,13,10,2,3,1,12,17,4,29,15,18,33
181312,1,412,1,334,422,457,862,756,1319,791,1284,2075
181312,1,112,2,334,422,457,862,756,1319,791,1284,2075
181312,2,999,1,305,380,383,622,685,1005,688,1002,1690
181312,2,999,2,305,380,383,622,685,1005,688,1002,1690
181312,3,1,1,15,31,244,397,46,641,259,428,687
181312,3,1,2,15,31,244,397,46,641,259,428,687
181312,4,2,1,189,261,101,114,450,215,290,375,665
181312,4,2,2,189,261,101,114,450,215,290,375,665
181312,5,3,1,84,68,21,60,152,81,105,128,233
181312,5,3,2,84,68,21,60,152,81,105,128,233
181312,6,4,1,17,20,17,51,37,68,34,71,105
181312,6,4,2,17,20,17,51,37,68,34,71,105
181312,7,999,1,29,42,74,240,71,314,103,282,385
181312,7,999,2,29,42,74,240,71,314,103,282,385
181312,8,5,1,9,14,14,71,23,85,23,85,108
181312,8,5,2,9,14,14,71,23,85,23,85,108
181312,9,6,1,6,8,14,47,14,61,20,55,75
181312,9,6,2,6,8,14,47,14,61,20,55,75
181312,10,7,1,5,6,11,32,11,43,16,38,54
181312,10,7,2,5,6,11,32,11,43,16,38,54
181312,11,8,1,4,11,19,58,15,77,23,69,92
181312,11,8,2,4,11,19,58,15,77,23,69,92
181312,12,9,1,3,3,6,25,6,31,9,28,37
181312,12,9,2,3,3,6,25,6,31,9,28,37
181312,13,10,1,2,0,10,7,2,17,12,7,19
181312,13,10,2,2,0,10,7,2,17,12,7,19
181330,1,412,1,653,596,151,365,1249,516,804,961,1765
181330,1,112,2,630,558,108,216,1188,324,738,774,1512
181330,1,312,5,23,38,43,149,61,192,66,187,253
181330,2,999,1,624,527,111,227,1151,338,735,754,1489
181330,2,999,2,616,510,100,201,1126,301,716,711,1427
181330,2,999,5,8,17,11,26,25,37,19,43,62
181330,3,1,1,1,3,91,191,4,282,92,194,286
181330,3,1,2,1,3,91,191,4,282,92,194,286
181330,4,2,1,255,272,8,6,527,14,263,278,541
181330,4,2,2,255,272,8,6,527,14,263,278,541
181330,5,3,1,255,180,0,0,435,0,255,180,435
181330,5,3,2,255,178,0,0,433,0,255,178,433
181330,5,3,5,0,2,0,0,2,0,0,2,2
181330,6,4,1,113,72,12,30,185,42,125,102,227
181330,6,4,2,105,57,1,4,162,5,106,61,167
181330,6,4,5,8,15,11,26,23,37,19,41,60
181330,7,999,1,29,69,40,138,98,178,69,207,276
181330,7,999,2,14,48,8,15,62,23,22,63,85
181330,7,999,5,15,21,32,123,36,155,47,144,191
181330,8,5,1,16,25,21,44,41,65,37,69,106
181330,8,5,2,10,20,5,5,30,10,15,25,40
181330,8,5,5,6,5,16,39,11,55,22,44,66
181330,9,6,1,5,15,9,27,20,36,14,42,56
181330,9,6,2,2,10,2,3,12,5,4,13,17
181330,9,6,5,3,5,7,24,8,31,10,29,39
181330,10,7,1,2,8,5,30,10,35,7,38,45
181330,10,7,2,1,5,1,5,6,6,2,10,12
181330,10,7,5,1,3,4,25,4,29,5,28,33
181330,11,8,1,4,16,4,25,20,29,8,41,49
181330,11,8,2,1,9,0,2,10,2,1,11,12
181330,11,8,5,3,7,4,23,10,27,7,30,37
181330,12,9,1,2,4,1,11,6,12,3,15,18
181330,12,9,2,0,3,0,0,3,0,0,3,3
181330,12,9,5,2,1,1,11,3,12,3,12,15
181330,13,10,1,0,1,0,1,1,1,0,2,2
181330,13,10,2,0,1,0,0,1,0,0,1,1
181330,13,10,5,0,0,0,1,0,1,0,1,1
181394,1,412,1,4850,6522,2063,2457,11372,4520,6913,8979,15892
181394,1,112,2,4476,5886,1243,1163,10362,2406,5719,7049,12768
181394,1,312,5,374,636,820,1294,1010,2114,1194,1930,3124
181394,2,999,1,3938,5519,648,799,9457,1447,4586,6318,10904
181394,2,999,2,3805,5233,554,583,9038,1137,4359,5816,10175
181394,2,999,5,133,286,94,216,419,310,227,502,729
181394,3,1,1,49,93,14,16,142,30,63,109,172
181394,3,1,2,49,93,14,16,142,30,63,109,172
181394,4,2,1,1413,2204,67,89,3617,156,1480,2293,3773
181394,4,2,2,1413,2204,67,89,3617,156,1480,2293,3773
181394,5,3,1,1452,1988,150,192,3440,342,1602,2180,3782
181394,5,3,2,1447,1969,148,183,3416,331,1595,2152,3747
181394,5,3,5,5,19,2,9,24,11,7,28,35
181394,6,4,1,1024,1234,417,502,2258,919,1441,1736,3177
181394,6,4,2,896,967,325,295,1863,620,1221,1262,2483
181394,6,4,5,128,267,92,207,395,299,220,474,694
181394,7,999,1,912,1003,1415,1658,1915,3073,2327,2661,4988
181394,7,999,2,671,653,689,580,1324,1269,1360,1233,2593
181394,7,999,5,241,350,726,1078,591,1804,967,1428,2395
181394,8,5,1,539,543,547,618,1082,1165,1086,1161,2247
181394,8,5,2,419,356,278,226,775,504,697,582,1279
181394,8,5,5,120,187,269,392,307,661,389,579,968
181394,9,6,1,190,222,308,356,412,664,498,578,1076
181394,9,6,2,138,155,146,132,293,278,284,287,571
181394,9,6,5,52,67,162,224,119,386,214,291,505
181394,10,7,1,80,97,223,255,177,478,303,352,655
181394,10,7,2,50,57,109,96,107,205,159,153,312
181394,10,7,5,30,40,114,159,70,273,144,199,343
181394,11,8,1,75,105,250,285,180,535,325,390,715
181394,11,8,2,46,63,115,72,109,187,161,135,296
181394,11,8,5,29,42,135,213,71,348,164,255,419
181394,12,9,1,25,35,77,133,60,210,102,168,270
181394,12,9,2,17,21,38,50,38,88,55,71,126
181394,12,9,5,8,14,39,83,22,122,47,97,144
181394,13,10,1,3,1,10,11,4,21,13,12,25
181394,13,10,2,1,1,3,4,2,7,4,5,9
181394,13,10,5,2,0,7,7,2,14,9,7,16
181419,1,412,1,18,45,55,92,63,147,73,137,210
181419,1,112,2,18,45,55,92,63,147,73,137,210
181419,2,999,1,6,23,40,44,29,84,46,67,113
181419,2,999,2,6,23,40,44,29,84,46,67,113
181419,3,1,1,1,2,24,32,3,56,25,34,59
181419,3,1,2,1,2,24,32,3,56,25,34,59
181419,4,2,1,1,8,9,6,9,15,10,14,24
181419,4,2,2,1,8,9,6,9,15,10,14,24
181419,5,3,1,2,6,4,2,8,6,6,8,14
181419,5,3,2,2,6,4,2,8,6,6,8,14
181419,6,4,1,2,7,3,4,9,7,5,11,16
181419,6,4,2,2,7,3,4,9,7,5,11,16
181419,7,999,1,12,22,15,48,34,63,27,70,97
181419,7,999,2,12,22,15,48,34,63,27,70,97
181419,8,5,1,1,9,4,12,10,16,5,21,26
181419,8,5,2,1,9,4,12,10,16,5,21,26
181419,9,6,1,5,2,3,3,7,6,8,5,13
181419,9,6,2,5,2,3,3,7,6,8,5,13
181419,10,7,1,2,4,2,9,6,11,4,13,17
181419,10,7,2,2,4,2,9,6,11,4,13,17
181419,11,8,1,0,2,4,16,2,20,4,18,22
181419,11,8,2,0,2,4,16,2,20,4,18,22
181419,12,9,1,4,5,2,8,9,10,6,13,19
181419,12,9,2,4,5,2,8,9,10,6,13,19
181428,1,412,1,878,2044,210,567,2922,777,1088,2611,3699
181428,1,112,2,98,683,26,161,781,187,124,844,968
181428,1,312,5,780,1361,184,406,2141,590,964,1767,2731
181428,2,999,1,322,1113,12,72,1435,84,334,1185,1519
181428,2,999,2,59,561,6,38,620,44,65,599,664
181428,2,999,5,263,552,6,34,815,40,269,586,855
181428,4,2,1,0,6,0,0,6,0,0,6,6
181428,4,2,2,0,6,0,0,6,0,0,6,6
181428,5,3,1,32,320,1,10,352,11,33,330,363
181428,5,3,2,25,311,1,9,336,10,26,320,346
181428,5,3,5,7,9,0,1,16,1,7,10,17
181428,6,4,1,290,787,11,62,1077,73,301,849,1150
181428,6,4,2,34,244,5,29,278,34,39,273,312
181428,6,4,5,256,543,6,33,799,39,262,576,838
181428,7,999,1,556,931,198,495,1487,693,754,1426,2180
181428,7,999,2,39,122,20,123,161,143,59,245,304
181428,7,999,5,517,809,178,372,1326,550,695,1181,1876
181428,8,5,1,396,641,64,145,1037,209,460,786,1246
181428,8,5,2,25,80,6,34,105,40,31,114,145
181428,8,5,5,371,561,58,111,932,169,429,672,1101
181428,9,6,1,93,164,60,124,257,184,153,288,441
181428,9,6,2,8,29,6,32,37,38,14,61,75
181428,9,6,5,85,135,54,92,220,146,139,227,366
181428,10,7,1,42,76,36,91,118,127,78,167,245
181428,10,7,2,5,11,4,26,16,30,9,37,46
181428,10,7,5,37,65,32,65,102,97,69,130,199
181428,11,8,1,18,39,27,100,57,127,45,139,184
181428,11,8,2,1,1,3,18,2,21,4,19,23
181428,11,8,5,17,38,24,82,55,106,41,120,161
181428,12,9,1,7,10,9,34,17,43,16,44,60
181428,12,9,2,0,1,1,13,1,14,1,14,15
181428,12,9,5,7,9,8,21,16,29,15,30,45
181428,13,10,1,0,1,2,1,1,3,2,2,4
181428,13,10,5,0,1,2,1,1,3,2,2,4
181446,1,412,1,717,966,59,182,1683,241,776,1148,1924
181446,1,112,2,715,950,28,80,1665,108,743,1030,1773
181446,1,312,5,2,16,31,102,18,133,33,118,151
181446,2,999,1,695,903,10,27,1598,37,705,930,1635
181446,2,999,2,695,900,6,22,1595,28,701,922,1623
181446,2,999,5,0,3,4,5,3,9,4,8,12
181446,3,1,1,6,13,0,2,19,2,6,15,21
181446,3,1,2,6,13,0,2,19,2,6,15,21
181446,4,2,1,326,437,0,0,763,0,326,437,763
181446,4,2,2,326,437,0,0,763,0,326,437,763
181446,5,3,1,300,403,1,3,703,4,301,406,707
181446,5,3,2,300,402,1,3,702,4,301,405,706
181446,5,3,5,0,1,0,0,1,0,0,1,1
181446,6,4,1,63,50,9,22,113,31,72,72,144
181446,6,4,2,63,48,5,17,111,22,68,65,133
181446,6,4,5,0,2,4,5,2,9,4,7,11
181446,7,999,1,22,63,49,155,85,204,71,218,289
181446,7,999,2,20,50,22,58,70,80,42,108,150
181446,7,999,5,2,13,27,97,15,124,29,110,139
181446,8,5,1,10,20,14,27,30,41,24,47,71
181446,8,5,2,10,19,6,14,29,20,16,33,49
181446,8,5,5,0,1,8,13,1,21,8,14,22
181446,9,6,1,4,18,12,36,22,48,16,54,70
181446,9,6,2,4,14,4,14,18,18,8,28,36
181446,9,6,5,0,4,8,22,4,30,8,26,34
181446,10,7,1,3,9,6,26,12,32,9,35,44
181446,10,7,2,2,9,3,11,11,14,5,20,25
181446,10,7,5,1,0,3,15,1,18,4,15,19
181446,11,8,1,4,13,12,36,17,48,16,49,65
181446,11,8,2,3,8,6,12,11,18,9,20,29
181446,11,8,5,1,5,6,24,6,30,7,29,36
181446,12,9,1,1,3,4,29,4,33,5,32,37
181446,12,9,2,1,0,2,6,1,8,3,6,9
181446,12,9,5,0,3,2,23,3,25,2,26,28
181446,13,10,1,0,0,1,1,0,2,1,1,2
181446,13,10,2,0,0,1,1,0,2,1,1,2
181464,1,412,1,10979,10555,1807,1767,21534,3574,12786,12322,25108
181464,1,112,2,9689,9260,807,530,18949,1337,10496,9790,20286
181464,1,312,5,1290,1295,1000,1237,2585,2237,2290,2532,4822
181464,2,999,1,9636,9616,696,596,19252,1292,10332,10212,20544
181464,2,999,2,9241,9033,596,415,18274,1011,9837,9448,19285
181464,2,999,5,395,583,100,181,978,281,495,764,1259
181464,3,1,1,13,11,41,28,24,69,54,39,93
181464,3,1,2,13,11,41,28,24,69,54,39,93
181464,4,2,1,3356,3792,78,51,7148,129,3434,3843,7277
181464,4,2,2,3356,3792,78,51,7148,129,3434,3843,7277
181464,5,3,1,3899,3926,146,135,7825,281,4045,4061,8106
181464,5,3,2,3892,3909,146,130,7801,276,4038,4039,8077
181464,5,3,5,7,17,0,5,24,5,7,22,29
181464,6,4,1,2368,1887,431,382,4255,813,2799,2269,5068
181464,6,4,2,1980,1321,331,206,3301,537,2311,1527,3838
181464,6,4,5,388,566,100,176,954,276,488,742,1230
181464,7,999,1,1343,939,1111,1171,2282,2282,2454,2110,4564
181464,7,999,2,448,227,211,115,675,326,659,342,1001
181464,7,999,5,895,712,900,1056,1607,1956,1795,1768,3563
181464,8,5,1,823,612,369,399,1435,768,1192,1011,2203
181464,8,5,2,304,151,108,56,455,164,412,207,619
181464,8,5,5,519,461,261,343,980,604,780,804,1584
181464,9,6,1,328,180,300,259,508,559,628,439,1067
181464,9,6,2,89,33,44,23,122,67,133,56,189
181464,9,6,5,239,147,256,236,386,492,495,383,878
181464,10,7,1,114,73,199,188,187,387,313,261,574
181464,10,7,2,32,18,29,22,50,51,61,40,101
181464,10,7,5,82,55,170,166,137,336,252,221,473
181464,11,8,1,66,56,171,207,122,378,237,263,500
181464,11,8,2,21,21,24,10,42,34,45,31,76
181464,11,8,5,45,35,147,197,80,344,192,232,424
181464,12,9,1,10,17,62,107,27,169,72,124,196
181464,12,9,2,2,4,5,3,6,8,7,7,14
181464,12,9,5,8,13,57,104,21,161,65,117,182
181464,13,10,1,2,1,10,11,3,21,12,12,24
181464,13,10,2,0,0,1,1,0,2,1,1,2
181464,13,10,5,2,1,9,10,3,19,11,11,22
181491,1,412,1,994,919,1721,1471,1913,3192,2715,2390,5105
181491,1,112,2,994,919,1721,1471,1913,3192,2715,2390,5105
181491,2,999,1,941,806,765,1124,1747,1889,1706,1930,3636
181491,2,999,2,941,806,765,1124,1747,1889,1706,1930,3636
181491,3,1,1,27,42,407,672,69,1079,434,714,1148
181491,3,1,2,27,42,407,672,69,1079,434,714,1148
181491,4,2,1,611,494,199,231,1105,430,810,725,1535
181491,4,2,2,611,494,199,231,1105,430,810,725,1535
181491,5,3,1,251,206,70,116,457,186,321,322,643
181491,5,3,2,251,206,70,116,457,186,321,322,643
181491,6,4,1,52,64,89,105,116,194,141,169,310
181491,6,4,2,52,64,89,105,116,194,141,169,310
181491,7,999,1,53,113,955,347,166,1302,1008,460,1468
181491,7,999,2,53,113,955,347,166,1302,1008,460,1468
181491,8,5,1,24,47,143,91,71,234,167,138,305
181491,8,5,2,24,47,143,91,71,234,167,138,305
181491,9,6,1,10,23,160,72,33,232,170,95,265
181491,9,6,2,10,23,160,72,33,232,170,95,265
181491,10,7,1,9,18,141,57,27,198,150,75,225
181491,10,7,2,9,18,141,57,27,198,150,75,225
181491,11,8,1,9,20,231,65,29,296,240,85,325
181491,11,8,2,9,20,231,65,29,296,240,85,325
181491,12,9,1,1,5,248,58,6,306,249,63,312
181491,12,9,2,1,5,248,58,6,306,249,63,312
181491,13,10,1,0,0,32,4,0,36,32,4,36
181491,13,10,2,0,0,32,4,0,36,32,4,36
181491,14,11,1,0,0,1,0,0,1,1,0,1
181491,14,11,2,0,0,1,0,0,1,1,0,1
181534,1,412,1,452,647,276,527,1099,803,728,1174,1902
181534,1,112,2,441,609,207,377,1050,584,648,986,1634
181534,1,312,5,11,38,69,150,49,219,80,188,268
181534,2,999,1,387,510,158,274,897,432,545,784,1329
181534,2,999,2,385,500,147,254,885,401,532,754,1286
181534,2,999,5,2,10,11,20,12,31,13,30,43
181534,3,1,1,1,2,87,171,3,258,88,173,261
181534,3,1,2,1,2,87,171,3,258,88,173,261
181534,4,2,1,149,219,35,44,368,79,184,263,447
181534,4,2,2,149,219,35,44,368,79,184,263,447
181534,5,3,1,145,187,8,11,332,19,153,198,351
181534,5,3,2,145,187,8,11,332,19,153,198,351
181534,6,4,1,92,102,28,48,194,76,120,150,270
181534,6,4,2,90,92,17,28,182,45,107,120,227
181534,6,4,5,2,10,11,20,12,31,13,30,43
181534,7,999,1,65,137,118,253,202,371,183,390,573
181534,7,999,2,56,109,60,123,165,183,116,232,348
181534,7,999,5,9,28,58,130,37,188,67,158,225
181534,8,5,1,31,52,29,85,83,114,60,137,197
181534,8,5,2,26,35,12,24,61,36,38,59,97
181534,8,5,5,5,17,17,61,22,78,22,78,100
181534,9,6,1,14,31,36,45,45,81,50,76,126
181534,9,6,2,12,26,19,21,38,40,31,47,78
181534,9,6,5,2,5,17,24,7,41,19,29,48
181534,10,7,1,8,21,25,34,29,59,33,55,88
181534,10,7,2,7,21,11,25,28,36,18,46,64
181534,10,7,5,1,0,14,9,1,23,15,9,24
181534,11,8,1,12,22,19,58,34,77,31,80,111
181534,11,8,2,11,18,11,37,29,48,22,55,77
181534,11,8,5,1,4,8,21,5,29,9,25,34
181534,12,9,1,0,11,8,30,11,38,8,41,49
181534,12,9,2,0,9,6,16,9,22,6,25,31
181534,12,9,5,0,2,2,14,2,16,2,16,18
181534,13,10,1,0,0,1,1,0,2,1,1,2
181534,13,10,2,0,0,1,0,0,1,1,0,1
181534,13,10,5,0,0,0,1,0,1,0,1,1
181604,1,412,1,29,910,9,76,939,85,38,986,1024
181604,1,112,2,0,659,0,21,659,21,0,680,680
181604,1,312,5,29,251,9,55,280,64,38,306,344
181604,2,999,1,9,600,1,9,609,10,10,609,619
181604,2,999,2,0,485,0,7,485,7,0,492,492
181604,2,999,5,9,115,1,2,124,3,10,117,127
181604,3,1,1,0,1,0,0,1,0,0,1,1
181604,3,1,2,0,1,0,0,1,0,0,1,1
181604,4,2,1,0,151,0,0,151,0,0,151,151
181604,4,2,2,0,151,0,0,151,0,0,151,151
181604,5,3,1,0,196,0,1,196,1,0,197,197
181604,5,3,2,0,190,0,1,190,1,0,191,191
181604,5,3,5,0,6,0,0,6,0,0,6,6
181604,6,4,1,9,252,1,8,261,9,10,260,270
181604,6,4,2,0,143,0,6,143,6,0,149,149
181604,6,4,5,9,109,1,2,118,3,10,111,121
181604,7,999,1,20,310,8,67,330,75,28,377,405
181604,7,999,2,0,174,0,14,174,14,0,188,188
181604,7,999,5,20,136,8,53,156,61,28,189,217
181604,8,5,1,7,178,4,22,185,26,11,200,211
181604,8,5,2,0,92,0,4,92,4,0,96,96
181604,8,5,5,7,86,4,18,93,22,11,104,115
181604,9,6,1,4,56,2,11,60,13,6,67,73
181604,9,6,2,0,37,0,4,37,4,0,41,41
181604,9,6,5,4,19,2,7,23,9,6,26,32
181604,10,7,1,3,43,1,9,46,10,4,52,56
181604,10,7,2,0,28,0,1,28,1,0,29,29
181604,10,7,5,3,15,1,8,18,9,4,23,27
181604,11,8,1,5,28,1,19,33,20,6,47,53
181604,11,8,2,0,17,0,2,17,2,0,19,19
181604,11,8,5,5,11,1,17,16,18,6,28,34
181604,12,9,1,1,5,0,5,6,5,1,10,11
181604,12,9,2,0,0,0,2,0,2,0,2,2
181604,12,9,5,1,5,0,3,6,3,1,8,9
181604,13,10,1,0,0,0,1,0,1,0,1,1
181604,13,10,2,0,0,0,1,0,1,0,1,1
181783,1,412,1,1243,1734,474,751,2977,1225,1717,2485,4202
181783,1,112,2,1202,1620,235,383,2822,618,1437,2003,3440
181783,1,312,5,41,114,239,368,155,607,280,482,762
181783,2,999,1,1155,1575,217,362,2730,579,1372,1937,3309
181783,2,999,2,1138,1538,183,302,2676,485,1321,1840,3161
181783,2,999,5,17,37,34,60,54,94,51,97,148
181783,3,1,1,0,3,113,205,3,318,113,208,321
181783,3,1,2,0,3,113,205,3,318,113,208,321
181783,4,2,1,476,743,33,44,1219,77,509,787,1296
181783,4,2,2,476,743,33,44,1219,77,509,787,1296
181783,5,3,1,429,610,12,18,1039,30,441,628,1069
181783,5,3,2,429,607,11,16,1036,27,440,623,1063
181783,5,3,5,0,3,1,2,3,3,1,5,6
181783,6,4,1,250,219,59,95,469,154,309,314,623
181783,6,4,2,233,185,26,37,418,63,259,222,481
181783,6,4,5,17,34,33,58,51,91,50,92,142
181783,7,999,1,88,159,257,389,247,646,345,548,893
181783,7,999,2,64,82,52,81,146,133,116,163,279
181783,7,999,5,24,77,205,308,101,513,229,385,614
181783,8,5,1,44,68,77,130,112,207,121,198,319
181783,8,5,2,36,36,19,23,72,42,55,59,114
181783,8,5,5,8,32,58,107,40,165,66,139,205
181783,9,6,1,16,36,55,75,52,130,71,111,182
181783,9,6,2,12,21,6,17,33,23,18,38,56
181783,9,6,5,4,15,49,58,19,107,53,73,126
181783,10,7,1,11,14,46,52,25,98,57,66,123
181783,10,7,2,8,3,3,12,11,15,11,15,26
181783,10,7,5,3,11,43,40,14,83,46,51,97
181783,11,8,1,13,29,57,96,42,153,70,125,195
181783,11,8,2,7,17,18,21,24,39,25,38,63
181783,11,8,5,6,12,39,75,18,114,45,87,132
181783,12,9,1,4,12,20,36,16,56,24,48,72
181783,12,9,2,1,5,5,8,6,13,6,13,19
181783,12,9,5,3,7,15,28,10,43,18,35,53
181783,13,10,1,0,0,2,0,0,2,2,0,2
181783,13,10,2,0,0,1,0,0,1,1,0,1
181783,13,10,5,0,0,1,0,0,1,1,0,1
181817,1,412,1,311,400,297,617,711,914,608,1017,1625
181817,1,112,2,311,400,297,617,711,914,608,1017,1625
181817,2,999,1,260,297,238,418,557,656,498,715,1213
181817,2,999,2,260,297,238,418,557,656,498,715,1213
181817,3,1,1,18,19,149,260,37,409,167,279,446
181817,3,1,2,18,19,149,260,37,409,167,279,446
181817,4,2,1,169,183,48,64,352,112,217,247,464
181817,4,2,2,169,183,48,64,352,112,217,247,464
181817,5,3,1,56,66,21,47,122,68,77,113,190
181817,5,3,2,56,66,21,47,122,68,77,113,190
181817,6,4,1,17,29,20,47,46,67,37,76,113
181817,6,4,2,17,29,20,47,46,67,37,76,113
181817,7,999,1,51,103,59,196,154,255,110,299,409
181817,7,999,2,51,103,59,196,154,255,110,299,409
181817,8,5,1,17,52,24,62,69,86,41,114,155
181817,8,5,2,17,52,24,62,69,86,41,114,155
181817,9,6,1,12,21,8,49,33,57,20,70,90
181817,9,6,2,12,21,8,49,33,57,20,70,90
181817,10,7,1,10,8,8,21,18,29,18,29,47
181817,10,7,2,10,8,8,21,18,29,18,29,47
181817,11,8,1,5,18,11,42,23,53,16,60,76
181817,11,8,2,5,18,11,42,23,53,16,60,76
181817,12,9,1,5,4,7,22,9,29,12,26,38
181817,12,9,2,5,4,7,22,9,29,12,26,38
181817,13,10,1,2,0,1,0,2,1,3,0,3
181817,13,10,2,2,0,1,0,2,1,3,0,3
181817,14,11,1,0,0,0,3,0,3,0,3,3
181817,14,11,2,0,0,0,3,0,3,0,3,3
181880,1,412,1,18,164,0,0,182,0,18,164,182
181880,1,112,2,18,164,0,0,182,0,18,164,182
181880,2,999,1,6,97,0,0,103,0,6,97,103
181880,2,999,2,6,97,0,0,103,0,6,97,103
181880,3,1,1,0,4,0,0,4,0,0,4,4
181880,3,1,2,0,4,0,0,4,0,0,4,4
181880,4,2,1,1,35,0,0,36,0,1,35,36
181880,4,2,2,1,35,0,0,36,0,1,35,36
181880,5,3,1,4,31,0,0,35,0,4,31,35
181880,5,3,2,4,31,0,0,35,0,4,31,35
181880,6,4,1,1,27,0,0,28,0,1,27,28
181880,6,4,2,1,27,0,0,28,0,1,27,28
181880,7,999,1,12,67,0,0,79,0,12,67,79
181880,7,999,2,12,67,0,0,79,0,12,67,79
181880,8,5,1,6,33,0,0,39,0,6,33,39
181880,8,5,2,6,33,0,0,39,0,6,33,39
181880,9,6,1,4,22,0,0,26,0,4,22,26
181880,9,6,2,4,22,0,0,26,0,4,22,26
181880,10,7,1,2,11,0,0,13,0,2,11,13
181880,10,7,2,2,11,0,0,13,0,2,11,13
181880,12,9,1,0,1,0,0,1,0,0,1,1
181880,12,9,2,0,1,0,0,1,0,0,1,1
182005,1,412,1,3911,5520,8313,12221,9431,20534,12224,17741,29965
182005,1,112,2,3911,5520,8313,12221,9431,20534,12224,17741,29965
182005,2,999,1,3019,4290,4942,6918,7309,11860,7961,11208,19169
182005,2,999,2,3019,4290,4942,6918,7309,11860,7961,11208,19169
182005,3,1,1,149,316,1107,1674,465,2781,1256,1990,3246
182005,3,1,2,149,316,1107,1674,465,2781,1256,1990,3246
182005,4,2,1,1461,2097,1146,1523,3558,2669,2607,3620,6227
182005,4,2,2,1461,2097,1146,1523,3558,2669,2607,3620,6227
182005,5,3,1,926,1237,1390,1760,2163,3150,2316,2997,5313
182005,5,3,2,926,1237,1390,1760,2163,3150,2316,2997,5313
182005,6,4,1,483,640,1299,1961,1123,3260,1782,2601,4383
182005,6,4,2,483,640,1299,1961,1123,3260,1782,2601,4383
182005,7,999,1,892,1230,3369,5296,2122,8665,4261,6526,10787
182005,7,999,2,892,1230,3369,5296,2122,8665,4261,6526,10787
182005,8,5,1,397,520,1330,2056,917,3386,1727,2576,4303
182005,8,5,2,397,520,1330,2056,917,3386,1727,2576,4303
182005,9,6,1,238,313,775,1238,551,2013,1013,1551,2564
182005,9,6,2,238,313,775,1238,551,2013,1013,1551,2564
182005,10,7,1,121,177,492,805,298,1297,613,982,1595
182005,10,7,2,121,177,492,805,298,1297,613,982,1595
182005,11,8,1,104,174,485,811,278,1296,589,985,1574
182005,11,8,2,104,174,485,811,278,1296,589,985,1574
182005,12,9,1,32,44,256,357,76,613,288,401,689
182005,12,9,2,32,44,256,357,76,613,288,401,689
182005,13,10,1,0,2,31,29,2,60,31,31,62
182005,13,10,2,0,2,31,29,2,60,31,31,62
182005,14,11,1,0,0,2,7,0,9,2,7,9
182005,14,11,2,0,0,2,7,0,9,2,7,9
182281,1,412,1,9495,13366,3676,4605,22861,8281,13171,17971,31142
182281,1,112,2,8237,11606,2787,3234,19843,6021,11024,14840,25864
182281,1,312,5,1258,1760,889,1371,3018,2260,2147,3131,5278
182281,2,999,1,7312,10791,1526,1713,18103,3239,8838,12504,21342
182281,2,999,2,7044,10250,1453,1603,17294,3056,8497,11853,20350
182281,2,999,5,268,541,73,110,809,183,341,651,992
182281,3,1,1,21,39,16,21,60,37,37,60,97
182281,3,1,2,21,39,16,21,60,37,37,60,97
182281,4,2,1,2423,3708,133,169,6131,302,2556,3877,6433
182281,4,2,2,2423,3707,133,169,6130,302,2556,3876,6432
182281,4,2,5,0,1,0,0,1,0,0,1,1
182281,5,3,1,2585,4011,407,469,6596,876,2992,4480,7472
182281,5,3,2,2582,3986,406,466,6568,872,2988,4452,7440
182281,5,3,5,3,25,1,3,28,4,4,28,32
182281,6,4,1,2283,3033,970,1054,5316,2024,3253,4087,7340
182281,6,4,2,2018,2518,898,947,4536,1845,2916,3465,6381
182281,6,4,5,265,515,72,107,780,179,337,622,959
182281,7,999,1,2183,2575,2150,2892,4758,5042,4333,5467,9800
182281,7,999,2,1193,1356,1334,1631,2549,2965,2527,2987,5514
182281,7,999,5,990,1219,816,1261,2209,2077,1806,2480,4286
182281,8,5,1,1318,1472,992,1177,2790,2169,2310,2649,4959
182281,8,5,2,770,826,728,786,1596,1514,1498,1612,3110
182281,8,5,5,548,646,264,391,1194,655,812,1037,1849
182281,9,6,1,447,487,444,621,934,1065,891,1108,1999
182281,9,6,2,220,266,268,362,486,630,488,628,1116
182281,9,6,5,227,221,176,259,448,435,403,480,883
182281,10,7,1,197,280,301,393,477,694,498,673,1171
182281,10,7,2,106,124,163,212,230,375,269,336,605
182281,10,7,5,91,156,138,181,247,319,229,337,566
182281,11,8,1,165,243,275,436,408,711,440,679,1119
182281,11,8,2,77,95,117,176,172,293,194,271,465
182281,11,8,5,88,148,158,260,236,418,246,408,654
182281,12,9,1,52,90,115,234,142,349,167,324,491
182281,12,9,2,19,44,46,80,63,126,65,124,189
182281,12,9,5,33,46,69,154,79,223,102,200,302
182281,13,10,1,4,3,23,31,7,54,27,34,61
182281,13,10,2,1,1,12,15,2,27,13,16,29
182281,13,10,5,3,2,11,16,5,27,14,18,32
182290,1,412,1,7253,8665,2073,2731,15918,4804,9326,11396,20722
182290,1,112,2,6633,7690,1199,1323,14323,2522,7832,9013,16845
182290,1,312,5,620,975,874,1408,1595,2282,1494,2383,3877
182290,2,999,1,6419,7650,939,1083,14069,2022,7358,8733,16091
182290,2,999,2,6207,7305,820,872,13512,1692,7027,8177,15204
182290,2,999,5,212,345,119,211,557,330,331,556,887
182290,3,1,1,107,204,37,39,311,76,144,243,387
182290,3,1,2,107,204,37,39,311,76,144,243,387
182290,4,2,1,2632,3351,109,123,5983,232,2741,3474,6215
182290,4,2,2,2632,3349,109,122,5981,231,2741,3471,6212
182290,4,2,5,0,2,0,1,2,1,0,3,3
182290,5,3,1,2498,2953,266,296,5451,562,2764,3249,6013
182290,5,3,2,2488,2922,260,283,5410,543,2748,3205,5953
182290,5,3,5,10,31,6,13,41,19,16,44,60
182290,6,4,1,1182,1142,527,625,2324,1152,1709,1767,3476
182290,6,4,2,980,830,414,428,1810,842,1394,1258,2652
182290,6,4,5,202,312,113,197,514,310,315,509,824
182290,7,999,1,834,1010,1133,1644,1844,2777,1967,2654,4621
182290,7,999,2,426,380,378,447,806,825,804,827,1631
182290,7,999,5,408,630,755,1197,1038,1952,1163,1827,2990
182290,8,5,1,521,584,491,595,1105,1086,1012,1179,2191
182290,8,5,2,277,244,210,191,521,401,487,435,922
182290,8,5,5,244,340,281,404,584,685,525,744,1269
182290,9,6,1,181,206,265,358,387,623,446,564,1010
182290,9,6,2,88,76,80,103,164,183,168,179,347
182290,9,6,5,93,130,185,255,223,440,278,385,663
182290,10,7,1,73,109,156,231,182,387,229,340,569
182290,10,7,2,34,28,39,50,62,89,73,78,151
182290,10,7,5,39,81,117,181,120,298,156,262,418
182290,11,8,1,45,82,128,267,127,395,173,349,522
182290,11,8,2,21,26,31,57,47,88,52,83,135
182290,11,8,5,24,56,97,210,80,307,121,266,387
182290,12,9,1,13,28,75,177,41,252,88,205,293
182290,12,9,2,5,6,17,45,11,62,22,51,73
182290,12,9,5,8,22,58,132,30,190,66,154,220
182290,13,10,1,1,1,18,16,2,34,19,17,36
182290,13,10,2,1,0,1,1,1,2,2,1,3
182290,13,10,5,0,1,17,15,1,32,17,16,33
182290,14,11,1,0,5,1,4,5,5,1,9,10
182290,14,11,2,0,5,1,4,5,5,1,9,10
182306,1,412,1,408,654,862,1848,1062,2710,1270,2502,3772
182306,1,112,2,408,654,862,1848,1062,2710,1270,2502,3772
182306,2,999,1,287,408,541,1135,695,1676,828,1543,2371
182306,2,999,2,287,408,541,1135,695,1676,828,1543,2371
182306,3,1,1,43,78,387,750,121,1137,430,828,1258
182306,3,1,2,43,78,387,750,121,1137,430,828,1258
182306,4,2,1,153,181,79,143,334,222,232,324,556
182306,4,2,2,153,181,79,143,334,222,232,324,556
182306,5,3,1,50,72,26,94,122,120,76,166,242
182306,5,3,2,50,72,26,94,122,120,76,166,242
182306,6,4,1,41,77,49,148,118,197,90,225,315
182306,6,4,2,41,77,49,148,118,197,90,225,315
182306,7,999,1,121,246,321,713,367,1034,442,959,1401
182306,7,999,2,121,246,321,713,367,1034,442,959,1401
182306,8,5,1,42,82,66,191,124,257,108,273,381
182306,8,5,2,42,82,66,191,124,257,108,273,381
182306,9,6,1,34,57,90,150,91,240,124,207,331
182306,9,6,2,34,57,90,150,91,240,124,207,331
182306,10,7,1,19,51,69,134,70,203,88,185,273
182306,10,7,2,19,51,69,134,70,203,88,185,273
182306,11,8,1,23,37,63,139,60,202,86,176,262
182306,11,8,2,23,37,63,139,60,202,86,176,262
182306,12,9,1,3,19,30,92,22,122,33,111,144
182306,12,9,2,3,19,30,92,22,122,33,111,144
182306,13,10,1,0,0,3,7,0,10,3,7,10
182306,13,10,2,0,0,3,7,0,10,3,7,10
182500,1,412,1,1243,1639,3163,4204,2882,7367,4406,5843,10249
182500,1,112,2,1243,1639,3163,4204,2882,7367,4406,5843,10249
182500,2,999,1,968,1335,2022,2637,2303,4659,2990,3972,6962
182500,2,999,2,968,1335,2022,2637,2303,4659,2990,3972,6962
182500,3,1,1,79,128,637,971,207,1608,716,1099,1815
182500,3,1,2,79,128,637,971,207,1608,716,1099,1815
182500,4,2,1,506,751,419,445,1257,864,925,1196,2121
182500,4,2,2,506,751,419,445,1257,864,925,1196,2121
182500,5,3,1,236,268,482,577,504,1059,718,845,1563
182500,5,3,2,236,268,482,577,504,1059,718,845,1563
182500,6,4,1,147,188,484,644,335,1128,631,832,1463
182500,6,4,2,147,188,484,644,335,1128,631,832,1463
182500,7,999,1,275,304,1141,1567,579,2708,1416,1871,3287
182500,7,999,2,275,304,1141,1567,579,2708,1416,1871,3287
182500,8,5,1,134,147,470,691,281,1161,604,838,1442
182500,8,5,2,134,147,470,691,281,1161,604,838,1442
182500,9,6,1,77,75,282,365,152,647,359,440,799
182500,9,6,2,77,75,282,365,152,647,359,440,799
182500,10,7,1,29,40,156,195,69,351,185,235,420
182500,10,7,2,29,40,156,195,69,351,185,235,420
182500,11,8,1,23,34,151,195,57,346,174,229,403
182500,11,8,2,23,34,151,195,57,346,174,229,403
182500,12,9,1,11,8,71,108,19,179,82,116,198
182500,12,9,2,11,8,71,108,19,179,82,116,198
182500,13,10,1,1,0,11,13,1,24,12,13,25
182500,13,10,2,1,0,11,13,1,24,12,13,25
182564,1,412,1,447,728,1044,1276,1175,2320,1491,2004,3495
182564,1,112,2,447,728,1044,1276,1175,2320,1491,2004,3495
182564,2,999,1,371,643,506,667,1014,1173,877,1310,2187
182564,2,999,2,371,643,506,667,1014,1173,877,1310,2187
182564,3,1,1,127,230,142,234,357,376,269,464,733
182564,3,1,2,127,230,142,234,357,376,269,464,733
182564,4,2,1,176,309,111,117,485,228,287,426,713
182564,4,2,2,176,309,111,117,485,228,287,426,713
182564,5,3,1,43,64,121,155,107,276,164,219,383
182564,5,3,2,43,64,121,155,107,276,164,219,383
182564,6,4,1,25,40,132,161,65,293,157,201,358
182564,6,4,2,25,40,132,161,65,293,157,201,358
182564,7,999,1,76,85,538,609,161,1147,614,694,1308
182564,7,999,2,76,85,538,609,161,1147,614,694,1308
182564,8,5,1,26,28,166,180,54,346,192,208,400
182564,8,5,2,26,28,166,180,54,346,192,208,400
182564,9,6,1,27,26,135,168,53,303,162,194,356
182564,9,6,2,27,26,135,168,53,303,162,194,356
182564,10,7,1,12,12,88,84,24,172,100,96,196
182564,10,7,2,12,12,88,84,24,172,100,96,196
182564,11,8,1,9,14,88,94,23,182,97,108,205
182564,11,8,2,9,14,88,94,23,182,97,108,205
182564,12,9,1,2,5,53,67,7,120,55,72,127
182564,12,9,2,2,5,53,67,7,120,55,72,127
182564,13,10,1,0,0,8,16,0,24,8,16,24
182564,13,10,2,0,0,8,16,0,24,8,16,24
182670,1,412,1,3212,3035,21,24,6247,45,3233,3059,6292
182670,1,112,2,2141,2028,1,0,4169,1,2142,2028,4170
182670,1,312,5,1071,1007,20,24,2078,44,1091,1031,2122
182670,2,999,1,2365,2282,5,6,4647,11,2370,2288,4658
182670,2,999,2,2113,2022,0,0,4135,0,2113,2022,4135
182670,2,999,5,252,260,5,6,512,11,257,266,523
182670,3,1,1,18,34,0,0,52,0,18,34,52
182670,3,1,2,18,34,0,0,52,0,18,34,52
182670,4,2,1,862,920,0,0,1782,0,862,920,1782
182670,4,2,2,861,919,0,0,1780,0,861,919,1780
182670,4,2,5,1,1,0,0,2,0,1,1,2
182670,5,3,1,1015,974,0,0,1989,0,1015,974,1989
182670,5,3,2,1001,960,0,0,1961,0,1001,960,1961
182670,5,3,5,14,14,0,0,28,0,14,14,28
182670,6,4,1,470,354,5,6,824,11,475,360,835
182670,6,4,2,233,109,0,0,342,0,233,109,342
182670,6,4,5,237,245,5,6,482,11,242,251,493
182670,7,999,1,847,753,16,18,1600,34,863,771,1634
182670,7,999,2,28,6,1,0,34,1,29,6,35
182670,7,999,5,819,747,15,18,1566,33,834,765,1599
182670,8,5,1,566,541,2,7,1107,9,568,548,1116
182670,8,5,2,21,3,0,0,24,0,21,3,24
182670,8,5,5,545,538,2,7,1083,9,547,545,1092
182670,9,6,1,195,147,4,4,342,8,199,151,350
182670,9,6,2,6,3,0,0,9,0,6,3,9
182670,9,6,5,189,144,4,4,333,8,193,148,341
182670,10,7,1,35,25,3,3,60,6,38,28,66
182670,10,7,2,1,0,1,0,1,1,2,0,2
182670,10,7,5,34,25,2,3,59,5,36,28,64
182670,11,8,1,30,30,3,2,60,5,33,32,65
182670,11,8,5,30,30,3,2,60,5,33,32,65
182670,12,9,1,19,10,4,2,29,6,23,12,35
182670,12,9,5,19,10,4,2,29,6,23,12,35
182670,13,10,1,2,0,0,0,2,0,2,0,2
182670,13,10,5,2,0,0,0,2,0,2,0,2
182829,1,412,1,163,143,83,53,306,136,246,196,442
182829,1,312,5,163,143,83,53,306,136,246,196,442
182829,2,999,1,63,67,3,2,130,5,66,69,135
182829,2,999,5,63,67,3,2,130,5,66,69,135
182829,5,3,1,0,5,0,0,5,0,0,5,5
182829,5,3,5,0,5,0,0,5,0,0,5,5
182829,6,4,1,63,62,3,2,125,5,66,64,130
182829,6,4,5,63,62,3,2,125,5,66,64,130
182829,7,999,1,100,76,80,51,176,131,180,127,307
182829,7,999,5,100,76,80,51,176,131,180,127,307
182829,8,5,1,61,50,13,8,111,21,74,58,132
182829,8,5,5,61,50,13,8,111,21,74,58,132
182829,9,6,1,18,15,11,11,33,22,29,26,55
182829,9,6,5,18,15,11,11,33,22,29,26,55
182829,10,7,1,13,5,14,12,18,26,27,17,44
182829,10,7,5,13,5,14,12,18,26,27,17,44
182829,11,8,1,4,4,24,11,8,35,28,15,43
182829,11,8,5,4,4,24,11,8,35,28,15,43
182829,12,9,1,4,2,16,9,6,25,20,11,31
182829,12,9,5,4,2,16,9,6,25,20,11,31
182829,13,10,1,0,0,2,0,0,2,2,0,2
182829,13,10,5,0,0,2,0,0,2,2,0,2
182980,1,412,1,2395,1704,204,180,4099,384,2599,1884,4483
182980,1,112,2,687,957,64,66,1644,130,751,1023,1774
182980,1,312,5,1708,747,140,114,2455,254,1848,861,2709
182980,2,999,1,511,682,46,43,1193,89,557,725,1282
182980,2,999,2,490,633,44,35,1123,79,534,668,1202
182980,2,999,5,21,49,2,8,70,10,23,57,80
182980,4,2,1,138,206,14,8,344,22,152,214,366
182980,4,2,2,138,206,14,8,344,22,152,214,366
182980,5,3,1,211,289,15,11,500,26,226,300,526
182980,5,3,2,211,287,15,11,498,26,226,298,524
182980,5,3,5,0,2,0,0,2,0,0,2,2
182980,6,4,1,162,187,17,24,349,41,179,211,390
182980,6,4,2,141,140,15,16,281,31,156,156,312
182980,6,4,5,21,47,2,8,68,10,23,55,78
182980,7,999,1,1858,983,151,112,2841,263,2009,1095,3104
182980,7,999,2,197,323,20,26,520,46,217,349,566
182980,7,999,5,1661,660,131,86,2321,217,1792,746,2538
182980,8,5,1,1147,494,85,45,1641,130,1232,539,1771
182980,8,5,2,73,82,9,8,155,17,82,90,172
182980,8,5,5,1074,412,76,37,1486,113,1150,449,1599
182980,9,6,1,480,209,45,28,689,73,525,237,762
182980,9,6,2,41,62,5,6,103,11,46,68,114
182980,9,6,5,439,147,40,22,586,62,479,169,648
182980,10,7,1,105,98,6,12,203,18,111,110,221
182980,10,7,2,30,61,0,4,91,4,30,65,95
182980,10,7,5,75,37,6,8,112,14,81,45,126
182980,11,8,1,82,104,6,14,186,20,88,118,206
182980,11,8,2,31,72,2,3,103,5,33,75,108
182980,11,8,5,51,32,4,11,83,15,55,43,98
182980,12,9,1,34,70,7,11,104,18,41,81,122
182980,12,9,2,20,42,3,4,62,7,23,46,69
182980,12,9,5,14,28,4,7,42,11,18,35,53
182980,13,10,1,10,8,2,2,18,4,12,10,22
182980,13,10,2,2,4,1,1,6,2,3,5,8
182980,13,10,5,8,4,1,1,12,2,9,5,14
182980,14,11,1,26,39,7,25,65,32,33,64,97
182980,14,11,2,0,1,0,5,1,5,0,6,6
182980,14,11,5,26,38,7,20,64,27,33,58,91
183026,1,412,1,15399,25613,32679,60654,41012,93333,48078,86267,134345
183026,1,112,2,13122,21194,27484,49799,34316,77283,40606,70993,111599
183026,1,312,5,2277,4419,5195,10855,6696,16050,7472,15274,22746
183026,2,999,1,4988,8078,6771,11360,13066,18131,11759,19438,31197
183026,2,999,2,4627,7151,6470,10640,11778,17110,11097,17791,28888
183026,2,999,5,361,927,301,720,1288,1021,662,1647,2309
183026,3,1,1,59,84,546,959,143,1505,605,1043,1648
183026,3,1,2,59,84,546,959,143,1505,605,1043,1648
183026,4,2,1,1150,1608,859,1321,2758,2180,2009,2929,4938
183026,4,2,2,1150,1608,859,1321,2758,2180,2009,2929,4938
183026,5,3,1,1477,2363,1667,2640,3840,4307,3144,5003,8147
183026,5,3,2,1464,2318,1662,2628,3782,4290,3126,4946,8072
183026,5,3,5,13,45,5,12,58,17,18,57,75
183026,6,4,1,2302,4023,3699,6440,6325,10139,6001,10463,16464
183026,6,4,2,1954,3141,3403,5732,5095,9135,5357,8873,14230
183026,6,4,5,348,882,296,708,1230,1004,644,1590,2234
183026,7,999,1,10410,17535,25908,49289,27945,75197,36318,66824,103142
183026,7,999,2,8494,14043,21014,39156,22537,60170,29508,53199,82707
183026,7,999,5,1916,3492,4894,10133,5408,15027,6810,13625,20435
183026,8,5,1,3736,6332,7455,13832,10068,21287,11191,20164,31355
183026,8,5,2,3086,5004,6265,11088,8090,17353,9351,16092,25443
183026,8,5,5,650,1328,1190,2744,1978,3934,1840,4072,5912
183026,9,6,1,2684,4259,6477,11441,6943,17918,9161,15700,24861
183026,9,6,2,2257,3489,5324,9213,5746,14537,7581,12702,20283
183026,9,6,5,427,770,1153,2228,1197,3381,1580,2998,4578
183026,10,7,1,1710,2772,4603,8284,4482,12887,6313,11056,17369
183026,10,7,2,1389,2272,3724,6625,3661,10349,5113,8897,14010
183026,10,7,5,321,500,879,1659,821,2538,1200,2159,3359
183026,11,8,1,1715,3028,5085,10328,4743,15413,6800,13356,20156
183026,11,8,2,1349,2419,4021,8089,3768,12110,5370,10508,15878
183026,11,8,5,366,609,1064,2239,975,3303,1430,2848,4278
183026,12,9,1,535,1114,2166,5171,1649,7337,2701,6285,8986
183026,12,9,2,393,837,1605,3981,1230,5586,1998,4818,6816
183026,12,9,5,142,277,561,1190,419,1751,703,1467,2170
183026,13,10,1,30,30,122,233,60,355,152,263,415
183026,13,10,2,20,22,75,160,42,235,95,182,277
183026,13,10,5,10,8,47,73,18,120,57,81,138
183026,14,11,1,1,0,0,5,1,5,1,5,6
183026,14,11,2,1,0,0,3,1,3,1,3,4
183026,14,11,5,0,0,0,2,0,2,0,2,2
183044,1,412,1,5607,7260,660,821,12867,1481,6267,8081,14348
183044,1,112,2,5018,6364,231,174,11382,405,5249,6538,11787
183044,1,312,5,589,896,429,647,1485,1076,1018,1543,2561
183044,2,999,1,5060,6703,269,269,11763,538,5329,6972,12301
183044,2,999,2,4894,6286,185,137,11180,322,5079,6423,11502
183044,2,999,5,166,417,84,132,583,216,250,549,799
183044,3,1,1,53,98,4,11,151,15,57,109,166
183044,3,1,2,53,98,4,11,151,15,57,109,166
183044,4,2,1,2023,2982,30,18,5005,48,2053,3000,5053
183044,4,2,2,2023,2982,30,18,5005,48,2053,3000,5053
183044,5,3,1,2312,2946,69,61,5258,130,2381,3007,5388
183044,5,3,2,2302,2919,64,57,5221,121,2366,2976,5342
183044,5,3,5,10,27,5,4,37,9,15,31,46
183044,6,4,1,672,677,166,179,1349,345,838,856,1694
183044,6,4,2,516,287,87,51,803,138,603,338,941
183044,6,4,5,156,390,79,128,546,207,235,518,753
183044,7,999,1,547,557,391,552,1104,943,938,1109,2047
183044,7,999,2,124,78,46,37,202,83,170,115,285
183044,7,999,5,423,479,345,515,902,860,768,994,1762
183044,8,5,1,280,282,155,170,562,325,435,452,887
183044,8,5,2,86,48,28,22,134,50,114,70,184
183044,8,5,5,194,234,127,148,428,275,321,382,703
183044,9,6,1,157,121,82,110,278,192,239,231,470
183044,9,6,2,28,13,7,3,41,10,35,16,51
183044,9,6,5,129,108,75,107,237,182,204,215,419
183044,10,7,1,54,71,56,69,125,125,110,140,250
183044,10,7,2,7,7,4,4,14,8,11,11,22
183044,10,7,5,47,64,52,65,111,117,99,129,228
183044,11,8,1,43,56,64,104,99,168,107,160,267
183044,11,8,2,2,6,5,4,8,9,7,10,17
183044,11,8,5,41,50,59,100,91,159,100,150,250
183044,12,9,1,11,27,29,94,38,123,40,121,161
183044,12,9,2,1,4,2,4,5,6,3,8,11
183044,12,9,5,10,23,27,90,33,117,37,113,150
183044,13,10,1,2,0,5,5,2,10,7,5,12
183044,13,10,5,2,0,5,5,2,10,7,5,12
183062,1,412,1,1347,1662,92,109,3009,201,1439,1771,3210
183062,1,112,2,1345,1637,54,60,2982,114,1399,1697,3096
183062,1,312,5,2,25,38,49,27,87,40,74,114
183062,2,999,1,1306,1625,38,49,2931,87,1344,1674,3018
183062,2,999,2,1305,1607,32,38,2912,70,1337,1645,2982
183062,2,999,5,1,18,6,11,19,17,7,29,36
183062,3,1,1,6,20,3,0,26,3,9,20,29
183062,3,1,2,6,20,3,0,26,3,9,20,29
183062,4,2,1,549,752,5,3,1301,8,554,755,1309
183062,4,2,2,549,752,5,3,1301,8,554,755,1309
183062,5,3,1,593,748,13,20,1341,33,606,768,1374
183062,5,3,2,593,746,13,20,1339,33,606,766,1372
183062,5,3,5,0,2,0,0,2,0,0,2,2
183062,6,4,1,158,105,17,26,263,43,175,131,306
183062,6,4,2,157,89,11,15,246,26,168,104,272
183062,6,4,5,1,16,6,11,17,17,7,27,34
183062,7,999,1,41,36,54,60,77,114,95,96,191
183062,7,999,2,40,29,22,22,69,44,62,51,113
183062,7,999,5,1,7,32,38,8,70,33,45,78
183062,8,5,1,29,17,17,17,46,34,46,34,80
183062,8,5,2,28,13,9,7,41,16,37,20,57
183062,8,5,5,1,4,8,10,5,18,9,14,23
183062,9,6,1,6,7,12,14,13,26,18,21,39
183062,9,6,2,6,6,1,4,12,5,7,10,17
183062,9,6,5,0,1,11,10,1,21,11,11,22
183062,10,7,1,3,5,10,8,8,18,13,13,26
183062,10,7,2,3,4,3,2,7,5,6,6,12
183062,10,7,5,0,1,7,6,1,13,7,7,14
183062,11,8,1,1,6,7,13,7,20,8,19,27
183062,11,8,2,1,5,3,4,6,7,4,9,13
183062,11,8,5,0,1,4,9,1,13,4,10,14
183062,12,9,1,2,1,5,8,3,13,7,9,16
183062,12,9,2,2,1,3,5,3,8,5,6,11
183062,12,9,5,0,0,2,3,0,5,2,3,5
183062,13,10,1,0,0,3,0,0,3,3,0,3
183062,13,10,2,0,0,3,0,0,3,3,0,3
183062,14,11,1,0,1,0,0,1,0,0,1,1
183062,14,11,2,0,1,0,0,1,0,0,1,1
183071,1,412,1,273,316,75,53,589,128,348,369,717
183071,1,112,2,273,316,71,44,589,115,344,360,704
183071,1,312,5,0,0,4,9,0,13,4,9,13
183071,2,999,1,217,274,32,30,491,62,249,304,553
183071,2,999,2,217,274,32,27,491,59,249,301,550
183071,2,999,5,0,0,0,3,0,3,0,3,3
183071,3,1,1,4,1,1,0,5,1,5,1,6
183071,3,1,2,4,1,1,0,5,1,5,1,6
183071,4,2,1,66,92,2,4,158,6,68,96,164
183071,4,2,2,66,92,2,4,158,6,68,96,164
183071,5,3,1,79,119,3,7,198,10,82,126,208
183071,5,3,2,79,119,3,7,198,10,82,126,208
183071,6,4,1,68,62,26,19,130,45,94,81,175
183071,6,4,2,68,62,26,16,130,42,94,78,172
183071,6,4,5,0,0,0,3,0,3,0,3,3
183071,7,999,1,56,42,43,23,98,66,99,65,164
183071,7,999,2,56,42,39,17,98,56,95,59,154
183071,7,999,5,0,0,4,6,0,10,4,6,10
183071,8,5,1,35,27,19,11,62,30,54,38,92
183071,8,5,2,35,27,18,10,62,28,53,37,90
183071,8,5,5,0,0,1,1,0,2,1,1,2
183071,9,6,1,11,7,9,2,18,11,20,9,29
183071,9,6,2,11,7,8,2,18,10,19,9,28
183071,9,6,5,0,0,1,0,0,1,1,0,1
183071,10,7,1,8,2,6,3,10,9,14,5,19
183071,10,7,2,8,2,5,1,10,6,13,3,16
183071,10,7,5,0,0,1,2,0,3,1,2,3
183071,11,8,1,1,5,3,4,6,7,4,9,13
183071,11,8,2,1,5,3,2,6,5,4,7,11
183071,11,8,5,0,0,0,2,0,2,0,2,2
183071,12,9,1,1,1,5,3,2,8,6,4,10
183071,12,9,2,1,1,5,2,2,7,6,3,9
183071,12,9,5,0,0,0,1,0,1,0,1,1
183071,13,10,1,0,0,1,0,0,1,1,0,1
183071,13,10,5,0,0,1,0,0,1,1,0,1
183080,1,412,1,1915,2042,187,347,3957,534,2102,2389,4491
183080,1,112,2,1806,1759,87,87,3565,174,1893,1846,3739
183080,1,312,5,109,283,100,260,392,360,209,543,752
183080,2,999,1,1800,1811,69,78,3611,147,1869,1889,3758
183080,2,999,2,1761,1735,64,66,3496,130,1825,1801,3626
183080,2,999,5,39,76,5,12,115,17,44,88,132
183080,3,1,1,0,6,0,1,6,1,0,7,7
183080,3,1,2,0,6,0,1,6,1,0,7,7
183080,4,2,1,766,760,19,10,1526,29,785,770,1555
183080,4,2,2,766,760,19,10,1526,29,785,770,1555
183080,5,3,1,722,796,11,19,1518,30,733,815,1548
183080,5,3,2,722,795,11,19,1517,30,733,814,1547
183080,5,3,5,0,1,0,0,1,0,0,1,1
183080,6,4,1,312,249,39,48,561,87,351,297,648
183080,6,4,2,273,174,34,36,447,70,307,210,517
183080,6,4,5,39,75,5,12,114,17,44,87,131
183080,7,999,1,113,229,117,267,342,384,230,496,726
183080,7,999,2,45,23,23,20,68,43,68,43,111
183080,7,999,5,68,206,94,247,274,341,162,453,615
183080,8,5,1,67,109,26,50,176,76,93,159,252
183080,8,5,2,36,15,12,8,51,20,48,23,71
183080,8,5,5,31,94,14,42,125,56,45,136,181
183080,9,6,1,11,39,27,42,50,69,38,81,119
183080,9,6,2,3,1,5,4,4,9,8,5,13
183080,9,6,5,8,38,22,38,46,60,30,76,106
183080,10,7,1,14,22,18,39,36,57,32,61,93
183080,10,7,2,3,3,0,1,6,1,3,4,7
183080,10,7,5,11,19,18,38,30,56,29,57,86
183080,11,8,1,13,35,27,86,48,113,40,121,161
183080,11,8,2,2,3,2,3,5,5,4,6,10
183080,11,8,5,11,32,25,83,43,108,36,115,151
183080,12,9,1,8,23,17,48,31,65,25,71,96
183080,12,9,2,1,1,3,4,2,7,4,5,9
183080,12,9,5,7,22,14,44,29,58,21,66,87
183080,13,10,1,0,1,2,2,1,4,2,3,5
183080,13,10,2,0,0,1,0,0,1,1,0,1
183080,13,10,5,0,1,1,2,1,3,1,3,4
183080,14,11,1,2,2,1,2,4,3,3,4,7
183080,14,11,2,0,1,0,1,1,1,0,2,2
183080,14,11,5,2,1,1,1,3,2,3,2,5
183202,1,412,1,3,53,4,20,56,24,7,73,80
183202,1,112,2,3,53,4,20,56,24,7,73,80
183202,2,999,1,3,42,1,13,45,14,4,55,59
183202,2,999,2,3,42,1,13,45,14,4,55,59
183202,4,2,1,2,20,1,1,22,2,3,21,24
183202,4,2,2,2,20,1,1,22,2,3,21,24
183202,5,3,1,1,16,0,2,17,2,1,18,19
183202,5,3,2,1,16,0,2,17,2,1,18,19
183202,6,4,1,0,6,0,10,6,10,0,16,16
183202,6,4,2,0,6,0,10,6,10,0,16,16
183202,7,999,1,0,11,3,7,11,10,3,18,21
183202,7,999,2,0,11,3,7,11,10,3,18,21
183202,8,5,1,0,7,3,2,7,5,3,9,12
183202,8,5,2,0,7,3,2,7,5,3,9,12
183202,9,6,1,0,2,0,3,2,3,0,5,5
183202,9,6,2,0,2,0,3,2,3,0,5,5
183202,10,7,1,0,1,0,2,1,2,0,3,3
183202,10,7,2,0,1,0,2,1,2,0,3,3
183202,11,8,1,0,1,0,0,1,0,0,1,1
183202,11,8,2,0,1,0,0,1,0,0,1,1
183257,1,412,1,265,566,291,757,831,1048,556,1323,1879
183257,1,112,2,254,539,227,588,793,815,481,1127,1608
183257,1,312,5,11,27,64,169,38,233,75,196,271
183257,2,999,1,62,176,33,123,238,156,95,299,394
183257,2,999,2,61,174,30,118,235,148,91,292,383
183257,2,999,5,1,2,3,5,3,8,4,7,11
183257,3,1,1,0,1,9,20,1,29,9,21,30
183257,3,1,2,0,1,9,20,1,29,9,21,30
183257,4,2,1,15,25,2,4,40,6,17,29,46
183257,4,2,2,15,25,2,4,40,6,17,29,46
183257,5,3,1,13,54,4,22,67,26,17,76,93
183257,5,3,2,13,54,4,22,67,26,17,76,93
183257,6,4,1,34,96,18,77,130,95,52,173,225
183257,6,4,2,33,94,15,72,127,87,48,166,214
183257,6,4,5,1,2,3,5,3,8,4,7,11
183257,7,999,1,199,380,248,604,579,852,447,984,1431
183257,7,999,2,189,355,189,448,544,637,378,803,1181
183257,7,999,5,10,25,59,156,35,215,69,181,250
183257,8,5,1,72,136,51,126,208,177,123,262,385
183257,8,5,2,67,132,44,99,199,143,111,231,342
183257,8,5,5,5,4,7,27,9,34,12,31,43
183257,9,6,1,55,87,47,126,142,173,102,213,315
183257,9,6,2,53,81,31,94,134,125,84,175,259
183257,9,6,5,2,6,16,32,8,48,18,38,56
183257,10,7,1,24,61,48,113,85,161,72,174,246
183257,10,7,2,23,56,40,86,79,126,63,142,205
183257,10,7,5,1,5,8,27,6,35,9,32,41
183257,11,8,1,35,67,65,143,102,208,100,210,310
183257,11,8,2,35,61,44,97,96,141,79,158,237
183257,11,8,5,0,6,21,46,6,67,21,52,73
183257,12,9,1,13,29,36,91,42,127,49,120,169
183257,12,9,2,11,25,29,68,36,97,40,93,133
183257,12,9,5,2,4,7,23,6,30,9,27,36
183257,13,10,1,0,0,1,5,0,6,1,5,6
183257,13,10,2,0,0,1,4,0,5,1,4,5
183257,13,10,5,0,0,0,1,0,1,0,1,1
183257,14,11,1,4,10,10,30,14,40,14,40,54
183257,14,11,2,4,10,8,22,14,30,12,32,44
183257,14,11,5,0,0,2,8,0,10,2,8,10
183488,1,412,1,28,410,13,82,438,95,41,492,533
183488,1,112,2,28,410,13,82,438,95,41,492,533
183488,2,999,1,14,218,3,14,232,17,17,232,249
183488,2,999,2,14,218,3,14,232,17,17,232,249
183488,3,1,1,0,22,0,0,22,0,0,22,22
183488,3,1,2,0,22,0,0,22,0,0,22,22
183488,4,2,1,4,138,0,2,142,2,4,140,144
183488,4,2,2,4,138,0,2,142,2,4,140,144
183488,5,3,1,4,16,1,6,20,7,5,22,27
183488,5,3,2,4,16,1,6,20,7,5,22,27
183488,6,4,1,6,42,2,6,48,8,8,48,56
183488,6,4,2,6,42,2,6,48,8,8,48,56
183488,7,999,1,14,192,10,68,206,78,24,260,284
183488,7,999,2,14,192,10,68,206,78,24,260,284
183488,8,5,1,3,63,3,17,66,20,6,80,86
183488,8,5,2,3,63,3,17,66,20,6,80,86
183488,9,6,1,4,52,3,17,56,20,7,69,76
183488,9,6,2,4,52,3,17,56,20,7,69,76
183488,10,7,1,2,29,1,15,31,16,3,44,47
183488,10,7,2,2,29,1,15,31,16,3,44,47
183488,11,8,1,4,32,2,10,36,12,6,42,48
183488,11,8,2,4,32,2,10,36,12,6,42,48
183488,12,9,1,1,16,1,9,17,10,2,25,27
183488,12,9,2,1,16,1,9,17,10,2,25,27
183655,1,412,1,743,1217,835,1669,1960,2504,1578,2886,4464
183655,1,112,2,743,1217,835,1669,1960,2504,1578,2886,4464
183655,2,999,1,671,994,523,795,1665,1318,1194,1789,2983
183655,2,999,2,671,994,523,795,1665,1318,1194,1789,2983
183655,3,1,1,6,11,40,54,17,94,46,65,111
183655,3,1,2,6,11,40,54,17,94,46,65,111
183655,4,2,1,387,576,122,178,963,300,509,754,1263
183655,4,2,2,387,576,122,178,963,300,509,754,1263
183655,5,3,1,210,293,201,267,503,468,411,560,971
183655,5,3,2,210,293,201,267,503,468,411,560,971
183655,6,4,1,68,114,160,296,182,456,228,410,638
183655,6,4,2,68,114,160,296,182,456,228,410,638
183655,7,999,1,72,222,312,874,294,1186,384,1096,1480
183655,7,999,2,72,222,312,874,294,1186,384,1096,1480
183655,8,5,1,34,88,132,316,122,448,166,404,570
183655,8,5,2,34,88,132,316,122,448,166,404,570
183655,9,6,1,20,59,75,212,79,287,95,271,366
183655,9,6,2,20,59,75,212,79,287,95,271,366
183655,10,7,1,5,30,47,117,35,164,52,147,199
183655,10,7,2,5,30,47,117,35,164,52,147,199
183655,11,8,1,7,34,29,150,41,179,36,184,220
183655,11,8,2,7,34,29,150,41,179,36,184,220
183655,12,9,1,5,11,26,68,16,94,31,79,110
183655,12,9,2,5,11,26,68,16,94,31,79,110
183655,13,10,1,1,0,3,11,1,14,4,11,15
183655,13,10,2,1,0,3,11,1,14,4,11,15
183655,14,11,1,0,1,0,0,1,0,0,1,1
183655,14,11,2,0,1,0,0,1,0,0,1,1
183743,1,412,1,2884,3110,2276,3139,5994,5415,5160,6249,11409
183743,1,112,2,2884,3110,2276,3139,5994,5415,5160,6249,11409
183743,2,999,1,2535,2433,1572,1622,4968,3194,4107,4055,8162
183743,2,999,2,2535,2433,1572,1622,4968,3194,4107,4055,8162
183743,3,1,1,55,78,128,165,133,293,183,243,426
183743,3,1,2,55,78,128,165,133,293,183,243,426
183743,4,2,1,1206,1115,301,308,2321,609,1507,1423,2930
183743,4,2,2,1206,1115,301,308,2321,609,1507,1423,2930
183743,5,3,1,890,821,588,548,1711,1136,1478,1369,2847
183743,5,3,2,890,821,588,548,1711,1136,1478,1369,2847
183743,6,4,1,384,419,555,601,803,1156,939,1020,1959
183743,6,4,2,384,419,555,601,803,1156,939,1020,1959
183743,7,999,1,346,672,699,1511,1018,2210,1045,2183,3228
183743,7,999,2,346,672,699,1511,1018,2210,1045,2183,3228
183743,8,5,1,214,336,388,603,550,991,602,939,1541
183743,8,5,2,214,336,388,603,550,991,602,939,1541
183743,9,6,1,75,145,126,317,220,443,201,462,663
183743,9,6,2,75,145,126,317,220,443,201,462,663
183743,10,7,1,35,89,66,226,124,292,101,315,416
183743,10,7,2,35,89,66,226,124,292,101,315,416
183743,11,8,1,15,76,72,249,91,321,87,325,412
183743,11,8,2,15,76,72,249,91,321,87,325,412
183743,12,9,1,7,24,33,107,31,140,40,131,171
183743,12,9,2,7,24,33,107,31,140,40,131,171
183743,13,10,1,0,2,14,9,2,23,14,11,25
183743,13,10,2,0,2,14,9,2,23,14,11,25
183743,14,11,1,3,5,5,6,8,11,8,11,19
183743,14,11,2,3,5,5,6,8,11,8,11,19
183789,1,412,1,525,1252,177,671,1777,848,702,1923,2625
183789,1,112,2,510,1235,132,574,1745,706,642,1809,2451
183789,1,312,5,15,17,45,97,32,142,60,114,174
183789,2,999,1,390,696,45,144,1086,189,435,840,1275
183789,2,999,2,382,693,37,133,1075,170,419,826,1245
183789,2,999,5,8,3,8,11,11,19,16,14,30
183789,3,1,1,3,2,0,1,5,1,3,3,6
183789,3,1,2,3,2,0,1,5,1,3,3,6
183789,4,2,1,167,262,6,7,429,13,173,269,442
183789,4,2,2,167,262,6,7,429,13,173,269,442
183789,5,3,1,142,230,18,51,372,69,160,281,441
183789,5,3,2,142,228,17,48,370,65,159,276,435
183789,5,3,5,0,2,1,3,2,4,1,5,6
183789,6,4,1,78,202,21,85,280,106,99,287,386
183789,6,4,2,70,201,14,77,271,91,84,278,362
183789,6,4,5,8,1,7,8,9,15,15,9,24
183789,7,999,1,135,556,132,527,691,659,267,1083,1350
183789,7,999,2,128,542,95,441,670,536,223,983,1206
183789,7,999,5,7,14,37,86,21,123,44,100,144
183789,8,5,1,73,231,40,170,304,210,113,401,514
183789,8,5,2,70,224,33,147,294,180,103,371,474
183789,8,5,5,3,7,7,23,10,30,10,30,40
183789,9,6,1,28,142,28,132,170,160,56,274,330
183789,9,6,2,26,140,22,108,166,130,48,248,296
183789,9,6,5,2,2,6,24,4,30,8,26,34
183789,10,7,1,14,78,29,84,92,113,43,162,205
183789,10,7,2,14,77,14,70,91,84,28,147,175
183789,10,7,5,0,1,15,14,1,29,15,15,30
183789,11,8,1,12,76,21,96,88,117,33,172,205
183789,11,8,2,10,72,15,79,82,94,25,151,176
183789,11,8,5,2,4,6,17,6,23,8,21,29
183789,12,9,1,6,29,11,43,35,54,17,72,89
183789,12,9,2,6,29,9,37,35,46,15,66,81
183789,12,9,5,0,0,2,6,0,8,2,6,8
183789,13,10,1,2,0,3,2,2,5,5,2,7
183789,13,10,2,2,0,2,0,2,2,4,0,4
183789,13,10,5,0,0,1,2,0,3,1,2,3
183822,1,412,1,515,887,59,72,1402,131,574,959,1533
183822,1,112,2,515,887,59,72,1402,131,574,959,1533
183822,2,999,1,470,783,44,39,1253,83,514,822,1336
183822,2,999,2,470,783,44,39,1253,83,514,822,1336
183822,3,1,1,22,24,2,1,46,3,24,25,49
183822,3,1,2,22,24,2,1,46,3,24,25,49
183822,4,2,1,177,365,17,17,542,34,194,382,576
183822,4,2,2,177,365,17,17,542,34,194,382,576
183822,5,3,1,174,258,10,7,432,17,184,265,449
183822,5,3,2,174,258,10,7,432,17,184,265,449
183822,6,4,1,97,136,15,14,233,29,112,150,262
183822,6,4,2,97,136,15,14,233,29,112,150,262
183822,7,999,1,45,104,15,33,149,48,60,137,197
183822,7,999,2,45,104,15,33,149,48,60,137,197
183822,8,5,1,33,45,9,15,78,24,42,60,102
183822,8,5,2,33,45,9,15,78,24,42,60,102
183822,9,6,1,8,25,4,5,33,9,12,30,42
183822,9,6,2,8,25,4,5,33,9,12,30,42
183822,10,7,1,2,10,0,4,12,4,2,14,16
183822,10,7,2,2,10,0,4,12,4,2,14,16
183822,11,8,1,1,18,1,5,19,6,2,23,25
183822,11,8,2,1,18,1,5,19,6,2,23,25
183822,12,9,1,1,6,1,4,7,5,2,10,12
183822,12,9,2,1,6,1,4,7,5,2,10,12
183859,1,412,1,2443,2340,2271,3384,4783,5655,4714,5724,10438
183859,1,112,2,2443,2340,2271,3384,4783,5655,4714,5724,10438
183859,2,999,1,2243,2072,1757,2180,4315,3937,4000,4252,8252
183859,2,999,2,2243,2072,1757,2180,4315,3937,4000,4252,8252
183859,3,1,1,78,109,471,926,187,1397,549,1035,1584
183859,3,1,2,78,109,471,926,187,1397,549,1035,1584
183859,4,2,1,1432,1304,376,332,2736,708,1808,1636,3444
183859,4,2,2,1432,1304,376,332,2736,708,1808,1636,3444
183859,5,3,1,528,489,538,465,1017,1003,1066,954,2020
183859,5,3,2,528,489,538,465,1017,1003,1066,954,2020
183859,6,4,1,205,170,372,457,375,829,577,627,1204
183859,6,4,2,205,170,372,457,375,829,577,627,1204
183859,7,999,1,189,262,480,1161,451,1641,669,1423,2092
183859,7,999,2,189,262,480,1161,451,1641,669,1423,2092
183859,8,5,1,108,123,223,413,231,636,331,536,867
183859,8,5,2,108,123,223,413,231,636,331,536,867
183859,9,6,1,50,54,108,277,104,385,158,331,489
183859,9,6,2,50,54,108,277,104,385,158,331,489
183859,10,7,1,16,40,52,163,56,215,68,203,271
183859,10,7,2,16,40,52,163,56,215,68,203,271
183859,11,8,1,11,41,59,183,52,242,70,224,294
183859,11,8,2,11,41,59,183,52,242,70,224,294
183859,12,9,1,4,3,25,107,7,132,29,110,139
183859,12,9,2,4,3,25,107,7,132,29,110,139
183859,13,10,1,0,1,13,18,1,31,13,19,32
183859,13,10,2,0,1,13,18,1,31,13,19,32
183859,14,11,1,11,6,34,43,17,77,45,49,94
183859,14,11,2,11,6,34,43,17,77,45,49,94
183938,1,412,1,1379,2045,1644,3054,3424,4698,3023,5099,8122
183938,1,112,2,1379,2045,1644,3054,3424,4698,3023,5099,8122
183938,2,999,1,1102,1465,977,1300,2567,2277,2079,2765,4844
183938,2,999,2,1102,1465,977,1300,2567,2277,2079,2765,4844
183938,3,1,1,24,33,101,156,57,257,125,189,314
183938,3,1,2,24,33,101,156,57,257,125,189,314
183938,4,2,1,489,712,270,299,1201,569,759,1011,1770
183938,4,2,2,489,712,270,299,1201,569,759,1011,1770
183938,5,3,1,372,431,322,378,803,700,694,809,1503
183938,5,3,2,372,431,322,378,803,700,694,809,1503
183938,6,4,1,217,289,284,467,506,751,501,756,1257
183938,6,4,2,217,289,284,467,506,751,501,756,1257
183938,7,999,1,277,580,667,1754,857,2421,944,2334,3278
183938,7,999,2,277,580,667,1754,857,2421,944,2334,3278
183938,8,5,1,149,271,232,559,420,791,381,830,1211
183938,8,5,2,149,271,232,559,420,791,381,830,1211
183938,9,6,1,66,134,168,379,200,547,234,513,747
183938,9,6,2,66,134,168,379,200,547,234,513,747
183938,10,7,1,20,76,81,275,96,356,101,351,452
183938,10,7,2,20,76,81,275,96,356,101,351,452
183938,11,8,1,30,71,111,325,101,436,141,396,537
183938,11,8,2,30,71,111,325,101,436,141,396,537
183938,12,9,1,9,27,62,208,36,270,71,235,306
183938,12,9,2,9,27,62,208,36,270,71,235,306
183938,13,10,1,3,1,13,8,4,21,16,9,25
183938,13,10,2,3,1,13,8,4,21,16,9,25
184056,1,412,1,98,290,39,162,388,201,137,452,589
184056,1,112,2,98,290,39,162,388,201,137,452,589
184056,2,999,1,70,183,12,67,253,79,82,250,332
184056,2,999,2,70,183,12,67,253,79,82,250,332
184056,3,1,1,34,61,4,10,95,14,38,71,109
184056,3,1,2,34,61,4,10,95,14,38,71,109
184056,4,2,1,14,39,1,13,53,14,15,52,67
184056,4,2,2,14,39,1,13,53,14,15,52,67
184056,5,3,1,9,29,2,16,38,18,11,45,56
184056,5,3,2,9,29,2,16,38,18,11,45,56
184056,6,4,1,13,54,5,28,67,33,18,82,100
184056,6,4,2,13,54,5,28,67,33,18,82,100
184056,7,999,1,28,107,27,95,135,122,55,202,257
184056,7,999,2,28,107,27,95,135,122,55,202,257
184056,8,5,1,15,49,14,42,64,56,29,91,120
184056,8,5,2,15,49,14,42,64,56,29,91,120
184056,9,6,1,3,29,8,21,32,29,11,50,61
184056,9,6,2,3,29,8,21,32,29,11,50,61
184056,10,7,1,3,15,2,14,18,16,5,29,34
184056,10,7,2,3,15,2,14,18,16,5,29,34
184056,11,8,1,6,8,3,14,14,17,9,22,31
184056,11,8,2,6,8,3,14,14,17,9,22,31
184056,12,9,1,1,6,0,4,7,4,1,10,11
184056,12,9,2,1,6,0,4,7,4,1,10,11
184180,1,412,1,1681,1302,1804,1910,2983,3714,3485,3212,6697
184180,1,112,2,1681,1302,1804,1910,2983,3714,3485,3212,6697
184180,2,999,1,1574,1143,1358,1144,2717,2502,2932,2287,5219
184180,2,999,2,1574,1143,1358,1144,2717,2502,2932,2287,5219
184180,3,1,1,30,38,98,93,68,191,128,131,259
184180,3,1,2,30,38,98,93,68,191,128,131,259
184180,4,2,1,843,623,411,309,1466,720,1254,932,2186
184180,4,2,2,843,623,411,309,1466,720,1254,932,2186
184180,5,3,1,514,328,484,394,842,878,998,722,1720
184180,5,3,2,514,328,484,394,842,878,998,722,1720
184180,6,4,1,187,154,365,348,341,713,552,502,1054
184180,6,4,2,187,154,365,348,341,713,552,502,1054
184180,7,999,1,107,159,446,766,266,1212,553,925,1478
184180,7,999,2,107,159,446,766,266,1212,553,925,1478
184180,8,5,1,81,84,221,318,165,539,302,402,704
184180,8,5,2,81,84,221,318,165,539,302,402,704
184180,9,6,1,12,33,91,150,45,241,103,183,286
184180,9,6,2,12,33,91,150,45,241,103,183,286
184180,10,7,1,7,18,48,99,25,147,55,117,172
184180,10,7,2,7,18,48,99,25,147,55,117,172
184180,11,8,1,5,13,46,111,18,157,51,124,175
184180,11,8,2,5,13,46,111,18,157,51,124,175
184180,12,9,1,2,11,30,81,13,111,32,92,124
184180,12,9,2,2,11,30,81,13,111,32,92,124
184180,13,10,1,0,0,10,7,0,17,10,7,17
184180,13,10,2,0,0,10,7,0,17,10,7,17
184205,1,412,1,432,787,429,1003,1219,1432,861,1790,2651
184205,1,112,2,432,787,429,1003,1219,1432,861,1790,2651
184205,2,999,1,384,629,343,581,1013,924,727,1210,1937
184205,2,999,2,384,629,343,581,1013,924,727,1210,1937
184205,3,1,1,1,3,161,268,4,429,162,271,433
184205,3,1,2,1,3,161,268,4,429,162,271,433
184205,4,2,1,225,382,53,88,607,141,278,470,748
184205,4,2,2,225,382,53,88,607,141,278,470,748
184205,5,3,1,126,171,74,126,297,200,200,297,497
184205,5,3,2,126,171,74,126,297,200,200,297,497
184205,6,4,1,32,73,55,99,105,154,87,172,259
184205,6,4,2,32,73,55,99,105,154,87,172,259
184205,7,999,1,48,158,86,422,206,508,134,580,714
184205,7,999,2,48,158,86,422,206,508,134,580,714
184205,8,5,1,27,66,33,143,93,176,60,209,269
184205,8,5,2,27,66,33,143,93,176,60,209,269
184205,9,6,1,8,32,29,117,40,146,37,149,186
184205,9,6,2,8,32,29,117,40,146,37,149,186
184205,10,7,1,7,30,13,67,37,80,20,97,117
184205,10,7,2,7,30,13,67,37,80,20,97,117
184205,11,8,1,4,26,8,68,30,76,12,94,106
184205,11,8,2,4,26,8,68,30,76,12,94,106
184205,12,9,1,2,4,2,26,6,28,4,30,34
184205,12,9,2,2,4,2,26,6,28,4,30,34
184205,13,10,1,0,0,1,1,0,2,1,1,2
184205,13,10,2,0,0,1,1,0,2,1,1,2
184348,1,412,1,819,1092,154,164,1911,318,973,1256,2229
184348,1,112,2,671,932,21,12,1603,33,692,944,1636
184348,1,312,5,148,160,133,152,308,285,281,312,593
184348,2,999,1,673,929,21,15,1602,36,694,944,1638
184348,2,999,2,654,907,19,6,1561,25,673,913,1586
184348,2,999,5,19,22,2,9,41,11,21,31,52
184348,3,1,1,2,3,0,0,5,0,2,3,5
184348,3,1,2,2,3,0,0,5,0,2,3,5
184348,4,2,1,237,379,3,2,616,5,240,381,621
184348,4,2,2,237,379,3,2,616,5,240,381,621
184348,5,3,1,298,425,10,1,723,11,308,426,734
184348,5,3,2,298,425,10,1,723,11,308,426,734
184348,6,4,1,136,122,8,12,258,20,144,134,278
184348,6,4,2,117,100,6,3,217,9,123,103,226
184348,6,4,5,19,22,2,9,41,11,21,31,52
184348,7,999,1,145,163,133,149,308,282,278,312,590
184348,7,999,2,16,25,2,6,41,8,18,31,49
184348,7,999,5,129,138,131,143,267,274,260,281,541
184348,8,5,1,43,46,11,14,89,25,54,60,114
184348,8,5,2,11,17,1,2,28,3,12,19,31
184348,8,5,5,32,29,10,12,61,22,42,41,83
184348,9,6,1,40,25,14,14,65,28,54,39,93
184348,9,6,2,4,5,0,0,9,0,4,5,9
184348,9,6,5,36,20,14,14,56,28,50,34,84
184348,10,7,1,17,18,24,12,35,36,41,30,71
184348,10,7,2,0,1,1,0,1,1,1,1,2
184348,10,7,5,17,17,23,12,34,35,40,29,69
184348,11,8,1,17,26,39,45,43,84,56,71,127
184348,11,8,2,0,1,0,1,1,1,0,2,2
184348,11,8,5,17,25,39,44,42,83,56,69,125
184348,12,9,1,22,36,38,54,58,92,60,90,150
184348,12,9,2,1,1,0,2,2,2,1,3,4
184348,12,9,5,21,35,38,52,56,90,59,87,146
184348,13,10,1,6,12,7,10,18,17,13,22,35
184348,13,10,2,0,0,0,1,0,1,0,1,1
184348,13,10,5,6,12,7,9,18,16,13,21,34
184348,14,11,1,1,0,0,0,1,0,1,0,1
184348,14,11,2,1,0,0,0,1,0,1,0,1
184427,1,412,1,174,5,100,4,179,104,274,9,283
184427,1,112,2,174,5,100,4,179,104,274,9,283
184427,2,999,1,136,3,66,1,139,67,202,4,206
184427,2,999,2,136,3,66,1,139,67,202,4,206
184427,3,1,1,78,2,29,0,80,29,107,2,109
184427,3,1,2,78,2,29,0,80,29,107,2,109
184427,4,2,1,23,0,16,0,23,16,39,0,39
184427,4,2,2,23,0,16,0,23,16,39,0,39
184427,5,3,1,14,0,8,1,14,9,22,1,23
184427,5,3,2,14,0,8,1,14,9,22,1,23
184427,6,4,1,21,1,13,0,22,13,34,1,35
184427,6,4,2,21,1,13,0,22,13,34,1,35
184427,7,999,1,38,2,34,3,40,37,72,5,77
184427,7,999,2,38,2,34,3,40,37,72,5,77
184427,8,5,1,15,0,14,2,15,16,29,2,31
184427,8,5,2,15,0,14,2,15,16,29,2,31
184427,9,6,1,9,1,7,0,10,7,16,1,17
184427,9,6,2,9,1,7,0,10,7,16,1,17
184427,10,7,1,8,0,2,1,8,3,10,1,11
184427,10,7,2,8,0,2,1,8,3,10,1,11
184427,11,8,1,6,0,9,0,6,9,15,0,15
184427,11,8,2,6,0,9,0,6,9,15,0,15
184427,12,9,1,0,1,2,0,1,2,2,1,3
184427,12,9,2,0,1,2,0,1,2,2,1,3
184481,1,412,1,1090,1769,1322,2179,2859,3501,2412,3948,6360
184481,1,112,2,1090,1769,1322,2179,2859,3501,2412,3948,6360
184481,2,999,1,859,1205,848,1079,2064,1927,1707,2284,3991
184481,2,999,2,859,1205,848,1079,2064,1927,1707,2284,3991
184481,3,1,1,78,137,174,293,215,467,252,430,682
184481,3,1,2,78,137,174,293,215,467,252,430,682
184481,4,2,1,359,473,174,212,832,386,533,685,1218
184481,4,2,2,359,473,174,212,832,386,533,685,1218
184481,5,3,1,288,372,259,248,660,507,547,620,1167
184481,5,3,2,288,372,259,248,660,507,547,620,1167
184481,6,4,1,134,223,241,326,357,567,375,549,924
184481,6,4,2,134,223,241,326,357,567,375,549,924
184481,7,999,1,231,564,474,1100,795,1574,705,1664,2369
184481,7,999,2,231,564,474,1100,795,1574,705,1664,2369
184481,8,5,1,120,207,189,353,327,542,309,560,869
184481,8,5,2,120,207,189,353,327,542,309,560,869
184481,9,6,1,45,150,102,272,195,374,147,422,569
184481,9,6,2,45,150,102,272,195,374,147,422,569
184481,10,7,1,26,87,79,176,113,255,105,263,368
184481,10,7,2,26,87,79,176,113,255,105,263,368
184481,11,8,1,28,94,58,207,122,265,86,301,387
184481,11,8,2,28,94,58,207,122,265,86,301,387
184481,12,9,1,11,25,41,78,36,119,52,103,155
184481,12,9,2,11,25,41,78,36,119,52,103,155
184481,13,10,1,1,1,5,14,2,19,6,15,21
184481,13,10,2,1,1,5,14,2,19,6,15,21
184506,1,412,1,9,92,4,36,101,40,13,128,141
184506,1,112,2,9,92,4,36,101,40,13,128,141
184506,2,999,1,7,58,2,11,65,13,9,69,78
184506,2,999,2,7,58,2,11,65,13,9,69,78
184506,4,2,1,1,20,0,1,21,1,1,21,22
184506,4,2,2,1,20,0,1,21,1,1,21,22
184506,5,3,1,2,22,1,5,24,6,3,27,30
184506,5,3,2,2,22,1,5,24,6,3,27,30
184506,6,4,1,4,16,1,5,20,6,5,21,26
184506,6,4,2,4,16,1,5,20,6,5,21,26
184506,7,999,1,2,34,2,25,36,27,4,59,63
184506,7,999,2,2,34,2,25,36,27,4,59,63
184506,8,5,1,2,15,1,15,17,16,3,30,33
184506,8,5,2,2,15,1,15,17,16,3,30,33
184506,9,6,1,0,7,0,6,7,6,0,13,13
184506,9,6,2,0,7,0,6,7,6,0,13,13
184506,10,7,1,0,7,1,4,7,5,1,11,12
184506,10,7,2,0,7,1,4,7,5,1,11,12
184506,11,8,1,0,4,0,0,4,0,0,4,4
184506,11,8,2,0,4,0,0,4,0,0,4,4
184506,12,9,1,0,1,0,0,1,0,0,1,1
184506,12,9,2,0,1,0,0,1,0,0,1,1
184603,1,412,1,1122,1561,1860,2936,2683,4796,2982,4497,7479
184603,1,112,2,918,1271,1493,2052,2189,3545,2411,3323,5734
184603,1,312,5,204,290,367,884,494,1251,571,1174,1745
184603,2,999,1,902,1283,1226,1710,2185,2936,2128,2993,5121
184603,2,999,2,834,1151,1199,1660,1985,2859,2033,2811,4844
184603,2,999,5,68,132,27,50,200,77,95,182,277
184603,3,1,1,13,42,879,1370,55,2249,892,1412,2304
184603,3,1,2,13,42,879,1370,55,2249,892,1412,2304
184603,4,2,1,314,454,195,189,768,384,509,643,1152
184603,4,2,2,314,451,195,189,765,384,509,640,1149
184603,4,2,5,0,3,0,0,3,0,0,3,3
184603,5,3,1,328,495,83,55,823,138,411,550,961
184603,5,3,2,326,477,83,54,803,137,409,531,940
184603,5,3,5,2,18,0,1,20,1,2,19,21
184603,6,4,1,247,292,69,96,539,165,316,388,704
184603,6,4,2,181,181,42,47,362,89,223,228,451
184603,6,4,5,66,111,27,49,177,76,93,160,253
184603,7,999,1,218,274,575,1175,492,1750,793,1449,2242
184603,7,999,2,82,116,235,343,198,578,317,459,776
184603,7,999,5,136,158,340,832,294,1172,476,990,1466
184603,8,5,1,106,140,131,261,246,392,237,401,638
184603,8,5,2,37,59,46,64,96,110,83,123,206
184603,8,5,5,69,81,85,197,150,282,154,278,432
184603,9,6,1,52,51,110,227,103,337,162,278,440
184603,9,6,2,20,17,45,62,37,107,65,79,144
184603,9,6,5,32,34,65,165,66,230,97,199,296
184603,10,7,1,23,28,118,168,51,286,141,196,337
184603,10,7,2,9,17,47,62,26,109,56,79,135
184603,10,7,5,14,11,71,106,25,177,85,117,202
184603,11,8,1,27,37,141,279,64,420,168,316,484
184603,11,8,2,12,15,58,92,27,150,70,107,177
184603,11,8,5,15,22,83,187,37,270,98,209,307
184603,12,9,1,10,17,70,229,27,299,80,246,326
184603,12,9,2,4,7,37,62,11,99,41,69,110
184603,12,9,5,6,10,33,167,16,200,39,177,216
184603,13,10,1,0,1,5,11,1,16,5,12,17
184603,13,10,2,0,1,2,1,1,3,2,2,4
184603,13,10,5,0,0,3,10,0,13,3,10,13
184603,14,11,1,2,4,59,51,6,110,61,55,116
184603,14,11,2,2,4,59,49,6,108,61,53,114
184603,14,11,5,0,0,0,2,0,2,0,2,2
184612,1,412,1,553,1369,124,510,1922,634,677,1879,2556
184612,1,112,2,522,1298,54,241,1820,295,576,1539,2115
184612,1,312,5,31,71,70,269,102,339,101,340,441
184612,2,999,1,465,1049,39,141,1514,180,504,1190,1694
184612,2,999,2,455,1031,26,115,1486,141,481,1146,1627
184612,2,999,5,10,18,13,26,28,39,23,44,67
184612,3,1,1,5,15,3,36,20,39,8,51,59
184612,3,1,2,5,15,3,36,20,39,8,51,59
184612,4,2,1,174,496,3,5,670,8,177,501,678
184612,4,2,2,174,496,3,5,670,8,177,501,678
184612,5,3,1,175,302,2,15,477,17,177,317,494
184612,5,3,2,174,302,2,13,476,15,176,315,491
184612,5,3,5,1,0,0,2,1,2,1,2,3
184612,6,4,1,111,236,31,85,347,116,142,321,463
184612,6,4,2,102,218,18,61,320,79,120,279,399
184612,6,4,5,9,18,13,24,27,37,22,42,64
184612,7,999,1,88,320,85,369,408,454,173,689,862
184612,7,999,2,67,267,28,126,334,154,95,393,488
184612,7,999,5,21,53,57,243,74,300,78,296,374
184612,8,5,1,51,154,28,131,205,159,79,285,364
184612,8,5,2,41,129,14,56,170,70,55,185,240
184612,8,5,5,10,25,14,75,35,89,24,100,124
184612,9,6,1,19,66,19,87,85,106,38,153,191
184612,9,6,2,16,60,6,29,76,35,22,89,111
184612,9,6,5,3,6,13,58,9,71,16,64,80
184612,10,7,1,4,48,13,49,52,62,17,97,114
184612,10,7,2,1,42,5,19,43,24,6,61,67
184612,10,7,5,3,6,8,30,9,38,11,36,47
184612,11,8,1,11,40,19,70,51,89,30,110,140
184612,11,8,2,7,26,2,16,33,18,9,42,51
184612,11,8,5,4,14,17,54,18,71,21,68,89
184612,12,9,1,3,11,4,28,14,32,7,39,46
184612,12,9,2,2,9,1,3,11,4,3,12,15
184612,12,9,5,1,2,3,25,3,28,4,27,31
184612,13,10,1,0,1,2,4,1,6,2,5,7
184612,13,10,2,0,1,0,3,1,3,0,4,4
184612,13,10,5,0,0,2,1,0,3,2,1,3
184694,1,412,1,1182,1827,189,198,3009,387,1371,2025,3396
184694,1,112,2,1027,1490,109,81,2517,190,1136,1571,2707
184694,1,312,5,155,337,80,117,492,197,235,454,689
184694,2,999,1,1073,1645,104,81,2718,185,1177,1726,2903
184694,2,999,2,998,1464,96,70,2462,166,1094,1534,2628
184694,2,999,5,75,181,8,11,256,19,83,192,275
184694,3,1,1,5,6,2,1,11,3,7,7,14
184694,3,1,2,5,6,2,1,11,3,7,7,14
184694,4,2,1,357,539,14,6,896,20,371,545,916
184694,4,2,2,357,539,14,6,896,20,371,545,916
184694,5,3,1,479,732,43,46,1211,89,522,778,1300
184694,5,3,2,477,724,42,45,1201,87,519,769,1288
184694,5,3,5,2,8,1,1,10,2,3,9,12
184694,6,4,1,232,368,45,28,600,73,277,396,673
184694,6,4,2,159,195,38,18,354,56,197,213,410
184694,6,4,5,73,173,7,10,246,17,80,183,263
184694,7,999,1,109,182,85,117,291,202,194,299,493
184694,7,999,2,29,26,13,11,55,24,42,37,79
184694,7,999,5,80,156,72,106,236,178,152,262,414
184694,8,5,1,83,134,28,32,217,60,111,166,277
184694,8,5,2,27,17,7,6,44,13,34,23,57
184694,8,5,5,56,117,21,26,173,47,77,143,220
184694,9,6,1,17,31,17,24,48,41,34,55,89
184694,9,6,2,2,5,1,1,7,2,3,6,9
184694,9,6,5,15,26,16,23,41,39,31,49,80
184694,10,7,1,4,8,8,16,12,24,12,24,36
184694,10,7,2,0,2,1,2,2,3,1,4,5
184694,10,7,5,4,6,7,14,10,21,11,20,31
184694,11,8,1,2,6,20,28,8,48,22,34,56
184694,11,8,2,0,2,3,1,2,4,3,3,6
184694,11,8,5,2,4,17,27,6,44,19,31,50
184694,12,9,1,2,3,11,17,5,28,13,20,33
184694,12,9,2,0,0,0,1,0,1,0,1,1
184694,12,9,5,2,3,11,16,5,27,13,19,32
184694,13,10,1,1,0,1,0,1,1,2,0,2
184694,13,10,2,0,0,1,0,0,1,1,0,1
184694,13,10,5,1,0,0,0,1,0,1,0,1
184773,1,412,1,350,1101,243,537,1451,780,593,1638,2231
184773,1,112,2,323,967,138,214,1290,352,461,1181,1642
184773,1,312,5,27,134,105,323,161,428,132,457,589
184773,2,999,1,302,883,116,185,1185,301,418,1068,1486
184773,2,999,2,289,828,114,162,1117,276,403,990,1393
184773,2,999,5,13,55,2,23,68,25,15,78,93
184773,3,1,1,0,1,86,97,1,183,86,98,184
184773,3,1,2,0,1,86,97,1,183,86,98,184
184773,4,2,1,88,209,14,21,297,35,102,230,332
184773,4,2,2,88,209,14,21,297,35,102,230,332
184773,5,3,1,133,350,2,18,483,20,135,368,503
184773,5,3,2,132,348,2,17,480,19,134,365,499
184773,5,3,5,1,2,0,1,3,1,1,3,4
184773,6,4,1,81,323,14,49,404,63,95,372,467
184773,6,4,2,69,270,12,27,339,39,81,297,378
184773,6,4,5,12,53,2,22,65,24,14,75,89
184773,7,999,1,48,218,126,352,266,478,174,570,744
184773,7,999,2,34,139,23,52,173,75,57,191,248
184773,7,999,5,14,79,103,300,93,403,117,379,496
184773,8,5,1,28,135,29,75,163,104,57,210,267
184773,8,5,2,19,83,10,14,102,24,29,97,126
184773,8,5,5,9,52,19,61,61,80,28,113,141
184773,9,6,1,10,33,34,68,43,102,44,101,145
184773,9,6,2,9,19,2,10,28,12,11,29,40
184773,9,6,5,1,14,32,58,15,90,33,72,105
184773,10,7,1,5,21,25,70,26,95,30,91,121
184773,10,7,2,3,15,4,6,18,10,7,21,28
184773,10,7,5,2,6,21,64,8,85,23,70,93
184773,11,8,1,3,25,26,91,28,117,29,116,145
184773,11,8,2,2,21,5,12,23,17,7,33,40
184773,11,8,5,1,4,21,79,5,100,22,83,105
184773,12,9,1,2,3,11,44,5,55,13,47,60
184773,12,9,2,1,1,2,9,2,11,3,10,13
184773,12,9,5,1,2,9,35,3,44,10,37,47
184773,13,10,1,0,1,1,4,1,5,1,5,6
184773,13,10,2,0,0,0,1,0,1,0,1,1
184773,13,10,5,0,1,1,3,1,4,1,4,5
184773,14,11,1,0,0,1,0,0,1,1,0,1
184773,14,11,2,0,0,1,0,0,1,1,0,1
184782,1,412,1,8321,7480,1686,2191,15801,3877,10007,9671,19678
184782,1,112,2,7369,6463,1066,1065,13832,2131,8435,7528,15963
184782,1,312,5,952,1017,620,1126,1969,1746,1572,2143,3715
184782,2,999,1,7408,6510,797,711,13918,1508,8205,7221,15426
184782,2,999,2,7004,6003,683,572,13007,1255,7687,6575,14262
184782,2,999,5,404,507,114,139,911,253,518,646,1164
184782,3,1,1,82,113,62,85,195,147,144,198,342
184782,3,1,2,82,113,62,85,195,147,144,198,342
184782,4,2,1,2581,2079,63,50,4660,113,2644,2129,4773
184782,4,2,2,2581,2079,63,50,4660,113,2644,2129,4773
184782,5,3,1,3088,2848,152,131,5936,283,3240,2979,6219
184782,5,3,2,3069,2823,148,124,5892,272,3217,2947,6164
184782,5,3,5,19,25,4,7,44,11,23,32,55
184782,6,4,1,1657,1470,520,445,3127,965,2177,1915,4092
184782,6,4,2,1272,988,410,313,2260,723,1682,1301,2983
184782,6,4,5,385,482,110,132,867,242,495,614,1109
184782,7,999,1,913,970,889,1479,1883,2368,1802,2449,4251
184782,7,999,2,365,460,383,492,825,875,748,952,1700
184782,7,999,5,548,510,506,987,1058,1493,1054,1497,2551
184782,8,5,1,663,687,365,457,1350,822,1028,1144,2172
184782,8,5,2,254,274,185,174,528,359,439,448,887
184782,8,5,5,409,413,180,283,822,463,589,696,1285
184782,9,6,1,160,136,192,299,296,491,352,435,787
184782,9,6,2,66,79,74,92,145,166,140,171,311
184782,9,6,5,94,57,118,207,151,325,212,264,476
184782,10,7,1,35,65,108,208,100,316,143,273,416
184782,10,7,2,16,46,40,53,62,93,56,99,155
184782,10,7,5,19,19,68,155,38,223,87,174,261
184782,11,8,1,40,60,151,339,100,490,191,399,590
184782,11,8,2,19,46,59,108,65,167,78,154,232
184782,11,8,5,21,14,92,231,35,323,113,245,358
184782,12,9,1,15,22,67,165,37,232,82,187,269
184782,12,9,2,10,15,19,55,25,74,29,70,99
184782,12,9,5,5,7,48,110,12,158,53,117,170
184782,13,10,1,0,0,6,11,0,17,6,11,17
184782,13,10,2,0,0,6,10,0,16,6,10,16
184782,13,10,5,0,0,0,1,0,1,0,1,1
184782,14,11,1,0,0,0,1,0,1,0,1,1
184782,14,11,2,0,0,0,1,0,1,0,1,1
184791,1,412,1,1456,1902,1093,1918,3358,3011,2549,3820,6369
184791,1,112,2,1456,1902,1093,1918,3358,3011,2549,3820,6369
184791,2,999,1,1347,1657,852,1219,3004,2071,2199,2876,5075
184791,2,999,2,1347,1657,852,1219,3004,2071,2199,2876,5075
184791,3,1,1,29,49,258,472,78,730,287,521,808
184791,3,1,2,29,49,258,472,78,730,287,521,808
184791,4,2,1,827,1000,159,242,1827,401,986,1242,2228
184791,4,2,2,827,1000,159,242,1827,401,986,1242,2228
184791,5,3,1,383,460,243,257,843,500,626,717,1343
184791,5,3,2,383,460,243,257,843,500,626,717,1343
184791,6,4,1,108,148,192,248,256,440,300,396,696
184791,6,4,2,108,148,192,248,256,440,300,396,696
184791,7,999,1,107,243,240,695,350,935,347,938,1285
184791,7,999,2,107,243,240,695,350,935,347,938,1285
184791,8,5,1,59,112,127,292,171,419,186,404,590
184791,8,5,2,59,112,127,292,171,419,186,404,590
184791,9,6,1,29,56,40,139,85,179,69,195,264
184791,9,6,2,29,56,40,139,85,179,69,195,264
184791,10,7,1,7,35,32,105,42,137,39,140,179
184791,10,7,2,7,35,32,105,42,137,39,140,179
184791,11,8,1,8,29,25,100,37,125,33,129,162
184791,11,8,2,8,29,25,100,37,125,33,129,162
184791,12,9,1,4,11,12,55,15,67,16,66,82
184791,12,9,2,4,11,12,55,15,67,16,66,82
184791,13,10,1,0,0,4,4,0,8,4,4,8
184791,13,10,2,0,0,4,4,0,8,4,4,8
184791,14,11,1,2,2,1,4,4,5,3,6,9
184791,14,11,2,2,2,1,4,4,5,3,6,9
184816,1,412,1,5,62,4,18,67,22,9,80,89
184816,1,112,2,5,62,4,18,67,22,9,80,89
184816,2,999,1,4,38,2,6,42,8,6,44,50
184816,2,999,2,4,38,2,6,42,8,6,44,50
184816,3,1,1,0,2,1,0,2,1,1,2,3
184816,3,1,2,0,2,1,0,2,1,1,2,3
184816,4,2,1,0,19,0,0,19,0,0,19,19
184816,4,2,2,0,19,0,0,19,0,0,19,19
184816,5,3,1,3,9,0,2,12,2,3,11,14
184816,5,3,2,3,9,0,2,12,2,3,11,14
184816,6,4,1,1,8,1,4,9,5,2,12,14
184816,6,4,2,1,8,1,4,9,5,2,12,14
184816,7,999,1,1,24,2,12,25,14,3,36,39
184816,7,999,2,1,24,2,12,25,14,3,36,39
184816,8,5,1,0,15,0,7,15,7,0,22,22
184816,8,5,2,0,15,0,7,15,7,0,22,22
184816,9,6,1,0,4,1,0,4,1,1,4,5
184816,9,6,2,0,4,1,0,4,1,1,4,5
184816,10,7,1,0,4,0,3,4,3,0,7,7
184816,10,7,2,0,4,0,3,4,3,0,7,7
184816,11,8,1,1,1,1,2,2,3,2,3,5
184816,11,8,2,1,1,1,2,2,3,2,3,5
184959,1,412,1,54,314,55,358,368,413,109,672,781
184959,1,112,2,54,314,55,358,368,413,109,672,781
184959,2,999,1,13,116,8,93,129,101,21,209,230
184959,2,999,2,13,116,8,93,129,101,21,209,230
184959,4,2,1,0,22,0,6,22,6,0,28,28
184959,4,2,2,0,22,0,6,22,6,0,28,28
184959,5,3,1,3,24,4,32,27,36,7,56,63
184959,5,3,2,3,24,4,32,27,36,7,56,63
184959,6,4,1,10,70,4,55,80,59,14,125,139
184959,6,4,2,10,70,4,55,80,59,14,125,139
184959,7,999,1,41,198,47,265,239,312,88,463,551
184959,7,999,2,41,198,47,265,239,312,88,463,551
184959,8,5,1,22,87,19,117,109,136,41,204,245
184959,8,5,2,22,87,19,117,109,136,41,204,245
184959,9,6,1,6,53,9,61,59,70,15,114,129
184959,9,6,2,6,53,9,61,59,70,15,114,129
184959,10,7,1,10,30,11,36,40,47,21,66,87
184959,10,7,2,10,30,11,36,40,47,21,66,87
184959,11,8,1,3,25,6,41,28,47,9,66,75
184959,11,8,2,3,25,6,41,28,47,9,66,75
184959,12,9,1,0,3,2,10,3,12,2,13,15
184959,12,9,2,0,3,2,10,3,12,2,13,15
184995,1,412,1,1531,2291,1088,2129,3822,3217,2619,4420,7039
184995,1,112,2,1531,2291,1088,2129,3822,3217,2619,4420,7039
184995,2,999,1,1244,1566,642,959,2810,1601,1886,2525,4411
184995,2,999,2,1244,1566,642,959,2810,1601,1886,2525,4411
184995,3,1,1,26,42,76,135,68,211,102,177,279
184995,3,1,2,26,42,76,135,68,211,102,177,279
184995,4,2,1,542,622,132,183,1164,315,674,805,1479
184995,4,2,2,542,622,132,183,1164,315,674,805,1479
184995,5,3,1,433,577,242,296,1010,538,675,873,1548
184995,5,3,2,433,577,242,296,1010,538,675,873,1548
184995,6,4,1,243,325,192,345,568,537,435,670,1105
184995,6,4,2,243,325,192,345,568,537,435,670,1105
184995,7,999,1,286,723,446,1169,1009,1615,732,1892,2624
184995,7,999,2,286,723,446,1169,1009,1615,732,1892,2624
184995,8,5,1,142,262,189,418,404,607,331,680,1011
184995,8,5,2,142,262,189,418,404,607,331,680,1011
184995,9,6,1,72,208,118,303,280,421,190,511,701
184995,9,6,2,72,208,118,303,280,421,190,511,701
184995,10,7,1,35,114,63,206,149,269,98,320,418
184995,10,7,2,35,114,63,206,149,269,98,320,418
184995,11,8,1,25,102,55,162,127,217,80,264,344
184995,11,8,2,25,102,55,162,127,217,80,264,344
184995,12,9,1,11,35,19,78,46,97,30,113,143
184995,12,9,2,11,35,19,78,46,97,30,113,143
184995,13,10,1,1,2,2,2,3,4,3,4,7
184995,13,10,2,1,2,2,2,3,4,3,4,7
184995,14,11,1,1,2,0,1,3,1,1,3,4
184995,14,11,2,1,2,0,1,3,1,1,3,4
185129,1,412,1,2221,3073,661,1595,5294,2256,2882,4668,7550
185129,1,112,2,2106,2815,343,580,4921,923,2449,3395,5844
185129,1,312,5,115,258,318,1015,373,1333,433,1273,1706
185129,2,999,1,1825,2355,165,267,4180,432,1990,2622,4612
185129,2,999,2,1796,2292,145,202,4088,347,1941,2494,4435
185129,2,999,5,29,63,20,65,92,85,49,128,177
185129,3,1,1,19,29,12,33,48,45,31,62,93
185129,3,1,2,19,29,12,33,48,45,31,62,93
185129,4,2,1,712,957,8,32,1669,40,720,989,1709
185129,4,2,2,712,957,8,32,1669,40,720,989,1709
185129,5,3,1,611,768,29,47,1379,76,640,815,1455
185129,5,3,2,609,766,29,47,1375,76,638,813,1451
185129,5,3,5,2,2,0,0,4,0,2,2,4
185129,6,4,1,483,601,116,155,1084,271,599,756,1355
185129,6,4,2,456,540,96,90,996,186,552,630,1182
185129,6,4,5,27,61,20,65,88,85,47,126,173
185129,7,999,1,396,718,496,1326,1114,1822,892,2044,2936
185129,7,999,2,310,523,198,376,833,574,508,899,1407
185129,7,999,5,86,195,298,950,281,1248,384,1145,1529
185129,8,5,1,222,354,151,375,576,526,373,729,1102
185129,8,5,2,184,261,81,142,445,223,265,403,668
185129,8,5,5,38,93,70,233,131,303,108,326,434
185129,9,6,1,99,156,111,277,255,388,210,433,643
185129,9,6,2,78,110,44,75,188,119,122,185,307
185129,9,6,5,21,46,67,202,67,269,88,248,336
185129,10,7,1,33,97,80,221,130,301,113,318,431
185129,10,7,2,27,76,32,73,103,105,59,149,208
185129,10,7,5,6,21,48,148,27,196,54,169,223
185129,11,8,1,29,80,97,280,109,377,126,360,486
185129,11,8,2,15,55,25,44,70,69,40,99,139
185129,11,8,5,14,25,72,236,39,308,86,261,347
185129,12,9,1,12,29,51,167,41,218,63,196,259
185129,12,9,2,6,21,12,40,27,52,18,61,79
185129,12,9,5,6,8,39,127,14,166,45,135,180
185129,13,10,1,1,2,6,6,3,12,7,8,15
185129,13,10,2,0,0,4,2,0,6,4,2,6
185129,13,10,5,1,2,2,4,3,6,3,6,9
185129,14,11,1,0,0,0,2,0,2,0,2,2
185129,14,11,2,0,0,0,2,0,2,0,2,2
185262,1,412,1,3895,6685,1126,2358,10580,3484,5021,9043,14064
185262,1,112,2,3626,5774,877,1409,9400,2286,4503,7183,11686
185262,1,312,5,269,911,249,949,1180,1198,518,1860,2378
185262,2,999,1,3160,5125,514,691,8285,1205,3674,5816,9490
185262,2,999,2,3066,4768,487,613,7834,1100,3553,5381,8934
185262,2,999,5,94,357,27,78,451,105,121,435,556
185262,3,1,1,28,81,2,5,109,7,30,86,116
185262,3,1,2,28,81,2,5,109,7,30,86,116
185262,4,2,1,927,1568,49,56,2495,105,976,1624,2600
185262,4,2,2,927,1568,49,56,2495,105,976,1624,2600
185262,5,3,1,1137,1782,125,178,2919,303,1262,1960,3222
185262,5,3,2,1136,1778,125,176,2914,301,1261,1954,3215
185262,5,3,5,1,4,0,2,5,2,1,6,7
185262,6,4,1,1068,1694,338,452,2762,790,1406,2146,3552
185262,6,4,2,975,1341,311,376,2316,687,1286,1717,3003
185262,6,4,5,93,353,27,76,446,103,120,429,549
185262,7,999,1,735,1560,612,1667,2295,2279,1347,3227,4574
185262,7,999,2,560,1006,390,796,1566,1186,950,1802,2752
185262,7,999,5,175,554,222,871,729,1093,397,1425,1822
185262,8,5,1,488,882,279,573,1370,852,767,1455,2222
185262,8,5,2,395,564,211,338,959,549,606,902,1508
185262,8,5,5,93,318,68,235,411,303,161,553,714
185262,9,6,1,131,310,139,345,441,484,270,655,925
185262,9,6,2,93,207,79,152,300,231,172,359,531
185262,9,6,5,38,103,60,193,141,253,98,296,394
185262,10,7,1,55,147,75,237,202,312,130,384,514
185262,10,7,2,39,90,43,97,129,140,82,187,269
185262,10,7,5,16,57,32,140,73,172,48,197,245
185262,11,8,1,39,153,64,291,192,355,103,444,547
185262,11,8,2,24,102,31,114,126,145,55,216,271
185262,11,8,5,15,51,33,177,66,210,48,228,276
185262,12,9,1,22,67,52,211,89,263,74,278,352
185262,12,9,2,9,42,26,87,51,113,35,129,164
185262,12,9,5,13,25,26,124,38,150,39,149,188
185262,13,10,1,0,1,3,10,1,13,3,11,14
185262,13,10,2,0,1,0,8,1,8,0,9,9
185262,13,10,5,0,0,3,2,0,5,3,2,5
185396,1,412,1,1181,31,267,14,1212,281,1448,45,1493
185396,1,112,2,1181,31,267,14,1212,281,1448,45,1493
185396,2,999,1,965,25,138,10,990,148,1103,35,1138
185396,2,999,2,965,25,138,10,990,148,1103,35,1138
185396,3,1,1,560,10,20,1,570,21,580,11,591
185396,3,1,2,560,10,20,1,570,21,580,11,591
185396,4,2,1,173,2,40,1,175,41,213,3,216
185396,4,2,2,173,2,40,1,175,41,213,3,216
185396,5,3,1,114,6,26,3,120,29,140,9,149
185396,5,3,2,114,6,26,3,120,29,140,9,149
185396,6,4,1,118,7,52,5,125,57,170,12,182
185396,6,4,2,118,7,52,5,125,57,170,12,182
185396,7,999,1,216,6,129,4,222,133,345,10,355
185396,7,999,2,216,6,129,4,222,133,345,10,355
185396,8,5,1,101,3,52,3,104,55,153,6,159
185396,8,5,2,101,3,52,3,104,55,153,6,159
185396,9,6,1,40,2,33,1,42,34,73,3,76
185396,9,6,2,40,2,33,1,42,34,73,3,76
185396,10,7,1,39,1,17,0,40,17,56,1,57
185396,10,7,2,39,1,17,0,40,17,56,1,57
185396,11,8,1,25,0,21,0,25,21,46,0,46
185396,11,8,2,25,0,21,0,25,21,46,0,46
185396,12,9,1,11,0,6,0,11,6,17,0,17
185396,12,9,2,11,0,6,0,11,6,17,0,17
185509,1,412,1,1044,950,1750,2598,1994,4348,2794,3548,6342
185509,1,112,2,1044,950,1750,2598,1994,4348,2794,3548,6342
185509,2,999,1,911,748,1222,1479,1659,2701,2133,2227,4360
185509,2,999,2,911,748,1222,1479,1659,2701,2133,2227,4360
185509,3,1,1,20,14,178,330,34,508,198,344,542
185509,3,1,2,20,14,178,330,34,508,198,344,542
185509,4,2,1,472,431,322,350,903,672,794,781,1575
185509,4,2,2,472,431,322,350,903,672,794,781,1575
185509,5,3,1,298,213,397,387,511,784,695,600,1295
185509,5,3,2,298,213,397,387,511,784,695,600,1295
185509,6,4,1,121,90,325,412,211,737,446,502,948
185509,6,4,2,121,90,325,412,211,737,446,502,948
185509,7,999,1,133,202,527,1119,335,1646,660,1321,1981
185509,7,999,2,133,202,527,1119,335,1646,660,1321,1981
185509,8,5,1,64,90,243,392,154,635,307,482,789
185509,8,5,2,64,90,243,392,154,635,307,482,789
185509,9,6,1,38,49,133,270,87,403,171,319,490
185509,9,6,2,38,49,133,270,87,403,171,319,490
185509,10,7,1,12,22,70,147,34,217,82,169,251
185509,10,7,2,12,22,70,147,34,217,82,169,251
185509,11,8,1,13,35,51,194,48,245,64,229,293
185509,11,8,2,13,35,51,194,48,245,64,229,293
185509,12,9,1,6,5,22,99,11,121,28,104,132
185509,12,9,2,6,5,22,99,11,121,28,104,132
185509,13,10,1,0,1,8,17,1,25,8,18,26
185509,13,10,2,0,1,8,17,1,25,8,18,26
185509,14,11,1,0,0,1,0,0,1,1,0,1
185509,14,11,2,0,0,1,0,0,1,1,0,1
185536,1,412,1,2024,2440,2430,3190,4464,5620,4454,5630,10084
185536,1,112,2,2024,2440,2430,3190,4464,5620,4454,5630,10084
185536,2,999,1,1838,2059,1819,1940,3897,3759,3657,3999,7656
185536,2,999,2,1838,2059,1819,1940,3897,3759,3657,3999,7656
185536,3,1,1,14,19,263,353,33,616,277,372,649
185536,3,1,2,14,19,263,353,33,616,277,372,649
185536,4,2,1,1009,1102,421,410,2111,831,1430,1512,2942
185536,4,2,2,1009,1102,421,410,2111,831,1430,1512,2942
185536,5,3,1,575,659,605,579,1234,1184,1180,1238,2418
185536,5,3,2,575,659,605,579,1234,1184,1180,1238,2418
185536,6,4,1,240,279,530,598,519,1128,770,877,1647
185536,6,4,2,240,279,530,598,519,1128,770,877,1647
185536,7,999,1,186,381,609,1248,567,1857,795,1629,2424
185536,7,999,2,186,381,609,1248,567,1857,795,1629,2424
185536,8,5,1,118,193,323,503,311,826,441,696,1137
185536,8,5,2,118,193,323,503,311,826,441,696,1137
185536,9,6,1,35,88,154,302,123,456,189,390,579
185536,9,6,2,35,88,154,302,123,456,189,390,579
185536,10,7,1,18,49,47,165,67,212,65,214,279
185536,10,7,2,18,49,47,165,67,212,65,214,279
185536,11,8,1,12,45,58,191,57,249,70,236,306
185536,11,8,2,12,45,58,191,57,249,70,236,306
185536,12,9,1,3,5,25,78,8,103,28,83,111
185536,12,9,2,3,5,25,78,8,103,28,83,111
185536,13,10,1,0,1,2,9,1,11,2,10,12
185536,13,10,2,0,1,2,9,1,11,2,10,12
185536,14,11,1,0,0,2,2,0,4,2,2,4
185536,14,11,2,0,0,2,2,0,4,2,2,4
185572,1,412,1,1769,2931,227,747,4700,974,1996,3678,5674
185572,1,112,2,1601,2492,71,99,4093,170,1672,2591,4263
185572,1,312,5,168,439,156,648,607,804,324,1087,1411
185572,2,999,1,1632,2720,76,172,4352,248,1708,2892,4600
185572,2,999,2,1546,2458,52,68,4004,120,1598,2526,4124
185572,2,999,5,86,262,24,104,348,128,110,366,476
185572,3,1,1,4,22,0,0,26,0,4,22,26
185572,3,1,2,4,22,0,0,26,0,4,22,26
185572,4,2,1,572,1119,1,4,1691,5,573,1123,1696
185572,4,2,2,572,1119,1,4,1691,5,573,1123,1696
185572,5,3,1,760,1142,11,27,1902,38,771,1169,1940
185572,5,3,2,759,1136,11,26,1895,37,770,1162,1932
185572,5,3,5,1,6,0,1,7,1,1,7,8
185572,6,4,1,296,437,64,141,733,205,360,578,938
185572,6,4,2,211,181,40,38,392,78,251,219,470
185572,6,4,5,85,256,24,103,341,127,109,359,468
185572,7,999,1,137,211,151,575,348,726,288,786,1074
185572,7,999,2,55,34,19,31,89,50,74,65,139
185572,7,999,5,82,177,132,544,259,676,214,721,935
185572,8,5,1,71,121,65,183,192,248,136,304,440
185572,8,5,2,33,20,11,8,53,19,44,28,72
185572,8,5,5,38,101,54,175,139,229,92,276,368
185572,9,6,1,28,33,30,109,61,139,58,142,200
185572,9,6,2,13,5,3,1,18,4,16,6,22
185572,9,6,5,15,28,27,108,43,135,42,136,178
185572,10,7,1,14,21,12,72,35,84,26,93,119
185572,10,7,2,6,3,0,4,9,4,6,7,13
185572,10,7,5,8,18,12,68,26,80,20,86,106
185572,11,8,1,17,20,25,122,37,147,42,142,184
185572,11,8,2,3,4,3,8,7,11,6,12,18
185572,11,8,5,14,16,22,114,30,136,36,130,166
185572,12,9,1,7,16,17,81,23,98,24,97,121
185572,12,9,2,0,2,2,8,2,10,2,10,12
185572,12,9,5,7,14,15,73,21,88,22,87,109
185572,13,10,1,0,0,2,8,0,10,2,8,10
185572,13,10,2,0,0,0,2,0,2,0,2,2
185572,13,10,5,0,0,2,6,0,8,2,6,8
185590,1,412,1,5899,10334,1674,3098,16233,4772,7573,13432,21005
185590,1,112,2,5449,9094,791,1040,14543,1831,6240,10134,16374
185590,1,312,5,450,1240,883,2058,1690,2941,1333,3298,4631
185590,2,999,1,5209,9168,602,906,14377,1508,5811,10074,15885
185590,2,999,2,5022,8535,498,606,13557,1104,5520,9141,14661
185590,2,999,5,187,633,104,300,820,404,291,933,1224
185590,3,1,1,7,21,20,24,28,44,27,45,72
185590,3,1,2,7,21,20,24,28,44,27,45,72
185590,4,2,1,1733,3285,49,73,5018,122,1782,3358,5140
185590,4,2,2,1733,3285,49,72,5018,121,1782,3357,5139
185590,4,2,5,0,0,0,1,0,1,0,1,1
185590,5,3,1,2077,3629,132,192,5706,324,2209,3821,6030
185590,5,3,2,2075,3619,132,187,5694,319,2207,3806,6013
185590,5,3,5,2,10,0,5,12,5,2,15,17
185590,6,4,1,1392,2233,401,617,3625,1018,1793,2850,4643
185590,6,4,2,1207,1610,297,323,2817,620,1504,1933,3437
185590,6,4,5,185,623,104,294,808,398,289,917,1206
185590,7,999,1,690,1166,1072,2192,1856,3264,1762,3358,5120
185590,7,999,2,427,559,293,434,986,727,720,993,1713
185590,7,999,5,263,607,779,1758,870,2537,1042,2365,3407
185590,8,5,1,459,739,474,936,1198,1410,933,1675,2608
185590,8,5,2,317,367,176,194,684,370,493,561,1054
185590,8,5,5,142,372,298,742,514,1040,440,1114,1554
185590,9,6,1,123,212,230,468,335,698,353,680,1033
185590,9,6,2,58,97,40,83,155,123,98,180,278
185590,9,6,5,65,115,190,385,180,575,255,500,755
185590,10,7,1,53,98,139,247,151,386,192,345,537
185590,10,7,2,29,43,25,48,72,73,54,91,145
185590,10,7,5,24,55,114,199,79,313,138,254,392
185590,11,8,1,34,88,151,331,122,482,185,419,604
185590,11,8,2,15,35,42,55,50,97,57,90,147
185590,11,8,5,19,53,109,276,72,385,128,329,457
185590,12,9,1,18,23,48,187,41,235,66,210,276
185590,12,9,2,7,13,9,45,20,54,16,58,74
185590,12,9,5,11,10,39,142,21,181,50,152,202
185590,13,10,1,3,6,30,23,9,53,33,29,62
185590,13,10,2,1,4,1,9,5,10,2,13,15
185590,13,10,5,2,2,29,14,4,43,31,16,47
185721,1,412,1,85,188,40,142,273,182,125,330,455
185721,1,112,2,85,188,40,142,273,182,125,330,455
185721,2,999,1,38,88,11,50,126,61,49,138,187
185721,2,999,2,38,88,11,50,126,61,49,138,187
185721,4,2,1,16,23,1,5,39,6,17,28,45
185721,4,2,2,16,23,1,5,39,6,17,28,45
185721,5,3,1,9,28,5,12,37,17,14,40,54
185721,5,3,2,9,28,5,12,37,17,14,40,54
185721,6,4,1,13,37,5,33,50,38,18,70,88
185721,6,4,2,13,37,5,33,50,38,18,70,88
185721,7,999,1,47,100,29,92,147,121,76,192,268
185721,7,999,2,47,100,29,92,147,121,76,192,268
185721,8,5,1,19,49,16,43,68,59,35,92,127
185721,8,5,2,19,49,16,43,68,59,35,92,127
185721,9,6,1,7,21,9,19,28,28,16,40,56
185721,9,6,2,7,21,9,19,28,28,16,40,56
185721,10,7,1,7,12,1,11,19,12,8,23,31
185721,10,7,2,7,12,1,11,19,12,8,23,31
185721,11,8,1,11,14,2,14,25,16,13,28,41
185721,11,8,2,11,14,2,14,25,16,13,28,41
185721,12,9,1,2,4,1,5,6,6,3,9,12
185721,12,9,2,2,4,1,5,6,6,3,9,12
185721,13,10,1,1,0,0,0,1,0,1,0,1
185721,13,10,2,1,0,0,0,1,0,1,0,1
185758,1,412,1,24,20,30,47,44,77,54,67,121
185758,1,312,5,24,20,30,47,44,77,54,67,121
185758,2,999,1,0,1,0,0,1,0,0,1,1
185758,2,999,5,0,1,0,0,1,0,0,1,1
185758,6,4,1,0,1,0,0,1,0,0,1,1
185758,6,4,5,0,1,0,0,1,0,0,1,1
185758,7,999,1,24,18,30,47,42,77,54,65,119
185758,7,999,5,24,18,30,47,42,77,54,65,119
185758,8,5,1,0,1,2,0,1,2,2,1,3
185758,8,5,5,0,1,2,0,1,2,2,1,3
185758,9,6,1,1,2,3,0,3,3,4,2,6
185758,9,6,5,1,2,3,0,3,3,4,2,6
185758,10,7,1,1,0,2,2,1,4,3,2,5
185758,10,7,5,1,0,2,2,1,4,3,2,5
185758,11,8,1,4,4,7,14,8,21,11,18,29
185758,11,8,5,4,4,7,14,8,21,11,18,29
185758,12,9,1,13,10,14,26,23,40,27,36,63
185758,12,9,5,13,10,14,26,23,40,27,36,63
185758,13,10,1,5,1,2,5,6,7,7,6,13
185758,13,10,5,5,1,2,5,6,7,7,6,13
185758,14,11,1,0,1,0,0,1,0,0,1,1
185758,14,11,5,0,1,0,0,1,0,0,1,1
185828,1,412,1,6475,2274,2023,880,8749,2903,8498,3154,11652
185828,1,112,2,5560,1829,1176,519,7389,1695,6736,2348,9084
185828,1,312,5,915,445,847,361,1360,1208,1762,806,2568
185828,2,999,1,5294,1803,926,471,7097,1397,6220,2274,8494
185828,2,999,2,4938,1648,778,391,6586,1169,5716,2039,7755
185828,2,999,5,356,155,148,80,511,228,504,235,739
185828,3,1,1,11,6,174,161,17,335,185,167,352
185828,3,1,2,11,6,174,161,17,335,185,167,352
185828,4,2,1,1558,584,125,62,2142,187,1683,646,2329
185828,4,2,2,1558,584,125,62,2142,187,1683,646,2329
185828,5,3,1,2018,661,152,49,2679,201,2170,710,2880
185828,5,3,2,2012,659,152,49,2671,201,2164,708,2872
185828,5,3,5,6,2,0,0,8,0,6,2,8
185828,6,4,1,1707,552,475,199,2259,674,2182,751,2933
185828,6,4,2,1357,399,327,119,1756,446,1684,518,2202
185828,6,4,5,350,153,148,80,503,228,498,233,731
185828,7,999,1,1181,471,1097,409,1652,1506,2278,880,3158
185828,7,999,2,622,181,398,128,803,526,1020,309,1329
185828,7,999,5,559,290,699,281,849,980,1258,571,1829
185828,8,5,1,839,325,545,220,1164,765,1384,545,1929
185828,8,5,2,467,135,229,76,602,305,696,211,907
185828,8,5,5,372,190,316,144,562,460,688,334,1022
185828,9,6,1,227,101,253,86,328,339,480,187,667
185828,9,6,2,98,34,87,29,132,116,185,63,248
185828,9,6,5,129,67,166,57,196,223,295,124,419
185828,10,7,1,68,23,134,44,91,178,202,67,269
185828,10,7,2,37,6,36,11,43,47,73,17,90
185828,10,7,5,31,17,98,33,48,131,129,50,179
185828,11,8,1,36,17,114,41,53,155,150,58,208
185828,11,8,2,18,5,31,8,23,39,49,13,62
185828,11,8,5,18,12,83,33,30,116,101,45,146
185828,12,9,1,11,5,45,17,16,62,56,22,78
185828,12,9,2,2,1,14,4,3,18,16,5,21
185828,12,9,5,9,4,31,13,13,44,40,17,57
185828,13,10,1,0,0,6,1,0,7,6,1,7
185828,13,10,2,0,0,1,0,0,1,1,0,1
185828,13,10,5,0,0,5,1,0,6,5,1,6
185873,1,412,1,1718,2017,1420,2325,3735,3745,3138,4342,7480
185873,1,112,2,1718,2017,1420,2325,3735,3745,3138,4342,7480
185873,2,999,1,1565,1713,1001,1315,3278,2316,2566,3028,5594
185873,2,999,2,1565,1713,1001,1315,3278,2316,2566,3028,5594
185873,3,1,1,28,48,101,156,76,257,129,204,333
185873,3,1,2,28,48,101,156,76,257,129,204,333
185873,4,2,1,1030,1171,311,368,2201,679,1341,1539,2880
185873,4,2,2,1030,1171,311,368,2201,679,1341,1539,2880
185873,5,3,1,373,351,346,417,724,763,719,768,1487
185873,5,3,2,373,351,346,417,724,763,719,768,1487
185873,6,4,1,134,143,243,374,277,617,377,517,894
185873,6,4,2,134,143,243,374,277,617,377,517,894
185873,7,999,1,145,288,409,998,433,1407,554,1286,1840
185873,7,999,2,145,288,409,998,433,1407,554,1286,1840
185873,8,5,1,84,134,200,420,218,620,284,554,838
185873,8,5,2,84,134,200,420,218,620,284,554,838
185873,9,6,1,25,62,89,207,87,296,114,269,383
185873,9,6,2,25,62,89,207,87,296,114,269,383
185873,10,7,1,18,38,47,131,56,178,65,169,234
185873,10,7,2,18,38,47,131,56,178,65,169,234
185873,11,8,1,13,40,45,149,53,194,58,189,247
185873,11,8,2,13,40,45,149,53,194,58,189,247
185873,12,9,1,5,13,25,85,18,110,30,98,128
185873,12,9,2,5,13,25,85,18,110,30,98,128
185873,13,10,1,0,1,3,6,1,9,3,7,10
185873,13,10,2,0,1,3,6,1,9,3,7,10
185873,14,11,1,8,16,10,12,24,22,18,28,46
185873,14,11,2,8,16,10,12,24,22,18,28,46
186016,1,412,1,11,262,11,169,273,180,22,431,453
186016,1,112,2,11,262,11,169,273,180,22,431,453
186016,2,999,1,8,184,0,57,192,57,8,241,249
186016,2,999,2,8,184,0,57,192,57,8,241,249
186016,4,2,1,1,80,0,15,81,15,1,95,96
186016,4,2,2,1,80,0,15,81,15,1,95,96
186016,5,3,1,4,60,0,20,64,20,4,80,84
186016,5,3,2,4,60,0,20,64,20,4,80,84
186016,6,4,1,3,44,0,22,47,22,3,66,69
186016,6,4,2,3,44,0,22,47,22,3,66,69
186016,7,999,1,3,78,11,112,81,123,14,190,204
186016,7,999,2,3,78,11,112,81,123,14,190,204
186016,8,5,1,2,35,3,51,37,54,5,86,91
186016,8,5,2,2,35,3,51,37,54,5,86,91
186016,9,6,1,0,24,4,22,24,26,4,46,50
186016,9,6,2,0,24,4,22,24,26,4,46,50
186016,10,7,1,1,9,3,19,10,22,4,28,32
186016,10,7,2,1,9,3,19,10,22,4,28,32
186016,11,8,1,0,8,0,19,8,19,0,27,27
186016,11,8,2,0,8,0,19,8,19,0,27,27
186016,12,9,1,0,2,1,1,2,2,1,3,4
186016,12,9,2,0,2,1,1,2,2,1,3,4
186034,1,412,1,863,1265,1134,2287,2128,3421,1997,3552,5549
186034,1,112,2,863,1265,1134,2287,2128,3421,1997,3552,5549
186034,2,999,1,751,987,757,1130,1738,1887,1508,2117,3625
186034,2,999,2,751,987,757,1130,1738,1887,1508,2117,3625
186034,3,1,1,8,8,75,118,16,193,83,126,209
186034,3,1,2,8,8,75,118,16,193,83,126,209
186034,4,2,1,362,457,194,275,819,469,556,732,1288
186034,4,2,2,362,457,194,275,819,469,556,732,1288
186034,5,3,1,264,340,232,328,604,560,496,668,1164
186034,5,3,2,264,340,232,328,604,560,496,668,1164
186034,6,4,1,117,182,256,409,299,665,373,591,964
186034,6,4,2,117,182,256,409,299,665,373,591,964
186034,7,999,1,112,278,375,1156,390,1531,487,1434,1921
186034,7,999,2,112,278,375,1156,390,1531,487,1434,1921
186034,8,5,1,66,131,185,410,197,595,251,541,792
186034,8,5,2,66,131,185,410,197,595,251,541,792
186034,9,6,1,27,60,91,293,87,384,118,353,471
186034,9,6,2,27,60,91,293,87,384,118,353,471
186034,10,7,1,11,44,39,164,55,203,50,208,258
186034,10,7,2,11,44,39,164,55,203,50,208,258
186034,11,8,1,2,31,43,197,33,240,45,228,273
186034,11,8,2,2,31,43,197,33,240,45,228,273
186034,12,9,1,4,12,15,85,16,100,19,97,116
186034,12,9,2,4,12,15,85,16,100,19,97,116
186034,13,10,1,2,0,2,7,2,9,4,7,11
186034,13,10,2,2,0,2,7,2,9,4,7,11
186034,14,11,1,0,0,2,1,0,3,2,1,3
186034,14,11,2,0,0,2,1,0,3,2,1,3
186131,1,412,1,4140,3628,49,36,7768,85,4189,3664,7853
186131,1,112,2,2315,2374,49,36,4689,85,2364,2410,4774
186131,1,312,5,1825,1254,0,0,3079,0,1825,1254,3079
186131,2,999,1,2664,2644,42,30,5308,72,2706,2674,5380
186131,2,999,2,2286,2363,42,30,4649,72,2328,2393,4721
186131,2,999,5,378,281,0,0,659,0,378,281,659
186131,3,1,1,1,6,24,8,7,32,25,14,39
186131,3,1,2,1,6,24,8,7,32,25,14,39
186131,4,2,1,700,778,15,15,1478,30,715,793,1508
186131,4,2,2,700,778,15,15,1478,30,715,793,1508
186131,5,3,1,1103,1139,0,0,2242,0,1103,1139,2242
186131,5,3,2,1093,1137,0,0,2230,0,1093,1137,2230
186131,5,3,5,10,2,0,0,12,0,10,2,12
186131,6,4,1,860,721,3,7,1581,10,863,728,1591
186131,6,4,2,492,442,3,7,934,10,495,449,944
186131,6,4,5,368,279,0,0,647,0,368,279,647
186131,7,999,1,1476,983,7,6,2459,13,1483,989,2472
186131,7,999,2,29,10,7,6,39,13,36,16,52
186131,7,999,5,1447,973,0,0,2420,0,1447,973,2420
186131,8,5,1,1082,677,1,5,1759,6,1083,682,1765
186131,8,5,2,25,9,1,5,34,6,26,14,40
186131,8,5,5,1057,668,0,0,1725,0,1057,668,1725
186131,9,6,1,306,245,1,0,551,1,307,245,552
186131,9,6,2,2,1,1,0,3,1,3,1,4
186131,9,6,5,304,244,0,0,548,0,304,244,548
186131,10,7,1,61,47,0,0,108,0,61,47,108
186131,10,7,2,1,0,0,0,1,0,1,0,1
186131,10,7,5,60,47,0,0,107,0,60,47,107
186131,11,8,1,26,13,3,1,39,4,29,14,43
186131,11,8,2,1,0,3,1,1,4,4,1,5
186131,11,8,5,25,13,0,0,38,0,25,13,38
186131,12,9,1,1,1,2,0,2,2,3,1,4
186131,12,9,2,0,0,2,0,0,2,2,0,2
186131,12,9,5,1,1,0,0,2,0,1,1,2
186131,14,11,1,0,1,0,0,1,0,0,1,1
186131,14,11,2,0,1,0,0,1,0,0,1,1
186201,1,412,1,2079,2885,365,713,4964,1078,2444,3598,6042
186201,1,112,2,2007,2713,284,408,4720,692,2291,3121,5412
186201,1,312,5,72,172,81,305,244,386,153,477,630
186201,2,999,1,1916,2650,180,280,4566,460,2096,2930,5026
186201,2,999,2,1874,2567,172,227,4441,399,2046,2794,4840
186201,2,999,5,42,83,8,53,125,61,50,136,186
186201,3,1,1,4,6,39,84,10,123,43,90,133
186201,3,1,2,4,6,39,84,10,123,43,90,133
186201,4,2,1,659,1012,19,31,1671,50,678,1043,1721
186201,4,2,2,659,1012,19,31,1671,50,678,1043,1721
186201,5,3,1,779,1124,26,33,1903,59,805,1157,1962
186201,5,3,2,776,1122,26,33,1898,59,802,1155,1957
186201,5,3,5,3,2,0,0,5,0,3,2,5
186201,6,4,1,474,508,96,132,982,228,570,640,1210
186201,6,4,2,435,427,88,79,862,167,523,506,1029
186201,6,4,5,39,81,8,53,120,61,47,134,181
186201,7,999,1,163,235,185,433,398,618,348,668,1016
186201,7,999,2,133,146,112,181,279,293,245,327,572
186201,7,999,5,30,89,73,252,119,325,103,341,444
186201,8,5,1,117,137,82,191,254,273,199,328,527
186201,8,5,2,99,99,54,62,198,116,153,161,314
186201,8,5,5,18,38,28,129,56,157,46,167,213
186201,9,6,1,33,43,35,74,76,109,68,117,185
186201,9,6,2,26,19,18,27,45,45,44,46,90
186201,9,6,5,7,24,17,47,31,64,24,71,95
186201,10,7,1,5,19,23,36,24,59,28,55,83
186201,10,7,2,2,9,9,14,11,23,11,23,34
186201,10,7,5,3,10,14,22,13,36,17,32,49
186201,11,8,1,4,22,18,72,26,90,22,94,116
186201,11,8,2,3,13,10,39,16,49,13,52,65
186201,11,8,5,1,9,8,33,10,41,9,42,51
186201,12,9,1,4,14,15,44,18,59,19,58,77
186201,12,9,2,3,6,9,24,9,33,12,30,42
186201,12,9,5,1,8,6,20,9,26,7,28,35
186201,13,10,1,0,0,12,16,0,28,12,16,28
186201,13,10,2,0,0,12,15,0,27,12,15,27
186201,13,10,5,0,0,0,1,0,1,0,1,1
186283,1,412,1,1475,2100,375,686,3575,1061,1850,2786,4636
186283,1,112,2,1384,1895,149,202,3279,351,1533,2097,3630
186283,1,312,5,91,205,226,484,296,710,317,689,1006
186283,2,999,1,1404,1963,135,164,3367,299,1539,2127,3666
186283,2,999,2,1352,1836,82,86,3188,168,1434,1922,3356
186283,2,999,5,52,127,53,78,179,131,105,205,310
186283,3,1,1,3,2,0,1,5,1,3,3,6
186283,3,1,2,3,2,0,1,5,1,3,3,6
186283,4,2,1,531,765,14,13,1296,27,545,778,1323
186283,4,2,2,530,765,14,13,1295,27,544,778,1322
186283,4,2,5,1,0,0,0,1,0,1,0,1
186283,5,3,1,609,853,26,22,1462,48,635,875,1510
186283,5,3,2,607,848,26,21,1455,47,633,869,1502
186283,5,3,5,2,5,0,1,7,1,2,6,8
186283,6,4,1,261,343,95,128,604,223,356,471,827
186283,6,4,2,212,221,42,51,433,93,254,272,526
186283,6,4,5,49,122,53,77,171,130,102,199,301
186283,7,999,1,71,135,236,506,206,742,307,641,948
186283,7,999,2,32,57,67,116,89,183,99,173,272
186283,7,999,5,39,78,169,390,117,559,208,468,676
186283,8,5,1,39,87,87,182,126,269,126,269,395
186283,8,5,2,19,40,33,34,59,67,52,74,126
186283,8,5,5,20,47,54,148,67,202,74,195,269
186283,9,6,1,18,18,60,82,36,142,78,100,178
186283,9,6,2,10,8,12,20,18,32,22,28,50
186283,9,6,5,8,10,48,62,18,110,56,72,128
186283,10,7,1,5,9,24,66,14,90,29,75,104
186283,10,7,2,1,3,5,10,4,15,6,13,19
186283,10,7,5,4,6,19,56,10,75,23,62,85
186283,11,8,1,7,11,46,104,18,150,53,115,168
186283,11,8,2,2,2,9,28,4,37,11,30,41
186283,11,8,5,5,9,37,76,14,113,42,85,127
186283,12,9,1,2,10,12,57,12,69,14,67,81
186283,12,9,2,0,4,2,12,4,14,2,16,18
186283,12,9,5,2,6,10,45,8,55,12,51,63
186283,13,10,1,0,0,7,15,0,22,7,15,22
186283,13,10,2,0,0,6,12,0,18,6,12,18
186283,13,10,5,0,0,1,3,0,4,1,3,4
186283,14,11,1,0,2,4,16,2,20,4,18,22
186283,14,11,2,0,2,0,0,2,0,0,2,2
186283,14,11,5,0,0,4,16,0,20,4,16,20
186371,1,412,1,2061,3304,721,990,5365,1711,2782,4294,7076
186371,1,112,2,1711,2897,378,516,4608,894,2089,3413,5502
186371,1,312,5,350,407,343,474,757,817,693,881,1574
186371,2,999,1,1557,2483,219,205,4040,424,1776,2688,4464
186371,2,999,2,1425,2346,182,143,3771,325,1607,2489,4096
186371,2,999,5,132,137,37,62,269,99,169,199,368
186371,3,1,1,6,5,66,0,11,66,72,5,77
186371,3,1,2,6,5,66,0,11,66,72,5,77
186371,4,2,1,358,633,20,8,991,28,378,641,1019
186371,4,2,2,358,633,20,8,991,28,378,641,1019
186371,5,3,1,600,1050,23,35,1650,58,623,1085,1708
186371,5,3,2,600,1047,22,32,1647,54,622,1079,1701
186371,5,3,5,0,3,1,3,3,4,1,6,7
186371,6,4,1,593,795,110,162,1388,272,703,957,1660
186371,6,4,2,461,661,74,103,1122,177,535,764,1299
186371,6,4,5,132,134,36,59,266,95,168,193,361
186371,7,999,1,504,821,502,785,1325,1287,1006,1606,2612
186371,7,999,2,286,551,196,373,837,569,482,924,1406
186371,7,999,5,218,270,306,412,488,718,524,682,1206
186371,8,5,1,291,454,171,239,745,410,462,693,1155
186371,8,5,2,171,287,79,110,458,189,250,397,647
186371,8,5,5,120,167,92,129,287,221,212,296,508
186371,9,6,1,109,155,132,192,264,324,241,347,588
186371,9,6,2,54,118,46,88,172,134,100,206,306
186371,9,6,5,55,37,86,104,92,190,141,141,282
186371,10,7,1,48,91,87,123,139,210,135,214,349
186371,10,7,2,30,64,29,61,94,90,59,125,184
186371,10,7,5,18,27,58,62,45,120,76,89,165
186371,11,8,1,36,83,72,144,119,216,108,227,335
186371,11,8,2,19,55,23,67,74,90,42,122,164
186371,11,8,5,17,28,49,77,45,126,66,105,171
186371,12,9,1,20,37,34,83,57,117,54,120,174
186371,12,9,2,12,27,17,44,39,61,29,71,100
186371,12,9,5,8,10,17,39,18,56,25,49,74
186371,13,10,1,0,1,6,4,1,10,6,5,11
186371,13,10,2,0,0,2,3,0,5,2,3,5
186371,13,10,5,0,1,4,1,1,5,4,2,6
186380,1,412,1,20341,22343,2826,4901,42684,7727,23167,27244,50411
186380,1,112,2,16842,16946,989,1067,33788,2056,17831,18013,35844
186380,1,312,5,3499,5397,1837,3834,8896,5671,5336,9231,14567
186380,2,999,1,17563,18558,846,929,36121,1775,18409,19487,37896
186380,2,999,2,16179,16238,576,481,32417,1057,16755,16719,33474
186380,2,999,5,1384,2320,270,448,3704,718,1654,2768,4422
186380,3,1,1,31,45,10,12,76,22,41,57,98
186380,3,1,2,31,45,10,12,76,22,41,57,98
186380,4,2,1,5825,6065,56,50,11890,106,5881,6115,11996
186380,4,2,2,5825,6064,56,49,11889,105,5881,6113,11994
186380,4,2,5,0,1,0,1,1,1,0,2,2
186380,5,3,1,7441,7746,126,122,15187,248,7567,7868,15435
186380,5,3,2,7405,7703,123,117,15108,240,7528,7820,15348
186380,5,3,5,36,43,3,5,79,8,39,48,87
186380,6,4,1,4266,4702,654,745,8968,1399,4920,5447,10367
186380,6,4,2,2918,2426,387,303,5344,690,3305,2729,6034
186380,6,4,5,1348,2276,267,442,3624,709,1615,2718,4333
186380,7,999,1,2778,3785,1980,3972,6563,5952,4758,7757,12515
186380,7,999,2,663,708,413,586,1371,999,1076,1294,2370
186380,7,999,5,2115,3077,1567,3386,5192,4953,3682,6463,10145
186380,8,5,1,1954,2444,859,1417,4398,2276,2813,3861,6674
186380,8,5,2,480,449,227,228,929,455,707,677,1384
186380,8,5,5,1474,1995,632,1189,3469,1821,2106,3184,5290
186380,9,6,1,522,731,474,911,1253,1385,996,1642,2638
186380,9,6,2,121,135,72,106,256,178,193,241,434
186380,9,6,5,401,596,402,805,997,1207,803,1401,2204
186380,10,7,1,177,274,256,564,451,820,433,838,1271
186380,10,7,2,42,53,45,77,95,122,87,130,217
186380,10,7,5,135,221,211,487,356,698,346,708,1054
186380,11,8,1,89,236,255,686,325,941,344,922,1266
186380,11,8,2,11,54,41,98,65,139,52,152,204
186380,11,8,5,78,182,214,588,260,802,292,770,1062
186380,12,9,1,34,96,122,373,130,495,156,469,625
186380,12,9,2,9,16,24,68,25,92,33,84,117
186380,12,9,5,25,80,98,305,105,403,123,385,508
186380,13,10,1,2,4,14,21,6,35,16,25,41
186380,13,10,2,0,1,4,9,1,13,4,10,14
186380,13,10,5,2,3,10,12,5,22,12,15,27
186399,1,412,1,4350,5428,1710,1743,9778,3453,6060,7171,13231
186399,1,112,2,3454,4520,548,596,7974,1144,4002,5116,9118
186399,1,312,5,896,908,1162,1147,1804,2309,2058,2055,4113
186399,2,999,1,3324,4186,394,402,7510,796,3718,4588,8306
186399,2,999,2,3015,3840,257,254,6855,511,3272,4094,7366
186399,2,999,5,309,346,137,148,655,285,446,494,940
186399,3,1,1,5,15,0,0,20,0,5,15,20
186399,3,1,2,5,15,0,0,20,0,5,15,20
186399,4,2,1,926,1203,31,19,2129,50,957,1222,2179
186399,4,2,2,926,1203,31,19,2129,50,957,1222,2179
186399,5,3,1,1195,1624,74,87,2819,161,1269,1711,2980
186399,5,3,2,1193,1616,74,86,2809,160,1267,1702,2969
186399,5,3,5,2,8,0,1,10,1,2,9,11
186399,6,4,1,1198,1344,289,296,2542,585,1487,1640,3127
186399,6,4,2,891,1006,152,149,1897,301,1043,1155,2198
186399,6,4,5,307,338,137,147,645,284,444,485,929
186399,7,999,1,1026,1242,1316,1341,2268,2657,2342,2583,4925
186399,7,999,2,439,680,291,342,1119,633,730,1022,1752
186399,7,999,5,587,562,1025,999,1149,2024,1612,1561,3173
186399,8,5,1,610,678,486,493,1288,979,1096,1171,2267
186399,8,5,2,281,393,117,130,674,247,398,523,921
186399,8,5,5,329,285,369,363,614,732,698,648,1346
186399,9,6,1,199,275,365,334,474,699,564,609,1173
186399,9,6,2,77,134,57,78,211,135,134,212,346
186399,9,6,5,122,141,308,256,263,564,430,397,827
186399,10,7,1,102,144,209,210,246,419,311,354,665
186399,10,7,2,33,80,35,47,113,82,68,127,195
186399,10,7,5,69,64,174,163,133,337,243,227,470
186399,11,8,1,83,105,172,194,188,366,255,299,554
186399,11,8,2,30,49,46,54,79,100,76,103,179
186399,11,8,5,53,56,126,140,109,266,179,196,375
186399,12,9,1,30,37,77,103,67,180,107,140,247
186399,12,9,2,17,22,32,31,39,63,49,53,102
186399,12,9,5,13,15,45,72,28,117,58,87,145
186399,13,10,1,2,3,7,7,5,14,9,10,19
186399,13,10,2,1,2,4,2,3,6,5,4,9
186399,13,10,5,1,1,3,5,2,8,4,6,10
186469,1,412,1,220,309,92,244,529,336,312,553,865
186469,1,112,2,220,309,92,244,529,336,312,553,865
186469,2,999,1,188,217,60,116,405,176,248,333,581
186469,2,999,2,188,217,60,116,405,176,248,333,581
186469,3,1,1,4,16,11,40,20,51,15,56,71
186469,3,1,2,4,16,11,40,20,51,15,56,71
186469,4,2,1,115,114,18,29,229,47,133,143,276
186469,4,2,2,115,114,18,29,229,47,133,143,276
186469,5,3,1,45,59,18,24,104,42,63,83,146
186469,5,3,2,45,59,18,24,104,42,63,83,146
186469,6,4,1,24,28,13,23,52,36,37,51,88
186469,6,4,2,24,28,13,23,52,36,37,51,88
186469,7,999,1,32,92,32,128,124,160,64,220,284
186469,7,999,2,32,92,32,128,124,160,64,220,284
186469,8,5,1,18,37,16,39,55,55,34,76,110
186469,8,5,2,18,37,16,39,55,55,34,76,110
186469,9,6,1,9,25,5,35,34,40,14,60,74
186469,9,6,2,9,25,5,35,34,40,14,60,74
186469,10,7,1,4,12,4,15,16,19,8,27,35
186469,10,7,2,4,12,4,15,16,19,8,27,35
186469,11,8,1,0,17,3,26,17,29,3,43,46
186469,11,8,2,0,17,3,26,17,29,3,43,46
186469,12,9,1,1,1,2,11,2,13,3,12,15
186469,12,9,2,1,1,2,11,2,13,3,12,15
186469,13,10,1,0,0,2,2,0,4,2,2,4
186469,13,10,2,0,0,2,2,0,4,2,2,4
186584,1,412,1,3355,4086,933,1440,7441,2373,4288,5526,9814
186584,1,112,2,2667,3057,120,69,5724,189,2787,3126,5913
186584,1,312,5,688,1029,813,1371,1717,2184,1501,2400,3901
186584,2,999,1,2941,3627,183,205,6568,388,3124,3832,6956
186584,2,999,2,2627,2981,96,47,5608,143,2723,3028,5751
186584,2,999,5,314,646,87,158,960,245,401,804,1205
186584,3,1,1,36,48,1,1,84,2,37,49,86
186584,3,1,2,36,48,1,1,84,2,37,49,86
186584,4,2,1,1258,1419,16,9,2677,25,1274,1428,2702
186584,4,2,2,1257,1419,16,9,2676,25,1273,1428,2701
186584,4,2,5,1,0,0,0,1,0,1,0,1
186584,5,3,1,1150,1353,26,9,2503,35,1176,1362,2538
186584,5,3,2,1144,1329,22,8,2473,30,1166,1337,2503
186584,5,3,5,6,24,4,1,30,5,10,25,35
186584,6,4,1,497,807,140,186,1304,326,637,993,1630
186584,6,4,2,190,185,57,29,375,86,247,214,461
186584,6,4,5,307,622,83,157,929,240,390,779,1169
186584,7,999,1,414,459,750,1235,873,1985,1164,1694,2858
186584,7,999,2,40,76,24,22,116,46,64,98,162
186584,7,999,5,374,383,726,1213,757,1939,1100,1596,2696
186584,8,5,1,280,289,189,356,569,545,469,645,1114
186584,8,5,2,32,43,14,5,75,19,46,48,94
186584,8,5,5,248,246,175,351,494,526,423,597,1020
186584,9,6,1,71,76,142,247,147,389,213,323,536
186584,9,6,2,5,15,5,4,20,9,10,19,29
186584,9,6,5,66,61,137,243,127,380,203,304,507
186584,10,7,1,26,42,122,156,68,278,148,198,346
186584,10,7,2,0,9,2,4,9,6,2,13,15
186584,10,7,5,26,33,120,152,59,272,146,185,331
186584,11,8,1,24,32,144,268,56,412,168,300,468
186584,11,8,2,2,6,2,5,8,7,4,11,15
186584,11,8,5,22,26,142,263,48,405,164,289,453
186584,12,9,1,10,20,143,197,30,340,153,217,370
186584,12,9,2,1,3,0,4,4,4,1,7,8
186584,12,9,5,9,17,143,193,26,336,152,210,362
186584,13,10,1,3,0,10,11,3,21,13,11,24
186584,13,10,2,0,0,1,0,0,1,1,0,1
186584,13,10,5,3,0,9,11,3,20,12,11,23
186618,1,412,1,247,569,95,361,816,456,342,930,1272
186618,1,112,2,218,414,24,130,632,154,242,544,786
186618,1,312,5,29,155,71,231,184,302,100,386,486
186618,2,999,1,218,430,6,47,648,53,224,477,701
186618,2,999,2,208,352,3,35,560,38,211,387,598
186618,2,999,5,10,78,3,12,88,15,13,90,103
186618,3,1,1,1,4,0,24,5,24,1,28,29
186618,3,1,2,1,4,0,24,5,24,1,28,29
186618,4,2,1,84,135,1,4,219,5,85,139,224
186618,4,2,2,84,135,1,4,219,5,85,139,224
186618,5,3,1,84,150,0,0,234,0,84,150,234
186618,5,3,2,84,148,0,0,232,0,84,148,232
186618,5,3,5,0,2,0,0,2,0,0,2,2
186618,6,4,1,49,141,5,19,190,24,54,160,214
186618,6,4,2,39,65,2,7,104,9,41,72,113
186618,6,4,5,10,76,3,12,86,15,13,88,101
186618,7,999,1,29,139,88,314,168,402,117,453,570
186618,7,999,2,10,62,20,95,72,115,30,157,187
186618,7,999,5,19,77,68,219,96,287,87,296,383
186618,8,5,1,14,70,16,63,84,79,30,133,163
186618,8,5,2,2,23,2,17,25,19,4,40,44
186618,8,5,5,12,47,14,46,59,60,26,93,119
186618,9,6,1,6,21,17,52,27,69,23,73,96
186618,9,6,2,1,13,4,18,14,22,5,31,36
186618,9,6,5,5,8,13,34,13,47,18,42,60
186618,10,7,1,2,16,14,40,18,54,16,56,72
186618,10,7,2,0,12,2,16,12,18,2,28,30
186618,10,7,5,2,4,12,24,6,36,14,28,42
186618,11,8,1,5,18,29,84,23,113,34,102,136
186618,11,8,2,5,9,5,26,14,31,10,35,45
186618,11,8,5,0,9,24,58,9,82,24,67,91
186618,12,9,1,2,14,12,73,16,85,14,87,101
186618,12,9,2,2,5,7,18,7,25,9,23,32
186618,12,9,5,0,9,5,55,9,60,5,64,69
186618,13,10,1,0,0,0,2,0,2,0,2,2
186618,13,10,5,0,0,0,2,0,2,0,2,2
186618,14,11,1,0,0,1,0,0,1,1,0,1
186618,14,11,2,0,0,1,0,0,1,1,0,1
186645,1,412,1,1342,1311,1945,2482,2653,4427,3287,3793,7080
186645,1,112,2,1342,1311,1945,2482,2653,4427,3287,3793,7080
186645,2,999,1,1243,1184,1347,1583,2427,2930,2590,2767,5357
186645,2,999,2,1243,1184,1347,1583,2427,2930,2590,2767,5357
186645,3,1,1,16,28,289,418,44,707,305,446,751
186645,3,1,2,16,28,289,418,44,707,305,446,751
186645,4,2,1,693,661,364,449,1354,813,1057,1110,2167
186645,4,2,2,693,661,364,449,1354,813,1057,1110,2167
186645,5,3,1,405,371,358,349,776,707,763,720,1483
186645,5,3,2,405,371,358,349,776,707,763,720,1483
186645,6,4,1,129,124,336,367,253,703,465,491,956
186645,6,4,2,129,124,336,367,253,703,465,491,956
186645,7,999,1,99,127,596,896,226,1492,695,1023,1718
186645,7,999,2,99,127,596,896,226,1492,695,1023,1718
186645,8,5,1,59,60,238,316,119,554,297,376,673
186645,8,5,2,59,60,238,316,119,554,297,376,673
186645,9,6,1,21,34,111,178,55,289,132,212,344
186645,9,6,2,21,34,111,178,55,289,132,212,344
186645,10,7,1,6,10,73,122,16,195,79,132,211
186645,10,7,2,6,10,73,122,16,195,79,132,211
186645,11,8,1,10,16,97,147,26,244,107,163,270
186645,11,8,2,10,16,97,147,26,244,107,163,270
186645,12,9,1,3,7,67,115,10,182,70,122,192
186645,12,9,2,3,7,67,115,10,182,70,122,192
186645,13,10,1,0,0,10,18,0,28,10,18,28
186645,13,10,2,0,0,10,18,0,28,10,18,28
186645,14,11,1,0,0,2,3,0,5,2,3,5
186645,14,11,2,0,0,2,3,0,5,2,3,5
186867,1,412,1,4231,1730,885,411,5961,1296,5116,2141,7257
186867,1,112,2,2669,1090,22,10,3759,32,2691,1100,3791
186867,1,312,5,1562,640,863,401,2202,1264,2425,1041,3466
186867,2,999,1,3414,1383,132,67,4797,199,3546,1450,4996
186867,2,999,2,2658,1088,17,9,3746,26,2675,1097,3772
186867,2,999,5,756,295,115,58,1051,173,871,353,1224
186867,3,1,1,5,3,1,0,8,1,6,3,9
186867,3,1,2,5,3,1,0,8,1,6,3,9
186867,4,2,1,1134,490,2,1,1624,3,1136,491,1627
186867,4,2,2,1134,490,2,1,1624,3,1136,491,1627
186867,5,3,1,1243,512,5,2,1755,7,1248,514,1762
186867,5,3,2,1235,507,3,1,1742,4,1238,508,1746
186867,5,3,5,8,5,2,1,13,3,10,6,16
186867,6,4,1,1032,378,124,64,1410,188,1156,442,1598
186867,6,4,2,284,88,11,7,372,18,295,95,390
186867,6,4,5,748,290,113,57,1038,170,861,347,1208
186867,7,999,1,817,347,753,344,1164,1097,1570,691,2261
186867,7,999,2,11,2,5,1,13,6,16,3,19
186867,7,999,5,806,345,748,343,1151,1091,1554,688,2242
186867,8,5,1,653,249,272,132,902,404,925,381,1306
186867,8,5,2,8,1,1,1,9,2,9,2,11
186867,8,5,5,645,248,271,131,893,402,916,379,1295
186867,9,6,1,116,73,153,54,189,207,269,127,396
186867,9,6,2,1,1,1,0,2,1,2,1,3
186867,9,6,5,115,72,152,54,187,206,267,126,393
186867,10,7,1,21,17,104,50,38,154,125,67,192
186867,10,7,2,1,0,1,0,1,1,2,0,2
186867,10,7,5,20,17,103,50,37,153,123,67,190
186867,11,8,1,21,5,150,77,26,227,171,82,253
186867,11,8,2,1,0,2,0,1,2,3,0,3
186867,11,8,5,20,5,148,77,25,225,168,82,250
186867,12,9,1,6,3,68,29,9,97,74,32,106
186867,12,9,5,6,3,68,29,9,97,74,32,106
186867,13,10,1,0,0,6,2,0,8,6,2,8
186867,13,10,5,0,0,6,2,0,8,6,2,8
186876,1,412,1,3468,5417,336,672,8885,1008,3804,6089,9893
186876,1,112,2,3351,5076,176,243,8427,419,3527,5319,8846
186876,1,312,5,117,341,160,429,458,589,277,770,1047
186876,2,999,1,3093,4886,107,211,7979,318,3200,5097,8297
186876,2,999,2,3032,4654,93,124,7686,217,3125,4778,7903
186876,2,999,5,61,232,14,87,293,101,75,319,394
186876,3,1,1,3,5,0,0,8,0,3,5,8
186876,3,1,2,3,5,0,0,8,0,3,5,8
186876,4,2,1,856,1512,5,2,2368,7,861,1514,2375
186876,4,2,2,856,1512,5,2,2368,7,861,1514,2375
186876,5,3,1,1313,2180,22,21,3493,43,1335,2201,3536
186876,5,3,2,1312,2171,22,21,3483,43,1334,2192,3526
186876,5,3,5,1,9,0,0,10,0,1,9,10
186876,6,4,1,921,1189,80,188,2110,268,1001,1377,2378
186876,6,4,2,861,966,66,101,1827,167,927,1067,1994
186876,6,4,5,60,223,14,87,283,101,74,310,384
186876,7,999,1,375,531,229,461,906,690,604,992,1596
186876,7,999,2,319,422,83,119,741,202,402,541,943
186876,7,999,5,56,109,146,342,165,488,202,451,653
186876,8,5,1,260,341,100,166,601,266,360,507,867
186876,8,5,2,223,268,56,55,491,111,279,323,602
186876,8,5,5,37,73,44,111,110,155,81,184,265
186876,9,6,1,59,84,40,92,143,132,99,176,275
186876,9,6,2,48,68,8,15,116,23,56,83,139
186876,9,6,5,11,16,32,77,27,109,43,93,136
186876,10,7,1,26,44,35,55,70,90,61,99,160
186876,10,7,2,23,36,3,16,59,19,26,52,78
186876,10,7,5,3,8,32,39,11,71,35,47,82
186876,11,8,1,22,43,34,90,65,124,56,133,189
186876,11,8,2,19,33,8,22,52,30,27,55,82
186876,11,8,5,3,10,26,68,13,94,29,78,107
186876,12,9,1,7,18,17,56,25,73,24,74,98
186876,12,9,2,5,16,6,9,21,15,11,25,36
186876,12,9,5,2,2,11,47,4,58,13,49,62
186876,13,10,1,1,1,3,2,2,5,4,3,7
186876,13,10,2,1,1,2,2,2,4,3,3,6
186876,13,10,5,0,0,1,0,0,1,1,0,1
187046,1,412,1,16,68,6144,4267,84,10411,6160,4335,10495
187046,1,112,2,15,60,5768,3733,75,9501,5783,3793,9576
187046,1,312,5,1,8,376,534,9,910,377,542,919
187046,2,999,1,2,16,627,531,18,1158,629,547,1176
187046,2,999,2,2,16,619,519,18,1138,621,535,1156
187046,2,999,5,0,0,8,12,0,20,8,12,20
187046,4,2,1,0,0,23,17,0,40,23,17,40
187046,4,2,2,0,0,23,17,0,40,23,17,40
187046,5,3,1,0,1,123,108,1,231,123,109,232
187046,5,3,2,0,1,123,108,1,231,123,109,232
187046,6,4,1,2,15,481,406,17,887,483,421,904
187046,6,4,2,2,15,473,394,17,867,475,409,884
187046,6,4,5,0,0,8,12,0,20,8,12,20
187046,7,999,1,14,52,5516,3733,66,9249,5530,3785,9315
187046,7,999,2,13,44,5148,3212,57,8360,5161,3256,8417
187046,7,999,5,1,8,368,521,9,889,369,529,898
187046,8,5,1,9,24,1365,768,33,2133,1374,792,2166
187046,8,5,2,9,24,1306,715,33,2021,1315,739,2054
187046,8,5,5,0,0,59,53,0,112,59,53,112
187046,9,6,1,1,10,1322,743,11,2065,1323,753,2076
187046,9,6,2,1,10,1261,666,11,1927,1262,676,1938
187046,9,6,5,0,0,61,77,0,138,61,77,138
187046,10,7,1,3,5,1134,633,8,1767,1137,638,1775
187046,10,7,2,2,5,1053,550,7,1603,1055,555,1610
187046,10,7,5,1,0,81,83,1,164,82,83,165
187046,11,8,1,1,7,1189,983,8,2172,1190,990,2180
187046,11,8,2,1,4,1080,791,5,1871,1081,795,1876
187046,11,8,5,0,3,109,192,3,301,109,195,304
187046,12,9,1,0,6,489,583,6,1072,489,589,1078
187046,12,9,2,0,1,433,472,1,905,433,473,906
187046,12,9,5,0,5,56,111,5,167,56,116,172
187046,13,10,1,0,0,17,23,0,40,17,23,40
187046,13,10,2,0,0,15,18,0,33,15,18,33
187046,13,10,5,0,0,2,5,0,7,2,5,7
187046,14,11,1,0,0,1,3,0,4,1,3,4
187046,14,11,2,0,0,1,2,0,3,1,2,3
187046,14,11,5,0,0,0,1,0,1,0,1,1
187134,1,412,1,2994,4110,203,476,7104,679,3197,4586,7783
187134,1,112,2,2955,3943,90,117,6898,207,3045,4060,7105
187134,1,312,5,39,167,113,359,206,472,152,526,678
187134,2,999,1,2947,4030,83,133,6977,216,3030,4163,7193
187134,2,999,2,2922,3897,76,83,6819,159,2998,3980,6978
187134,2,999,5,25,133,7,50,158,57,32,183,215
187134,3,1,1,4,8,1,5,12,6,5,13,18
187134,3,1,2,4,8,1,5,12,6,5,13,18
187134,4,2,1,1094,1572,12,5,2666,17,1106,1577,2683
187134,4,2,2,1094,1572,12,5,2666,17,1106,1577,2683
187134,5,3,1,1400,1909,19,23,3309,42,1419,1932,3351
187134,5,3,2,1400,1903,19,23,3303,42,1419,1926,3345
187134,5,3,5,0,6,0,0,6,0,0,6,6
187134,6,4,1,449,541,51,100,990,151,500,641,1141
187134,6,4,2,424,414,44,50,838,94,468,464,932
187134,6,4,5,25,127,7,50,152,57,32,177,209
187134,7,999,1,47,80,120,342,127,462,167,422,589
187134,7,999,2,33,46,14,34,79,48,47,80,127
187134,7,999,5,14,34,106,308,48,414,120,342,462
187134,8,5,1,40,50,42,121,90,163,82,171,253
187134,8,5,2,28,29,11,8,57,19,39,37,76
187134,8,5,5,12,21,31,113,33,144,43,134,177
187134,9,6,1,3,10,22,59,13,81,25,69,94
187134,9,6,2,3,8,1,4,11,5,4,12,16
187134,9,6,5,0,2,21,55,2,76,21,57,78
187134,10,7,1,2,10,14,36,12,50,16,46,62
187134,10,7,2,1,6,1,0,7,1,2,6,8
187134,10,7,5,1,4,13,36,5,49,14,40,54
187134,11,8,1,2,2,29,69,4,98,31,71,102
187134,11,8,2,1,0,1,9,1,10,2,9,11
187134,11,8,5,1,2,28,60,3,88,29,62,91
187134,12,9,1,0,8,13,53,8,66,13,61,74
187134,12,9,2,0,3,0,11,3,11,0,14,14
187134,12,9,5,0,5,13,42,5,55,13,47,60
187134,13,10,1,0,0,0,4,0,4,0,4,4
187134,13,10,2,0,0,0,2,0,2,0,2,2
187134,13,10,5,0,0,0,2,0,2,0,2,2
187134,14,11,1,0,0,0,1,0,1,0,1,1
187134,14,11,5,0,0,0,1,0,1,0,1,1
187198,1,412,1,1658,2047,1379,3214,3705,4593,3037,5261,8298
187198,1,112,2,1658,2047,1379,3214,3705,4593,3037,5261,8298
187198,2,999,1,1444,1504,816,1185,2948,2001,2260,2689,4949
187198,2,999,2,1444,1504,816,1185,2948,2001,2260,2689,4949
187198,3,1,1,6,14,13,33,20,46,19,47,66
187198,3,1,2,6,14,13,33,20,46,19,47,66
187198,4,2,1,735,748,201,173,1483,374,936,921,1857
187198,4,2,2,735,748,201,173,1483,374,936,921,1857
187198,5,3,1,481,453,310,413,934,723,791,866,1657
187198,5,3,2,481,453,310,413,934,723,791,866,1657
187198,6,4,1,222,289,292,566,511,858,514,855,1369
187198,6,4,2,222,289,292,566,511,858,514,855,1369
187198,7,999,1,214,543,563,2029,757,2592,777,2572,3349
187198,7,999,2,214,543,563,2029,757,2592,777,2572,3349
187198,8,5,1,118,236,252,672,354,924,370,908,1278
187198,8,5,2,118,236,252,672,354,924,370,908,1278
187198,9,6,1,55,135,128,484,190,612,183,619,802
187198,9,6,2,55,135,128,484,190,612,183,619,802
187198,10,7,1,21,73,81,341,94,422,102,414,516
187198,10,7,2,21,73,81,341,94,422,102,414,516
187198,11,8,1,15,76,61,375,91,436,76,451,527
187198,11,8,2,15,76,61,375,91,436,76,451,527
187198,12,9,1,5,23,36,148,28,184,41,171,212
187198,12,9,2,5,23,36,148,28,184,41,171,212
187198,13,10,1,0,0,5,9,0,14,5,9,14
187198,13,10,2,0,0,5,9,0,14,5,9,14
187444,1,412,1,2861,4025,932,1817,6886,2749,3793,5842,9635
187444,1,112,2,2743,3737,630,861,6480,1491,3373,4598,7971
187444,1,312,5,118,288,302,956,406,1258,420,1244,1664
187444,2,999,1,2504,3411,350,395,5915,745,2854,3806,6660
187444,2,999,2,2452,3280,305,316,5732,621,2757,3596,6353
187444,2,999,5,52,131,45,79,183,124,97,210,307
187444,3,1,1,6,5,1,0,11,1,7,5,12
187444,3,1,2,6,5,1,0,11,1,7,5,12
187444,4,2,1,799,1160,21,35,1959,56,820,1195,2015
187444,4,2,2,799,1160,21,35,1959,56,820,1195,2015
187444,5,3,1,954,1312,73,66,2266,139,1027,1378,2405
187444,5,3,2,954,1309,73,65,2263,138,1027,1374,2401
187444,5,3,5,0,3,0,1,3,1,0,4,4
187444,6,4,1,745,934,255,294,1679,549,1000,1228,2228
187444,6,4,2,693,806,210,216,1499,426,903,1022,1925
187444,6,4,5,52,128,45,78,180,123,97,206,303
187444,7,999,1,357,614,582,1422,971,2004,939,2036,2975
187444,7,999,2,291,457,325,545,748,870,616,1002,1618
187444,7,999,5,66,157,257,877,223,1134,323,1034,1357
187444,8,5,1,249,386,277,482,635,759,526,868,1394
187444,8,5,2,215,300,182,218,515,400,397,518,915
187444,8,5,5,34,86,95,264,120,359,129,350,479
187444,9,6,1,63,114,117,300,177,417,180,414,594
187444,9,6,2,44,83,66,120,127,186,110,203,313
187444,9,6,5,19,31,51,180,50,231,70,211,281
187444,10,7,1,19,47,71,213,66,284,90,260,350
187444,10,7,2,14,31,31,79,45,110,45,110,155
187444,10,7,5,5,16,40,134,21,174,45,150,195
187444,11,8,1,17,52,70,278,69,348,87,330,417
187444,11,8,2,12,32,28,86,44,114,40,118,158
187444,11,8,5,5,20,42,192,25,234,47,212,259
187444,12,9,1,9,14,42,143,23,185,51,157,208
187444,12,9,2,6,11,16,41,17,57,22,52,74
187444,12,9,5,3,3,26,102,6,128,29,105,134
187444,13,10,1,0,1,5,6,1,11,5,7,12
187444,13,10,2,0,0,2,1,0,3,2,1,3
187444,13,10,5,0,1,3,5,1,8,3,6,9
187532,1,412,1,2082,3178,6183,9955,5260,16138,8265,13133,21398
187532,1,112,2,2082,3178,6183,9955,5260,16138,8265,13133,21398
187532,2,999,1,1509,2362,3688,5184,3871,8872,5197,7546,12743
187532,2,999,2,1509,2362,3688,5184,3871,8872,5197,7546,12743
187532,3,1,1,59,112,1270,1687,171,2957,1329,1799,3128
187532,3,1,2,59,112,1270,1687,171,2957,1329,1799,3128
187532,4,2,1,871,1291,847,979,2162,1826,1718,2270,3988
187532,4,2,2,871,1291,847,979,2162,1826,1718,2270,3988
187532,5,3,1,364,611,771,1186,975,1957,1135,1797,2932
187532,5,3,2,364,611,771,1186,975,1957,1135,1797,2932
187532,6,4,1,215,348,800,1332,563,2132,1015,1680,2695
187532,6,4,2,215,348,800,1332,563,2132,1015,1680,2695
187532,7,999,1,573,816,2493,4771,1389,7264,3066,5587,8653
187532,7,999,2,573,816,2493,4771,1389,7264,3066,5587,8653
187532,8,5,1,258,323,857,1537,581,2394,1115,1860,2975
187532,8,5,2,258,323,857,1537,581,2394,1115,1860,2975
187532,9,6,1,123,183,627,1040,306,1667,750,1223,1973
187532,9,6,2,123,183,627,1040,306,1667,750,1223,1973
187532,10,7,1,69,111,352,735,180,1087,421,846,1267
187532,10,7,2,69,111,352,735,180,1087,421,846,1267
187532,11,8,1,94,143,389,883,237,1272,483,1026,1509
187532,11,8,2,94,143,389,883,237,1272,483,1026,1509
187532,12,9,1,24,53,213,517,77,730,237,570,807
187532,12,9,2,24,53,213,517,77,730,237,570,807
187532,13,10,1,5,3,55,59,8,114,60,62,122
187532,13,10,2,5,3,55,59,8,114,60,62,122
187532,14,11,1,0,0,2,0,0,2,2,0,2
187532,14,11,2,0,0,2,0,0,2,2,0,2
187620,1,412,1,1304,1882,1435,2407,3186,3842,2739,4289,7028
187620,1,112,2,1304,1882,1435,2407,3186,3842,2739,4289,7028
187620,2,999,1,1045,1534,1024,1515,2579,2539,2069,3049,5118
187620,2,999,2,1045,1534,1024,1515,2579,2539,2069,3049,5118
187620,3,1,1,101,153,255,414,254,669,356,567,923
187620,3,1,2,101,153,255,414,254,669,356,567,923
187620,4,2,1,570,797,338,486,1367,824,908,1283,2191
187620,4,2,2,570,797,338,486,1367,824,908,1283,2191
187620,5,3,1,264,383,225,319,647,544,489,702,1191
187620,5,3,2,264,383,225,319,647,544,489,702,1191
187620,6,4,1,110,201,206,296,311,502,316,497,813
187620,6,4,2,110,201,206,296,311,502,316,497,813
187620,7,999,1,259,348,411,892,607,1303,670,1240,1910
187620,7,999,2,259,348,411,892,607,1303,670,1240,1910
187620,8,5,1,114,144,169,335,258,504,283,479,762
187620,8,5,2,114,144,169,335,258,504,283,479,762
187620,9,6,1,64,90,86,216,154,302,150,306,456
187620,9,6,2,64,90,86,216,154,302,150,306,456
187620,10,7,1,42,44,51,129,86,180,93,173,266
187620,10,7,2,42,44,51,129,86,180,93,173,266
187620,11,8,1,26,54,72,142,80,214,98,196,294
187620,11,8,2,26,54,72,142,80,214,98,196,294
187620,12,9,1,12,14,28,62,26,90,40,76,116
187620,12,9,2,12,14,28,62,26,90,40,76,116
187620,13,10,1,1,2,5,8,3,13,6,10,16
187620,13,10,2,1,2,5,8,3,13,6,10,16
187639,1,412,1,212,477,479,1153,689,1632,691,1630,2321
187639,1,112,2,212,477,479,1153,689,1632,691,1630,2321
187639,2,999,1,158,319,334,608,477,942,492,927,1419
187639,2,999,2,158,319,334,608,477,942,492,927,1419
187639,3,1,1,34,56,203,285,90,488,237,341,578
187639,3,1,2,34,56,203,285,90,488,237,341,578
187639,4,2,1,76,140,49,88,216,137,125,228,353
187639,4,2,2,76,140,49,88,216,137,125,228,353
187639,5,3,1,35,66,45,106,101,151,80,172,252
187639,5,3,2,35,66,45,106,101,151,80,172,252
187639,6,4,1,13,57,37,129,70,166,50,186,236
187639,6,4,2,13,57,37,129,70,166,50,186,236
187639,7,999,1,54,158,145,545,212,690,199,703,902
187639,7,999,2,54,158,145,545,212,690,199,703,902
187639,8,5,1,20,62,42,172,82,214,62,234,296
187639,8,5,2,20,62,42,172,82,214,62,234,296
187639,9,6,1,13,46,30,113,59,143,43,159,202
187639,9,6,2,13,46,30,113,59,143,43,159,202
187639,10,7,1,12,28,24,82,40,106,36,110,146
187639,10,7,2,12,28,24,82,40,106,36,110,146
187639,11,8,1,8,16,18,77,24,95,26,93,119
187639,11,8,2,8,16,18,77,24,95,26,93,119
187639,12,9,1,1,5,17,59,6,76,18,64,82
187639,12,9,2,1,5,17,59,6,76,18,64,82
187639,13,10,1,0,1,14,42,1,56,14,43,57
187639,13,10,2,0,1,14,42,1,56,14,43,57
187648,1,412,1,921,1702,976,1667,2623,2643,1897,3369,5266
187648,1,112,2,836,1386,712,993,2222,1705,1548,2379,3927
187648,1,312,5,85,316,264,674,401,938,349,990,1339
187648,2,999,1,723,1141,421,610,1864,1031,1144,1751,2895
187648,2,999,2,698,1046,400,543,1744,943,1098,1589,2687
187648,2,999,5,25,95,21,67,120,88,46,162,208
187648,3,1,1,1,8,247,333,9,580,248,341,589
187648,3,1,2,1,8,247,333,9,580,248,341,589
187648,4,2,1,240,394,71,67,634,138,311,461,772
187648,4,2,2,240,394,71,67,634,138,311,461,772
187648,5,3,1,276,414,19,52,690,71,295,466,761
187648,5,3,2,275,410,18,48,685,66,293,458,751
187648,5,3,5,1,4,1,4,5,5,2,8,10
187648,6,4,1,206,325,84,158,531,242,290,483,773
187648,6,4,2,182,234,64,95,416,159,246,329,575
187648,6,4,5,24,91,20,63,115,83,44,154,198
187648,7,999,1,198,561,552,1056,759,1608,750,1617,2367
187648,7,999,2,138,340,310,450,478,760,448,790,1238
187648,7,999,5,60,221,242,606,281,848,302,827,1129
187648,8,5,1,88,241,132,283,329,415,220,524,744
187648,8,5,2,64,142,76,113,206,189,140,255,395
187648,8,5,5,24,99,56,170,123,226,80,269,349
187648,9,6,1,46,123,114,221,169,335,160,344,504
187648,9,6,2,32,80,67,94,112,161,99,174,273
187648,9,6,5,14,43,47,127,57,174,61,170,231
187648,10,7,1,21,93,100,226,114,326,121,319,440
187648,10,7,2,14,56,51,86,70,137,65,142,207
187648,10,7,5,7,37,49,140,44,189,56,177,233
187648,11,8,1,34,76,129,212,110,341,163,288,451
187648,11,8,2,23,49,72,94,72,166,95,143,238
187648,11,8,5,11,27,57,118,38,175,68,145,213
187648,12,9,1,9,28,69,98,37,167,78,126,204
187648,12,9,2,5,13,39,49,18,88,44,62,106
187648,12,9,5,4,15,30,49,19,79,34,64,98
187648,13,10,1,0,0,8,16,0,24,8,16,24
187648,13,10,2,0,0,5,14,0,19,5,14,19
187648,13,10,5,0,0,3,2,0,5,3,2,5
187648,14,11,1,0,0,3,1,0,4,3,1,4
187648,14,11,2,0,0,2,0,0,2,2,0,2
187648,14,11,5,0,0,1,1,0,2,1,1,2
187666,1,412,1,278,446,407,567,724,974,685,1013,1698
187666,1,112,2,278,446,407,567,724,974,685,1013,1698
187666,2,999,1,197,324,291,385,521,676,488,709,1197
187666,2,999,2,197,324,291,385,521,676,488,709,1197
187666,3,1,1,15,19,178,200,34,378,193,219,412
187666,3,1,2,15,19,178,200,34,378,193,219,412
187666,4,2,1,104,159,64,66,263,130,168,225,393
187666,4,2,2,104,159,64,66,263,130,168,225,393
187666,5,3,1,59,81,25,63,140,88,84,144,228
187666,5,3,2,59,81,25,63,140,88,84,144,228
187666,6,4,1,19,65,24,56,84,80,43,121,164
187666,6,4,2,19,65,24,56,84,80,43,121,164
187666,7,999,1,81,122,116,182,203,298,197,304,501
187666,7,999,2,81,122,116,182,203,298,197,304,501
187666,8,5,1,34,55,25,50,89,75,59,105,164
187666,8,5,2,34,55,25,50,89,75,59,105,164
187666,9,6,1,21,31,24,49,52,73,45,80,125
187666,9,6,2,21,31,24,49,52,73,45,80,125
187666,10,7,1,10,14,15,33,24,48,25,47,72
187666,10,7,2,10,14,15,33,24,48,25,47,72
187666,11,8,1,11,17,33,33,28,66,44,50,94
187666,11,8,2,11,17,33,33,28,66,44,50,94
187666,12,9,1,4,5,19,16,9,35,23,21,44
187666,12,9,2,4,5,19,16,9,35,23,21,44
187666,13,10,1,1,0,0,1,1,1,1,1,2
187666,13,10,2,1,0,0,1,1,1,1,1,2
187897,1,412,1,623,1117,283,754,1740,1037,906,1871,2777
187897,1,112,2,471,663,147,418,1134,565,618,1081,1699
187897,1,312,5,152,454,136,336,606,472,288,790,1078
187897,2,999,1,422,543,55,101,965,156,477,644,1121
187897,2,999,2,392,452,50,79,844,129,442,531,973
187897,2,999,5,30,91,5,22,121,27,35,113,148
187897,3,1,1,1,2,3,13,3,16,4,15,19
187897,3,1,2,1,2,3,13,3,16,4,15,19
187897,4,2,1,139,185,4,5,324,9,143,190,333
187897,4,2,2,139,185,4,5,324,9,143,190,333
187897,5,3,1,146,162,10,14,308,24,156,176,332
187897,5,3,2,146,155,9,13,301,22,155,168,323
187897,5,3,5,0,7,1,1,7,2,1,8,9
187897,6,4,1,136,194,38,69,330,107,174,263,437
187897,6,4,2,106,110,34,48,216,82,140,158,298
187897,6,4,5,30,84,4,21,114,25,34,105,139
187897,7,999,1,200,573,226,646,773,872,426,1219,1645
187897,7,999,2,79,211,97,339,290,436,176,550,726
187897,7,999,5,121,362,129,307,483,436,250,669,919
187897,8,5,1,66,169,56,143,235,199,122,312,434
187897,8,5,2,30,61,30,90,91,120,60,151,211
187897,8,5,5,36,108,26,53,144,79,62,161,223
187897,9,6,1,44,128,45,125,172,170,89,253,342
187897,9,6,2,17,52,18,67,69,85,35,119,154
187897,9,6,5,27,76,27,58,103,85,54,134,188
187897,10,7,1,21,103,24,105,124,129,45,208,253
187897,10,7,2,11,34,9,51,45,60,20,85,105
187897,10,7,5,10,69,15,54,79,69,25,123,148
187897,11,8,1,42,110,50,144,152,194,92,254,346
187897,11,8,2,14,40,19,69,54,88,33,109,142
187897,11,8,5,28,70,31,75,98,106,59,145,204
187897,12,9,1,24,60,33,105,84,138,57,165,222
187897,12,9,2,7,22,16,54,29,70,23,76,99
187897,12,9,5,17,38,17,51,55,68,34,89,123
187897,13,10,1,3,3,18,24,6,42,21,27,48
187897,13,10,2,0,2,5,8,2,13,5,10,15
187897,13,10,5,3,1,13,16,4,29,16,17,33
187897,14,11,1,1,1,2,7,2,9,3,8,11
187897,14,11,5,1,1,2,7,2,9,3,8,11
187912,1,412,1,311,80,72,30,391,102,383,110,493
187912,1,112,2,311,80,72,30,391,102,383,110,493
187912,2,999,1,311,80,72,30,391,102,383,110,493
187912,2,999,2,311,80,72,30,391,102,383,110,493
187912,3,1,1,8,4,64,26,12,90,72,30,102
187912,3,1,2,8,4,64,26,12,90,72,30,102
187912,4,2,1,247,69,8,4,316,12,255,73,328
187912,4,2,2,247,69,8,4,316,12,255,73,328
187912,5,3,1,47,7,0,0,54,0,47,7,54
187912,5,3,2,47,7,0,0,54,0,47,7,54
187912,6,4,1,9,0,0,0,9,0,9,0,9
187912,6,4,2,9,0,0,0,9,0,9,0,9
187958,1,412,1,219,410,541,1004,629,1545,760,1414,2174
187958,1,112,2,219,410,541,1004,629,1545,760,1414,2174
187958,2,999,1,166,314,418,657,480,1075,584,971,1555
187958,2,999,2,166,314,418,657,480,1075,584,971,1555
187958,3,1,1,73,120,172,256,193,428,245,376,621
187958,3,1,2,73,120,172,256,193,428,245,376,621
187958,4,2,1,50,95,95,143,145,238,145,238,383
187958,4,2,2,50,95,95,143,145,238,145,238,383
187958,5,3,1,26,66,86,148,92,234,112,214,326
187958,5,3,2,26,66,86,148,92,234,112,214,326
187958,6,4,1,17,33,65,110,50,175,82,143,225
187958,6,4,2,17,33,65,110,50,175,82,143,225
187958,7,999,1,53,96,123,347,149,470,176,443,619
187958,7,999,2,53,96,123,347,149,470,176,443,619
187958,8,5,1,19,45,32,130,64,162,51,175,226
187958,8,5,2,19,45,32,130,64,162,51,175,226
187958,9,6,1,8,18,33,78,26,111,41,96,137
187958,9,6,2,8,18,33,78,26,111,41,96,137
187958,10,7,1,12,16,20,56,28,76,32,72,104
187958,10,7,2,12,16,20,56,28,76,32,72,104
187958,11,8,1,12,15,27,56,27,83,39,71,110
187958,11,8,2,12,15,27,56,27,83,39,71,110
187958,12,9,1,1,2,9,25,3,34,10,27,37
187958,12,9,2,1,2,9,25,3,34,10,27,37
187958,13,10,1,1,0,2,2,1,4,3,2,5
187958,13,10,2,1,0,2,2,1,4,3,2,5
187967,1,412,1,924,406,206,150,1330,356,1130,556,1686
187967,1,112,2,771,332,86,40,1103,126,857,372,1229
187967,1,312,5,153,74,120,110,227,230,273,184,457
187967,2,999,1,764,349,73,25,1113,98,837,374,1211
187967,2,999,2,716,314,57,18,1030,75,773,332,1105
187967,2,999,5,48,35,16,7,83,23,64,42,106
187967,3,1,1,8,7,9,7,15,16,17,14,31
187967,3,1,2,8,7,9,7,15,16,17,14,31
187967,4,2,1,320,141,6,2,461,8,326,143,469
187967,4,2,2,320,141,6,2,461,8,326,143,469
187967,5,3,1,268,134,17,4,402,21,285,138,423
187967,5,3,2,267,128,17,3,395,20,284,131,415
187967,5,3,5,1,6,0,1,7,1,1,7,8
187967,6,4,1,168,67,41,12,235,53,209,79,288
187967,6,4,2,121,38,25,6,159,31,146,44,190
187967,6,4,5,47,29,16,6,76,22,63,35,98
187967,7,999,1,160,57,133,125,217,258,293,182,475
187967,7,999,2,55,18,29,22,73,51,84,40,124
187967,7,999,5,105,39,104,103,144,207,209,142,351
187967,8,5,1,95,29,46,26,124,72,141,55,196
187967,8,5,2,33,7,13,4,40,17,46,11,57
187967,8,5,5,62,22,33,22,84,55,95,44,139
187967,9,6,1,40,20,28,20,60,48,68,40,108
187967,9,6,2,16,9,4,3,25,7,20,12,32
187967,9,6,5,24,11,24,17,35,41,48,28,76
187967,10,7,1,20,5,16,15,25,31,36,20,56
187967,10,7,2,6,0,4,1,6,5,10,1,11
187967,10,7,5,14,5,12,14,19,26,26,19,45
187967,11,8,1,4,2,23,28,6,51,27,30,57
187967,11,8,2,0,1,4,1,1,5,4,2,6
187967,11,8,5,4,1,19,27,5,46,23,28,51
187967,12,9,1,1,1,10,21,2,31,11,22,33
187967,12,9,2,0,1,2,5,1,7,2,6,8
187967,12,9,5,1,0,8,16,1,24,9,16,25
187967,13,10,1,0,0,10,15,0,25,10,15,25
187967,13,10,2,0,0,2,8,0,10,2,8,10
187967,13,10,5,0,0,8,7,0,15,8,7,15
187976,1,412,1,64,84,369,412,148,781,433,496,929
187976,1,112,2,64,84,369,412,148,781,433,496,929
187976,2,999,1,51,77,260,275,128,535,311,352,663
187976,2,999,2,51,77,260,275,128,535,311,352,663
187976,3,1,1,1,4,54,61,5,115,55,65,120
187976,3,1,2,1,4,54,61,5,115,55,65,120
187976,4,2,1,31,55,61,92,86,153,92,147,239
187976,4,2,2,31,55,61,92,86,153,92,147,239
187976,5,3,1,18,10,94,62,28,156,112,72,184
187976,5,3,2,18,10,94,62,28,156,112,72,184
187976,6,4,1,1,8,51,60,9,111,52,68,120
187976,6,4,2,1,8,51,60,9,111,52,68,120
187976,7,999,1,13,7,108,137,20,245,121,144,265
187976,7,999,2,13,7,108,137,20,245,121,144,265
187976,8,5,1,7,2,41,44,9,85,48,46,94
187976,8,5,2,7,2,41,44,9,85,48,46,94
187976,9,6,1,1,2,26,29,3,55,27,31,58
187976,9,6,2,1,2,26,29,3,55,27,31,58
187976,10,7,1,3,2,22,24,5,46,25,26,51
187976,10,7,2,3,2,22,24,5,46,25,26,51
187976,11,8,1,2,1,13,30,3,43,15,31,46
187976,11,8,2,2,1,13,30,3,43,15,31,46
187976,12,9,1,0,0,6,7,0,13,6,7,13
187976,12,9,2,0,0,6,7,0,13,6,7,13
187976,13,10,1,0,0,0,3,0,3,0,3,3
187976,13,10,2,0,0,0,3,0,3,0,3,3
187976,14,11,1,0,0,1,0,0,1,1,0,1
187976,14,11,2,0,0,1,0,0,1,1,0,1
187985,1,412,1,6468,8718,3019,4106,15186,7125,9487,12824,22311
187985,1,112,2,5134,6990,1652,2433,12124,4085,6786,9423,16209
187985,1,312,5,1334,1728,1367,1673,3062,3040,2701,3401,6102
187985,2,999,1,4900,6791,1058,1353,11691,2411,5958,8144,14102
187985,2,999,2,4432,6153,889,1158,10585,2047,5321,7311,12632
187985,2,999,5,468,638,169,195,1106,364,637,833,1470
187985,3,1,1,43,98,101,140,141,241,144,238,382
187985,3,1,2,43,98,101,140,141,241,144,238,382
187985,4,2,1,1841,2656,107,182,4497,289,1948,2838,4786
187985,4,2,2,1841,2654,107,181,4495,288,1948,2835,4783
187985,4,2,5,0,2,0,1,2,1,0,3,3
187985,5,3,1,1723,2477,256,328,4200,584,1979,2805,4784
187985,5,3,2,1700,2433,252,320,4133,572,1952,2753,4705
187985,5,3,5,23,44,4,8,67,12,27,52,79
187985,6,4,1,1293,1560,594,703,2853,1297,1887,2263,4150
187985,6,4,2,848,968,429,517,1816,946,1277,1485,2762
187985,6,4,5,445,592,165,186,1037,351,610,778,1388
187985,7,999,1,1538,1873,1960,2752,3411,4712,3498,4625,8123
187985,7,999,2,672,783,762,1274,1455,2036,1434,2057,3491
187985,7,999,5,866,1090,1198,1478,1956,2676,2064,2568,4632
187985,8,5,1,793,951,668,767,1744,1435,1461,1718,3179
187985,8,5,2,331,389,268,419,720,687,599,808,1407
187985,8,5,5,462,562,400,348,1024,748,862,910,1772
187985,9,6,1,369,442,450,592,811,1042,819,1034,1853
187985,9,6,2,169,185,187,287,354,474,356,472,828
187985,9,6,5,200,257,263,305,457,568,463,562,1025
187985,10,7,1,175,232,282,467,407,749,457,699,1156
187985,10,7,2,82,91,118,214,173,332,200,305,505
187985,10,7,5,93,141,164,253,234,417,257,394,651
187985,11,8,1,146,186,296,558,332,854,442,744,1186
187985,11,8,2,70,93,108,242,163,350,178,335,513
187985,11,8,5,76,93,188,316,169,504,264,409,673
187985,12,9,1,48,52,183,296,100,479,231,348,579
187985,12,9,2,19,21,64,99,40,163,83,120,203
187985,12,9,5,29,31,119,197,60,316,148,228,376
187985,13,10,1,7,10,81,72,17,153,88,82,170
187985,13,10,2,1,4,17,13,5,30,18,17,35
187985,13,10,5,6,6,64,59,12,123,70,65,135
187985,14,11,1,30,54,1,1,84,2,31,55,86
187985,14,11,2,30,54,1,1,84,2,31,55,86
187994,1,412,1,85,150,258,448,235,706,343,598,941
187994,1,112,2,85,150,258,448,235,706,343,598,941
187994,2,999,1,64,107,158,274,171,432,222,381,603
187994,2,999,2,64,107,158,274,171,432,222,381,603
187994,3,1,1,1,3,53,74,4,127,54,77,131
187994,3,1,2,1,3,53,74,4,127,54,77,131
187994,4,2,1,34,64,34,64,98,98,68,128,196
187994,4,2,2,34,64,34,64,98,98,68,128,196
187994,5,3,1,18,20,41,75,38,116,59,95,154
187994,5,3,2,18,20,41,75,38,116,59,95,154
187994,6,4,1,11,20,30,61,31,91,41,81,122
187994,6,4,2,11,20,30,61,31,91,41,81,122
187994,7,999,1,21,43,100,174,64,274,121,217,338
187994,7,999,2,21,43,100,174,64,274,121,217,338
187994,8,5,1,12,18,32,63,30,95,44,81,125
187994,8,5,2,12,18,32,63,30,95,44,81,125
187994,9,6,1,4,13,25,32,17,57,29,45,74
187994,9,6,2,4,13,25,32,17,57,29,45,74
187994,10,7,1,3,3,15,26,6,41,18,29,47
187994,10,7,2,3,3,15,26,6,41,18,29,47
187994,11,8,1,2,7,11,26,9,37,13,33,46
187994,11,8,2,2,7,11,26,9,37,13,33,46
187994,12,9,1,0,2,11,15,2,26,11,17,28
187994,12,9,2,0,2,11,15,2,26,11,17,28
187994,13,10,1,0,0,6,12,0,18,6,12,18
187994,13,10,2,0,0,6,12,0,18,6,12,18
188003,1,412,1,77,192,284,650,269,934,361,842,1203
188003,1,112,2,77,192,284,650,269,934,361,842,1203
188003,2,999,1,62,154,217,461,216,678,279,615,894
188003,2,999,2,62,154,217,461,216,678,279,615,894
188003,3,1,1,11,27,117,239,38,356,128,266,394
188003,3,1,2,11,27,117,239,38,356,128,266,394
188003,4,2,1,36,84,44,84,120,128,80,168,248
188003,4,2,2,36,84,44,84,120,128,80,168,248
188003,5,3,1,11,26,34,70,37,104,45,96,141
188003,5,3,2,11,26,34,70,37,104,45,96,141
188003,6,4,1,4,17,22,68,21,90,26,85,111
188003,6,4,2,4,17,22,68,21,90,26,85,111
188003,7,999,1,15,38,66,189,53,255,81,227,308
188003,7,999,2,15,38,66,189,53,255,81,227,308
188003,8,5,1,6,18,23,71,24,94,29,89,118
188003,8,5,2,6,18,23,71,24,94,29,89,118
188003,9,6,1,5,9,19,48,14,67,24,57,81
188003,9,6,2,5,9,19,48,14,67,24,57,81
188003,10,7,1,1,6,10,27,7,37,11,33,44
188003,10,7,2,1,6,10,27,7,37,11,33,44
188003,11,8,1,2,5,11,31,7,42,13,36,49
188003,11,8,2,2,5,11,31,7,42,13,36,49
188003,12,9,1,1,0,1,12,1,13,2,12,14
188003,12,9,2,1,0,1,12,1,13,2,12,14
188003,13,10,1,0,0,2,0,0,2,2,0,2
188003,13,10,2,0,0,2,0,0,2,2,0,2
188003,14,11,1,0,0,1,0,0,1,1,0,1
188003,14,11,2,0,0,1,0,0,1,1,0,1
188021,1,412,1,34,82,142,364,116,506,176,446,622
188021,1,112,2,34,82,142,364,116,506,176,446,622
188021,2,999,1,23,55,109,248,78,357,132,303,435
188021,2,999,2,23,55,109,248,78,357,132,303,435
188021,3,1,1,1,2,55,115,3,170,56,117,173
188021,3,1,2,1,2,55,115,3,170,56,117,173
188021,4,2,1,17,32,25,41,49,66,42,73,115
188021,4,2,2,17,32,25,41,49,66,42,73,115
188021,5,3,1,3,14,14,54,17,68,17,68,85
188021,5,3,2,3,14,14,54,17,68,17,68,85
188021,6,4,1,2,7,15,38,9,53,17,45,62
188021,6,4,2,2,7,15,38,9,53,17,45,62
188021,7,999,1,11,27,33,116,38,149,44,143,187
188021,7,999,2,11,27,33,116,38,149,44,143,187
188021,8,5,1,5,10,14,30,15,44,19,40,59
188021,8,5,2,5,10,14,30,15,44,19,40,59
188021,9,6,1,1,10,8,28,11,36,9,38,47
188021,9,6,2,1,10,8,28,11,36,9,38,47
188021,10,7,1,4,2,1,18,6,19,5,20,25
188021,10,7,2,4,2,1,18,6,19,5,20,25
188021,11,8,1,1,4,3,27,5,30,4,31,35
188021,11,8,2,1,4,3,27,5,30,4,31,35
188021,12,9,1,0,1,4,10,1,14,4,11,15
188021,12,9,2,0,1,4,10,1,14,4,11,15
188021,13,10,1,0,0,3,3,0,6,3,3,6
188021,13,10,2,0,0,3,3,0,6,3,3,6
188030,1,412,1,4605,6256,1409,1957,10861,3366,6014,8213,14227
188030,1,112,2,4013,5453,929,1180,9466,2109,4942,6633,11575
188030,1,312,5,592,803,480,777,1395,1257,1072,1580,2652
188030,2,999,1,3703,5118,543,676,8821,1219,4246,5794,10040
188030,2,999,2,3548,4849,503,597,8397,1100,4051,5446,9497
188030,2,999,5,155,269,40,79,424,119,195,348,543
188030,3,1,1,23,62,88,139,85,227,111,201,312
188030,3,1,2,23,62,88,139,85,227,111,201,312
188030,4,2,1,1532,2133,60,55,3665,115,1592,2188,3780
188030,4,2,2,1532,2133,60,55,3665,115,1592,2188,3780
188030,5,3,1,1352,1950,118,150,3302,268,1470,2100,3570
188030,5,3,2,1346,1927,118,144,3273,262,1464,2071,3535
188030,5,3,5,6,23,0,6,29,6,6,29,35
188030,6,4,1,796,973,277,332,1769,609,1073,1305,2378
188030,6,4,2,647,727,237,259,1374,496,884,986,1870
188030,6,4,5,149,246,40,73,395,113,189,319,508
188030,7,999,1,902,1138,866,1281,2040,2147,1768,2419,4187
188030,7,999,2,465,604,426,583,1069,1009,891,1187,2078
188030,7,999,5,437,534,440,698,971,1138,877,1232,2109
188030,8,5,1,474,575,294,367,1049,661,768,942,1710
188030,8,5,2,257,309,184,218,566,402,441,527,968
188030,8,5,5,217,266,110,149,483,259,327,415,742
188030,9,6,1,207,278,189,284,485,473,396,562,958
188030,9,6,2,94,156,92,129,250,221,186,285,471
188030,9,6,5,113,122,97,155,235,252,210,277,487
188030,10,7,1,117,127,140,208,244,348,257,335,592
188030,10,7,2,56,64,51,84,120,135,107,148,255
188030,10,7,5,61,63,89,124,124,213,150,187,337
188030,11,8,1,71,108,136,258,179,394,207,366,573
188030,11,8,2,39,51,56,89,90,145,95,140,235
188030,11,8,5,32,57,80,169,89,249,112,226,338
188030,12,9,1,31,50,82,131,81,213,113,181,294
188030,12,9,2,18,24,26,40,42,66,44,64,108
188030,12,9,5,13,26,56,91,39,147,69,117,186
188030,13,10,1,2,0,25,33,2,58,27,33,60
188030,13,10,2,1,0,17,23,1,40,18,23,41
188030,13,10,5,1,0,8,10,1,18,9,10,19
188049,1,412,1,114,216,363,742,330,1105,477,958,1435
188049,1,112,2,114,216,363,742,330,1105,477,958,1435
188049,2,999,1,102,188,263,513,290,776,365,701,1066
188049,2,999,2,102,188,263,513,290,776,365,701,1066
188049,3,1,1,5,14,55,134,19,189,60,148,208
188049,3,1,2,5,14,55,134,19,189,60,148,208
188049,4,2,1,63,118,76,145,181,221,139,263,402
188049,4,2,2,63,118,76,145,181,221,139,263,402
188049,5,3,1,24,42,70,132,66,202,94,174,268
188049,5,3,2,24,42,70,132,66,202,94,174,268
188049,6,4,1,10,14,62,102,24,164,72,116,188
188049,6,4,2,10,14,62,102,24,164,72,116,188
188049,7,999,1,12,28,100,229,40,329,112,257,369
188049,7,999,2,12,28,100,229,40,329,112,257,369
188049,8,5,1,7,7,52,93,14,145,59,100,159
188049,8,5,2,7,7,52,93,14,145,59,100,159
188049,9,6,1,2,7,16,51,9,67,18,58,76
188049,9,6,2,2,7,16,51,9,67,18,58,76
188049,10,7,1,3,4,10,36,7,46,13,40,53
188049,10,7,2,3,4,10,36,7,46,13,40,53
188049,11,8,1,0,7,15,29,7,44,15,36,51
188049,11,8,2,0,7,15,29,7,44,15,36,51
188049,12,9,1,0,3,7,15,3,22,7,18,25
188049,12,9,2,0,3,7,15,3,22,7,18,25
188049,13,10,1,0,0,0,5,0,5,0,5,5
188049,13,10,2,0,0,0,5,0,5,0,5,5
188100,1,412,1,643,956,978,2663,1599,3641,1621,3619,5240
188100,1,112,2,643,956,978,2663,1599,3641,1621,3619,5240
188100,2,999,1,407,596,554,1283,1003,1837,961,1879,2840
188100,2,999,2,407,596,554,1283,1003,1837,961,1879,2840
188100,3,1,1,43,66,208,411,109,619,251,477,728
188100,3,1,2,43,66,208,411,109,619,251,477,728
188100,4,2,1,179,260,131,280,439,411,310,540,850
188100,4,2,2,179,260,131,280,439,411,310,540,850
188100,5,3,1,118,162,107,234,280,341,225,396,621
188100,5,3,2,118,162,107,234,280,341,225,396,621
188100,6,4,1,67,108,108,358,175,466,175,466,641
188100,6,4,2,67,108,108,358,175,466,175,466,641
188100,7,999,1,236,360,424,1380,596,1804,660,1740,2400
188100,7,999,2,236,360,424,1380,596,1804,660,1740,2400
188100,8,5,1,80,135,123,488,215,611,203,623,826
188100,8,5,2,80,135,123,488,215,611,203,623,826
188100,9,6,1,62,87,100,309,149,409,162,396,558
188100,9,6,2,62,87,100,309,149,409,162,396,558
188100,10,7,1,41,64,68,191,105,259,109,255,364
188100,10,7,2,41,64,68,191,105,259,109,255,364
188100,11,8,1,40,58,65,210,98,275,105,268,373
188100,11,8,2,40,58,65,210,98,275,105,268,373
188100,12,9,1,13,16,40,110,29,150,53,126,179
188100,12,9,2,13,16,40,110,29,150,53,126,179
188100,13,10,1,0,0,28,72,0,100,28,72,100
188100,13,10,2,0,0,28,72,0,100,28,72,100
188137,1,412,1,280,479,890,1810,759,2700,1170,2289,3459
188137,1,112,2,280,479,890,1810,759,2700,1170,2289,3459
188137,2,999,1,186,350,480,836,536,1316,666,1186,1852
188137,2,999,2,186,350,480,836,536,1316,666,1186,1852
188137,3,1,1,18,27,267,437,45,704,285,464,749
188137,3,1,2,18,27,267,437,45,704,285,464,749
188137,4,2,1,81,157,85,134,238,219,166,291,457
188137,4,2,2,81,157,85,134,238,219,166,291,457
188137,5,3,1,56,98,68,118,154,186,124,216,340
188137,5,3,2,56,98,68,118,154,186,124,216,340
188137,6,4,1,31,68,60,147,99,207,91,215,306
188137,6,4,2,31,68,60,147,99,207,91,215,306
188137,7,999,1,94,129,410,974,223,1384,504,1103,1607
188137,7,999,2,94,129,410,974,223,1384,504,1103,1607
188137,8,5,1,33,56,93,231,89,324,126,287,413
188137,8,5,2,33,56,93,231,89,324,126,287,413
188137,9,6,1,24,26,58,174,50,232,82,200,282
188137,9,6,2,24,26,58,174,50,232,82,200,282
188137,10,7,1,16,25,44,128,41,172,60,153,213
188137,10,7,2,16,25,44,128,41,172,60,153,213
188137,11,8,1,14,13,62,160,27,222,76,173,249
188137,11,8,2,14,13,62,160,27,222,76,173,249
188137,12,9,1,4,8,73,152,12,225,77,160,237
188137,12,9,2,4,8,73,152,12,225,77,160,237
188137,13,10,1,3,1,80,129,4,209,83,130,213
188137,13,10,2,3,1,80,129,4,209,83,130,213
188225,1,412,1,61,103,318,564,164,882,379,667,1046
188225,1,112,2,61,103,318,564,164,882,379,667,1046
188225,2,999,1,39,51,256,377,90,633,295,428,723
188225,2,999,2,39,51,256,377,90,633,295,428,723
188225,3,1,1,2,4,122,187,6,309,124,191,315
188225,3,1,2,2,4,122,187,6,309,124,191,315
188225,4,2,1,28,36,51,70,64,121,79,106,185
188225,4,2,2,28,36,51,70,64,121,79,106,185
188225,5,3,1,8,6,49,80,14,129,57,86,143
188225,5,3,2,8,6,49,80,14,129,57,86,143
188225,6,4,1,1,5,34,40,6,74,35,45,80
188225,6,4,2,1,5,34,40,6,74,35,45,80
188225,7,999,1,22,52,62,185,74,247,84,237,321
188225,7,999,2,22,52,62,185,74,247,84,237,321
188225,8,5,1,4,19,21,50,23,71,25,69,94
188225,8,5,2,4,19,21,50,23,71,25,69,94
188225,9,6,1,2,14,20,42,16,62,22,56,78
188225,9,6,2,2,14,20,42,16,62,22,56,78
188225,10,7,1,4,9,12,25,13,37,16,34,50
188225,10,7,2,4,9,12,25,13,37,16,34,50
188225,11,8,1,6,8,0,42,14,42,6,50,56
188225,11,8,2,6,8,0,42,14,42,6,50,56
188225,12,9,1,6,2,5,21,8,26,11,23,34
188225,12,9,2,6,2,5,21,8,26,11,23,34
188225,13,10,1,0,0,4,5,0,9,4,5,9
188225,13,10,2,0,0,4,5,0,9,4,5,9
188225,14,11,1,0,0,0,2,0,2,0,2,2
188225,14,11,2,0,0,0,2,0,2,0,2,2
188340,1,412,1,1024,152,232,34,1176,266,1256,186,1442
188340,1,112,2,1023,151,231,33,1174,264,1254,184,1438
188340,1,312,5,1,1,1,1,2,2,2,2,4
188340,2,999,1,767,120,110,9,887,119,877,129,1006
188340,2,999,2,767,119,110,9,886,119,877,128,1005
188340,2,999,5,0,1,0,0,1,0,0,1,1
188340,3,1,1,27,3,0,0,30,0,27,3,30
188340,3,1,2,27,3,0,0,30,0,27,3,30
188340,4,2,1,291,57,21,1,348,22,312,58,370
188340,4,2,2,291,57,21,1,348,22,312,58,370
188340,5,3,1,249,33,38,4,282,42,287,37,324
188340,5,3,2,249,33,38,4,282,42,287,37,324
188340,6,4,1,200,27,51,4,227,55,251,31,282
188340,6,4,2,200,26,51,4,226,55,251,30,281
188340,6,4,5,0,1,0,0,1,0,0,1,1
188340,7,999,1,257,32,122,25,289,147,379,57,436
188340,7,999,2,256,32,121,24,288,145,377,56,433
188340,7,999,5,1,0,1,1,1,2,2,1,3
188340,8,5,1,154,19,64,14,173,78,218,33,251
188340,8,5,2,154,19,64,13,173,77,218,32,250
188340,8,5,5,0,0,0,1,0,1,0,1,1
188340,9,6,1,58,10,24,7,68,31,82,17,99
188340,9,6,2,57,10,24,7,67,31,81,17,98
188340,9,6,5,1,0,0,0,1,0,1,0,1
188340,10,7,1,20,3,16,1,23,17,36,4,40
188340,10,7,2,20,3,16,1,23,17,36,4,40
188340,11,8,1,17,0,10,3,17,13,27,3,30
188340,11,8,2,17,0,9,3,17,12,26,3,29
188340,11,8,5,0,0,1,0,0,1,1,0,1
188340,12,9,1,8,0,8,0,8,8,16,0,16
188340,12,9,2,8,0,8,0,8,8,16,0,16
188429,1,412,1,1877,4373,382,952,6250,1334,2259,5325,7584
188429,1,112,2,1481,3346,117,180,4827,297,1598,3526,5124
188429,1,312,5,396,1027,265,772,1423,1037,661,1799,2460
188429,2,999,1,1569,3651,124,224,5220,348,1693,3875,5568
188429,2,999,2,1396,3132,76,105,4528,181,1472,3237,4709
188429,2,999,5,173,519,48,119,692,167,221,638,859
188429,3,1,1,58,149,0,0,207,0,58,149,207
188429,3,1,2,58,149,0,0,207,0,58,149,207
188429,4,2,1,557,1365,8,33,1922,41,565,1398,1963
188429,4,2,2,557,1365,8,33,1922,41,565,1398,1963
188429,5,3,1,598,1349,30,30,1947,60,628,1379,2007
188429,5,3,2,583,1302,29,24,1885,53,612,1326,1938
188429,5,3,5,15,47,1,6,62,7,16,53,69
188429,6,4,1,356,788,86,161,1144,247,442,949,1391
188429,6,4,2,198,316,39,48,514,87,237,364,601
188429,6,4,5,158,472,47,113,630,160,205,585,790
188429,7,999,1,308,722,257,728,1030,985,565,1450,2015
188429,7,999,2,85,214,41,75,299,116,126,289,415
188429,7,999,5,223,508,216,653,731,869,439,1161,1600
188429,8,5,1,199,394,98,247,593,345,297,641,938
188429,8,5,2,60,112,17,27,172,44,77,139,216
188429,8,5,5,139,282,81,220,421,301,220,502,722
188429,9,6,1,57,140,59,140,197,199,116,280,396
188429,9,6,2,10,48,9,12,58,21,19,60,79
188429,9,6,5,47,92,50,128,139,178,97,220,317
188429,10,7,1,24,76,25,98,100,123,49,174,223
188429,10,7,2,9,24,3,8,33,11,12,32,44
188429,10,7,5,15,52,22,90,67,112,37,142,179
188429,11,8,1,22,78,43,139,100,182,65,217,282
188429,11,8,2,6,25,8,15,31,23,14,40,54
188429,11,8,5,16,53,35,124,69,159,51,177,228
188429,12,9,1,3,34,32,101,37,133,35,135,170
188429,12,9,2,0,5,4,13,5,17,4,18,22
188429,12,9,5,3,29,28,88,32,116,31,117,148
188429,13,10,1,3,0,0,3,3,3,3,3,6
188429,13,10,5,3,0,0,3,3,3,3,3,6
188429,14,11,1,0,0,1,0,0,1,1,0,1
188429,14,11,5,0,0,1,0,0,1,1,0,1
188438,1,412,1,657,844,584,909,1501,1493,1241,1753,2994
188438,1,112,2,657,844,584,909,1501,1493,1241,1753,2994
188438,2,999,1,580,706,483,613,1286,1096,1063,1319,2382
188438,2,999,2,580,706,483,613,1286,1096,1063,1319,2382
188438,3,1,1,25,62,276,310,87,586,301,372,673
188438,3,1,2,25,62,276,310,87,586,301,372,673
188438,4,2,1,385,458,97,108,843,205,482,566,1048
188438,4,2,2,385,458,97,108,843,205,482,566,1048
188438,5,3,1,122,127,57,117,249,174,179,244,423
188438,5,3,2,122,127,57,117,249,174,179,244,423
188438,6,4,1,48,59,53,78,107,131,101,137,238
188438,6,4,2,48,59,53,78,107,131,101,137,238
188438,7,999,1,77,138,101,296,215,397,178,434,612
188438,7,999,2,77,138,101,296,215,397,178,434,612
188438,8,5,1,27,50,48,111,77,159,75,161,236
188438,8,5,2,27,50,48,111,77,159,75,161,236
188438,9,6,1,23,35,12,79,58,91,35,114,149
188438,9,6,2,23,35,12,79,58,91,35,114,149
188438,10,7,1,10,23,19,38,33,57,29,61,90
188438,10,7,2,10,23,19,38,33,57,29,61,90
188438,11,8,1,12,22,9,47,34,56,21,69,90
188438,11,8,2,12,22,9,47,34,56,21,69,90
188438,12,9,1,5,8,13,20,13,33,18,28,46
188438,12,9,2,5,8,13,20,13,33,18,28,46
188438,13,10,1,0,0,0,1,0,1,0,1,1
188438,13,10,2,0,0,0,1,0,1,0,1,1
188517,1,412,1,118,173,15,78,291,93,133,251,384
188517,1,112,2,118,173,15,78,291,93,133,251,384
188517,2,999,1,86,102,5,30,188,35,91,132,223
188517,2,999,2,86,102,5,30,188,35,91,132,223
188517,3,1,1,2,7,0,8,9,8,2,15,17
188517,3,1,2,2,7,0,8,9,8,2,15,17
188517,4,2,1,30,42,2,5,72,7,32,47,79
188517,4,2,2,30,42,2,5,72,7,32,47,79
188517,5,3,1,32,29,0,8,61,8,32,37,69
188517,5,3,2,32,29,0,8,61,8,32,37,69
188517,6,4,1,22,24,3,9,46,12,25,33,58
188517,6,4,2,22,24,3,9,46,12,25,33,58
188517,7,999,1,32,71,10,48,103,58,42,119,161
188517,7,999,2,32,71,10,48,103,58,42,119,161
188517,8,5,1,15,24,5,16,39,21,20,40,60
188517,8,5,2,15,24,5,16,39,21,20,40,60
188517,9,6,1,6,15,2,6,21,8,8,21,29
188517,9,6,2,6,15,2,6,21,8,8,21,29
188517,10,7,1,7,12,1,8,19,9,8,20,28
188517,10,7,2,7,12,1,8,19,9,8,20,28
188517,11,8,1,3,19,1,12,22,13,4,31,35
188517,11,8,2,3,19,1,12,22,13,4,31,35
188517,12,9,1,1,1,1,6,2,7,2,7,9
188517,12,9,2,1,1,1,6,2,7,2,7,9
188641,1,412,1,830,851,127,379,1681,506,957,1230,2187
188641,1,112,2,762,758,36,37,1520,73,798,795,1593
188641,1,312,5,68,93,91,342,161,433,159,435,594
188641,2,999,1,720,784,46,62,1504,108,766,846,1612
188641,2,999,2,683,733,28,26,1416,54,711,759,1470
188641,2,999,5,37,51,18,36,88,54,55,87,142
188641,3,1,1,15,36,4,12,51,16,19,48,67
188641,3,1,2,15,36,4,12,51,16,19,48,67
188641,4,2,1,315,320,5,7,635,12,320,327,647
188641,4,2,2,315,320,5,7,635,12,320,327,647
188641,5,3,1,268,317,10,5,585,15,278,322,600
188641,5,3,2,264,308,10,4,572,14,274,312,586
188641,5,3,5,4,9,0,1,13,1,4,10,14
188641,6,4,1,122,111,27,38,233,65,149,149,298
188641,6,4,2,89,69,9,3,158,12,98,72,170
188641,6,4,5,33,42,18,35,75,53,51,77,128
188641,7,999,1,110,67,81,317,177,398,191,384,575
188641,7,999,2,79,25,8,11,104,19,87,36,123
188641,7,999,5,31,42,73,306,73,379,104,348,452
188641,8,5,1,82,38,28,80,120,108,110,118,228
188641,8,5,2,64,10,3,2,74,5,67,12,79
188641,8,5,5,18,28,25,78,46,103,43,106,149
188641,9,6,1,20,13,20,80,33,100,40,93,133
188641,9,6,2,13,8,3,3,21,6,16,11,27
188641,9,6,5,7,5,17,77,12,94,24,82,106
188641,10,7,1,4,9,8,51,13,59,12,60,72
188641,10,7,2,2,2,0,0,4,0,2,2,4
188641,10,7,5,2,7,8,51,9,59,10,58,68
188641,11,8,1,2,6,18,68,8,86,20,74,94
188641,11,8,2,0,4,2,5,4,7,2,9,11
188641,11,8,5,2,2,16,63,4,79,18,65,83
188641,12,9,1,1,1,7,38,2,45,8,39,47
188641,12,9,2,0,1,0,1,1,1,0,2,2
188641,12,9,5,1,0,7,37,1,44,8,37,45
188641,13,10,1,1,0,0,0,1,0,1,0,1
188641,13,10,5,1,0,0,0,1,0,1,0,1
188687,1,412,1,27,46,122,268,73,390,149,314,463
188687,1,112,2,27,46,122,268,73,390,149,314,463
188687,2,999,1,9,15,23,67,24,90,32,82,114
188687,2,999,2,9,15,23,67,24,90,32,82,114
188687,4,2,1,2,3,4,10,5,14,6,13,19
188687,4,2,2,2,3,4,10,5,14,6,13,19
188687,5,3,1,2,3,3,13,5,16,5,16,21
188687,5,3,2,2,3,3,13,5,16,5,16,21
188687,6,4,1,5,9,16,44,14,60,21,53,74
188687,6,4,2,5,9,16,44,14,60,21,53,74
188687,7,999,1,18,31,99,201,49,300,117,232,349
188687,7,999,2,18,31,99,201,49,300,117,232,349
188687,8,5,1,5,14,23,74,19,97,28,88,116
188687,8,5,2,5,14,23,74,19,97,28,88,116
188687,9,6,1,5,5,28,47,10,75,33,52,85
188687,9,6,2,5,5,28,47,10,75,33,52,85
188687,10,7,1,4,4,15,36,8,51,19,40,59
188687,10,7,2,4,4,15,36,8,51,19,40,59
188687,11,8,1,2,7,14,30,9,44,16,37,53
188687,11,8,2,2,7,14,30,9,44,16,37,53
188687,12,9,1,1,1,19,13,2,32,20,14,34
188687,12,9,2,1,1,19,13,2,32,20,14,34
188687,13,10,1,1,0,0,1,1,1,1,1,2
188687,13,10,2,1,0,0,1,1,1,1,1,2
188854,1,412,1,430,969,0,0,1399,0,430,969,1399
188854,1,112,2,430,965,0,0,1395,0,430,965,1395
188854,1,312,5,0,4,0,0,4,0,0,4,4
188854,2,999,1,415,945,0,0,1360,0,415,945,1360
188854,2,999,2,415,943,0,0,1358,0,415,943,1358
188854,2,999,5,0,2,0,0,2,0,0,2,2
188854,3,1,1,4,7,0,0,11,0,4,7,11
188854,3,1,2,4,7,0,0,11,0,4,7,11
188854,4,2,1,227,505,0,0,732,0,227,505,732
188854,4,2,2,227,505,0,0,732,0,227,505,732
188854,5,3,1,148,345,0,0,493,0,148,345,493
188854,5,3,2,148,345,0,0,493,0,148,345,493
188854,6,4,1,36,88,0,0,124,0,36,88,124
188854,6,4,2,36,86,0,0,122,0,36,86,122
188854,6,4,5,0,2,0,0,2,0,0,2,2
188854,7,999,1,15,24,0,0,39,0,15,24,39
188854,7,999,2,15,22,0,0,37,0,15,22,37
188854,7,999,5,0,2,0,0,2,0,0,2,2
188854,8,5,1,11,20,0,0,31,0,11,20,31
188854,8,5,2,11,18,0,0,29,0,11,18,29
188854,8,5,5,0,2,0,0,2,0,0,2,2
188854,9,6,1,3,3,0,0,6,0,3,3,6
188854,9,6,2,3,3,0,0,6,0,3,3,6
188854,10,7,1,1,1,0,0,2,0,1,1,2
188854,10,7,2,1,1,0,0,2,0,1,1,2
189015,1,412,1,26,199,42,332,225,374,68,531,599
189015,1,312,5,26,199,42,332,225,374,68,531,599
189015,2,999,1,0,41,1,58,41,59,1,99,100
189015,2,999,5,0,41,1,58,41,59,1,99,100
189015,5,3,1,0,2,0,0,2,0,0,2,2
189015,5,3,5,0,2,0,0,2,0,0,2,2
189015,6,4,1,0,39,1,58,39,59,1,97,98
189015,6,4,5,0,39,1,58,39,59,1,97,98
189015,7,999,1,26,158,41,274,184,315,67,432,499
189015,7,999,5,26,158,41,274,184,315,67,432,499
189015,8,5,1,2,62,9,89,64,98,11,151,162
189015,8,5,5,2,62,9,89,64,98,11,151,162
189015,9,6,1,12,43,12,59,55,71,24,102,126
189015,9,6,5,12,43,12,59,55,71,24,102,126
189015,10,7,1,5,27,7,35,32,42,12,62,74
189015,10,7,5,5,27,7,35,32,42,12,62,74
189015,11,8,1,5,20,6,69,25,75,11,89,100
189015,11,8,5,5,20,6,69,25,75,11,89,100
189015,12,9,1,2,6,7,21,8,28,9,27,36
189015,12,9,5,2,6,7,21,8,28,9,27,36
189015,13,10,1,0,0,0,1,0,1,0,1,1
189015,13,10,5,0,0,0,1,0,1,0,1,1
189097,1,412,1,0,2651,0,93,2651,93,0,2744,2744
189097,1,112,2,0,2651,0,93,2651,93,0,2744,2744
189097,2,999,1,0,2639,0,77,2639,77,0,2716,2716
189097,2,999,2,0,2639,0,77,2639,77,0,2716,2716
189097,3,1,1,0,66,0,0,66,0,0,66,66
189097,3,1,2,0,66,0,0,66,0,0,66,66
189097,4,2,1,0,1196,0,28,1196,28,0,1224,1224
189097,4,2,2,0,1196,0,28,1196,28,0,1224,1224
189097,5,3,1,0,1217,0,35,1217,35,0,1252,1252
189097,5,3,2,0,1217,0,35,1217,35,0,1252,1252
189097,6,4,1,0,160,0,14,160,14,0,174,174
189097,6,4,2,0,160,0,14,160,14,0,174,174
189097,7,999,1,0,3,0,4,3,4,0,7,7
189097,7,999,2,0,3,0,4,3,4,0,7,7
189097,8,5,1,0,3,0,1,3,1,0,4,4
189097,8,5,2,0,3,0,1,3,1,0,4,4
189097,9,6,1,0,0,0,3,0,3,0,3,3
189097,9,6,2,0,0,0,3,0,3,0,3,3
189097,14,11,1,0,9,0,12,9,12,0,21,21
189097,14,11,2,0,9,0,12,9,12,0,21,21
189228,1,412,1,604,1099,223,450,1703,673,827,1549,2376
189228,1,112,2,604,1099,223,450,1703,673,827,1549,2376
189228,2,999,1,320,569,101,124,889,225,421,693,1114
189228,2,999,2,320,569,101,124,889,225,421,693,1114
189228,3,1,1,0,6,0,0,6,0,0,6,6
189228,3,1,2,0,6,0,0,6,0,0,6,6
189228,4,2,1,72,155,43,28,227,71,115,183,298
189228,4,2,2,72,155,43,28,227,71,115,183,298
189228,5,3,1,102,193,15,29,295,44,117,222,339
189228,5,3,2,102,193,15,29,295,44,117,222,339
189228,6,4,1,146,215,43,67,361,110,189,282,471
189228,6,4,2,146,215,43,67,361,110,189,282,471
189228,7,999,1,284,530,122,326,814,448,406,856,1262
189228,7,999,2,284,530,122,326,814,448,406,856,1262
189228,8,5,1,129,221,43,107,350,150,172,328,500
189228,8,5,2,129,221,43,107,350,150,172,328,500
189228,9,6,1,65,147,33,69,212,102,98,216,314
189228,9,6,2,65,147,33,69,212,102,98,216,314
189228,10,7,1,42,75,15,48,117,63,57,123,180
189228,10,7,2,42,75,15,48,117,63,57,123,180
189228,11,8,1,34,56,14,69,90,83,48,125,173
189228,11,8,2,34,56,14,69,90,83,48,125,173
189228,12,9,1,12,26,9,27,38,36,21,53,74
189228,12,9,2,12,26,9,27,38,36,21,53,74
189228,13,10,1,2,5,8,6,7,14,10,11,21
189228,13,10,2,2,5,8,6,7,14,10,11,21
189282,1,412,1,20,128,8,98,148,106,28,226,254
189282,1,112,2,20,128,8,98,148,106,28,226,254
189282,2,999,1,3,56,2,41,59,43,5,97,102
189282,2,999,2,3,56,2,41,59,43,5,97,102
189282,5,3,1,0,2,0,7,2,7,0,9,9
189282,5,3,2,0,2,0,7,2,7,0,9,9
189282,6,4,1,3,54,2,34,57,36,5,88,93
189282,6,4,2,3,54,2,34,57,36,5,88,93
189282,7,999,1,17,72,6,57,89,63,23,129,152
189282,7,999,2,17,72,6,57,89,63,23,129,152
189282,8,5,1,12,43,2,27,55,29,14,70,84
189282,8,5,2,12,43,2,27,55,29,14,70,84
189282,9,6,1,4,17,0,12,21,12,4,29,33
189282,9,6,2,4,17,0,12,21,12,4,29,33
189282,10,7,1,1,9,1,11,10,12,2,20,22
189282,10,7,2,1,9,1,11,10,12,2,20,22
189282,11,8,1,0,3,2,6,3,8,2,9,11
189282,11,8,2,0,3,2,6,3,8,2,9,11
189282,12,9,1,0,0,0,1,0,1,0,1,1
189282,12,9,2,0,0,0,1,0,1,0,1,1
189282,13,10,1,0,0,1,0,0,1,1,0,1
189282,13,10,2,0,0,1,0,0,1,1,0,1
189547,1,412,1,1197,1774,966,1449,2971,2415,2163,3223,5386
189547,1,112,2,1197,1774,966,1449,2971,2415,2163,3223,5386
189547,2,999,1,1054,1399,782,1025,2453,1807,1836,2424,4260
189547,2,999,2,1054,1399,782,1025,2453,1807,1836,2424,4260
189547,3,1,1,81,129,532,660,210,1192,613,789,1402
189547,3,1,2,81,129,532,660,210,1192,613,789,1402
189547,4,2,1,637,819,93,108,1456,201,730,927,1657
189547,4,2,2,637,819,93,108,1456,201,730,927,1657
189547,5,3,1,221,290,87,128,511,215,308,418,726
189547,5,3,2,221,290,87,128,511,215,308,418,726
189547,6,4,1,115,161,70,129,276,199,185,290,475
189547,6,4,2,115,161,70,129,276,199,185,290,475
189547,7,999,1,143,375,184,424,518,608,327,799,1126
189547,7,999,2,143,375,184,424,518,608,327,799,1126
189547,8,5,1,55,142,69,147,197,216,124,289,413
189547,8,5,2,55,142,69,147,197,216,124,289,413
189547,9,6,1,31,89,46,106,120,152,77,195,272
189547,9,6,2,31,89,46,106,120,152,77,195,272
189547,10,7,1,21,68,24,61,89,85,45,129,174
189547,10,7,2,21,68,24,61,89,85,45,129,174
189547,11,8,1,20,51,31,64,71,95,51,115,166
189547,11,8,2,20,51,31,64,71,95,51,115,166
189547,12,9,1,16,25,13,43,41,56,29,68,97
189547,12,9,2,16,25,13,43,41,56,29,68,97
189547,13,10,1,0,0,1,3,0,4,1,3,4
189547,13,10,2,0,0,1,3,0,4,1,3,4
189565,1,412,1,118,278,29,117,396,146,147,395,542
189565,1,112,2,118,278,29,117,396,146,147,395,542
189565,2,999,1,74,155,10,37,229,47,84,192,276
189565,2,999,2,74,155,10,37,229,47,84,192,276
189565,3,1,1,1,5,0,1,6,1,1,6,7
189565,3,1,2,1,5,0,1,6,1,1,6,7
189565,4,2,1,28,65,0,7,93,7,28,72,100
189565,4,2,2,28,65,0,7,93,7,28,72,100
189565,5,3,1,25,43,5,13,68,18,30,56,86
189565,5,3,2,25,43,5,13,68,18,30,56,86
189565,6,4,1,20,42,5,16,62,21,25,58,83
189565,6,4,2,20,42,5,16,62,21,25,58,83
189565,7,999,1,44,123,19,80,167,99,63,203,266
189565,7,999,2,44,123,19,80,167,99,63,203,266
189565,8,5,1,15,50,5,28,65,33,20,78,98
189565,8,5,2,15,50,5,28,65,33,20,78,98
189565,9,6,1,15,29,5,19,44,24,20,48,68
189565,9,6,2,15,29,5,19,44,24,20,48,68
189565,10,7,1,8,22,3,8,30,11,11,30,41
189565,10,7,2,8,22,3,8,30,11,11,30,41
189565,11,8,1,5,13,3,13,18,16,8,26,34
189565,11,8,2,5,13,3,13,18,16,8,26,34
189565,12,9,1,1,8,2,12,9,14,3,20,23
189565,12,9,2,1,8,2,12,9,14,3,20,23
189565,13,10,1,0,1,1,0,1,1,1,1,2
189565,13,10,2,0,1,1,0,1,1,1,1,2
189583,1,412,1,123,397,87,248,520,335,210,645,855
189583,1,112,2,123,397,87,248,520,335,210,645,855
189583,2,999,1,76,194,51,118,270,169,127,312,439
189583,2,999,2,76,194,51,118,270,169,127,312,439
189583,3,1,1,3,9,31,76,12,107,34,85,119
189583,3,1,2,3,9,31,76,12,107,34,85,119
189583,4,2,1,25,61,5,5,86,10,30,66,96
189583,4,2,2,25,61,5,5,86,10,30,66,96
189583,5,3,1,25,59,6,14,84,20,31,73,104
189583,5,3,2,25,59,6,14,84,20,31,73,104
189583,6,4,1,23,65,9,23,88,32,32,88,120
189583,6,4,2,23,65,9,23,88,32,32,88,120
189583,7,999,1,47,203,36,130,250,166,83,333,416
189583,7,999,2,47,203,36,130,250,166,83,333,416
189583,8,5,1,22,73,12,41,95,53,34,114,148
189583,8,5,2,22,73,12,41,95,53,34,114,148
189583,9,6,1,11,45,6,36,56,42,17,81,98
189583,9,6,2,11,45,6,36,56,42,17,81,98
189583,10,7,1,8,37,8,9,45,17,16,46,62
189583,10,7,2,8,37,8,9,45,17,16,46,62
189583,11,8,1,2,28,4,29,30,33,6,57,63
189583,11,8,2,2,28,4,29,30,33,6,57,63
189583,12,9,1,4,19,5,15,23,20,9,34,43
189583,12,9,2,4,19,5,15,23,20,9,34,43
189583,13,10,1,0,1,1,0,1,1,1,1,2
189583,13,10,2,0,1,1,0,1,1,1,1,2
189592,1,412,1,61,196,23,95,257,118,84,291,375
189592,1,112,2,61,196,23,95,257,118,84,291,375
189592,2,999,1,44,81,12,26,125,38,56,107,163
189592,2,999,2,44,81,12,26,125,38,56,107,163
189592,3,1,1,3,2,3,2,5,5,6,4,10
189592,3,1,2,3,2,3,2,5,5,6,4,10
189592,4,2,1,20,21,1,4,41,5,21,25,46
189592,4,2,2,20,21,1,4,41,5,21,25,46
189592,5,3,1,13,24,4,11,37,15,17,35,52
189592,5,3,2,13,24,4,11,37,15,17,35,52
189592,6,4,1,8,34,4,9,42,13,12,43,55
189592,6,4,2,8,34,4,9,42,13,12,43,55
189592,7,999,1,17,115,11,69,132,80,28,184,212
189592,7,999,2,17,115,11,69,132,80,28,184,212
189592,8,5,1,4,48,5,21,52,26,9,69,78
189592,8,5,2,4,48,5,21,52,26,9,69,78
189592,9,6,1,2,21,0,15,23,15,2,36,38
189592,9,6,2,2,21,0,15,23,15,2,36,38
189592,10,7,1,6,19,3,9,25,12,9,28,37
189592,10,7,2,6,19,3,9,25,12,9,28,37
189592,11,8,1,5,14,2,16,19,18,7,30,37
189592,11,8,2,5,14,2,16,19,18,7,30,37
189592,12,9,1,0,13,1,7,13,8,1,20,21
189592,12,9,2,0,13,1,7,13,8,1,20,21
189592,13,10,1,0,0,0,1,0,1,0,1,1
189592,13,10,2,0,0,0,1,0,1,0,1,1
189705,1,412,1,1142,1155,202,321,2297,523,1344,1476,2820
189705,1,112,2,969,946,37,28,1915,65,1006,974,1980
189705,1,312,5,173,209,165,293,382,458,338,502,840
189705,2,999,1,1050,1075,59,90,2125,149,1109,1165,2274
189705,2,999,2,941,930,25,15,1871,40,966,945,1911
189705,2,999,5,109,145,34,75,254,109,143,220,363
189705,3,1,1,33,30,0,1,63,1,33,31,64
189705,3,1,2,33,30,0,1,63,1,33,31,64
189705,4,2,1,381,463,2,3,844,5,383,466,849
189705,4,2,2,381,463,2,3,844,5,383,466,849
189705,5,3,1,436,409,10,6,845,16,446,415,861
189705,5,3,2,429,398,9,5,827,14,438,403,841
189705,5,3,5,7,11,1,1,18,2,8,12,20
189705,6,4,1,200,173,47,80,373,127,247,253,500
189705,6,4,2,98,39,14,6,137,20,112,45,157
189705,6,4,5,102,134,33,74,236,107,135,208,343
189705,7,999,1,92,80,141,231,172,372,233,311,544
189705,7,999,2,28,16,11,13,44,24,39,29,68
189705,7,999,5,64,64,130,218,128,348,194,282,476
189705,8,5,1,59,46,42,79,105,121,101,125,226
189705,8,5,2,17,12,3,3,29,6,20,15,35
189705,8,5,5,42,34,39,76,76,115,81,110,191
189705,9,6,1,17,15,36,49,32,85,53,64,117
189705,9,6,2,7,3,1,1,10,2,8,4,12
189705,9,6,5,10,12,35,48,22,83,45,60,105
189705,10,7,1,7,7,28,29,14,57,35,36,71
189705,10,7,2,1,0,2,1,1,3,3,1,4
189705,10,7,5,6,7,26,28,13,54,32,35,67
189705,11,8,1,8,9,15,48,17,63,23,57,80
189705,11,8,2,3,1,0,1,4,1,3,2,5
189705,11,8,5,5,8,15,47,13,62,20,55,75
189705,12,9,1,1,3,16,22,4,38,17,25,42
189705,12,9,2,0,0,1,3,0,4,1,3,4
189705,12,9,5,1,3,15,19,4,34,16,22,38
189705,13,10,1,0,0,4,4,0,8,4,4,8
189705,13,10,2,0,0,4,4,0,8,4,4,8
189705,14,11,1,0,0,2,0,0,2,2,0,2
189705,14,11,2,0,0,1,0,0,1,1,0,1
189705,14,11,5,0,0,1,0,0,1,1,0,1
189839,1,412,1,381,625,709,1191,1006,1900,1090,1816,2906
189839,1,112,2,381,625,709,1191,1006,1900,1090,1816,2906
189839,2,999,1,323,485,608,918,808,1526,931,1403,2334
189839,2,999,2,323,485,608,918,808,1526,931,1403,2334
189839,3,1,1,28,56,486,718,84,1204,514,774,1288
189839,3,1,2,28,56,486,718,84,1204,514,774,1288
189839,4,2,1,199,291,55,64,490,119,254,355,609
189839,4,2,2,199,291,55,64,490,119,254,355,609
189839,5,3,1,65,92,31,59,157,90,96,151,247
189839,5,3,2,65,92,31,59,157,90,96,151,247
189839,6,4,1,31,46,36,77,77,113,67,123,190
189839,6,4,2,31,46,36,77,77,113,67,123,190
189839,7,999,1,58,140,101,273,198,374,159,413,572
189839,7,999,2,58,140,101,273,198,374,159,413,572
189839,8,5,1,23,59,32,105,82,137,55,164,219
189839,8,5,2,23,59,32,105,82,137,55,164,219
189839,9,6,1,14,39,27,73,53,100,41,112,153
189839,9,6,2,14,39,27,73,53,100,41,112,153
189839,10,7,1,12,18,19,45,30,64,31,63,94
189839,10,7,2,12,18,19,45,30,64,31,63,94
189839,11,8,1,7,17,15,37,24,52,22,54,76
189839,11,8,2,7,17,15,37,24,52,22,54,76
189839,12,9,1,0,7,7,13,7,20,7,20,27
189839,12,9,2,0,7,7,13,7,20,7,20,27
189839,13,10,1,2,0,1,0,2,1,3,0,3
189839,13,10,2,2,0,1,0,2,1,3,0,3
189848,1,412,1,167,465,36,132,632,168,203,597,800
189848,1,112,2,166,441,36,132,607,168,202,573,775
189848,1,312,5,1,24,0,0,25,0,1,24,25
189848,2,999,1,161,439,10,42,600,52,171,481,652
189848,2,999,2,160,429,10,42,589,52,170,471,641
189848,2,999,5,1,10,0,0,11,0,1,10,11
189848,3,1,1,0,2,0,0,2,0,0,2,2
189848,3,1,2,0,2,0,0,2,0,0,2,2
189848,4,2,1,56,185,1,0,241,1,57,185,242
189848,4,2,2,56,185,1,0,241,1,57,185,242
189848,5,3,1,72,201,4,18,273,22,76,219,295
189848,5,3,2,72,201,4,18,273,22,76,219,295
189848,6,4,1,33,51,5,24,84,29,38,75,113
189848,6,4,2,32,41,5,24,73,29,37,65,102
189848,6,4,5,1,10,0,0,11,0,1,10,11
189848,7,999,1,5,24,26,88,29,114,31,112,143
189848,7,999,2,5,12,26,88,17,114,31,100,131
189848,7,999,5,0,12,0,0,12,0,0,12,12
189848,8,5,1,1,12,7,27,13,34,8,39,47
189848,8,5,2,1,9,7,27,10,34,8,36,44
189848,8,5,5,0,3,0,0,3,0,0,3,3
189848,9,6,1,1,5,3,25,6,28,4,30,34
189848,9,6,2,1,1,3,25,2,28,4,26,30
189848,9,6,5,0,4,0,0,4,0,0,4,4
189848,10,7,1,2,1,5,15,3,20,7,16,23
189848,10,7,2,2,0,5,15,2,20,7,15,22
189848,10,7,5,0,1,0,0,1,0,0,1,1
189848,11,8,1,0,3,10,10,3,20,10,13,23
189848,11,8,2,0,2,10,10,2,20,10,12,22
189848,11,8,5,0,1,0,0,1,0,0,1,1
189848,12,9,1,1,3,1,11,4,12,2,14,16
189848,12,9,2,1,0,1,11,1,12,2,11,13
189848,12,9,5,0,3,0,0,3,0,0,3,3
189848,14,11,1,1,2,0,2,3,2,1,4,5
189848,14,11,2,1,0,0,2,1,2,1,2,3
189848,14,11,5,0,2,0,0,2,0,0,2,2
189990,1,412,1,2,167,22,398,169,420,24,565,589
189990,1,112,2,2,167,22,398,169,420,24,565,589
189990,2,999,1,0,65,4,118,65,122,4,183,187
189990,2,999,2,0,65,4,118,65,122,4,183,187
189990,4,2,1,0,15,1,18,15,19,1,33,34
189990,4,2,2,0,15,1,18,15,19,1,33,34
189990,5,3,1,0,19,2,35,19,37,2,54,56
189990,5,3,2,0,19,2,35,19,37,2,54,56
189990,6,4,1,0,31,1,65,31,66,1,96,97
189990,6,4,2,0,31,1,65,31,66,1,96,97
189990,7,999,1,1,102,7,254,103,261,8,356,364
189990,7,999,2,1,102,7,254,103,261,8,356,364
189990,8,5,1,1,57,4,111,58,115,5,168,173
189990,8,5,2,1,57,4,111,58,115,5,168,173
189990,9,6,1,0,27,1,71,27,72,1,98,99
189990,9,6,2,0,27,1,71,27,72,1,98,99
189990,10,7,1,0,4,0,35,4,35,0,39,39
189990,10,7,2,0,4,0,35,4,35,0,39,39
189990,11,8,1,0,12,1,26,12,27,1,38,39
189990,11,8,2,0,12,1,26,12,27,1,38,39
189990,12,9,1,0,2,1,11,2,12,1,13,14
189990,12,9,2,0,2,1,11,2,12,1,13,14
189990,14,11,1,1,0,11,26,1,37,12,26,38
189990,14,11,2,1,0,11,26,1,37,12,26,38
190044,1,412,1,2286,1172,340,227,3458,567,2626,1399,4025
190044,1,112,2,1970,875,41,19,2845,60,2011,894,2905
190044,1,312,5,316,297,299,208,613,507,615,505,1120
190044,2,999,1,2056,994,117,60,3050,177,2173,1054,3227
190044,2,999,2,1949,872,35,15,2821,50,1984,887,2871
190044,2,999,5,107,122,82,45,229,127,189,167,356
190044,3,1,1,68,70,4,3,138,7,72,73,145
190044,3,1,2,68,70,2,3,138,5,70,73,143
190044,3,1,5,0,0,2,0,0,2,2,0,2
190044,4,2,1,862,393,22,14,1255,36,884,407,1291
190044,4,2,2,862,393,14,2,1255,16,876,395,1271
190044,4,2,5,0,0,8,12,0,20,8,12,20
190044,5,3,1,889,381,18,15,1270,33,907,396,1303
190044,5,3,2,878,373,9,5,1251,14,887,378,1265
190044,5,3,5,11,8,9,10,19,19,20,18,38
190044,6,4,1,237,150,73,28,387,101,310,178,488
190044,6,4,2,141,36,10,5,177,15,151,41,192
190044,6,4,5,96,114,63,23,210,86,159,137,296
190044,7,999,1,230,178,223,167,408,390,453,345,798
190044,7,999,2,21,3,6,4,24,10,27,7,34
190044,7,999,5,209,175,217,163,384,380,426,338,764
190044,8,5,1,126,113,87,63,239,150,213,176,389
190044,8,5,2,15,2,3,2,17,5,18,4,22
190044,8,5,5,111,111,84,61,222,145,195,172,367
190044,9,6,1,58,40,50,18,98,68,108,58,166
190044,9,6,2,3,1,0,0,4,0,3,1,4
190044,9,6,5,55,39,50,18,94,68,105,57,162
190044,10,7,1,16,15,36,18,31,54,52,33,85
190044,10,7,2,2,0,2,1,2,3,4,1,5
190044,10,7,5,14,15,34,17,29,51,48,32,80
190044,11,8,1,23,9,29,41,32,70,52,50,102
190044,11,8,2,1,0,0,1,1,1,1,1,2
190044,11,8,5,22,9,29,40,31,69,51,49,100
190044,12,9,1,7,1,21,27,8,48,28,28,56
190044,12,9,2,0,0,1,0,0,1,1,0,1
190044,12,9,5,7,1,20,27,8,47,27,28,55
190053,1,412,1,175,192,290,403,367,693,465,595,1060
190053,1,112,2,175,192,290,403,367,693,465,595,1060
190053,2,999,1,145,148,259,322,293,581,404,470,874
190053,2,999,2,145,148,259,322,293,581,404,470,874
190053,3,1,1,15,23,197,247,38,444,212,270,482
190053,3,1,2,15,23,197,247,38,444,212,270,482
190053,4,2,1,92,82,32,28,174,60,124,110,234
190053,4,2,2,92,82,32,28,174,60,124,110,234
190053,5,3,1,29,29,14,25,58,39,43,54,97
190053,5,3,2,29,29,14,25,58,39,43,54,97
190053,6,4,1,9,14,16,22,23,38,25,36,61
190053,6,4,2,9,14,16,22,23,38,25,36,61
190053,7,999,1,30,44,31,81,74,112,61,125,186
190053,7,999,2,30,44,31,81,74,112,61,125,186
190053,8,5,1,14,18,6,29,32,35,20,47,67
190053,8,5,2,14,18,6,29,32,35,20,47,67
190053,9,6,1,4,12,6,23,16,29,10,35,45
190053,9,6,2,4,12,6,23,16,29,10,35,45
190053,10,7,1,6,8,8,13,14,21,14,21,35
190053,10,7,2,6,8,8,13,14,21,14,21,35
190053,11,8,1,4,4,8,11,8,19,12,15,27
190053,11,8,2,4,4,8,11,8,19,12,15,27
190053,12,9,1,2,2,3,5,4,8,5,7,12
190053,12,9,2,2,2,3,5,4,8,5,7,12
190071,1,412,1,4,19,6,65,23,71,10,84,94
190071,1,112,2,4,19,6,65,23,71,10,84,94
190071,2,999,1,0,4,1,10,4,11,1,14,15
190071,2,999,2,0,4,1,10,4,11,1,14,15
190071,5,3,1,0,2,1,3,2,4,1,5,6
190071,5,3,2,0,2,1,3,2,4,1,5,6
190071,6,4,1,0,2,0,7,2,7,0,9,9
190071,6,4,2,0,2,0,7,2,7,0,9,9
190071,7,999,1,4,15,5,55,19,60,9,70,79
190071,7,999,2,4,15,5,55,19,60,9,70,79
190071,8,5,1,1,6,1,18,7,19,2,24,26
190071,8,5,2,1,6,1,18,7,19,2,24,26
190071,9,6,1,1,4,1,15,5,16,2,19,21
190071,9,6,2,1,4,1,15,5,16,2,19,21
190071,10,7,1,1,2,2,10,3,12,3,12,15
190071,10,7,2,1,2,2,10,3,12,3,12,15
190071,11,8,1,1,3,0,10,4,10,1,13,14
190071,11,8,2,1,3,0,10,4,10,1,13,14
190071,12,9,1,0,0,1,2,0,3,1,2,3
190071,12,9,2,0,0,1,2,0,3,1,2,3
190099,1,412,1,1359,1670,16,9,3029,25,1375,1679,3054
190099,1,112,2,1357,1666,13,6,3023,19,1370,1672,3042
190099,1,312,5,2,4,3,3,6,6,5,7,12
190099,2,999,1,1357,1669,10,7,3026,17,1367,1676,3043
190099,2,999,2,1355,1665,9,6,3020,15,1364,1671,3035
190099,2,999,5,2,4,1,1,6,2,3,5,8
190099,3,1,1,20,32,5,3,52,8,25,35,60
190099,3,1,2,20,32,5,3,52,8,25,35,60
190099,4,2,1,627,793,0,1,1420,1,627,794,1421
190099,4,2,2,627,793,0,1,1420,1,627,794,1421
190099,5,3,1,614,802,2,0,1416,2,616,802,1418
190099,5,3,2,614,802,2,0,1416,2,616,802,1418
190099,6,4,1,96,42,3,3,138,6,99,45,144
190099,6,4,2,94,38,2,2,132,4,96,40,136
190099,6,4,5,2,4,1,1,6,2,3,5,8
190099,7,999,1,2,1,6,2,3,8,8,3,11
190099,7,999,2,2,1,4,0,3,4,6,1,7
190099,7,999,5,0,0,2,2,0,4,2,2,4
190099,8,5,1,1,1,5,0,2,5,6,1,7
190099,8,5,2,1,1,3,0,2,3,4,1,5
190099,8,5,5,0,0,2,0,0,2,2,0,2
190099,9,6,1,0,0,0,1,0,1,0,1,1
190099,9,6,5,0,0,0,1,0,1,0,1,1
190099,11,8,1,1,0,1,1,1,2,2,1,3
190099,11,8,2,1,0,1,0,1,1,2,0,2
190099,11,8,5,0,0,0,1,0,1,0,1,1
190114,1,412,1,198,517,48,93,715,141,246,610,856
190114,1,112,2,112,318,41,57,430,98,153,375,528
190114,1,312,5,86,199,7,36,285,43,93,235,328
190114,2,999,1,29,47,8,15,76,23,37,62,99
190114,2,999,2,25,35,8,15,60,23,33,50,83
190114,2,999,5,4,12,0,0,16,0,4,12,16
190114,3,1,1,0,0,6,13,0,19,6,13,19
190114,3,1,2,0,0,6,13,0,19,6,13,19
190114,4,2,1,0,3,1,0,3,1,1,3,4
190114,4,2,2,0,3,1,0,3,1,1,3,4
190114,5,3,1,16,14,0,2,30,2,16,16,32
190114,5,3,2,16,11,0,2,27,2,16,13,29
190114,5,3,5,0,3,0,0,3,0,0,3,3
190114,6,4,1,13,30,1,0,43,1,14,30,44
190114,6,4,2,9,21,1,0,30,1,10,21,31
190114,6,4,5,4,9,0,0,13,0,4,9,13
190114,7,999,1,169,470,40,78,639,118,209,548,757
190114,7,999,2,87,283,33,42,370,75,120,325,445
190114,7,999,5,82,187,7,36,269,43,89,223,312
190114,8,5,1,33,111,1,12,144,13,34,123,157
190114,8,5,2,18,69,0,7,87,7,18,76,94
190114,8,5,5,15,42,1,5,57,6,16,47,63
190114,9,6,1,29,114,6,10,143,16,35,124,159
190114,9,6,2,14,79,5,8,93,13,19,87,106
190114,9,6,5,15,35,1,2,50,3,16,37,53
190114,10,7,1,32,90,7,18,122,25,39,108,147
190114,10,7,2,19,47,5,11,66,16,24,58,82
190114,10,7,5,13,43,2,7,56,9,15,50,65
190114,11,8,1,45,103,17,24,148,41,62,127,189
190114,11,8,2,27,63,14,9,90,23,41,72,113
190114,11,8,5,18,40,3,15,58,18,21,55,76
190114,12,9,1,27,52,9,14,79,23,36,66,102
190114,12,9,2,8,25,9,7,33,16,17,32,49
190114,12,9,5,19,27,0,7,46,7,19,34,53
190114,13,10,1,3,0,0,0,3,0,3,0,3
190114,13,10,2,1,0,0,0,1,0,1,0,1
190114,13,10,5,2,0,0,0,2,0,2,0,2
190169,1,412,1,170,269,292,714,439,1006,462,983,1445
190169,1,112,2,170,269,292,714,439,1006,462,983,1445
190169,2,999,1,148,215,230,435,363,665,378,650,1028
190169,2,999,2,148,215,230,435,363,665,378,650,1028
190169,3,1,1,12,26,160,297,38,457,172,323,495
190169,3,1,2,12,26,160,297,38,457,172,323,495
190169,4,2,1,88,136,32,55,224,87,120,191,311
190169,4,2,2,88,136,32,55,224,87,120,191,311
190169,5,3,1,37,37,25,42,74,67,62,79,141
190169,5,3,2,37,37,25,42,74,67,62,79,141
190169,6,4,1,11,16,13,41,27,54,24,57,81
190169,6,4,2,11,16,13,41,27,54,24,57,81
190169,7,999,1,22,54,62,279,76,341,84,333,417
190169,7,999,2,22,54,62,279,76,341,84,333,417
190169,8,5,1,8,21,24,92,29,116,32,113,145
190169,8,5,2,8,21,24,92,29,116,32,113,145
190169,9,6,1,10,18,18,75,28,93,28,93,121
190169,9,6,2,10,18,18,75,28,93,28,93,121
190169,10,7,1,2,6,10,49,8,59,12,55,67
190169,10,7,2,2,6,10,49,8,59,12,55,67
190169,11,8,1,1,5,6,43,6,49,7,48,55
190169,11,8,2,1,5,6,43,6,49,7,48,55
190169,12,9,1,1,4,4,19,5,23,5,23,28
190169,12,9,2,1,4,4,19,5,23,5,23,28
190169,13,10,1,0,0,0,1,0,1,0,1,1
190169,13,10,2,0,0,0,1,0,1,0,1,1
190239,1,412,1,4,94,2,38,98,40,6,132,138
190239,1,112,2,4,94,2,38,98,40,6,132,138
190239,2,999,1,0,54,0,13,54,13,0,67,67
190239,2,999,2,0,54,0,13,54,13,0,67,67
190239,3,1,1,0,1,0,0,1,0,0,1,1
190239,3,1,2,0,1,0,0,1,0,0,1,1
190239,4,2,1,0,11,0,1,11,1,0,12,12
190239,4,2,2,0,11,0,1,11,1,0,12,12
190239,5,3,1,0,21,0,3,21,3,0,24,24
190239,5,3,2,0,21,0,3,21,3,0,24,24
190239,6,4,1,0,21,0,9,21,9,0,30,30
190239,6,4,2,0,21,0,9,21,9,0,30,30
190239,7,999,1,4,40,2,25,44,27,6,65,71
190239,7,999,2,4,40,2,25,44,27,6,65,71
190239,8,5,1,2,20,0,13,22,13,2,33,35
190239,8,5,2,2,20,0,13,22,13,2,33,35
190239,9,6,1,2,14,2,7,16,9,4,21,25
190239,9,6,2,2,14,2,7,16,9,4,21,25
190239,10,7,1,0,3,0,5,3,5,0,8,8
190239,10,7,2,0,3,0,5,3,5,0,8,8
190239,11,8,1,0,3,0,0,3,0,0,3,3
190239,11,8,2,0,3,0,0,3,0,0,3,3
190248,1,412,1,240,659,32,198,899,230,272,857,1129
190248,1,112,2,178,467,21,89,645,110,199,556,755
190248,1,312,5,62,192,11,109,254,120,73,301,374
190248,2,999,1,144,335,12,92,479,104,156,427,583
190248,2,999,2,134,267,10,36,401,46,144,303,447
190248,2,999,5,10,68,2,56,78,58,12,124,136
190248,3,1,1,3,6,0,0,9,0,3,6,9
190248,3,1,2,3,6,0,0,9,0,3,6,9
190248,4,2,1,52,72,1,2,124,3,53,74,127
190248,4,2,2,52,71,1,1,123,2,53,72,125
190248,4,2,5,0,1,0,1,1,1,0,2,2
190248,5,3,1,51,152,3,52,203,55,54,204,258
190248,5,3,2,50,122,3,20,172,23,53,142,195
190248,5,3,5,1,30,0,32,31,32,1,62,63
190248,6,4,1,38,105,8,38,143,46,46,143,189
190248,6,4,2,29,68,6,15,97,21,35,83,118
190248,6,4,5,9,37,2,23,46,25,11,60,71
190248,7,999,1,85,316,20,103,401,123,105,419,524
190248,7,999,2,33,196,11,52,229,63,44,248,292
190248,7,999,5,52,120,9,51,172,60,61,171,232
190248,8,5,1,39,114,7,27,153,34,46,141,187
190248,8,5,2,17,76,4,10,93,14,21,86,107
190248,8,5,5,22,38,3,17,60,20,25,55,80
190248,9,6,1,22,65,4,26,87,30,26,91,117
190248,9,6,2,10,45,2,18,55,20,12,63,75
190248,9,6,5,12,20,2,8,32,10,14,28,42
190248,10,7,1,14,46,5,11,60,16,19,57,76
190248,10,7,2,4,30,1,6,34,7,5,36,41
190248,10,7,5,10,16,4,5,26,9,14,21,35
190248,11,8,1,9,58,1,24,67,25,10,82,92
190248,11,8,2,2,28,1,12,30,13,3,40,43
190248,11,8,5,7,30,0,12,37,12,7,42,49
190248,12,9,1,1,30,3,15,31,18,4,45,49
190248,12,9,2,0,15,3,6,15,9,3,21,24
190248,12,9,5,1,15,0,9,16,9,1,24,25
190248,13,10,1,0,3,0,0,3,0,0,3,3
190248,13,10,2,0,2,0,0,2,0,0,2,2
190248,13,10,5,0,1,0,0,1,0,0,1,1
190248,14,11,1,11,8,0,3,19,3,11,11,22
190248,14,11,2,11,4,0,1,15,1,11,5,16
190248,14,11,5,0,4,0,2,4,2,0,6,6
190372,1,412,1,478,357,40,12,835,52,518,369,887
190372,1,112,2,452,350,3,1,802,4,455,351,806
190372,1,312,5,26,7,37,11,33,48,63,18,81
190372,2,999,1,458,343,28,6,801,34,486,349,835
190372,2,999,2,436,337,3,1,773,4,439,338,777
190372,2,999,5,22,6,25,5,28,30,47,11,58
190372,3,1,1,24,22,0,0,46,0,24,22,46
190372,3,1,2,24,22,0,0,46,0,24,22,46
190372,4,2,1,186,153,1,1,339,2,187,154,341
190372,4,2,2,186,153,1,1,339,2,187,154,341
190372,5,3,1,171,126,4,1,297,5,175,127,302
190372,5,3,2,170,125,1,0,295,1,171,125,296
190372,5,3,5,1,1,3,1,2,4,4,2,6
190372,6,4,1,77,42,23,4,119,27,100,46,146
190372,6,4,2,56,37,1,0,93,1,57,37,94
190372,6,4,5,21,5,22,4,26,26,43,9,52
190372,7,999,1,11,8,10,6,19,16,21,14,35
190372,7,999,2,8,7,0,0,15,0,8,7,15
190372,7,999,5,3,1,10,6,4,16,13,7,20
190372,8,5,1,10,8,7,3,18,10,17,11,28
190372,8,5,2,7,7,0,0,14,0,7,7,14
190372,8,5,5,3,1,7,3,4,10,10,4,14
190372,9,6,1,1,0,2,3,1,5,3,3,6
190372,9,6,2,1,0,0,0,1,0,1,0,1
190372,9,6,5,0,0,2,3,0,5,2,3,5
190372,10,7,1,0,0,1,0,0,1,1,0,1
190372,10,7,5,0,0,1,0,0,1,1,0,1
190372,14,11,1,9,6,2,0,15,2,11,6,17
190372,14,11,2,8,6,0,0,14,0,8,6,14
190372,14,11,5,1,0,2,0,1,2,3,0,3
190442,1,412,1,619,874,1060,1510,1493,2570,1679,2384,4063
190442,1,112,2,619,874,1060,1510,1493,2570,1679,2384,4063
190442,2,999,1,564,758,946,1256,1322,2202,1510,2014,3524
190442,2,999,2,564,758,946,1256,1322,2202,1510,2014,3524
190442,3,1,1,198,268,811,1038,466,1849,1009,1306,2315
190442,3,1,2,198,268,811,1038,466,1849,1009,1306,2315
190442,4,2,1,263,341,74,99,604,173,337,440,777
190442,4,2,2,263,341,74,99,604,173,337,440,777
190442,5,3,1,79,106,42,58,185,100,121,164,285
190442,5,3,2,79,106,42,58,185,100,121,164,285
190442,6,4,1,24,43,19,61,67,80,43,104,147
190442,6,4,2,24,43,19,61,67,80,43,104,147
190442,7,999,1,55,116,113,253,171,366,168,369,537
190442,7,999,2,55,116,113,253,171,366,168,369,537
190442,8,5,1,20,48,29,97,68,126,49,145,194
190442,8,5,2,20,48,29,97,68,126,49,145,194
190442,9,6,1,17,30,32,69,47,101,49,99,148
190442,9,6,2,17,30,32,69,47,101,49,99,148
190442,10,7,1,7,13,13,40,20,53,20,53,73
190442,10,7,2,7,13,13,40,20,53,20,53,73
190442,11,8,1,9,17,26,35,26,61,35,52,87
190442,11,8,2,9,17,26,35,26,61,35,52,87
190442,12,9,1,2,8,13,12,10,25,15,20,35
190442,12,9,2,2,8,13,12,10,25,15,20,35
190442,14,11,1,0,0,1,1,0,2,1,1,2
190442,14,11,2,0,0,1,1,0,2,1,1,2
190451,1,412,1,9,79,20,137,88,157,29,216,245
190451,1,112,2,9,79,20,137,88,157,29,216,245
190451,2,999,1,6,47,4,56,53,60,10,103,113
190451,2,999,2,6,47,4,56,53,60,10,103,113
190451,3,1,1,0,0,0,1,0,1,0,1,1
190451,3,1,2,0,0,0,1,0,1,0,1,1
190451,4,2,1,2,24,2,14,26,16,4,38,42
190451,4,2,2,2,24,2,14,26,16,4,38,42
190451,5,3,1,2,14,1,15,16,16,3,29,32
190451,5,3,2,2,14,1,15,16,16,3,29,32
190451,6,4,1,2,9,1,26,11,27,3,35,38
190451,6,4,2,2,9,1,26,11,27,3,35,38
190451,7,999,1,3,32,16,81,35,97,19,113,132
190451,7,999,2,3,32,16,81,35,97,19,113,132
190451,8,5,1,1,15,7,41,16,48,8,56,64
190451,8,5,2,1,15,7,41,16,48,8,56,64
190451,9,6,1,0,7,3,17,7,20,3,24,27
190451,9,6,2,0,7,3,17,7,20,3,24,27
190451,10,7,1,1,6,3,13,7,16,4,19,23
190451,10,7,2,1,6,3,13,7,16,4,19,23
190451,11,8,1,0,4,3,7,4,10,3,11,14
190451,11,8,2,0,4,3,7,4,10,3,11,14
190451,12,9,1,1,0,0,3,1,3,1,3,4
190451,12,9,2,1,0,0,3,1,3,1,3,4
190503,1,412,1,1667,1564,0,0,3231,0,1667,1564,3231
190503,1,112,2,1612,1490,0,0,3102,0,1612,1490,3102
190503,1,312,5,55,74,0,0,129,0,55,74,129
190503,2,999,1,1239,1308,0,0,2547,0,1239,1308,2547
190503,2,999,2,1229,1299,0,0,2528,0,1229,1299,2528
190503,2,999,5,10,9,0,0,19,0,10,9,19
190503,3,1,1,65,67,0,0,132,0,65,67,132
190503,3,1,2,65,67,0,0,132,0,65,67,132
190503,4,2,1,512,644,0,0,1156,0,512,644,1156
190503,4,2,2,512,644,0,0,1156,0,512,644,1156
190503,5,3,1,365,387,0,0,752,0,365,387,752
190503,5,3,2,363,387,0,0,750,0,363,387,750
190503,5,3,5,2,0,0,0,2,0,2,0,2
190503,6,4,1,297,210,0,0,507,0,297,210,507
190503,6,4,2,289,201,0,0,490,0,289,201,490
190503,6,4,5,8,9,0,0,17,0,8,9,17
190503,7,999,1,428,255,0,0,683,0,428,255,683
190503,7,999,2,383,190,0,0,573,0,383,190,573
190503,7,999,5,45,65,0,0,110,0,45,65,110
190503,8,5,1,249,112,0,0,361,0,249,112,361
190503,8,5,2,238,100,0,0,338,0,238,100,338
190503,8,5,5,11,12,0,0,23,0,11,12,23
190503,9,6,1,85,50,0,0,135,0,85,50,135
190503,9,6,2,76,32,0,0,108,0,76,32,108
190503,9,6,5,9,18,0,0,27,0,9,18,27
190503,10,7,1,35,30,0,0,65,0,35,30,65
190503,10,7,2,27,17,0,0,44,0,27,17,44
190503,10,7,5,8,13,0,0,21,0,8,13,21
190503,11,8,1,36,34,0,0,70,0,36,34,70
190503,11,8,2,26,20,0,0,46,0,26,20,46
190503,11,8,5,10,14,0,0,24,0,10,14,24
190503,12,9,1,21,28,0,0,49,0,21,28,49
190503,12,9,2,14,21,0,0,35,0,14,21,35
190503,12,9,5,7,7,0,0,14,0,7,7,14
190503,13,10,1,2,1,0,0,3,0,2,1,3
190503,13,10,2,2,0,0,0,2,0,2,0,2
190503,13,10,5,0,1,0,0,1,0,0,1,1
190503,14,11,1,0,1,0,0,1,0,0,1,1
190503,14,11,2,0,1,0,0,1,0,0,1,1
190512,1,412,1,6911,6290,3110,3429,13201,6539,10021,9719,19740
190512,1,112,2,6536,5885,1676,1677,12421,3353,8212,7562,15774
190512,1,312,5,375,405,1434,1752,780,3186,1809,2157,3966
190512,2,999,1,5917,5203,1193,1148,11120,2341,7110,6351,13461
190512,2,999,2,5760,5014,910,819,10774,1729,6670,5833,12503
190512,2,999,5,157,189,283,329,346,612,440,518,958
190512,3,1,1,5,12,43,183,17,226,48,195,243
190512,3,1,2,5,12,43,183,17,226,48,195,243
190512,4,2,1,1944,1614,56,64,3558,120,2000,1678,3678
190512,4,2,2,1944,1614,56,64,3558,120,2000,1678,3678
190512,5,3,1,2300,2049,247,138,4349,385,2547,2187,4734
190512,5,3,2,2298,2041,244,131,4339,375,2542,2172,4714
190512,5,3,5,2,8,3,7,10,10,5,15,20
190512,6,4,1,1668,1528,847,763,3196,1610,2515,2291,4806
190512,6,4,2,1513,1347,567,441,2860,1008,2080,1788,3868
190512,6,4,5,155,181,280,322,336,602,435,503,938
190512,7,999,1,994,1087,1917,2280,2081,4197,2911,3367,6278
190512,7,999,2,776,871,766,858,1647,1624,1542,1729,3271
190512,7,999,5,218,216,1151,1422,434,2573,1369,1638,3007
190512,8,5,1,676,667,965,1125,1343,2090,1641,1792,3433
190512,8,5,2,559,556,427,423,1115,850,986,979,1965
190512,8,5,5,117,111,538,702,228,1240,655,813,1468
190512,9,6,1,197,239,505,558,436,1063,702,797,1499
190512,9,6,2,141,184,185,176,325,361,326,360,686
190512,9,6,5,56,55,320,382,111,702,376,437,813
190512,10,7,1,77,103,229,283,180,512,306,386,692
190512,10,7,2,52,80,80,122,132,202,132,202,334
190512,10,7,5,25,23,149,161,48,310,174,184,358
190512,11,8,1,38,62,160,223,100,383,198,285,483
190512,11,8,2,22,43,53,91,65,144,75,134,209
190512,11,8,5,16,19,107,132,35,239,123,151,274
190512,12,9,1,5,16,57,88,21,145,62,104,166
190512,12,9,2,2,8,21,45,10,66,23,53,76
190512,12,9,5,3,8,36,43,11,79,39,51,90
190512,13,10,1,1,0,1,3,1,4,2,3,5
190512,13,10,2,0,0,0,1,0,1,0,1,1
190512,13,10,5,1,0,1,2,1,3,2,2,4
190512,14,11,1,0,0,0,1,0,1,0,1,1
190512,14,11,5,0,0,0,1,0,1,0,1,1
190521,1,412,1,6441,9028,2734,4293,15469,7027,9175,13321,22496
190521,1,112,2,6441,9028,2734,4293,15469,7027,9175,13321,22496
190521,2,999,1,5274,7125,1666,2029,12399,3695,6940,9154,16094
190521,2,999,2,5274,7125,1666,2029,12399,3695,6940,9154,16094
190521,3,1,1,19,67,102,168,86,270,121,235,356
190521,3,1,2,19,67,102,168,86,270,121,235,356
190521,4,2,1,2271,3060,410,479,5331,889,2681,3539,6220
190521,4,2,2,2271,3060,410,479,5331,889,2681,3539,6220
190521,5,3,1,1864,2427,528,609,4291,1137,2392,3036,5428
190521,5,3,2,1864,2427,528,609,4291,1137,2392,3036,5428
190521,6,4,1,1120,1571,626,773,2691,1399,1746,2344,4090
190521,6,4,2,1120,1571,626,773,2691,1399,1746,2344,4090
190521,7,999,1,1167,1903,1066,2264,3070,3330,2233,4167,6400
190521,7,999,2,1167,1903,1066,2264,3070,3330,2233,4167,6400
190521,8,5,1,704,1020,505,887,1724,1392,1209,1907,3116
190521,8,5,2,704,1020,505,887,1724,1392,1209,1907,3116
190521,9,6,1,306,452,258,619,758,877,564,1071,1635
190521,9,6,2,306,452,258,619,758,877,564,1071,1635
190521,10,7,1,89,198,137,285,287,422,226,483,709
190521,10,7,2,89,198,137,285,287,422,226,483,709
190521,11,8,1,44,168,106,322,212,428,150,490,640
190521,11,8,2,44,168,106,322,212,428,150,490,640
190521,12,9,1,20,63,52,130,83,182,72,193,265
190521,12,9,2,20,63,52,130,83,182,72,193,265
190521,13,10,1,4,2,8,21,6,29,12,23,35
190521,13,10,2,4,2,8,21,6,29,12,23,35
190521,14,11,1,0,0,2,0,0,2,2,0,2
190521,14,11,2,0,0,2,0,0,2,2,0,2
190530,1,412,1,2382,3210,1038,1740,5592,2778,3420,4950,8370
190530,1,112,2,2382,3210,1038,1740,5592,2778,3420,4950,8370
190530,2,999,1,1894,2274,600,857,4168,1457,2494,3131,5625
190530,2,999,2,1894,2274,600,857,4168,1457,2494,3131,5625
190530,3,1,1,6,25,159,299,31,458,165,324,489
190530,3,1,2,6,25,159,299,31,458,165,324,489
190530,4,2,1,774,788,81,103,1562,184,855,891,1746
190530,4,2,2,774,788,81,103,1562,184,855,891,1746
190530,5,3,1,694,852,140,196,1546,336,834,1048,1882
190530,5,3,2,694,852,140,196,1546,336,834,1048,1882
190530,6,4,1,420,609,220,259,1029,479,640,868,1508
190530,6,4,2,420,609,220,259,1029,479,640,868,1508
190530,7,999,1,488,936,438,883,1424,1321,926,1819,2745
190530,7,999,2,488,936,438,883,1424,1321,926,1819,2745
190530,8,5,1,255,477,208,331,732,539,463,808,1271
190530,8,5,2,255,477,208,331,732,539,463,808,1271
190530,9,6,1,122,234,115,227,356,342,237,461,698
190530,9,6,2,122,234,115,227,356,342,237,461,698
190530,10,7,1,56,116,56,127,172,183,112,243,355
190530,10,7,2,56,116,56,127,172,183,112,243,355
190530,11,8,1,34,87,46,155,121,201,80,242,322
190530,11,8,2,34,87,46,155,121,201,80,242,322
190530,12,9,1,20,22,12,42,42,54,32,64,96
190530,12,9,2,20,22,12,42,42,54,32,64,96
190530,13,10,1,1,0,1,1,1,2,2,1,3
190530,13,10,2,1,0,1,1,1,2,2,1,3
190549,1,412,1,4968,6970,2265,3532,11938,5797,7233,10502,17735
190549,1,112,2,4793,6608,1489,2079,11401,3568,6282,8687,14969
190549,1,312,5,175,362,776,1453,537,2229,951,1815,2766
190549,2,999,1,4149,5608,897,1264,9757,2161,5046,6872,11918
190549,2,999,2,4102,5464,806,1016,9566,1822,4908,6480,11388
190549,2,999,5,47,144,91,248,191,339,138,392,530
190549,3,1,1,33,71,199,394,104,593,232,465,697
190549,3,1,2,33,71,199,394,104,593,232,465,697
190549,4,2,1,1374,1793,67,65,3167,132,1441,1858,3299
190549,4,2,2,1374,1793,67,65,3167,132,1441,1858,3299
190549,5,3,1,1560,2101,129,137,3661,266,1689,2238,3927
190549,5,3,2,1559,2099,129,132,3658,261,1688,2231,3919
190549,5,3,5,1,2,0,5,3,5,1,7,8
190549,6,4,1,1182,1643,502,668,2825,1170,1684,2311,3995
190549,6,4,2,1136,1501,411,425,2637,836,1547,1926,3473
190549,6,4,5,46,142,91,243,188,334,137,385,522
190549,7,999,1,819,1362,1368,2268,2181,3636,2187,3630,5817
190549,7,999,2,691,1144,683,1063,1835,1746,1374,2207,3581
190549,7,999,5,128,218,685,1205,346,1890,813,1423,2236
190549,8,5,1,533,758,635,1059,1291,1694,1168,1817,2985
190549,8,5,2,466,661,374,516,1127,890,840,1177,2017
190549,8,5,5,67,97,261,543,164,804,328,640,968
190549,9,6,1,168,318,337,549,486,886,505,867,1372
190549,9,6,2,139,262,145,250,401,395,284,512,796
190549,9,6,5,29,56,192,299,85,491,221,355,576
190549,10,7,1,77,148,171,246,225,417,248,394,642
190549,10,7,2,56,116,76,125,172,201,132,241,373
190549,10,7,5,21,32,95,121,53,216,116,153,269
190549,11,8,1,28,102,168,256,130,424,196,358,554
190549,11,8,2,20,81,62,109,101,171,82,190,272
190549,11,8,5,8,21,106,147,29,253,114,168,282
190549,12,9,1,11,35,46,151,46,197,57,186,243
190549,12,9,2,8,23,17,59,31,76,25,82,107
190549,12,9,5,3,12,29,92,15,121,32,104,136
190549,13,10,1,2,1,11,7,3,18,13,8,21
190549,13,10,2,2,1,9,4,3,13,11,5,16
190549,13,10,5,0,0,2,3,0,5,2,3,5
190558,1,412,1,4141,5397,1334,1925,9538,3259,5475,7322,12797
190558,1,112,2,4078,5224,1102,1351,9302,2453,5180,6575,11755
190558,1,312,5,63,173,232,574,236,806,295,747,1042
190558,2,999,1,3639,4548,769,791,8187,1560,4408,5339,9747
190558,2,999,2,3614,4463,722,650,8077,1372,4336,5113,9449
190558,2,999,5,25,85,47,141,110,188,72,226,298
190558,3,1,1,7,17,100,192,24,292,107,209,316
190558,3,1,2,7,17,100,192,24,292,107,209,316
190558,4,2,1,1523,1860,101,74,3383,175,1624,1934,3558
190558,4,2,2,1523,1860,101,74,3383,175,1624,1934,3558
190558,5,3,1,1316,1632,218,137,2948,355,1534,1769,3303
190558,5,3,2,1315,1631,218,137,2946,355,1533,1768,3301
190558,5,3,5,1,1,0,0,2,0,1,1,2
190558,6,4,1,793,1039,350,388,1832,738,1143,1427,2570
190558,6,4,2,769,955,303,247,1724,550,1072,1202,2274
190558,6,4,5,24,84,47,141,108,188,71,225,296
190558,7,999,1,501,849,565,1134,1350,1699,1066,1983,3049
190558,7,999,2,463,761,380,701,1224,1081,843,1462,2305
190558,7,999,5,38,88,185,433,126,618,223,521,744
190558,8,5,1,336,491,283,430,827,713,619,921,1540
190558,8,5,2,307,438,211,269,745,480,518,707,1225
190558,8,5,5,29,53,72,161,82,233,101,214,315
190558,9,6,1,89,189,112,214,278,326,201,403,604
190558,9,6,2,86,172,74,138,258,212,160,310,470
190558,9,6,5,3,17,38,76,20,114,41,93,134
190558,10,7,1,40,82,64,158,122,222,104,240,344
190558,10,7,2,35,76,39,94,111,133,74,170,244
190558,10,7,5,5,6,25,64,11,89,30,70,100
190558,11,8,1,27,59,71,203,86,274,98,262,360
190558,11,8,2,26,49,41,121,75,162,67,170,237
190558,11,8,5,1,10,30,82,11,112,31,92,123
190558,12,9,1,8,28,33,124,36,157,41,152,193
190558,12,9,2,8,26,14,76,34,90,22,102,124
190558,12,9,5,0,2,19,48,2,67,19,50,69
190558,13,10,1,1,0,2,5,1,7,3,5,8
190558,13,10,2,1,0,1,3,1,4,2,3,5
190558,13,10,5,0,0,1,2,0,3,1,2,3
190558,14,11,1,1,0,0,0,1,0,1,0,1
190558,14,11,2,1,0,0,0,1,0,1,0,1
190567,1,412,1,4851,5916,2058,2402,10767,4460,6909,8318,15227
190567,1,112,2,4468,5379,1415,1325,9847,2740,5883,6704,12587
190567,1,312,5,383,537,643,1077,920,1720,1026,1614,2640
190567,2,999,1,3993,4891,868,797,8884,1665,4861,5688,10549
190567,2,999,2,3848,4647,790,673,8495,1463,4638,5320,9958
190567,2,999,5,145,244,78,124,389,202,223,368,591
190567,3,1,1,35,69,167,165,104,332,202,234,436
190567,3,1,2,35,69,167,165,104,332,202,234,436
190567,4,2,1,1455,1678,91,74,3133,165,1546,1752,3298
190567,4,2,2,1455,1678,91,74,3133,165,1546,1752,3298
190567,5,3,1,1287,1775,150,100,3062,250,1437,1875,3312
190567,5,3,2,1265,1743,150,100,3008,250,1415,1843,3258
190567,5,3,5,22,32,0,0,54,0,22,32,54
190567,6,4,1,1216,1369,460,458,2585,918,1676,1827,3503
190567,6,4,2,1093,1157,382,334,2250,716,1475,1491,2966
190567,6,4,5,123,212,78,124,335,202,201,336,537
190567,7,999,1,857,1025,1190,1605,1882,2795,2047,2630,4677
190567,7,999,2,619,732,625,652,1351,1277,1244,1384,2628
190567,7,999,5,238,293,565,953,531,1518,803,1246,2049
190567,8,5,1,518,584,595,740,1102,1335,1113,1324,2437
190567,8,5,2,392,418,363,317,810,680,755,735,1490
190567,8,5,5,126,166,232,423,292,655,358,589,947
190567,9,6,1,199,245,279,348,444,627,478,593,1071
190567,9,6,2,132,175,129,137,307,266,261,312,573
190567,9,6,5,67,70,150,211,137,361,217,281,498
190567,10,7,1,73,87,128,189,160,317,201,276,477
190567,10,7,2,47,59,63,74,106,137,110,133,243
190567,10,7,5,26,28,65,115,54,180,91,143,234
190567,11,8,1,48,72,112,195,120,307,160,267,427
190567,11,8,2,33,57,46,75,90,121,79,132,211
190567,11,8,5,15,15,66,120,30,186,81,135,216
190567,12,9,1,17,37,67,120,54,187,84,157,241
190567,12,9,2,13,23,21,45,36,66,34,68,102
190567,12,9,5,4,14,46,75,18,121,50,89,139
190567,13,10,1,2,0,9,13,2,22,11,13,24
190567,13,10,2,2,0,3,4,2,7,5,4,9
190567,13,10,5,0,0,6,9,0,15,6,9,15
190567,14,11,1,1,0,0,0,1,0,1,0,1
190567,14,11,2,1,0,0,0,1,0,1,0,1
190576,1,412,1,1674,2617,1495,3514,4291,5009,3169,6131,9300
190576,1,112,2,193,521,648,1611,714,2259,841,2132,2973
190576,1,312,5,1481,2096,847,1903,3577,2750,2328,3999,6327
190576,2,999,1,171,356,173,389,527,562,344,745,1089
190576,2,999,2,33,104,121,253,137,374,154,357,511
190576,2,999,5,138,252,52,136,390,188,190,388,578
190576,3,1,1,0,0,74,131,0,205,74,131,205
190576,3,1,2,0,0,74,131,0,205,74,131,205
190576,4,2,1,1,0,17,24,1,41,18,24,42
190576,4,2,2,1,0,17,23,1,40,18,23,41
190576,4,2,5,0,0,0,1,0,1,0,1,1
190576,5,3,1,9,28,5,10,37,15,14,38,52
190576,5,3,2,7,19,5,8,26,13,12,27,39
190576,5,3,5,2,9,0,2,11,2,2,11,13
190576,6,4,1,161,328,77,224,489,301,238,552,790
190576,6,4,2,25,85,25,91,110,116,50,176,226
190576,6,4,5,136,243,52,133,379,185,188,376,564
190576,7,999,1,1503,2261,1322,3124,3764,4446,2825,5385,8210
190576,7,999,2,160,417,527,1357,577,1884,687,1774,2461
190576,7,999,5,1343,1844,795,1767,3187,2562,2138,3611,5749
190576,8,5,1,495,778,301,803,1273,1104,796,1581,2377
190576,8,5,2,56,147,111,254,203,365,167,401,568
190576,8,5,5,439,631,190,549,1070,739,629,1180,1809
190576,9,6,1,489,689,318,721,1178,1039,807,1410,2217
190576,9,6,2,46,115,128,322,161,450,174,437,611
190576,9,6,5,443,574,190,399,1017,589,633,973,1606
190576,10,7,1,261,373,235,533,634,768,496,906,1402
190576,10,7,2,25,73,101,279,98,380,126,352,478
190576,10,7,5,236,300,134,254,536,388,370,554,924
190576,11,8,1,193,284,291,653,477,944,484,937,1421
190576,11,8,2,21,59,131,327,80,458,152,386,538
190576,11,8,5,172,225,160,326,397,486,332,551,883
190576,12,9,1,56,118,159,394,174,553,215,512,727
190576,12,9,2,12,23,54,173,35,227,66,196,262
190576,12,9,5,44,95,105,221,139,326,149,316,465
190576,13,10,1,9,19,18,20,28,38,27,39,66
190576,13,10,2,0,0,2,2,0,4,2,2,4
190576,13,10,5,9,19,16,18,28,34,25,37,62
190576,14,11,1,0,0,0,1,0,1,0,1,1
190576,14,11,2,0,0,0,1,0,1,0,1,1
190585,1,412,1,1067,2267,811,1991,3334,2802,1878,4258,6136
190585,1,112,2,1067,2267,811,1991,3334,2802,1878,4258,6136
190585,2,999,1,786,1381,461,883,2167,1344,1247,2264,3511
190585,2,999,2,786,1381,461,883,2167,1344,1247,2264,3511
190585,3,1,1,19,30,95,243,49,338,114,273,387
190585,3,1,2,19,30,95,243,49,338,114,273,387
190585,4,2,1,296,479,82,153,775,235,378,632,1010
190585,4,2,2,296,479,82,153,775,235,378,632,1010
190585,5,3,1,298,462,126,200,760,326,424,662,1086
190585,5,3,2,298,462,126,200,760,326,424,662,1086
190585,6,4,1,173,410,158,287,583,445,331,697,1028
190585,6,4,2,173,410,158,287,583,445,331,697,1028
190585,7,999,1,281,886,350,1108,1167,1458,631,1994,2625
190585,7,999,2,281,886,350,1108,1167,1458,631,1994,2625
190585,8,5,1,135,432,163,422,567,585,298,854,1152
190585,8,5,2,135,432,163,422,567,585,298,854,1152
190585,9,6,1,77,212,95,294,289,389,172,506,678
190585,9,6,2,77,212,95,294,289,389,172,506,678
190585,10,7,1,28,125,38,163,153,201,66,288,354
190585,10,7,2,28,125,38,163,153,201,66,288,354
190585,11,8,1,26,91,36,167,117,203,62,258,320
190585,11,8,2,26,91,36,167,117,203,62,258,320
190585,12,9,1,15,25,18,61,40,79,33,86,119
190585,12,9,2,15,25,18,61,40,79,33,86,119
190585,13,10,1,0,1,0,1,1,1,0,2,2
190585,13,10,2,0,1,0,1,1,1,0,2,2
190594,1,412,1,5277,10215,2466,6094,15492,8560,7743,16309,24052
190594,1,112,2,4906,8847,1464,2726,13753,4190,6370,11573,17943
190594,1,312,5,371,1368,1002,3368,1739,4370,1373,4736,6109
190594,2,999,1,4406,8150,898,1810,12556,2708,5304,9960,15264
190594,2,999,2,4315,7727,792,1347,12042,2139,5107,9074,14181
190594,2,999,5,91,423,106,463,514,569,197,886,1083
190594,3,1,1,15,25,130,304,40,434,145,329,474
190594,3,1,2,15,25,130,304,40,434,145,329,474
190594,4,2,1,1695,2575,65,114,4270,179,1760,2689,4449
190594,4,2,2,1695,2575,65,114,4270,179,1760,2689,4449
190594,5,3,1,1651,3339,164,246,4990,410,1815,3585,5400
190594,5,3,2,1647,3331,163,242,4978,405,1810,3573,5383
190594,5,3,5,4,8,1,4,12,5,5,12,17
190594,6,4,1,1045,2211,539,1146,3256,1685,1584,3357,4941
190594,6,4,2,958,1796,434,687,2754,1121,1392,2483,3875
190594,6,4,5,87,415,105,459,502,564,192,874,1066
190594,7,999,1,871,2065,1568,4283,2936,5851,2439,6348,8787
190594,7,999,2,591,1120,672,1378,1711,2050,1263,2498,3761
190594,7,999,5,280,945,896,2905,1225,3801,1176,3850,5026
190594,8,5,1,485,1149,683,1879,1634,2562,1168,3028,4196
190594,8,5,2,362,673,346,640,1035,986,708,1313,2021
190594,8,5,5,123,476,337,1239,599,1576,460,1715,2175
190594,9,6,1,197,476,353,1030,673,1383,550,1506,2056
190594,9,6,2,128,244,142,290,372,432,270,534,804
190594,9,6,5,69,232,211,740,301,951,280,972,1252
190594,10,7,1,95,190,205,568,285,773,300,758,1058
190594,10,7,2,55,94,73,189,149,262,128,283,411
190594,10,7,5,40,96,132,379,136,511,172,475,647
190594,11,8,1,64,177,215,492,241,707,279,669,948
190594,11,8,2,35,77,68,148,112,216,103,225,328
190594,11,8,5,29,100,147,344,129,491,176,444,620
190594,12,9,1,27,72,100,283,99,383,127,355,482
190594,12,9,2,9,31,38,95,40,133,47,126,173
190594,12,9,5,18,41,62,188,59,250,80,229,309
190594,13,10,1,3,1,12,31,4,43,15,32,47
190594,13,10,2,2,1,5,16,3,21,7,17,24
190594,13,10,5,1,0,7,15,1,22,8,15,23
190594,14,11,1,0,0,0,1,0,1,0,1,1
190594,14,11,2,0,0,0,1,0,1,0,1,1
190600,1,412,1,4597,7147,1818,2204,11744,4022,6415,9351,15766
190600,1,112,2,4396,6874,1063,1329,11270,2392,5459,8203,13662
190600,1,312,5,201,273,755,875,474,1630,956,1148,2104
190600,2,999,1,3815,6044,600,871,9859,1471,4415,6915,11330
190600,2,999,2,3705,5866,473,692,9571,1165,4178,6558,10736
190600,2,999,5,110,178,127,179,288,306,237,357,594
190600,3,1,1,12,17,59,201,29,260,71,218,289
190600,3,1,2,12,17,59,201,29,260,71,218,289
190600,4,2,1,1153,1817,46,67,2970,113,1199,1884,3083
190600,4,2,2,1153,1816,46,67,2969,113,1199,1883,3082
190600,4,2,5,0,1,0,0,1,0,0,1,1
190600,5,3,1,1480,2536,99,134,4016,233,1579,2670,4249
190600,5,3,2,1476,2530,98,128,4006,226,1574,2658,4232
190600,5,3,5,4,6,1,6,10,7,5,12,17
190600,6,4,1,1170,1674,396,469,2844,865,1566,2143,3709
190600,6,4,2,1064,1503,270,296,2567,566,1334,1799,3133
190600,6,4,5,106,171,126,173,277,299,232,344,576
190600,7,999,1,782,1103,1218,1333,1885,2551,2000,2436,4436
190600,7,999,2,691,1008,590,637,1699,1227,1281,1645,2926
190600,7,999,5,91,95,628,696,186,1324,719,791,1510
190600,8,5,1,512,703,492,606,1215,1098,1004,1309,2313
190600,8,5,2,460,634,265,305,1094,570,725,939,1664
190600,8,5,5,52,69,227,301,121,528,279,370,649
190600,9,6,1,145,227,260,306,372,566,405,533,938
190600,9,6,2,129,213,115,159,342,274,244,372,616
190600,9,6,5,16,14,145,147,30,292,161,161,322
190600,10,7,1,68,81,176,181,149,357,244,262,506
190600,10,7,2,57,76,89,71,133,160,146,147,293
190600,10,7,5,11,5,87,110,16,197,98,115,213
190600,11,8,1,41,71,203,165,112,368,244,236,480
190600,11,8,2,34,65,81,65,99,146,115,130,245
190600,11,8,5,7,6,122,100,13,222,129,106,235
190600,12,9,1,14,21,84,70,35,154,98,91,189
190600,12,9,2,10,20,39,34,30,73,49,54,103
190600,12,9,5,4,1,45,36,5,81,49,37,86
190600,13,10,1,2,0,3,5,2,8,5,5,10
190600,13,10,2,1,0,1,3,1,4,2,3,5
190600,13,10,5,1,0,2,2,1,4,3,2,5
190619,1,412,1,3096,3758,3465,4797,6854,8262,6561,8555,15116
190619,1,112,2,3096,3758,3465,4797,6854,8262,6561,8555,15116
190619,2,999,1,2497,2557,2990,3825,5054,6815,5487,6382,11869
190619,2,999,2,2497,2557,2990,3825,5054,6815,5487,6382,11869
190619,3,1,1,66,66,1999,2703,132,4702,2065,2769,4834
190619,3,1,2,66,66,1999,2703,132,4702,2065,2769,4834
190619,4,2,1,1000,980,477,616,1980,1093,1477,1596,3073
190619,4,2,2,1000,980,477,616,1980,1093,1477,1596,3073
190619,5,3,1,922,885,245,199,1807,444,1167,1084,2251
190619,5,3,2,922,885,245,199,1807,444,1167,1084,2251
190619,6,4,1,509,626,269,307,1135,576,778,933,1711
190619,6,4,2,509,626,269,307,1135,576,778,933,1711
190619,7,999,1,599,1201,474,972,1800,1446,1073,2173,3246
190619,7,999,2,599,1201,474,972,1800,1446,1073,2173,3246
190619,8,5,1,333,513,242,333,846,575,575,846,1421
190619,8,5,2,333,513,242,333,846,575,575,846,1421
190619,9,6,1,133,288,93,244,421,337,226,532,758
190619,9,6,2,133,288,93,244,421,337,226,532,758
190619,10,7,1,69,189,52,142,258,194,121,331,452
190619,10,7,2,69,189,52,142,258,194,121,331,452
190619,11,8,1,48,153,44,144,201,188,92,297,389
190619,11,8,2,48,153,44,144,201,188,92,297,389
190619,12,9,1,14,53,21,68,67,89,35,121,156
190619,12,9,2,14,53,21,68,67,89,35,121,156
190619,13,10,1,2,5,22,41,7,63,24,46,70
190619,13,10,2,2,5,22,41,7,63,24,46,70
190619,14,11,1,0,0,1,0,0,1,1,0,1
190619,14,11,2,0,0,1,0,0,1,1,0,1
190628,1,412,1,3851,5328,2979,4813,9179,7792,6830,10141,16971
190628,1,112,2,3851,5328,2979,4813,9179,7792,6830,10141,16971
190628,2,999,1,2820,3487,2115,3020,6307,5135,4935,6507,11442
190628,2,999,2,2820,3487,2115,3020,6307,5135,4935,6507,11442
190628,3,1,1,29,52,924,1596,81,2520,953,1648,2601
190628,3,1,2,29,52,924,1596,81,2520,953,1648,2601
190628,4,2,1,1148,1394,451,519,2542,970,1599,1913,3512
190628,4,2,2,1148,1394,451,519,2542,970,1599,1913,3512
190628,5,3,1,869,1095,359,377,1964,736,1228,1472,2700
190628,5,3,2,869,1095,359,377,1964,736,1228,1472,2700
190628,6,4,1,774,946,381,528,1720,909,1155,1474,2629
190628,6,4,2,774,946,381,528,1720,909,1155,1474,2629
190628,7,999,1,1031,1841,862,1793,2872,2655,1893,3634,5527
190628,7,999,2,1031,1841,862,1793,2872,2655,1893,3634,5527
190628,8,5,1,582,905,396,733,1487,1129,978,1638,2616
190628,8,5,2,582,905,396,733,1487,1129,978,1638,2616
190628,9,6,1,230,467,211,454,697,665,441,921,1362
190628,9,6,2,230,467,211,454,697,665,441,921,1362
190628,10,7,1,102,211,120,251,313,371,222,462,684
190628,10,7,2,102,211,120,251,313,371,222,462,684
190628,11,8,1,77,199,99,249,276,348,176,448,624
190628,11,8,2,77,199,99,249,276,348,176,448,624
190628,12,9,1,38,58,34,104,96,138,72,162,234
190628,12,9,2,38,58,34,104,96,138,72,162,234
190628,13,10,1,2,1,2,2,3,4,4,3,7
190628,13,10,2,2,1,2,2,3,4,4,3,7
190628,14,11,1,0,0,2,0,0,2,2,0,2
190628,14,11,2,0,0,2,0,0,2,2,0,2
190637,1,412,1,2799,5866,1824,4602,8665,6426,4623,10468,15091
190637,1,112,2,2731,5649,1289,3164,8380,4453,4020,8813,12833
190637,1,312,5,68,217,535,1438,285,1973,603,1655,2258
190637,2,999,1,2017,3954,473,1061,5971,1534,2490,5015,7505
190637,2,999,2,2007,3876,436,922,5883,1358,2443,4798,7241
190637,2,999,5,10,78,37,139,88,176,47,217,264
190637,3,1,1,9,26,104,308,35,412,113,334,447
190637,3,1,2,9,26,104,308,35,412,113,334,447
190637,4,2,1,657,1176,43,105,1833,148,700,1281,1981
190637,4,2,2,657,1176,43,105,1833,148,700,1281,1981
190637,5,3,1,678,1381,76,105,2059,181,754,1486,2240
190637,5,3,2,676,1379,76,102,2055,178,752,1481,2233
190637,5,3,5,2,2,0,3,4,3,2,5,7
190637,6,4,1,673,1371,250,543,2044,793,923,1914,2837
190637,6,4,2,665,1295,213,407,1960,620,878,1702,2580
190637,6,4,5,8,76,37,136,84,173,45,212,257
190637,7,999,1,782,1911,1351,3541,2693,4892,2133,5452,7585
190637,7,999,2,724,1773,853,2242,2497,3095,1577,4015,5592
190637,7,999,5,58,138,498,1299,196,1797,556,1437,1993
190637,8,5,1,413,941,487,1152,1354,1639,900,2093,2993
190637,8,5,2,394,883,319,746,1277,1065,713,1629,2342
190637,8,5,5,19,58,168,406,77,574,187,464,651
190637,9,6,1,172,466,359,921,638,1280,531,1387,1918
190637,9,6,2,156,422,241,594,578,835,397,1016,1413
190637,9,6,5,16,44,118,327,60,445,134,371,505
190637,10,7,1,83,237,194,514,320,708,277,751,1028
190637,10,7,2,77,224,110,310,301,420,187,534,721
190637,10,7,5,6,13,84,204,19,288,90,217,307
190637,11,8,1,78,193,202,600,271,802,280,793,1073
190637,11,8,2,69,176,120,364,245,484,189,540,729
190637,11,8,5,9,17,82,236,26,318,91,253,344
190637,12,9,1,34,69,99,338,103,437,133,407,540
190637,12,9,2,27,63,57,218,90,275,84,281,365
190637,12,9,5,7,6,42,120,13,162,49,126,175
190637,13,10,1,2,5,10,16,7,26,12,21,33
190637,13,10,2,1,5,6,10,6,16,7,15,22
190637,13,10,5,1,0,4,6,1,10,5,6,11
190637,14,11,1,0,1,0,0,1,0,0,1,1
190637,14,11,5,0,1,0,0,1,0,0,1,1
190646,1,412,1,1108,2748,375,1006,3856,1381,1483,3754,5237
190646,1,112,2,1108,2748,375,1006,3856,1381,1483,3754,5237
190646,2,999,1,840,1765,189,412,2605,601,1029,2177,3206
190646,2,999,2,840,1765,189,412,2605,601,1029,2177,3206
190646,3,1,1,34,64,76,160,98,236,110,224,334
190646,3,1,2,34,64,76,160,98,236,110,224,334
190646,4,2,1,357,600,24,67,957,91,381,667,1048
190646,4,2,2,357,600,24,67,957,91,381,667,1048
190646,5,3,1,268,550,35,55,818,90,303,605,908
190646,5,3,2,268,550,35,55,818,90,303,605,908
190646,6,4,1,181,551,54,130,732,184,235,681,916
190646,6,4,2,181,551,54,130,732,184,235,681,916
190646,7,999,1,268,983,186,594,1251,780,454,1577,2031
190646,7,999,2,268,983,186,594,1251,780,454,1577,2031
190646,8,5,1,121,350,69,150,471,219,190,500,690
190646,8,5,2,121,350,69,150,471,219,190,500,690
190646,9,6,1,54,236,44,117,290,161,98,353,451
190646,9,6,2,54,236,44,117,290,161,98,353,451
190646,10,7,1,43,147,25,102,190,127,68,249,317
190646,10,7,2,43,147,25,102,190,127,68,249,317
190646,11,8,1,34,163,29,125,197,154,63,288,351
190646,11,8,2,34,163,29,125,197,154,63,288,351
190646,12,9,1,13,80,19,94,93,113,32,174,206
190646,12,9,2,13,80,19,94,93,113,32,174,206
190646,13,10,1,3,7,0,6,10,6,3,13,16
190646,13,10,2,3,7,0,6,10,6,3,13,16
190655,1,412,1,5601,4245,2654,3013,9846,5667,8255,7258,15513
190655,1,112,2,5601,4245,2654,3013,9846,5667,8255,7258,15513
190655,2,999,1,4694,3385,1605,1530,8079,3135,6299,4915,11214
190655,2,999,2,4694,3385,1605,1530,8079,3135,6299,4915,11214
190655,3,1,1,26,18,231,309,44,540,257,327,584
190655,3,1,2,26,18,231,309,44,540,257,327,584
190655,4,2,1,2006,1482,340,301,3488,641,2346,1783,4129
190655,4,2,2,2006,1482,340,301,3488,641,2346,1783,4129
190655,5,3,1,1538,1078,414,360,2616,774,1952,1438,3390
190655,5,3,2,1538,1078,414,360,2616,774,1952,1438,3390
190655,6,4,1,1124,807,620,560,1931,1180,1744,1367,3111
190655,6,4,2,1124,807,620,560,1931,1180,1744,1367,3111
190655,7,999,1,907,860,1049,1483,1767,2532,1956,2343,4299
190655,7,999,2,907,860,1049,1483,1767,2532,1956,2343,4299
190655,8,5,1,563,466,521,629,1029,1150,1084,1095,2179
190655,8,5,2,563,466,521,629,1029,1150,1084,1095,2179
190655,9,6,1,185,188,236,353,373,589,421,541,962
190655,9,6,2,185,188,236,353,373,589,421,541,962
190655,10,7,1,81,97,115,206,178,321,196,303,499
190655,10,7,2,81,97,115,206,178,321,196,303,499
190655,11,8,1,58,84,127,197,142,324,185,281,466
190655,11,8,2,58,84,127,197,142,324,185,281,466
190655,12,9,1,17,23,48,93,40,141,65,116,181
190655,12,9,2,17,23,48,93,40,141,65,116,181
190655,13,10,1,3,2,2,5,5,7,5,7,12
190655,13,10,2,3,2,2,5,5,7,5,7,12
190664,1,412,1,5817,7136,2632,4115,12953,6747,8449,11251,19700
190664,1,112,2,5682,6797,1895,2328,12479,4223,7577,9125,16702
190664,1,312,5,135,339,737,1787,474,2524,872,2126,2998
190664,2,999,1,4809,5912,1181,1687,10721,2868,5990,7599,13589
190664,2,999,2,4750,5723,1048,1249,10473,2297,5798,6972,12770
190664,2,999,5,59,189,133,438,248,571,192,627,819
190664,3,1,1,19,26,255,409,45,664,274,435,709
190664,3,1,2,19,26,255,409,45,664,274,435,709
190664,4,2,1,1512,1885,104,139,3397,243,1616,2024,3640
190664,4,2,2,1512,1885,104,139,3397,243,1616,2024,3640
190664,5,3,1,1776,2191,161,160,3967,321,1937,2351,4288
190664,5,3,2,1776,2182,160,157,3958,317,1936,2339,4275
190664,5,3,5,0,9,1,3,9,4,1,12,13
190664,6,4,1,1502,1810,661,979,3312,1640,2163,2789,4952
190664,6,4,2,1443,1630,529,544,3073,1073,1972,2174,4146
190664,6,4,5,59,180,132,435,239,567,191,615,806
190664,7,999,1,1008,1224,1451,2428,2232,3879,2459,3652,6111
190664,7,999,2,932,1074,847,1079,2006,1926,1779,2153,3932
190664,7,999,5,76,150,604,1349,226,1953,680,1499,2179
190664,8,5,1,690,759,777,1178,1449,1955,1467,1937,3404
190664,8,5,2,645,661,487,492,1306,979,1132,1153,2285
190664,8,5,5,45,98,290,686,143,976,335,784,1119
190664,9,6,1,202,250,359,543,452,902,561,793,1354
190664,9,6,2,186,222,199,244,408,443,385,466,851
190664,9,6,5,16,28,160,299,44,459,176,327,503
190664,10,7,1,65,103,152,254,168,406,217,357,574
190664,10,7,2,54,92,79,114,146,193,133,206,339
190664,10,7,5,11,11,73,140,22,213,84,151,235
190664,11,8,1,40,86,110,279,126,389,150,365,515
190664,11,8,2,37,78,54,139,115,193,91,217,308
190664,11,8,5,3,8,56,140,11,196,59,148,207
190664,12,9,1,11,24,47,165,35,212,58,189,247
190664,12,9,2,10,20,25,85,30,110,35,105,140
190664,12,9,5,1,4,22,80,5,102,23,84,107
190664,13,10,1,0,2,6,9,2,15,6,11,17
190664,13,10,2,0,1,3,5,1,8,3,6,9
190664,13,10,5,0,1,3,4,1,7,3,5,8
190673,1,412,1,3490,4007,1918,2990,7497,4908,5408,6997,12405
190673,1,112,2,3490,4007,1918,2990,7497,4908,5408,6997,12405
190673,2,999,1,3017,3196,1380,1650,6213,3030,4397,4846,9243
190673,2,999,2,3017,3196,1380,1650,6213,3030,4397,4846,9243
190673,3,1,1,21,32,267,576,53,843,288,608,896
190673,3,1,2,21,32,267,576,53,843,288,608,896
190673,4,2,1,1450,1469,292,288,2919,580,1742,1757,3499
190673,4,2,2,1450,1469,292,288,2919,580,1742,1757,3499
190673,5,3,1,1021,1099,423,351,2120,774,1444,1450,2894
190673,5,3,2,1021,1099,423,351,2120,774,1444,1450,2894
190673,6,4,1,525,596,398,435,1121,833,923,1031,1954
190673,6,4,2,525,596,398,435,1121,833,923,1031,1954
190673,7,999,1,473,811,538,1340,1284,1878,1011,2151,3162
190673,7,999,2,473,811,538,1340,1284,1878,1011,2151,3162
190673,8,5,1,304,390,268,511,694,779,572,901,1473
190673,8,5,2,304,390,268,511,694,779,572,901,1473
190673,9,6,1,96,186,136,336,282,472,232,522,754
190673,9,6,2,96,186,136,336,282,472,232,522,754
190673,10,7,1,45,111,57,202,156,259,102,313,415
190673,10,7,2,45,111,57,202,156,259,102,313,415
190673,11,8,1,17,90,62,189,107,251,79,279,358
190673,11,8,2,17,90,62,189,107,251,79,279,358
190673,12,9,1,11,34,13,85,45,98,24,119,143
190673,12,9,2,11,34,13,85,45,98,24,119,143
190673,13,10,1,0,0,2,17,0,19,2,17,19
190673,13,10,2,0,0,2,17,0,19,2,17,19
190682,1,412,1,163,292,90,132,455,222,253,424,677
190682,1,312,5,163,292,90,132,455,222,253,424,677
190682,2,999,1,26,65,1,5,91,6,27,70,97
190682,2,999,5,26,65,1,5,91,6,27,70,97
190682,5,3,1,0,1,0,0,1,0,0,1,1
190682,5,3,5,0,1,0,0,1,0,0,1,1
190682,6,4,1,26,64,1,5,90,6,27,69,96
190682,6,4,5,26,64,1,5,90,6,27,69,96
190682,7,999,1,137,227,89,127,364,216,226,354,580
190682,7,999,5,137,227,89,127,364,216,226,354,580
190682,8,5,1,69,150,24,47,219,71,93,197,290
190682,8,5,5,69,150,24,47,219,71,93,197,290
190682,9,6,1,44,54,30,44,98,74,74,98,172
190682,9,6,5,44,54,30,44,98,74,74,98,172
190682,10,7,1,9,7,13,17,16,30,22,24,46
190682,10,7,5,9,7,13,17,16,30,22,24,46
190682,11,8,1,13,11,18,8,24,26,31,19,50
190682,11,8,5,13,11,18,8,24,26,31,19,50
190682,12,9,1,2,5,4,9,7,13,6,14,20
190682,12,9,5,2,5,4,9,7,13,6,14,20
190682,13,10,1,0,0,0,2,0,2,0,2,2
190682,13,10,5,0,0,0,2,0,2,0,2,2
190691,1,412,1,1615,3466,906,1797,5081,2703,2521,5263,7784
190691,1,112,2,1583,3344,874,1728,4927,2602,2457,5072,7529
190691,1,312,5,32,122,32,69,154,101,64,191,255
190691,2,999,1,1285,2591,572,1024,3876,1596,1857,3615,5472
190691,2,999,2,1279,2552,570,1010,3831,1580,1849,3562,5411
190691,2,999,5,6,39,2,14,45,16,8,53,61
190691,3,1,1,75,97,306,563,172,869,381,660,1041
190691,3,1,2,75,97,306,563,172,869,381,660,1041
190691,4,2,1,423,844,82,130,1267,212,505,974,1479
190691,4,2,2,423,844,82,130,1267,212,505,974,1479
190691,5,3,1,424,884,64,90,1308,154,488,974,1462
190691,5,3,2,424,884,64,90,1308,154,488,974,1462
190691,6,4,1,363,766,120,241,1129,361,483,1007,1490
190691,6,4,2,357,727,118,227,1084,345,475,954,1429
190691,6,4,5,6,39,2,14,45,16,8,53,61
190691,7,999,1,329,875,334,772,1204,1106,663,1647,2310
190691,7,999,2,303,792,304,717,1095,1021,607,1509,2116
190691,7,999,5,26,83,30,55,109,85,56,138,194
190691,8,5,1,207,466,158,333,673,491,365,799,1164
190691,8,5,2,193,420,141,300,613,441,334,720,1054
190691,8,5,5,14,46,17,33,60,50,31,79,110
190691,9,6,1,66,168,82,173,234,255,148,341,489
190691,9,6,2,61,155,76,161,216,237,137,316,453
190691,9,6,5,5,13,6,12,18,18,11,25,36
190691,10,7,1,19,105,35,106,124,141,54,211,265
190691,10,7,2,16,99,32,103,115,135,48,202,250
190691,10,7,5,3,6,3,3,9,6,6,9,15
190691,11,8,1,28,98,40,100,126,140,68,198,266
190691,11,8,2,25,87,37,97,112,134,62,184,246
190691,11,8,5,3,11,3,3,14,6,6,14,20
190691,12,9,1,8,35,18,55,43,73,26,90,116
190691,12,9,2,7,28,17,51,35,68,24,79,103
190691,12,9,5,1,7,1,4,8,5,2,11,13
190691,13,10,1,1,3,1,5,4,6,2,8,10
190691,13,10,2,1,3,1,5,4,6,2,8,10
190691,14,11,1,1,0,0,1,1,1,1,1,2
190691,14,11,2,1,0,0,1,1,1,1,1,2
190716,1,412,1,559,1314,175,737,1873,912,734,2051,2785
190716,1,112,2,287,827,71,290,1114,361,358,1117,1475
190716,1,312,5,272,487,104,447,759,551,376,934,1310
190716,2,999,1,371,970,36,212,1341,248,407,1182,1589
190716,2,999,2,240,726,25,145,966,170,265,871,1136
190716,2,999,5,131,244,11,67,375,78,142,311,453
190716,3,1,1,4,17,5,34,21,39,9,51,60
190716,3,1,2,4,17,5,34,21,39,9,51,60
190716,4,2,1,88,327,1,9,415,10,89,336,425
190716,4,2,2,87,327,1,9,414,10,88,336,424
190716,4,2,5,1,0,0,0,1,0,1,0,1
190716,5,3,1,135,329,6,22,464,28,141,351,492
190716,5,3,2,113,282,6,22,395,28,119,304,423
190716,5,3,5,22,47,0,0,69,0,22,47,69
190716,6,4,1,144,297,24,147,441,171,168,444,612
190716,6,4,2,36,100,13,80,136,93,49,180,229
190716,6,4,5,108,197,11,67,305,78,119,264,383
190716,7,999,1,188,343,139,525,531,664,327,868,1195
190716,7,999,2,47,101,46,145,148,191,93,246,339
190716,7,999,5,141,242,93,380,383,473,234,622,856
190716,8,5,1,124,208,52,197,332,249,176,405,581
190716,8,5,2,29,67,22,73,96,95,51,140,191
190716,8,5,5,95,141,30,124,236,154,125,265,390
190716,9,6,1,29,64,46,108,93,154,75,172,247
190716,9,6,2,9,24,18,31,33,49,27,55,82
190716,9,6,5,20,40,28,77,60,105,48,117,165
190716,10,7,1,19,25,16,77,44,93,35,102,137
190716,10,7,2,6,4,3,18,10,21,9,22,31
190716,10,7,5,13,21,13,59,34,72,26,80,106
190716,11,8,1,11,30,16,102,41,118,27,132,159
190716,11,8,2,3,6,3,15,9,18,6,21,27
190716,11,8,5,8,24,13,87,32,100,21,111,132
190716,12,9,1,5,15,8,40,20,48,13,55,68
190716,12,9,2,0,0,0,8,0,8,0,8,8
190716,12,9,5,5,15,8,32,20,40,13,47,60
190716,13,10,1,0,1,1,1,1,2,1,2,3
190716,13,10,5,0,1,1,1,1,2,1,2,3
190716,14,11,1,0,1,0,0,1,0,0,1,1
190716,14,11,5,0,1,0,0,1,0,0,1,1
190840,1,412,1,1377,1638,2092,2927,3015,5019,3469,4565,8034
190840,1,112,2,1377,1638,2092,2927,3015,5019,3469,4565,8034
190840,2,999,1,1261,1447,1862,2351,2708,4213,3123,3798,6921
190840,2,999,2,1261,1447,1862,2351,2708,4213,3123,3798,6921
190840,3,1,1,182,260,1328,1741,442,3069,1510,2001,3511
190840,3,1,2,182,260,1328,1741,442,3069,1510,2001,3511
190840,4,2,1,720,822,217,210,1542,427,937,1032,1969
190840,4,2,2,720,822,217,210,1542,427,937,1032,1969
190840,5,3,1,248,243,188,201,491,389,436,444,880
190840,5,3,2,248,243,188,201,491,389,436,444,880
190840,6,4,1,111,122,129,199,233,328,240,321,561
190840,6,4,2,111,122,129,199,233,328,240,321,561
190840,7,999,1,116,191,230,575,307,805,346,766,1112
190840,7,999,2,116,191,230,575,307,805,346,766,1112
190840,8,5,1,57,94,119,197,151,316,176,291,467
190840,8,5,2,57,94,119,197,151,316,176,291,467
190840,9,6,1,22,38,42,126,60,168,64,164,228
190840,9,6,2,22,38,42,126,60,168,64,164,228
190840,10,7,1,12,21,31,84,33,115,43,105,148
190840,10,7,2,12,21,31,84,33,115,43,105,148
190840,11,8,1,18,21,24,111,39,135,42,132,174
190840,11,8,2,18,21,24,111,39,135,42,132,174
190840,12,9,1,7,17,8,57,24,65,15,74,89
190840,12,9,2,7,17,8,57,24,65,15,74,89
190840,13,10,1,0,0,6,0,0,6,6,0,6
190840,13,10,2,0,0,6,0,0,6,6,0,6
190840,14,11,1,0,0,0,1,0,1,0,1,1
190840,14,11,2,0,0,0,1,0,1,0,1,1
190974,1,412,1,1,13,1,8,14,9,2,21,23
190974,1,112,2,1,13,1,8,14,9,2,21,23
190974,2,999,1,0,3,0,3,3,3,0,6,6
190974,2,999,2,0,3,0,3,3,3,0,6,6
190974,5,3,1,0,1,0,1,1,1,0,2,2
190974,5,3,2,0,1,0,1,1,1,0,2,2
190974,6,4,1,0,2,0,2,2,2,0,4,4
190974,6,4,2,0,2,0,2,2,2,0,4,4
190974,7,999,1,1,10,1,5,11,6,2,15,17
190974,7,999,2,1,10,1,5,11,6,2,15,17
190974,8,5,1,0,3,0,4,3,4,0,7,7
190974,8,5,2,0,3,0,4,3,4,0,7,7
190974,9,6,1,0,1,0,0,1,0,0,1,1
190974,9,6,2,0,1,0,0,1,0,0,1,1
190974,10,7,1,0,5,1,0,5,1,1,5,6
190974,10,7,2,0,5,1,0,5,1,1,5,6
190974,11,8,1,1,1,0,0,2,0,1,1,2
190974,11,8,2,1,1,0,0,2,0,1,1,2
190974,12,9,1,0,0,0,1,0,1,0,1,1
190974,12,9,2,0,0,0,1,0,1,0,1,1
191083,1,412,1,2417,2642,1362,1943,5059,3305,3779,4585,8364
191083,1,112,2,2417,2642,1362,1943,5059,3305,3779,4585,8364
191083,2,999,1,1880,1859,930,1108,3739,2038,2810,2967,5777
191083,2,999,2,1880,1859,930,1108,3739,2038,2810,2967,5777
191083,3,1,1,132,143,347,480,275,827,479,623,1102
191083,3,1,2,132,143,347,480,275,827,479,623,1102
191083,4,2,1,974,875,185,171,1849,356,1159,1046,2205
191083,4,2,2,974,875,185,171,1849,356,1159,1046,2205
191083,5,3,1,493,499,219,210,992,429,712,709,1421
191083,5,3,2,493,499,219,210,992,429,712,709,1421
191083,6,4,1,281,342,179,247,623,426,460,589,1049
191083,6,4,2,281,342,179,247,623,426,460,589,1049
191083,7,999,1,537,783,432,835,1320,1267,969,1618,2587
191083,7,999,2,537,783,432,835,1320,1267,969,1618,2587
191083,8,5,1,216,340,156,316,556,472,372,656,1028
191083,8,5,2,216,340,156,316,556,472,372,656,1028
191083,9,6,1,135,198,110,194,333,304,245,392,637
191083,9,6,2,135,198,110,194,333,304,245,392,637
191083,10,7,1,91,122,53,129,213,182,144,251,395
191083,10,7,2,91,122,53,129,213,182,144,251,395
191083,11,8,1,68,91,72,127,159,199,140,218,358
191083,11,8,2,68,91,72,127,159,199,140,218,358
191083,12,9,1,25,31,40,65,56,105,65,96,161
191083,12,9,2,25,31,40,65,56,105,65,96,161
191083,13,10,1,2,1,1,4,3,5,3,5,8
191083,13,10,2,2,1,1,4,3,5,3,5,8
191126,1,412,1,1197,5945,212,837,7142,1049,1409,6782,8191
191126,1,112,2,1170,5796,204,789,6966,993,1374,6585,7959
191126,1,312,5,27,149,8,48,176,56,35,197,232
191126,2,999,1,1000,5372,122,407,6372,529,1122,5779,6901
191126,2,999,2,993,5314,122,404,6307,526,1115,5718,6833
191126,2,999,5,7,58,0,3,65,3,7,61,68
191126,3,1,1,40,210,2,6,250,8,42,216,258
191126,3,1,2,40,210,2,6,250,8,42,216,258
191126,4,2,1,372,1988,29,106,2360,135,401,2094,2495
191126,4,2,2,372,1988,29,106,2360,135,401,2094,2495
191126,5,3,1,394,2228,44,149,2622,193,438,2377,2815
191126,5,3,2,394,2227,44,149,2621,193,438,2376,2814
191126,5,3,5,0,1,0,0,1,0,0,1,1
191126,6,4,1,194,946,47,146,1140,193,241,1092,1333
191126,6,4,2,187,889,47,143,1076,190,234,1032,1266
191126,6,4,5,7,57,0,3,64,3,7,60,67
191126,7,999,1,197,573,90,430,770,520,287,1003,1290
191126,7,999,2,177,482,82,385,659,467,259,867,1126
191126,7,999,5,20,91,8,45,111,53,28,136,164
191126,8,5,1,140,367,29,165,507,194,169,532,701
191126,8,5,2,128,310,27,140,438,167,155,450,605
191126,8,5,5,12,57,2,25,69,27,14,82,96
191126,9,6,1,34,116,21,80,150,101,55,196,251
191126,9,6,2,31,96,18,71,127,89,49,167,216
191126,9,6,5,3,20,3,9,23,12,6,29,35
191126,10,7,1,11,38,11,64,49,75,22,102,124
191126,10,7,2,9,33,9,58,42,67,18,91,109
191126,10,7,5,2,5,2,6,7,8,4,11,15
191126,11,8,1,7,34,17,65,41,82,24,99,123
191126,11,8,2,6,30,17,61,36,78,23,91,114
191126,11,8,5,1,4,0,4,5,4,1,8,9
191126,12,9,1,5,18,11,45,23,56,16,63,79
191126,12,9,2,3,13,10,44,16,54,13,57,70
191126,12,9,5,2,5,1,1,7,2,3,6,9
191126,13,10,1,0,0,1,11,0,12,1,11,12
191126,13,10,2,0,0,1,11,0,12,1,11,12
191205,1,412,1,411,189,25,7,600,32,436,196,632
191205,1,112,2,397,183,20,5,580,25,417,188,605
191205,1,312,5,14,6,5,2,20,7,19,8,27
191205,2,999,1,373,174,17,4,547,21,390,178,568
191205,2,999,2,369,174,17,4,543,21,386,178,564
191205,2,999,5,4,0,0,0,4,0,4,0,4
191205,3,1,1,19,10,0,0,29,0,19,10,29
191205,3,1,2,19,10,0,0,29,0,19,10,29
191205,4,2,1,163,73,3,0,236,3,166,73,239
191205,4,2,2,163,73,3,0,236,3,166,73,239
191205,5,3,1,126,62,2,1,188,3,128,63,191
191205,5,3,2,126,62,2,1,188,3,128,63,191
191205,6,4,1,65,29,12,3,94,15,77,32,109
191205,6,4,2,61,29,12,3,90,15,73,32,105
191205,6,4,5,4,0,0,0,4,0,4,0,4
191205,7,999,1,38,15,8,3,53,11,46,18,64
191205,7,999,2,28,9,3,1,37,4,31,10,41
191205,7,999,5,10,6,5,2,16,7,15,8,23
191205,8,5,1,23,10,2,0,33,2,25,10,35
191205,8,5,2,21,7,1,0,28,1,22,7,29
191205,8,5,5,2,3,1,0,5,1,3,3,6
191205,9,6,1,5,2,3,1,7,4,8,3,11
191205,9,6,2,4,0,1,0,4,1,5,0,5
191205,9,6,5,1,2,2,1,3,3,3,3,6
191205,10,7,1,2,0,1,1,2,2,3,1,4
191205,10,7,2,0,0,0,1,0,1,0,1,1
191205,10,7,5,2,0,1,0,2,1,3,0,3
191205,11,8,1,6,2,2,0,8,2,8,2,10
191205,11,8,2,2,2,1,0,4,1,3,2,5
191205,11,8,5,4,0,1,0,4,1,5,0,5
191205,12,9,1,2,0,0,1,2,1,2,1,3
191205,12,9,2,1,0,0,0,1,0,1,0,1
191205,12,9,5,1,0,0,1,1,1,1,1,2
191205,13,10,1,0,1,0,0,1,0,0,1,1
191205,13,10,5,0,1,0,0,1,0,0,1,1
191241,1,412,1,5342,7540,1046,2436,12882,3482,6388,9976,16364
191241,1,112,2,3839,5048,178,334,8887,512,4017,5382,9399
191241,1,312,5,1503,2492,868,2102,3995,2970,2371,4594,6965
191241,2,999,1,4168,5944,219,518,10112,737,4387,6462,10849
191241,2,999,2,3659,4954,89,132,8613,221,3748,5086,8834
191241,2,999,5,509,990,130,386,1499,516,639,1376,2015
191241,3,1,1,75,155,7,4,230,11,82,159,241
191241,3,1,2,75,155,7,4,230,11,82,159,241
191241,4,2,1,1621,2328,15,14,3949,29,1636,2342,3978
191241,4,2,2,1621,2328,15,14,3949,29,1636,2342,3978
191241,5,3,1,1729,2328,23,40,4057,63,1752,2368,4120
191241,5,3,2,1697,2270,20,27,3967,47,1717,2297,4014
191241,5,3,5,32,58,3,13,90,16,35,71,106
191241,6,4,1,743,1133,174,460,1876,634,917,1593,2510
191241,6,4,2,266,201,47,87,467,134,313,288,601
191241,6,4,5,477,932,127,373,1409,500,604,1305,1909
191241,7,999,1,1174,1595,827,1917,2769,2744,2001,3512,5513
191241,7,999,2,180,94,89,202,274,291,269,296,565
191241,7,999,5,994,1501,738,1715,2495,2453,1732,3216,4948
191241,8,5,1,653,878,291,709,1531,1000,944,1587,2531
191241,8,5,2,113,52,42,98,165,140,155,150,305
191241,8,5,5,540,826,249,611,1366,860,789,1437,2226
191241,9,6,1,256,321,177,405,577,582,433,726,1159
191241,9,6,2,32,18,13,42,50,55,45,60,105
191241,9,6,5,224,303,164,363,527,527,388,666,1054
191241,10,7,1,101,151,130,271,252,401,231,422,653
191241,10,7,2,18,13,15,24,31,39,33,37,70
191241,10,7,5,83,138,115,247,221,362,198,385,583
191241,11,8,1,116,150,147,336,266,483,263,486,749
191241,11,8,2,15,5,7,18,20,25,22,23,45
191241,11,8,5,101,145,140,318,246,458,241,463,704
191241,12,9,1,43,88,71,186,131,257,114,274,388
191241,12,9,2,2,6,9,20,8,29,11,26,37
191241,12,9,5,41,82,62,166,123,228,103,248,351
191241,13,10,1,5,7,11,10,12,21,16,17,33
191241,13,10,2,0,0,3,0,0,3,3,0,3
191241,13,10,5,5,7,8,10,12,18,13,17,30
191241,14,11,1,0,1,0,1,1,1,0,2,2
191241,14,11,5,0,1,0,1,1,1,0,2,2
191302,1,412,1,337,441,487,681,778,1168,824,1122,1946
191302,1,112,2,337,441,487,681,778,1168,824,1122,1946
191302,2,999,1,294,376,441,533,670,974,735,909,1644
191302,2,999,2,294,376,441,533,670,974,735,909,1644
191302,3,1,1,47,66,351,419,113,770,398,485,883
191302,3,1,2,47,66,351,419,113,770,398,485,883
191302,4,2,1,176,208,45,38,384,83,221,246,467
191302,4,2,2,176,208,45,38,384,83,221,246,467
191302,5,3,1,50,75,28,38,125,66,78,113,191
191302,5,3,2,50,75,28,38,125,66,78,113,191
191302,6,4,1,21,27,17,38,48,55,38,65,103
191302,6,4,2,21,27,17,38,48,55,38,65,103
191302,7,999,1,43,65,46,148,108,194,89,213,302
191302,7,999,2,43,65,46,148,108,194,89,213,302
191302,8,5,1,24,21,20,37,45,57,44,58,102
191302,8,5,2,24,21,20,37,45,57,44,58,102
191302,9,6,1,8,15,10,35,23,45,18,50,68
191302,9,6,2,8,15,10,35,23,45,18,50,68
191302,10,7,1,6,18,6,31,24,37,12,49,61
191302,10,7,2,6,18,6,31,24,37,12,49,61
191302,11,8,1,3,7,9,35,10,44,12,42,54
191302,11,8,2,3,7,9,35,10,44,12,42,54
191302,12,9,1,2,3,0,10,5,10,2,13,15
191302,12,9,2,2,3,0,10,5,10,2,13,15
191302,13,10,1,0,1,1,0,1,1,1,1,2
191302,13,10,2,0,1,1,0,1,1,1,1,2
191339,1,412,1,587,1153,1061,1934,1740,2995,1648,3087,4735
191339,1,112,2,587,1153,1061,1934,1740,2995,1648,3087,4735
191339,2,999,1,515,841,960,1508,1356,2468,1475,2349,3824
191339,2,999,2,515,841,960,1508,1356,2468,1475,2349,3824
191339,3,1,1,91,198,790,1203,289,1993,881,1401,2282
191339,3,1,2,91,198,790,1203,289,1993,881,1401,2282
191339,4,2,1,277,419,68,113,696,181,345,532,877
191339,4,2,2,277,419,68,113,696,181,345,532,877
191339,5,3,1,96,137,65,103,233,168,161,240,401
191339,5,3,2,96,137,65,103,233,168,161,240,401
191339,6,4,1,51,87,37,89,138,126,88,176,264
191339,6,4,2,51,87,37,89,138,126,88,176,264
191339,7,999,1,72,312,101,426,384,527,173,738,911
191339,7,999,2,72,312,101,426,384,527,173,738,911
191339,8,5,1,30,127,36,137,157,173,66,264,330
191339,8,5,2,30,127,36,137,157,173,66,264,330
191339,9,6,1,22,80,19,109,102,128,41,189,230
191339,9,6,2,22,80,19,109,102,128,41,189,230
191339,10,7,1,10,50,15,72,60,87,25,122,147
191339,10,7,2,10,50,15,72,60,87,25,122,147
191339,11,8,1,8,40,20,84,48,104,28,124,152
191339,11,8,2,8,40,20,84,48,104,28,124,152
191339,12,9,1,2,15,11,22,17,33,13,37,50
191339,12,9,2,2,15,11,22,17,33,13,37,50
191339,13,10,1,0,0,0,2,0,2,0,2,2
191339,13,10,2,0,0,0,2,0,2,0,2,2
191612,1,412,1,476,713,413,622,1189,1035,889,1335,2224
191612,1,112,2,476,713,413,622,1189,1035,889,1335,2224
191612,2,999,1,398,512,313,479,910,792,711,991,1702
191612,2,999,2,398,512,313,479,910,792,711,991,1702
191612,3,1,1,7,21,188,333,28,521,195,354,549
191612,3,1,2,7,21,188,333,28,521,195,354,549
191612,4,2,1,205,279,82,95,484,177,287,374,661
191612,4,2,2,205,279,82,95,484,177,287,374,661
191612,5,3,1,142,141,21,19,283,40,163,160,323
191612,5,3,2,142,141,21,19,283,40,163,160,323
191612,6,4,1,44,71,22,32,115,54,66,103,169
191612,6,4,2,44,71,22,32,115,54,66,103,169
191612,7,999,1,78,201,99,143,279,242,177,344,521
191612,7,999,2,78,201,99,143,279,242,177,344,521
191612,8,5,1,30,73,26,43,103,69,56,116,172
191612,8,5,2,30,73,26,43,103,69,56,116,172
191612,9,6,1,26,52,22,38,78,60,48,90,138
191612,9,6,2,26,52,22,38,78,60,48,90,138
191612,10,7,1,7,34,17,19,41,36,24,53,77
191612,10,7,2,7,34,17,19,41,36,24,53,77
191612,11,8,1,11,31,24,32,42,56,35,63,98
191612,11,8,2,11,31,24,32,42,56,35,63,98
191612,12,9,1,4,11,9,11,15,20,13,22,35
191612,12,9,2,4,11,9,11,15,20,13,22,35
191612,13,10,1,0,0,1,0,0,1,1,0,1
191612,13,10,2,0,0,1,0,0,1,1,0,1
191612,14,11,1,0,0,1,0,0,1,1,0,1
191612,14,11,2,0,0,1,0,0,1,1,0,1
191649,1,412,1,3791,5169,569,915,8960,1484,4360,6084,10444
191649,1,112,2,2572,3234,162,152,5806,314,2734,3386,6120
191649,1,312,5,1219,1935,407,763,3154,1170,1626,2698,4324
191649,2,999,1,3069,4260,196,249,7329,445,3265,4509,7774
191649,2,999,2,2502,3194,132,101,5696,233,2634,3295,5929
191649,2,999,5,567,1066,64,148,1633,212,631,1214,1845
191649,3,1,1,88,134,2,1,222,3,90,135,225
191649,3,1,2,88,134,2,1,222,3,90,135,225
191649,4,2,1,1094,1460,20,15,2554,35,1114,1475,2589
191649,4,2,2,1094,1460,20,15,2554,35,1114,1475,2589
191649,5,3,1,1088,1473,33,33,2561,66,1121,1506,2627
191649,5,3,2,1057,1401,31,27,2458,58,1088,1428,2516
191649,5,3,5,31,72,2,6,103,8,33,78,111
191649,6,4,1,799,1193,141,200,1992,341,940,1393,2333
191649,6,4,2,263,199,79,58,462,137,342,257,599
191649,6,4,5,536,994,62,142,1530,204,598,1136,1734
191649,7,999,1,722,909,373,666,1631,1039,1095,1575,2670
191649,7,999,2,70,40,30,51,110,81,100,91,191
191649,7,999,5,652,869,343,615,1521,958,995,1484,2479
191649,8,5,1,501,645,166,255,1146,421,667,900,1567
191649,8,5,2,52,33,20,24,85,44,72,57,129
191649,8,5,5,449,612,146,231,1061,377,595,843,1438
191649,9,6,1,121,134,79,114,255,193,200,248,448
191649,9,6,2,9,4,6,6,13,12,15,10,25
191649,9,6,5,112,130,73,108,242,181,185,238,423
191649,10,7,1,53,60,57,91,113,148,110,151,261
191649,10,7,2,5,3,2,2,8,4,7,5,12
191649,10,7,5,48,57,55,89,105,144,103,146,249
191649,11,8,1,35,55,43,120,90,163,78,175,253
191649,11,8,2,4,0,0,8,4,8,4,8,12
191649,11,8,5,31,55,43,112,86,155,74,167,241
191649,12,9,1,11,15,27,84,26,111,38,99,137
191649,12,9,2,0,0,2,11,0,13,2,11,13
191649,12,9,5,11,15,25,73,26,98,36,88,124
191649,13,10,1,1,0,1,2,1,3,2,2,4
191649,13,10,5,1,0,1,2,1,3,2,2,4
191719,1,412,1,2444,2101,1797,2591,4545,4388,4241,4692,8933
191719,1,112,2,2444,2101,1797,2591,4545,4388,4241,4692,8933
191719,2,999,1,2091,1652,1305,1695,3743,3000,3396,3347,6743
191719,2,999,2,2091,1652,1305,1695,3743,3000,3396,3347,6743
191719,3,1,1,173,167,710,892,340,1602,883,1059,1942
191719,3,1,2,173,167,710,892,340,1602,883,1059,1942
191719,4,2,1,1217,951,186,210,2168,396,1403,1161,2564
191719,4,2,2,1217,951,186,210,2168,396,1403,1161,2564
191719,5,3,1,483,332,204,300,815,504,687,632,1319
191719,5,3,2,483,332,204,300,815,504,687,632,1319
191719,6,4,1,218,202,205,293,420,498,423,495,918
191719,6,4,2,218,202,205,293,420,498,423,495,918
191719,7,999,1,353,448,483,894,801,1377,836,1342,2178
191719,7,999,2,353,448,483,894,801,1377,836,1342,2178
191719,8,5,1,188,211,186,357,399,543,374,568,942
191719,8,5,2,188,211,186,357,399,543,374,568,942
191719,9,6,1,81,102,126,213,183,339,207,315,522
191719,9,6,2,81,102,126,213,183,339,207,315,522
191719,10,7,1,39,56,74,106,95,180,113,162,275
191719,10,7,2,39,56,74,106,95,180,113,162,275
191719,11,8,1,34,56,63,148,90,211,97,204,301
191719,11,8,2,34,56,63,148,90,211,97,204,301
191719,12,9,1,10,22,28,66,32,94,38,88,126
191719,12,9,2,10,22,28,66,32,94,38,88,126
191719,13,10,1,1,1,6,4,2,10,7,5,12
191719,13,10,2,1,1,6,4,2,10,7,5,12
191719,14,11,1,0,1,9,2,1,11,9,3,12
191719,14,11,2,0,1,9,2,1,11,9,3,12
191931,1,412,1,1444,1539,256,351,2983,607,1700,1890,3590
191931,1,112,2,1332,1278,140,209,2610,349,1472,1487,2959
191931,1,312,5,112,261,116,142,373,258,228,403,631
191931,2,999,1,1380,1450,169,244,2830,413,1549,1694,3243
191931,2,999,2,1308,1266,130,187,2574,317,1438,1453,2891
191931,2,999,5,72,184,39,57,256,96,111,241,352
191931,3,1,1,1,6,93,166,7,259,94,172,266
191931,3,1,2,1,6,93,166,7,259,94,172,266
191931,4,2,1,581,600,10,6,1181,16,591,606,1197
191931,4,2,2,581,600,10,6,1181,16,591,606,1197
191931,5,3,1,585,568,8,1,1153,9,593,569,1162
191931,5,3,2,583,563,7,1,1146,8,590,564,1154
191931,5,3,5,2,5,1,0,7,1,3,5,8
191931,6,4,1,213,276,58,71,489,129,271,347,618
191931,6,4,2,143,97,20,14,240,34,163,111,274
191931,6,4,5,70,179,38,57,249,95,108,236,344
191931,7,999,1,64,89,87,107,153,194,151,196,347
191931,7,999,2,24,12,10,22,36,32,34,34,68
191931,7,999,5,40,77,77,85,117,162,117,162,279
191931,8,5,1,41,59,42,39,100,81,83,98,181
191931,8,5,2,17,8,4,6,25,10,21,14,35
191931,8,5,5,24,51,38,33,75,71,62,84,146
191931,9,6,1,5,12,19,20,17,39,24,32,56
191931,9,6,2,3,2,0,1,5,1,3,3,6
191931,9,6,5,2,10,19,19,12,38,21,29,50
191931,10,7,1,8,5,6,12,13,18,14,17,31
191931,10,7,2,1,1,0,1,2,1,1,2,3
191931,10,7,5,7,4,6,11,11,17,13,15,28
191931,11,8,1,5,8,13,17,13,30,18,25,43
191931,11,8,2,1,1,1,2,2,3,2,3,5
191931,11,8,5,4,7,12,15,11,27,16,22,38
191931,12,9,1,5,4,3,8,9,11,8,12,20
191931,12,9,2,2,0,1,1,2,2,3,1,4
191931,12,9,5,3,4,2,7,7,9,5,11,16
191931,13,10,1,0,1,4,11,1,15,4,12,16
191931,13,10,2,0,0,4,11,0,15,4,11,15
191931,13,10,5,0,1,0,0,1,0,0,1,1
191986,1,412,1,656,998,663,1113,1654,1776,1319,2111,3430
191986,1,112,2,656,998,663,1113,1654,1776,1319,2111,3430
191986,2,999,1,575,789,553,887,1364,1440,1128,1676,2804
191986,2,999,2,575,789,553,887,1364,1440,1128,1676,2804
191986,3,1,1,70,138,473,713,208,1186,543,851,1394
191986,3,1,2,70,138,473,713,208,1186,543,851,1394
191986,4,2,1,338,456,32,51,794,83,370,507,877
191986,4,2,2,338,456,32,51,794,83,370,507,877
191986,5,3,1,117,127,27,59,244,86,144,186,330
191986,5,3,2,117,127,27,59,244,86,144,186,330
191986,6,4,1,50,68,21,64,118,85,71,132,203
191986,6,4,2,50,68,21,64,118,85,71,132,203
191986,7,999,1,81,209,110,226,290,336,191,435,626
191986,7,999,2,81,209,110,226,290,336,191,435,626
191986,8,5,1,32,81,34,64,113,98,66,145,211
191986,8,5,2,32,81,34,64,113,98,66,145,211
191986,9,6,1,14,45,26,63,59,89,40,108,148
191986,9,6,2,14,45,26,63,59,89,40,108,148
191986,10,7,1,15,39,21,32,54,53,36,71,107
191986,10,7,2,15,39,21,32,54,53,36,71,107
191986,11,8,1,13,38,20,48,51,68,33,86,119
191986,11,8,2,13,38,20,48,51,68,33,86,119
191986,12,9,1,7,6,9,18,13,27,16,24,40
191986,12,9,2,7,6,9,18,13,27,16,24,40
191986,13,10,1,0,0,0,1,0,1,0,1,1
191986,13,10,2,0,0,0,1,0,1,0,1,1
192022,1,412,1,553,878,408,819,1431,1227,961,1697,2658
192022,1,112,2,553,878,408,819,1431,1227,961,1697,2658
192022,2,999,1,427,626,314,582,1053,896,741,1208,1949
192022,2,999,2,427,626,314,582,1053,896,741,1208,1949
192022,3,1,1,36,76,225,405,112,630,261,481,742
192022,3,1,2,36,76,225,405,112,630,261,481,742
192022,4,2,1,274,348,33,44,622,77,307,392,699
192022,4,2,2,274,348,33,44,622,77,307,392,699
192022,5,3,1,85,125,26,44,210,70,111,169,280
192022,5,3,2,85,125,26,44,210,70,111,169,280
192022,6,4,1,32,77,30,89,109,119,62,166,228
192022,6,4,2,32,77,30,89,109,119,62,166,228
192022,7,999,1,126,252,94,237,378,331,220,489,709
192022,7,999,2,126,252,94,237,378,331,220,489,709
192022,8,5,1,35,92,30,86,127,116,65,178,243
192022,8,5,2,35,92,30,86,127,116,65,178,243
192022,9,6,1,36,58,29,53,94,82,65,111,176
192022,9,6,2,36,58,29,53,94,82,65,111,176
192022,10,7,1,24,49,14,46,73,60,38,95,133
192022,10,7,2,24,49,14,46,73,60,38,95,133
192022,11,8,1,21,42,15,34,63,49,36,76,112
192022,11,8,2,21,42,15,34,63,49,36,76,112
192022,12,9,1,9,11,5,17,20,22,14,28,42
192022,12,9,2,9,11,5,17,20,22,14,28,42
192022,13,10,1,1,0,1,1,1,2,2,1,3
192022,13,10,2,1,0,1,1,1,2,2,1,3
192192,1,412,1,325,1006,37,167,1331,204,362,1173,1535
192192,1,112,2,292,867,29,113,1159,142,321,980,1301
192192,1,312,5,33,139,8,54,172,62,41,193,234
192192,2,999,1,288,808,9,36,1096,45,297,844,1141
192192,2,999,2,274,744,8,28,1018,36,282,772,1054
192192,2,999,5,14,64,1,8,78,9,15,72,87
192192,3,1,1,9,38,0,0,47,0,9,38,47
192192,3,1,2,9,38,0,0,47,0,9,38,47
192192,4,2,1,123,346,0,2,469,2,123,348,471
192192,4,2,2,123,346,0,2,469,2,123,348,471
192192,5,3,1,124,314,3,7,438,10,127,321,448
192192,5,3,2,123,307,3,5,430,8,126,312,438
192192,5,3,5,1,7,0,2,8,2,1,9,10
192192,6,4,1,32,110,6,27,142,33,38,137,175
192192,6,4,2,19,53,5,21,72,26,24,74,98
192192,6,4,5,13,57,1,6,70,7,14,63,77
192192,7,999,1,37,197,28,131,234,159,65,328,393
192192,7,999,2,18,122,21,85,140,106,39,207,246
192192,7,999,5,19,75,7,46,94,53,26,121,147
192192,8,5,1,10,57,5,34,67,39,15,91,106
192192,8,5,2,4,42,2,27,46,29,6,69,75
192192,8,5,5,6,15,3,7,21,10,9,22,31
192192,9,6,1,4,39,7,24,43,31,11,63,74
192192,9,6,2,2,31,6,15,33,21,8,46,54
192192,9,6,5,2,8,1,9,10,10,3,17,20
192192,10,7,1,7,23,5,34,30,39,12,57,69
192192,10,7,2,6,16,4,18,22,22,10,34,44
192192,10,7,5,1,7,1,16,8,17,2,23,25
192192,11,8,1,11,52,10,28,63,38,21,80,101
192192,11,8,2,4,25,9,20,29,29,13,45,58
192192,11,8,5,7,27,1,8,34,9,8,35,43
192192,12,9,1,5,26,1,11,31,12,6,37,43
192192,12,9,2,2,8,0,5,10,5,2,13,15
192192,12,9,5,3,18,1,6,21,7,4,24,28
192192,14,11,1,0,1,0,0,1,0,0,1,1
192192,14,11,2,0,1,0,0,1,0,0,1,1
192271,1,412,1,141,1211,30,299,1352,329,171,1510,1681
192271,1,112,2,130,1034,23,162,1164,185,153,1196,1349
192271,1,312,5,11,177,7,137,188,144,18,314,332
192271,2,999,1,129,1095,17,166,1224,183,146,1261,1407
192271,2,999,2,124,977,15,112,1101,127,139,1089,1228
192271,2,999,5,5,118,2,54,123,56,7,172,179
192271,3,1,1,1,23,0,1,24,1,1,24,25
192271,3,1,2,1,23,0,1,24,1,1,24,25
192271,4,2,1,44,303,3,16,347,19,47,319,366
192271,4,2,2,44,303,3,16,347,19,47,319,366
192271,5,3,1,44,452,4,36,496,40,48,488,536
192271,5,3,2,44,440,4,36,484,40,48,476,524
192271,5,3,5,0,12,0,0,12,0,0,12,12
192271,6,4,1,40,317,10,113,357,123,50,430,480
192271,6,4,2,35,211,8,59,246,67,43,270,313
192271,6,4,5,5,106,2,54,111,56,7,160,167
192271,7,999,1,12,116,11,131,128,142,23,247,270
192271,7,999,2,6,57,7,50,63,57,13,107,120
192271,7,999,5,6,59,4,81,65,85,10,140,150
192271,8,5,1,7,97,7,95,104,102,14,192,206
192271,8,5,2,4,53,5,38,57,43,9,91,100
192271,8,5,5,3,44,2,57,47,59,5,101,106
192271,9,6,1,3,10,2,22,13,24,5,32,37
192271,9,6,2,1,1,1,9,2,10,2,10,12
192271,9,6,5,2,9,1,13,11,14,3,22,25
192271,10,7,1,1,5,1,6,6,7,2,11,13
192271,10,7,2,0,1,0,0,1,0,0,1,1
192271,10,7,5,1,4,1,6,5,7,2,10,12
192271,11,8,1,1,3,1,8,4,9,2,11,13
192271,11,8,2,1,1,1,3,2,4,2,4,6
192271,11,8,5,0,2,0,5,2,5,0,7,7
192271,13,10,1,0,1,0,0,1,0,0,1,1
192271,13,10,2,0,1,0,0,1,0,0,1,1
192271,14,11,1,0,0,2,2,0,4,2,2,4
192271,14,11,2,0,0,1,0,0,1,1,0,1
192271,14,11,5,0,0,1,2,0,3,1,2,3
192448,1,412,1,2398,5596,2490,4582,7994,7072,4888,10178,15066
192448,1,112,2,1788,3665,2037,2913,5453,4950,3825,6578,10403
192448,1,312,5,610,1931,453,1669,2541,2122,1063,3600,4663
192448,2,999,1,1893,4020,2013,2787,5913,4800,3906,6807,10713
192448,2,999,2,1619,3039,1958,2593,4658,4551,3577,5632,9209
192448,2,999,5,274,981,55,194,1255,249,329,1175,1504
192448,3,1,1,121,226,1879,2393,347,4272,2000,2619,4619
192448,3,1,2,121,226,1878,2393,347,4271,1999,2619,4618
192448,3,1,5,0,0,1,0,0,1,1,0,1
192448,4,2,1,732,1245,22,31,1977,53,754,1276,2030
192448,4,2,2,731,1244,22,31,1975,53,753,1275,2028
192448,4,2,5,1,1,0,0,2,0,1,1,2
192448,5,3,1,583,1157,23,50,1740,73,606,1207,1813
192448,5,3,2,564,1054,22,42,1618,64,586,1096,1682
192448,5,3,5,19,103,1,8,122,9,20,111,131
192448,6,4,1,457,1392,89,313,1849,402,546,1705,2251
192448,6,4,2,203,515,36,127,718,163,239,642,881
192448,6,4,5,254,877,53,186,1131,239,307,1063,1370
192448,7,999,1,505,1575,477,1794,2080,2271,982,3369,4351
192448,7,999,2,169,626,79,319,795,398,248,945,1193
192448,7,999,5,336,949,398,1475,1285,1873,734,2424,3158
192448,8,5,1,311,913,165,637,1224,802,476,1550,2026
192448,8,5,2,97,315,32,135,412,167,129,450,579
192448,8,5,5,214,598,133,502,812,635,347,1100,1447
192448,9,6,1,102,308,112,419,410,531,214,727,941
192448,9,6,2,31,143,11,73,174,84,42,216,258
192448,9,6,5,71,165,101,346,236,447,172,511,683
192448,10,7,1,45,154,65,229,199,294,110,383,493
192448,10,7,2,22,83,12,44,105,56,34,127,161
192448,10,7,5,23,71,53,185,94,238,76,256,332
192448,11,8,1,34,143,86,344,177,430,120,487,607
192448,11,8,2,15,66,18,48,81,66,33,114,147
192448,11,8,5,19,77,68,296,96,364,87,373,460
192448,12,9,1,12,56,43,155,68,198,55,211,266
192448,12,9,2,4,19,5,18,23,23,9,37,46
192448,12,9,5,8,37,38,137,45,175,46,174,220
192448,13,10,1,1,1,6,10,2,16,7,11,18
192448,13,10,2,0,0,1,1,0,2,1,1,2
192448,13,10,5,1,1,5,9,2,14,6,10,16
192448,14,11,1,0,1,0,1,1,1,0,2,2
192448,14,11,2,0,0,0,1,0,1,0,1,1
192448,14,11,5,0,1,0,0,1,0,0,1,1
192703,1,412,1,2047,1661,171,86,3708,257,2218,1747,3965
192703,1,112,2,1802,1376,127,47,3178,174,1929,1423,3352
192703,1,312,5,245,285,44,39,530,83,289,324,613
192703,2,999,1,1848,1508,65,33,3356,98,1913,1541,3454
192703,2,999,2,1697,1342,53,25,3039,78,1750,1367,3117
192703,2,999,5,151,166,12,8,317,20,163,174,337
192703,3,1,1,424,343,0,0,767,0,424,343,767
192703,3,1,2,424,343,0,0,767,0,424,343,767
192703,4,2,1,405,350,7,2,755,9,412,352,764
192703,4,2,2,405,350,7,2,755,9,412,352,764
192703,5,3,1,709,567,9,6,1276,15,718,573,1291
192703,5,3,2,698,553,9,6,1251,15,707,559,1266
192703,5,3,5,11,14,0,0,25,0,11,14,25
192703,6,4,1,310,248,49,25,558,74,359,273,632
192703,6,4,2,170,96,37,17,266,54,207,113,320
192703,6,4,5,140,152,12,8,292,20,152,160,312
192703,7,999,1,199,152,106,53,351,159,305,205,510
192703,7,999,2,105,34,74,22,139,96,179,56,235
192703,7,999,5,94,118,32,31,212,63,126,149,275
192703,8,5,1,111,67,39,17,178,56,150,84,234
192703,8,5,2,62,18,21,7,80,28,83,25,108
192703,8,5,5,49,49,18,10,98,28,67,59,126
192703,9,6,1,40,41,20,11,81,31,60,52,112
192703,9,6,2,20,11,13,5,31,18,33,16,49
192703,9,6,5,20,30,7,6,50,13,27,36,63
192703,10,7,1,21,18,17,11,39,28,38,29,67
192703,10,7,2,14,3,16,3,17,19,30,6,36
192703,10,7,5,7,15,1,8,22,9,8,23,31
192703,11,8,1,22,20,26,8,42,34,48,28,76
192703,11,8,2,8,2,21,4,10,25,29,6,35
192703,11,8,5,14,18,5,4,32,9,19,22,41
192703,12,9,1,5,6,4,6,11,10,9,12,21
192703,12,9,2,1,0,3,3,1,6,4,3,7
192703,12,9,5,4,6,1,3,10,4,5,9,14
192703,14,11,1,0,1,0,0,1,0,0,1,1
192703,14,11,5,0,1,0,0,1,0,0,1,1
192749,1,412,1,706,984,188,530,1690,718,894,1514,2408
192749,1,112,2,544,789,33,43,1333,76,577,832,1409
192749,1,312,5,162,195,155,487,357,642,317,682,999
192749,2,999,1,586,825,55,173,1411,228,641,998,1639
192749,2,999,2,529,747,27,26,1276,53,556,773,1329
192749,2,999,5,57,78,28,147,135,175,85,225,310
192749,3,1,1,10,22,8,1,32,9,18,23,41
192749,3,1,2,10,22,8,1,32,9,18,23,41
192749,4,2,1,213,343,2,4,556,6,215,347,562
192749,4,2,2,213,343,2,3,556,5,215,346,561
192749,4,2,5,0,0,0,1,0,1,0,1,1
192749,5,3,1,244,325,5,32,569,37,249,357,606
192749,5,3,2,242,316,4,7,558,11,246,323,569
192749,5,3,5,2,9,1,25,11,26,3,34,37
192749,6,4,1,119,135,40,136,254,176,159,271,430
192749,6,4,2,64,66,13,15,130,28,77,81,158
192749,6,4,5,55,69,27,121,124,148,82,190,272
192749,7,999,1,120,159,132,355,279,487,252,514,766
192749,7,999,2,15,42,5,15,57,20,20,57,77
192749,7,999,5,105,117,127,340,222,467,232,457,689
192749,8,5,1,48,54,53,109,102,162,101,163,264
192749,8,5,2,8,22,3,9,30,12,11,31,42
192749,8,5,5,40,32,50,100,72,150,90,132,222
192749,9,6,1,23,19,25,76,42,101,48,95,143
192749,9,6,2,2,8,0,2,10,2,2,10,12
192749,9,6,5,21,11,25,74,32,99,46,85,131
192749,10,7,1,21,26,26,49,47,75,47,75,122
192749,10,7,2,2,4,0,2,6,2,2,6,8
192749,10,7,5,19,22,26,47,41,73,45,69,114
192749,11,8,1,15,35,15,71,50,86,30,106,136
192749,11,8,2,0,5,0,1,5,1,0,6,6
192749,11,8,5,15,30,15,70,45,85,30,100,130
192749,12,9,1,12,23,9,48,35,57,21,71,92
192749,12,9,2,3,3,2,1,6,3,5,4,9
192749,12,9,5,9,20,7,47,29,54,16,67,83
192749,13,10,1,1,2,4,2,3,6,5,4,9
192749,13,10,5,1,2,4,2,3,6,5,4,9
192749,14,11,1,0,0,1,2,0,3,1,2,3
192749,14,11,2,0,0,1,2,0,3,1,2,3
192785,1,412,1,29,193,70,572,222,642,99,765,864
192785,1,112,2,27,175,70,572,202,642,97,747,844
192785,1,312,5,2,18,0,0,20,0,2,18,20
192785,2,999,1,11,113,20,168,124,188,31,281,312
192785,2,999,2,11,109,20,168,120,188,31,277,308
192785,2,999,5,0,4,0,0,4,0,0,4,4
192785,3,1,1,1,1,0,1,2,1,1,2,3
192785,3,1,2,1,1,0,1,2,1,1,2,3
192785,4,2,1,3,36,4,20,39,24,7,56,63
192785,4,2,2,3,36,4,20,39,24,7,56,63
192785,5,3,1,4,25,7,55,29,62,11,80,91
192785,5,3,2,4,25,7,55,29,62,11,80,91
192785,6,4,1,3,51,9,92,54,101,12,143,155
192785,6,4,2,3,47,9,92,50,101,12,139,151
192785,6,4,5,0,4,0,0,4,0,0,4,4
192785,7,999,1,18,79,47,397,97,444,65,476,541
192785,7,999,2,16,65,47,397,81,444,63,462,525
192785,7,999,5,2,14,0,0,16,0,2,14,16
192785,8,5,1,8,33,15,123,41,138,23,156,179
192785,8,5,2,8,26,15,123,34,138,23,149,172
192785,8,5,5,0,7,0,0,7,0,0,7,7
192785,9,6,1,6,17,10,92,23,102,16,109,125
192785,9,6,2,6,13,10,92,19,102,16,105,121
192785,9,6,5,0,4,0,0,4,0,0,4,4
192785,10,7,1,1,13,5,76,14,81,6,89,95
192785,10,7,2,1,11,5,76,12,81,6,87,93
192785,10,7,5,0,2,0,0,2,0,0,2,2
192785,11,8,1,1,8,10,69,9,79,11,77,88
192785,11,8,2,0,7,10,69,7,79,10,76,86
192785,11,8,5,1,1,0,0,2,0,1,1,2
192785,12,9,1,2,8,7,37,10,44,9,45,54
192785,12,9,2,1,8,7,37,9,44,8,45,53
192785,12,9,5,1,0,0,0,1,0,1,0,1
192785,14,11,1,0,1,3,7,1,10,3,8,11
192785,14,11,2,0,1,3,7,1,10,3,8,11
192800,1,412,1,1,2,0,8,3,8,1,10,11
192800,1,112,2,1,2,0,8,3,8,1,10,11
192800,2,999,1,1,0,0,3,1,3,1,3,4
192800,2,999,2,1,0,0,3,1,3,1,3,4
192800,5,3,1,0,0,0,3,0,3,0,3,3
192800,5,3,2,0,0,0,3,0,3,0,3,3
192800,6,4,1,1,0,0,0,1,0,1,0,1
192800,6,4,2,1,0,0,0,1,0,1,0,1
192800,7,999,1,0,2,0,5,2,5,0,7,7
192800,7,999,2,0,2,0,5,2,5,0,7,7
192800,8,5,1,0,1,0,0,1,0,0,1,1
192800,8,5,2,0,1,0,0,1,0,0,1,1
192800,9,6,1,0,0,0,5,0,5,0,5,5
192800,9,6,2,0,0,0,5,0,5,0,5,5
192800,10,7,1,0,1,0,0,1,0,0,1,1
192800,10,7,2,0,1,0,0,1,0,0,1,1
192819,1,412,1,2170,3159,601,670,5329,1271,2771,3829,6600
192819,1,112,2,2054,2893,377,358,4947,735,2431,3251,5682
192819,1,312,5,116,266,224,312,382,536,340,578,918
192819,2,999,1,2099,3008,354,355,5107,709,2453,3363,5816
192819,2,999,2,2032,2853,317,283,4885,600,2349,3136,5485
192819,2,999,5,67,155,37,72,222,109,104,227,331
192819,3,1,1,19,40,234,224,59,458,253,264,517
192819,3,1,2,19,40,234,224,59,458,253,264,517
192819,4,2,1,894,1362,7,4,2256,11,901,1366,2267
192819,4,2,2,894,1362,7,4,2256,11,901,1366,2267
192819,5,3,1,976,1346,14,26,2322,40,990,1372,2362
192819,5,3,2,971,1337,13,24,2308,37,984,1361,2345
192819,5,3,5,5,9,1,2,14,3,6,11,17
192819,6,4,1,210,260,99,101,470,200,309,361,670
192819,6,4,2,148,114,63,31,262,94,211,145,356
192819,6,4,5,62,146,36,70,208,106,98,216,314
192819,7,999,1,71,151,247,315,222,562,318,466,784
192819,7,999,2,22,40,60,75,62,135,82,115,197
192819,7,999,5,49,111,187,240,160,427,236,351,587
192819,8,5,1,45,98,89,109,143,198,134,207,341
192819,8,5,2,13,14,21,22,27,43,34,36,70
192819,8,5,5,32,84,68,87,116,155,100,171,271
192819,9,6,1,14,17,48,65,31,113,62,82,144
192819,9,6,2,5,6,13,13,11,26,18,19,37
192819,9,6,5,9,11,35,52,20,87,44,63,107
192819,10,7,1,5,12,31,40,17,71,36,52,88
192819,10,7,2,2,4,5,13,6,18,7,17,24
192819,10,7,5,3,8,26,27,11,53,29,35,64
192819,11,8,1,5,13,53,64,18,117,58,77,135
192819,11,8,2,1,10,10,15,11,25,11,25,36
192819,11,8,5,4,3,43,49,7,92,47,52,99
192819,12,9,1,2,11,25,37,13,62,27,48,75
192819,12,9,2,1,6,10,12,7,22,11,18,29
192819,12,9,5,1,5,15,25,6,40,16,30,46
192819,13,10,1,0,0,1,0,0,1,1,0,1
192819,13,10,2,0,0,1,0,0,1,1,0,1
193016,1,412,1,1969,4944,591,2043,6913,2634,2560,6987,9547
193016,1,112,2,1651,4048,380,1001,5699,1381,2031,5049,7080
193016,1,312,5,318,896,211,1042,1214,1253,529,1938,2467
193016,2,999,1,1379,3209,269,634,4588,903,1648,3843,5491
193016,2,999,2,1297,2885,251,538,4182,789,1548,3423,4971
193016,2,999,5,82,324,18,96,406,114,100,420,520
193016,3,1,1,54,194,170,391,248,561,224,585,809
193016,3,1,2,54,194,170,391,248,561,224,585,809
193016,4,2,1,492,1063,15,17,1555,32,507,1080,1587
193016,4,2,2,492,1063,15,17,1555,32,507,1080,1587
193016,5,3,1,461,1005,17,29,1466,46,478,1034,1512
193016,5,3,2,459,980,17,28,1439,45,476,1008,1484
193016,5,3,5,2,25,0,1,27,1,2,26,28
193016,6,4,1,372,947,67,197,1319,264,439,1144,1583
193016,6,4,2,292,648,49,102,940,151,341,750,1091
193016,6,4,5,80,299,18,95,379,113,98,394,492
193016,7,999,1,590,1735,320,1405,2325,1725,910,3140,4050
193016,7,999,2,354,1163,127,459,1517,586,481,1622,2103
193016,7,999,5,236,572,193,946,808,1139,429,1518,1947
193016,8,5,1,276,772,90,402,1048,492,366,1174,1540
193016,8,5,2,164,489,42,147,653,189,206,636,842
193016,8,5,5,112,283,48,255,395,303,160,538,698
193016,9,6,1,137,366,69,302,503,371,206,668,874
193016,9,6,2,87,252,21,96,339,117,108,348,456
193016,9,6,5,50,114,48,206,164,254,98,320,418
193016,10,7,1,77,234,55,242,311,297,132,476,608
193016,10,7,2,40,168,22,66,208,88,62,234,296
193016,10,7,5,37,66,33,176,103,209,70,242,312
193016,11,8,1,71,271,65,310,342,375,136,581,717
193016,11,8,2,43,194,28,101,237,129,71,295,366
193016,11,8,5,28,77,37,209,105,246,65,286,351
193016,12,9,1,27,90,40,144,117,184,67,234,301
193016,12,9,2,18,59,14,47,77,61,32,106,138
193016,12,9,5,9,31,26,97,40,123,35,128,163
193016,13,10,1,2,2,1,5,4,6,3,7,10
193016,13,10,2,2,1,0,2,3,2,2,3,5
193016,13,10,5,0,1,1,3,1,4,1,4,5
193016,14,11,1,0,0,2,4,0,6,2,4,6
193016,14,11,2,0,0,2,4,0,6,2,4,6
193265,1,412,1,54,5,23,5,59,28,77,10,87
193265,1,112,2,54,5,23,5,59,28,77,10,87
193265,2,999,1,33,2,9,2,35,11,42,4,46
193265,2,999,2,33,2,9,2,35,11,42,4,46
193265,4,2,1,7,0,0,0,7,0,7,0,7
193265,4,2,2,7,0,0,0,7,0,7,0,7
193265,5,3,1,14,1,3,0,15,3,17,1,18
193265,5,3,2,14,1,3,0,15,3,17,1,18
193265,6,4,1,12,1,6,2,13,8,18,3,21
193265,6,4,2,12,1,6,2,13,8,18,3,21
193265,7,999,1,21,3,14,3,24,17,35,6,41
193265,7,999,2,21,3,14,3,24,17,35,6,41
193265,8,5,1,10,2,6,1,12,7,16,3,19
193265,8,5,2,10,2,6,1,12,7,16,3,19
193265,9,6,1,5,1,4,1,6,5,9,2,11
193265,9,6,2,5,1,4,1,6,5,9,2,11
193265,10,7,1,2,0,3,0,2,3,5,0,5
193265,10,7,2,2,0,3,0,2,3,5,0,5
193265,11,8,1,3,0,1,1,3,2,4,1,5
193265,11,8,2,3,0,1,1,3,2,4,1,5
193265,12,9,1,1,0,0,0,1,0,1,0,1
193265,12,9,2,1,0,0,0,1,0,1,0,1
193283,1,412,1,1191,1341,1288,1884,2532,3172,2479,3225,5704
193283,1,112,2,1191,1341,1288,1884,2532,3172,2479,3225,5704
193283,2,999,1,973,1057,1123,1512,2030,2635,2096,2569,4665
193283,2,999,2,973,1057,1123,1512,2030,2635,2096,2569,4665
193283,3,1,1,115,133,934,1275,248,2209,1049,1408,2457
193283,3,1,2,115,133,934,1275,248,2209,1049,1408,2457
193283,4,2,1,531,620,88,85,1151,173,619,705,1324
193283,4,2,2,531,620,88,85,1151,173,619,705,1324
193283,5,3,1,221,198,53,86,419,139,274,284,558
193283,5,3,2,221,198,53,86,419,139,274,284,558
193283,6,4,1,106,106,48,66,212,114,154,172,326
193283,6,4,2,106,106,48,66,212,114,154,172,326
193283,7,999,1,218,284,164,372,502,536,382,656,1038
193283,7,999,2,218,284,164,372,502,536,382,656,1038
193283,8,5,1,92,121,43,126,213,169,135,247,382
193283,8,5,2,92,121,43,126,213,169,135,247,382
193283,9,6,1,58,67,34,90,125,124,92,157,249
193283,9,6,2,58,67,34,90,125,124,92,157,249
193283,10,7,1,31,38,28,62,69,90,59,100,159
193283,10,7,2,31,38,28,62,69,90,59,100,159
193283,11,8,1,28,45,35,66,73,101,63,111,174
193283,11,8,2,28,45,35,66,73,101,63,111,174
193283,12,9,1,9,13,23,28,22,51,32,41,73
193283,12,9,2,9,13,23,28,22,51,32,41,73
193283,13,10,1,0,0,1,0,0,1,1,0,1
193283,13,10,2,0,0,1,0,0,1,1,0,1
193283,14,11,1,0,0,1,0,0,1,1,0,1
193283,14,11,2,0,0,1,0,0,1,1,0,1
193292,1,412,1,857,2232,391,1635,3089,2026,1248,3867,5115
193292,1,112,2,776,1970,168,596,2746,764,944,2566,3510
193292,1,312,5,81,262,223,1039,343,1262,304,1301,1605
193292,2,999,1,754,1906,127,349,2660,476,881,2255,3136
193292,2,999,2,708,1769,95,260,2477,355,803,2029,2832
193292,2,999,5,46,137,32,89,183,121,78,226,304
193292,3,1,1,1,5,23,20,6,43,24,25,49
193292,3,1,2,1,5,23,20,6,43,24,25,49
193292,4,2,1,308,711,11,15,1019,26,319,726,1045
193292,4,2,2,308,711,11,14,1019,25,319,725,1044
193292,4,2,5,0,0,0,1,0,1,0,1,1
193292,5,3,1,295,764,14,27,1059,41,309,791,1100
193292,5,3,2,295,761,14,25,1056,39,309,786,1095
193292,5,3,5,0,3,0,2,3,2,0,5,5
193292,6,4,1,150,426,79,287,576,366,229,713,942
193292,6,4,2,104,292,47,201,396,248,151,493,644
193292,6,4,5,46,134,32,86,180,118,78,220,298
193292,7,999,1,103,326,264,1282,429,1546,367,1608,1975
193292,7,999,2,68,201,73,336,269,409,141,537,678
193292,7,999,5,35,125,191,946,160,1137,226,1071,1297
193292,8,5,1,62,195,105,474,257,579,167,669,836
193292,8,5,2,43,116,43,183,159,226,86,299,385
193292,8,5,5,19,79,62,291,98,353,81,370,451
193292,9,6,1,26,64,67,256,90,323,93,320,413
193292,9,6,2,19,41,20,65,60,85,39,106,145
193292,9,6,5,7,23,47,191,30,238,54,214,268
193292,10,7,1,7,33,34,174,40,208,41,207,248
193292,10,7,2,3,21,8,38,24,46,11,59,70
193292,10,7,5,4,12,26,136,16,162,30,148,178
193292,11,8,1,4,24,42,236,28,278,46,260,306
193292,11,8,2,1,19,1,35,20,36,2,54,56
193292,11,8,5,3,5,41,201,8,242,44,206,250
193292,12,9,1,3,10,16,136,13,152,19,146,165
193292,12,9,2,2,4,1,13,6,14,3,17,20
193292,12,9,5,1,6,15,123,7,138,16,129,145
193292,13,10,1,1,0,0,6,1,6,1,6,7
193292,13,10,2,0,0,0,2,0,2,0,2,2
193292,13,10,5,1,0,0,4,1,4,1,4,5
193292,14,11,1,0,0,0,4,0,4,0,4,4
193292,14,11,5,0,0,0,4,0,4,0,4,4
193326,1,412,1,2290,3203,1903,2765,5493,4668,4193,5968,10161
193326,1,112,2,2290,3203,1903,2765,5493,4668,4193,5968,10161
193326,2,999,1,1804,2276,1050,1279,4080,2329,2854,3555,6409
193326,2,999,2,1804,2276,1050,1279,4080,2329,2854,3555,6409
193326,3,1,1,118,207,73,99,325,172,191,306,497
193326,3,1,2,118,207,73,99,325,172,191,306,497
193326,4,2,1,991,1167,309,353,2158,662,1300,1520,2820
193326,4,2,2,991,1167,309,353,2158,662,1300,1520,2820
193326,5,3,1,448,530,344,355,978,699,792,885,1677
193326,5,3,2,448,530,344,355,978,699,792,885,1677
193326,6,4,1,247,372,324,472,619,796,571,844,1415
193326,6,4,2,247,372,324,472,619,796,571,844,1415
193326,7,999,1,486,925,853,1486,1411,2339,1339,2411,3750
193326,7,999,2,486,925,853,1486,1411,2339,1339,2411,3750
193326,8,5,1,215,372,300,547,587,847,515,919,1434
193326,8,5,2,215,372,300,547,587,847,515,919,1434
193326,9,6,1,116,235,206,324,351,530,322,559,881
193326,9,6,2,116,235,206,324,351,530,322,559,881
193326,10,7,1,71,132,138,248,203,386,209,380,589
193326,10,7,2,71,132,138,248,203,386,209,380,589
193326,11,8,1,60,141,128,237,201,365,188,378,566
193326,11,8,2,60,141,128,237,201,365,188,378,566
193326,12,9,1,24,45,72,125,69,197,96,170,266
193326,12,9,2,24,45,72,125,69,197,96,170,266
193326,13,10,1,0,0,9,5,0,14,9,5,14
193326,13,10,2,0,0,9,5,0,14,9,5,14
193326,14,11,1,0,2,0,0,2,0,0,2,2
193326,14,11,2,0,2,0,0,2,0,0,2,2
193353,1,412,1,427,1102,127,469,1529,596,554,1571,2125
193353,1,112,2,405,1074,81,221,1479,302,486,1295,1781
193353,1,312,5,22,28,46,248,50,294,68,276,344
193353,2,999,1,396,1009,28,95,1405,123,424,1104,1528
193353,2,999,2,382,995,20,70,1377,90,402,1065,1467
193353,2,999,5,14,14,8,25,28,33,22,39,61
193353,3,1,1,9,34,0,0,43,0,9,34,43
193353,3,1,2,9,34,0,0,43,0,9,34,43
193353,4,2,1,144,402,3,6,546,9,147,408,555
193353,4,2,2,144,402,3,6,546,9,147,408,555
193353,5,3,1,184,448,2,19,632,21,186,467,653
193353,5,3,2,182,443,2,17,625,19,184,460,644
193353,5,3,5,2,5,0,2,7,2,2,7,9
193353,6,4,1,59,125,23,70,184,93,82,195,277
193353,6,4,2,47,116,15,47,163,62,62,163,225
193353,6,4,5,12,9,8,23,21,31,20,32,52
193353,7,999,1,31,93,99,374,124,473,130,467,597
193353,7,999,2,23,79,61,151,102,212,84,230,314
193353,7,999,5,8,14,38,223,22,261,46,237,283
193353,8,5,1,16,54,21,125,70,146,37,179,216
193353,8,5,2,14,49,12,58,63,70,26,107,133
193353,8,5,5,2,5,9,67,7,76,11,72,83
193353,9,6,1,7,14,17,84,21,101,24,98,122
193353,9,6,2,3,11,9,35,14,44,12,46,58
193353,9,6,5,4,3,8,49,7,57,12,52,64
193353,10,7,1,2,9,22,56,11,78,24,65,89
193353,10,7,2,1,6,15,22,7,37,16,28,44
193353,10,7,5,1,3,7,34,4,41,8,37,45
193353,11,8,1,6,15,25,80,21,105,31,95,126
193353,11,8,2,5,12,14,26,17,40,19,38,57
193353,11,8,5,1,3,11,54,4,65,12,57,69
193353,12,9,1,0,1,13,26,1,39,13,27,40
193353,12,9,2,0,1,10,10,1,20,10,11,21
193353,12,9,5,0,0,3,16,0,19,3,16,19
193353,13,10,1,0,0,1,3,0,4,1,3,4
193353,13,10,2,0,0,1,0,0,1,1,0,1
193353,13,10,5,0,0,0,3,0,3,0,3,3
193380,1,412,1,0,0,12,76,0,88,12,76,88
193380,1,112,2,0,0,12,76,0,88,12,76,88
193380,2,999,1,0,0,2,11,0,13,2,11,13
193380,2,999,2,0,0,2,11,0,13,2,11,13
193380,5,3,1,0,0,0,3,0,3,0,3,3
193380,5,3,2,0,0,0,3,0,3,0,3,3
193380,6,4,1,0,0,2,8,0,10,2,8,10
193380,6,4,2,0,0,2,8,0,10,2,8,10
193380,7,999,1,0,0,6,56,0,62,6,56,62
193380,7,999,2,0,0,6,56,0,62,6,56,62
193380,8,5,1,0,0,3,17,0,20,3,17,20
193380,8,5,2,0,0,3,17,0,20,3,17,20
193380,9,6,1,0,0,2,17,0,19,2,17,19
193380,9,6,2,0,0,2,17,0,19,2,17,19
193380,10,7,1,0,0,1,11,0,12,1,11,12
193380,10,7,2,0,0,1,11,0,12,1,11,12
193380,11,8,1,0,0,0,11,0,11,0,11,11
193380,11,8,2,0,0,0,11,0,11,0,11,11
193380,14,11,1,0,0,4,9,0,13,4,9,13
193380,14,11,2,0,0,4,9,0,13,4,9,13
193478,1,412,1,3884,3710,2588,3682,7594,6270,6472,7392,13864
193478,1,112,2,3884,3710,2588,3682,7594,6270,6472,7392,13864
193478,2,999,1,3511,3084,1757,1750,6595,3507,5268,4834,10102
193478,2,999,2,3511,3084,1757,1750,6595,3507,5268,4834,10102
193478,3,1,1,270,251,59,45,521,104,329,296,625
193478,3,1,2,270,251,59,45,521,104,329,296,625
193478,4,2,1,1968,1603,482,435,3571,917,2450,2038,4488
193478,4,2,2,1968,1603,482,435,3571,917,2450,2038,4488
193478,5,3,1,886,814,696,571,1700,1267,1582,1385,2967
193478,5,3,2,886,814,696,571,1700,1267,1582,1385,2967
193478,6,4,1,387,416,520,699,803,1219,907,1115,2022
193478,6,4,2,387,416,520,699,803,1219,907,1115,2022
193478,7,999,1,373,626,831,1932,999,2763,1204,2558,3762
193478,7,999,2,373,626,831,1932,999,2763,1204,2558,3762
193478,8,5,1,215,323,414,808,538,1222,629,1131,1760
193478,8,5,2,215,323,414,808,538,1222,629,1131,1760
193478,9,6,1,76,133,198,436,209,634,274,569,843
193478,9,6,2,76,133,198,436,209,634,274,569,843
193478,10,7,1,37,80,100,268,117,368,137,348,485
193478,10,7,2,37,80,100,268,117,368,137,348,485
193478,11,8,1,31,76,74,284,107,358,105,360,465
193478,11,8,2,31,76,74,284,107,358,105,360,465
193478,12,9,1,13,14,40,134,27,174,53,148,201
193478,12,9,2,13,14,40,134,27,174,53,148,201
193478,13,10,1,1,0,5,2,1,7,6,2,8
193478,13,10,2,1,0,5,2,1,7,6,2,8
193584,1,412,1,634,1816,64,277,2450,341,698,2093,2791
193584,1,112,2,552,1511,25,59,2063,84,577,1570,2147
193584,1,312,5,82,305,39,218,387,257,121,523,644
193584,2,999,1,576,1687,26,121,2263,147,602,1808,2410
193584,2,999,2,530,1469,17,43,1999,60,547,1512,2059
193584,2,999,5,46,218,9,78,264,87,55,296,351
193584,3,1,1,18,57,0,0,75,0,18,57,75
193584,3,1,2,18,57,0,0,75,0,18,57,75
193584,4,2,1,228,681,0,2,909,2,228,683,911
193584,4,2,2,228,681,0,2,909,2,228,683,911
193584,5,3,1,225,683,5,21,908,26,230,704,934
193584,5,3,2,222,658,5,16,880,21,227,674,901
193584,5,3,5,3,25,0,5,28,5,3,30,33
193584,6,4,1,105,266,21,98,371,119,126,364,490
193584,6,4,2,62,73,12,25,135,37,74,98,172
193584,6,4,5,43,193,9,73,236,82,52,266,318
193584,7,999,1,58,129,38,156,187,194,96,285,381
193584,7,999,2,22,42,8,16,64,24,30,58,88
193584,7,999,5,36,87,30,140,123,170,66,227,293
193584,8,5,1,25,78,13,75,103,88,38,153,191
193584,8,5,2,11,23,5,8,34,13,16,31,47
193584,8,5,5,14,55,8,67,69,75,22,122,144
193584,9,6,1,13,15,10,25,28,35,23,40,63
193584,9,6,2,5,6,2,2,11,4,7,8,15
193584,9,6,5,8,9,8,23,17,31,16,32,48
193584,10,7,1,9,13,5,16,22,21,14,29,43
193584,10,7,2,3,6,0,3,9,3,3,9,12
193584,10,7,5,6,7,5,13,13,18,11,20,31
193584,11,8,1,8,22,8,25,30,33,16,47,63
193584,11,8,2,1,6,0,2,7,2,1,8,9
193584,11,8,5,7,16,8,23,23,31,15,39,54
193584,12,9,1,3,1,2,15,4,17,5,16,21
193584,12,9,2,2,1,1,1,3,2,3,2,5
193584,12,9,5,1,0,1,14,1,15,2,14,16
193654,1,412,1,2100,5824,342,781,7924,1123,2442,6605,9047
193654,1,112,2,1361,4297,216,525,5658,741,1577,4822,6399
193654,1,312,5,739,1527,126,256,2266,382,865,1783,2648
193654,2,999,1,1424,4667,146,338,6091,484,1570,5005,6575
193654,2,999,2,1224,4090,123,297,5314,420,1347,4387,5734
193654,2,999,5,200,577,23,41,777,64,223,618,841
193654,3,1,1,26,106,0,1,132,1,26,107,133
193654,3,1,2,26,106,0,1,132,1,26,107,133
193654,4,2,1,470,1570,20,53,2040,73,490,1623,2113
193654,4,2,2,470,1570,20,53,2040,73,490,1623,2113
193654,5,3,1,528,1887,49,113,2415,162,577,2000,2577
193654,5,3,2,520,1859,48,111,2379,159,568,1970,2538
193654,5,3,5,8,28,1,2,36,3,9,30,39
193654,6,4,1,400,1104,77,171,1504,248,477,1275,1752
193654,6,4,2,208,555,55,132,763,187,263,687,950
193654,6,4,5,192,549,22,39,741,61,214,588,802
193654,7,999,1,676,1157,196,443,1833,639,872,1600,2472
193654,7,999,2,137,207,93,228,344,321,230,435,665
193654,7,999,5,539,950,103,215,1489,318,642,1165,1807
193654,8,5,1,321,699,81,185,1020,266,402,884,1286
193654,8,5,2,88,136,41,96,224,137,129,232,361
193654,8,5,5,233,563,40,89,796,129,273,652,925
193654,9,6,1,191,263,50,120,454,170,241,383,624
193654,9,6,2,25,44,17,58,69,75,42,102,144
193654,9,6,5,166,219,33,62,385,95,199,281,480
193654,10,7,1,89,104,22,50,193,72,111,154,265
193654,10,7,2,15,14,12,26,29,38,27,40,67
193654,10,7,5,74,90,10,24,164,34,84,114,198
193654,11,8,1,61,72,33,47,133,80,94,119,213
193654,11,8,2,8,11,19,26,19,45,27,37,64
193654,11,8,5,53,61,14,21,114,35,67,82,149
193654,12,9,1,8,17,9,38,25,47,17,55,72
193654,12,9,2,1,2,3,20,3,23,4,22,26
193654,12,9,5,7,15,6,18,22,24,13,33,46
193654,13,10,1,6,2,1,3,8,4,7,5,12
193654,13,10,2,0,0,1,2,0,3,1,2,3
193654,13,10,5,6,2,0,1,8,1,6,3,9
193830,1,412,1,555,816,54,179,1371,233,609,995,1604
193830,1,312,5,555,816,54,179,1371,233,609,995,1604
193830,2,999,1,162,323,2,16,485,18,164,339,503
193830,2,999,5,162,323,2,16,485,18,164,339,503
193830,4,2,1,0,1,0,0,1,0,0,1,1
193830,4,2,5,0,1,0,0,1,0,0,1,1
193830,5,3,1,1,5,0,0,6,0,1,5,6
193830,5,3,5,1,5,0,0,6,0,1,5,6
193830,6,4,1,161,317,2,16,478,18,163,333,496
193830,6,4,5,161,317,2,16,478,18,163,333,496
193830,7,999,1,393,493,52,142,886,194,445,635,1080
193830,7,999,5,393,493,52,142,886,194,445,635,1080
193830,8,5,1,335,419,22,45,754,67,357,464,821
193830,8,5,5,335,419,22,45,754,67,357,464,821
193830,9,6,1,42,50,8,31,92,39,50,81,131
193830,9,6,5,42,50,8,31,92,39,50,81,131
193830,10,7,1,7,16,8,19,23,27,15,35,50
193830,10,7,5,7,16,8,19,23,27,15,35,50
193830,11,8,1,8,7,6,31,15,37,14,38,52
193830,11,8,5,8,7,6,31,15,37,14,38,52
193830,12,9,1,1,1,7,14,2,21,8,15,23
193830,12,9,5,1,1,7,14,2,21,8,15,23
193830,13,10,1,0,0,1,2,0,3,1,2,3
193830,13,10,5,0,0,1,2,0,3,1,2,3
193830,14,11,1,0,0,0,21,0,21,0,21,21
193830,14,11,5,0,0,0,21,0,21,0,21,21
193900,1,412,1,18864,25183,3566,5162,44047,8728,22430,30345,52775
193900,1,112,2,11059,14795,652,938,25854,1590,11711,15733,27444
193900,1,312,5,7805,10388,2914,4224,18193,7138,10719,14612,25331
193900,2,999,1,14080,19534,943,1473,33614,2416,15023,21007,36030
193900,2,999,2,10777,14397,532,720,25174,1252,11309,15117,26426
193900,2,999,5,3303,5137,411,753,8440,1164,3714,5890,9604
193900,3,1,1,291,432,0,2,723,2,291,434,725
193900,3,1,2,291,432,0,2,723,2,291,434,725
193900,4,2,1,4890,6609,72,111,11499,183,4962,6720,11682
193900,4,2,2,4888,6607,72,111,11495,183,4960,6718,11678
193900,4,2,5,2,2,0,0,4,0,2,2,4
193900,5,3,1,4664,6490,297,420,11154,717,4961,6910,11871
193900,5,3,2,4527,6217,283,398,10744,681,4810,6615,11425
193900,5,3,5,137,273,14,22,410,36,151,295,446
193900,6,4,1,4235,6003,574,940,10238,1514,4809,6943,11752
193900,6,4,2,1071,1141,177,209,2212,386,1248,1350,2598
193900,6,4,5,3164,4862,397,731,8026,1128,3561,5593,9154
193900,7,999,1,4784,5649,2623,3689,10433,6312,7407,9338,16745
193900,7,999,2,282,398,120,218,680,338,402,616,1018
193900,7,999,5,4502,5251,2503,3471,9753,5974,7005,8722,15727
193900,8,5,1,3285,4018,1134,1761,7303,2895,4419,5779,10198
193900,8,5,2,177,261,45,81,438,126,222,342,564
193900,8,5,5,3108,3757,1089,1680,6865,2769,4197,5437,9634
193900,9,6,1,974,1059,707,879,2033,1586,1681,1938,3619
193900,9,6,2,47,93,21,53,140,74,68,146,214
193900,9,6,5,927,966,686,826,1893,1512,1613,1792,3405
193900,10,7,1,316,294,358,445,610,803,674,739,1413
193900,10,7,2,28,17,14,35,45,49,42,52,94
193900,10,7,5,288,277,344,410,565,754,632,687,1319
193900,11,8,1,160,205,283,401,365,684,443,606,1049
193900,11,8,2,22,18,26,28,40,54,48,46,94
193900,11,8,5,138,187,257,373,325,630,395,560,955
193900,12,9,1,49,71,129,187,120,316,178,258,436
193900,12,9,2,8,9,14,21,17,35,22,30,52
193900,12,9,5,41,62,115,166,103,281,156,228,384
193900,13,10,1,0,2,12,16,2,28,12,18,30
193900,13,10,5,0,2,12,16,2,28,12,18,30
193946,1,412,1,945,1408,788,1248,2353,2036,1733,2656,4389
193946,1,112,2,945,1408,788,1248,2353,2036,1733,2656,4389
193946,2,999,1,814,1109,660,913,1923,1573,1474,2022,3496
193946,2,999,2,814,1109,660,913,1923,1573,1474,2022,3496
193946,3,1,1,21,32,418,581,53,999,439,613,1052
193946,3,1,2,21,32,418,581,53,999,439,613,1052
193946,4,2,1,466,638,101,116,1104,217,567,754,1321
193946,4,2,2,466,638,101,116,1104,217,567,754,1321
193946,5,3,1,224,291,81,104,515,185,305,395,700
193946,5,3,2,224,291,81,104,515,185,305,395,700
193946,6,4,1,103,148,60,112,251,172,163,260,423
193946,6,4,2,103,148,60,112,251,172,163,260,423
193946,7,999,1,131,299,126,335,430,461,257,634,891
193946,7,999,2,131,299,126,335,430,461,257,634,891
193946,8,5,1,63,130,50,131,193,181,113,261,374
193946,8,5,2,63,130,50,131,193,181,113,261,374
193946,9,6,1,33,74,22,81,107,103,55,155,210
193946,9,6,2,33,74,22,81,107,103,55,155,210
193946,10,7,1,16,39,28,42,55,70,44,81,125
193946,10,7,2,16,39,28,42,55,70,44,81,125
193946,11,8,1,13,42,19,46,55,65,32,88,120
193946,11,8,2,13,42,19,46,55,65,32,88,120
193946,12,9,1,6,14,6,28,20,34,12,42,54
193946,12,9,2,6,14,6,28,20,34,12,42,54
193946,13,10,1,0,0,1,7,0,8,1,7,8
193946,13,10,2,0,0,1,7,0,8,1,7,8
193946,14,11,1,0,0,2,0,0,2,2,0,2
193946,14,11,2,0,0,2,0,0,2,2,0,2
193991,1,412,1,1,30,0,10,31,10,1,40,41
193991,1,112,2,1,30,0,10,31,10,1,40,41
193991,2,999,1,1,21,0,8,22,8,1,29,30
193991,2,999,2,1,21,0,8,22,8,1,29,30
193991,4,2,1,0,4,0,0,4,0,0,4,4
193991,4,2,2,0,4,0,0,4,0,0,4,4
193991,5,3,1,0,9,0,3,9,3,0,12,12
193991,5,3,2,0,9,0,3,9,3,0,12,12
193991,6,4,1,1,8,0,5,9,5,1,13,14
193991,6,4,2,1,8,0,5,9,5,1,13,14
193991,7,999,1,0,9,0,2,9,2,0,11,11
193991,7,999,2,0,9,0,2,9,2,0,11,11
193991,8,5,1,0,3,0,2,3,2,0,5,5
193991,8,5,2,0,3,0,2,3,2,0,5,5
193991,9,6,1,0,2,0,0,2,0,0,2,2
193991,9,6,2,0,2,0,0,2,0,0,2,2
193991,10,7,1,0,2,0,0,2,0,0,2,2
193991,10,7,2,0,2,0,0,2,0,0,2,2
193991,11,8,1,0,2,0,0,2,0,0,2,2
193991,11,8,2,0,2,0,0,2,0,0,2,2
194028,1,412,1,241,411,317,633,652,950,558,1044,1602
194028,1,112,2,241,411,317,633,652,950,558,1044,1602
194028,2,999,1,116,266,262,519,382,781,378,785,1163
194028,2,999,2,116,266,262,519,382,781,378,785,1163
194028,3,1,1,19,44,222,395,63,617,241,439,680
194028,3,1,2,19,44,222,395,63,617,241,439,680
194028,4,2,1,64,149,18,50,213,68,82,199,281
194028,4,2,2,64,149,18,50,213,68,82,199,281
194028,5,3,1,19,44,12,32,63,44,31,76,107
194028,5,3,2,19,44,12,32,63,44,31,76,107
194028,6,4,1,14,29,10,42,43,52,24,71,95
194028,6,4,2,14,29,10,42,43,52,24,71,95
194028,7,999,1,125,145,55,114,270,169,180,259,439
194028,7,999,2,125,145,55,114,270,169,180,259,439
194028,8,5,1,33,63,13,47,96,60,46,110,156
194028,8,5,2,33,63,13,47,96,60,46,110,156
194028,9,6,1,36,30,15,31,66,46,51,61,112
194028,9,6,2,36,30,15,31,66,46,51,61,112
194028,10,7,1,23,26,11,17,49,28,34,43,77
194028,10,7,2,23,26,11,17,49,28,34,43,77
194028,11,8,1,25,20,12,11,45,23,37,31,68
194028,11,8,2,25,20,12,11,45,23,37,31,68
194028,12,9,1,8,6,3,7,14,10,11,13,24
194028,12,9,2,8,6,3,7,14,10,11,13,24
194028,13,10,1,0,0,1,1,0,2,1,1,2
194028,13,10,2,0,0,1,1,0,2,1,1,2
194091,1,412,1,3226,2743,447,435,5969,882,3673,3178,6851
194091,1,112,2,1860,1295,202,116,3155,318,2062,1411,3473
194091,1,312,5,1366,1448,245,319,2814,564,1611,1767,3378
194091,2,999,1,2153,1707,187,164,3860,351,2340,1871,4211
194091,2,999,2,1720,1182,138,81,2902,219,1858,1263,3121
194091,2,999,5,433,525,49,83,958,132,482,608,1090
194091,3,1,1,14,14,12,17,28,29,26,31,57
194091,3,1,2,14,14,12,17,28,29,26,31,57
194091,4,2,1,704,484,38,25,1188,63,742,509,1251
194091,4,2,2,704,484,38,25,1188,63,742,509,1251
194091,5,3,1,724,564,38,25,1288,63,762,589,1351
194091,5,3,2,707,519,36,16,1226,52,743,535,1278
194091,5,3,5,17,45,2,9,62,11,19,54,73
194091,6,4,1,711,645,99,97,1356,196,810,742,1552
194091,6,4,2,295,165,52,23,460,75,347,188,535
194091,6,4,5,416,480,47,74,896,121,463,554,1017
194091,7,999,1,1073,1036,260,271,2109,531,1333,1307,2640
194091,7,999,2,140,113,64,35,253,99,204,148,352
194091,7,999,5,933,923,196,236,1856,432,1129,1159,2288
194091,8,5,1,799,814,134,128,1613,262,933,942,1875
194091,8,5,2,96,74,33,16,170,49,129,90,219
194091,8,5,5,703,740,101,112,1443,213,804,852,1656
194091,9,6,1,140,108,44,56,248,100,184,164,348
194091,9,6,2,25,13,11,4,38,15,36,17,53
194091,9,6,5,115,95,33,52,210,85,148,147,295
194091,10,7,1,60,55,21,28,115,49,81,83,164
194091,10,7,2,10,11,2,5,21,7,12,16,28
194091,10,7,5,50,44,19,23,94,42,69,67,136
194091,11,8,1,67,52,41,42,119,83,108,94,202
194091,11,8,2,7,12,10,7,19,17,17,19,36
194091,11,8,5,60,40,31,35,100,66,91,75,166
194091,12,9,1,7,7,19,17,14,36,26,24,50
194091,12,9,2,2,3,8,3,5,11,10,6,16
194091,12,9,5,5,4,11,14,9,25,16,18,34
194091,13,10,1,0,0,1,0,0,1,1,0,1
194091,13,10,5,0,0,1,0,0,1,1,0,1
194116,1,412,1,42,236,27,316,278,343,69,552,621
194116,1,112,2,17,99,26,314,116,340,43,413,456
194116,1,312,5,25,137,1,2,162,3,26,139,165
194116,2,999,1,14,123,8,73,137,81,22,196,218
194116,2,999,2,8,80,8,73,88,81,16,153,169
194116,2,999,5,6,43,0,0,49,0,6,43,49
194116,3,1,1,0,1,0,1,1,1,0,2,2
194116,3,1,2,0,1,0,1,1,1,0,2,2
194116,4,2,1,2,14,3,13,16,16,5,27,32
194116,4,2,2,2,14,3,13,16,16,5,27,32
194116,5,3,1,2,28,0,21,30,21,2,49,51
194116,5,3,2,1,28,0,21,29,21,1,49,50
194116,5,3,5,1,0,0,0,1,0,1,0,1
194116,6,4,1,10,80,5,38,90,43,15,118,133
194116,6,4,2,5,37,5,38,42,43,10,75,85
194116,6,4,5,5,43,0,0,48,0,5,43,48
194116,7,999,1,28,113,18,223,141,241,46,336,382
194116,7,999,2,9,19,17,221,28,238,26,240,266
194116,7,999,5,19,94,1,2,113,3,20,96,116
194116,8,5,1,15,64,5,63,79,68,20,127,147
194116,8,5,2,4,12,5,62,16,67,9,74,83
194116,8,5,5,11,52,0,1,63,1,11,53,64
194116,9,6,1,6,23,3,30,29,33,9,53,62
194116,9,6,2,3,2,3,29,5,32,6,31,37
194116,9,6,5,3,21,0,1,24,1,3,22,25
194116,10,7,1,4,14,2,45,18,47,6,59,65
194116,10,7,2,1,3,2,45,4,47,3,48,51
194116,10,7,5,3,11,0,0,14,0,3,11,14
194116,11,8,1,3,7,5,46,10,51,8,53,61
194116,11,8,2,1,1,4,46,2,50,5,47,52
194116,11,8,5,2,6,1,0,8,1,3,6,9
194116,12,9,1,0,5,3,38,5,41,3,43,46
194116,12,9,2,0,1,3,38,1,41,3,39,42
194116,12,9,5,0,4,0,0,4,0,0,4,4
194116,13,10,1,0,0,0,1,0,1,0,1,1
194116,13,10,2,0,0,0,1,0,1,0,1,1
194116,14,11,1,0,0,1,20,0,21,1,20,21
194116,14,11,2,0,0,1,20,0,21,1,20,21
194222,1,412,1,1710,1902,2232,2701,3612,4933,3942,4603,8545
194222,1,112,2,1710,1902,2232,2701,3612,4933,3942,4603,8545
194222,2,999,1,1500,1600,1940,2110,3100,4050,3440,3710,7150
194222,2,999,2,1500,1600,1940,2110,3100,4050,3440,3710,7150
194222,3,1,1,124,149,1449,1627,273,3076,1573,1776,3349
194222,3,1,2,124,149,1449,1627,273,3076,1573,1776,3349
194222,4,2,1,913,973,219,158,1886,377,1132,1131,2263
194222,4,2,2,913,973,219,158,1886,377,1132,1131,2263
194222,5,3,1,343,330,155,150,673,305,498,480,978
194222,5,3,2,343,330,155,150,673,305,498,480,978
194222,6,4,1,120,148,117,175,268,292,237,323,560
194222,6,4,2,120,148,117,175,268,292,237,323,560
194222,7,999,1,210,302,292,589,512,881,502,891,1393
194222,7,999,2,210,302,292,589,512,881,502,891,1393
194222,8,5,1,101,126,111,216,227,327,212,342,554
194222,8,5,2,101,126,111,216,227,327,212,342,554
194222,9,6,1,45,70,73,138,115,211,118,208,326
194222,9,6,2,45,70,73,138,115,211,118,208,326
194222,10,7,1,23,41,41,91,64,132,64,132,196
194222,10,7,2,23,41,41,91,64,132,64,132,196
194222,11,8,1,30,41,42,93,71,135,72,134,206
194222,11,8,2,30,41,42,93,71,135,72,134,206
194222,12,9,1,11,24,19,44,35,63,30,68,98
194222,12,9,2,11,24,19,44,35,63,30,68,98
194222,13,10,1,0,0,6,7,0,13,6,7,13
194222,13,10,2,0,0,6,7,0,13,6,7,13
194222,14,11,1,0,0,0,2,0,2,0,2,2
194222,14,11,2,0,0,0,2,0,2,0,2,2
194240,1,412,1,1033,1448,1181,2200,2481,3381,2214,3648,5862
194240,1,112,2,1033,1448,1181,2200,2481,3381,2214,3648,5862
194240,2,999,1,934,1211,982,1460,2145,2442,1916,2671,4587
194240,2,999,2,934,1211,982,1460,2145,2442,1916,2671,4587
194240,3,1,1,102,134,569,815,236,1384,671,949,1620
194240,3,1,2,102,134,569,815,236,1384,671,949,1620
194240,4,2,1,551,668,126,174,1219,300,677,842,1519
194240,4,2,2,551,668,126,174,1219,300,677,842,1519
194240,5,3,1,223,252,146,206,475,352,369,458,827
194240,5,3,2,223,252,146,206,475,352,369,458,827
194240,6,4,1,58,157,141,265,215,406,199,422,621
194240,6,4,2,58,157,141,265,215,406,199,422,621
194240,7,999,1,99,237,199,740,336,939,298,977,1275
194240,7,999,2,99,237,199,740,336,939,298,977,1275
194240,8,5,1,56,123,100,290,179,390,156,413,569
194240,8,5,2,56,123,100,290,179,390,156,413,569
194240,9,6,1,16,49,39,207,65,246,55,256,311
194240,9,6,2,16,49,39,207,65,246,55,256,311
194240,10,7,1,13,28,24,114,41,138,37,142,179
194240,10,7,2,13,28,24,114,41,138,37,142,179
194240,11,8,1,9,28,27,92,37,119,36,120,156
194240,11,8,2,9,28,27,92,37,119,36,120,156
194240,12,9,1,4,8,8,37,12,45,12,45,57
194240,12,9,2,4,8,8,37,12,45,12,45,57
194240,13,10,1,1,1,1,0,2,1,2,1,3
194240,13,10,2,1,1,1,0,2,1,2,1,3
194392,1,412,1,424,238,9,10,662,19,433,248,681
194392,1,112,2,415,235,9,9,650,18,424,244,668
194392,1,312,5,9,3,0,1,12,1,9,4,13
194392,2,999,1,385,228,6,7,613,13,391,235,626
194392,2,999,2,383,226,6,6,609,12,389,232,621
194392,2,999,5,2,2,0,1,4,1,2,3,5
194392,3,1,1,5,10,0,0,15,0,5,10,15
194392,3,1,2,5,10,0,0,15,0,5,10,15
194392,4,2,1,173,112,1,1,285,2,174,113,287
194392,4,2,2,173,112,1,1,285,2,174,113,287
194392,5,3,1,154,80,1,0,234,1,155,80,235
194392,5,3,2,153,80,1,0,233,1,154,80,234
194392,5,3,5,1,0,0,0,1,0,1,0,1
194392,6,4,1,53,26,4,6,79,10,57,32,89
194392,6,4,2,52,24,4,5,76,9,56,29,85
194392,6,4,5,1,2,0,1,3,1,1,3,4
194392,7,999,1,38,9,3,2,47,5,41,11,52
194392,7,999,2,31,8,3,2,39,5,34,10,44
194392,7,999,5,7,1,0,0,8,0,7,1,8
194392,8,5,1,28,6,1,0,34,1,29,6,35
194392,8,5,2,25,5,1,0,30,1,26,5,31
194392,8,5,5,3,1,0,0,4,0,3,1,4
194392,9,6,1,6,2,1,0,8,1,7,2,9
194392,9,6,2,3,2,1,0,5,1,4,2,6
194392,9,6,5,3,0,0,0,3,0,3,0,3
194392,10,7,1,4,1,0,0,5,0,4,1,5
194392,10,7,2,3,1,0,0,4,0,3,1,4
194392,10,7,5,1,0,0,0,1,0,1,0,1
194392,11,8,1,0,0,1,0,0,1,1,0,1
194392,11,8,2,0,0,1,0,0,1,1,0,1
194392,12,9,1,0,0,0,2,0,2,0,2,2
194392,12,9,2,0,0,0,2,0,2,0,2,2
194392,14,11,1,1,1,0,1,2,1,1,2,3
194392,14,11,2,1,1,0,1,2,1,1,2,3
194499,1,412,1,171,698,7,38,869,45,178,736,914
194499,1,112,2,171,698,7,38,869,45,178,736,914
194499,2,999,1,85,349,7,38,434,45,92,387,479
194499,2,999,2,85,349,7,38,434,45,92,387,479
194499,3,1,1,14,56,7,38,70,45,21,94,115
194499,3,1,2,14,56,7,38,70,45,21,94,115
194499,4,2,1,22,91,0,0,113,0,22,91,113
194499,4,2,2,22,91,0,0,113,0,22,91,113
194499,5,3,1,22,90,0,0,112,0,22,90,112
194499,5,3,2,22,90,0,0,112,0,22,90,112
194499,6,4,1,27,112,0,0,139,0,27,112,139
194499,6,4,2,27,112,0,0,139,0,27,112,139
194499,7,999,1,86,349,0,0,435,0,86,349,435
194499,7,999,2,86,349,0,0,435,0,86,349,435
194499,8,5,1,36,147,0,0,183,0,36,147,183
194499,8,5,2,36,147,0,0,183,0,36,147,183
194499,9,6,1,15,63,0,0,78,0,15,63,78
194499,9,6,2,15,63,0,0,78,0,15,63,78
194499,10,7,1,10,42,0,0,52,0,10,42,52
194499,10,7,2,10,42,0,0,52,0,10,42,52
194499,11,8,1,5,21,0,0,26,0,5,21,26
194499,11,8,2,5,21,0,0,26,0,5,21,26
194499,12,9,1,17,69,0,0,86,0,17,69,86
194499,12,9,2,17,69,0,0,86,0,17,69,86
194499,13,10,1,3,7,0,0,10,0,3,7,10
194499,13,10,2,3,7,0,0,10,0,3,7,10
194578,1,412,1,1156,2920,94,183,4076,277,1250,3103,4353
194578,1,112,2,864,2134,49,75,2998,124,913,2209,3122
194578,1,312,5,292,786,45,108,1078,153,337,894,1231
194578,2,999,1,890,2437,39,77,3327,116,929,2514,3443
194578,2,999,2,788,2081,37,62,2869,99,825,2143,2968
194578,2,999,5,102,356,2,15,458,17,104,371,475
194578,3,1,1,14,40,4,8,54,12,18,48,66
194578,3,1,2,14,40,4,8,54,12,18,48,66
194578,4,2,1,310,876,4,5,1186,9,314,881,1195
194578,4,2,2,310,876,4,5,1186,9,314,881,1195
194578,5,3,1,323,870,11,22,1193,33,334,892,1226
194578,5,3,2,321,860,11,22,1181,33,332,882,1214
194578,5,3,5,2,10,0,0,12,0,2,10,12
194578,6,4,1,243,651,20,42,894,62,263,693,956
194578,6,4,2,143,305,18,27,448,45,161,332,493
194578,6,4,5,100,346,2,15,446,17,102,361,463
194578,7,999,1,266,483,55,106,749,161,321,589,910
194578,7,999,2,76,53,12,13,129,25,88,66,154
194578,7,999,5,190,430,43,93,620,136,233,523,756
194578,8,5,1,187,365,26,58,552,84,213,423,636
194578,8,5,2,53,44,5,7,97,12,58,51,109
194578,8,5,5,134,321,21,51,455,72,155,372,527
194578,9,6,1,49,85,14,24,134,38,63,109,172
194578,9,6,2,16,5,2,4,21,6,18,9,27
194578,9,6,5,33,80,12,20,113,32,45,100,145
194578,10,7,1,20,15,5,10,35,15,25,25,50
194578,10,7,2,5,2,0,1,7,1,5,3,8
194578,10,7,5,15,13,5,9,28,14,20,22,42
194578,11,8,1,8,17,6,9,25,15,14,26,40
194578,11,8,2,2,2,2,1,4,3,4,3,7
194578,11,8,5,6,15,4,8,21,12,10,23,33
194578,12,9,1,2,1,4,4,3,8,6,5,11
194578,12,9,2,0,0,3,0,0,3,3,0,3
194578,12,9,5,2,1,1,4,3,5,3,5,8
194578,13,10,1,0,0,0,1,0,1,0,1,1
194578,13,10,5,0,0,0,1,0,1,0,1,1
194824,1,412,1,5085,2316,57,43,7401,100,5142,2359,7501
194824,1,112,2,4308,1954,15,6,6262,21,4323,1960,6283
194824,1,312,5,777,362,42,37,1139,79,819,399,1218
194824,2,999,1,4645,2152,33,29,6797,62,4678,2181,6859
194824,2,999,2,4254,1942,15,6,6196,21,4269,1948,6217
194824,2,999,5,391,210,18,23,601,41,409,233,642
194824,3,1,1,89,37,10,6,126,16,99,43,142
194824,3,1,2,89,37,10,6,126,16,99,43,142
194824,4,2,1,1884,884,0,0,2768,0,1884,884,2768
194824,4,2,2,1884,884,0,0,2768,0,1884,884,2768
194824,5,3,1,1913,894,2,0,2807,2,1915,894,2809
194824,5,3,2,1882,870,2,0,2752,2,1884,870,2754
194824,5,3,5,31,24,0,0,55,0,31,24,55
194824,6,4,1,759,337,21,23,1096,44,780,360,1140
194824,6,4,2,399,151,3,0,550,3,402,151,553
194824,6,4,5,360,186,18,23,546,41,378,209,587
194824,7,999,1,440,164,24,14,604,38,464,178,642
194824,7,999,2,54,12,0,0,66,0,54,12,66
194824,7,999,5,386,152,24,14,538,38,410,166,576
194824,8,5,1,329,119,16,8,448,24,345,127,472
194824,8,5,2,32,8,0,0,40,0,32,8,40
194824,8,5,5,297,111,16,8,408,24,313,119,432
194824,9,6,1,75,27,5,4,102,9,80,31,111
194824,9,6,2,17,3,0,0,20,0,17,3,20
194824,9,6,5,58,24,5,4,82,9,63,28,91
194824,10,7,1,25,10,2,2,35,4,27,12,39
194824,10,7,2,2,0,0,0,2,0,2,0,2
194824,10,7,5,23,10,2,2,33,4,25,12,37
194824,11,8,1,9,6,0,0,15,0,9,6,15
194824,11,8,2,2,0,0,0,2,0,2,0,2
194824,11,8,5,7,6,0,0,13,0,7,6,13
194824,12,9,1,2,2,1,0,4,1,3,2,5
194824,12,9,2,1,1,0,0,2,0,1,1,2
194824,12,9,5,1,1,1,0,2,1,2,1,3
195003,1,412,1,9257,5026,1279,596,14283,1875,10536,5622,16158
195003,1,112,2,7942,4180,925,365,12122,1290,8867,4545,13412
195003,1,312,5,1315,846,354,231,2161,585,1669,1077,2746
195003,2,999,1,8304,4452,903,346,12756,1249,9207,4798,14005
195003,2,999,2,7698,4037,836,308,11735,1144,8534,4345,12879
195003,2,999,5,606,415,67,38,1021,105,673,453,1126
195003,3,1,1,103,80,594,219,183,813,697,299,996
195003,3,1,2,103,80,594,219,183,813,697,299,996
195003,4,2,1,3259,1798,55,19,5057,74,3314,1817,5131
195003,4,2,2,3258,1798,55,19,5056,74,3313,1817,5130
195003,4,2,5,1,0,0,0,1,0,1,0,1
195003,5,3,1,3023,1625,67,26,4648,93,3090,1651,4741
195003,5,3,2,2991,1599,67,25,4590,92,3058,1624,4682
195003,5,3,5,32,26,0,1,58,1,32,27,59
195003,6,4,1,1919,949,187,82,2868,269,2106,1031,3137
195003,6,4,2,1346,560,120,45,1906,165,1466,605,2071
195003,6,4,5,573,389,67,37,962,104,640,426,1066
195003,7,999,1,953,574,376,250,1527,626,1329,824,2153
195003,7,999,2,244,143,89,57,387,146,333,200,533
195003,7,999,5,709,431,287,193,1140,480,996,624,1620
195003,8,5,1,687,406,161,100,1093,261,848,506,1354
195003,8,5,2,165,94,36,15,259,51,201,109,310
195003,8,5,5,522,312,125,85,834,210,647,397,1044
195003,9,6,1,154,99,71,42,253,113,225,141,366
195003,9,6,2,56,25,12,6,81,18,68,31,99
195003,9,6,5,98,74,59,36,172,95,157,110,267
195003,10,7,1,68,32,46,39,100,85,114,71,185
195003,10,7,2,12,12,13,7,24,20,25,19,44
195003,10,7,5,56,20,33,32,76,65,89,52,141
195003,11,8,1,29,27,53,37,56,90,82,64,146
195003,11,8,2,5,8,15,14,13,29,20,22,42
195003,11,8,5,24,19,38,23,43,61,62,42,104
195003,12,9,1,14,10,43,31,24,74,57,41,98
195003,12,9,2,6,4,12,15,10,27,18,19,37
195003,12,9,5,8,6,31,16,14,47,39,22,61
195003,13,10,1,1,0,2,1,1,3,3,1,4
195003,13,10,2,0,0,1,0,0,1,1,0,1
195003,13,10,5,1,0,1,1,1,2,2,1,3
195049,1,412,1,142,113,0,0,255,0,142,113,255
195049,1,312,5,142,113,0,0,255,0,142,113,255
195049,2,999,1,21,20,0,0,41,0,21,20,41
195049,2,999,5,21,20,0,0,41,0,21,20,41
195049,5,3,1,1,0,0,0,1,0,1,0,1
195049,5,3,5,1,0,0,0,1,0,1,0,1
195049,6,4,1,20,20,0,0,40,0,20,20,40
195049,6,4,5,20,20,0,0,40,0,20,20,40
195049,7,999,1,121,92,0,0,213,0,121,92,213
195049,7,999,5,121,92,0,0,213,0,121,92,213
195049,8,5,1,85,70,0,0,155,0,85,70,155
195049,8,5,5,85,70,0,0,155,0,85,70,155
195049,9,6,1,28,14,0,0,42,0,28,14,42
195049,9,6,5,28,14,0,0,42,0,28,14,42
195049,10,7,1,5,7,0,0,12,0,5,7,12
195049,10,7,5,5,7,0,0,12,0,5,7,12
195049,11,8,1,3,1,0,0,4,0,3,1,4
195049,11,8,5,3,1,0,0,4,0,3,1,4
195049,14,11,1,0,1,0,0,1,0,0,1,1
195049,14,11,5,0,1,0,0,1,0,0,1,1
195058,1,412,1,1473,1421,1035,1806,2894,2841,2508,3227,5735
195058,1,112,2,1473,1421,1035,1806,2894,2841,2508,3227,5735
195058,2,999,1,1349,1213,802,1099,2562,1901,2151,2312,4463
195058,2,999,2,1349,1213,802,1099,2562,1901,2151,2312,4463
195058,3,1,1,139,150,393,553,289,946,532,703,1235
195058,3,1,2,139,150,393,553,289,946,532,703,1235
195058,4,2,1,790,678,148,151,1468,299,938,829,1767
195058,4,2,2,790,678,148,151,1468,299,938,829,1767
195058,5,3,1,293,255,156,175,548,331,449,430,879
195058,5,3,2,293,255,156,175,548,331,449,430,879
195058,6,4,1,127,130,105,220,257,325,232,350,582
195058,6,4,2,127,130,105,220,257,325,232,350,582
195058,7,999,1,124,208,233,707,332,940,357,915,1272
195058,7,999,2,124,208,233,707,332,940,357,915,1272
195058,8,5,1,68,102,93,241,170,334,161,343,504
195058,8,5,2,68,102,93,241,170,334,161,343,504
195058,9,6,1,26,48,57,143,74,200,83,191,274
195058,9,6,2,26,48,57,143,74,200,83,191,274
195058,10,7,1,13,25,35,140,38,175,48,165,213
195058,10,7,2,13,25,35,140,38,175,48,165,213
195058,11,8,1,10,22,29,113,32,142,39,135,174
195058,11,8,2,10,22,29,113,32,142,39,135,174
195058,12,9,1,7,11,18,64,18,82,25,75,100
195058,12,9,2,7,11,18,64,18,82,25,75,100
195058,13,10,1,0,0,1,6,0,7,1,6,7
195058,13,10,2,0,0,1,6,0,7,1,6,7
195067,1,412,1,15,239,8,80,254,88,23,319,342
195067,1,112,2,15,239,8,80,254,88,23,319,342
195067,2,999,1,6,131,2,24,137,26,8,155,163
195067,2,999,2,6,131,2,24,137,26,8,155,163
195067,4,2,1,0,44,1,6,44,7,1,50,51
195067,4,2,2,0,44,1,6,44,7,1,50,51
195067,5,3,1,3,46,0,8,49,8,3,54,57
195067,5,3,2,3,46,0,8,49,8,3,54,57
195067,6,4,1,3,41,1,10,44,11,4,51,55
195067,6,4,2,3,41,1,10,44,11,4,51,55
195067,7,999,1,9,108,6,56,117,62,15,164,179
195067,7,999,2,9,108,6,56,117,62,15,164,179
195067,8,5,1,3,55,1,28,58,29,4,83,87
195067,8,5,2,3,55,1,28,58,29,4,83,87
195067,9,6,1,3,30,1,14,33,15,4,44,48
195067,9,6,2,3,30,1,14,33,15,4,44,48
195067,10,7,1,3,15,1,7,18,8,4,22,26
195067,10,7,2,3,15,1,7,18,8,4,22,26
195067,11,8,1,0,7,2,5,7,7,2,12,14
195067,11,8,2,0,7,2,5,7,7,2,12,14
195067,12,9,1,0,1,1,2,1,3,1,3,4
195067,12,9,2,0,1,1,2,1,3,1,3,4
195128,1,412,1,325,1268,127,669,1593,796,452,1937,2389
195128,1,112,2,259,923,20,69,1182,89,279,992,1271
195128,1,312,5,66,345,107,600,411,707,173,945,1118
195128,2,999,1,265,1010,26,165,1275,191,291,1175,1466
195128,2,999,2,234,849,14,36,1083,50,248,885,1133
195128,2,999,5,31,161,12,129,192,141,43,290,333
195128,3,1,1,8,37,7,24,45,31,15,61,76
195128,3,1,2,8,37,7,24,45,31,15,61,76
195128,4,2,1,89,342,1,0,431,1,90,342,432
195128,4,2,2,89,342,1,0,431,1,90,342,432
195128,5,3,1,109,370,3,10,479,13,112,380,492
195128,5,3,2,106,363,2,4,469,6,108,367,475
195128,5,3,5,3,7,1,6,10,7,4,13,17
195128,6,4,1,59,261,15,131,320,146,74,392,466
195128,6,4,2,31,107,4,8,138,12,35,115,150
195128,6,4,5,28,154,11,123,182,134,39,277,316
195128,7,999,1,59,258,101,504,317,605,160,762,922
195128,7,999,2,25,74,6,33,99,39,31,107,138
195128,7,999,5,34,184,95,471,218,566,129,655,784
195128,8,5,1,36,150,29,196,186,225,65,346,411
195128,8,5,2,14,47,2,8,61,10,16,55,71
195128,8,5,5,22,103,27,188,125,215,49,291,340
195128,9,6,1,13,49,21,81,62,102,34,130,164
195128,9,6,2,6,20,0,6,26,6,6,26,32
195128,9,6,5,7,29,21,75,36,96,28,104,132
195128,10,7,1,5,23,13,66,28,79,18,89,107
195128,10,7,2,3,6,0,2,9,2,3,8,11
195128,10,7,5,2,17,13,64,19,77,15,81,96
195128,11,8,1,4,24,27,97,28,124,31,121,152
195128,11,8,2,1,1,3,11,2,14,4,12,16
195128,11,8,5,3,23,24,86,26,110,27,109,136
195128,12,9,1,1,12,11,62,13,73,12,74,86
195128,12,9,2,1,0,1,6,1,7,2,6,8
195128,12,9,5,0,12,10,56,12,66,10,68,78
195128,13,10,1,0,0,0,2,0,2,0,2,2
195128,13,10,5,0,0,0,2,0,2,0,2,2
195128,14,11,1,1,0,0,0,1,0,1,0,1
195128,14,11,5,1,0,0,0,1,0,1,0,1
195155,1,412,1,12,2,63,14,14,77,75,16,91
195155,1,312,5,12,2,63,14,14,77,75,16,91
195155,2,999,1,2,1,2,0,3,2,4,1,5
195155,2,999,5,2,1,2,0,3,2,4,1,5
195155,5,3,1,0,0,1,0,0,1,1,0,1
195155,5,3,5,0,0,1,0,0,1,1,0,1
195155,6,4,1,2,1,1,0,3,1,3,1,4
195155,6,4,5,2,1,1,0,3,1,3,1,4
195155,7,999,1,10,1,61,14,11,75,71,15,86
195155,7,999,5,10,1,61,14,11,75,71,15,86
195155,8,5,1,3,0,3,3,3,6,6,3,9
195155,8,5,5,3,0,3,3,3,6,6,3,9
195155,9,6,1,2,0,4,1,2,5,6,1,7
195155,9,6,5,2,0,4,1,2,5,6,1,7
195155,10,7,1,0,0,5,1,0,6,5,1,6
195155,10,7,5,0,0,5,1,0,6,5,1,6
195155,11,8,1,4,0,15,4,4,19,19,4,23
195155,11,8,5,4,0,15,4,4,19,19,4,23
195155,12,9,1,1,1,34,3,2,37,35,4,39
195155,12,9,5,1,1,34,3,2,37,35,4,39
195155,13,10,1,0,0,0,2,0,2,0,2,2
195155,13,10,5,0,0,0,2,0,2,0,2,2
195164,1,412,1,1009,914,239,378,1923,617,1248,1292,2540
195164,1,112,2,950,837,26,26,1787,52,976,863,1839
195164,1,312,5,59,77,213,352,136,565,272,429,701
195164,2,999,1,984,870,63,97,1854,160,1047,967,2014
195164,2,999,2,941,829,23,19,1770,42,964,848,1812
195164,2,999,5,43,41,40,78,84,118,83,119,202
195164,3,1,1,36,43,11,13,79,24,47,56,103
195164,3,1,2,36,43,11,13,79,24,47,56,103
195164,4,2,1,467,410,0,2,877,2,467,412,879
195164,4,2,2,467,410,0,2,877,2,467,412,879
195164,5,3,1,410,359,8,10,769,18,418,369,787
195164,5,3,2,405,353,7,2,758,9,412,355,767
195164,5,3,5,5,6,1,8,11,9,6,14,20
195164,6,4,1,71,58,44,72,129,116,115,130,245
195164,6,4,2,33,23,5,2,56,7,38,25,63
195164,6,4,5,38,35,39,70,73,109,77,105,182
195164,7,999,1,25,43,176,281,68,457,201,324,525
195164,7,999,2,9,7,3,7,16,10,12,14,26
195164,7,999,5,16,36,173,274,52,447,189,310,499
195164,8,5,1,7,19,52,94,26,146,59,113,172
195164,8,5,2,2,2,0,2,4,2,2,4,6
195164,8,5,5,5,17,52,92,22,144,57,109,166
195164,9,6,1,5,8,24,49,13,73,29,57,86
195164,9,6,2,3,0,0,1,3,1,3,1,4
195164,9,6,5,2,8,24,48,10,72,26,56,82
195164,10,7,1,2,5,25,52,7,77,27,57,84
195164,10,7,2,1,0,2,1,1,3,3,1,4
195164,10,7,5,1,5,23,51,6,74,24,56,80
195164,11,8,1,10,11,51,66,21,117,61,77,138
195164,11,8,2,2,5,1,2,7,3,3,7,10
195164,11,8,5,8,6,50,64,14,114,58,70,128
195164,12,9,1,1,0,23,20,1,43,24,20,44
195164,12,9,2,1,0,0,1,1,1,1,1,2
195164,12,9,5,0,0,23,19,0,42,23,19,42
195164,13,10,1,0,0,1,0,0,1,1,0,1
195164,13,10,5,0,0,1,0,0,1,1,0,1
195164,14,11,1,0,1,0,0,1,0,0,1,1
195164,14,11,2,0,1,0,0,1,0,0,1,1
195173,1,412,1,965,1607,66,97,2572,163,1031,1704,2735
195173,1,112,2,940,1577,48,81,2517,129,988,1658,2646
195173,1,312,5,25,30,18,16,55,34,43,46,89
195173,2,999,1,888,1451,27,41,2339,68,915,1492,2407
195173,2,999,2,873,1434,21,39,2307,60,894,1473,2367
195173,2,999,5,15,17,6,2,32,8,21,19,40
195173,3,1,1,42,80,0,0,122,0,42,80,122
195173,3,1,2,42,80,0,0,122,0,42,80,122
195173,4,2,1,380,685,2,3,1065,5,382,688,1070
195173,4,2,2,380,685,2,3,1065,5,382,688,1070
195173,5,3,1,331,491,6,7,822,13,337,498,835
195173,5,3,2,330,488,6,7,818,13,336,495,831
195173,5,3,5,1,3,0,0,4,0,1,3,4
195173,6,4,1,135,195,19,31,330,50,154,226,380
195173,6,4,2,121,181,13,29,302,42,134,210,344
195173,6,4,5,14,14,6,2,28,8,20,16,36
195173,7,999,1,76,156,39,56,232,95,115,212,327
195173,7,999,2,66,143,27,42,209,69,93,185,278
195173,7,999,5,10,13,12,14,23,26,22,27,49
195173,8,5,1,40,74,14,17,114,31,54,91,145
195173,8,5,2,36,70,9,13,106,22,45,83,128
195173,8,5,5,4,4,5,4,8,9,9,8,17
195173,9,6,1,15,39,13,10,54,23,28,49,77
195173,9,6,2,12,36,11,9,48,20,23,45,68
195173,9,6,5,3,3,2,1,6,3,5,4,9
195173,10,7,1,7,18,3,7,25,10,10,25,35
195173,10,7,2,6,16,2,5,22,7,8,21,29
195173,10,7,5,1,2,1,2,3,3,2,4,6
195173,11,8,1,11,11,8,15,22,23,19,26,45
195173,11,8,2,11,10,5,10,21,15,16,20,36
195173,11,8,5,0,1,3,5,1,8,3,6,9
195173,12,9,1,2,11,1,6,13,7,3,17,20
195173,12,9,2,1,8,0,4,9,4,1,12,13
195173,12,9,5,1,3,1,2,4,3,2,5,7
195173,13,10,1,1,3,0,1,4,1,1,4,5
195173,13,10,2,0,3,0,1,3,1,0,4,4
195173,13,10,5,1,0,0,0,1,0,1,0,1
195173,14,11,1,1,0,0,0,1,0,1,0,1
195173,14,11,2,1,0,0,0,1,0,1,0,1
195191,1,412,1,23,219,19,122,242,141,42,341,383
195191,1,112,2,23,219,19,122,242,141,42,341,383
195191,2,999,1,13,155,7,62,168,69,20,217,237
195191,2,999,2,13,155,7,62,168,69,20,217,237
195191,4,2,1,4,73,1,14,77,15,5,87,92
195191,4,2,2,4,73,1,14,77,15,5,87,92
195191,5,3,1,5,65,2,12,70,14,7,77,84
195191,5,3,2,5,65,2,12,70,14,7,77,84
195191,6,4,1,4,17,4,36,21,40,8,53,61
195191,6,4,2,4,17,4,36,21,40,8,53,61
195191,7,999,1,10,64,12,60,74,72,22,124,146
195191,7,999,2,10,64,12,60,74,72,22,124,146
195191,8,5,1,7,25,2,24,32,26,9,49,58
195191,8,5,2,7,25,2,24,32,26,9,49,58
195191,9,6,1,1,17,7,24,18,31,8,41,49
195191,9,6,2,1,17,7,24,18,31,8,41,49
195191,10,7,1,1,11,1,6,12,7,2,17,19
195191,10,7,2,1,11,1,6,12,7,2,17,19
195191,11,8,1,1,7,2,6,8,8,3,13,16
195191,11,8,2,1,7,2,6,8,8,3,13,16
195191,12,9,1,0,4,0,0,4,0,0,4,4
195191,12,9,2,0,4,0,0,4,0,0,4,4
195216,1,412,1,1015,1251,26,27,2266,53,1041,1278,2319
195216,1,112,2,1007,1242,12,19,2249,31,1019,1261,2280
195216,1,312,5,8,9,14,8,17,22,22,17,39
195216,2,999,1,1011,1248,16,15,2259,31,1027,1263,2290
195216,2,999,2,1005,1241,11,14,2246,25,1016,1255,2271
195216,2,999,5,6,7,5,1,13,6,11,8,19
195216,3,1,1,5,17,7,5,22,12,12,22,34
195216,3,1,2,5,17,7,5,22,12,12,22,34
195216,4,2,1,412,573,2,0,985,2,414,573,987
195216,4,2,2,412,573,2,0,985,2,414,573,987
195216,5,3,1,480,585,1,7,1065,8,481,592,1073
195216,5,3,2,480,585,1,7,1065,8,481,592,1073
195216,6,4,1,114,73,6,3,187,9,120,76,196
195216,6,4,2,108,66,1,2,174,3,109,68,177
195216,6,4,5,6,7,5,1,13,6,11,8,19
195216,7,999,1,4,3,10,11,7,21,14,14,28
195216,7,999,2,2,1,1,4,3,5,3,5,8
195216,7,999,5,2,2,9,7,4,16,11,9,20
195216,8,5,1,3,3,6,10,6,16,9,13,22
195216,8,5,2,2,1,0,4,3,4,2,5,7
195216,8,5,5,1,2,6,6,3,12,7,8,15
195216,9,6,1,1,0,2,1,1,3,3,1,4
195216,9,6,5,1,0,2,1,1,3,3,1,4
195216,10,7,1,0,0,1,0,0,1,1,0,1
195216,10,7,5,0,0,1,0,0,1,1,0,1
195216,11,8,1,0,0,1,0,0,1,1,0,1
195216,11,8,2,0,0,1,0,0,1,1,0,1
195216,14,11,1,0,0,0,1,0,1,0,1,1
195216,14,11,2,0,0,0,1,0,1,0,1,1
195234,1,412,1,811,1820,311,921,2631,1232,1122,2741,3863
195234,1,112,2,720,1463,25,41,2183,66,745,1504,2249
195234,1,312,5,91,357,286,880,448,1166,377,1237,1614
195234,2,999,1,720,1659,31,87,2379,118,751,1746,2497
195234,2,999,2,682,1424,16,30,2106,46,698,1454,2152
195234,2,999,5,38,235,15,57,273,72,53,292,345
195234,3,1,1,27,87,1,3,114,4,28,90,118
195234,3,1,2,27,87,1,3,114,4,28,90,118
195234,4,2,1,294,632,2,3,926,5,296,635,931
195234,4,2,2,294,632,2,3,926,5,296,635,931
195234,5,3,1,281,604,4,7,885,11,285,611,896
195234,5,3,2,279,571,3,6,850,9,282,577,859
195234,5,3,5,2,33,1,1,35,2,3,34,37
195234,6,4,1,118,336,24,74,454,98,142,410,552
195234,6,4,2,82,134,10,18,216,28,92,152,244
195234,6,4,5,36,202,14,56,238,70,50,258,308
195234,7,999,1,91,161,280,831,252,1111,371,992,1363
195234,7,999,2,38,39,9,11,77,20,47,50,97
195234,7,999,5,53,122,271,820,175,1091,324,942,1266
195234,8,5,1,55,85,56,151,140,207,111,236,347
195234,8,5,2,27,17,5,5,44,10,32,22,54
195234,8,5,5,28,68,51,146,96,197,79,214,293
195234,9,6,1,18,36,81,220,54,301,99,256,355
195234,9,6,2,5,10,0,0,15,0,5,10,15
195234,9,6,5,13,26,81,220,39,301,94,246,340
195234,10,7,1,9,23,62,182,32,244,71,205,276
195234,10,7,2,2,5,2,1,7,3,4,6,10
195234,10,7,5,7,18,60,181,25,241,67,199,266
195234,11,8,1,6,14,61,224,20,285,67,238,305
195234,11,8,2,2,5,1,3,7,4,3,8,11
195234,11,8,5,4,9,60,221,13,281,64,230,294
195234,12,9,1,3,3,20,50,6,70,23,53,76
195234,12,9,2,2,2,1,1,4,2,3,3,6
195234,12,9,5,1,1,19,49,2,68,20,50,70
195234,13,10,1,0,0,0,4,0,4,0,4,4
195234,13,10,2,0,0,0,1,0,1,0,1,1
195234,13,10,5,0,0,0,3,0,3,0,3,3
195234,14,11,1,0,0,0,3,0,3,0,3,3
195234,14,11,5,0,0,0,3,0,3,0,3,3
195243,1,412,1,562,590,278,349,1152,627,840,939,1779
195243,1,112,2,546,534,237,295,1080,532,783,829,1612
195243,1,312,5,16,56,41,54,72,95,57,110,167
195243,2,999,1,539,544,263,322,1083,585,802,866,1668
195243,2,999,2,530,505,231,288,1035,519,761,793,1554
195243,2,999,5,9,39,32,34,48,66,41,73,114
195243,3,1,1,6,28,205,280,34,485,211,308,519
195243,3,1,2,6,28,205,280,34,485,211,308,519
195243,4,2,1,208,191,9,5,399,14,217,196,413
195243,4,2,2,208,191,9,5,399,14,217,196,413
195243,5,3,1,218,228,9,2,446,11,227,230,457
195243,5,3,2,218,225,7,1,443,8,225,226,451
195243,5,3,5,0,3,2,1,3,3,2,4,6
195243,6,4,1,107,97,40,35,204,75,147,132,279
195243,6,4,2,98,61,10,2,159,12,108,63,171
195243,6,4,5,9,36,30,33,45,63,39,69,108
195243,7,999,1,23,46,15,27,69,42,38,73,111
195243,7,999,2,16,29,6,7,45,13,22,36,58
195243,7,999,5,7,17,9,20,24,29,16,37,53
195243,8,5,1,14,29,14,16,43,30,28,45,73
195243,8,5,2,12,18,6,4,30,10,18,22,40
195243,8,5,5,2,11,8,12,13,20,10,23,33
195243,9,6,1,3,10,0,5,13,5,3,15,18
195243,9,6,2,1,8,0,1,9,1,1,9,10
195243,9,6,5,2,2,0,4,4,4,2,6,8
195243,10,7,1,3,0,1,2,3,3,4,2,6
195243,10,7,2,3,0,0,2,3,2,3,2,5
195243,10,7,5,0,0,1,0,0,1,1,0,1
195243,11,8,1,1,6,0,2,7,2,1,8,9
195243,11,8,2,0,2,0,0,2,0,0,2,2
195243,11,8,5,1,4,0,2,5,2,1,6,7
195243,12,9,1,2,1,0,2,3,2,2,3,5
195243,12,9,2,0,1,0,0,1,0,0,1,1
195243,12,9,5,2,0,0,2,2,2,2,2,4
195322,1,412,1,541,686,1176,1612,1227,2788,1717,2298,4015
195322,1,112,2,541,686,1176,1612,1227,2788,1717,2298,4015
195322,2,999,1,414,498,1031,1290,912,2321,1445,1788,3233
195322,2,999,2,414,498,1031,1290,912,2321,1445,1788,3233
195322,3,1,1,64,81,839,1076,145,1915,903,1157,2060
195322,3,1,2,64,81,839,1076,145,1915,903,1157,2060
195322,4,2,1,226,249,61,82,475,143,287,331,618
195322,4,2,2,226,249,61,82,475,143,287,331,618
195322,5,3,1,91,102,69,59,193,128,160,161,321
195322,5,3,2,91,102,69,59,193,128,160,161,321
195322,6,4,1,33,66,62,73,99,135,95,139,234
195322,6,4,2,33,66,62,73,99,135,95,139,234
195322,7,999,1,127,188,145,322,315,467,272,510,782
195322,7,999,2,127,188,145,322,315,467,272,510,782
195322,8,5,1,48,61,52,102,109,154,100,163,263
195322,8,5,2,48,61,52,102,109,154,100,163,263
195322,9,6,1,27,44,23,65,71,88,50,109,159
195322,9,6,2,27,44,23,65,71,88,50,109,159
195322,10,7,1,21,30,20,45,51,65,41,75,116
195322,10,7,2,21,30,20,45,51,65,41,75,116
195322,11,8,1,18,34,30,63,52,93,48,97,145
195322,11,8,2,18,34,30,63,52,93,48,97,145
195322,12,9,1,11,19,15,41,30,56,26,60,86
195322,12,9,2,11,19,15,41,30,56,26,60,86
195322,13,10,1,2,0,5,6,2,11,7,6,13
195322,13,10,2,2,0,5,6,2,11,7,6,13
195474,1,412,1,1448,1829,74,74,3277,148,1522,1903,3425
195474,1,112,2,1409,1791,43,54,3200,97,1452,1845,3297
195474,1,312,5,39,38,31,20,77,51,70,58,128
195474,2,999,1,1421,1809,45,35,3230,80,1466,1844,3310
195474,2,999,2,1388,1778,30,28,3166,58,1418,1806,3224
195474,2,999,5,33,31,15,7,64,22,48,38,86
195474,3,1,1,42,85,1,1,127,2,43,86,129
195474,3,1,2,42,85,1,1,127,2,43,86,129
195474,4,2,1,699,915,6,8,1614,14,705,923,1628
195474,4,2,2,699,915,6,8,1614,14,705,923,1628
195474,5,3,1,557,751,12,12,1308,24,569,763,1332
195474,5,3,2,554,737,10,10,1291,20,564,747,1311
195474,5,3,5,3,14,2,2,17,4,5,16,21
195474,6,4,1,123,58,26,14,181,40,149,72,221
195474,6,4,2,93,41,13,9,134,22,106,50,156
195474,6,4,5,30,17,13,5,47,18,43,22,65
195474,7,999,1,27,20,29,39,47,68,56,59,115
195474,7,999,2,21,13,13,26,34,39,34,39,73
195474,7,999,5,6,7,16,13,13,29,22,20,42
195474,8,5,1,20,10,15,17,30,32,35,27,62
195474,8,5,2,15,7,5,10,22,15,20,17,37
195474,8,5,5,5,3,10,7,8,17,15,10,25
195474,9,6,1,5,4,4,8,9,12,9,12,21
195474,9,6,2,5,3,2,4,8,6,7,7,14
195474,9,6,5,0,1,2,4,1,6,2,5,7
195474,10,7,1,1,4,4,3,5,7,5,7,12
195474,10,7,2,1,2,2,2,3,4,3,4,7
195474,10,7,5,0,2,2,1,2,3,2,3,5
195474,11,8,1,1,2,1,7,3,8,2,9,11
195474,11,8,2,0,1,0,6,1,6,0,7,7
195474,11,8,5,1,1,1,1,2,2,2,2,4
195474,12,9,1,0,0,4,3,0,7,4,3,7
195474,12,9,2,0,0,4,3,0,7,4,3,7
195474,13,10,1,0,0,1,1,0,2,1,1,2
195474,13,10,2,0,0,0,1,0,1,0,1,1
195474,13,10,5,0,0,1,0,0,1,1,0,1
195526,1,412,1,1016,1494,22,50,2510,72,1038,1544,2582
195526,1,112,2,1016,1494,22,50,2510,72,1038,1544,2582
195526,2,999,1,1014,1492,18,44,2506,62,1032,1536,2568
195526,2,999,2,1014,1492,18,44,2506,62,1032,1536,2568
195526,3,1,1,13,31,1,0,44,1,14,31,45
195526,3,1,2,13,31,1,0,44,1,14,31,45
195526,4,2,1,486,736,3,7,1222,10,489,743,1232
195526,4,2,2,486,736,3,7,1222,10,489,743,1232
195526,5,3,1,422,672,8,28,1094,36,430,700,1130
195526,5,3,2,422,672,8,28,1094,36,430,700,1130
195526,6,4,1,93,53,6,9,146,15,99,62,161
195526,6,4,2,93,53,6,9,146,15,99,62,161
195526,7,999,1,2,2,4,6,4,10,6,8,14
195526,7,999,2,2,2,4,6,4,10,6,8,14
195526,8,5,1,2,1,0,1,3,1,2,2,4
195526,8,5,2,2,1,0,1,3,1,2,2,4
195526,9,6,1,0,0,3,0,0,3,3,0,3
195526,9,6,2,0,0,3,0,0,3,3,0,3
195526,10,7,1,0,1,1,2,1,3,1,3,4
195526,10,7,2,0,1,1,2,1,3,1,3,4
195526,11,8,1,0,0,0,1,0,1,0,1,1
195526,11,8,2,0,0,0,1,0,1,0,1,1
195526,12,9,1,0,0,0,2,0,2,0,2,2
195526,12,9,2,0,0,0,2,0,2,0,2,2
195544,1,412,1,1121,2503,321,1067,3624,1388,1442,3570,5012
195544,1,112,2,1063,2370,142,328,3433,470,1205,2698,3903
195544,1,312,5,58,133,179,739,191,918,237,872,1109
195544,2,999,1,943,2118,90,269,3061,359,1033,2387,3420
195544,2,999,2,918,2077,50,60,2995,110,968,2137,3105
195544,2,999,5,25,41,40,209,66,249,65,250,315
195544,3,1,1,28,58,0,0,86,0,28,58,86
195544,3,1,2,28,58,0,0,86,0,28,58,86
195544,4,2,1,379,816,5,1,1195,6,384,817,1201
195544,4,2,2,379,816,5,1,1195,6,384,817,1201
195544,5,3,1,375,887,11,24,1262,35,386,911,1297
195544,5,3,2,373,883,9,14,1256,23,382,897,1279
195544,5,3,5,2,4,2,10,6,12,4,14,18
195544,6,4,1,161,357,74,244,518,318,235,601,836
195544,6,4,2,138,320,36,45,458,81,174,365,539
195544,6,4,5,23,37,38,199,60,237,61,236,297
195544,7,999,1,178,385,231,797,563,1028,409,1182,1591
195544,7,999,2,145,293,92,268,438,360,237,561,798
195544,7,999,5,33,92,139,529,125,668,172,621,793
195544,8,5,1,86,211,80,273,297,353,166,484,650
195544,8,5,2,72,163,38,85,235,123,110,248,358
195544,8,5,5,14,48,42,188,62,230,56,236,292
195544,9,6,1,40,74,51,154,114,205,91,228,319
195544,9,6,2,33,50,17,55,83,72,50,105,155
195544,9,6,5,7,24,34,99,31,133,41,123,164
195544,10,7,1,21,52,34,106,73,140,55,158,213
195544,10,7,2,15,43,16,30,58,46,31,73,104
195544,10,7,5,6,9,18,76,15,94,24,85,109
195544,11,8,1,24,28,45,160,52,205,69,188,257
195544,11,8,2,19,22,16,52,41,68,35,74,109
195544,11,8,5,5,6,29,108,11,137,34,114,148
195544,12,9,1,6,18,20,102,24,122,26,120,146
195544,12,9,2,5,14,5,44,19,49,10,58,68
195544,12,9,5,1,4,15,58,5,73,16,62,78
195544,13,10,1,1,2,1,2,3,3,2,4,6
195544,13,10,2,1,1,0,2,2,2,1,3,4
195544,13,10,5,0,1,1,0,1,1,1,1,2
195544,14,11,1,0,0,0,1,0,1,0,1,1
195544,14,11,5,0,0,0,1,0,1,0,1,1
195702,1,412,1,15,73,7,60,88,67,22,133,155
195702,1,112,2,15,73,7,60,88,67,22,133,155
195702,2,999,1,12,58,2,30,70,32,14,88,102
195702,2,999,2,12,58,2,30,70,32,14,88,102
195702,4,2,1,8,27,0,6,35,6,8,33,41
195702,4,2,2,8,27,0,6,35,6,8,33,41
195702,5,3,1,2,26,1,12,28,13,3,38,41
195702,5,3,2,2,26,1,12,28,13,3,38,41
195702,6,4,1,2,5,1,12,7,13,3,17,20
195702,6,4,2,2,5,1,12,7,13,3,17,20
195702,7,999,1,3,15,5,30,18,35,8,45,53
195702,7,999,2,3,15,5,30,18,35,8,45,53
195702,8,5,1,2,8,0,15,10,15,2,23,25
195702,8,5,2,2,8,0,15,10,15,2,23,25
195702,9,6,1,1,5,3,9,6,12,4,14,18
195702,9,6,2,1,5,3,9,6,12,4,14,18
195702,10,7,1,0,2,1,2,2,3,1,4,5
195702,10,7,2,0,2,1,2,2,3,1,4,5
195702,11,8,1,0,0,1,4,0,5,1,4,5
195702,11,8,2,0,0,1,4,0,5,1,4,5
195720,1,412,1,1208,1837,143,422,3045,565,1351,2259,3610
195720,1,112,2,1060,1513,37,80,2573,117,1097,1593,2690
195720,1,312,5,148,324,106,342,472,448,254,666,920
195720,2,999,1,1123,1660,39,50,2783,89,1162,1710,2872
195720,2,999,2,1029,1471,26,23,2500,49,1055,1494,2549
195720,2,999,5,94,189,13,27,283,40,107,216,323
195720,3,1,1,19,43,0,0,62,0,19,43,62
195720,3,1,2,19,43,0,0,62,0,19,43,62
195720,4,2,1,458,714,1,2,1172,3,459,716,1175
195720,4,2,2,458,713,1,2,1171,3,459,715,1174
195720,4,2,5,0,1,0,0,1,0,0,1,1
195720,5,3,1,510,657,12,10,1167,22,522,667,1189
195720,5,3,2,482,605,12,9,1087,21,494,614,1108
195720,5,3,5,28,52,0,1,80,1,28,53,81
195720,6,4,1,136,246,26,38,382,64,162,284,446
195720,6,4,2,70,110,13,12,180,25,83,122,205
195720,6,4,5,66,136,13,26,202,39,79,162,241
195720,7,999,1,85,177,104,372,262,476,189,549,738
195720,7,999,2,31,42,11,57,73,68,42,99,141
195720,7,999,5,54,135,93,315,189,408,147,450,597
195720,8,5,1,40,87,34,154,127,188,74,241,315
195720,8,5,2,16,26,5,15,42,20,21,41,62
195720,8,5,5,24,61,29,139,85,168,53,200,253
195720,9,6,1,26,37,23,69,63,92,49,106,155
195720,9,6,2,11,12,1,14,23,15,12,26,38
195720,9,6,5,15,25,22,55,40,77,37,80,117
195720,10,7,1,8,22,22,54,30,76,30,76,106
195720,10,7,2,4,3,3,12,7,15,7,15,22
195720,10,7,5,4,19,19,42,23,61,23,61,84
195720,11,8,1,6,19,12,54,25,66,18,73,91
195720,11,8,2,0,1,1,10,1,11,1,11,12
195720,11,8,5,6,18,11,44,24,55,17,62,79
195720,12,9,1,4,11,12,35,15,47,16,46,62
195720,12,9,2,0,0,1,4,0,5,1,4,5
195720,12,9,5,4,11,11,31,15,42,15,42,57
195720,13,10,1,1,1,1,6,2,7,2,7,9
195720,13,10,2,0,0,0,2,0,2,0,2,2
195720,13,10,5,1,1,1,4,2,5,2,5,7
195809,1,412,1,5516,7410,2780,4437,12926,7217,8296,11847,20143
195809,1,112,2,4471,5706,2234,3282,10177,5516,6705,8988,15693
195809,1,312,5,1045,1704,546,1155,2749,1701,1591,2859,4450
195809,2,999,1,5003,6839,2265,3404,11842,5669,7268,10243,17511
195809,2,999,2,4357,5637,2198,3247,9994,5445,6555,8884,15439
195809,2,999,5,646,1202,67,157,1848,224,713,1359,2072
195809,3,1,1,157,199,2102,3161,356,5263,2259,3360,5619
195809,3,1,2,157,199,2102,3161,356,5263,2259,3360,5619
195809,4,2,1,2009,2605,46,33,4614,79,2055,2638,4693
195809,4,2,2,2009,2605,46,33,4614,79,2055,2638,4693
195809,5,3,1,1923,2686,25,28,4609,53,1948,2714,4662
195809,5,3,2,1861,2558,22,21,4419,43,1883,2579,4462
195809,5,3,5,62,128,3,7,190,10,65,135,200
195809,6,4,1,914,1349,92,182,2263,274,1006,1531,2537
195809,6,4,2,330,275,28,32,605,60,358,307,665
195809,6,4,5,584,1074,64,150,1658,214,648,1224,1872
195809,7,999,1,513,570,515,1031,1083,1546,1028,1601,2629
195809,7,999,2,114,68,36,33,182,69,150,101,251
195809,7,999,5,399,502,479,998,901,1477,878,1500,2378
195809,8,5,1,342,421,130,301,763,431,472,722,1194
195809,8,5,2,72,42,21,12,114,33,93,54,147
195809,8,5,5,270,379,109,289,649,398,379,668,1047
195809,9,6,1,93,92,112,198,185,310,205,290,495
195809,9,6,2,22,18,6,7,40,13,28,25,53
195809,9,6,5,71,74,106,191,145,297,177,265,442
195809,10,7,1,36,31,85,146,67,231,121,177,298
195809,10,7,2,11,5,5,2,16,7,16,7,23
195809,10,7,5,25,26,80,144,51,224,105,170,275
195809,11,8,1,32,17,117,209,49,326,149,226,375
195809,11,8,2,5,2,3,3,7,6,8,5,13
195809,11,8,5,27,15,114,206,42,320,141,221,362
195809,12,9,1,10,9,64,167,19,231,74,176,250
195809,12,9,2,4,1,1,9,5,10,5,10,15
195809,12,9,5,6,8,63,158,14,221,69,166,235
195809,13,10,1,0,0,7,10,0,17,7,10,17
195809,13,10,5,0,0,7,10,0,17,7,10,17
195809,14,11,1,0,1,0,2,1,2,0,3,3
195809,14,11,2,0,1,0,2,1,2,0,3,3
195988,1,412,1,295,407,431,568,702,999,726,975,1701
195988,1,112,2,295,407,431,568,702,999,726,975,1701
195988,2,999,1,262,298,360,422,560,782,622,720,1342
195988,2,999,2,262,298,360,422,560,782,622,720,1342
195988,3,1,1,30,42,279,346,72,625,309,388,697
195988,3,1,2,30,42,279,346,72,625,309,388,697
195988,4,2,1,146,169,44,36,315,80,190,205,395
195988,4,2,2,146,169,44,36,315,80,190,205,395
195988,5,3,1,69,57,22,24,126,46,91,81,172
195988,5,3,2,69,57,22,24,126,46,91,81,172
195988,6,4,1,17,30,15,16,47,31,32,46,78
195988,6,4,2,17,30,15,16,47,31,32,46,78
195988,7,999,1,29,105,67,145,134,212,96,250,346
195988,7,999,2,29,105,67,145,134,212,96,250,346
195988,8,5,1,13,55,15,52,68,67,28,107,135
195988,8,5,2,13,55,15,52,68,67,28,107,135
195988,9,6,1,10,25,12,41,35,53,22,66,88
195988,9,6,2,10,25,12,41,35,53,22,66,88
195988,10,7,1,3,16,8,22,19,30,11,38,49
195988,10,7,2,3,16,8,22,19,30,11,38,49
195988,11,8,1,3,9,21,19,12,40,24,28,52
195988,11,8,2,3,9,21,19,12,40,24,28,52
195988,12,9,1,0,0,11,10,0,21,11,10,21
195988,12,9,2,0,0,11,10,0,21,11,10,21
195988,13,10,1,0,0,0,1,0,1,0,1,1
195988,13,10,2,0,0,0,1,0,1,0,1,1
195988,14,11,1,4,4,4,1,8,5,8,5,13
195988,14,11,2,4,4,4,1,8,5,8,5,13
196006,1,412,1,2187,1172,89,219,3359,308,2276,1391,3667
196006,1,112,2,2187,1172,89,219,3359,308,2276,1391,3667
196006,2,999,1,2059,1026,51,56,3085,107,2110,1082,3192
196006,2,999,2,2059,1026,51,56,3085,107,2110,1082,3192
196006,3,1,1,152,75,0,0,227,0,152,75,227
196006,3,1,2,152,75,0,0,227,0,152,75,227
196006,4,2,1,1118,512,6,8,1630,14,1124,520,1644
196006,4,2,2,1118,512,6,8,1630,14,1124,520,1644
196006,5,3,1,589,331,20,16,920,36,609,347,956
196006,5,3,2,589,331,20,16,920,36,609,347,956
196006,6,4,1,200,108,25,32,308,57,225,140,365
196006,6,4,2,200,108,25,32,308,57,225,140,365
196006,7,999,1,128,146,38,163,274,201,166,309,475
196006,7,999,2,128,146,38,163,274,201,166,309,475
196006,8,5,1,62,61,11,41,123,52,73,102,175
196006,8,5,2,62,61,11,41,123,52,73,102,175
196006,9,6,1,30,28,8,42,58,50,38,70,108
196006,9,6,2,30,28,8,42,58,50,38,70,108
196006,10,7,1,17,23,7,27,40,34,24,50,74
196006,10,7,2,17,23,7,27,40,34,24,50,74
196006,11,8,1,14,22,9,33,36,42,23,55,78
196006,11,8,2,14,22,9,33,36,42,23,55,78
196006,12,9,1,5,12,3,20,17,23,8,32,40
196006,12,9,2,5,12,3,20,17,23,8,32,40
196015,1,412,1,1172,1452,176,335,2624,511,1348,1787,3135
196015,1,112,2,1172,1452,176,335,2624,511,1348,1787,3135
196015,2,999,1,1008,1076,68,83,2084,151,1076,1159,2235
196015,2,999,2,1008,1076,68,83,2084,151,1076,1159,2235
196015,3,1,1,26,34,2,1,60,3,28,35,63
196015,3,1,2,26,34,2,1,60,3,28,35,63
196015,4,2,1,440,450,10,8,890,18,450,458,908
196015,4,2,2,440,450,10,8,890,18,450,458,908
196015,5,3,1,375,401,13,23,776,36,388,424,812
196015,5,3,2,375,401,13,23,776,36,388,424,812
196015,6,4,1,167,191,43,51,358,94,210,242,452
196015,6,4,2,167,191,43,51,358,94,210,242,452
196015,7,999,1,164,376,108,252,540,360,272,628,900
196015,7,999,2,164,376,108,252,540,360,272,628,900
196015,8,5,1,74,136,37,69,210,106,111,205,316
196015,8,5,2,74,136,37,69,210,106,111,205,316
196015,9,6,1,33,98,29,46,131,75,62,144,206
196015,9,6,2,33,98,29,46,131,75,62,144,206
196015,10,7,1,25,56,12,47,81,59,37,103,140
196015,10,7,2,25,56,12,47,81,59,37,103,140
196015,11,8,1,24,63,23,59,87,82,47,122,169
196015,11,8,2,24,63,23,59,87,82,47,122,169
196015,12,9,1,7,23,7,29,30,36,14,52,66
196015,12,9,2,7,23,7,29,30,36,14,52,66
196015,13,10,1,1,0,0,2,1,2,1,2,3
196015,13,10,2,1,0,0,2,1,2,1,2,3
196024,1,412,1,1224,1182,130,541,2406,671,1354,1723,3077
196024,1,112,2,1221,1169,124,462,2390,586,1345,1631,2976
196024,1,312,5,3,13,6,79,16,85,9,92,101
196024,2,999,1,1143,1009,38,89,2152,127,1181,1098,2279
196024,2,999,2,1142,1009,38,85,2151,123,1180,1094,2274
196024,2,999,5,1,0,0,4,1,4,1,4,5
196024,3,1,1,58,54,0,0,112,0,58,54,112
196024,3,1,2,58,54,0,0,112,0,58,54,112
196024,4,2,1,551,521,5,4,1072,9,556,525,1081
196024,4,2,2,551,521,5,4,1072,9,556,525,1081
196024,5,3,1,369,317,8,22,686,30,377,339,716
196024,5,3,2,369,317,8,22,686,30,377,339,716
196024,6,4,1,165,117,25,63,282,88,190,180,370
196024,6,4,2,164,117,25,59,281,84,189,176,365
196024,6,4,5,1,0,0,4,1,4,1,4,5
196024,7,999,1,81,172,92,450,253,542,173,622,795
196024,7,999,2,79,159,86,375,238,461,165,534,699
196024,7,999,5,2,13,6,75,15,81,8,88,96
196024,8,5,1,39,78,29,128,117,157,68,206,274
196024,8,5,2,37,75,28,114,112,142,65,189,254
196024,8,5,5,2,3,1,14,5,15,3,17,20
196024,9,6,1,14,35,18,126,49,144,32,161,193
196024,9,6,2,14,34,16,112,48,128,30,146,176
196024,9,6,5,0,1,2,14,1,16,2,15,17
196024,10,7,1,10,18,16,66,28,82,26,84,110
196024,10,7,2,10,17,15,52,27,67,25,69,94
196024,10,7,5,0,1,1,14,1,15,1,15,16
196024,11,8,1,13,30,19,75,43,94,32,105,137
196024,11,8,2,13,23,19,54,36,73,32,77,109
196024,11,8,5,0,7,0,21,7,21,0,28,28
196024,12,9,1,5,11,9,53,16,62,14,64,78
196024,12,9,2,5,10,7,42,15,49,12,52,64
196024,12,9,5,0,1,2,11,1,13,2,12,14
196024,13,10,1,0,0,1,2,0,3,1,2,3
196024,13,10,2,0,0,1,1,0,2,1,1,2
196024,13,10,5,0,0,0,1,0,1,0,1,1
196024,14,11,1,0,1,0,2,1,2,0,3,3
196024,14,11,2,0,1,0,2,1,2,0,3,3
196033,1,412,1,818,1084,87,90,1902,177,905,1174,2079
196033,1,112,2,818,1084,87,90,1902,177,905,1174,2079
196033,2,999,1,757,1017,58,66,1774,124,815,1083,1898
196033,2,999,2,757,1017,58,66,1774,124,815,1083,1898
196033,3,1,1,44,73,2,2,117,4,46,75,121
196033,3,1,2,44,73,2,2,117,4,46,75,121
196033,4,2,1,343,497,11,8,840,19,354,505,859
196033,4,2,2,343,497,11,8,840,19,354,505,859
196033,5,3,1,255,344,21,27,599,48,276,371,647
196033,5,3,2,255,344,21,27,599,48,276,371,647
196033,6,4,1,115,103,24,29,218,53,139,132,271
196033,6,4,2,115,103,24,29,218,53,139,132,271
196033,7,999,1,61,67,29,24,128,53,90,91,181
196033,7,999,2,61,67,29,24,128,53,90,91,181
196033,8,5,1,30,30,13,7,60,20,43,37,80
196033,8,5,2,30,30,13,7,60,20,43,37,80
196033,9,6,1,16,16,5,6,32,11,21,22,43
196033,9,6,2,16,16,5,6,32,11,21,22,43
196033,10,7,1,5,12,3,1,17,4,8,13,21
196033,10,7,2,5,12,3,1,17,4,8,13,21
196033,11,8,1,7,4,4,8,11,12,11,12,23
196033,11,8,2,7,4,4,8,11,12,11,12,23
196033,12,9,1,3,5,3,2,8,5,6,7,13
196033,12,9,2,3,5,3,2,8,5,6,7,13
196033,13,10,1,0,0,1,0,0,1,1,0,1
196033,13,10,2,0,0,1,0,0,1,1,0,1
196042,1,412,1,4666,3221,1169,962,7887,2131,5835,4183,10018
196042,1,112,2,4644,3216,1134,954,7860,2088,5778,4170,9948
196042,1,312,5,22,5,35,8,27,43,57,13,70
196042,2,999,1,4163,2885,697,468,7048,1165,4860,3353,8213
196042,2,999,2,4156,2884,695,467,7040,1162,4851,3351,8202
196042,2,999,5,7,1,2,1,8,3,9,2,11
196042,3,1,1,224,161,14,7,385,21,238,168,406
196042,3,1,2,224,161,14,7,385,21,238,168,406
196042,4,2,1,1595,1158,114,79,2753,193,1709,1237,2946
196042,4,2,2,1595,1158,114,79,2753,193,1709,1237,2946
196042,5,3,1,1393,1059,191,109,2452,300,1584,1168,2752
196042,5,3,2,1392,1059,191,109,2451,300,1583,1168,2751
196042,5,3,5,1,0,0,0,1,0,1,0,1
196042,6,4,1,951,507,378,273,1458,651,1329,780,2109
196042,6,4,2,945,506,376,272,1451,648,1321,778,2099
196042,6,4,5,6,1,2,1,7,3,8,2,10
196042,7,999,1,503,336,472,494,839,966,975,830,1805
196042,7,999,2,488,332,439,487,820,926,927,819,1746
196042,7,999,5,15,4,33,7,19,40,48,11,59
196042,8,5,1,320,210,257,233,530,490,577,443,1020
196042,8,5,2,314,209,241,231,523,472,555,440,995
196042,8,5,5,6,1,16,2,7,18,22,3,25
196042,9,6,1,102,63,109,102,165,211,211,165,376
196042,9,6,2,99,63,103,99,162,202,202,162,364
196042,9,6,5,3,0,6,3,3,9,9,3,12
196042,10,7,1,44,26,53,43,70,96,97,69,166
196042,10,7,2,42,25,48,41,67,89,90,66,156
196042,10,7,5,2,1,5,2,3,7,7,3,10
196042,11,8,1,32,30,38,61,62,99,70,91,161
196042,11,8,2,29,28,33,61,57,94,62,89,151
196042,11,8,5,3,2,5,0,5,5,8,2,10
196042,12,9,1,5,6,14,55,11,69,19,61,80
196042,12,9,2,4,6,14,55,10,69,18,61,79
196042,12,9,5,1,0,0,0,1,0,1,0,1
196042,13,10,1,0,1,1,0,1,1,1,1,2
196042,13,10,2,0,1,0,0,1,0,0,1,1
196042,13,10,5,0,0,1,0,0,1,1,0,1
196051,1,412,1,1001,1064,132,289,2065,421,1133,1353,2486
196051,1,112,2,1001,1064,132,289,2065,421,1133,1353,2486
196051,2,999,1,944,957,51,113,1901,164,995,1070,2065
196051,2,999,2,944,957,51,113,1901,164,995,1070,2065
196051,3,1,1,81,85,0,1,166,1,81,86,167
196051,3,1,2,81,85,0,1,166,1,81,86,167
196051,4,2,1,459,498,11,20,957,31,470,518,988
196051,4,2,2,459,498,11,20,957,31,470,518,988
196051,5,3,1,302,285,24,37,587,61,326,322,648
196051,5,3,2,302,285,24,37,587,61,326,322,648
196051,6,4,1,102,89,16,55,191,71,118,144,262
196051,6,4,2,102,89,16,55,191,71,118,144,262
196051,7,999,1,57,107,81,176,164,257,138,283,421
196051,7,999,2,57,107,81,176,164,257,138,283,421
196051,8,5,1,28,48,32,60,76,92,60,108,168
196051,8,5,2,28,48,32,60,76,92,60,108,168
196051,9,6,1,8,24,16,48,32,64,24,72,96
196051,9,6,2,8,24,16,48,32,64,24,72,96
196051,10,7,1,9,18,11,19,27,30,20,37,57
196051,10,7,2,9,18,11,19,27,30,20,37,57
196051,11,8,1,9,14,14,30,23,44,23,44,67
196051,11,8,2,9,14,14,30,23,44,23,44,67
196051,12,9,1,3,3,8,19,6,27,11,22,33
196051,12,9,2,3,3,8,19,6,27,11,22,33
196060,1,412,1,6640,7852,1311,1885,14492,3196,7951,9737,17688
196060,1,112,2,5748,6455,556,423,12203,979,6304,6878,13182
196060,1,312,5,892,1397,755,1462,2289,2217,1647,2859,4506
196060,2,999,1,5950,7055,423,543,13005,966,6373,7598,13971
196060,2,999,2,5470,6245,336,267,11715,603,5806,6512,12318
196060,2,999,5,480,810,87,276,1290,363,567,1086,1653
196060,3,1,1,256,379,8,3,635,11,264,382,646
196060,3,1,2,256,379,8,3,635,11,264,382,646
196060,4,2,1,2237,2816,52,31,5053,83,2289,2847,5136
196060,4,2,2,2237,2815,52,31,5052,83,2289,2846,5135
196060,4,2,5,0,1,0,0,1,0,0,1,1
196060,5,3,1,2326,2668,109,102,4994,211,2435,2770,5205
196060,5,3,2,2262,2562,107,85,4824,192,2369,2647,5016
196060,5,3,5,64,106,2,17,170,19,66,123,189
196060,6,4,1,1131,1192,254,407,2323,661,1385,1599,2984
196060,6,4,2,715,489,169,148,1204,317,884,637,1521
196060,6,4,5,416,703,85,259,1119,344,501,962,1463
196060,7,999,1,690,797,888,1342,1487,2230,1578,2139,3717
196060,7,999,2,278,210,220,156,488,376,498,366,864
196060,7,999,5,412,587,668,1186,999,1854,1080,1773,2853
196060,8,5,1,417,458,331,477,875,808,748,935,1683
196060,8,5,2,192,128,120,74,320,194,312,202,514
196060,8,5,5,225,330,211,403,555,614,436,733,1169
196060,9,6,1,144,170,202,286,314,488,346,456,802
196060,9,6,2,45,42,40,35,87,75,85,77,162
196060,9,6,5,99,128,162,251,227,413,261,379,640
196060,10,7,1,65,81,127,217,146,344,192,298,490
196060,10,7,2,19,21,22,15,40,37,41,36,77
196060,10,7,5,46,60,105,202,106,307,151,262,413
196060,11,8,1,48,63,156,238,111,394,204,301,505
196060,11,8,2,16,17,27,18,33,45,43,35,78
196060,11,8,5,32,46,129,220,78,349,161,266,427
196060,12,9,1,16,24,63,116,40,179,79,140,219
196060,12,9,2,6,2,10,13,8,23,16,15,31
196060,12,9,5,10,22,53,103,32,156,63,125,188
196060,13,10,1,0,1,9,8,1,17,9,9,18
196060,13,10,2,0,0,1,1,0,2,1,1,2
196060,13,10,5,0,1,8,7,1,15,8,8,16
196079,1,412,1,7800,8251,1096,1001,16051,2097,8896,9252,18148
196079,1,112,2,6785,7104,273,171,13889,444,7058,7275,14333
196079,1,312,5,1015,1147,823,830,2162,1653,1838,1977,3815
196079,2,999,1,7276,7640,348,221,14916,569,7624,7861,15485
196079,2,999,2,6638,6994,233,142,13632,375,6871,7136,14007
196079,2,999,5,638,646,115,79,1284,194,753,725,1478
196079,3,1,1,100,156,2,2,256,4,102,158,260
196079,3,1,2,100,156,2,2,256,4,102,158,260
196079,4,2,1,2774,3154,23,23,5928,46,2797,3177,5974
196079,4,2,2,2774,3154,23,23,5928,46,2797,3177,5974
196079,5,3,1,3183,3330,83,61,6513,144,3266,3391,6657
196079,5,3,2,3104,3234,83,59,6338,142,3187,3293,6480
196079,5,3,5,79,96,0,2,175,2,79,98,177
196079,6,4,1,1219,1000,240,135,2219,375,1459,1135,2594
196079,6,4,2,660,450,125,58,1110,183,785,508,1293
196079,6,4,5,559,550,115,77,1109,192,674,627,1301
196079,7,999,1,524,611,748,780,1135,1528,1272,1391,2663
196079,7,999,2,147,110,40,29,257,69,187,139,326
196079,7,999,5,377,501,708,751,878,1459,1085,1252,2337
196079,8,5,1,361,367,291,266,728,557,652,633,1285
196079,8,5,2,105,70,25,14,175,39,130,84,214
196079,8,5,5,256,297,266,252,553,518,522,549,1071
196079,9,6,1,98,105,218,191,203,409,316,296,612
196079,9,6,2,29,20,10,4,49,14,39,24,63
196079,9,6,5,69,85,208,187,154,395,277,272,549
196079,10,7,1,42,73,119,117,115,236,161,190,351
196079,10,7,2,8,14,4,2,22,6,12,16,28
196079,10,7,5,34,59,115,115,93,230,149,174,323
196079,11,8,1,14,53,89,140,67,229,103,193,296
196079,11,8,2,2,6,1,5,8,6,3,11,14
196079,11,8,5,12,47,88,135,59,223,100,182,282
196079,12,9,1,5,13,25,62,18,87,30,75,105
196079,12,9,2,1,0,0,4,1,4,1,4,5
196079,12,9,5,4,13,25,58,17,83,29,71,100
196079,13,10,1,4,0,6,4,4,10,10,4,14
196079,13,10,2,2,0,0,0,2,0,2,0,2
196079,13,10,5,2,0,6,4,2,10,8,4,12
196088,1,412,1,14158,12441,2772,2976,26599,5748,16930,15417,32347
196088,1,112,2,11320,9115,929,942,20435,1871,12249,10057,22306
196088,1,312,5,2838,3326,1843,2034,6164,3877,4681,5360,10041
196088,2,999,1,12184,10637,1035,1062,22821,2097,13219,11699,24918
196088,2,999,2,10778,8798,615,711,19576,1326,11393,9509,20902
196088,2,999,5,1406,1839,420,351,3245,771,1826,2190,4016
196088,3,1,1,228,250,33,16,478,49,261,266,527
196088,3,1,2,228,249,33,16,477,49,261,265,526
196088,3,1,5,0,1,0,0,1,0,0,1,1
196088,4,2,1,4340,3750,61,56,8090,117,4401,3806,8207
196088,4,2,2,4338,3743,61,56,8081,117,4399,3799,8198
196088,4,2,5,2,7,0,0,9,0,2,7,9
196088,5,3,1,4669,4049,147,251,8718,398,4816,4300,9116
196088,5,3,2,4547,3806,140,244,8353,384,4687,4050,8737
196088,5,3,5,122,243,7,7,365,14,129,250,379
196088,6,4,1,2947,2588,794,739,5535,1533,3741,3327,7068
196088,6,4,2,1665,1000,381,395,2665,776,2046,1395,3441
196088,6,4,5,1282,1588,413,344,2870,757,1695,1932,3627
196088,7,999,1,1974,1804,1737,1914,3778,3651,3711,3718,7429
196088,7,999,2,542,317,314,231,859,545,856,548,1404
196088,7,999,5,1432,1487,1423,1683,2919,3106,2855,3170,6025
196088,8,5,1,1391,1208,887,760,2599,1647,2278,1968,4246
196088,8,5,2,393,199,194,121,592,315,587,320,907
196088,8,5,5,998,1009,693,639,2007,1332,1691,1648,3339
196088,9,6,1,340,319,417,438,659,855,757,757,1514
196088,9,6,2,95,68,57,47,163,104,152,115,267
196088,9,6,5,245,251,360,391,496,751,605,642,1247
196088,10,7,1,124,121,182,249,245,431,306,370,676
196088,10,7,2,33,25,16,22,58,38,49,47,96
196088,10,7,5,91,96,166,227,187,393,257,323,580
196088,11,8,1,97,122,152,298,219,450,249,420,669
196088,11,8,2,18,20,24,25,38,49,42,45,87
196088,11,8,5,79,102,128,273,181,401,207,375,582
196088,12,9,1,21,34,92,160,55,252,113,194,307
196088,12,9,2,3,5,18,13,8,31,21,18,39
196088,12,9,5,18,29,74,147,47,221,92,176,268
196088,13,10,1,1,0,7,9,1,16,8,9,17
196088,13,10,2,0,0,5,3,0,8,5,3,8
196088,13,10,5,1,0,2,6,1,8,3,6,9
196097,1,412,1,10888,11097,1724,3073,21985,4797,12612,14170,26782
196097,1,112,2,8217,8369,739,685,16586,1424,8956,9054,18010
196097,1,312,5,2671,2728,985,2388,5399,3373,3656,5116,8772
196097,2,999,1,8864,9277,701,666,18141,1367,9565,9943,19508
196097,2,999,2,7848,8023,499,395,15871,894,8347,8418,16765
196097,2,999,5,1016,1254,202,271,2270,473,1218,1525,2743
196097,3,1,1,409,375,13,2,784,15,422,377,799
196097,3,1,2,409,375,13,2,784,15,422,377,799
196097,4,2,1,3148,3274,51,40,6422,91,3199,3314,6513
196097,4,2,2,3148,3272,51,40,6420,91,3199,3312,6511
196097,4,2,5,0,2,0,0,2,0,0,2,2
196097,5,3,1,3361,3566,159,151,6927,310,3520,3717,7237
196097,5,3,2,3293,3460,156,135,6753,291,3449,3595,7044
196097,5,3,5,68,106,3,16,174,19,71,122,193
196097,6,4,1,1946,2062,478,473,4008,951,2424,2535,4959
196097,6,4,2,998,916,279,218,1914,497,1277,1134,2411
196097,6,4,5,948,1146,199,255,2094,454,1147,1401,2548
196097,7,999,1,2024,1820,1023,2407,3844,3430,3047,4227,7274
196097,7,999,2,369,346,240,290,715,530,609,636,1245
196097,7,999,5,1655,1474,783,2117,3129,2900,2438,3591,6029
196097,8,5,1,1397,1176,453,802,2573,1255,1850,1978,3828
196097,8,5,2,277,229,138,134,506,272,415,363,778
196097,8,5,5,1120,947,315,668,2067,983,1435,1615,3050
196097,9,6,1,417,349,209,565,766,774,626,914,1540
196097,9,6,2,57,59,48,72,116,120,105,131,236
196097,9,6,5,360,290,161,493,650,654,521,783,1304
196097,10,7,1,101,134,159,373,235,532,260,507,767
196097,10,7,2,20,33,26,26,53,52,46,59,105
196097,10,7,5,81,101,133,347,182,480,214,448,662
196097,11,8,1,83,94,141,441,177,582,224,535,759
196097,11,8,2,11,14,18,37,25,55,29,51,80
196097,11,8,5,72,80,123,404,152,527,195,484,679
196097,12,9,1,24,65,52,217,89,269,76,282,358
196097,12,9,2,4,11,9,21,15,30,13,32,45
196097,12,9,5,20,54,43,196,74,239,63,250,313
196097,13,10,1,2,2,9,9,4,18,11,11,22
196097,13,10,2,0,0,1,0,0,1,1,0,1
196097,13,10,5,2,2,8,9,4,17,10,11,21
196103,1,412,1,957,893,146,131,1850,277,1103,1024,2127
196103,1,112,2,856,769,76,53,1625,129,932,822,1754
196103,1,312,5,101,124,70,78,225,148,171,202,373
196103,2,999,1,831,790,50,48,1621,98,881,838,1719
196103,2,999,2,789,742,44,36,1531,80,833,778,1611
196103,2,999,5,42,48,6,12,90,18,48,60,108
196103,3,1,1,22,29,1,0,51,1,23,29,52
196103,3,1,2,22,29,1,0,51,1,23,29,52
196103,4,2,1,310,313,4,6,623,10,314,319,633
196103,4,2,2,310,313,4,6,623,10,314,319,633
196103,5,3,1,360,337,16,15,697,31,376,352,728
196103,5,3,2,359,337,16,15,696,31,375,352,727
196103,5,3,5,1,0,0,0,1,0,1,0,1
196103,6,4,1,139,111,29,27,250,56,168,138,306
196103,6,4,2,98,63,23,15,161,38,121,78,199
196103,6,4,5,41,48,6,12,89,18,47,60,107
196103,7,999,1,126,103,96,83,229,179,222,186,408
196103,7,999,2,67,27,32,17,94,49,99,44,143
196103,7,999,5,59,76,64,66,135,130,123,142,265
196103,8,5,1,85,69,30,36,154,66,115,105,220
196103,8,5,2,46,17,15,8,63,23,61,25,86
196103,8,5,5,39,52,15,28,91,43,54,80,134
196103,9,6,1,22,25,27,27,47,54,49,52,101
196103,9,6,2,10,10,11,3,20,14,21,13,34
196103,9,6,5,12,15,16,24,27,40,28,39,67
196103,10,7,1,9,7,17,13,16,30,26,20,46
196103,10,7,2,4,0,3,2,4,5,7,2,9
196103,10,7,5,5,7,14,11,12,25,19,18,37
196103,11,8,1,7,2,10,4,9,14,17,6,23
196103,11,8,2,5,0,0,2,5,2,5,2,7
196103,11,8,5,2,2,10,2,4,12,12,4,16
196103,12,9,1,3,0,12,3,3,15,15,3,18
196103,12,9,2,2,0,3,2,2,5,5,2,7
196103,12,9,5,1,0,9,1,1,10,10,1,11
196112,1,412,1,1450,714,345,535,2164,880,1795,1249,3044
196112,1,112,2,1328,575,134,202,1903,336,1462,777,2239
196112,1,312,5,122,139,211,333,261,544,333,472,805
196112,2,999,1,1283,541,107,135,1824,242,1390,676,2066
196112,2,999,2,1228,498,65,94,1726,159,1293,592,1885
196112,2,999,5,55,43,42,41,98,83,97,84,181
196112,3,1,1,50,26,2,2,76,4,52,28,80
196112,3,1,2,50,26,2,2,76,4,52,28,80
196112,4,2,1,497,158,13,30,655,43,510,188,698
196112,4,2,2,497,158,13,30,655,43,510,188,698
196112,5,3,1,521,235,18,36,756,54,539,271,810
196112,5,3,2,512,232,17,35,744,52,529,267,796
196112,5,3,5,9,3,1,1,12,2,10,4,14
196112,6,4,1,215,122,74,67,337,141,289,189,478
196112,6,4,2,169,82,33,27,251,60,202,109,311
196112,6,4,5,46,40,41,40,86,81,87,80,167
196112,7,999,1,167,173,238,400,340,638,405,573,978
196112,7,999,2,100,77,69,108,177,177,169,185,354
196112,7,999,5,67,96,169,292,163,461,236,388,624
196112,8,5,1,85,56,74,113,141,187,159,169,328
196112,8,5,2,51,24,24,21,75,45,75,45,120
196112,8,5,5,34,32,50,92,66,142,84,124,208
196112,9,6,1,38,57,49,92,95,141,87,149,236
196112,9,6,2,29,23,13,32,52,45,42,55,97
196112,9,6,5,9,34,36,60,43,96,45,94,139
196112,10,7,1,20,21,39,67,41,106,59,88,147
196112,10,7,2,8,8,11,14,16,25,19,22,41
196112,10,7,5,12,13,28,53,25,81,40,66,106
196112,11,8,1,14,27,62,91,41,153,76,118,194
196112,11,8,2,6,16,18,25,22,43,24,41,65
196112,11,8,5,8,11,44,66,19,110,52,77,129
196112,12,9,1,9,12,14,37,21,51,23,49,72
196112,12,9,2,6,6,3,16,12,19,9,22,31
196112,12,9,5,3,6,11,21,9,32,14,27,41
196112,13,10,1,1,0,0,0,1,0,1,0,1
196112,13,10,5,1,0,0,0,1,0,1,0,1
196121,1,412,1,2453,3385,578,1176,5838,1754,3031,4561,7592
196121,1,112,2,2343,3139,277,530,5482,807,2620,3669,6289
196121,1,312,5,110,246,301,646,356,947,411,892,1303
196121,2,999,1,2179,3043,261,408,5222,669,2440,3451,5891
196121,2,999,2,2121,2894,175,217,5015,392,2296,3111,5407
196121,2,999,5,58,149,86,191,207,277,144,340,484
196121,3,1,1,74,134,9,26,208,35,83,160,243
196121,3,1,2,74,134,9,26,208,35,83,160,243
196121,4,2,1,778,1145,11,30,1923,41,789,1175,1964
196121,4,2,2,778,1145,11,30,1923,41,789,1175,1964
196121,5,3,1,869,1270,51,76,2139,127,920,1346,2266
196121,5,3,2,865,1240,50,63,2105,113,915,1303,2218
196121,5,3,5,4,30,1,13,34,14,5,43,48
196121,6,4,1,458,494,190,276,952,466,648,770,1418
196121,6,4,2,404,375,105,98,779,203,509,473,982
196121,6,4,5,54,119,85,178,173,263,139,297,436
196121,7,999,1,273,342,316,768,615,1084,589,1110,1699
196121,7,999,2,221,245,101,313,466,414,322,558,880
196121,7,999,5,52,97,215,455,149,670,267,552,819
196121,8,5,1,174,177,130,303,351,433,304,480,784
196121,8,5,2,143,133,39,111,276,150,182,244,426
196121,8,5,5,31,44,91,192,75,283,122,236,358
196121,9,6,1,52,70,82,155,122,237,134,225,359
196121,9,6,2,45,50,29,71,95,100,74,121,195
196121,9,6,5,7,20,53,84,27,137,60,104,164
196121,10,7,1,23,35,47,94,58,141,70,129,199
196121,10,7,2,17,27,18,43,44,61,35,70,105
196121,10,7,5,6,8,29,51,14,80,35,59,94
196121,11,8,1,14,45,40,150,59,190,54,195,249
196121,11,8,2,8,27,10,66,35,76,18,93,111
196121,11,8,5,6,18,30,84,24,114,36,102,138
196121,12,9,1,10,15,16,64,25,80,26,79,105
196121,12,9,2,8,8,4,20,16,24,12,28,40
196121,12,9,5,2,7,12,44,9,56,14,51,65
196121,13,10,1,0,0,1,2,0,3,1,2,3
196121,13,10,2,0,0,1,2,0,3,1,2,3
196121,14,11,1,1,0,1,0,1,1,2,0,2
196121,14,11,2,1,0,1,0,1,1,2,0,2
196130,1,412,1,2824,4209,556,750,7033,1306,3380,4959,8339
196130,1,112,2,2713,3869,384,343,6582,727,3097,4212,7309
196130,1,312,5,111,340,172,407,451,579,283,747,1030
196130,2,999,1,2466,3712,230,309,6178,539,2696,4021,6717
196130,2,999,2,2420,3545,207,169,5965,376,2627,3714,6341
196130,2,999,5,46,167,23,140,213,163,69,307,376
196130,3,1,1,151,237,0,4,388,4,151,241,392
196130,3,1,2,151,237,0,4,388,4,151,241,392
196130,4,2,1,975,1526,25,18,2501,43,1000,1544,2544
196130,4,2,2,975,1526,25,18,2501,43,1000,1544,2544
196130,5,3,1,826,1298,57,68,2124,125,883,1366,2249
196130,5,3,2,822,1285,56,59,2107,115,878,1344,2222
196130,5,3,5,4,13,1,9,17,10,5,22,27
196130,6,4,1,514,651,148,219,1165,367,662,870,1532
196130,6,4,2,472,497,126,88,969,214,598,585,1183
196130,6,4,5,42,154,22,131,196,153,64,285,349
196130,7,999,1,358,497,326,441,855,767,684,938,1622
196130,7,999,2,293,324,177,174,617,351,470,498,968
196130,7,999,5,65,173,149,267,238,416,214,440,654
196130,8,5,1,206,254,147,182,460,329,353,436,789
196130,8,5,2,171,160,89,78,331,167,260,238,498
196130,8,5,5,35,94,58,104,129,162,93,198,291
196130,9,6,1,81,111,72,78,192,150,153,189,342
196130,9,6,2,66,72,36,27,138,63,102,99,201
196130,9,6,5,15,39,36,51,54,87,51,90,141
196130,10,7,1,24,50,39,56,74,95,63,106,169
196130,10,7,2,19,34,20,20,53,40,39,54,93
196130,10,7,5,5,16,19,36,21,55,24,52,76
196130,11,8,1,35,53,44,72,88,116,79,125,204
196130,11,8,2,29,38,21,24,67,45,50,62,112
196130,11,8,5,6,15,23,48,21,71,29,63,92
196130,12,9,1,12,27,24,52,39,76,36,79,115
196130,12,9,2,8,19,11,25,27,36,19,44,63
196130,12,9,5,4,8,13,27,12,40,17,35,52
196130,13,10,1,0,2,0,1,2,1,0,3,3
196130,13,10,2,0,1,0,0,1,0,0,1,1
196130,13,10,5,0,1,0,1,1,1,0,2,2
196149,1,412,1,2715,3652,220,245,6367,465,2935,3897,6832
196149,1,112,2,2632,3461,91,72,6093,163,2723,3533,6256
196149,1,312,5,83,191,129,173,274,302,212,364,576
196149,2,999,1,2621,3524,105,124,6145,229,2726,3648,6374
196149,2,999,2,2569,3392,69,55,5961,124,2638,3447,6085
196149,2,999,5,52,132,36,69,184,105,88,201,289
196149,3,1,1,89,172,1,0,261,1,90,172,262
196149,3,1,2,89,172,1,0,261,1,90,172,262
196149,4,2,1,1007,1470,6,5,2477,11,1013,1475,2488
196149,4,2,2,1007,1470,6,5,2477,11,1013,1475,2488
196149,5,3,1,1105,1446,23,23,2551,46,1128,1469,2597
196149,5,3,2,1099,1432,21,17,2531,38,1120,1449,2569
196149,5,3,5,6,14,2,6,20,8,8,20,28
196149,6,4,1,420,436,75,96,856,171,495,532,1027
196149,6,4,2,374,318,41,33,692,74,415,351,766
196149,6,4,5,46,118,34,63,164,97,80,181,261
196149,7,999,1,94,128,115,121,222,236,209,249,458
196149,7,999,2,63,69,22,17,132,39,85,86,171
196149,7,999,5,31,59,93,104,90,197,124,163,287
196149,8,5,1,69,79,40,35,148,75,109,114,223
196149,8,5,2,47,40,12,6,87,18,59,46,105
196149,8,5,5,22,39,28,29,61,57,50,68,118
196149,9,6,1,16,24,28,28,40,56,44,52,96
196149,9,6,2,12,15,4,6,27,10,16,21,37
196149,9,6,5,4,9,24,22,13,46,28,31,59
196149,10,7,1,6,12,22,28,18,50,28,40,68
196149,10,7,2,4,8,2,2,12,4,6,10,16
196149,10,7,5,2,4,20,26,6,46,22,30,52
196149,11,8,1,3,11,20,25,14,45,23,36,59
196149,11,8,2,0,5,3,2,5,5,3,7,10
196149,11,8,5,3,6,17,23,9,40,20,29,49
196149,12,9,1,0,2,3,5,2,8,3,7,10
196149,12,9,2,0,1,1,1,1,2,1,2,3
196149,12,9,5,0,1,2,4,1,6,2,5,7
196149,13,10,1,0,0,2,0,0,2,2,0,2
196149,13,10,5,0,0,2,0,0,2,2,0,2
196158,1,412,1,1579,2288,68,120,3867,188,1647,2408,4055
196158,1,112,2,1548,2190,53,62,3738,115,1601,2252,3853
196158,1,312,5,31,98,15,58,129,73,46,156,202
196158,2,999,1,1505,2222,54,75,3727,129,1559,2297,3856
196158,2,999,2,1489,2143,48,47,3632,95,1537,2190,3727
196158,2,999,5,16,79,6,28,95,34,22,107,129
196158,3,1,1,58,90,5,10,148,15,63,100,163
196158,3,1,2,58,90,5,10,148,15,63,100,163
196158,4,2,1,585,964,10,9,1549,19,595,973,1568
196158,4,2,2,585,964,10,9,1549,19,595,973,1568
196158,5,3,1,665,937,10,12,1602,22,675,949,1624
196158,5,3,2,664,928,10,8,1592,18,674,936,1610
196158,5,3,5,1,9,0,4,10,4,1,13,14
196158,6,4,1,197,231,29,44,428,73,226,275,501
196158,6,4,2,182,161,23,20,343,43,205,181,386
196158,6,4,5,15,70,6,24,85,30,21,94,115
196158,7,999,1,74,66,14,45,140,59,88,111,199
196158,7,999,2,59,47,5,15,106,20,64,62,126
196158,7,999,5,15,19,9,30,34,39,24,49,73
196158,8,5,1,53,33,6,23,86,29,59,56,115
196158,8,5,2,43,20,3,7,63,10,46,27,73
196158,8,5,5,10,13,3,16,23,19,13,29,42
196158,9,6,1,13,17,3,7,30,10,16,24,40
196158,9,6,2,10,16,2,3,26,5,12,19,31
196158,9,6,5,3,1,1,4,4,5,4,5,9
196158,10,7,1,4,6,1,10,10,11,5,16,21
196158,10,7,2,3,4,0,4,7,4,3,8,11
196158,10,7,5,1,2,1,6,3,7,2,8,10
196158,11,8,1,4,8,3,1,12,4,7,9,16
196158,11,8,2,3,5,0,0,8,0,3,5,8
196158,11,8,5,1,3,3,1,4,4,4,4,8
196158,12,9,1,0,2,1,3,2,4,1,5,6
196158,12,9,2,0,2,0,1,2,1,0,3,3
196158,12,9,5,0,0,1,2,0,3,1,2,3
196158,13,10,1,0,0,0,1,0,1,0,1,1
196158,13,10,5,0,0,0,1,0,1,0,1,1
196167,1,412,1,1667,3008,105,131,4675,236,1772,3139,4911
196167,1,112,2,1658,2969,99,103,4627,202,1757,3072,4829
196167,1,312,5,9,39,6,28,48,34,15,67,82
196167,2,999,1,1631,2976,90,110,4607,200,1721,3086,4807
196167,2,999,2,1623,2941,87,91,4564,178,1710,3032,4742
196167,2,999,5,8,35,3,19,43,22,11,54,65
196167,3,1,1,30,93,0,1,123,1,30,94,124
196167,3,1,2,30,93,0,1,123,1,30,94,124
196167,4,2,1,686,1343,11,13,2029,24,697,1356,2053
196167,4,2,2,686,1343,11,13,2029,24,697,1356,2053
196167,5,3,1,758,1380,33,45,2138,78,791,1425,2216
196167,5,3,2,758,1378,33,45,2136,78,791,1423,2214
196167,5,3,5,0,2,0,0,2,0,0,2,2
196167,6,4,1,157,160,46,51,317,97,203,211,414
196167,6,4,2,149,127,43,32,276,75,192,159,351
196167,6,4,5,8,33,3,19,41,22,11,52,63
196167,7,999,1,36,32,15,21,68,36,51,53,104
196167,7,999,2,35,28,12,12,63,24,47,40,87
196167,7,999,5,1,4,3,9,5,12,4,13,17
196167,8,5,1,27,20,9,10,47,19,36,30,66
196167,8,5,2,26,17,8,5,43,13,34,22,56
196167,8,5,5,1,3,1,5,4,6,2,8,10
196167,9,6,1,6,5,3,6,11,9,9,11,20
196167,9,6,2,6,4,3,4,10,7,9,8,17
196167,9,6,5,0,1,0,2,1,2,0,3,3
196167,10,7,1,2,3,1,2,5,3,3,5,8
196167,10,7,2,2,3,0,2,5,2,2,5,7
196167,10,7,5,0,0,1,0,0,1,1,0,1
196167,11,8,1,1,4,2,3,5,5,3,7,10
196167,11,8,2,1,4,1,1,5,2,2,5,7
196167,11,8,5,0,0,1,2,0,3,1,2,3
196176,1,412,1,2315,4087,409,678,6402,1087,2724,4765,7489
196176,1,112,2,2183,3735,294,385,5918,679,2477,4120,6597
196176,1,312,5,132,352,115,293,484,408,247,645,892
196176,2,999,1,2110,3759,216,342,5869,558,2326,4101,6427
196176,2,999,2,2035,3542,191,253,5577,444,2226,3795,6021
196176,2,999,5,75,217,25,89,292,114,100,306,406
196176,3,1,1,63,165,3,1,228,4,66,166,232
196176,3,1,2,63,165,3,1,228,4,66,166,232
196176,4,2,1,709,1411,23,26,2120,49,732,1437,2169
196176,4,2,2,709,1411,23,26,2120,49,732,1437,2169
196176,5,3,1,897,1576,54,79,2473,133,951,1655,2606
196176,5,3,2,890,1555,53,77,2445,130,943,1632,2575
196176,5,3,5,7,21,1,2,28,3,8,23,31
196176,6,4,1,441,607,136,236,1048,372,577,843,1420
196176,6,4,2,373,411,112,149,784,261,485,560,1045
196176,6,4,5,68,196,24,87,264,111,92,283,375
196176,7,999,1,205,328,192,336,533,528,397,664,1061
196176,7,999,2,148,193,103,132,341,235,251,325,576
196176,7,999,5,57,135,89,204,192,293,146,339,485
196176,8,5,1,128,189,99,142,317,241,227,331,558
196176,8,5,2,97,124,62,67,221,129,159,191,350
196176,8,5,5,31,65,37,75,96,112,68,140,208
196176,9,6,1,41,65,39,50,106,89,80,115,195
196176,9,6,2,31,34,25,22,65,47,56,56,112
196176,9,6,5,10,31,14,28,41,42,24,59,83
196176,10,7,1,18,33,24,43,51,67,42,76,118
196176,10,7,2,12,15,4,14,27,18,16,29,45
196176,10,7,5,6,18,20,29,24,49,26,47,73
196176,11,8,1,14,30,17,66,44,83,31,96,127
196176,11,8,2,5,12,5,17,17,22,10,29,39
196176,11,8,5,9,18,12,49,27,61,21,67,88
196176,12,9,1,3,11,10,31,14,41,13,42,55
196176,12,9,2,2,8,5,11,10,16,7,19,26
196176,12,9,5,1,3,5,20,4,25,6,23,29
196176,13,10,1,1,0,3,4,1,7,4,4,8
196176,13,10,2,1,0,2,1,1,3,3,1,4
196176,13,10,5,0,0,1,3,0,4,1,3,4
196176,14,11,1,0,0,1,0,0,1,1,0,1
196176,14,11,5,0,0,1,0,0,1,1,0,1
196185,1,412,1,2291,3917,116,394,6208,510,2407,4311,6718
196185,1,112,2,2263,3796,71,60,6059,131,2334,3856,6190
196185,1,312,5,28,121,45,334,149,379,73,455,528
196185,2,999,1,2232,3841,80,206,6073,286,2312,4047,6359
196185,2,999,2,2215,3750,63,53,5965,116,2278,3803,6081
196185,2,999,5,17,91,17,153,108,170,34,244,278
196185,3,1,1,98,218,1,0,316,1,99,218,317
196185,3,1,2,98,218,1,0,316,1,99,218,317
196185,4,2,1,1002,1822,10,9,2824,19,1012,1831,2843
196185,4,2,2,1002,1822,10,9,2824,19,1012,1831,2843
196185,5,3,1,947,1538,20,30,2485,50,967,1568,2535
196185,5,3,2,946,1530,18,19,2476,37,964,1549,2513
196185,5,3,5,1,8,2,11,9,13,3,19,22
196185,6,4,1,185,263,49,167,448,216,234,430,664
196185,6,4,2,169,180,34,25,349,59,203,205,408
196185,6,4,5,16,83,15,142,99,157,31,225,256
196185,7,999,1,59,76,36,188,135,224,95,264,359
196185,7,999,2,48,46,8,7,94,15,56,53,109
196185,7,999,5,11,30,28,181,41,209,39,211,250
196185,8,5,1,43,44,21,148,87,169,64,192,256
196185,8,5,2,35,25,3,3,60,6,38,28,66
196185,8,5,5,8,19,18,145,27,163,26,164,190
196185,9,6,1,6,13,7,20,19,27,13,33,46
196185,9,6,2,5,7,2,1,12,3,7,8,15
196185,9,6,5,1,6,5,19,7,24,6,25,31
196185,10,7,1,3,8,3,7,11,10,6,15,21
196185,10,7,2,2,5,1,0,7,1,3,5,8
196185,10,7,5,1,3,2,7,4,9,3,10,13
196185,11,8,1,5,7,2,9,12,11,7,16,23
196185,11,8,2,5,5,0,1,10,1,5,6,11
196185,11,8,5,0,2,2,8,2,10,2,10,12
196185,12,9,1,2,3,3,4,5,7,5,7,12
196185,12,9,2,1,3,2,2,4,4,3,5,8
196185,12,9,5,1,0,1,2,1,3,2,2,4
196185,13,10,1,0,1,0,0,1,0,0,1,1
196185,13,10,2,0,1,0,0,1,0,0,1,1
196194,1,412,1,3114,3463,441,618,6577,1059,3555,4081,7636
196194,1,112,2,2979,3232,223,239,6211,462,3202,3471,6673
196194,1,312,5,135,231,218,379,366,597,353,610,963
196194,2,999,1,2920,3238,144,175,6158,319,3064,3413,6477
196194,2,999,2,2832,3103,118,103,5935,221,2950,3206,6156
196194,2,999,5,88,135,26,72,223,98,114,207,321
196194,3,1,1,114,167,2,1,281,3,116,168,284
196194,3,1,2,114,167,2,1,281,3,116,168,284
196194,4,2,1,1094,1362,23,17,2456,40,1117,1379,2496
196194,4,2,2,1094,1362,23,17,2456,40,1117,1379,2496
196194,5,3,1,1256,1338,40,46,2594,86,1296,1384,2680
196194,5,3,2,1242,1314,38,40,2556,78,1280,1354,2634
196194,5,3,5,14,24,2,6,38,8,16,30,46
196194,6,4,1,456,371,79,111,827,190,535,482,1017
196194,6,4,2,382,260,55,45,642,100,437,305,742
196194,6,4,5,74,111,24,66,185,90,98,177,275
196194,7,999,1,194,225,297,443,419,740,491,668,1159
196194,7,999,2,147,129,105,136,276,241,252,265,517
196194,7,999,5,47,96,192,307,143,499,239,403,642
196194,8,5,1,125,125,89,161,250,250,214,286,500
196194,8,5,2,97,69,38,54,166,92,135,123,258
196194,8,5,5,28,56,51,107,84,158,79,163,242
196194,9,6,1,32,48,75,87,80,162,107,135,242
196194,9,6,2,25,31,24,25,56,49,49,56,105
196194,9,6,5,7,17,51,62,24,113,58,79,137
196194,10,7,1,17,25,51,61,42,112,68,86,154
196194,10,7,2,12,12,14,16,24,30,26,28,54
196194,10,7,5,5,13,37,45,18,82,42,58,100
196194,11,8,1,15,20,48,85,35,133,63,105,168
196194,11,8,2,12,11,18,23,23,41,30,34,64
196194,11,8,5,3,9,30,62,12,92,33,71,104
196194,12,9,1,5,7,33,47,12,80,38,54,92
196194,12,9,2,1,6,10,17,7,27,11,23,34
196194,12,9,5,4,1,23,30,5,53,27,31,58
196194,13,10,1,0,0,1,2,0,3,1,2,3
196194,13,10,2,0,0,1,1,0,2,1,1,2
196194,13,10,5,0,0,0,1,0,1,0,1,1
196200,1,412,1,1022,1840,85,137,2862,222,1107,1977,3084
196200,1,112,2,981,1724,58,79,2705,137,1039,1803,2842
196200,1,312,5,41,116,27,58,157,85,68,174,242
196200,2,999,1,956,1716,48,74,2672,122,1004,1790,2794
196200,2,999,2,936,1661,40,54,2597,94,976,1715,2691
196200,2,999,5,20,55,8,20,75,28,28,75,103
196200,3,1,1,13,68,0,3,81,3,13,71,84
196200,3,1,2,13,68,0,3,81,3,13,71,84
196200,4,2,1,355,695,5,5,1050,10,360,700,1060
196200,4,2,2,355,695,5,5,1050,10,360,700,1060
196200,5,3,1,404,730,9,16,1134,25,413,746,1159
196200,5,3,2,404,723,9,16,1127,25,413,739,1152
196200,5,3,5,0,7,0,0,7,0,0,7,7
196200,6,4,1,184,223,34,50,407,84,218,273,491
196200,6,4,2,164,175,26,30,339,56,190,205,395
196200,6,4,5,20,48,8,20,68,28,28,68,96
196200,7,999,1,66,124,37,63,190,100,103,187,290
196200,7,999,2,45,63,18,25,108,43,63,88,151
196200,7,999,5,21,61,19,38,82,57,40,99,139
196200,8,5,1,36,62,20,25,98,45,56,87,143
196200,8,5,2,25,29,11,10,54,21,36,39,75
196200,8,5,5,11,33,9,15,44,24,20,48,68
196200,9,6,1,15,24,7,12,39,19,22,36,58
196200,9,6,2,10,14,4,5,24,9,14,19,33
196200,9,6,5,5,10,3,7,15,10,8,17,25
196200,10,7,1,5,19,7,5,24,12,12,24,36
196200,10,7,2,3,11,2,3,14,5,5,14,19
196200,10,7,5,2,8,5,2,10,7,7,10,17
196200,11,8,1,9,15,2,15,24,17,11,30,41
196200,11,8,2,7,8,1,5,15,6,8,13,21
196200,11,8,5,2,7,1,10,9,11,3,17,20
196200,12,9,1,0,3,1,6,3,7,1,9,10
196200,12,9,2,0,1,0,2,1,2,0,3,3
196200,12,9,5,0,2,1,4,2,5,1,6,7
196200,13,10,1,1,1,0,0,2,0,1,1,2
196200,13,10,5,1,1,0,0,2,0,1,1,2
196219,1,412,1,1316,2000,167,202,3316,369,1483,2202,3685
196219,1,112,2,1281,1967,160,192,3248,352,1441,2159,3600
196219,1,312,5,35,33,7,10,68,17,42,43,85
196219,2,999,1,1204,1900,99,135,3104,234,1303,2035,3338
196219,2,999,2,1194,1882,97,134,3076,231,1291,2016,3307
196219,2,999,5,10,18,2,1,28,3,12,19,31
196219,3,1,1,42,97,1,2,139,3,43,99,142
196219,3,1,2,42,97,1,2,139,3,43,99,142
196219,4,2,1,464,807,13,18,1271,31,477,825,1302
196219,4,2,2,464,807,13,18,1271,31,477,825,1302
196219,5,3,1,509,780,34,54,1289,88,543,834,1377
196219,5,3,2,508,780,34,53,1288,87,542,833,1375
196219,5,3,5,1,0,0,1,1,1,1,1,2
196219,6,4,1,189,216,51,61,405,112,240,277,517
196219,6,4,2,180,198,49,61,378,110,229,259,488
196219,6,4,5,9,18,2,0,27,2,11,18,29
196219,7,999,1,112,100,68,67,212,135,180,167,347
196219,7,999,2,87,85,63,58,172,121,150,143,293
196219,7,999,5,25,15,5,9,40,14,30,24,54
196219,8,5,1,79,56,40,31,135,71,119,87,206
196219,8,5,2,67,48,37,28,115,65,104,76,180
196219,8,5,5,12,8,3,3,20,6,15,11,26
196219,9,6,1,15,19,8,11,34,19,23,30,53
196219,9,6,2,10,16,8,11,26,19,18,27,45
196219,9,6,5,5,3,0,0,8,0,5,3,8
196219,10,7,1,9,11,10,6,20,16,19,17,36
196219,10,7,2,5,10,9,5,15,14,14,15,29
196219,10,7,5,4,1,1,1,5,2,5,2,7
196219,11,8,1,2,5,2,9,7,11,4,14,18
196219,11,8,2,1,5,2,4,6,6,3,9,12
196219,11,8,5,1,0,0,5,1,5,1,5,6
196219,12,9,1,7,9,8,9,16,17,15,18,33
196219,12,9,2,4,6,7,9,10,16,11,15,26
196219,12,9,5,3,3,1,0,6,1,4,3,7
196219,13,10,1,0,0,0,1,0,1,0,1,1
196219,13,10,2,0,0,0,1,0,1,0,1,1
196237,1,412,1,1650,2488,336,533,4138,869,1986,3021,5007
196237,1,112,2,1584,2375,290,410,3959,700,1874,2785,4659
196237,1,312,5,66,113,46,123,179,169,112,236,348
196237,2,999,1,1391,2050,152,238,3441,390,1543,2288,3831
196237,2,999,2,1351,1989,139,196,3340,335,1490,2185,3675
196237,2,999,5,40,61,13,42,101,55,53,103,156
196237,3,1,1,59,84,0,0,143,0,59,84,143
196237,3,1,2,59,84,0,0,143,0,59,84,143
196237,4,2,1,425,597,15,24,1022,39,440,621,1061
196237,4,2,2,425,597,15,24,1022,39,440,621,1061
196237,5,3,1,490,820,33,45,1310,78,523,865,1388
196237,5,3,2,485,814,31,41,1299,72,516,855,1371
196237,5,3,5,5,6,2,4,11,6,7,10,17
196237,6,4,1,417,549,104,169,966,273,521,718,1239
196237,6,4,2,382,494,93,131,876,224,475,625,1100
196237,6,4,5,35,55,11,38,90,49,46,93,139
196237,7,999,1,259,438,184,295,697,479,443,733,1176
196237,7,999,2,233,386,151,214,619,365,384,600,984
196237,7,999,5,26,52,33,81,78,114,59,133,192
196237,8,5,1,182,260,122,139,442,261,304,399,703
196237,8,5,2,165,230,100,94,395,194,265,324,589
196237,8,5,5,17,30,22,45,47,67,39,75,114
196237,9,6,1,40,73,31,47,113,78,71,120,191
196237,9,6,2,37,67,24,42,104,66,61,109,170
196237,9,6,5,3,6,7,5,9,12,10,11,21
196237,10,7,1,24,40,15,44,64,59,39,84,123
196237,10,7,2,20,32,14,31,52,45,34,63,97
196237,10,7,5,4,8,1,13,12,14,5,21,26
196237,11,8,1,10,38,11,43,48,54,21,81,102
196237,11,8,2,9,33,8,30,42,38,17,63,80
196237,11,8,5,1,5,3,13,6,16,4,18,22
196237,12,9,1,2,27,5,22,29,27,7,49,56
196237,12,9,2,1,24,5,17,25,22,6,41,47
196237,12,9,5,1,3,0,5,4,5,1,8,9
196237,13,10,1,1,0,0,0,1,0,1,0,1
196237,13,10,2,1,0,0,0,1,0,1,0,1
196246,1,412,1,1760,2691,233,425,4451,658,1993,3116,5109
196246,1,112,2,1705,2480,187,308,4185,495,1892,2788,4680
196246,1,312,5,55,211,46,117,266,163,101,328,429
196246,2,999,1,1647,2481,103,131,4128,234,1750,2612,4362
196246,2,999,2,1616,2327,95,111,3943,206,1711,2438,4149
196246,2,999,5,31,154,8,20,185,28,39,174,213
196246,3,1,1,77,130,1,1,207,2,78,131,209
196246,3,1,2,77,130,1,1,207,2,78,131,209
196246,4,2,1,603,1045,8,10,1648,18,611,1055,1666
196246,4,2,2,603,1045,8,10,1648,18,611,1055,1666
196246,5,3,1,713,994,31,39,1707,70,744,1033,1777
196246,5,3,2,710,965,30,38,1675,68,740,1003,1743
196246,5,3,5,3,29,1,1,32,2,4,30,34
196246,6,4,1,254,312,63,81,566,144,317,393,710
196246,6,4,2,226,187,56,62,413,118,282,249,531
196246,6,4,5,28,125,7,19,153,26,35,144,179
196246,7,999,1,113,210,130,294,323,424,243,504,747
196246,7,999,2,89,153,92,197,242,289,181,350,531
196246,7,999,5,24,57,38,97,81,135,62,154,216
196246,8,5,1,60,92,49,81,152,130,109,173,282
196246,8,5,2,47,61,30,52,108,82,77,113,190
196246,8,5,5,13,31,19,29,44,48,32,60,92
196246,9,6,1,23,51,31,71,74,102,54,122,176
196246,9,6,2,18,40,22,45,58,67,40,85,125
196246,9,6,5,5,11,9,26,16,35,14,37,51
196246,10,7,1,20,26,10,52,46,62,30,78,108
196246,10,7,2,14,18,6,35,32,41,20,53,73
196246,10,7,5,6,8,4,17,14,21,10,25,35
196246,11,8,1,9,33,27,64,42,91,36,97,133
196246,11,8,2,9,26,22,45,35,67,31,71,102
196246,11,8,5,0,7,5,19,7,24,5,26,31
196246,12,9,1,1,8,13,25,9,38,14,33,47
196246,12,9,2,1,8,12,19,9,31,13,27,40
196246,12,9,5,0,0,1,6,0,7,1,6,7
196246,13,10,1,0,0,0,1,0,1,0,1,1
196246,13,10,2,0,0,0,1,0,1,0,1,1
196255,1,412,1,620,1104,105,289,1724,394,725,1393,2118
196255,1,112,2,38,138,3,8,176,11,41,146,187
196255,1,312,5,582,966,102,281,1548,383,684,1247,1931
196255,2,999,1,231,344,6,36,575,42,237,380,617
196255,2,999,2,14,52,1,5,66,6,15,57,72
196255,2,999,5,217,292,5,31,509,36,222,323,545
196255,4,2,1,0,1,0,0,1,0,0,1,1
196255,4,2,2,0,1,0,0,1,0,0,1,1
196255,5,3,1,5,27,0,1,32,1,5,28,33
196255,5,3,2,1,17,0,0,18,0,1,17,18
196255,5,3,5,4,10,0,1,14,1,4,11,15
196255,6,4,1,226,316,6,35,542,41,232,351,583
196255,6,4,2,13,34,1,5,47,6,14,39,53
196255,6,4,5,213,282,5,30,495,35,218,312,530
196255,7,999,1,389,760,99,253,1149,352,488,1013,1501
196255,7,999,2,24,86,2,3,110,5,26,89,115
196255,7,999,5,365,674,97,250,1039,347,462,924,1386
196255,8,5,1,297,463,35,83,760,118,332,546,878
196255,8,5,2,13,50,2,1,63,3,15,51,66
196255,8,5,5,284,413,33,82,697,115,317,495,812
196255,9,6,1,56,151,25,66,207,91,81,217,298
196255,9,6,2,6,18,0,1,24,1,6,19,25
196255,9,6,5,50,133,25,65,183,90,75,198,273
196255,10,7,1,17,62,18,37,79,55,35,99,134
196255,10,7,2,0,8,0,1,8,1,0,9,9
196255,10,7,5,17,54,18,36,71,54,35,90,125
196255,11,8,1,12,68,14,40,80,54,26,108,134
196255,11,8,2,4,10,0,0,14,0,4,10,14
196255,11,8,5,8,58,14,40,66,54,22,98,120
196255,12,9,1,6,16,7,27,22,34,13,43,56
196255,12,9,2,1,0,0,0,1,0,1,0,1
196255,12,9,5,5,16,7,27,21,34,12,43,55
196255,13,10,1,1,0,0,0,1,0,1,0,1
196255,13,10,5,1,0,0,0,1,0,1,0,1
196264,1,412,1,1137,2671,2608,4308,3808,6916,3745,6979,10724
196264,1,112,2,1079,2574,2214,3278,3653,5492,3293,5852,9145
196264,1,312,5,58,97,394,1030,155,1424,452,1127,1579
196264,2,999,1,336,677,477,540,1013,1017,813,1217,2030
196264,2,999,2,327,668,447,465,995,912,774,1133,1907
196264,2,999,5,9,9,30,75,18,105,39,84,123
196264,3,1,1,3,2,8,5,5,13,11,7,18
196264,3,1,2,3,2,8,5,5,13,11,7,18
196264,4,2,1,28,85,48,42,113,90,76,127,203
196264,4,2,2,28,85,48,42,113,90,76,127,203
196264,5,3,1,118,203,111,113,321,224,229,316,545
196264,5,3,2,118,202,110,109,320,219,228,311,539
196264,5,3,5,0,1,1,4,1,5,1,5,6
196264,6,4,1,187,387,310,380,574,690,497,767,1264
196264,6,4,2,178,379,281,309,557,590,459,688,1147
196264,6,4,5,9,8,29,71,17,100,38,79,117
196264,7,999,1,801,1994,2131,3768,2795,5899,2932,5762,8694
196264,7,999,2,752,1906,1767,2813,2658,4580,2519,4719,7238
196264,7,999,5,49,88,364,955,137,1319,413,1043,1456
196264,8,5,1,218,561,622,754,779,1376,840,1315,2155
196264,8,5,2,210,532,557,564,742,1121,767,1096,1863
196264,8,5,5,8,29,65,190,37,255,73,219,292
196264,9,6,1,214,447,446,692,661,1138,660,1139,1799
196264,9,6,2,199,440,363,507,639,870,562,947,1509
196264,9,6,5,15,7,83,185,22,268,98,192,290
196264,10,7,1,121,336,322,531,457,853,443,867,1310
196264,10,7,2,116,317,259,384,433,643,375,701,1076
196264,10,7,5,5,19,63,147,24,210,68,166,234
196264,11,8,1,159,447,475,935,606,1410,634,1382,2016
196264,11,8,2,149,426,371,701,575,1072,520,1127,1647
196264,11,8,5,10,21,104,234,31,338,114,255,369
196264,12,9,1,82,192,250,805,274,1055,332,997,1329
196264,12,9,2,72,180,204,616,252,820,276,796,1072
196264,12,9,5,10,12,46,189,22,235,56,201,257
196264,13,10,1,7,11,16,51,18,67,23,62,85
196264,13,10,2,6,11,13,41,17,54,19,52,71
196264,13,10,5,1,0,3,10,1,13,4,10,14
196291,1,412,1,1312,218,123,18,1530,141,1435,236,1671
196291,1,112,2,1239,204,58,10,1443,68,1297,214,1511
196291,1,312,5,73,14,65,8,87,73,138,22,160
196291,2,999,1,1206,203,41,9,1409,50,1247,212,1459
196291,2,999,2,1177,196,35,7,1373,42,1212,203,1415
196291,2,999,5,29,7,6,2,36,8,35,9,44
196291,3,1,1,48,11,1,0,59,1,49,11,60
196291,3,1,2,48,11,1,0,59,1,49,11,60
196291,4,2,1,508,85,7,0,593,7,515,85,600
196291,4,2,2,508,85,7,0,593,7,515,85,600
196291,5,3,1,485,79,9,2,564,11,494,81,575
196291,5,3,2,482,78,9,2,560,11,491,80,571
196291,5,3,5,3,1,0,0,4,0,3,1,4
196291,6,4,1,165,28,24,7,193,31,189,35,224
196291,6,4,2,139,22,18,5,161,23,157,27,184
196291,6,4,5,26,6,6,2,32,8,32,8,40
196291,7,999,1,106,15,82,9,121,91,188,24,212
196291,7,999,2,62,8,23,3,70,26,85,11,96
196291,7,999,5,44,7,59,6,51,65,103,13,116
196291,8,5,1,60,11,27,5,71,32,87,16,103
196291,8,5,2,41,7,15,2,48,17,56,9,65
196291,8,5,5,19,4,12,3,23,15,31,7,38
196291,9,6,1,25,2,18,2,27,20,43,4,47
196291,9,6,2,15,1,2,1,16,3,17,2,19
196291,9,6,5,10,1,16,1,11,17,26,2,28
196291,10,7,1,9,1,10,1,10,11,19,2,21
196291,10,7,2,4,0,2,0,4,2,6,0,6
196291,10,7,5,5,1,8,1,6,9,13,2,15
196291,11,8,1,11,1,15,1,12,16,26,2,28
196291,11,8,2,1,0,3,0,1,3,4,0,4
196291,11,8,5,10,1,12,1,11,13,22,2,24
196291,12,9,1,1,0,6,0,1,6,7,0,7
196291,12,9,2,1,0,1,0,1,1,2,0,2
196291,12,9,5,0,0,5,0,0,5,5,0,5
196291,13,10,1,0,0,6,0,0,6,6,0,6
196291,13,10,5,0,0,6,0,0,6,6,0,6
196307,1,412,1,511,833,31,153,1344,184,542,986,1528
196307,1,112,2,31,114,12,48,145,60,43,162,205
196307,1,312,5,480,719,19,105,1199,124,499,824,1323
196307,2,999,1,181,374,3,26,555,29,184,400,584
196307,2,999,2,17,69,0,14,86,14,17,83,100
196307,2,999,5,164,305,3,12,469,15,167,317,484
196307,4,2,1,1,7,0,0,8,0,1,7,8
196307,4,2,2,1,7,0,0,8,0,1,7,8
196307,5,3,1,13,49,0,3,62,3,13,52,65
196307,5,3,2,5,40,0,3,45,3,5,43,48
196307,5,3,5,8,9,0,0,17,0,8,9,17
196307,6,4,1,167,318,3,23,485,26,170,341,511
196307,6,4,2,11,22,0,11,33,11,11,33,44
196307,6,4,5,156,296,3,12,452,15,159,308,467
196307,7,999,1,330,459,28,127,789,155,358,586,944
196307,7,999,2,14,45,12,34,59,46,26,79,105
196307,7,999,5,316,414,16,93,730,109,332,507,839
196307,8,5,1,249,304,8,44,553,52,257,348,605
196307,8,5,2,6,22,6,8,28,14,12,30,42
196307,8,5,5,243,282,2,36,525,38,245,318,563
196307,9,6,1,61,88,6,32,149,38,67,120,187
196307,9,6,2,4,12,2,10,16,12,6,22,28
196307,9,6,5,57,76,4,22,133,26,61,98,159
196307,10,7,1,11,37,5,16,48,21,16,53,69
196307,10,7,2,0,8,0,5,8,5,0,13,13
196307,10,7,5,11,29,5,11,40,16,16,40,56
196307,11,8,1,7,23,7,23,30,30,14,46,60
196307,11,8,2,3,3,4,9,6,13,7,12,19
196307,11,8,5,4,20,3,14,24,17,7,34,41
196307,12,9,1,2,7,2,12,9,14,4,19,23
196307,12,9,2,1,0,0,2,1,2,1,2,3
196307,12,9,5,1,7,2,10,8,12,3,17,20
196413,1,412,1,8327,9573,1790,1632,17900,3422,10117,11205,21322
196413,1,112,2,6363,7469,344,303,13832,647,6707,7772,14479
196413,1,312,5,1964,2104,1446,1329,4068,2775,3410,3433,6843
196413,2,999,1,7083,8485,339,382,15568,721,7422,8867,16289
196413,2,999,2,6229,7411,204,189,13640,393,6433,7600,14033
196413,2,999,5,854,1074,135,193,1928,328,989,1267,2256
196413,3,1,1,118,208,2,5,326,7,120,213,333
196413,3,1,2,118,208,2,5,326,7,120,213,333
196413,4,2,1,2768,3531,55,62,6299,117,2823,3593,6416
196413,4,2,2,2768,3531,55,62,6299,117,2823,3593,6416
196413,5,3,1,2856,3427,86,87,6283,173,2942,3514,6456
196413,5,3,2,2819,3338,83,81,6157,164,2902,3419,6321
196413,5,3,5,37,89,3,6,126,9,40,95,135
196413,6,4,1,1341,1319,196,228,2660,424,1537,1547,3084
196413,6,4,2,524,334,64,41,858,105,588,375,963
196413,6,4,5,817,985,132,187,1802,319,949,1172,2121
196413,7,999,1,1244,1088,1451,1250,2332,2701,2695,2338,5033
196413,7,999,2,134,58,140,114,192,254,274,172,446
196413,7,999,5,1110,1030,1311,1136,2140,2447,2421,2166,4587
196413,8,5,1,776,659,335,347,1435,682,1111,1006,2117
196413,8,5,2,94,40,38,25,134,63,132,65,197
196413,8,5,5,682,619,297,322,1301,619,979,941,1920
196413,9,6,1,265,223,411,307,488,718,676,530,1206
196413,9,6,2,24,9,30,23,33,53,54,32,86
196413,9,6,5,241,214,381,284,455,665,622,498,1120
196413,10,7,1,106,105,284,200,211,484,390,305,695
196413,10,7,2,11,7,25,14,18,39,36,21,57
196413,10,7,5,95,98,259,186,193,445,354,284,638
196413,11,8,1,83,72,295,234,155,529,378,306,684
196413,11,8,2,3,2,32,22,5,54,35,24,59
196413,11,8,5,80,70,263,212,150,475,343,282,625
196413,12,9,1,14,29,121,155,43,276,135,184,319
196413,12,9,2,2,0,15,29,2,44,17,29,46
196413,12,9,5,12,29,106,126,41,232,118,155,273
196413,13,10,1,0,0,5,7,0,12,5,7,12
196413,13,10,2,0,0,0,1,0,1,0,1,1
196413,13,10,5,0,0,5,6,0,11,5,6,11
196468,1,412,1,448,1713,510,1876,2161,2386,958,3589,4547
196468,1,312,5,448,1713,510,1876,2161,2386,958,3589,4547
196468,2,999,1,121,729,87,588,850,675,208,1317,1525
196468,2,999,5,121,729,87,588,850,675,208,1317,1525
196468,5,3,1,5,51,3,23,56,26,8,74,82
196468,5,3,5,5,51,3,23,56,26,8,74,82
196468,6,4,1,116,678,84,565,794,649,200,1243,1443
196468,6,4,5,116,678,84,565,794,649,200,1243,1443
196468,7,999,1,327,984,423,1288,1311,1711,750,2272,3022
196468,7,999,5,327,984,423,1288,1311,1711,750,2272,3022
196468,8,5,1,115,453,154,580,568,734,269,1033,1302
196468,8,5,5,115,453,154,580,568,734,269,1033,1302
196468,9,6,1,84,222,100,278,306,378,184,500,684
196468,9,6,5,84,222,100,278,306,378,184,500,684
196468,10,7,1,59,132,67,152,191,219,126,284,410
196468,10,7,5,59,132,67,152,191,219,126,284,410
196468,11,8,1,46,112,77,181,158,258,123,293,416
196468,11,8,5,46,112,77,181,158,258,123,293,416
196468,12,9,1,20,57,23,95,77,118,43,152,195
196468,12,9,5,20,57,23,95,77,118,43,152,195
196468,13,10,1,3,8,2,2,11,4,5,10,15
196468,13,10,5,3,8,2,2,11,4,5,10,15
196565,1,412,1,494,709,1499,2062,1203,3561,1993,2771,4764
196565,1,112,2,494,709,1499,2062,1203,3561,1993,2771,4764
196565,2,999,1,431,532,1401,1794,963,3195,1832,2326,4158
196565,2,999,2,431,532,1401,1794,963,3195,1832,2326,4158
196565,3,1,1,86,120,1266,1624,206,2890,1352,1744,3096
196565,3,1,2,86,120,1266,1624,206,2890,1352,1744,3096
196565,4,2,1,221,241,58,69,462,127,279,310,589
196565,4,2,2,221,241,58,69,462,127,279,310,589
196565,5,3,1,87,102,40,40,189,80,127,142,269
196565,5,3,2,87,102,40,40,189,80,127,142,269
196565,6,4,1,37,69,37,61,106,98,74,130,204
196565,6,4,2,37,69,37,61,106,98,74,130,204
196565,7,999,1,63,177,98,268,240,366,161,445,606
196565,7,999,2,63,177,98,268,240,366,161,445,606
196565,8,5,1,22,70,28,69,92,97,50,139,189
196565,8,5,2,22,70,28,69,92,97,50,139,189
196565,9,6,1,12,35,26,59,47,85,38,94,132
196565,9,6,2,12,35,26,59,47,85,38,94,132
196565,10,7,1,10,35,16,49,45,65,26,84,110
196565,10,7,2,10,35,16,49,45,65,26,84,110
196565,11,8,1,16,30,11,54,46,65,27,84,111
196565,11,8,2,16,30,11,54,46,65,27,84,111
196565,12,9,1,3,6,15,32,9,47,18,38,56
196565,12,9,2,3,6,15,32,9,47,18,38,56
196565,13,10,1,0,1,2,5,1,7,2,6,8
196565,13,10,2,0,1,2,5,1,7,2,6,8
196592,1,412,1,2563,4736,956,3444,7299,4400,3519,8180,11699
196592,1,112,2,1197,2486,441,1396,3683,1837,1638,3882,5520
196592,1,312,5,1366,2250,515,2048,3616,2563,1881,4298,6179
196592,2,999,1,1239,2433,335,1020,3672,1355,1574,3453,5027
196592,2,999,2,906,1636,281,678,2542,959,1187,2314,3501
196592,2,999,5,333,797,54,342,1130,396,387,1139,1526
196592,3,1,1,16,16,103,464,32,567,119,480,599
196592,3,1,2,16,16,103,464,32,567,119,480,599
196592,4,2,1,171,507,30,58,678,88,201,565,766
196592,4,2,2,171,506,30,58,677,88,201,564,765
196592,4,2,5,0,1,0,0,1,0,0,1,1
196592,5,3,1,373,774,50,79,1147,129,423,853,1276
196592,5,3,2,364,724,46,59,1088,105,410,783,1193
196592,5,3,5,9,50,4,20,59,24,13,70,83
196592,6,4,1,679,1136,152,419,1815,571,831,1555,2386
196592,6,4,2,355,390,102,97,745,199,457,487,944
196592,6,4,5,324,746,50,322,1070,372,374,1068,1442
196592,7,999,1,1322,2302,619,2417,3624,3036,1941,4719,6660
196592,7,999,2,290,849,158,711,1139,869,448,1560,2008
196592,7,999,5,1032,1453,461,1706,2485,2167,1493,3159,4652
196592,8,5,1,914,1264,268,833,2178,1101,1182,2097,3279
196592,8,5,2,153,255,89,157,408,246,242,412,654
196592,8,5,5,761,1009,179,676,1770,855,940,1685,2625
196592,9,6,1,246,460,133,480,706,613,379,940,1319
196592,9,6,2,65,224,33,128,289,161,98,352,450
196592,9,6,5,181,236,100,352,417,452,281,588,869
196592,10,7,1,80,228,78,331,308,409,158,559,717
196592,10,7,2,29,134,15,101,163,116,44,235,279
196592,10,7,5,51,94,63,230,145,293,114,324,438
196592,11,8,1,61,259,89,485,320,574,150,744,894
196592,11,8,2,34,170,13,181,204,194,47,351,398
196592,11,8,5,27,89,76,304,116,380,103,393,496
196592,12,9,1,20,85,45,276,105,321,65,361,426
196592,12,9,2,9,60,8,138,69,146,17,198,215
196592,12,9,5,11,25,37,138,36,175,48,163,211
196592,13,10,1,1,6,6,12,7,18,7,18,25
196592,13,10,2,0,6,0,6,6,6,0,12,12
196592,13,10,5,1,0,6,6,1,12,7,6,13
196592,14,11,1,2,1,2,7,3,9,4,8,12
196592,14,11,2,1,1,2,7,2,9,3,8,11
196592,14,11,5,1,0,0,0,1,0,1,0,1
196653,1,412,1,70,483,135,688,553,823,205,1171,1376
196653,1,112,2,70,483,135,688,553,823,205,1171,1376
196653,2,999,1,31,224,56,204,255,260,87,428,515
196653,2,999,2,31,224,56,204,255,260,87,428,515
196653,3,1,1,0,10,33,50,10,83,33,60,93
196653,3,1,2,0,10,33,50,10,83,33,60,93
196653,4,2,1,12,77,5,18,89,23,17,95,112
196653,4,2,2,12,77,5,18,89,23,17,95,112
196653,5,3,1,9,46,3,55,55,58,12,101,113
196653,5,3,2,9,46,3,55,55,58,12,101,113
196653,6,4,1,10,91,15,81,101,96,25,172,197
196653,6,4,2,10,91,15,81,101,96,25,172,197
196653,7,999,1,39,255,77,474,294,551,116,729,845
196653,7,999,2,39,255,77,474,294,551,116,729,845
196653,8,5,1,23,118,34,185,141,219,57,303,360
196653,8,5,2,23,118,34,185,141,219,57,303,360
196653,9,6,1,4,70,15,118,74,133,19,188,207
196653,9,6,2,4,70,15,118,74,133,19,188,207
196653,10,7,1,6,33,14,78,39,92,20,111,131
196653,10,7,2,6,33,14,78,39,92,20,111,131
196653,11,8,1,6,26,10,70,32,80,16,96,112
196653,11,8,2,6,26,10,70,32,80,16,96,112
196653,12,9,1,0,8,4,23,8,27,4,31,35
196653,12,9,2,0,8,4,23,8,27,4,31,35
196653,14,11,1,0,4,2,10,4,12,2,14,16
196653,14,11,2,0,4,2,10,4,12,2,14,16
196699,1,412,1,497,628,922,1042,1125,1964,1419,1670,3089
196699,1,112,2,497,628,922,1042,1125,1964,1419,1670,3089
196699,2,999,1,443,544,830,766,987,1596,1273,1310,2583
196699,2,999,2,443,544,830,766,987,1596,1273,1310,2583
196699,3,1,1,122,155,702,552,277,1254,824,707,1531
196699,3,1,2,122,155,702,552,277,1254,824,707,1531
196699,4,2,1,223,257,47,66,480,113,270,323,593
196699,4,2,2,223,257,47,66,480,113,270,323,593
196699,5,3,1,65,85,47,71,150,118,112,156,268
196699,5,3,2,65,85,47,71,150,118,112,156,268
196699,6,4,1,33,47,34,77,80,111,67,124,191
196699,6,4,2,33,47,34,77,80,111,67,124,191
196699,7,999,1,54,82,90,274,136,364,144,356,500
196699,7,999,2,54,82,90,274,136,364,144,356,500
196699,8,5,1,22,41,34,108,63,142,56,149,205
196699,8,5,2,22,41,34,108,63,142,56,149,205
196699,9,6,1,9,20,21,58,29,79,30,78,108
196699,9,6,2,9,20,21,58,29,79,30,78,108
196699,10,7,1,10,11,9,33,21,42,19,44,63
196699,10,7,2,10,11,9,33,21,42,19,44,63
196699,11,8,1,6,8,15,45,14,60,21,53,74
196699,11,8,2,6,8,15,45,14,60,21,53,74
196699,12,9,1,7,2,11,28,9,39,18,30,48
196699,12,9,2,7,2,11,28,9,39,18,30,48
196699,13,10,1,0,0,0,2,0,2,0,2,2
196699,13,10,2,0,0,0,2,0,2,0,2,2
196699,14,11,1,0,2,2,2,2,4,2,4,6
196699,14,11,2,0,2,2,2,2,4,2,4,6
196866,1,412,1,1085,945,8,9,2030,17,1093,954,2047
196866,1,112,2,1085,945,8,9,2030,17,1093,954,2047
196866,2,999,1,1081,941,4,5,2022,9,1085,946,2031
196866,2,999,2,1081,941,4,5,2022,9,1085,946,2031
196866,3,1,1,0,1,0,2,1,2,0,3,3
196866,3,1,2,0,1,0,2,1,2,0,3,3
196866,4,2,1,392,359,0,0,751,0,392,359,751
196866,4,2,2,392,359,0,0,751,0,392,359,751
196866,5,3,1,519,482,0,0,1001,0,519,482,1001
196866,5,3,2,519,482,0,0,1001,0,519,482,1001
196866,6,4,1,170,99,4,3,269,7,174,102,276
196866,6,4,2,170,99,4,3,269,7,174,102,276
196866,7,999,1,4,4,4,4,8,8,8,8,16
196866,7,999,2,4,4,4,4,8,8,8,8,16
196866,8,5,1,4,3,0,1,7,1,4,4,8
196866,8,5,2,4,3,0,1,7,1,4,4,8
196866,11,8,1,0,1,1,0,1,1,1,1,2
196866,11,8,2,0,1,1,0,1,1,1,1,2
196866,12,9,1,0,0,1,1,0,2,1,1,2
196866,12,9,2,0,0,1,1,0,2,1,1,2
196866,13,10,1,0,0,2,2,0,4,2,2,4
196866,13,10,2,0,0,2,2,0,4,2,2,4
196884,1,412,1,81,125,10,10,206,20,91,135,226
196884,1,312,5,81,125,10,10,206,20,91,135,226
196884,2,999,1,11,13,0,0,24,0,11,13,24
196884,2,999,5,11,13,0,0,24,0,11,13,24
196884,5,3,1,0,1,0,0,1,0,0,1,1
196884,5,3,5,0,1,0,0,1,0,0,1,1
196884,6,4,1,11,12,0,0,23,0,11,12,23
196884,6,4,5,11,12,0,0,23,0,11,12,23
196884,7,999,1,70,112,10,10,182,20,80,122,202
196884,7,999,5,70,112,10,10,182,20,80,122,202
196884,8,5,1,26,35,1,0,61,1,27,35,62
196884,8,5,5,26,35,1,0,61,1,27,35,62
196884,9,6,1,15,23,0,1,38,1,15,24,39
196884,9,6,5,15,23,0,1,38,1,15,24,39
196884,10,7,1,6,17,2,2,23,4,8,19,27
196884,10,7,5,6,17,2,2,23,4,8,19,27
196884,11,8,1,11,17,3,5,28,8,14,22,36
196884,11,8,5,11,17,3,5,28,8,14,22,36
196884,12,9,1,9,14,1,1,23,2,10,15,25
196884,12,9,5,9,14,1,1,23,2,10,15,25
196884,13,10,1,3,6,3,1,9,4,6,7,13
196884,13,10,5,3,6,3,1,9,4,6,7,13
197036,1,412,1,3462,1074,0,0,4536,0,3462,1074,4536
197036,1,112,2,3462,1074,0,0,4536,0,3462,1074,4536
197036,2,999,1,3435,1072,0,0,4507,0,3435,1072,4507
197036,2,999,2,3435,1072,0,0,4507,0,3435,1072,4507
197036,3,1,1,47,18,0,0,65,0,47,18,65
197036,3,1,2,47,18,0,0,65,0,47,18,65
197036,4,2,1,1322,477,0,0,1799,0,1322,477,1799
197036,4,2,2,1322,477,0,0,1799,0,1322,477,1799
197036,5,3,1,1564,490,0,0,2054,0,1564,490,2054
197036,5,3,2,1564,490,0,0,2054,0,1564,490,2054
197036,6,4,1,502,87,0,0,589,0,502,87,589
197036,6,4,2,502,87,0,0,589,0,502,87,589
197036,7,999,1,27,2,0,0,29,0,27,2,29
197036,7,999,2,27,2,0,0,29,0,27,2,29
197036,8,5,1,27,2,0,0,29,0,27,2,29
197036,8,5,2,27,2,0,0,29,0,27,2,29
197045,1,412,1,1200,1713,620,1080,2913,1700,1820,2793,4613
197045,1,112,2,1119,1514,212,458,2633,670,1331,1972,3303
197045,1,312,5,81,199,408,622,280,1030,489,821,1310
197045,2,999,1,1067,1424,125,199,2491,324,1192,1623,2815
197045,2,999,2,1009,1290,58,121,2299,179,1067,1411,2478
197045,2,999,5,58,134,67,78,192,145,125,212,337
197045,3,1,1,19,39,2,11,58,13,21,50,71
197045,3,1,2,19,39,2,11,58,13,21,50,71
197045,4,2,1,438,470,0,3,908,3,438,473,911
197045,4,2,2,438,470,0,3,908,3,438,473,911
197045,5,3,1,390,527,11,17,917,28,401,544,945
197045,5,3,2,389,521,8,13,910,21,397,534,931
197045,5,3,5,1,6,3,4,7,7,4,10,14
197045,6,4,1,220,388,112,168,608,280,332,556,888
197045,6,4,2,163,260,48,94,423,142,211,354,565
197045,6,4,5,57,128,64,74,185,138,121,202,323
197045,7,999,1,133,289,495,881,422,1376,628,1170,1798
197045,7,999,2,110,224,154,337,334,491,264,561,825
197045,7,999,5,23,65,341,544,88,885,364,609,973
197045,8,5,1,74,145,153,266,219,419,227,411,638
197045,8,5,2,62,111,57,115,173,172,119,226,345
197045,8,5,5,12,34,96,151,46,247,108,185,293
197045,9,6,1,35,74,119,182,109,301,154,256,410
197045,9,6,2,31,63,31,71,94,102,62,134,196
197045,9,6,5,4,11,88,111,15,199,92,122,214
197045,10,7,1,13,38,77,154,51,231,90,192,282
197045,10,7,2,11,29,23,54,40,77,34,83,117
197045,10,7,5,2,9,54,100,11,154,56,109,165
197045,11,8,1,9,25,101,203,34,304,110,228,338
197045,11,8,2,6,15,28,68,21,96,34,83,117
197045,11,8,5,3,10,73,135,13,208,76,145,221
197045,12,9,1,2,7,42,75,9,117,44,82,126
197045,12,9,2,0,6,14,28,6,42,14,34,48
197045,12,9,5,2,1,28,47,3,75,30,48,78
197045,13,10,1,0,0,3,1,0,4,3,1,4
197045,13,10,2,0,0,1,1,0,2,1,1,2
197045,13,10,5,0,0,2,0,0,2,2,0,2
197133,1,412,1,908,1501,8,18,2409,26,916,1519,2435
197133,1,112,2,908,1501,8,18,2409,26,916,1519,2435
197133,2,999,1,887,1489,6,9,2376,15,893,1498,2391
197133,2,999,2,887,1489,6,9,2376,15,893,1498,2391
197133,3,1,1,9,32,0,0,41,0,9,32,41
197133,3,1,2,9,32,0,0,41,0,9,32,41
197133,4,2,1,406,728,2,4,1134,6,408,732,1140
197133,4,2,2,406,728,2,4,1134,6,408,732,1140
197133,5,3,1,433,673,3,3,1106,6,436,676,1112
197133,5,3,2,433,673,3,3,1106,6,436,676,1112
197133,6,4,1,39,56,1,2,95,3,40,58,98
197133,6,4,2,39,56,1,2,95,3,40,58,98
197133,7,999,1,21,7,1,1,28,2,22,8,30
197133,7,999,2,21,7,1,1,28,2,22,8,30
197133,8,5,1,12,6,1,1,18,2,13,7,20
197133,8,5,2,12,6,1,1,18,2,13,7,20
197133,9,6,1,6,1,0,0,7,0,6,1,7
197133,9,6,2,6,1,0,0,7,0,6,1,7
197133,10,7,1,3,0,0,0,3,0,3,0,3
197133,10,7,2,3,0,0,0,3,0,3,0,3
197133,14,11,1,0,5,1,8,5,9,1,13,14
197133,14,11,2,0,5,1,8,5,9,1,13,14
197142,1,412,1,200,231,33,44,431,77,233,275,508
197142,1,112,2,200,231,33,44,431,77,233,275,508
197142,2,999,1,170,195,16,26,365,42,186,221,407
197142,2,999,2,170,195,16,26,365,42,186,221,407
197142,3,1,1,6,5,0,0,11,0,6,5,11
197142,3,1,2,6,5,0,0,11,0,6,5,11
197142,4,2,1,81,81,7,4,162,11,88,85,173
197142,4,2,2,81,81,7,4,162,11,88,85,173
197142,5,3,1,50,72,0,6,122,6,50,78,128
197142,5,3,2,50,72,0,6,122,6,50,78,128
197142,6,4,1,33,37,9,16,70,25,42,53,95
197142,6,4,2,33,37,9,16,70,25,42,53,95
197142,7,999,1,30,36,16,16,66,32,46,52,98
197142,7,999,2,30,36,16,16,66,32,46,52,98
197142,8,5,1,17,28,10,9,45,19,27,37,64
197142,8,5,2,17,28,10,9,45,19,27,37,64
197142,9,6,1,9,5,2,2,14,4,11,7,18
197142,9,6,2,9,5,2,2,14,4,11,7,18
197142,10,7,1,1,0,1,1,1,2,2,1,3
197142,10,7,2,1,0,1,1,1,2,2,1,3
197142,11,8,1,2,2,2,1,4,3,4,3,7
197142,11,8,2,2,2,2,1,4,3,4,3,7
197142,12,9,1,1,1,1,3,2,4,2,4,6
197142,12,9,2,1,1,1,3,2,4,2,4,6
197142,14,11,1,0,0,1,2,0,3,1,2,3
197142,14,11,2,0,0,1,2,0,3,1,2,3
197151,1,412,1,956,2587,45,104,3543,149,1001,2691,3692
197151,1,112,2,826,2281,29,56,3107,85,855,2337,3192
197151,1,312,5,130,306,16,48,436,64,146,354,500
197151,2,999,1,803,2326,19,53,3129,72,822,2379,3201
197151,2,999,2,754,2195,19,44,2949,63,773,2239,3012
197151,2,999,5,49,131,0,9,180,9,49,140,189
197151,3,1,1,4,19,0,0,23,0,4,19,23
197151,3,1,2,4,19,0,0,23,0,4,19,23
197151,4,2,1,229,837,2,1,1066,3,231,838,1069
197151,4,2,2,229,837,2,1,1066,3,231,838,1069
197151,5,3,1,358,1019,2,12,1377,14,360,1031,1391
197151,5,3,2,349,995,2,12,1344,14,351,1007,1358
197151,5,3,5,9,24,0,0,33,0,9,24,33
197151,6,4,1,212,451,15,40,663,55,227,491,718
197151,6,4,2,172,344,15,31,516,46,187,375,562
197151,6,4,5,40,107,0,9,147,9,40,116,156
197151,7,999,1,153,261,26,51,414,77,179,312,491
197151,7,999,2,72,86,10,12,158,22,82,98,180
197151,7,999,5,81,175,16,39,256,55,97,214,311
197151,8,5,1,111,189,15,26,300,41,126,215,341
197151,8,5,2,56,70,7,9,126,16,63,79,142
197151,8,5,5,55,119,8,17,174,25,63,136,199
197151,9,6,1,27,45,4,7,72,11,31,52,83
197151,9,6,2,11,11,1,1,22,2,12,12,24
197151,9,6,5,16,34,3,6,50,9,19,40,59
197151,10,7,1,6,10,4,6,16,10,10,16,26
197151,10,7,2,3,2,2,1,5,3,5,3,8
197151,10,7,5,3,8,2,5,11,7,5,13,18
197151,11,8,1,7,9,2,4,16,6,9,13,22
197151,11,8,2,1,2,0,1,3,1,1,3,4
197151,11,8,5,6,7,2,3,13,5,8,10,18
197151,12,9,1,1,7,1,7,8,8,2,14,16
197151,12,9,2,1,1,0,0,2,0,1,1,2
197151,12,9,5,0,6,1,7,6,8,1,13,14
197151,13,10,1,1,1,0,1,2,1,1,2,3
197151,13,10,5,1,1,0,1,2,1,1,2,3
197197,1,412,1,613,1112,59,286,1725,345,672,1398,2070
197197,1,112,2,553,1035,15,40,1588,55,568,1075,1643
197197,1,312,5,60,77,44,246,137,290,104,323,427
197197,2,999,1,569,989,13,45,1558,58,582,1034,1616
197197,2,999,2,529,931,8,30,1460,38,537,961,1498
197197,2,999,5,40,58,5,15,98,20,45,73,118
197197,4,2,1,138,225,0,0,363,0,138,225,363
197197,4,2,2,138,225,0,0,363,0,138,225,363
197197,5,3,1,234,435,0,3,669,3,234,438,672
197197,5,3,2,234,435,0,3,669,3,234,438,672
197197,6,4,1,197,329,13,42,526,55,210,371,581
197197,6,4,2,157,271,8,27,428,35,165,298,463
197197,6,4,5,40,58,5,15,98,20,45,73,118
197197,7,999,1,42,107,46,241,149,287,88,348,436
197197,7,999,2,22,88,7,10,110,17,29,98,127
197197,7,999,5,20,19,39,231,39,270,59,250,309
197197,8,5,1,30,73,28,90,103,118,58,163,221
197197,8,5,2,15,60,5,5,75,10,20,65,85
197197,8,5,5,15,13,23,85,28,108,38,98,136
197197,9,6,1,10,26,9,74,36,83,19,100,119
197197,9,6,2,5,22,0,0,27,0,5,22,27
197197,9,6,5,5,4,9,74,9,83,14,78,92
197197,10,7,1,1,8,4,29,9,33,5,37,42
197197,10,7,2,1,6,1,1,7,2,2,7,9
197197,10,7,5,0,2,3,28,2,31,3,30,33
197197,11,8,1,1,0,4,29,1,33,5,29,34
197197,11,8,2,1,0,1,1,1,2,2,1,3
197197,11,8,5,0,0,3,28,0,31,3,28,31
197197,12,9,1,0,0,1,17,0,18,1,17,18
197197,12,9,2,0,0,0,3,0,3,0,3,3
197197,12,9,5,0,0,1,14,0,15,1,14,15
197197,13,10,1,0,0,0,2,0,2,0,2,2
197197,13,10,5,0,0,0,2,0,2,0,2,2
197197,14,11,1,2,16,0,0,18,0,2,16,18
197197,14,11,2,2,16,0,0,18,0,2,16,18
197294,1,412,1,2469,2550,2113,2940,5019,5053,4582,5490,10072
197294,1,112,2,2469,2550,2113,2940,5019,5053,4582,5490,10072
197294,2,999,1,2162,1977,1419,1496,4139,2915,3581,3473,7054
197294,2,999,2,2162,1977,1419,1496,4139,2915,3581,3473,7054
197294,3,1,1,169,172,178,214,341,392,347,386,733
197294,3,1,2,169,172,178,214,341,392,347,386,733
197294,4,2,1,1181,938,367,324,2119,691,1548,1262,2810
197294,4,2,2,1181,938,367,324,2119,691,1548,1262,2810
197294,5,3,1,578,525,472,444,1103,916,1050,969,2019
197294,5,3,2,578,525,472,444,1103,916,1050,969,2019
197294,6,4,1,234,342,402,514,576,916,636,856,1492
197294,6,4,2,234,342,402,514,576,916,636,856,1492
197294,7,999,1,307,573,694,1444,880,2138,1001,2017,3018
197294,7,999,2,307,573,694,1444,880,2138,1001,2017,3018
197294,8,5,1,169,288,310,580,457,890,479,868,1347
197294,8,5,2,169,288,310,580,457,890,479,868,1347
197294,9,6,1,66,135,168,334,201,502,234,469,703
197294,9,6,2,66,135,168,334,201,502,234,469,703
197294,10,7,1,34,64,90,186,98,276,124,250,374
197294,10,7,2,34,64,90,186,98,276,124,250,374
197294,11,8,1,28,62,82,225,90,307,110,287,397
197294,11,8,2,28,62,82,225,90,307,110,287,397
197294,12,9,1,10,24,36,115,34,151,46,139,185
197294,12,9,2,10,24,36,115,34,151,46,139,185
197294,13,10,1,0,0,8,4,0,12,8,4,12
197294,13,10,2,0,0,8,4,0,12,8,4,12
197337,1,412,1,2,51,0,3,53,3,2,54,56
197337,1,112,2,2,51,0,3,53,3,2,54,56
197337,2,999,1,0,24,0,0,24,0,0,24,24
197337,2,999,2,0,24,0,0,24,0,0,24,24
197337,3,1,1,0,1,0,0,1,0,0,1,1
197337,3,1,2,0,1,0,0,1,0,0,1,1
197337,4,2,1,0,6,0,0,6,0,0,6,6
197337,4,2,2,0,6,0,0,6,0,0,6,6
197337,5,3,1,0,10,0,0,10,0,0,10,10
197337,5,3,2,0,10,0,0,10,0,0,10,10
197337,6,4,1,0,7,0,0,7,0,0,7,7
197337,6,4,2,0,7,0,0,7,0,0,7,7
197337,7,999,1,2,27,0,3,29,3,2,30,32
197337,7,999,2,2,27,0,3,29,3,2,30,32
197337,8,5,1,0,9,0,1,9,1,0,10,10
197337,8,5,2,0,9,0,1,9,1,0,10,10
197337,9,6,1,0,5,0,0,5,0,0,5,5
197337,9,6,2,0,5,0,0,5,0,0,5,5
197337,10,7,1,1,6,0,2,7,2,1,8,9
197337,10,7,2,1,6,0,2,7,2,1,8,9
197337,11,8,1,0,7,0,0,7,0,0,7,7
197337,11,8,2,0,7,0,0,7,0,0,7,7
197337,12,9,1,1,0,0,0,1,0,1,0,1
197337,12,9,2,1,0,0,0,1,0,1,0,1
197708,1,412,1,2042,2652,403,427,4694,830,2445,3079,5524
197708,1,112,2,1357,1196,172,115,2553,287,1529,1311,2840
197708,1,312,5,685,1456,231,312,2141,543,916,1768,2684
197708,2,999,1,1573,1788,206,183,3361,389,1779,1971,3750
197708,2,999,2,1350,1189,168,113,2539,281,1518,1302,2820
197708,2,999,5,223,599,38,70,822,108,261,669,930
197708,3,1,1,40,42,124,92,82,216,164,134,298
197708,3,1,2,40,42,124,92,82,216,164,134,298
197708,4,2,1,476,536,5,6,1012,11,481,542,1023
197708,4,2,2,476,534,5,5,1010,10,481,539,1020
197708,4,2,5,0,2,0,1,2,1,0,3,3
197708,5,3,1,601,611,14,14,1212,28,615,625,1240
197708,5,3,2,594,551,13,9,1145,22,607,560,1167
197708,5,3,5,7,60,1,5,67,6,8,65,73
197708,6,4,1,456,599,63,71,1055,134,519,670,1189
197708,6,4,2,240,62,26,7,302,33,266,69,335
197708,6,4,5,216,537,37,64,753,101,253,601,854
197708,7,999,1,469,864,191,237,1333,428,660,1101,1761
197708,7,999,2,7,7,3,1,14,4,10,8,18
197708,7,999,5,462,857,188,236,1319,424,650,1093,1743
197708,8,5,1,279,504,76,76,783,152,355,580,935
197708,8,5,2,6,3,3,0,9,3,9,3,12
197708,8,5,5,273,501,73,76,774,149,346,577,923
197708,9,6,1,108,167,46,51,275,97,154,218,372
197708,9,6,2,0,3,0,0,3,0,0,3,3
197708,9,6,5,108,164,46,51,272,97,154,215,369
197708,10,7,1,32,58,20,30,90,50,52,88,140
197708,10,7,2,1,1,0,0,2,0,1,1,2
197708,10,7,5,31,57,20,30,88,50,51,87,138
197708,11,8,1,35,92,26,28,127,54,61,120,181
197708,11,8,2,0,0,0,1,0,1,0,1,1
197708,11,8,5,35,92,26,27,127,53,61,119,180
197708,12,9,1,15,41,11,42,56,53,26,83,109
197708,12,9,5,15,41,11,42,56,53,26,83,109
197708,13,10,1,0,2,12,10,2,22,12,12,24
197708,13,10,5,0,2,12,10,2,22,12,12,24
197708,14,11,1,0,0,6,7,0,13,6,7,13
197708,14,11,2,0,0,1,1,0,2,1,1,2
197708,14,11,5,0,0,5,6,0,11,5,6,11
197814,1,412,1,268,539,498,1203,807,1701,766,1742,2508
197814,1,112,2,268,539,498,1203,807,1701,766,1742,2508
197814,2,999,1,228,434,453,864,662,1317,681,1298,1979
197814,2,999,2,228,434,453,864,662,1317,681,1298,1979
197814,3,1,1,78,172,298,517,250,815,376,689,1065
197814,3,1,2,78,172,298,517,250,815,376,689,1065
197814,4,2,1,91,149,79,169,240,248,170,318,488
197814,4,2,2,91,149,79,169,240,248,170,318,488
197814,5,3,1,34,53,43,115,87,158,77,168,245
197814,5,3,2,34,53,43,115,87,158,77,168,245
197814,6,4,1,25,60,33,63,85,96,58,123,181
197814,6,4,2,25,60,33,63,85,96,58,123,181
197814,7,999,1,40,105,45,286,145,331,85,391,476
197814,7,999,2,40,105,45,286,145,331,85,391,476
197814,8,5,1,19,40,19,91,59,110,38,131,169
197814,8,5,2,19,40,19,91,59,110,38,131,169
197814,9,6,1,8,28,7,53,36,60,15,81,96
197814,9,6,2,8,28,7,53,36,60,15,81,96
197814,10,7,1,1,17,7,50,18,57,8,67,75
197814,10,7,2,1,17,7,50,18,57,8,67,75
197814,11,8,1,12,12,6,65,24,71,18,77,95
197814,11,8,2,12,12,6,65,24,71,18,77,95
197814,12,9,1,0,8,5,24,8,29,5,32,37
197814,12,9,2,0,8,5,24,8,29,5,32,37
197814,13,10,1,0,0,1,3,0,4,1,3,4
197814,13,10,2,0,0,1,3,0,4,1,3,4
197814,14,11,1,0,0,0,53,0,53,0,53,53
197814,14,11,2,0,0,0,53,0,53,0,53,53
197850,1,412,1,235,370,790,1624,605,2414,1025,1994,3019
197850,1,112,2,235,370,790,1624,605,2414,1025,1994,3019
197850,2,999,1,203,304,702,1238,507,1940,905,1542,2447
197850,2,999,2,203,304,702,1238,507,1940,905,1542,2447
197850,3,1,1,40,76,390,717,116,1107,430,793,1223
197850,3,1,2,40,76,390,717,116,1107,430,793,1223
197850,4,2,1,111,143,177,280,254,457,288,423,711
197850,4,2,2,111,143,177,280,254,457,288,423,711
197850,5,3,1,36,52,78,124,88,202,114,176,290
197850,5,3,2,36,52,78,124,88,202,114,176,290
197850,6,4,1,16,33,57,117,49,174,73,150,223
197850,6,4,2,16,33,57,117,49,174,73,150,223
197850,7,999,1,32,66,88,386,98,474,120,452,572
197850,7,999,2,32,66,88,386,98,474,120,452,572
197850,8,5,1,14,28,35,124,42,159,49,152,201
197850,8,5,2,14,28,35,124,42,159,49,152,201
197850,9,6,1,11,17,21,76,28,97,32,93,125
197850,9,6,2,11,17,21,76,28,97,32,93,125
197850,10,7,1,3,8,7,61,11,68,10,69,79
197850,10,7,2,3,8,7,61,11,68,10,69,79
197850,11,8,1,3,9,16,74,12,90,19,83,102
197850,11,8,2,3,9,16,74,12,90,19,83,102
197850,12,9,1,1,4,9,50,5,59,10,54,64
197850,12,9,2,1,4,9,50,5,59,10,54,64
197850,13,10,1,0,0,0,1,0,1,0,1,1
197850,13,10,2,0,0,0,1,0,1,0,1,1
197869,1,412,1,7530,10242,762,1489,17772,2251,8292,11731,20023
197869,1,112,2,7226,9679,496,660,16905,1156,7722,10339,18061
197869,1,312,5,304,563,266,829,867,1095,570,1392,1962
197869,2,999,1,7041,9798,394,519,16839,913,7435,10317,17752
197869,2,999,2,6835,9390,360,408,16225,768,7195,9798,16993
197869,2,999,5,206,408,34,111,614,145,240,519,759
197869,3,1,1,149,303,2,8,452,10,151,311,462
197869,3,1,2,149,303,2,8,452,10,151,311,462
197869,4,2,1,2688,4328,31,50,7016,81,2719,4378,7097
197869,4,2,2,2688,4327,31,50,7015,81,2719,4377,7096
197869,4,2,5,0,1,0,0,1,0,0,1,1
197869,5,3,1,2985,3997,113,181,6982,294,3098,4178,7276
197869,5,3,2,2964,3948,112,172,6912,284,3076,4120,7196
197869,5,3,5,21,49,1,9,70,10,22,58,80
197869,6,4,1,1219,1170,248,280,2389,528,1467,1450,2917
197869,6,4,2,1034,812,215,178,1846,393,1249,990,2239
197869,6,4,5,185,358,33,102,543,135,218,460,678
197869,7,999,1,489,444,368,970,933,1338,857,1414,2271
197869,7,999,2,391,289,136,252,680,388,527,541,1068
197869,7,999,5,98,155,232,718,253,950,330,873,1203
197869,8,5,1,365,269,122,291,634,413,487,560,1047
197869,8,5,2,304,174,66,102,478,168,370,276,646
197869,8,5,5,61,95,56,189,156,245,117,284,401
197869,9,6,1,64,84,83,167,148,250,147,251,398
197869,9,6,2,46,53,26,41,99,67,72,94,166
197869,9,6,5,18,31,57,126,49,183,75,157,232
197869,10,7,1,31,39,55,146,70,201,86,185,271
197869,10,7,2,22,28,20,33,50,53,42,61,103
197869,10,7,5,9,11,35,113,20,148,44,124,168
197869,11,8,1,21,39,73,264,60,337,94,303,397
197869,11,8,2,14,23,16,57,37,73,30,80,110
197869,11,8,5,7,16,57,207,23,264,64,223,287
197869,12,9,1,7,13,32,98,20,130,39,111,150
197869,12,9,2,4,11,7,19,15,26,11,30,41
197869,12,9,5,3,2,25,79,5,104,28,81,109
197869,13,10,1,1,0,3,4,1,7,4,4,8
197869,13,10,2,1,0,1,0,1,1,2,0,2
197869,13,10,5,0,0,2,4,0,6,2,4,6
197887,1,412,1,769,1147,1720,2965,1916,4685,2489,4112,6601
197887,1,112,2,769,1147,1720,2965,1916,4685,2489,4112,6601
197887,2,999,1,490,793,1202,1952,1283,3154,1692,2745,4437
197887,2,999,2,490,793,1202,1952,1283,3154,1692,2745,4437
197887,3,1,1,42,112,654,1055,154,1709,696,1167,1863
197887,3,1,2,42,112,654,1055,154,1709,696,1167,1863
197887,4,2,1,226,328,240,347,554,587,466,675,1141
197887,4,2,2,226,328,240,347,554,587,466,675,1141
197887,5,3,1,135,194,157,267,329,424,292,461,753
197887,5,3,2,135,194,157,267,329,424,292,461,753
197887,6,4,1,87,159,151,283,246,434,238,442,680
197887,6,4,2,87,159,151,283,246,434,238,442,680
197887,7,999,1,279,354,518,1013,633,1531,797,1367,2164
197887,7,999,2,279,354,518,1013,633,1531,797,1367,2164
197887,8,5,1,118,145,168,363,263,531,286,508,794
197887,8,5,2,118,145,168,363,263,531,286,508,794
197887,9,6,1,89,83,129,261,172,390,218,344,562
197887,9,6,2,89,83,129,261,172,390,218,344,562
197887,10,7,1,35,49,83,125,84,208,118,174,292
197887,10,7,2,35,49,83,125,84,208,118,174,292
197887,11,8,1,29,56,88,179,85,267,117,235,352
197887,11,8,2,29,56,88,179,85,267,117,235,352
197887,12,9,1,7,21,46,79,28,125,53,100,153
197887,12,9,2,7,21,46,79,28,125,53,100,153
197887,13,10,1,1,0,4,6,1,10,5,6,11
197887,13,10,2,1,0,4,6,1,10,5,6,11
197911,1,412,1,496,548,15,118,1044,133,511,666,1177
197911,1,112,2,484,519,9,93,1003,102,493,612,1105
197911,1,312,5,12,29,6,25,41,31,18,54,72
197911,2,999,1,478,473,4,8,951,12,482,481,963
197911,2,999,2,469,461,4,8,930,12,473,469,942
197911,2,999,5,9,12,0,0,21,0,9,12,21
197911,3,1,1,10,13,1,0,23,1,11,13,24
197911,3,1,2,10,13,1,0,23,1,11,13,24
197911,4,2,1,256,225,0,0,481,0,256,225,481
197911,4,2,2,256,224,0,0,480,0,256,224,480
197911,4,2,5,0,1,0,0,1,0,0,1,1
197911,5,3,1,153,165,1,0,318,1,154,165,319
197911,5,3,2,152,164,1,0,316,1,153,164,317
197911,5,3,5,1,1,0,0,2,0,1,1,2
197911,6,4,1,59,70,2,8,129,10,61,78,139
197911,6,4,2,51,60,2,8,111,10,53,68,121
197911,6,4,5,8,10,0,0,18,0,8,10,18
197911,7,999,1,18,75,11,110,93,121,29,185,214
197911,7,999,2,15,58,5,85,73,90,20,143,163
197911,7,999,5,3,17,6,25,20,31,9,42,51
197911,8,5,1,9,26,2,18,35,20,11,44,55
197911,8,5,2,8,23,1,13,31,14,9,36,45
197911,8,5,5,1,3,1,5,4,6,2,8,10
197911,9,6,1,1,11,2,17,12,19,3,28,31
197911,9,6,2,1,9,0,14,10,14,1,23,24
197911,9,6,5,0,2,2,3,2,5,2,5,7
197911,10,7,1,2,8,1,22,10,23,3,30,33
197911,10,7,2,1,7,1,16,8,17,2,23,25
197911,10,7,5,1,1,0,6,2,6,1,7,8
197911,11,8,1,3,19,3,32,22,35,6,51,57
197911,11,8,2,2,13,0,26,15,26,2,39,41
197911,11,8,5,1,6,3,6,7,9,4,12,16
197911,12,9,1,3,11,3,21,14,24,6,32,38
197911,12,9,2,3,6,3,16,9,19,6,22,28
197911,12,9,5,0,5,0,5,5,5,0,10,10
198066,1,412,1,435,366,11,16,801,27,446,382,828
198066,1,112,2,435,366,11,16,801,27,446,382,828
198066,2,999,1,399,321,6,10,720,16,405,331,736
198066,2,999,2,399,321,6,10,720,16,405,331,736
198066,3,1,1,8,4,2,5,12,7,10,9,19
198066,3,1,2,8,4,2,5,12,7,10,9,19
198066,4,2,1,186,163,0,1,349,1,186,164,350
198066,4,2,2,186,163,0,1,349,1,186,164,350
198066,5,3,1,156,134,1,1,290,2,157,135,292
198066,5,3,2,156,134,1,1,290,2,157,135,292
198066,6,4,1,49,20,3,3,69,6,52,23,75
198066,6,4,2,49,20,3,3,69,6,52,23,75
198066,7,999,1,11,9,5,6,20,11,16,15,31
198066,7,999,2,11,9,5,6,20,11,16,15,31
198066,8,5,1,9,4,2,2,13,4,11,6,17
198066,8,5,2,9,4,2,2,13,4,11,6,17
198066,9,6,1,1,1,0,0,2,0,1,1,2
198066,9,6,2,1,1,0,0,2,0,1,1,2
198066,10,7,1,1,1,2,0,2,2,3,1,4
198066,10,7,2,1,1,2,0,2,2,3,1,4
198066,11,8,1,0,2,1,2,2,3,1,4,5
198066,11,8,2,0,2,1,2,2,3,1,4,5
198066,12,9,1,0,1,0,2,1,2,0,3,3
198066,12,9,2,0,1,0,2,1,2,0,3,3
198066,14,11,1,25,36,0,0,61,0,25,36,61
198066,14,11,2,25,36,0,0,61,0,25,36,61
198084,1,412,1,209,278,352,714,487,1066,561,992,1553
198084,1,112,2,209,278,352,714,487,1066,561,992,1553
198084,2,999,1,191,226,302,522,417,824,493,748,1241
198084,2,999,2,191,226,302,522,417,824,493,748,1241
198084,3,1,1,18,29,133,271,47,404,151,300,451
198084,3,1,2,18,29,133,271,47,404,151,300,451
198084,4,2,1,113,143,95,139,256,234,208,282,490
198084,4,2,2,113,143,95,139,256,234,208,282,490
198084,5,3,1,46,35,51,64,81,115,97,99,196
198084,5,3,2,46,35,51,64,81,115,97,99,196
198084,6,4,1,14,19,23,48,33,71,37,67,104
198084,6,4,2,14,19,23,48,33,71,37,67,104
198084,7,999,1,18,52,50,192,70,242,68,244,312
198084,7,999,2,18,52,50,192,70,242,68,244,312
198084,8,5,1,7,23,22,65,30,87,29,88,117
198084,8,5,2,7,23,22,65,30,87,29,88,117
198084,9,6,1,5,11,14,41,16,55,19,52,71
198084,9,6,2,5,11,14,41,16,55,19,52,71
198084,10,7,1,1,5,8,26,6,34,9,31,40
198084,10,7,2,1,5,8,26,6,34,9,31,40
198084,11,8,1,1,6,3,42,7,45,4,48,52
198084,11,8,2,1,6,3,42,7,45,4,48,52
198084,12,9,1,3,6,3,16,9,19,6,22,28
198084,12,9,2,3,6,3,16,9,19,6,22,28
198084,13,10,1,1,1,0,2,2,2,1,3,4
198084,13,10,2,1,1,0,2,2,2,1,3,4
198109,1,412,1,15,217,25,269,232,294,40,486,526
198109,1,112,2,10,149,25,268,159,293,35,417,452
198109,1,312,5,5,68,0,1,73,1,5,69,74
198109,2,999,1,2,66,10,170,68,180,12,236,248
198109,2,999,2,2,64,10,170,66,180,12,234,246
198109,2,999,5,0,2,0,0,2,0,0,2,2
198109,3,1,1,0,0,0,2,0,2,0,2,2
198109,3,1,2,0,0,0,2,0,2,0,2,2
198109,4,2,1,0,19,0,26,19,26,0,45,45
198109,4,2,2,0,18,0,26,18,26,0,44,44
198109,4,2,5,0,1,0,0,1,0,0,1,1
198109,5,3,1,0,23,7,65,23,72,7,88,95
198109,5,3,2,0,23,7,65,23,72,7,88,95
198109,6,4,1,2,24,3,77,26,80,5,101,106
198109,6,4,2,2,23,3,77,25,80,5,100,105
198109,6,4,5,0,1,0,0,1,0,0,1,1
198109,7,999,1,13,151,15,99,164,114,28,250,278
198109,7,999,2,8,85,15,98,93,113,23,183,206
198109,7,999,5,5,66,0,1,71,1,5,67,72
198109,8,5,1,5,43,7,52,48,59,12,95,107
198109,8,5,2,4,29,7,52,33,59,11,81,92
198109,8,5,5,1,14,0,0,15,0,1,14,15
198109,9,6,1,3,27,6,17,30,23,9,44,53
198109,9,6,2,1,12,6,17,13,23,7,29,36
198109,9,6,5,2,15,0,0,17,0,2,15,17
198109,10,7,1,1,24,1,10,25,11,2,34,36
198109,10,7,2,1,15,1,9,16,10,2,24,26
198109,10,7,5,0,9,0,1,9,1,0,10,10
198109,11,8,1,2,44,0,17,46,17,2,61,63
198109,11,8,2,1,21,0,17,22,17,1,38,39
198109,11,8,5,1,23,0,0,24,0,1,23,24
198109,12,9,1,2,13,1,3,15,4,3,16,19
198109,12,9,2,1,8,1,3,9,4,2,11,13
198109,12,9,5,1,5,0,0,6,0,1,5,6
198118,1,412,1,621,821,907,1496,1442,2403,1528,2317,3845
198118,1,112,2,621,821,907,1496,1442,2403,1528,2317,3845
198118,2,999,1,522,662,763,1115,1184,1878,1285,1777,3062
198118,2,999,2,522,662,763,1115,1184,1878,1285,1777,3062
198118,3,1,1,83,138,453,629,221,1082,536,767,1303
198118,3,1,2,83,138,453,629,221,1082,536,767,1303
198118,4,2,1,262,321,145,170,583,315,407,491,898
198118,4,2,2,262,321,145,170,583,315,407,491,898
198118,5,3,1,121,117,89,185,238,274,210,302,512
198118,5,3,2,121,117,89,185,238,274,210,302,512
198118,6,4,1,56,86,76,131,142,207,132,217,349
198118,6,4,2,56,86,76,131,142,207,132,217,349
198118,7,999,1,99,159,144,381,258,525,243,540,783
198118,7,999,2,99,159,144,381,258,525,243,540,783
198118,8,5,1,42,71,63,144,113,207,105,215,320
198118,8,5,2,42,71,63,144,113,207,105,215,320
198118,9,6,1,26,40,23,89,66,112,49,129,178
198118,9,6,2,26,40,23,89,66,112,49,129,178
198118,10,7,1,10,17,17,50,27,67,27,67,94
198118,10,7,2,10,17,17,50,27,67,27,67,94
198118,11,8,1,13,20,21,62,33,83,34,82,116
198118,11,8,2,13,20,21,62,33,83,34,82,116
198118,12,9,1,4,11,10,35,15,45,14,46,60
198118,12,9,2,4,11,10,35,15,45,14,46,60
198118,13,10,1,4,0,10,1,4,11,14,1,15
198118,13,10,2,4,0,10,1,4,11,14,1,15
198136,1,412,1,2170,2891,463,440,5061,903,2633,3331,5964
198136,1,112,2,1381,1717,363,259,3098,622,1744,1976,3720
198136,1,312,5,789,1174,100,181,1963,281,889,1355,2244
198136,2,999,1,1423,2077,135,110,3500,245,1558,2187,3745
198136,2,999,2,1124,1500,105,67,2624,172,1229,1567,2796
198136,2,999,5,299,577,30,43,876,73,329,620,949
198136,3,1,1,27,27,0,1,54,1,27,28,55
198136,3,1,2,27,27,0,1,54,1,27,28,55
198136,4,2,1,475,699,6,7,1174,13,481,706,1187
198136,4,2,2,475,698,6,7,1173,13,481,705,1186
198136,4,2,5,0,1,0,0,1,0,0,1,1
198136,5,3,1,457,662,51,27,1119,78,508,689,1197
198136,5,3,2,441,614,51,24,1055,75,492,638,1130
198136,5,3,5,16,48,0,3,64,3,16,51,67
198136,6,4,1,464,689,78,75,1153,153,542,764,1306
198136,6,4,2,181,161,48,35,342,83,229,196,425
198136,6,4,5,283,528,30,40,811,70,313,568,881
198136,7,999,1,747,813,328,330,1560,658,1075,1143,2218
198136,7,999,2,257,216,258,192,473,450,515,408,923
198136,7,999,5,490,597,70,138,1087,208,560,735,1295
198136,8,5,1,470,536,98,107,1006,205,568,643,1211
198136,8,5,2,105,90,79,62,195,141,184,152,336
198136,8,5,5,365,446,19,45,811,64,384,491,875
198136,9,6,1,139,110,91,53,249,144,230,163,393
198136,9,6,2,68,46,77,32,114,109,145,78,223
198136,9,6,5,71,64,14,21,135,35,85,85,170
198136,10,7,1,54,57,60,48,111,108,114,105,219
198136,10,7,2,36,26,50,30,62,80,86,56,142
198136,10,7,5,18,31,10,18,49,28,28,49,77
198136,11,8,1,62,76,51,83,138,134,113,159,272
198136,11,8,2,37,46,40,49,83,89,77,95,172
198136,11,8,5,25,30,11,34,55,45,36,64,100
198136,12,9,1,20,29,28,38,49,66,48,67,115
198136,12,9,2,11,8,12,19,19,31,23,27,50
198136,12,9,5,9,21,16,19,30,35,25,40,65
198136,13,10,1,2,5,0,1,7,1,2,6,8
198136,13,10,5,2,5,0,1,7,1,2,6,8
198136,14,11,1,0,1,0,0,1,0,0,1,1
198136,14,11,2,0,1,0,0,1,0,0,1,1
198154,1,412,1,1364,1690,2118,3508,3054,5626,3482,5198,8680
198154,1,112,2,1364,1690,2118,3508,3054,5626,3482,5198,8680
198154,2,999,1,1088,1354,1623,2465,2442,4088,2711,3819,6530
198154,2,999,2,1088,1354,1623,2465,2442,4088,2711,3819,6530
198154,3,1,1,79,174,569,947,253,1516,648,1121,1769
198154,3,1,2,79,174,569,947,253,1516,648,1121,1769
198154,4,2,1,572,709,427,574,1281,1001,999,1283,2282
198154,4,2,2,572,709,427,574,1281,1001,999,1283,2282
198154,5,3,1,266,287,350,528,553,878,616,815,1431
198154,5,3,2,266,287,350,528,553,878,616,815,1431
198154,6,4,1,171,184,277,416,355,693,448,600,1048
198154,6,4,2,171,184,277,416,355,693,448,600,1048
198154,7,999,1,276,336,495,1043,612,1538,771,1379,2150
198154,7,999,2,276,336,495,1043,612,1538,771,1379,2150
198154,8,5,1,138,153,219,419,291,638,357,572,929
198154,8,5,2,138,153,219,419,291,638,357,572,929
198154,9,6,1,73,63,110,239,136,349,183,302,485
198154,9,6,2,73,63,110,239,136,349,183,302,485
198154,10,7,1,30,39,55,130,69,185,85,169,254
198154,10,7,2,30,39,55,130,69,185,85,169,254
198154,11,8,1,23,61,64,161,84,225,87,222,309
198154,11,8,2,23,61,64,161,84,225,87,222,309
198154,12,9,1,12,18,41,90,30,131,53,108,161
198154,12,9,2,12,18,41,90,30,131,53,108,161
198154,13,10,1,0,2,6,4,2,10,6,6,12
198154,13,10,2,0,2,6,4,2,10,6,6,12
198206,1,412,1,130,277,319,621,407,940,449,898,1347
198206,1,112,2,130,277,319,621,407,940,449,898,1347
198206,2,999,1,85,181,247,423,266,670,332,604,936
198206,2,999,2,85,181,247,423,266,670,332,604,936
198206,3,1,1,8,12,93,169,20,262,101,181,282
198206,3,1,2,8,12,93,169,20,262,101,181,282
198206,4,2,1,28,74,72,120,102,192,100,194,294
198206,4,2,2,28,74,72,120,102,192,100,194,294
198206,5,3,1,32,55,53,79,87,132,85,134,219
198206,5,3,2,32,55,53,79,87,132,85,134,219
198206,6,4,1,17,40,29,55,57,84,46,95,141
198206,6,4,2,17,40,29,55,57,84,46,95,141
198206,7,999,1,45,96,72,198,141,270,117,294,411
198206,7,999,2,45,96,72,198,141,270,117,294,411
198206,8,5,1,17,33,23,71,50,94,40,104,144
198206,8,5,2,17,33,23,71,50,94,40,104,144
198206,9,6,1,9,32,17,34,41,51,26,66,92
198206,9,6,2,9,32,17,34,41,51,26,66,92
198206,10,7,1,5,11,16,31,16,47,21,42,63
198206,10,7,2,5,11,16,31,16,47,21,42,63
198206,11,8,1,9,9,8,43,18,51,17,52,69
198206,11,8,2,9,9,8,43,18,51,17,52,69
198206,12,9,1,5,11,7,16,16,23,12,27,39
198206,12,9,2,5,11,7,16,16,23,12,27,39
198206,13,10,1,0,0,1,3,0,4,1,3,4
198206,13,10,2,0,0,1,3,0,4,1,3,4
198215,1,412,1,617,644,24,86,1261,110,641,730,1371
198215,1,112,2,601,631,24,84,1232,108,625,715,1340
198215,1,312,5,16,13,0,2,29,2,16,15,31
198215,2,999,1,518,534,10,26,1052,36,528,560,1088
198215,2,999,2,506,528,10,25,1034,35,516,553,1069
198215,2,999,5,12,6,0,1,18,1,12,7,19
198215,3,1,1,7,17,0,10,24,10,7,27,34
198215,3,1,2,7,17,0,10,24,10,7,27,34
198215,4,2,1,232,254,1,1,486,2,233,255,488
198215,4,2,2,232,254,1,1,486,2,233,255,488
198215,5,3,1,215,220,3,5,435,8,218,225,443
198215,5,3,2,215,219,3,5,434,8,218,224,442
198215,5,3,5,0,1,0,0,1,0,0,1,1
198215,6,4,1,64,43,6,10,107,16,70,53,123
198215,6,4,2,52,38,6,9,90,15,58,47,105
198215,6,4,5,12,5,0,1,17,1,12,6,18
198215,7,999,1,24,79,14,60,103,74,38,139,177
198215,7,999,2,20,72,14,59,92,73,34,131,165
198215,7,999,5,4,7,0,1,11,1,4,8,12
198215,8,5,1,10,30,5,15,40,20,15,45,60
198215,8,5,2,6,24,5,14,30,19,11,38,49
198215,8,5,5,4,6,0,1,10,1,4,7,11
198215,9,6,1,3,18,4,7,21,11,7,25,32
198215,9,6,2,3,17,4,7,20,11,7,24,31
198215,9,6,5,0,1,0,0,1,0,0,1,1
198215,10,7,1,4,7,1,9,11,10,5,16,21
198215,10,7,2,4,7,1,9,11,10,5,16,21
198215,11,8,1,7,20,3,16,27,19,10,36,46
198215,11,8,2,7,20,3,16,27,19,10,36,46
198215,12,9,1,0,4,1,12,4,13,1,16,17
198215,12,9,2,0,4,1,12,4,13,1,16,17
198215,13,10,1,0,0,0,1,0,1,0,1,1
198215,13,10,2,0,0,0,1,0,1,0,1,1
198215,14,11,1,75,31,0,0,106,0,75,31,106
198215,14,11,2,75,31,0,0,106,0,75,31,106
198233,1,412,1,567,751,1241,1769,1318,3010,1808,2520,4328
198233,1,112,2,567,751,1241,1769,1318,3010,1808,2520,4328
198233,2,999,1,493,618,1020,1363,1111,2383,1513,1981,3494
198233,2,999,2,493,618,1020,1363,1111,2383,1513,1981,3494
198233,3,1,1,65,130,519,715,195,1234,584,845,1429
198233,3,1,2,65,130,519,715,195,1234,584,845,1429
198233,4,2,1,298,305,226,279,603,505,524,584,1108
198233,4,2,2,298,305,226,279,603,505,524,584,1108
198233,5,3,1,93,122,175,217,215,392,268,339,607
198233,5,3,2,93,122,175,217,215,392,268,339,607
198233,6,4,1,37,61,100,152,98,252,137,213,350
198233,6,4,2,37,61,100,152,98,252,137,213,350
198233,7,999,1,74,133,221,406,207,627,295,539,834
198233,7,999,2,74,133,221,406,207,627,295,539,834
198233,8,5,1,36,65,88,162,101,250,124,227,351
198233,8,5,2,36,65,88,162,101,250,124,227,351
198233,9,6,1,22,27,57,93,49,150,79,120,199
198233,9,6,2,22,27,57,93,49,150,79,120,199
198233,10,7,1,8,14,24,56,22,80,32,70,102
198233,10,7,2,8,14,24,56,22,80,32,70,102
198233,11,8,1,6,19,36,67,25,103,42,86,128
198233,11,8,2,6,19,36,67,25,103,42,86,128
198233,12,9,1,2,8,14,28,10,42,16,36,52
198233,12,9,2,2,8,14,28,10,42,16,36,52
198233,13,10,1,0,0,2,0,0,2,2,0,2
198233,13,10,2,0,0,2,0,0,2,2,0,2
198303,1,412,1,593,488,8,11,1081,19,601,499,1100
198303,1,112,2,593,488,8,11,1081,19,601,499,1100
198303,2,999,1,586,476,2,5,1062,7,588,481,1069
198303,2,999,2,586,476,2,5,1062,7,588,481,1069
198303,3,1,1,8,8,0,0,16,0,8,8,16
198303,3,1,2,8,8,0,0,16,0,8,8,16
198303,4,2,1,261,200,0,0,461,0,261,200,461
198303,4,2,2,261,200,0,0,461,0,261,200,461
198303,5,3,1,226,203,0,1,429,1,226,204,430
198303,5,3,2,226,203,0,1,429,1,226,204,430
198303,6,4,1,91,65,2,4,156,6,93,69,162
198303,6,4,2,91,65,2,4,156,6,93,69,162
198303,7,999,1,7,11,6,6,18,12,13,17,30
198303,7,999,2,7,11,6,6,18,12,13,17,30
198303,8,5,1,6,7,1,1,13,2,7,8,15
198303,8,5,2,6,7,1,1,13,2,7,8,15
198303,9,6,1,0,0,1,1,0,2,1,1,2
198303,9,6,2,0,0,1,1,0,2,1,1,2
198303,10,7,1,0,1,1,2,1,3,1,3,4
198303,10,7,2,0,1,1,2,1,3,1,3,4
198303,11,8,1,1,3,2,1,4,3,3,4,7
198303,11,8,2,1,3,2,1,4,3,3,4,7
198303,12,9,1,0,0,1,1,0,2,1,1,2
198303,12,9,2,0,0,1,1,0,2,1,1,2
198303,14,11,1,0,1,0,0,1,0,0,1,1
198303,14,11,2,0,1,0,0,1,0,0,1,1
198330,1,412,1,582,1030,723,1236,1612,1959,1305,2266,3571
198330,1,112,2,582,1030,723,1236,1612,1959,1305,2266,3571
198330,2,999,1,371,690,501,795,1061,1296,872,1485,2357
198330,2,999,2,371,690,501,795,1061,1296,872,1485,2357
198330,3,1,1,27,48,127,258,75,385,154,306,460
198330,3,1,2,27,48,127,258,75,385,154,306,460
198330,4,2,1,173,255,118,184,428,302,291,439,730
198330,4,2,2,173,255,118,184,428,302,291,439,730
198330,5,3,1,104,218,111,177,322,288,215,395,610
198330,5,3,2,104,218,111,177,322,288,215,395,610
198330,6,4,1,67,169,145,176,236,321,212,345,557
198330,6,4,2,67,169,145,176,236,321,212,345,557
198330,7,999,1,211,340,222,439,551,661,433,779,1212
198330,7,999,2,211,340,222,439,551,661,433,779,1212
198330,8,5,1,86,137,100,160,223,260,186,297,483
198330,8,5,2,86,137,100,160,223,260,186,297,483
198330,9,6,1,56,85,44,113,141,157,100,198,298
198330,9,6,2,56,85,44,113,141,157,100,198,298
198330,10,7,1,24,56,38,73,80,111,62,129,191
198330,10,7,2,24,56,38,73,80,111,62,129,191
198330,11,8,1,36,44,32,64,80,96,68,108,176
198330,11,8,2,36,44,32,64,80,96,68,108,176
198330,12,9,1,9,17,8,28,26,36,17,45,62
198330,12,9,2,9,17,8,28,26,36,17,45,62
198330,13,10,1,0,1,0,1,1,1,0,2,2
198330,13,10,2,0,1,0,1,1,1,0,2,2
198330,14,11,1,0,0,0,2,0,2,0,2,2
198330,14,11,2,0,0,0,2,0,2,0,2,2
198367,1,412,1,345,381,727,1176,726,1903,1072,1557,2629
198367,1,112,2,345,381,727,1176,726,1903,1072,1557,2629
198367,2,999,1,242,257,537,769,499,1306,779,1026,1805
198367,2,999,2,242,257,537,769,499,1306,779,1026,1805
198367,3,1,1,17,31,205,367,48,572,222,398,620
198367,3,1,2,17,31,205,367,48,572,222,398,620
198367,4,2,1,120,106,142,166,226,308,262,272,534
198367,4,2,2,120,106,142,166,226,308,262,272,534
198367,5,3,1,66,77,115,115,143,230,181,192,373
198367,5,3,2,66,77,115,115,143,230,181,192,373
198367,6,4,1,39,43,75,121,82,196,114,164,278
198367,6,4,2,39,43,75,121,82,196,114,164,278
198367,7,999,1,103,124,190,407,227,597,293,531,824
198367,7,999,2,103,124,190,407,227,597,293,531,824
198367,8,5,1,53,47,81,162,100,243,134,209,343
198367,8,5,2,53,47,81,162,100,243,134,209,343
198367,9,6,1,20,29,42,97,49,139,62,126,188
198367,9,6,2,20,29,42,97,49,139,62,126,188
198367,10,7,1,12,20,29,52,32,81,41,72,113
198367,10,7,2,12,20,29,52,32,81,41,72,113
198367,11,8,1,16,25,25,62,41,87,41,87,128
198367,11,8,2,16,25,25,62,41,87,41,87,128
198367,12,9,1,2,3,12,32,5,44,14,35,49
198367,12,9,2,2,3,12,32,5,44,14,35,49
198367,13,10,1,0,0,1,2,0,3,1,2,3
198367,13,10,2,0,0,1,2,0,3,1,2,3
198376,1,412,1,575,962,700,1528,1537,2228,1275,2490,3765
198376,1,112,2,575,962,700,1528,1537,2228,1275,2490,3765
198376,2,999,1,486,718,559,930,1204,1489,1045,1648,2693
198376,2,999,2,486,718,559,930,1204,1489,1045,1648,2693
198376,3,1,1,93,191,332,449,284,781,425,640,1065
198376,3,1,2,93,191,332,449,284,781,425,640,1065
198376,4,2,1,242,338,124,179,580,303,366,517,883
198376,4,2,2,242,338,124,179,580,303,366,517,883
198376,5,3,1,101,109,67,167,210,234,168,276,444
198376,5,3,2,101,109,67,167,210,234,168,276,444
198376,6,4,1,50,80,36,135,130,171,86,215,301
198376,6,4,2,50,80,36,135,130,171,86,215,301
198376,7,999,1,89,244,141,598,333,739,230,842,1072
198376,7,999,2,89,244,141,598,333,739,230,842,1072
198376,8,5,1,30,98,49,191,128,240,79,289,368
198376,8,5,2,30,98,49,191,128,240,79,289,368
198376,9,6,1,29,52,33,148,81,181,62,200,262
198376,9,6,2,29,52,33,148,81,181,62,200,262
198376,10,7,1,12,35,31,97,47,128,43,132,175
198376,10,7,2,12,35,31,97,47,128,43,132,175
198376,11,8,1,11,38,21,117,49,138,32,155,187
198376,11,8,2,11,38,21,117,49,138,32,155,187
198376,12,9,1,6,21,7,45,27,52,13,66,79
198376,12,9,2,6,21,7,45,27,52,13,66,79
198376,13,10,1,1,0,0,0,1,0,1,0,1
198376,13,10,2,1,0,0,0,1,0,1,0,1
198385,1,412,1,947,1036,0,0,1983,0,947,1036,1983
198385,1,112,2,947,1036,0,0,1983,0,947,1036,1983
198385,2,999,1,945,1036,0,0,1981,0,945,1036,1981
198385,2,999,2,945,1036,0,0,1981,0,945,1036,1981
198385,3,1,1,8,9,0,0,17,0,8,9,17
198385,3,1,2,8,9,0,0,17,0,8,9,17
198385,4,2,1,407,499,0,0,906,0,407,499,906
198385,4,2,2,407,499,0,0,906,0,407,499,906
198385,5,3,1,445,477,0,0,922,0,445,477,922
198385,5,3,2,445,477,0,0,922,0,445,477,922
198385,6,4,1,85,51,0,0,136,0,85,51,136
198385,6,4,2,85,51,0,0,136,0,85,51,136
198385,7,999,1,2,0,0,0,2,0,2,0,2
198385,7,999,2,2,0,0,0,2,0,2,0,2
198385,8,5,1,2,0,0,0,2,0,2,0,2
198385,8,5,2,2,0,0,0,2,0,2,0,2
198455,1,412,1,354,512,1333,2473,866,3806,1687,2985,4672
198455,1,112,2,354,512,1333,2473,866,3806,1687,2985,4672
198455,2,999,1,253,359,808,1246,612,2054,1061,1605,2666
198455,2,999,2,253,359,808,1246,612,2054,1061,1605,2666
198455,3,1,1,38,69,216,361,107,577,254,430,684
198455,3,1,2,38,69,216,361,107,577,254,430,684
198455,4,2,1,115,171,264,315,286,579,379,486,865
198455,4,2,2,115,171,264,315,286,579,379,486,865
198455,5,3,1,61,61,192,245,122,437,253,306,559
198455,5,3,2,61,61,192,245,122,437,253,306,559
198455,6,4,1,39,58,136,325,97,461,175,383,558
198455,6,4,2,39,58,136,325,97,461,175,383,558
198455,7,999,1,101,153,523,1226,254,1749,624,1379,2003
198455,7,999,2,101,153,523,1226,254,1749,624,1379,2003
198455,8,5,1,42,68,186,386,110,572,228,454,682
198455,8,5,2,42,68,186,386,110,572,228,454,682
198455,9,6,1,32,34,127,298,66,425,159,332,491
198455,9,6,2,32,34,127,298,66,425,159,332,491
198455,10,7,1,11,22,82,182,33,264,93,204,297
198455,10,7,2,11,22,82,182,33,264,93,204,297
198455,11,8,1,13,20,87,243,33,330,100,263,363
198455,11,8,2,13,20,87,243,33,330,100,263,363
198455,12,9,1,3,8,38,107,11,145,41,115,156
198455,12,9,2,3,8,38,107,11,145,41,115,156
198455,13,10,1,0,1,3,10,1,13,3,11,14
198455,13,10,2,0,1,3,10,1,13,3,11,14
198455,14,11,1,0,0,2,1,0,3,2,1,3
198455,14,11,2,0,0,2,1,0,3,2,1,3
198464,1,412,1,8884,12587,2622,4705,21471,7327,11506,17292,28798
198464,1,112,2,7999,10887,1613,2557,18886,4170,9612,13444,23056
198464,1,312,5,885,1700,1009,2148,2585,3157,1894,3848,5742
198464,2,999,1,7829,11089,824,1243,18918,2067,8653,12332,20985
198464,2,999,2,7446,10193,721,998,17639,1719,8167,11191,19358
198464,2,999,5,383,896,103,245,1279,348,486,1141,1627
198464,3,1,1,176,402,48,98,578,146,224,500,724
198464,3,1,2,176,402,48,98,578,146,224,500,724
198464,4,2,1,2996,4641,116,195,7637,311,3112,4836,7948
198464,4,2,2,2996,4638,116,195,7634,311,3112,4833,7945
198464,4,2,5,0,3,0,0,3,0,0,3,3
198464,5,3,1,2939,4129,190,296,7068,486,3129,4425,7554
198464,5,3,2,2908,4047,186,284,6955,470,3094,4331,7425
198464,5,3,5,31,82,4,12,113,16,35,94,129
198464,6,4,1,1718,1917,470,654,3635,1124,2188,2571,4759
198464,6,4,2,1366,1106,371,421,2472,792,1737,1527,3264
198464,6,4,5,352,811,99,233,1163,332,451,1044,1495
198464,7,999,1,1055,1498,1798,3462,2553,5260,2853,4960,7813
198464,7,999,2,553,694,892,1559,1247,2451,1445,2253,3698
198464,7,999,5,502,804,906,1903,1306,2809,1408,2707,4115
198464,8,5,1,608,811,469,879,1419,1348,1077,1690,2767
198464,8,5,2,301,326,274,464,627,738,575,790,1365
198464,8,5,5,307,485,195,415,792,610,502,900,1402
198464,9,6,1,233,280,377,692,513,1069,610,972,1582
198464,9,6,2,126,140,190,324,266,514,316,464,780
198464,9,6,5,107,140,187,368,247,555,294,508,802
198464,10,7,1,93,165,319,587,258,906,412,752,1164
198464,10,7,2,58,93,158,262,151,420,216,355,571
198464,10,7,5,35,72,161,325,107,486,196,397,593
198464,11,8,1,96,202,423,898,298,1321,519,1100,1619
198464,11,8,2,54,112,180,347,166,527,234,459,693
198464,11,8,5,42,90,243,551,132,794,285,641,926
198464,12,9,1,25,37,198,391,62,589,223,428,651
198464,12,9,2,14,21,84,155,35,239,98,176,274
198464,12,9,5,11,16,114,236,27,350,125,252,377
198464,13,10,1,0,3,12,15,3,27,12,18,30
198464,13,10,2,0,2,6,7,2,13,6,9,15
198464,13,10,5,0,1,6,8,1,14,6,9,15
198507,1,412,1,705,946,102,249,1651,351,807,1195,2002
198507,1,112,2,692,932,91,195,1624,286,783,1127,1910
198507,1,312,5,13,14,11,54,27,65,24,68,92
198507,2,999,1,613,808,46,89,1421,135,659,897,1556
198507,2,999,2,607,805,46,84,1412,130,653,889,1542
198507,2,999,5,6,3,0,5,9,5,6,8,14
198507,3,1,1,18,38,9,23,56,32,27,61,88
198507,3,1,2,18,38,9,23,56,32,27,61,88
198507,4,2,1,249,371,2,10,620,12,251,381,632
198507,4,2,2,249,371,2,10,620,12,251,381,632
198507,5,3,1,222,302,11,25,524,36,233,327,560
198507,5,3,2,221,302,11,25,523,36,232,327,559
198507,5,3,5,1,0,0,0,1,0,1,0,1
198507,6,4,1,124,97,24,31,221,55,148,128,276
198507,6,4,2,119,94,24,26,213,50,143,120,263
198507,6,4,5,5,3,0,5,8,5,5,8,13
198507,7,999,1,92,138,56,160,230,216,148,298,446
198507,7,999,2,85,127,45,111,212,156,130,238,368
198507,7,999,5,7,11,11,49,18,60,18,60,78
198507,8,5,1,39,42,20,31,81,51,59,73,132
198507,8,5,2,33,39,13,17,72,30,46,56,102
198507,8,5,5,6,3,7,14,9,21,13,17,30
198507,9,6,1,29,29,10,31,58,41,39,60,99
198507,9,6,2,28,27,8,21,55,29,36,48,84
198507,9,6,5,1,2,2,10,3,12,3,12,15
198507,10,7,1,6,28,11,28,34,39,17,56,73
198507,10,7,2,6,26,9,20,32,29,15,46,61
198507,10,7,5,0,2,2,8,2,10,2,10,12
198507,11,8,1,16,30,8,43,46,51,24,73,97
198507,11,8,2,16,27,8,30,43,38,24,57,81
198507,11,8,5,0,3,0,13,3,13,0,16,16
198507,12,9,1,1,9,7,26,10,33,8,35,43
198507,12,9,2,1,8,7,22,9,29,8,30,38
198507,12,9,5,0,1,0,4,1,4,0,5,5
198507,13,10,1,1,0,0,1,1,1,1,1,2
198507,13,10,2,1,0,0,1,1,1,1,1,2
198516,1,412,1,2690,4128,155,144,6818,299,2845,4272,7117
198516,1,112,2,2418,3655,117,101,6073,218,2535,3756,6291
198516,1,312,5,272,473,38,43,745,81,310,516,826
198516,2,999,1,2523,3891,111,99,6414,210,2634,3990,6624
198516,2,999,2,2409,3649,109,98,6058,207,2518,3747,6265
198516,2,999,5,114,242,2,1,356,3,116,243,359
198516,3,1,1,1,2,29,25,3,54,30,27,57
198516,3,1,2,1,2,29,25,3,54,30,27,57
198516,4,2,1,953,1624,16,6,2577,22,969,1630,2599
198516,4,2,2,953,1624,16,6,2577,22,969,1630,2599
198516,5,3,1,1146,1728,27,42,2874,69,1173,1770,2943
198516,5,3,2,1143,1721,27,42,2864,69,1170,1763,2933
198516,5,3,5,3,7,0,0,10,0,3,7,10
198516,6,4,1,423,537,39,26,960,65,462,563,1025
198516,6,4,2,312,302,37,25,614,62,349,327,676
198516,6,4,5,111,235,2,1,346,3,113,236,349
198516,7,999,1,167,237,44,45,404,89,211,282,493
198516,7,999,2,9,6,8,3,15,11,17,9,26
198516,7,999,5,158,231,36,42,389,78,194,273,467
198516,8,5,1,116,189,11,11,305,22,127,200,327
198516,8,5,2,5,5,4,1,10,5,9,6,15
198516,8,5,5,111,184,7,10,295,17,118,194,312
198516,9,6,1,33,30,11,11,63,22,44,41,85
198516,9,6,2,2,1,2,1,3,3,4,2,6
198516,9,6,5,31,29,9,10,60,19,40,39,79
198516,10,7,1,10,8,6,7,18,13,16,15,31
198516,10,7,2,2,0,1,0,2,1,3,0,3
198516,10,7,5,8,8,5,7,16,12,13,15,28
198516,11,8,1,7,5,14,11,12,25,21,16,37
198516,11,8,2,0,0,1,0,0,1,1,0,1
198516,11,8,5,7,5,13,11,12,24,20,16,36
198516,12,9,1,1,5,2,5,6,7,3,10,13
198516,12,9,2,0,0,0,1,0,1,0,1,1
198516,12,9,5,1,5,2,4,6,6,3,9,12
198534,1,412,1,1500,2475,2703,4254,3975,6957,4203,6729,10932
198534,1,112,2,1500,2475,2703,4254,3975,6957,4203,6729,10932
198534,2,999,1,832,1275,1371,2139,2107,3510,2203,3414,5617
198534,2,999,2,832,1275,1371,2139,2107,3510,2203,3414,5617
198534,3,1,1,50,60,469,704,110,1173,519,764,1283
198534,3,1,2,50,60,469,704,110,1173,519,764,1283
198534,4,2,1,394,463,289,434,857,723,683,897,1580
198534,4,2,2,394,463,289,434,857,723,683,897,1580
198534,5,3,1,227,361,286,458,588,744,513,819,1332
198534,5,3,2,227,361,286,458,588,744,513,819,1332
198534,6,4,1,161,391,327,543,552,870,488,934,1422
198534,6,4,2,161,391,327,543,552,870,488,934,1422
198534,7,999,1,668,1200,1332,2115,1868,3447,2000,3315,5315
198534,7,999,2,668,1200,1332,2115,1868,3447,2000,3315,5315
198534,8,5,1,255,500,484,739,755,1223,739,1239,1978
198534,8,5,2,255,500,484,739,755,1223,739,1239,1978
198534,9,6,1,130,256,259,473,386,732,389,729,1118
198534,9,6,2,130,256,259,473,386,732,389,729,1118
198534,10,7,1,82,169,230,298,251,528,312,467,779
198534,10,7,2,82,169,230,298,251,528,312,467,779
198534,11,8,1,124,171,190,366,295,556,314,537,851
198534,11,8,2,124,171,190,366,295,556,314,537,851
198534,12,9,1,72,98,149,220,170,369,221,318,539
198534,12,9,2,72,98,149,220,170,369,221,318,539
198534,13,10,1,5,6,20,19,11,39,25,25,50
198534,13,10,2,5,6,20,19,11,39,25,25,50
198543,1,412,1,1283,3126,722,1595,4409,2317,2005,4721,6726
198543,1,112,2,1154,2805,483,1219,3959,1702,1637,4024,5661
198543,1,312,5,129,321,239,376,450,615,368,697,1065
198543,2,999,1,867,1982,220,505,2849,725,1087,2487,3574
198543,2,999,2,851,1921,207,471,2772,678,1058,2392,3450
198543,2,999,5,16,61,13,34,77,47,29,95,124
198543,3,1,1,95,193,95,199,288,294,190,392,582
198543,3,1,2,95,193,95,199,288,294,190,392,582
198543,4,2,1,286,760,17,50,1046,67,303,810,1113
198543,4,2,2,286,759,17,50,1045,67,303,809,1112
198543,4,2,5,0,1,0,0,1,0,0,1,1
198543,5,3,1,291,593,34,91,884,125,325,684,1009
198543,5,3,2,290,586,32,89,876,121,322,675,997
198543,5,3,5,1,7,2,2,8,4,3,9,12
198543,6,4,1,195,436,74,165,631,239,269,601,870
198543,6,4,2,180,383,63,133,563,196,243,516,759
198543,6,4,5,15,53,11,32,68,43,26,85,111
198543,7,999,1,416,1144,502,1090,1560,1592,918,2234,3152
198543,7,999,2,303,884,276,748,1187,1024,579,1632,2211
198543,7,999,5,113,260,226,342,373,568,339,602,941
198543,8,5,1,121,384,112,241,505,353,233,625,858
198543,8,5,2,101,319,77,182,420,259,178,501,679
198543,8,5,5,20,65,35,59,85,94,55,124,179
198543,9,6,1,99,244,112,217,343,329,211,461,672
198543,9,6,2,71,195,63,153,266,216,134,348,482
198543,9,6,5,28,49,49,64,77,113,77,113,190
198543,10,7,1,71,188,95,198,259,293,166,386,552
198543,10,7,2,48,148,48,133,196,181,96,281,377
198543,10,7,5,23,40,47,65,63,112,70,105,175
198543,11,8,1,82,231,137,285,313,422,219,516,735
198543,11,8,2,54,154,62,187,208,249,116,341,457
198543,11,8,5,28,77,75,98,105,173,103,175,278
198543,12,9,1,39,95,42,144,134,186,81,239,320
198543,12,9,2,26,66,23,90,92,113,49,156,205
198543,12,9,5,13,29,19,54,42,73,32,83,115
198543,13,10,1,4,2,4,5,6,9,8,7,15
198543,13,10,2,3,2,3,3,5,6,6,5,11
198543,13,10,5,1,0,1,2,1,3,2,2,4
198552,1,412,1,1143,1569,1604,3271,2712,4875,2747,4840,7587
198552,1,112,2,1143,1569,1604,3271,2712,4875,2747,4840,7587
198552,2,999,1,866,1102,1070,1858,1968,2928,1936,2960,4896
198552,2,999,2,866,1102,1070,1858,1968,2928,1936,2960,4896
198552,3,1,1,77,127,353,601,204,954,430,728,1158
198552,3,1,2,77,127,353,601,204,954,430,728,1158
198552,4,2,1,463,526,233,406,989,639,696,932,1628
198552,4,2,2,463,526,233,406,989,639,696,932,1628
198552,5,3,1,210,251,271,423,461,694,481,674,1155
198552,5,3,2,210,251,271,423,461,694,481,674,1155
198552,6,4,1,116,198,213,428,314,641,329,626,955
198552,6,4,2,116,198,213,428,314,641,329,626,955
198552,7,999,1,277,467,534,1413,744,1947,811,1880,2691
198552,7,999,2,277,467,534,1413,744,1947,811,1880,2691
198552,8,5,1,127,216,186,524,343,710,313,740,1053
198552,8,5,2,127,216,186,524,343,710,313,740,1053
198552,9,6,1,65,108,111,320,173,431,176,428,604
198552,9,6,2,65,108,111,320,173,431,176,428,604
198552,10,7,1,41,52,79,202,93,281,120,254,374
198552,10,7,2,41,52,79,202,93,281,120,254,374
198552,11,8,1,34,57,102,230,91,332,136,287,423
198552,11,8,2,34,57,102,230,91,332,136,287,423
198552,12,9,1,9,33,49,131,42,180,58,164,222
198552,12,9,2,9,33,49,131,42,180,58,164,222
198552,13,10,1,1,1,7,6,2,13,8,7,15
198552,13,10,2,1,1,7,6,2,13,8,7,15
198598,1,412,1,373,324,69,178,697,247,442,502,944
198598,1,112,2,358,275,49,111,633,160,407,386,793
198598,1,312,5,15,49,20,67,64,87,35,116,151
198598,2,999,1,337,253,31,68,590,99,368,321,689
198598,2,999,2,337,251,31,68,588,99,368,319,687
198598,2,999,5,0,2,0,0,2,0,0,2,2
198598,3,1,1,1,3,12,43,4,55,13,46,59
198598,3,1,2,1,3,12,43,4,55,13,46,59
198598,4,2,1,112,68,10,21,180,31,122,89,211
198598,4,2,2,112,68,10,21,180,31,122,89,211
198598,5,3,1,145,114,1,0,259,1,146,114,260
198598,5,3,2,145,114,1,0,259,1,146,114,260
198598,6,4,1,79,68,8,4,147,12,87,72,159
198598,6,4,2,79,66,8,4,145,12,87,70,157
198598,6,4,5,0,2,0,0,2,0,0,2,2
198598,7,999,1,36,71,38,110,107,148,74,181,255
198598,7,999,2,21,24,18,43,45,61,39,67,106
198598,7,999,5,15,47,20,67,62,87,35,114,149
198598,8,5,1,17,15,9,17,32,26,26,32,58
198598,8,5,2,14,6,6,10,20,16,20,16,36
198598,8,5,5,3,9,3,7,12,10,6,16,22
198598,9,6,1,9,24,13,40,33,53,22,64,86
198598,9,6,2,4,6,4,8,10,12,8,14,22
198598,9,6,5,5,18,9,32,23,41,14,50,64
198598,10,7,1,3,15,6,17,18,23,9,32,41
198598,10,7,2,1,4,1,6,5,7,2,10,12
198598,10,7,5,2,11,5,11,13,16,7,22,29
198598,11,8,1,6,11,7,19,17,26,13,30,43
198598,11,8,2,2,4,4,7,6,11,6,11,17
198598,11,8,5,4,7,3,12,11,15,7,19,26
198598,12,9,1,1,6,1,16,7,17,2,22,24
198598,12,9,2,0,4,1,11,4,12,1,15,16
198598,12,9,5,1,2,0,5,3,5,1,7,8
198598,13,10,1,0,0,2,1,0,3,2,1,3
198598,13,10,2,0,0,2,1,0,3,2,1,3
198622,1,412,1,1803,2343,2624,4051,4146,6675,4427,6394,10821
198622,1,112,2,1803,2343,2624,4051,4146,6675,4427,6394,10821
198622,2,999,1,1382,1555,1868,2362,2937,4230,3250,3917,7167
198622,2,999,2,1382,1555,1868,2362,2937,4230,3250,3917,7167
198622,3,1,1,109,206,671,931,315,1602,780,1137,1917
198622,3,1,2,109,206,671,931,315,1602,780,1137,1917
198622,4,2,1,684,621,520,512,1305,1032,1204,1133,2337
198622,4,2,2,684,621,520,512,1305,1032,1204,1133,2337
198622,5,3,1,345,374,380,449,719,829,725,823,1548
198622,5,3,2,345,374,380,449,719,829,725,823,1548
198622,6,4,1,244,354,297,470,598,767,541,824,1365
198622,6,4,2,244,354,297,470,598,767,541,824,1365
198622,7,999,1,421,788,756,1689,1209,2445,1177,2477,3654
198622,7,999,2,421,788,756,1689,1209,2445,1177,2477,3654
198622,8,5,1,192,310,272,568,502,840,464,878,1342
198622,8,5,2,192,310,272,568,502,840,464,878,1342
198622,9,6,1,109,178,165,364,287,529,274,542,816
198622,9,6,2,109,178,165,364,287,529,274,542,816
198622,10,7,1,53,102,103,240,155,343,156,342,498
198622,10,7,2,53,102,103,240,155,343,156,342,498
198622,11,8,1,52,142,144,317,194,461,196,459,655
198622,11,8,2,52,142,144,317,194,461,196,459,655
198622,12,9,1,14,55,70,188,69,258,84,243,327
198622,12,9,2,14,55,70,188,69,258,84,243,327
198622,13,10,1,1,1,2,12,2,14,3,13,16
198622,13,10,2,1,1,2,12,2,14,3,13,16
198668,1,412,1,230,313,287,610,543,897,517,923,1440
198668,1,112,2,230,313,287,610,543,897,517,923,1440
198668,2,999,1,186,192,229,346,378,575,415,538,953
198668,2,999,2,186,192,229,346,378,575,415,538,953
198668,3,1,1,12,22,136,210,34,346,148,232,380
198668,3,1,2,12,22,136,210,34,346,148,232,380
198668,4,2,1,106,99,48,53,205,101,154,152,306
198668,4,2,2,106,99,48,53,205,101,154,152,306
198668,5,3,1,50,48,29,38,98,67,79,86,165
198668,5,3,2,50,48,29,38,98,67,79,86,165
198668,6,4,1,18,23,16,45,41,61,34,68,102
198668,6,4,2,18,23,16,45,41,61,34,68,102
198668,7,999,1,44,121,58,264,165,322,102,385,487
198668,7,999,2,44,121,58,264,165,322,102,385,487
198668,8,5,1,22,43,20,75,65,95,42,118,160
198668,8,5,2,22,43,20,75,65,95,42,118,160
198668,9,6,1,8,24,11,69,32,80,19,93,112
198668,9,6,2,8,24,11,69,32,80,19,93,112
198668,10,7,1,6,19,10,37,25,47,16,56,72
198668,10,7,2,6,19,10,37,25,47,16,56,72
198668,11,8,1,5,23,11,57,28,68,16,80,96
198668,11,8,2,5,23,11,57,28,68,16,80,96
198668,12,9,1,3,11,5,25,14,30,8,36,44
198668,12,9,2,3,11,5,25,14,30,8,36,44
198668,13,10,1,0,1,1,1,1,2,1,2,3
198668,13,10,2,0,1,1,1,1,2,1,2,3
198710,1,412,1,289,427,452,874,716,1326,741,1301,2042
198710,1,112,2,289,427,452,874,716,1326,741,1301,2042
198710,2,999,1,239,355,347,622,594,969,586,977,1563
198710,2,999,2,239,355,347,622,594,969,586,977,1563
198710,3,1,1,58,103,203,403,161,606,261,506,767
198710,3,1,2,58,103,203,403,161,606,261,506,767
198710,4,2,1,115,182,61,100,297,161,176,282,458
198710,4,2,2,115,182,61,100,297,161,176,282,458
198710,5,3,1,45,47,49,60,92,109,94,107,201
198710,5,3,2,45,47,49,60,92,109,94,107,201
198710,6,4,1,21,23,34,59,44,93,55,82,137
198710,6,4,2,21,23,34,59,44,93,55,82,137
198710,7,999,1,50,72,105,252,122,357,155,324,479
198710,7,999,2,50,72,105,252,122,357,155,324,479
198710,8,5,1,23,28,29,70,51,99,52,98,150
198710,8,5,2,23,28,29,70,51,99,52,98,150
198710,9,6,1,8,14,10,43,22,53,18,57,75
198710,9,6,2,8,14,10,43,22,53,18,57,75
198710,10,7,1,6,9,17,41,15,58,23,50,73
198710,10,7,2,6,9,17,41,15,58,23,50,73
198710,11,8,1,10,17,26,60,27,86,36,77,113
198710,11,8,2,10,17,26,60,27,86,36,77,113
198710,12,9,1,3,4,20,36,7,56,23,40,63
198710,12,9,2,3,4,20,36,7,56,23,40,63
198710,13,10,1,0,0,3,2,0,5,3,2,5
198710,13,10,2,0,0,3,2,0,5,3,2,5
198756,1,412,1,451,791,29,35,1242,64,480,826,1306
198756,1,112,2,444,747,29,33,1191,62,473,780,1253
198756,1,312,5,7,44,0,2,51,2,7,46,53
198756,2,999,1,398,606,17,15,1004,32,415,621,1036
198756,2,999,2,394,592,17,14,986,31,411,606,1017
198756,2,999,5,4,14,0,1,18,1,4,15,19
198756,3,1,1,5,20,0,0,25,0,5,20,25
198756,3,1,2,5,20,0,0,25,0,5,20,25
198756,4,2,1,169,265,3,2,434,5,172,267,439
198756,4,2,2,169,265,3,2,434,5,172,267,439
198756,5,3,1,150,242,8,4,392,12,158,246,404
198756,5,3,2,150,240,8,4,390,12,158,244,402
198756,5,3,5,0,2,0,0,2,0,0,2,2
198756,6,4,1,74,79,6,9,153,15,80,88,168
198756,6,4,2,70,67,6,8,137,14,76,75,151
198756,6,4,5,4,12,0,1,16,1,4,13,17
198756,7,999,1,43,163,9,16,206,25,52,179,231
198756,7,999,2,40,133,9,15,173,24,49,148,197
198756,7,999,5,3,30,0,1,33,1,3,31,34
198756,8,5,1,15,55,6,5,70,11,21,60,81
198756,8,5,2,15,39,6,5,54,11,21,44,65
198756,8,5,5,0,16,0,0,16,0,0,16,16
198756,9,6,1,12,23,1,1,35,2,13,24,37
198756,9,6,2,10,21,1,1,31,2,11,22,33
198756,9,6,5,2,2,0,0,4,0,2,2,4
198756,10,7,1,8,22,2,1,30,3,10,23,33
198756,10,7,2,7,19,2,1,26,3,9,20,29
198756,10,7,5,1,3,0,0,4,0,1,3,4
198756,11,8,1,6,40,0,6,46,6,6,46,52
198756,11,8,2,6,35,0,6,41,6,6,41,47
198756,11,8,5,0,5,0,0,5,0,0,5,5
198756,12,9,1,2,23,0,2,25,2,2,25,27
198756,12,9,2,2,19,0,1,21,1,2,20,22
198756,12,9,5,0,4,0,1,4,1,0,5,5
198756,13,10,1,0,0,0,1,0,1,0,1,1
198756,13,10,2,0,0,0,1,0,1,0,1,1
198756,14,11,1,10,22,3,4,32,7,13,26,39
198756,14,11,2,10,22,3,4,32,7,13,26,39
198808,1,412,1,266,524,15,33,790,48,281,557,838
198808,1,112,2,264,524,15,33,788,48,279,557,836
198808,1,312,5,2,0,0,0,2,0,2,0,2
198808,2,999,1,246,429,1,7,675,8,247,436,683
198808,2,999,2,244,429,1,7,673,8,245,436,681
198808,2,999,5,2,0,0,0,2,0,2,0,2
198808,3,1,1,6,12,0,0,18,0,6,12,18
198808,3,1,2,6,12,0,0,18,0,6,12,18
198808,4,2,1,110,193,0,0,303,0,110,193,303
198808,4,2,2,110,193,0,0,303,0,110,193,303
198808,5,3,1,98,172,0,2,270,2,98,174,272
198808,5,3,2,97,172,0,2,269,2,97,174,271
198808,5,3,5,1,0,0,0,1,0,1,0,1
198808,6,4,1,32,52,1,5,84,6,33,57,90
198808,6,4,2,31,52,1,5,83,6,32,57,89
198808,6,4,5,1,0,0,0,1,0,1,0,1
198808,7,999,1,20,95,14,26,115,40,34,121,155
198808,7,999,2,20,95,14,26,115,40,34,121,155
198808,8,5,1,11,32,4,8,43,12,15,40,55
198808,8,5,2,11,32,4,8,43,12,15,40,55
198808,9,6,1,3,17,2,5,20,7,5,22,27
198808,9,6,2,3,17,2,5,20,7,5,22,27
198808,10,7,1,1,21,3,5,22,8,4,26,30
198808,10,7,2,1,21,3,5,22,8,4,26,30
198808,11,8,1,2,20,3,8,22,11,5,28,33
198808,11,8,2,2,20,3,8,22,11,5,28,33
198808,12,9,1,3,5,2,0,8,2,5,5,10
198808,12,9,2,3,5,2,0,8,2,5,5,10
198817,1,412,1,280,438,556,1087,718,1643,836,1525,2361
198817,1,112,2,280,438,556,1087,718,1643,836,1525,2361
198817,2,999,1,233,319,423,689,552,1112,656,1008,1664
198817,2,999,2,233,319,423,689,552,1112,656,1008,1664
198817,3,1,1,55,102,244,362,157,606,299,464,763
198817,3,1,2,55,102,244,362,157,606,299,464,763
198817,4,2,1,124,124,86,132,248,218,210,256,466
198817,4,2,2,124,124,86,132,248,218,210,256,466
198817,5,3,1,37,48,52,105,85,157,89,153,242
198817,5,3,2,37,48,52,105,85,157,89,153,242
198817,6,4,1,17,45,41,90,62,131,58,135,193
198817,6,4,2,17,45,41,90,62,131,58,135,193
198817,7,999,1,47,119,133,398,166,531,180,517,697
198817,7,999,2,47,119,133,398,166,531,180,517,697
198817,8,5,1,17,52,31,122,69,153,48,174,222
198817,8,5,2,17,52,31,122,69,153,48,174,222
198817,9,6,1,14,27,32,96,41,128,46,123,169
198817,9,6,2,14,27,32,96,41,128,46,123,169
198817,10,7,1,5,14,16,60,19,76,21,74,95
198817,10,7,2,5,14,16,60,19,76,21,74,95
198817,11,8,1,6,19,39,82,25,121,45,101,146
198817,11,8,2,6,19,39,82,25,121,45,101,146
198817,12,9,1,4,7,13,35,11,48,17,42,59
198817,12,9,2,4,7,13,35,11,48,17,42,59
198817,13,10,1,1,0,2,3,1,5,3,3,6
198817,13,10,2,1,0,2,3,1,5,3,3,6
198835,1,412,1,779,1326,163,418,2105,581,942,1744,2686
198835,1,112,2,666,900,69,148,1566,217,735,1048,1783
198835,1,312,5,113,426,94,270,539,364,207,696,903
198835,2,999,1,693,1076,76,176,1769,252,769,1252,2021
198835,2,999,2,644,869,61,122,1513,183,705,991,1696
198835,2,999,5,49,207,15,54,256,69,64,261,325
198835,3,1,1,19,35,47,50,54,97,66,85,151
198835,3,1,2,19,35,47,50,54,97,66,85,151
198835,4,2,1,310,442,7,27,752,34,317,469,786
198835,4,2,2,310,442,7,27,752,34,317,469,786
198835,5,3,1,250,315,0,31,565,31,250,346,596
198835,5,3,2,249,302,0,29,551,29,249,331,580
198835,5,3,5,1,13,0,2,14,2,1,15,16
198835,6,4,1,114,284,22,68,398,90,136,352,488
198835,6,4,2,66,90,7,16,156,23,73,106,179
198835,6,4,5,48,194,15,52,242,67,63,246,309
198835,7,999,1,86,250,86,242,336,328,172,492,664
198835,7,999,2,22,31,7,26,53,33,29,57,86
198835,7,999,5,64,219,79,216,283,295,143,435,578
198835,8,5,1,43,125,24,71,168,95,67,196,263
198835,8,5,2,12,15,1,9,27,10,13,24,37
198835,8,5,5,31,110,23,62,141,85,54,172,226
198835,9,6,1,19,39,19,54,58,73,38,93,131
198835,9,6,2,6,6,2,10,12,12,8,16,24
198835,9,6,5,13,33,17,44,46,61,30,77,107
198835,10,7,1,6,34,7,39,40,46,13,73,86
198835,10,7,2,3,5,1,3,8,4,4,8,12
198835,10,7,5,3,29,6,36,32,42,9,65,74
198835,11,8,1,9,29,24,47,38,71,33,76,109
198835,11,8,2,1,3,1,4,4,5,2,7,9
198835,11,8,5,8,26,23,43,34,66,31,69,100
198835,12,9,1,6,21,10,25,27,35,16,46,62
198835,12,9,2,0,2,2,0,2,2,2,2,4
198835,12,9,5,6,19,8,25,25,33,14,44,58
198835,13,10,1,3,2,2,6,5,8,5,8,13
198835,13,10,5,3,2,2,6,5,8,5,8,13
198835,14,11,1,0,0,1,0,0,1,1,0,1
198835,14,11,2,0,0,1,0,0,1,1,0,1
198862,1,412,1,432,406,2,5,838,7,434,411,845
198862,1,112,2,432,406,2,5,838,7,434,411,845
198862,2,999,1,405,368,1,3,773,4,406,371,777
198862,2,999,2,405,368,1,3,773,4,406,371,777
198862,3,1,1,9,3,0,0,12,0,9,3,12
198862,3,1,2,9,3,0,0,12,0,9,3,12
198862,4,2,1,159,148,1,0,307,1,160,148,308
198862,4,2,2,159,148,1,0,307,1,160,148,308
198862,5,3,1,166,154,0,0,320,0,166,154,320
198862,5,3,2,166,154,0,0,320,0,166,154,320
198862,6,4,1,71,63,0,3,134,3,71,66,137
198862,6,4,2,71,63,0,3,134,3,71,66,137
198862,7,999,1,27,38,1,2,65,3,28,40,68
198862,7,999,2,27,38,1,2,65,3,28,40,68
198862,8,5,1,12,28,1,1,40,2,13,29,42
198862,8,5,2,12,28,1,1,40,2,13,29,42
198862,9,6,1,2,4,0,0,6,0,2,4,6
198862,9,6,2,2,4,0,0,6,0,2,4,6
198862,10,7,1,1,2,0,0,3,0,1,2,3
198862,10,7,2,1,2,0,0,3,0,1,2,3
198862,11,8,1,7,2,0,0,9,0,7,2,9
198862,11,8,2,7,2,0,0,9,0,7,2,9
198862,12,9,1,5,2,0,1,7,1,5,3,8
198862,12,9,2,5,2,0,1,7,1,5,3,8
198905,1,412,1,66,155,289,434,221,723,355,589,944
198905,1,112,2,66,155,289,434,221,723,355,589,944
198905,2,999,1,53,117,262,382,170,644,315,499,814
198905,2,999,2,53,117,262,382,170,644,315,499,814
198905,3,1,1,13,37,176,275,50,451,189,312,501
198905,3,1,2,13,37,176,275,50,451,189,312,501
198905,4,2,1,27,38,58,61,65,119,85,99,184
198905,4,2,2,27,38,58,61,65,119,85,99,184
198905,5,3,1,7,25,18,26,32,44,25,51,76
198905,5,3,2,7,25,18,26,32,44,25,51,76
198905,6,4,1,6,17,10,20,23,30,16,37,53
198905,6,4,2,6,17,10,20,23,30,16,37,53
198905,7,999,1,13,38,27,52,51,79,40,90,130
198905,7,999,2,13,38,27,52,51,79,40,90,130
198905,8,5,1,3,18,14,12,21,26,17,30,47
198905,8,5,2,3,18,14,12,21,26,17,30,47
198905,9,6,1,4,9,8,17,13,25,12,26,38
198905,9,6,2,4,9,8,17,13,25,12,26,38
198905,10,7,1,0,2,1,5,2,6,1,7,8
198905,10,7,2,0,2,1,5,2,6,1,7,8
198905,11,8,1,4,7,3,10,11,13,7,17,24
198905,11,8,2,4,7,3,10,11,13,7,17,24
198905,12,9,1,2,2,0,6,4,6,2,8,10
198905,12,9,2,2,2,0,6,4,6,2,8,10
198905,13,10,1,0,0,1,2,0,3,1,2,3
198905,13,10,2,0,0,1,2,0,3,1,2,3
198923,1,412,1,110,160,292,486,270,778,402,646,1048
198923,1,112,2,110,160,292,486,270,778,402,646,1048
198923,2,999,1,80,113,248,328,193,576,328,441,769
198923,2,999,2,80,113,248,328,193,576,328,441,769
198923,3,1,1,10,34,190,212,44,402,200,246,446
198923,3,1,2,10,34,190,212,44,402,200,246,446
198923,4,2,1,48,49,35,47,97,82,83,96,179
198923,4,2,2,48,49,35,47,97,82,83,96,179
198923,5,3,1,16,14,13,43,30,56,29,57,86
198923,5,3,2,16,14,13,43,30,56,29,57,86
198923,6,4,1,6,16,10,26,22,36,16,42,58
198923,6,4,2,6,16,10,26,22,36,16,42,58
198923,7,999,1,30,47,44,158,77,202,74,205,279
198923,7,999,2,30,47,44,158,77,202,74,205,279
198923,8,5,1,14,17,13,56,31,69,27,73,100
198923,8,5,2,14,17,13,56,31,69,27,73,100
198923,9,6,1,3,12,12,38,15,50,15,50,65
198923,9,6,2,3,12,12,38,15,50,15,50,65
198923,10,7,1,2,7,7,22,9,29,9,29,38
198923,10,7,2,2,7,7,22,9,29,9,29,38
198923,11,8,1,9,9,10,29,18,39,19,38,57
198923,11,8,2,9,9,10,29,18,39,19,38,57
198923,12,9,1,2,2,1,12,4,13,3,14,17
198923,12,9,2,2,2,1,12,4,13,3,14,17
198923,13,10,1,0,0,1,1,0,2,1,1,2
198923,13,10,2,0,0,1,1,0,2,1,1,2
198950,1,412,1,8,1584,21,189,1592,210,29,1773,1802
198950,1,112,2,0,1468,1,52,1468,53,1,1520,1521
198950,1,312,5,8,116,20,137,124,157,28,253,281
198950,2,999,1,2,1489,5,78,1491,83,7,1567,1574
198950,2,999,2,0,1420,1,34,1420,35,1,1454,1455
198950,2,999,5,2,69,4,44,71,48,6,113,119
198950,3,1,1,0,53,0,0,53,0,0,53,53
198950,3,1,2,0,53,0,0,53,0,0,53,53
198950,4,2,1,0,654,0,3,654,3,0,657,657
198950,4,2,2,0,654,0,3,654,3,0,657,657
198950,5,3,1,0,620,1,18,620,19,1,638,639
198950,5,3,2,0,615,1,15,615,16,1,630,631
198950,5,3,5,0,5,0,3,5,3,0,8,8
198950,6,4,1,2,162,4,57,164,61,6,219,225
198950,6,4,2,0,98,0,16,98,16,0,114,114
198950,6,4,5,2,64,4,41,66,45,6,105,111
198950,7,999,1,6,95,16,110,101,126,22,205,227
198950,7,999,2,0,48,0,17,48,17,0,65,65
198950,7,999,5,6,47,16,93,53,109,22,140,162
198950,8,5,1,2,48,4,38,50,42,6,86,92
198950,8,5,2,0,20,0,2,20,2,0,22,22
198950,8,5,5,2,28,4,36,30,40,6,64,70
198950,9,6,1,0,22,4,21,22,25,4,43,47
198950,9,6,2,0,12,0,4,12,4,0,16,16
198950,9,6,5,0,10,4,17,10,21,4,27,31
198950,10,7,1,4,11,1,17,15,18,5,28,33
198950,10,7,2,0,9,0,3,9,3,0,12,12
198950,10,7,5,4,2,1,14,6,15,5,16,21
198950,11,8,1,0,12,5,27,12,32,5,39,44
198950,11,8,2,0,6,0,6,6,6,0,12,12
198950,11,8,5,0,6,5,21,6,26,5,27,32
198950,12,9,1,0,2,2,7,2,9,2,9,11
198950,12,9,2,0,1,0,2,1,2,0,3,3
198950,12,9,5,0,1,2,5,1,7,2,6,8
198950,14,11,1,0,0,0,1,0,1,0,1,1
198950,14,11,2,0,0,0,1,0,1,0,1,1
198969,1,412,1,800,793,72,108,1593,180,872,901,1773
198969,1,112,2,704,592,66,64,1296,130,770,656,1426
198969,1,312,5,96,201,6,44,297,50,102,245,347
198969,2,999,1,639,571,24,31,1210,55,663,602,1265
198969,2,999,2,610,472,23,17,1082,40,633,489,1122
198969,2,999,5,29,99,1,14,128,15,30,113,143
198969,3,1,1,0,2,0,0,2,0,0,2,2
198969,3,1,2,0,2,0,0,2,0,0,2,2
198969,4,2,1,297,202,4,2,499,6,301,204,505
198969,4,2,2,297,202,4,2,499,6,301,204,505
198969,5,3,1,225,193,3,2,418,5,228,195,423
198969,5,3,2,225,192,3,2,417,5,228,194,422
198969,5,3,5,0,1,0,0,1,0,0,1,1
198969,6,4,1,117,174,17,27,291,44,134,201,335
198969,6,4,2,88,76,16,13,164,29,104,89,193
198969,6,4,5,29,98,1,14,127,15,30,112,142
198969,7,999,1,161,222,48,77,383,125,209,299,508
198969,7,999,2,94,120,43,47,214,90,137,167,304
198969,7,999,5,67,102,5,30,169,35,72,132,204
198969,8,5,1,85,118,17,29,203,46,102,147,249
198969,8,5,2,37,41,16,15,78,31,53,56,109
198969,8,5,5,48,77,1,14,125,15,49,91,140
198969,9,6,1,40,50,15,18,90,33,55,68,123
198969,9,6,2,27,35,13,9,62,22,40,44,84
198969,9,6,5,13,15,2,9,28,11,15,24,39
198969,10,7,1,12,28,5,14,40,19,17,42,59
198969,10,7,2,8,20,5,9,28,14,13,29,42
198969,10,7,5,4,8,0,5,12,5,4,13,17
198969,11,8,1,20,19,8,9,39,17,28,28,56
198969,11,8,2,19,18,7,8,37,15,26,26,52
198969,11,8,5,1,1,1,1,2,2,2,2,4
198969,12,9,1,4,7,3,7,11,10,7,14,21
198969,12,9,2,3,6,2,6,9,8,5,12,17
198969,12,9,5,1,1,1,1,2,2,2,2,4
198987,1,412,1,341,555,951,1526,896,2477,1292,2081,3373
198987,1,112,2,341,555,951,1526,896,2477,1292,2081,3373
198987,2,999,1,299,461,817,1222,760,2039,1116,1683,2799
198987,2,999,2,299,461,817,1222,760,2039,1116,1683,2799
198987,3,1,1,21,59,488,812,80,1300,509,871,1380
198987,3,1,2,21,59,488,812,80,1300,509,871,1380
198987,4,2,1,179,280,175,172,459,347,354,452,806
198987,4,2,2,179,280,175,172,459,347,354,452,806
198987,5,3,1,71,83,99,131,154,230,170,214,384
198987,5,3,2,71,83,99,131,154,230,170,214,384
198987,6,4,1,28,39,55,107,67,162,83,146,229
198987,6,4,2,28,39,55,107,67,162,83,146,229
198987,7,999,1,42,94,134,304,136,438,176,398,574
198987,7,999,2,42,94,134,304,136,438,176,398,574
198987,8,5,1,29,39,39,107,68,146,68,146,214
198987,8,5,2,29,39,39,107,68,146,68,146,214
198987,9,6,1,8,22,35,72,30,107,43,94,137
198987,9,6,2,8,22,35,72,30,107,43,94,137
198987,10,7,1,2,16,25,45,18,70,27,61,88
198987,10,7,2,2,16,25,45,18,70,27,61,88
198987,11,8,1,1,12,23,57,13,80,24,69,93
198987,11,8,2,1,12,23,57,13,80,24,69,93
198987,12,9,1,1,5,10,22,6,32,11,27,38
198987,12,9,2,1,5,10,22,6,32,11,27,38
198987,13,10,1,1,0,2,1,1,3,3,1,4
198987,13,10,2,1,0,2,1,1,3,3,1,4
199102,1,412,1,4289,6545,862,1057,10834,1919,5151,7602,12753
199102,1,112,2,3936,5997,576,621,9933,1197,4512,6618,11130
199102,1,312,5,353,548,286,436,901,722,639,984,1623
199102,2,999,1,3717,5865,376,420,9582,796,4093,6285,10378
199102,2,999,2,3615,5652,349,367,9267,716,3964,6019,9983
199102,2,999,5,102,213,27,53,315,80,129,266,395
199102,3,1,1,167,258,66,32,425,98,233,290,523
199102,3,1,2,167,258,66,32,425,98,233,290,523
199102,4,2,1,1427,2566,52,90,3993,142,1479,2656,4135
199102,4,2,2,1427,2566,52,90,3993,142,1479,2656,4135
199102,5,3,1,1338,2219,108,122,3557,230,1446,2341,3787
199102,5,3,2,1327,2189,107,121,3516,228,1434,2310,3744
199102,5,3,5,11,30,1,1,41,2,12,31,43
199102,6,4,1,785,822,150,176,1607,326,935,998,1933
199102,6,4,2,694,639,124,124,1333,248,818,763,1581
199102,6,4,5,91,183,26,52,274,78,117,235,352
199102,7,999,1,572,680,486,637,1252,1123,1058,1317,2375
199102,7,999,2,321,345,227,254,666,481,548,599,1147
199102,7,999,5,251,335,259,383,586,642,510,718,1228
199102,8,5,1,299,373,150,181,672,331,449,554,1003
199102,8,5,2,175,198,85,78,373,163,260,276,536
199102,8,5,5,124,175,65,103,299,168,189,278,467
199102,9,6,1,129,119,113,145,248,258,242,264,506
199102,9,6,2,69,63,45,60,132,105,114,123,237
199102,9,6,5,60,56,68,85,116,153,128,141,269
199102,10,7,1,70,66,77,91,136,168,147,157,304
199102,10,7,2,29,24,39,36,53,75,68,60,128
199102,10,7,5,41,42,38,55,83,93,79,97,176
199102,11,8,1,54,87,103,130,141,233,157,217,374
199102,11,8,2,35,43,41,48,78,89,76,91,167
199102,11,8,5,19,44,62,82,63,144,81,126,207
199102,12,9,1,19,35,40,83,54,123,59,118,177
199102,12,9,2,13,17,16,30,30,46,29,47,76
199102,12,9,5,6,18,24,53,24,77,30,71,101
199102,13,10,1,1,0,3,7,1,10,4,7,11
199102,13,10,2,0,0,1,2,0,3,1,2,3
199102,13,10,5,1,0,2,5,1,7,3,5,8
199111,1,412,1,1224,1646,226,267,2870,493,1450,1913,3363
199111,1,112,2,1224,1646,225,263,2870,488,1449,1909,3358
199111,1,312,5,0,0,1,4,0,5,1,4,5
199111,2,999,1,1055,1519,105,115,2574,220,1160,1634,2794
199111,2,999,2,1055,1519,105,115,2574,220,1160,1634,2794
199111,3,1,1,25,36,3,3,61,6,28,39,67
199111,3,1,2,25,36,3,3,61,6,28,39,67
199111,4,2,1,436,673,8,9,1109,17,444,682,1126
199111,4,2,2,436,673,8,9,1109,17,444,682,1126
199111,5,3,1,392,625,30,42,1017,72,422,667,1089
199111,5,3,2,392,625,30,42,1017,72,422,667,1089
199111,6,4,1,202,185,64,61,387,125,266,246,512
199111,6,4,2,202,185,64,61,387,125,266,246,512
199111,7,999,1,169,127,121,152,296,273,290,279,569
199111,7,999,2,169,127,120,148,296,268,289,275,564
199111,7,999,5,0,0,1,4,0,5,1,4,5
199111,8,5,1,97,78,49,48,175,97,146,126,272
199111,8,5,2,97,78,49,48,175,97,146,126,272
199111,9,6,1,41,26,25,30,67,55,66,56,122
199111,9,6,2,41,26,25,29,67,54,66,55,121
199111,9,6,5,0,0,0,1,0,1,0,1,1
199111,10,7,1,15,16,15,20,31,35,30,36,66
199111,10,7,2,15,16,15,19,31,34,30,35,65
199111,10,7,5,0,0,0,1,0,1,0,1,1
199111,11,8,1,12,3,19,18,15,37,31,21,52
199111,11,8,2,12,3,18,18,15,36,30,21,51
199111,11,8,5,0,0,1,0,0,1,1,0,1
199111,12,9,1,3,4,7,18,7,25,10,22,32
199111,12,9,2,3,4,7,16,7,23,10,20,30
199111,12,9,5,0,0,0,2,0,2,0,2,2
199111,13,10,1,1,0,6,18,1,24,7,18,25
199111,13,10,2,1,0,6,18,1,24,7,18,25
199120,1,412,1,10060,15137,2279,2616,25197,4895,12339,17753,30092
199120,1,112,2,7367,11138,417,473,18505,890,7784,11611,19395
199120,1,312,5,2693,3999,1862,2143,6692,4005,4555,6142,10697
199120,2,999,1,8119,12792,509,657,20911,1166,8628,13449,22077
199120,2,999,2,7163,10943,325,386,18106,711,7488,11329,18817
199120,2,999,5,956,1849,184,271,2805,455,1140,2120,3260
199120,3,1,1,196,410,34,25,606,59,230,435,665
199120,3,1,2,196,410,34,25,606,59,230,435,665
199120,4,2,1,3309,5179,46,81,8488,127,3355,5260,8615
199120,4,2,2,3307,5175,46,81,8482,127,3353,5256,8609
199120,4,2,5,2,4,0,0,6,0,2,4,6
199120,5,3,1,3270,5027,135,191,8297,326,3405,5218,8623
199120,5,3,2,3214,4899,127,185,8113,312,3341,5084,8425
199120,5,3,5,56,128,8,6,184,14,64,134,198
199120,6,4,1,1344,2176,294,360,3520,654,1638,2536,4174
199120,6,4,2,446,459,118,95,905,213,564,554,1118
199120,6,4,5,898,1717,176,265,2615,441,1074,1982,3056
199120,7,999,1,1941,2345,1770,1959,4286,3729,3711,4304,8015
199120,7,999,2,204,195,92,87,399,179,296,282,578
199120,7,999,5,1737,2150,1678,1872,3887,3550,3415,4022,7437
199120,8,5,1,1210,1593,712,859,2803,1571,1922,2452,4374
199120,8,5,2,136,124,44,29,260,73,180,153,333
199120,8,5,5,1074,1469,668,830,2543,1498,1742,2299,4041
199120,9,6,1,471,428,506,483,899,989,977,911,1888
199120,9,6,2,45,39,17,14,84,31,62,53,115
199120,9,6,5,426,389,489,469,815,958,915,858,1773
199120,10,7,1,145,171,278,264,316,542,423,435,858
199120,10,7,2,9,15,11,12,24,23,20,27,47
199120,10,7,5,136,156,267,252,292,519,403,408,811
199120,11,8,1,98,113,200,259,211,459,298,372,670
199120,11,8,2,12,12,12,20,24,32,24,32,56
199120,11,8,5,86,101,188,239,187,427,274,340,614
199120,12,9,1,15,40,68,91,55,159,83,131,214
199120,12,9,2,2,5,7,12,7,19,9,17,26
199120,12,9,5,13,35,61,79,48,140,74,114,188
199120,13,10,1,2,0,6,3,2,9,8,3,11
199120,13,10,2,0,0,1,0,0,1,1,0,1
199120,13,10,5,2,0,5,3,2,8,7,3,10
199139,1,412,1,12304,11371,2922,3549,23675,6471,15226,14920,30146
199139,1,112,2,11177,9927,1696,1375,21104,3071,12873,11302,24175
199139,1,312,5,1127,1444,1226,2174,2571,3400,2353,3618,5971
199139,2,999,1,10631,9848,1243,1106,20479,2349,11874,10954,22828
199139,2,999,2,10172,9223,1042,742,19395,1784,11214,9965,21179
199139,2,999,5,459,625,201,364,1084,565,660,989,1649
199139,3,1,1,186,222,90,85,408,175,276,307,583
199139,3,1,2,186,222,90,85,408,175,276,307,583
199139,4,2,1,3735,3582,120,81,7317,201,3855,3663,7518
199139,4,2,2,3735,3580,120,81,7315,201,3855,3661,7516
199139,4,2,5,0,2,0,0,2,0,0,2,2
199139,5,3,1,4058,3971,294,217,8029,511,4352,4188,8540
199139,5,3,2,4032,3903,288,201,7935,489,4320,4104,8424
199139,5,3,5,26,68,6,16,94,22,32,84,116
199139,6,4,1,2652,2073,739,723,4725,1462,3391,2796,6187
199139,6,4,2,2219,1518,544,375,3737,919,2763,1893,4656
199139,6,4,5,433,555,195,348,988,543,628,903,1531
199139,7,999,1,1673,1523,1679,2443,3196,4122,3352,3966,7318
199139,7,999,2,1005,704,654,633,1709,1287,1659,1337,2996
199139,7,999,5,668,819,1025,1810,1487,2835,1693,2629,4322
199139,8,5,1,1075,874,674,838,1949,1512,1749,1712,3461
199139,8,5,2,682,428,325,233,1110,558,1007,661,1668
199139,8,5,5,393,446,349,605,839,954,742,1051,1793
199139,9,6,1,364,285,394,480,649,874,758,765,1523
199139,9,6,2,202,123,158,134,325,292,360,257,617
199139,9,6,5,162,162,236,346,324,582,398,508,906
199139,10,7,1,132,153,266,339,285,605,398,492,890
199139,10,7,2,75,77,80,87,152,167,155,164,319
199139,10,7,5,57,76,186,252,133,438,243,328,571
199139,11,8,1,73,143,241,513,216,754,314,656,970
199139,11,8,2,30,56,61,114,86,175,91,170,261
199139,11,8,5,43,87,180,399,130,579,223,486,709
199139,12,9,1,29,65,96,266,94,362,125,331,456
199139,12,9,2,16,19,25,64,35,89,41,83,124
199139,12,9,5,13,46,71,202,59,273,84,248,332
199139,13,10,1,0,3,8,7,3,15,8,10,18
199139,13,10,2,0,1,5,1,1,6,5,2,7
199139,13,10,5,0,2,3,6,2,9,3,8,11
199148,1,412,1,4955,10143,1460,3206,15098,4666,6415,13349,19764
199148,1,112,2,4449,8942,842,1762,13391,2604,5291,10704,15995
199148,1,312,5,506,1201,618,1444,1707,2062,1124,2645,3769
199148,2,999,1,4001,8565,434,834,12566,1268,4435,9399,13834
199148,2,999,2,3855,8068,392,699,11923,1091,4247,8767,13014
199148,2,999,5,146,497,42,135,643,177,188,632,820
199148,3,1,1,119,283,47,66,402,113,166,349,515
199148,3,1,2,119,283,47,66,402,113,166,349,515
199148,4,2,1,1425,3210,27,74,4635,101,1452,3284,4736
199148,4,2,2,1425,3209,27,74,4634,101,1452,3283,4735
199148,4,2,5,0,1,0,0,1,0,0,1,1
199148,5,3,1,1453,3311,98,199,4764,297,1551,3510,5061
199148,5,3,2,1444,3268,97,190,4712,287,1541,3458,4999
199148,5,3,5,9,43,1,9,52,10,10,52,62
199148,6,4,1,1004,1761,262,495,2765,757,1266,2256,3522
199148,6,4,2,867,1308,221,369,2175,590,1088,1677,2765
199148,6,4,5,137,453,41,126,590,167,178,579,757
199148,7,999,1,954,1578,1026,2372,2532,3398,1980,3950,5930
199148,7,999,2,594,874,450,1063,1468,1513,1044,1937,2981
199148,7,999,5,360,704,576,1309,1064,1885,936,2013,2949
199148,8,5,1,514,766,319,606,1280,925,833,1372,2205
199148,8,5,2,358,441,186,292,799,478,544,733,1277
199148,8,5,5,156,325,133,314,481,447,289,639,928
199148,9,6,1,241,310,241,455,551,696,482,765,1247
199148,9,6,2,137,171,102,220,308,322,239,391,630
199148,9,6,5,104,139,139,235,243,374,243,374,617
199148,10,7,1,109,195,148,403,304,551,257,598,855
199148,10,7,2,53,103,51,170,156,221,104,273,377
199148,10,7,5,56,92,97,233,148,330,153,325,478
199148,11,8,1,69,233,213,596,302,809,282,829,1111
199148,11,8,2,35,122,77,239,157,316,112,361,473
199148,11,8,5,34,111,136,357,145,493,170,468,638
199148,12,9,1,20,69,98,298,89,396,118,367,485
199148,12,9,2,10,34,32,137,44,169,42,171,213
199148,12,9,5,10,35,66,161,45,227,76,196,272
199148,13,10,1,1,5,7,14,6,21,8,19,27
199148,13,10,2,1,3,2,5,4,7,3,8,11
199148,13,10,5,0,2,5,9,2,14,5,11,16
199157,1,412,1,1869,4438,462,1309,6307,1771,2331,5747,8078
199157,1,112,2,1526,3436,299,806,4962,1105,1825,4242,6067
199157,1,312,5,343,1002,163,503,1345,666,506,1505,2011
199157,2,999,1,1496,3440,222,469,4936,691,1718,3909,5627
199157,2,999,2,1376,3022,204,408,4398,612,1580,3430,5010
199157,2,999,5,120,418,18,61,538,79,138,479,617
199157,3,1,1,93,239,104,161,332,265,197,400,597
199157,3,1,2,93,239,104,161,332,265,197,400,597
199157,4,2,1,592,1332,9,38,1924,47,601,1370,1971
199157,4,2,2,592,1332,9,38,1924,47,601,1370,1971
199157,5,3,1,475,1073,34,93,1548,127,509,1166,1675
199157,5,3,2,466,1038,34,93,1504,127,500,1131,1631
199157,5,3,5,9,35,0,0,44,0,9,35,44
199157,6,4,1,336,796,75,177,1132,252,411,973,1384
199157,6,4,2,225,413,57,116,638,173,282,529,811
199157,6,4,5,111,383,18,61,494,79,129,444,573
199157,7,999,1,373,998,240,840,1371,1080,613,1838,2451
199157,7,999,2,150,414,95,398,564,493,245,812,1057
199157,7,999,5,223,584,145,442,807,587,368,1026,1394
199157,8,5,1,164,461,79,249,625,328,243,710,953
199157,8,5,2,71,177,25,117,248,142,96,294,390
199157,8,5,5,93,284,54,132,377,186,147,416,563
199157,9,6,1,90,198,47,177,288,224,137,375,512
199157,9,6,2,35,88,20,90,123,110,55,178,233
199157,9,6,5,55,110,27,87,165,114,82,197,279
199157,10,7,1,48,117,34,124,165,158,82,241,323
199157,10,7,2,13,55,18,65,68,83,31,120,151
199157,10,7,5,35,62,16,59,97,75,51,121,172
199157,11,8,1,46,145,50,176,191,226,96,321,417
199157,11,8,2,23,65,20,70,88,90,43,135,178
199157,11,8,5,23,80,30,106,103,136,53,186,239
199157,12,9,1,23,73,29,107,96,136,52,180,232
199157,12,9,2,7,26,11,52,33,63,18,78,96
199157,12,9,5,16,47,18,55,63,73,34,102,136
199157,13,10,1,2,4,1,7,6,8,3,11,14
199157,13,10,2,1,3,1,4,4,5,2,7,9
199157,13,10,5,1,1,0,3,2,3,1,4,5
199184,1,412,1,421,617,15,17,1038,32,436,634,1070
199184,1,112,2,354,536,15,15,890,30,369,551,920
199184,1,312,5,67,81,0,2,148,2,67,83,150
199184,2,999,1,376,555,8,12,931,20,384,567,951
199184,2,999,2,345,527,8,12,872,20,353,539,892
199184,2,999,5,31,28,0,0,59,0,31,28,59
199184,3,1,1,7,17,0,0,24,0,7,17,24
199184,3,1,2,7,17,0,0,24,0,7,17,24
199184,4,2,1,143,261,2,1,404,3,145,262,407
199184,4,2,2,143,261,2,1,404,3,145,262,407
199184,5,3,1,152,219,3,6,371,9,155,225,380
199184,5,3,2,151,218,3,6,369,9,154,224,378
199184,5,3,5,1,1,0,0,2,0,1,1,2
199184,6,4,1,74,58,3,5,132,8,77,63,140
199184,6,4,2,44,31,3,5,75,8,47,36,83
199184,6,4,5,30,27,0,0,57,0,30,27,57
199184,7,999,1,45,62,7,5,107,12,52,67,119
199184,7,999,2,9,9,7,3,18,10,16,12,28
199184,7,999,5,36,53,0,2,89,2,36,55,91
199184,8,5,1,33,38,2,2,71,4,35,40,75
199184,8,5,2,8,6,2,1,14,3,10,7,17
199184,8,5,5,25,32,0,1,57,1,25,33,58
199184,9,6,1,4,12,3,2,16,5,7,14,21
199184,9,6,2,0,2,3,1,2,4,3,3,6
199184,9,6,5,4,10,0,1,14,1,4,11,15
199184,10,7,1,4,7,1,1,11,2,5,8,13
199184,10,7,2,1,1,1,1,2,2,2,2,4
199184,10,7,5,3,6,0,0,9,0,3,6,9
199184,11,8,1,3,4,0,0,7,0,3,4,7
199184,11,8,5,3,4,0,0,7,0,3,4,7
199184,12,9,1,1,1,1,0,2,1,2,1,3
199184,12,9,2,0,0,1,0,0,1,1,0,1
199184,12,9,5,1,1,0,0,2,0,1,1,2
199193,1,412,1,14236,14078,4245,3483,28314,7728,18481,17561,36042
199193,1,112,2,11665,11264,1873,1348,22929,3221,13538,12612,26150
199193,1,312,5,2571,2814,2372,2135,5385,4507,4943,4949,9892
199193,2,999,1,12421,12386,1628,1211,24807,2839,14049,13597,27646
199193,2,999,2,11234,10996,1353,933,22230,2286,12587,11929,24516
199193,2,999,5,1187,1390,275,278,2577,553,1462,1668,3130
199193,3,1,1,305,393,145,98,698,243,450,491,941
199193,3,1,2,305,393,145,97,698,242,450,490,940
199193,3,1,5,0,0,0,1,0,1,0,1,1
199193,4,2,1,4655,4985,298,213,9640,511,4953,5198,10151
199193,4,2,2,4655,4984,298,213,9639,511,4953,5197,10150
199193,4,2,5,0,1,0,0,1,0,0,1,1
199193,5,3,1,5061,5007,433,331,10068,764,5494,5338,10832
199193,5,3,2,4996,4871,426,319,9867,745,5422,5190,10612
199193,5,3,5,65,136,7,12,201,19,72,148,220
199193,6,4,1,2400,2001,752,569,4401,1321,3152,2570,5722
199193,6,4,2,1278,748,484,304,2026,788,1762,1052,2814
199193,6,4,5,1122,1253,268,265,2375,533,1390,1518,2908
199193,7,999,1,1815,1692,2617,2272,3507,4889,4432,3964,8396
199193,7,999,2,431,268,520,415,699,935,951,683,1634
199193,7,999,5,1384,1424,2097,1857,2808,3954,3481,3281,6762
199193,8,5,1,1175,1077,1028,921,2252,1949,2203,1998,4201
199193,8,5,2,255,159,216,181,414,397,471,340,811
199193,8,5,5,920,918,812,740,1838,1552,1732,1658,3390
199193,9,6,1,379,321,671,509,700,1180,1050,830,1880
199193,9,6,2,92,59,114,96,151,210,206,155,361
199193,9,6,5,287,262,557,413,549,970,844,675,1519
199193,10,7,1,138,151,362,281,289,643,500,432,932
199193,10,7,2,40,23,68,48,63,116,108,71,179
199193,10,7,5,98,128,294,233,226,527,392,361,753
199193,11,8,1,97,106,386,389,203,775,483,495,978
199193,11,8,2,37,20,80,56,57,136,117,76,193
199193,11,8,5,60,86,306,333,146,639,366,419,785
199193,12,9,1,25,37,165,167,62,332,190,204,394
199193,12,9,2,7,7,41,31,14,72,48,38,86
199193,12,9,5,18,30,124,136,48,260,142,166,308
199193,13,10,1,1,0,5,5,1,10,6,5,11
199193,13,10,2,0,0,1,3,0,4,1,3,4
199193,13,10,5,1,0,4,2,1,6,5,2,7
199218,1,412,1,4912,8314,1338,3351,13226,4689,6250,11665,17915
199218,1,112,2,4561,7428,729,1932,11989,2661,5290,9360,14650
199218,1,312,5,351,886,609,1419,1237,2028,960,2305,3265
199218,2,999,1,4253,7123,510,767,11376,1277,4763,7890,12653
199218,2,999,2,4117,6761,428,591,10878,1019,4545,7352,11897
199218,2,999,5,136,362,82,176,498,258,218,538,756
199218,3,1,1,97,231,22,19,328,41,119,250,369
199218,3,1,2,97,231,22,19,328,41,119,250,369
199218,4,2,1,1528,2809,57,70,4337,127,1585,2879,4464
199218,4,2,2,1528,2809,57,70,4337,127,1585,2879,4464
199218,5,3,1,1703,2925,129,170,4628,299,1832,3095,4927
199218,5,3,2,1692,2884,124,165,4576,289,1816,3049,4865
199218,5,3,5,11,41,5,5,52,10,16,46,62
199218,6,4,1,925,1158,302,508,2083,810,1227,1666,2893
199218,6,4,2,800,837,225,337,1637,562,1025,1174,2199
199218,6,4,5,125,321,77,171,446,248,202,492,694
199218,7,999,1,659,1191,828,2584,1850,3412,1487,3775,5262
199218,7,999,2,444,667,301,1341,1111,1642,745,2008,2753
199218,7,999,5,215,524,527,1243,739,1770,742,1767,2509
199218,8,5,1,378,563,305,756,941,1061,683,1319,2002
199218,8,5,2,280,338,138,410,618,548,418,748,1166
199218,8,5,5,98,225,167,346,323,513,265,571,836
199218,9,6,1,137,248,181,532,385,713,318,780,1098
199218,9,6,2,92,146,68,296,238,364,160,442,602
199218,9,6,5,45,102,113,236,147,349,158,338,496
199218,10,7,1,65,147,113,396,212,509,178,543,721
199218,10,7,2,32,84,30,204,116,234,62,288,350
199218,10,7,5,33,63,83,192,96,275,116,255,371
199218,11,8,1,58,174,154,600,232,754,212,774,986
199218,11,8,2,30,76,40,289,106,329,70,365,435
199218,11,8,5,28,98,114,311,126,425,142,409,551
199218,12,9,1,21,58,72,291,79,363,93,349,442
199218,12,9,2,10,23,23,135,33,158,33,158,191
199218,12,9,5,11,35,49,156,46,205,60,191,251
199218,13,10,1,0,1,3,9,1,12,3,10,13
199218,13,10,2,0,0,2,7,0,9,2,7,9
199218,13,10,5,0,1,1,2,1,3,1,3,4
199281,1,412,1,2064,3465,923,1810,5529,2733,2987,5275,8262
199281,1,112,2,1906,3039,497,994,4945,1491,2403,4033,6436
199281,1,312,5,158,426,426,816,584,1242,584,1242,1826
199281,2,999,1,1649,2553,268,418,4202,686,1917,2971,4888
199281,2,999,2,1604,2420,217,312,4024,529,1821,2732,4553
199281,2,999,5,45,133,51,106,178,157,96,239,335
199281,3,1,1,44,119,3,7,163,10,47,126,173
199281,3,1,2,44,119,3,7,163,10,47,126,173
199281,4,2,1,605,942,41,50,1547,91,646,992,1638
199281,4,2,2,605,942,41,50,1547,91,646,992,1638
199281,5,3,1,605,945,84,99,1550,183,689,1044,1733
199281,5,3,2,602,931,80,95,1533,175,682,1026,1708
199281,5,3,5,3,14,4,4,17,8,7,18,25
199281,6,4,1,395,547,140,262,942,402,535,809,1344
199281,6,4,2,353,428,93,160,781,253,446,588,1034
199281,6,4,5,42,119,47,102,161,149,89,221,310
199281,7,999,1,415,912,655,1392,1327,2047,1070,2304,3374
199281,7,999,2,302,619,280,682,921,962,582,1301,1883
199281,7,999,5,113,293,375,710,406,1085,488,1003,1491
199281,8,5,1,161,322,195,343,483,538,356,665,1021
199281,8,5,2,121,219,80,148,340,228,201,367,568
199281,8,5,5,40,103,115,195,143,310,155,298,453
199281,9,6,1,96,201,143,280,297,423,239,481,720
199281,9,6,2,72,134,64,131,206,195,136,265,401
199281,9,6,5,24,67,79,149,91,228,103,216,319
199281,10,7,1,66,145,118,235,211,353,184,380,564
199281,10,7,2,48,100,49,121,148,170,97,221,318
199281,10,7,5,18,45,69,114,63,183,87,159,246
199281,11,8,1,71,167,148,364,238,512,219,531,750
199281,11,8,2,45,111,69,180,156,249,114,291,405
199281,11,8,5,26,56,79,184,82,263,105,240,345
199281,12,9,1,19,74,50,166,93,216,69,240,309
199281,12,9,2,15,52,18,99,67,117,33,151,184
199281,12,9,5,4,22,32,67,26,99,36,89,125
199281,13,10,1,2,3,1,4,5,5,3,7,10
199281,13,10,2,1,3,0,3,4,3,1,6,7
199281,13,10,5,1,0,1,1,1,2,2,1,3
199306,1,412,1,328,556,107,194,884,301,435,750,1185
199306,1,112,2,305,464,16,27,769,43,321,491,812
199306,1,312,5,23,92,91,167,115,258,114,259,373
199306,2,999,1,299,464,16,26,763,42,315,490,805
199306,2,999,2,294,430,4,5,724,9,298,435,733
199306,2,999,5,5,34,12,21,39,33,17,55,72
199306,3,1,1,6,12,0,0,18,0,6,12,18
199306,3,1,2,6,12,0,0,18,0,6,12,18
199306,4,2,1,117,206,0,1,323,1,117,207,324
199306,4,2,2,117,206,0,1,323,1,117,207,324
199306,5,3,1,138,185,1,2,323,3,139,187,326
199306,5,3,2,138,182,1,0,320,1,139,182,321
199306,5,3,5,0,3,0,2,3,2,0,5,5
199306,6,4,1,38,61,15,23,99,38,53,84,137
199306,6,4,2,33,30,3,4,63,7,36,34,70
199306,6,4,5,5,31,12,19,36,31,17,50,67
199306,7,999,1,29,92,91,168,121,259,120,260,380
199306,7,999,2,11,34,12,22,45,34,23,56,79
199306,7,999,5,18,58,79,146,76,225,97,204,301
199306,8,5,1,17,43,29,37,60,66,46,80,126
199306,8,5,2,7,9,3,5,16,8,10,14,24
199306,8,5,5,10,34,26,32,44,58,36,66,102
199306,9,6,1,4,11,16,28,15,44,20,39,59
199306,9,6,2,1,5,3,2,6,5,4,7,11
199306,9,6,5,3,6,13,26,9,39,16,32,48
199306,10,7,1,3,15,14,30,18,44,17,45,62
199306,10,7,2,0,8,3,3,8,6,3,11,14
199306,10,7,5,3,7,11,27,10,38,14,34,48
199306,11,8,1,3,14,23,50,17,73,26,64,90
199306,11,8,2,1,9,2,8,10,10,3,17,20
199306,11,8,5,2,5,21,42,7,63,23,47,70
199306,12,9,1,2,9,9,22,11,31,11,31,42
199306,12,9,2,2,3,1,4,5,5,3,7,10
199306,12,9,5,0,6,8,18,6,26,8,24,32
199306,13,10,1,0,0,0,1,0,1,0,1,1
199306,13,10,5,0,0,0,1,0,1,0,1,1
199412,1,412,1,564,1093,188,493,1657,681,752,1586,2338
199412,1,112,2,519,1016,39,96,1535,135,558,1112,1670
199412,1,312,5,45,77,149,397,122,546,194,474,668
199412,2,999,1,489,895,34,68,1384,102,523,963,1486
199412,2,999,2,477,885,15,29,1362,44,492,914,1406
199412,2,999,5,12,10,19,39,22,58,31,49,80
199412,3,1,1,4,13,0,1,17,1,4,14,18
199412,3,1,2,4,13,0,1,17,1,4,14,18
199412,4,2,1,182,358,2,3,540,5,184,361,545
199412,4,2,2,182,358,2,3,540,5,184,361,545
199412,5,3,1,213,382,5,10,595,15,218,392,610
199412,5,3,2,213,381,5,9,594,14,218,390,608
199412,5,3,5,0,1,0,1,1,1,0,2,2
199412,6,4,1,90,142,27,54,232,81,117,196,313
199412,6,4,2,78,133,8,16,211,24,86,149,235
199412,6,4,5,12,9,19,38,21,57,31,47,78
199412,7,999,1,75,198,154,425,273,579,229,623,852
199412,7,999,2,42,131,24,67,173,91,66,198,264
199412,7,999,5,33,67,130,358,100,488,163,425,588
199412,8,5,1,34,87,46,110,121,156,80,197,277
199412,8,5,2,25,70,8,14,95,22,33,84,117
199412,8,5,5,9,17,38,96,26,134,47,113,160
199412,9,6,1,16,33,32,81,49,113,48,114,162
199412,9,6,2,9,22,7,11,31,18,16,33,49
199412,9,6,5,7,11,25,70,18,95,32,81,113
199412,10,7,1,10,24,29,70,34,99,39,94,133
199412,10,7,2,2,16,3,11,18,14,5,27,32
199412,10,7,5,8,8,26,59,16,85,34,67,101
199412,11,8,1,10,38,30,119,48,149,40,157,197
199412,11,8,2,6,20,2,23,26,25,8,43,51
199412,11,8,5,4,18,28,96,22,124,32,114,146
199412,12,9,1,3,16,16,43,19,59,19,59,78
199412,12,9,2,0,3,4,8,3,12,4,11,15
199412,12,9,5,3,13,12,35,16,47,15,48,63
199412,13,10,1,2,0,1,2,2,3,3,2,5
199412,13,10,5,2,0,1,2,2,3,3,2,5
199494,1,412,1,840,1303,1642,3324,2143,4966,2482,4627,7109
199494,1,112,2,840,1303,1642,3324,2143,4966,2482,4627,7109
199494,2,999,1,684,975,1310,2315,1659,3625,1994,3290,5284
199494,2,999,2,684,975,1310,2315,1659,3625,1994,3290,5284
199494,3,1,1,110,234,751,1355,344,2106,861,1589,2450
199494,3,1,2,110,234,751,1355,344,2106,861,1589,2450
199494,4,2,1,336,422,263,401,758,664,599,823,1422
199494,4,2,2,336,422,263,401,758,664,599,823,1422
199494,5,3,1,163,184,153,293,347,446,316,477,793
199494,5,3,2,163,184,153,293,347,446,316,477,793
199494,6,4,1,75,135,143,266,210,409,218,401,619
199494,6,4,2,75,135,143,266,210,409,218,401,619
199494,7,999,1,156,328,332,1009,484,1341,488,1337,1825
199494,7,999,2,156,328,332,1009,484,1341,488,1337,1825
199494,8,5,1,60,129,101,311,189,412,161,440,601
199494,8,5,2,60,129,101,311,189,412,161,440,601
199494,9,6,1,46,72,68,241,118,309,114,313,427
199494,9,6,2,46,72,68,241,118,309,114,313,427
199494,10,7,1,23,51,52,172,74,224,75,223,298
199494,10,7,2,23,51,52,172,74,224,75,223,298
199494,11,8,1,20,66,72,184,86,256,92,250,342
199494,11,8,2,20,66,72,184,86,256,92,250,342
199494,12,9,1,7,10,39,98,17,137,46,108,154
199494,12,9,2,7,10,39,98,17,137,46,108,154
199494,13,10,1,0,0,0,3,0,3,0,3,3
199494,13,10,2,0,0,0,3,0,3,0,3,3
199607,1,412,1,4,379,20,233,383,253,24,612,636
199607,1,112,2,4,374,6,108,378,114,10,482,492
199607,1,312,5,0,5,14,125,5,139,14,130,144
199607,2,999,1,1,358,0,52,359,52,1,410,411
199607,2,999,2,1,357,0,38,358,38,1,395,396
199607,2,999,5,0,1,0,14,1,14,0,15,15
199607,3,1,1,0,9,0,26,9,26,0,35,35
199607,3,1,2,0,9,0,26,9,26,0,35,35
199607,4,2,1,0,159,0,4,159,4,0,163,163
199607,4,2,2,0,159,0,4,159,4,0,163,163
199607,5,3,1,0,160,0,1,160,1,0,161,161
199607,5,3,2,0,160,0,0,160,0,0,160,160
199607,5,3,5,0,0,0,1,0,1,0,1,1
199607,6,4,1,1,30,0,21,31,21,1,51,52
199607,6,4,2,1,29,0,8,30,8,1,37,38
199607,6,4,5,0,1,0,13,1,13,0,14,14
199607,7,999,1,3,21,20,178,24,198,23,199,222
199607,7,999,2,3,17,6,68,20,74,9,85,94
199607,7,999,5,0,4,14,110,4,124,14,114,128
199607,8,5,1,2,8,7,57,10,64,9,65,74
199607,8,5,2,2,7,1,19,9,20,3,26,29
199607,8,5,5,0,1,6,38,1,44,6,39,45
199607,9,6,1,0,3,2,33,3,35,2,36,38
199607,9,6,2,0,3,1,9,3,10,1,12,13
199607,9,6,5,0,0,1,24,0,25,1,24,25
199607,10,7,1,0,4,5,23,4,28,5,27,32
199607,10,7,2,0,3,3,12,3,15,3,15,18
199607,10,7,5,0,1,2,11,1,13,2,12,14
199607,11,8,1,1,4,5,35,5,40,6,39,45
199607,11,8,2,1,2,1,10,3,11,2,12,14
199607,11,8,5,0,2,4,25,2,29,4,27,31
199607,12,9,1,0,1,1,27,1,28,1,28,29
199607,12,9,2,0,1,0,16,1,16,0,17,17
199607,12,9,5,0,0,1,11,0,12,1,11,12
199607,13,10,1,0,1,0,3,1,3,0,4,4
199607,13,10,2,0,1,0,2,1,2,0,3,3
199607,13,10,5,0,0,0,1,0,1,0,1,1
199607,14,11,1,0,0,0,3,0,3,0,3,3
199607,14,11,2,0,0,0,2,0,2,0,2,2
199607,14,11,5,0,0,0,1,0,1,0,1,1
199689,1,412,1,7,135,2,24,142,26,9,159,168
199689,1,112,2,7,135,2,24,142,26,9,159,168
199689,2,999,1,4,74,0,15,78,15,4,89,93
199689,2,999,2,4,74,0,15,78,15,4,89,93
199689,3,1,1,0,1,0,0,1,0,0,1,1
199689,3,1,2,0,1,0,0,1,0,0,1,1
199689,4,2,1,1,23,0,1,24,1,1,24,25
199689,4,2,2,1,23,0,1,24,1,1,24,25
199689,5,3,1,1,23,0,7,24,7,1,30,31
199689,5,3,2,1,23,0,7,24,7,1,30,31
199689,6,4,1,2,27,0,7,29,7,2,34,36
199689,6,4,2,2,27,0,7,29,7,2,34,36
199689,7,999,1,3,61,2,9,64,11,5,70,75
199689,7,999,2,3,61,2,9,64,11,5,70,75
199689,8,5,1,3,22,1,6,25,7,4,28,32
199689,8,5,2,3,22,1,6,25,7,4,28,32
199689,9,6,1,0,23,1,1,23,2,1,24,25
199689,9,6,2,0,23,1,1,23,2,1,24,25
199689,10,7,1,0,11,0,1,11,1,0,12,12
199689,10,7,2,0,11,0,1,11,1,0,12,12
199689,11,8,1,0,5,0,1,5,1,0,6,6
199689,11,8,2,0,5,0,1,5,1,0,6,6
199731,1,412,1,236,407,609,1007,643,1616,845,1414,2259
199731,1,112,2,236,407,609,1007,643,1616,845,1414,2259
199731,2,999,1,166,267,494,678,433,1172,660,945,1605
199731,2,999,2,166,267,494,678,433,1172,660,945,1605
199731,3,1,1,30,37,243,322,67,565,273,359,632
199731,3,1,2,30,37,243,322,67,565,273,359,632
199731,4,2,1,59,111,134,134,170,268,193,245,438
199731,4,2,2,59,111,134,134,170,268,193,245,438
199731,5,3,1,49,63,68,122,112,190,117,185,302
199731,5,3,2,49,63,68,122,112,190,117,185,302
199731,6,4,1,28,56,49,100,84,149,77,156,233
199731,6,4,2,28,56,49,100,84,149,77,156,233
199731,7,999,1,70,140,115,329,210,444,185,469,654
199731,7,999,2,70,140,115,329,210,444,185,469,654
199731,8,5,1,24,51,46,97,75,143,70,148,218
199731,8,5,2,24,51,46,97,75,143,70,148,218
199731,9,6,1,22,34,22,75,56,97,44,109,153
199731,9,6,2,22,34,22,75,56,97,44,109,153
199731,10,7,1,6,21,18,52,27,70,24,73,97
199731,10,7,2,6,21,18,52,27,70,24,73,97
199731,11,8,1,13,23,15,72,36,87,28,95,123
199731,11,8,2,13,23,15,72,36,87,28,95,123
199731,12,9,1,4,11,12,33,15,45,16,44,60
199731,12,9,2,4,11,12,33,15,45,16,44,60
199731,13,10,1,1,0,2,0,1,2,3,0,3
199731,13,10,2,1,0,2,0,1,2,3,0,3
199740,1,412,1,118,331,525,1458,449,1983,643,1789,2432
199740,1,112,2,118,331,525,1458,449,1983,643,1789,2432
199740,2,999,1,90,215,341,846,305,1187,431,1061,1492
199740,2,999,2,90,215,341,846,305,1187,431,1061,1492
199740,3,1,1,12,24,166,413,36,579,178,437,615
199740,3,1,2,12,24,166,413,36,579,178,437,615
199740,4,2,1,44,96,91,179,140,270,135,275,410
199740,4,2,2,44,96,91,179,140,270,135,275,410
199740,5,3,1,24,54,43,128,78,171,67,182,249
199740,5,3,2,24,54,43,128,78,171,67,182,249
199740,6,4,1,10,41,41,126,51,167,51,167,218
199740,6,4,2,10,41,41,126,51,167,51,167,218
199740,7,999,1,28,116,184,612,144,796,212,728,940
199740,7,999,2,28,116,184,612,144,796,212,728,940
199740,8,5,1,9,53,63,178,62,241,72,231,303
199740,8,5,2,9,53,63,178,62,241,72,231,303
199740,9,6,1,8,28,37,148,36,185,45,176,221
199740,9,6,2,8,28,37,148,36,185,45,176,221
199740,10,7,1,3,14,28,111,17,139,31,125,156
199740,10,7,2,3,14,28,111,17,139,31,125,156
199740,11,8,1,7,16,42,126,23,168,49,142,191
199740,11,8,2,7,16,42,126,23,168,49,142,191
199740,12,9,1,1,5,12,47,6,59,13,52,65
199740,12,9,2,1,5,12,47,6,59,13,52,65
199740,13,10,1,0,0,2,2,0,4,2,2,4
199740,13,10,2,0,0,2,2,0,4,2,2,4
199768,1,412,1,422,647,703,1331,1069,2034,1125,1978,3103
199768,1,112,2,422,647,703,1331,1069,2034,1125,1978,3103
199768,2,999,1,373,500,616,987,873,1603,989,1487,2476
199768,2,999,2,373,500,616,987,873,1603,989,1487,2476
199768,3,1,1,25,52,317,505,77,822,342,557,899
199768,3,1,2,25,52,317,505,77,822,342,557,899
199768,4,2,1,237,267,152,217,504,369,389,484,873
199768,4,2,2,237,267,152,217,504,369,389,484,873
199768,5,3,1,88,121,89,146,209,235,177,267,444
199768,5,3,2,88,121,89,146,209,235,177,267,444
199768,6,4,1,23,60,58,119,83,177,81,179,260
199768,6,4,2,23,60,58,119,83,177,81,179,260
199768,7,999,1,49,147,87,344,196,431,136,491,627
199768,7,999,2,49,147,87,344,196,431,136,491,627
199768,8,5,1,20,57,32,116,77,148,52,173,225
199768,8,5,2,20,57,32,116,77,148,52,173,225
199768,9,6,1,13,31,22,82,44,104,35,113,148
199768,9,6,2,13,31,22,82,44,104,35,113,148
199768,10,7,1,5,24,8,46,29,54,13,70,83
199768,10,7,2,5,24,8,46,29,54,13,70,83
199768,11,8,1,7,25,18,58,32,76,25,83,108
199768,11,8,2,7,25,18,58,32,76,25,83,108
199768,12,9,1,4,9,7,39,13,46,11,48,59
199768,12,9,2,4,9,7,39,13,46,11,48,59
199768,13,10,1,0,1,0,3,1,3,0,4,4
199768,13,10,2,0,1,0,3,1,3,0,4,4
199795,1,412,1,162,265,225,339,427,564,387,604,991
199795,1,112,2,162,265,225,339,427,564,387,604,991
199795,2,999,1,132,205,201,257,337,458,333,462,795
199795,2,999,2,132,205,201,257,337,458,333,462,795
199795,3,1,1,59,112,131,169,171,300,190,281,471
199795,3,1,2,59,112,131,169,171,300,190,281,471
199795,4,2,1,42,58,40,40,100,80,82,98,180
199795,4,2,2,42,58,40,40,100,80,82,98,180
199795,5,3,1,18,17,18,25,35,43,36,42,78
199795,5,3,2,18,17,18,25,35,43,36,42,78
199795,6,4,1,13,18,12,23,31,35,25,41,66
199795,6,4,2,13,18,12,23,31,35,25,41,66
199795,7,999,1,30,60,24,82,90,106,54,142,196
199795,7,999,2,30,60,24,82,90,106,54,142,196
199795,8,5,1,12,18,2,27,30,29,14,45,59
199795,8,5,2,12,18,2,27,30,29,14,45,59
199795,9,6,1,4,11,6,15,15,21,10,26,36
199795,9,6,2,4,11,6,15,15,21,10,26,36
199795,10,7,1,4,11,3,11,15,14,7,22,29
199795,10,7,2,4,11,3,11,15,14,7,22,29
199795,11,8,1,8,13,8,13,21,21,16,26,42
199795,11,8,2,8,13,8,13,21,21,16,26,42
199795,12,9,1,2,6,5,16,8,21,7,22,29
199795,12,9,2,2,6,5,16,8,21,7,22,29
199795,13,10,1,0,1,0,0,1,0,0,1,1
199795,13,10,2,0,1,0,0,1,0,0,1,1
199847,1,412,1,3750,4300,264,475,8050,739,4014,4775,8789
199847,1,112,2,2478,2889,41,33,5367,74,2519,2922,5441
199847,1,312,5,1272,1411,223,442,2683,665,1495,1853,3348
199847,2,999,1,2930,3462,42,76,6392,118,2972,3538,6510
199847,2,999,2,2476,2887,36,31,5363,67,2512,2918,5430
199847,2,999,5,454,575,6,45,1029,51,460,620,1080
199847,3,1,1,1,2,0,0,3,0,1,2,3
199847,3,1,2,1,2,0,0,3,0,1,2,3
199847,4,2,1,801,1086,2,1,1887,3,803,1087,1890
199847,4,2,2,801,1086,2,1,1887,3,803,1087,1890
199847,5,3,1,1249,1409,9,10,2658,19,1258,1419,2677
199847,5,3,2,1246,1398,9,8,2644,17,1255,1406,2661
199847,5,3,5,3,11,0,2,14,2,3,13,16
199847,6,4,1,879,965,31,65,1844,96,910,1030,1940
199847,6,4,2,428,401,25,22,829,47,453,423,876
199847,6,4,5,451,564,6,43,1015,49,457,607,1064
199847,7,999,1,820,838,222,399,1658,621,1042,1237,2279
199847,7,999,2,2,2,5,2,4,7,7,4,11
199847,7,999,5,818,836,217,397,1654,614,1035,1233,2268
199847,8,5,1,548,630,61,118,1178,179,609,748,1357
199847,8,5,2,2,2,3,2,4,5,5,4,9
199847,8,5,5,546,628,58,116,1174,174,604,744,1348
199847,9,6,1,155,123,55,78,278,133,210,201,411
199847,9,6,2,0,0,1,0,0,1,1,0,1
199847,9,6,5,155,123,54,78,278,132,209,201,410
199847,10,7,1,58,44,43,62,102,105,101,106,207
199847,10,7,2,0,0,1,0,0,1,1,0,1
199847,10,7,5,58,44,42,62,102,104,100,106,206
199847,11,8,1,46,25,46,88,71,134,92,113,205
199847,11,8,5,46,25,46,88,71,134,92,113,205
199847,12,9,1,13,14,15,49,27,64,28,63,91
199847,12,9,5,13,14,15,49,27,64,28,63,91
199847,13,10,1,0,2,2,4,2,6,2,6,8
199847,13,10,5,0,2,2,4,2,6,2,6,8
199856,1,412,1,3336,3608,6100,8716,6944,14816,9436,12324,21760
199856,1,112,2,3336,3608,6100,8716,6944,14816,9436,12324,21760
199856,2,999,1,2631,2587,4166,5050,5218,9216,6797,7637,14434
199856,2,999,2,2631,2587,4166,5050,5218,9216,6797,7637,14434
199856,3,1,1,88,174,655,1227,262,1882,743,1401,2144
199856,3,1,2,88,174,655,1227,262,1882,743,1401,2144
199856,4,2,1,1444,1375,1447,1395,2819,2842,2891,2770,5661
199856,4,2,2,1444,1375,1447,1395,2819,2842,2891,2770,5661
199856,5,3,1,724,667,1182,1263,1391,2445,1906,1930,3836
199856,5,3,2,724,667,1182,1263,1391,2445,1906,1930,3836
199856,6,4,1,375,371,882,1165,746,2047,1257,1536,2793
199856,6,4,2,375,371,882,1165,746,2047,1257,1536,2793
199856,7,999,1,705,1021,1934,3666,1726,5600,2639,4687,7326
199856,7,999,2,705,1021,1934,3666,1726,5600,2639,4687,7326
199856,8,5,1,324,436,788,1222,760,2010,1112,1658,2770
199856,8,5,2,324,436,788,1222,760,2010,1112,1658,2770
199856,9,6,1,168,223,443,782,391,1225,611,1005,1616
199856,9,6,2,168,223,443,782,391,1225,611,1005,1616
199856,10,7,1,91,137,250,548,228,798,341,685,1026
199856,10,7,2,91,137,250,548,228,798,341,685,1026
199856,11,8,1,91,165,314,752,256,1066,405,917,1322
199856,11,8,2,91,165,314,752,256,1066,405,917,1322
199856,12,9,1,29,60,130,349,89,479,159,409,568
199856,12,9,2,29,60,130,349,89,479,159,409,568
199856,13,10,1,2,0,9,13,2,22,11,13,24
199856,13,10,2,2,0,9,13,2,22,11,13,24
199865,1,412,1,214,474,7,8,688,15,221,482,703
199865,1,112,2,197,422,3,3,619,6,200,425,625
199865,1,312,5,17,52,4,5,69,9,21,57,78
199865,2,999,1,185,408,1,2,593,3,186,410,596
199865,2,999,2,185,406,1,2,591,3,186,408,594
199865,2,999,5,0,2,0,0,2,0,0,2,2
199865,3,1,1,2,11,0,0,13,0,2,11,13
199865,3,1,2,2,11,0,0,13,0,2,11,13
199865,4,2,1,90,194,0,0,284,0,90,194,284
199865,4,2,2,90,194,0,0,284,0,90,194,284
199865,5,3,1,65,163,0,0,228,0,65,163,228
199865,5,3,2,65,163,0,0,228,0,65,163,228
199865,6,4,1,28,40,1,2,68,3,29,42,71
199865,6,4,2,28,38,1,2,66,3,29,40,69
199865,6,4,5,0,2,0,0,2,0,0,2,2
199865,7,999,1,29,65,6,6,94,12,35,71,106
199865,7,999,2,12,16,2,1,28,3,14,17,31
199865,7,999,5,17,49,4,5,66,9,21,54,75
199865,8,5,1,11,19,1,1,30,2,12,20,32
199865,8,5,2,9,10,1,0,19,1,10,10,20
199865,8,5,5,2,9,0,1,11,1,2,10,12
199865,9,6,1,11,16,3,2,27,5,14,18,32
199865,9,6,2,2,3,1,0,5,1,3,3,6
199865,9,6,5,9,13,2,2,22,4,11,15,26
199865,10,7,1,5,7,0,2,12,2,5,9,14
199865,10,7,2,1,0,0,1,1,1,1,1,2
199865,10,7,5,4,7,0,1,11,1,4,8,12
199865,11,8,1,2,9,0,1,11,1,2,10,12
199865,11,8,2,0,2,0,0,2,0,0,2,2
199865,11,8,5,2,7,0,1,9,1,2,8,10
199865,12,9,1,0,11,2,0,11,2,2,11,13
199865,12,9,2,0,1,0,0,1,0,0,1,1
199865,12,9,5,0,10,2,0,10,2,2,10,12
199865,13,10,1,0,3,0,0,3,0,0,3,3
199865,13,10,5,0,3,0,0,3,0,0,3,3
199865,14,11,1,0,1,0,0,1,0,0,1,1
199865,14,11,5,0,1,0,0,1,0,0,1,1
199908,1,412,1,218,377,388,809,595,1197,606,1186,1792
199908,1,112,2,218,377,388,809,595,1197,606,1186,1792
199908,2,999,1,181,280,308,580,461,888,489,860,1349
199908,2,999,2,181,280,308,580,461,888,489,860,1349
199908,3,1,1,38,80,149,282,118,431,187,362,549
199908,3,1,2,38,80,149,282,118,431,187,362,549
199908,4,2,1,88,112,66,125,200,191,154,237,391
199908,4,2,2,88,112,66,125,200,191,154,237,391
199908,5,3,1,39,52,59,86,91,145,98,138,236
199908,5,3,2,39,52,59,86,91,145,98,138,236
199908,6,4,1,16,36,34,87,52,121,50,123,173
199908,6,4,2,16,36,34,87,52,121,50,123,173
199908,7,999,1,37,97,80,229,134,309,117,326,443
199908,7,999,2,37,97,80,229,134,309,117,326,443
199908,8,5,1,19,47,23,80,66,103,42,127,169
199908,8,5,2,19,47,23,80,66,103,42,127,169
199908,9,6,1,6,26,16,47,32,63,22,73,95
199908,9,6,2,6,26,16,47,32,63,22,73,95
199908,10,7,1,2,12,9,27,14,36,11,39,50
199908,10,7,2,2,12,9,27,14,36,11,39,50
199908,11,8,1,8,5,14,45,13,59,22,50,72
199908,11,8,2,8,5,14,45,13,59,22,50,72
199908,12,9,1,2,7,12,25,9,37,14,32,46
199908,12,9,2,2,7,12,25,9,37,14,32,46
199908,13,10,1,0,0,6,5,0,11,6,5,11
199908,13,10,2,0,0,6,5,0,11,6,5,11
199926,1,412,1,402,536,577,920,938,1497,979,1456,2435
199926,1,112,2,402,536,577,920,938,1497,979,1456,2435
199926,2,999,1,341,449,543,753,790,1296,884,1202,2086
199926,2,999,2,341,449,543,753,790,1296,884,1202,2086
199926,3,1,1,35,60,376,495,95,871,411,555,966
199926,3,1,2,35,60,376,495,95,871,411,555,966
199926,4,2,1,205,248,89,119,453,208,294,367,661
199926,4,2,2,205,248,89,119,453,208,294,367,661
199926,5,3,1,70,89,52,79,159,131,122,168,290
199926,5,3,2,70,89,52,79,159,131,122,168,290
199926,6,4,1,31,52,26,60,83,86,57,112,169
199926,6,4,2,31,52,26,60,83,86,57,112,169
199926,7,999,1,61,87,34,166,148,200,95,253,348
199926,7,999,2,61,87,34,166,148,200,95,253,348
199926,8,5,1,24,38,10,51,62,61,34,89,123
199926,8,5,2,24,38,10,51,62,61,34,89,123
199926,9,6,1,17,21,6,35,38,41,23,56,79
199926,9,6,2,17,21,6,35,38,41,23,56,79
199926,10,7,1,9,11,4,25,20,29,13,36,49
199926,10,7,2,9,11,4,25,20,29,13,36,49
199926,11,8,1,9,15,9,37,24,46,18,52,70
199926,11,8,2,9,15,9,37,24,46,18,52,70
199926,12,9,1,2,2,5,18,4,23,7,20,27
199926,12,9,2,2,2,5,18,4,23,7,20,27
199926,14,11,1,0,0,0,1,0,1,0,1,1
199926,14,11,2,0,0,0,1,0,1,0,1,1
199953,1,412,1,151,262,409,1040,413,1449,560,1302,1862
199953,1,112,2,151,262,409,1040,413,1449,560,1302,1862
199953,2,999,1,117,148,352,669,265,1021,469,817,1286
199953,2,999,2,117,148,352,669,265,1021,469,817,1286
199953,3,1,1,7,10,202,431,17,633,209,441,650
199953,3,1,2,7,10,202,431,17,633,209,441,650
199953,4,2,1,65,67,80,120,132,200,145,187,332
199953,4,2,2,65,67,80,120,132,200,145,187,332
199953,5,3,1,27,48,32,54,75,86,59,102,161
199953,5,3,2,27,48,32,54,75,86,59,102,161
199953,6,4,1,18,23,38,64,41,102,56,87,143
199953,6,4,2,18,23,38,64,41,102,56,87,143
199953,7,999,1,34,114,57,371,148,428,91,485,576
199953,7,999,2,34,114,57,371,148,428,91,485,576
199953,8,5,1,9,49,16,110,58,126,25,159,184
199953,8,5,2,9,49,16,110,58,126,25,159,184
199953,9,6,1,10,32,7,88,42,95,17,120,137
199953,9,6,2,10,32,7,88,42,95,17,120,137
199953,10,7,1,3,15,12,54,18,66,15,69,84
199953,10,7,2,3,15,12,54,18,66,15,69,84
199953,11,8,1,9,17,19,77,26,96,28,94,122
199953,11,8,2,9,17,19,77,26,96,28,94,122
199953,12,9,1,3,1,3,39,4,42,6,40,46
199953,12,9,2,3,1,3,39,4,42,6,40,46
199953,13,10,1,0,0,0,3,0,3,0,3,3
199953,13,10,2,0,0,0,3,0,3,0,3,3
199999,1,412,1,1073,3280,171,645,4353,816,1244,3925,5169
199999,1,112,2,1012,3021,124,532,4033,656,1136,3553,4689
199999,1,312,5,61,259,47,113,320,160,108,372,480
199999,2,999,1,943,2872,62,173,3815,235,1005,3045,4050
199999,2,999,2,932,2779,57,163,3711,220,989,2942,3931
199999,2,999,5,11,93,5,10,104,15,16,103,119
199999,3,1,1,29,134,0,2,163,2,29,136,165
199999,3,1,2,29,134,0,2,163,2,29,136,165
199999,4,2,1,383,1332,6,23,1715,29,389,1355,1744
199999,4,2,2,383,1332,6,23,1715,29,389,1355,1744
199999,5,3,1,350,993,17,59,1343,76,367,1052,1419
199999,5,3,2,349,989,17,59,1338,76,366,1048,1414
199999,5,3,5,1,4,0,0,5,0,1,4,5
199999,6,4,1,181,413,39,89,594,128,220,502,722
199999,6,4,2,171,324,34,79,495,113,205,403,608
199999,6,4,5,10,89,5,10,99,15,15,99,114
199999,7,999,1,130,408,109,472,538,581,239,880,1119
199999,7,999,2,80,242,67,369,322,436,147,611,758
199999,7,999,5,50,166,42,103,216,145,92,269,361
199999,8,5,1,75,169,38,114,244,152,113,283,396
199999,8,5,2,42,98,23,95,140,118,65,193,258
199999,8,5,5,33,71,15,19,104,34,48,90,138
199999,9,6,1,26,88,21,94,114,115,47,182,229
199999,9,6,2,17,60,17,89,77,106,34,149,183
199999,9,6,5,9,28,4,5,37,9,13,33,46
199999,10,7,1,15,63,18,71,78,89,33,134,167
199999,10,7,2,11,38,12,57,49,69,23,95,118
199999,10,7,5,4,25,6,14,29,20,10,39,49
199999,11,8,1,9,69,18,122,78,140,27,191,218
199999,11,8,2,6,39,8,83,45,91,14,122,136
199999,11,8,5,3,30,10,39,33,49,13,69,82
199999,12,9,1,5,18,13,70,23,83,18,88,106
199999,12,9,2,4,7,6,44,11,50,10,51,61
199999,12,9,5,1,11,7,26,12,33,8,37,45
199999,13,10,1,0,1,1,1,1,2,1,2,3
199999,13,10,2,0,0,1,1,0,2,1,1,2
199999,13,10,5,0,1,0,0,1,0,0,1,1
200004,1,412,1,4255,5379,989,1620,9634,2609,5244,6999,12243
200004,1,112,2,3979,4781,704,1053,8760,1757,4683,5834,10517
200004,1,312,5,276,598,285,567,874,852,561,1165,1726
200004,2,999,1,3732,4609,263,314,8341,577,3995,4923,8918
200004,2,999,2,3627,4367,238,244,7994,482,3865,4611,8476
200004,2,999,5,105,242,25,70,347,95,130,312,442
200004,3,1,1,52,133,6,7,185,13,58,140,198
200004,3,1,2,52,133,6,7,185,13,58,140,198
200004,4,2,1,1501,1947,37,47,3448,84,1538,1994,3532
200004,4,2,2,1501,1945,37,46,3446,83,1538,1991,3529
200004,4,2,5,0,2,0,1,2,1,0,3,3
200004,5,3,1,1539,1851,60,87,3390,147,1599,1938,3537
200004,5,3,2,1534,1835,59,84,3369,143,1593,1919,3512
200004,5,3,5,5,16,1,3,21,4,6,19,25
200004,6,4,1,640,678,160,173,1318,333,800,851,1651
200004,6,4,2,540,454,136,107,994,243,676,561,1237
200004,6,4,5,100,224,24,66,324,90,124,290,414
200004,7,999,1,523,770,726,1306,1293,2032,1249,2076,3325
200004,7,999,2,352,414,466,809,766,1275,818,1223,2041
200004,7,999,5,171,356,260,497,527,757,431,853,1284
200004,8,5,1,236,316,168,308,552,476,404,624,1028
200004,8,5,2,164,171,118,182,335,300,282,353,635
200004,8,5,5,72,145,50,126,217,176,122,271,393
200004,9,6,1,118,190,175,266,308,441,293,456,749
200004,9,6,2,76,101,112,169,177,281,188,270,458
200004,9,6,5,42,89,63,97,131,160,105,186,291
200004,10,7,1,90,106,135,239,196,374,225,345,570
200004,10,7,2,62,58,91,158,120,249,153,216,369
200004,10,7,5,28,48,44,81,76,125,72,129,201
200004,11,8,1,67,128,182,324,195,506,249,452,701
200004,11,8,2,42,65,113,198,107,311,155,263,418
200004,11,8,5,25,63,69,126,88,195,94,189,283
200004,12,9,1,12,28,64,167,40,231,76,195,271
200004,12,9,2,8,18,31,101,26,132,39,119,158
200004,12,9,5,4,10,33,66,14,99,37,76,113
200004,13,10,1,0,2,2,2,2,4,2,4,6
200004,13,10,2,0,1,1,1,1,2,1,2,3
200004,13,10,5,0,1,1,1,1,2,1,2,3
200013,1,412,1,53,293,60,222,346,282,113,515,628
200013,1,112,2,51,286,60,222,337,282,111,508,619
200013,1,312,5,2,7,0,0,9,0,2,7,9
200013,2,999,1,14,108,13,68,122,81,27,176,203
200013,2,999,2,14,108,13,68,122,81,27,176,203
200013,4,2,1,1,7,2,7,8,9,3,14,17
200013,4,2,2,1,7,2,7,8,9,3,14,17
200013,5,3,1,7,37,2,20,44,22,9,57,66
200013,5,3,2,7,37,2,20,44,22,9,57,66
200013,6,4,1,6,64,9,41,70,50,15,105,120
200013,6,4,2,6,64,9,41,70,50,15,105,120
200013,7,999,1,39,185,47,154,224,201,86,339,425
200013,7,999,2,37,178,47,154,215,201,84,332,416
200013,7,999,5,2,7,0,0,9,0,2,7,9
200013,8,5,1,14,72,13,56,86,69,27,128,155
200013,8,5,2,13,69,13,56,82,69,26,125,151
200013,8,5,5,1,3,0,0,4,0,1,3,4
200013,9,6,1,5,52,12,31,57,43,17,83,100
200013,9,6,2,5,51,12,31,56,43,17,82,99
200013,9,6,5,0,1,0,0,1,0,0,1,1
200013,10,7,1,10,29,14,29,39,43,24,58,82
200013,10,7,2,10,28,14,29,38,43,24,57,81
200013,10,7,5,0,1,0,0,1,0,0,1,1
200013,11,8,1,9,26,6,31,35,37,15,57,72
200013,11,8,2,8,24,6,31,32,37,14,55,69
200013,11,8,5,1,2,0,0,3,0,1,2,3
200013,12,9,1,1,6,2,7,7,9,3,13,16
200013,12,9,2,1,6,2,7,7,9,3,13,16
200022,1,412,1,1148,807,880,881,1955,1761,2028,1688,3716
200022,1,112,2,1148,807,880,881,1955,1761,2028,1688,3716
200022,2,999,1,857,648,421,655,1505,1076,1278,1303,2581
200022,2,999,2,857,648,421,655,1505,1076,1278,1303,2581
200022,3,1,1,0,6,208,370,6,578,208,376,584
200022,3,1,2,0,6,208,370,6,578,208,376,584
200022,4,2,1,531,455,79,132,986,211,610,587,1197
200022,4,2,2,531,455,79,132,986,211,610,587,1197
200022,5,3,1,228,128,77,92,356,169,305,220,525
200022,5,3,2,228,128,77,92,356,169,305,220,525
200022,6,4,1,98,59,57,61,157,118,155,120,275
200022,6,4,2,98,59,57,61,157,118,155,120,275
200022,7,999,1,291,159,459,226,450,685,750,385,1135
200022,7,999,2,291,159,459,226,450,685,750,385,1135
200022,8,5,1,108,61,86,70,169,156,194,131,325
200022,8,5,2,108,61,86,70,169,156,194,131,325
200022,9,6,1,71,39,114,49,110,163,185,88,273
200022,9,6,2,71,39,114,49,110,163,185,88,273
200022,10,7,1,58,24,92,45,82,137,150,69,219
200022,10,7,2,58,24,92,45,82,137,150,69,219
200022,11,8,1,47,27,122,43,74,165,169,70,239
200022,11,8,2,47,27,122,43,74,165,169,70,239
200022,12,9,1,7,8,41,16,15,57,48,24,72
200022,12,9,2,7,8,41,16,15,57,48,24,72
200022,13,10,1,0,0,4,3,0,7,4,3,7
200022,13,10,2,0,0,4,3,0,7,4,3,7
200059,1,412,1,407,560,181,293,967,474,588,853,1441
200059,1,112,2,407,559,146,269,966,415,553,828,1381
200059,1,312,5,0,1,35,24,1,59,35,25,60
200059,2,999,1,365,458,107,195,823,302,472,653,1125
200059,2,999,2,365,458,102,190,823,292,467,648,1115
200059,2,999,5,0,0,5,5,0,10,5,5,10
200059,3,1,1,1,1,67,107,2,174,68,108,176
200059,3,1,2,1,1,67,107,2,174,68,108,176
200059,4,2,1,144,169,9,18,313,27,153,187,340
200059,4,2,2,144,169,9,18,313,27,153,187,340
200059,5,3,1,131,201,17,23,332,40,148,224,372
200059,5,3,2,131,201,17,23,332,40,148,224,372
200059,6,4,1,89,87,14,47,176,61,103,134,237
200059,6,4,2,89,87,9,42,176,51,98,129,227
200059,6,4,5,0,0,5,5,0,10,5,5,10
200059,7,999,1,42,102,74,98,144,172,116,200,316
200059,7,999,2,42,101,44,79,143,123,86,180,266
200059,7,999,5,0,1,30,19,1,49,30,20,50
200059,8,5,1,19,50,35,34,69,69,54,84,138
200059,8,5,2,19,49,24,26,68,50,43,75,118
200059,8,5,5,0,1,11,8,1,19,11,9,20
200059,9,6,1,11,24,18,26,35,44,29,50,79
200059,9,6,2,11,24,11,22,35,33,22,46,68
200059,9,6,5,0,0,7,4,0,11,7,4,11
200059,10,7,1,6,16,10,17,22,27,16,33,49
200059,10,7,2,6,16,5,14,22,19,11,30,41
200059,10,7,5,0,0,5,3,0,8,5,3,8
200059,11,8,1,5,9,6,12,14,18,11,21,32
200059,11,8,2,5,9,4,11,14,15,9,20,29
200059,11,8,5,0,0,2,1,0,3,2,1,3
200059,12,9,1,1,3,5,8,4,13,6,11,17
200059,12,9,2,1,3,0,5,4,5,1,8,9
200059,12,9,5,0,0,5,3,0,8,5,3,8
200059,13,10,1,0,0,0,1,0,1,0,1,1
200059,13,10,2,0,0,0,1,0,1,0,1,1
200086,1,412,1,41,73,22,43,114,65,63,116,179
200086,1,112,2,41,73,22,43,114,65,63,116,179
200086,2,999,1,25,38,12,22,63,34,37,60,97
200086,2,999,2,25,38,12,22,63,34,37,60,97
200086,3,1,1,0,1,6,8,1,14,6,9,15
200086,3,1,2,0,1,6,8,1,14,6,9,15
200086,4,2,1,9,12,3,6,21,9,12,18,30
200086,4,2,2,9,12,3,6,21,9,12,18,30
200086,5,3,1,9,14,1,3,23,4,10,17,27
200086,5,3,2,9,14,1,3,23,4,10,17,27
200086,6,4,1,7,11,2,5,18,7,9,16,25
200086,6,4,2,7,11,2,5,18,7,9,16,25
200086,7,999,1,16,34,10,21,50,31,26,55,81
200086,7,999,2,16,34,10,21,50,31,26,55,81
200086,8,5,1,6,11,2,7,17,9,8,18,26
200086,8,5,2,6,11,2,7,17,9,8,18,26
200086,9,6,1,8,11,4,1,19,5,12,12,24
200086,9,6,2,8,11,4,1,19,5,12,12,24
200086,10,7,1,1,5,0,4,6,4,1,9,10
200086,10,7,2,1,5,0,4,6,4,1,9,10
200086,11,8,1,0,5,4,2,5,6,4,7,11
200086,11,8,2,0,5,4,2,5,6,4,7,11
200086,12,9,1,1,2,0,4,3,4,1,6,7
200086,12,9,2,1,2,0,4,3,4,1,6,7
200086,13,10,1,0,0,0,3,0,3,0,3,3
200086,13,10,2,0,0,0,3,0,3,0,3,3
200086,14,11,1,0,1,0,0,1,0,0,1,1
200086,14,11,2,0,1,0,0,1,0,0,1,1
200192,1,412,1,214,254,538,765,468,1303,752,1019,1771
200192,1,112,2,214,254,538,765,468,1303,752,1019,1771
200192,2,999,1,196,198,395,612,394,1007,591,810,1401
200192,2,999,2,196,198,395,612,394,1007,591,810,1401
200192,3,1,1,3,12,233,369,15,602,236,381,617
200192,3,1,2,3,12,233,369,15,602,236,381,617
200192,4,2,1,116,114,59,102,230,161,175,216,391
200192,4,2,2,116,114,59,102,230,161,175,216,391
200192,5,3,1,50,45,54,78,95,132,104,123,227
200192,5,3,2,50,45,54,78,95,132,104,123,227
200192,6,4,1,27,27,49,63,54,112,76,90,166
200192,6,4,2,27,27,49,63,54,112,76,90,166
200192,7,999,1,18,56,143,153,74,296,161,209,370
200192,7,999,2,18,56,143,153,74,296,161,209,370
200192,8,5,1,6,28,42,44,34,86,48,72,120
200192,8,5,2,6,28,42,44,34,86,48,72,120
200192,9,6,1,8,13,30,38,21,68,38,51,89
200192,9,6,2,8,13,30,38,21,68,38,51,89
200192,10,7,1,2,6,14,31,8,45,16,37,53
200192,10,7,2,2,6,14,31,8,45,16,37,53
200192,11,8,1,2,6,14,26,8,40,16,32,48
200192,11,8,2,2,6,14,26,8,40,16,32,48
200192,12,9,1,0,3,32,14,3,46,32,17,49
200192,12,9,2,0,3,32,14,3,46,32,17,49
200192,13,10,1,0,0,11,0,0,11,11,0,11
200192,13,10,2,0,0,11,0,0,11,11,0,11
200217,1,412,1,936,1590,491,782,2526,1273,1427,2372,3799
200217,1,112,2,731,1081,305,418,1812,723,1036,1499,2535
200217,1,312,5,205,509,186,364,714,550,391,873,1264
200217,2,999,1,762,1244,207,278,2006,485,969,1522,2491
200217,2,999,2,698,1011,187,240,1709,427,885,1251,2136
200217,2,999,5,64,233,20,38,297,58,84,271,355
200217,3,1,1,3,7,128,152,10,280,131,159,290
200217,3,1,2,3,7,128,152,10,280,131,159,290
200217,4,2,1,233,423,24,26,656,50,257,449,706
200217,4,2,2,233,423,24,26,656,50,257,449,706
200217,5,3,1,323,468,11,18,791,29,334,486,820
200217,5,3,2,321,460,11,18,781,29,332,478,810
200217,5,3,5,2,8,0,0,10,0,2,8,10
200217,6,4,1,203,346,44,82,549,126,247,428,675
200217,6,4,2,141,121,24,44,262,68,165,165,330
200217,6,4,5,62,225,20,38,287,58,82,263,345
200217,7,999,1,174,346,282,504,520,786,456,850,1306
200217,7,999,2,33,70,116,178,103,294,149,248,397
200217,7,999,5,141,276,166,326,417,492,307,602,909
200217,8,5,1,84,175,81,128,259,209,165,303,468
200217,8,5,2,17,31,31,52,48,83,48,83,131
200217,8,5,5,67,144,50,76,211,126,117,220,337
200217,9,6,1,39,61,57,105,100,162,96,166,262
200217,9,6,2,6,21,27,41,27,68,33,62,95
200217,9,6,5,33,40,30,64,73,94,63,104,167
200217,10,7,1,29,48,64,90,77,154,93,138,231
200217,10,7,2,4,7,30,29,11,59,34,36,70
200217,10,7,5,25,41,34,61,66,95,59,102,161
200217,11,8,1,16,51,54,128,67,182,70,179,249
200217,11,8,2,3,11,21,38,14,59,24,49,73
200217,11,8,5,13,40,33,90,53,123,46,130,176
200217,12,9,1,6,11,24,53,17,77,30,64,94
200217,12,9,2,3,0,6,18,3,24,9,18,27
200217,12,9,5,3,11,18,35,14,53,21,46,67
200217,13,10,1,0,0,2,0,0,2,2,0,2
200217,13,10,2,0,0,1,0,0,1,1,0,1
200217,13,10,5,0,0,1,0,0,1,1,0,1
200217,14,11,1,0,0,2,0,0,2,2,0,2
200217,14,11,2,0,0,2,0,0,2,2,0,2
200226,1,412,1,260,347,172,389,607,561,432,736,1168
200226,1,112,2,260,343,166,376,603,542,426,719,1145
200226,1,312,5,0,4,6,13,4,19,6,17,23
200226,2,999,1,250,265,104,193,515,297,354,458,812
200226,2,999,2,250,264,104,191,514,295,354,455,809
200226,2,999,5,0,1,0,2,1,2,0,3,3
200226,3,1,1,1,3,63,86,4,149,64,89,153
200226,3,1,2,1,3,63,86,4,149,64,89,153
200226,4,2,1,96,86,13,22,182,35,109,108,217
200226,4,2,2,96,86,13,22,182,35,109,108,217
200226,5,3,1,102,95,4,37,197,41,106,132,238
200226,5,3,2,102,95,4,37,197,41,106,132,238
200226,6,4,1,51,81,24,48,132,72,75,129,204
200226,6,4,2,51,80,24,46,131,70,75,126,201
200226,6,4,5,0,1,0,2,1,2,0,3,3
200226,7,999,1,10,82,68,196,92,264,78,278,356
200226,7,999,2,10,79,62,185,89,247,72,264,336
200226,7,999,5,0,3,6,11,3,17,6,14,20
200226,8,5,1,6,35,21,62,41,83,27,97,124
200226,8,5,2,6,34,18,61,40,79,24,95,119
200226,8,5,5,0,1,3,1,1,4,3,2,5
200226,9,6,1,1,21,19,42,22,61,20,63,83
200226,9,6,2,1,20,18,40,21,58,19,60,79
200226,9,6,5,0,1,1,2,1,3,1,3,4
200226,10,7,1,3,16,10,37,19,47,13,53,66
200226,10,7,2,3,15,10,36,18,46,13,51,64
200226,10,7,5,0,1,0,1,1,1,0,2,2
200226,11,8,1,0,6,14,37,6,51,14,43,57
200226,11,8,2,0,6,13,31,6,44,13,37,50
200226,11,8,5,0,0,1,6,0,7,1,6,7
200226,12,9,1,0,4,3,18,4,21,3,22,25
200226,12,9,2,0,4,2,17,4,19,2,21,23
200226,12,9,5,0,0,1,1,0,2,1,1,2
200226,13,10,1,0,0,1,0,0,1,1,0,1
200226,13,10,2,0,0,1,0,0,1,1,0,1
200280,1,412,1,4512,4406,2482,2215,8918,4697,6994,6621,13615
200280,1,112,2,3809,3364,1750,873,7173,2623,5559,4237,9796
200280,1,312,5,703,1042,732,1342,1745,2074,1435,2384,3819
200280,2,999,1,3705,3625,923,558,7330,1481,4628,4183,8811
200280,2,999,2,3468,3114,870,399,6582,1269,4338,3513,7851
200280,2,999,5,237,511,53,159,748,212,290,670,960
200280,3,1,1,18,17,20,10,35,30,38,27,65
200280,3,1,2,18,17,20,10,35,30,38,27,65
200280,4,2,1,1335,1379,105,80,2714,185,1440,1459,2899
200280,4,2,2,1335,1376,105,80,2711,185,1440,1456,2896
200280,4,2,5,0,3,0,0,3,0,0,3,3
200280,5,3,1,1459,1402,253,132,2861,385,1712,1534,3246
200280,5,3,2,1443,1324,252,126,2767,378,1695,1450,3145
200280,5,3,5,16,78,1,6,94,7,17,84,101
200280,6,4,1,893,827,545,336,1720,881,1438,1163,2601
200280,6,4,2,672,397,493,183,1069,676,1165,580,1745
200280,6,4,5,221,430,52,153,651,205,273,583,856
200280,7,999,1,807,781,1559,1657,1588,3216,2366,2438,4804
200280,7,999,2,341,250,880,474,591,1354,1221,724,1945
200280,7,999,5,466,531,679,1183,997,1862,1145,1714,2859
200280,8,5,1,461,451,473,529,912,1002,934,980,1914
200280,8,5,2,207,135,299,178,342,477,506,313,819
200280,8,5,5,254,316,174,351,570,525,428,667,1095
200280,9,6,1,176,159,412,394,335,806,588,553,1141
200280,9,6,2,74,64,239,106,138,345,313,170,483
200280,9,6,5,102,95,173,288,197,461,275,383,658
200280,10,7,1,84,78,305,263,162,568,389,341,730
200280,10,7,2,31,23,183,68,54,251,214,91,305
200280,10,7,5,53,55,122,195,108,317,175,250,425
200280,11,8,1,65,73,264,333,138,597,329,406,735
200280,11,8,2,26,23,122,84,49,206,148,107,255
200280,11,8,5,39,50,142,249,89,391,181,299,480
200280,12,9,1,21,17,91,133,38,224,112,150,262
200280,12,9,2,3,4,31,34,7,65,34,38,72
200280,12,9,5,18,13,60,99,31,159,78,112,190
200280,13,10,1,0,3,14,5,3,19,14,8,22
200280,13,10,2,0,1,6,4,1,10,6,5,11
200280,13,10,5,0,2,8,1,2,9,8,3,11
200305,1,412,1,917,568,594,750,1485,1344,1511,1318,2829
200305,1,112,2,917,568,594,750,1485,1344,1511,1318,2829
200305,2,999,1,855,487,437,662,1342,1099,1292,1149,2441
200305,2,999,2,855,487,437,662,1342,1099,1292,1149,2441
200305,3,1,1,3,14,283,487,17,770,286,501,787
200305,3,1,2,3,14,283,487,17,770,286,501,787
200305,4,2,1,592,293,90,89,885,179,682,382,1064
200305,4,2,2,592,293,90,89,885,179,682,382,1064
200305,5,3,1,200,125,42,44,325,86,242,169,411
200305,5,3,2,200,125,42,44,325,86,242,169,411
200305,6,4,1,60,55,22,42,115,64,82,97,179
200305,6,4,2,60,55,22,42,115,64,82,97,179
200305,7,999,1,62,81,157,88,143,245,219,169,388
200305,7,999,2,62,81,157,88,143,245,219,169,388
200305,8,5,1,29,44,17,31,73,48,46,75,121
200305,8,5,2,29,44,17,31,73,48,46,75,121
200305,9,6,1,16,20,19,20,36,39,35,40,75
200305,9,6,2,16,20,19,20,36,39,35,40,75
200305,10,7,1,9,9,19,14,18,33,28,23,51
200305,10,7,2,9,9,19,14,18,33,28,23,51
200305,11,8,1,6,8,25,15,14,40,31,23,54
200305,11,8,2,6,8,25,15,14,40,31,23,54
200305,12,9,1,1,0,55,8,1,63,56,8,64
200305,12,9,2,1,0,55,8,1,63,56,8,64
200305,13,10,1,1,0,22,0,1,22,23,0,23
200305,13,10,2,1,0,22,0,1,22,23,0,23
200314,1,412,1,103,209,290,458,312,748,393,667,1060
200314,1,112,2,103,209,290,458,312,748,393,667,1060
200314,2,999,1,91,144,186,348,235,534,277,492,769
200314,2,999,2,91,144,186,348,235,534,277,492,769
200314,3,1,1,4,11,138,260,15,398,142,271,413
200314,3,1,2,4,11,138,260,15,398,142,271,413
200314,4,2,1,45,80,31,36,125,67,76,116,192
200314,4,2,2,45,80,31,36,125,67,76,116,192
200314,5,3,1,30,31,7,29,61,36,37,60,97
200314,5,3,2,30,31,7,29,61,36,37,60,97
200314,6,4,1,12,22,10,23,34,33,22,45,67
200314,6,4,2,12,22,10,23,34,33,22,45,67
200314,7,999,1,12,65,104,110,77,214,116,175,291
200314,7,999,2,12,65,104,110,77,214,116,175,291
200314,8,5,1,4,20,20,35,24,55,24,55,79
200314,8,5,2,4,20,20,35,24,55,24,55,79
200314,9,6,1,6,21,19,27,27,46,25,48,73
200314,9,6,2,6,21,19,27,27,46,25,48,73
200314,10,7,1,1,11,16,21,12,37,17,32,49
200314,10,7,2,1,11,16,21,12,37,17,32,49
200314,11,8,1,1,11,28,11,12,39,29,22,51
200314,11,8,2,1,11,28,11,12,39,29,22,51
200314,12,9,1,0,2,17,14,2,31,17,16,33
200314,12,9,2,0,2,17,14,2,31,17,16,33
200314,13,10,1,0,0,4,2,0,6,4,2,6
200314,13,10,2,0,0,4,2,0,6,4,2,6
200332,1,412,1,5394,4953,1136,1363,10347,2499,6530,6316,12846
200332,1,112,2,4936,4403,499,717,9339,1216,5435,5120,10555
200332,1,312,5,458,550,637,646,1008,1283,1095,1196,2291
200332,2,999,1,4961,4583,464,623,9544,1087,5425,5206,10631
200332,2,999,2,4718,4239,369,513,8957,882,5087,4752,9839
200332,2,999,5,243,344,95,110,587,205,338,454,792
200332,3,1,1,7,11,7,1,18,8,14,12,26
200332,3,1,2,7,11,7,1,18,8,14,12,26
200332,4,2,1,1885,1974,74,108,3859,182,1959,2082,4041
200332,4,2,2,1868,1954,73,108,3822,181,1941,2062,4003
200332,4,2,5,17,20,1,0,37,1,18,20,38
200332,5,3,1,2016,1802,119,241,3818,360,2135,2043,4178
200332,5,3,2,1969,1719,118,236,3688,354,2087,1955,4042
200332,5,3,5,47,83,1,5,130,6,48,88,136
200332,6,4,1,1053,796,264,273,1849,537,1317,1069,2386
200332,6,4,2,874,555,171,168,1429,339,1045,723,1768
200332,6,4,5,179,241,93,105,420,198,272,346,618
200332,7,999,1,433,370,672,740,803,1412,1105,1110,2215
200332,7,999,2,218,164,130,204,382,334,348,368,716
200332,7,999,5,215,206,542,536,421,1078,757,742,1499
200332,8,5,1,258,220,286,269,478,555,544,489,1033
200332,8,5,2,144,101,77,75,245,152,221,176,397
200332,8,5,5,114,119,209,194,233,403,323,313,636
200332,9,6,1,118,84,203,176,202,379,321,260,581
200332,9,6,2,54,37,26,43,91,69,80,80,160
200332,9,6,5,64,47,177,133,111,310,241,180,421
200332,10,7,1,37,35,81,127,72,208,118,162,280
200332,10,7,2,15,13,9,39,28,48,24,52,76
200332,10,7,5,22,22,72,88,44,160,94,110,204
200332,11,8,1,15,26,76,110,41,186,91,136,227
200332,11,8,2,4,12,12,32,16,44,16,44,60
200332,11,8,5,11,14,64,78,25,142,75,92,167
200332,12,9,1,5,4,25,57,9,82,30,61,91
200332,12,9,2,1,1,6,14,2,20,7,15,22
200332,12,9,5,4,3,19,43,7,62,23,46,69
200332,13,10,1,0,1,1,1,1,2,1,2,3
200332,13,10,2,0,0,0,1,0,1,0,1,1
200332,13,10,5,0,1,1,0,1,1,1,1,2
200341,1,412,1,235,338,127,259,573,386,362,597,959
200341,1,112,2,235,338,127,259,573,386,362,597,959
200341,2,999,1,218,268,104,176,486,280,322,444,766
200341,2,999,2,218,268,104,176,486,280,322,444,766
200341,3,1,1,6,7,70,126,13,196,76,133,209
200341,3,1,2,6,7,70,126,13,196,76,133,209
200341,4,2,1,144,199,19,22,343,41,163,221,384
200341,4,2,2,144,199,19,22,343,41,163,221,384
200341,5,3,1,56,42,12,17,98,29,68,59,127
200341,5,3,2,56,42,12,17,98,29,68,59,127
200341,6,4,1,12,20,3,11,32,14,15,31,46
200341,6,4,2,12,20,3,11,32,14,15,31,46
200341,7,999,1,17,70,23,83,87,106,40,153,193
200341,7,999,2,17,70,23,83,87,106,40,153,193
200341,8,5,1,9,29,4,34,38,38,13,63,76
200341,8,5,2,9,29,4,34,38,38,13,63,76
200341,9,6,1,5,24,8,17,29,25,13,41,54
200341,9,6,2,5,24,8,17,29,25,13,41,54
200341,10,7,1,0,8,4,14,8,18,4,22,26
200341,10,7,2,0,8,4,14,8,18,4,22,26
200341,11,8,1,3,6,4,11,9,15,7,17,24
200341,11,8,2,3,6,4,11,9,15,7,17,24
200341,12,9,1,0,3,2,5,3,7,2,8,10
200341,12,9,2,0,3,2,5,3,7,2,8,10
200341,13,10,1,0,0,1,2,0,3,1,2,3
200341,13,10,2,0,0,1,2,0,3,1,2,3
200484,1,412,1,108,72,30,21,180,51,138,93,231
200484,1,112,2,68,60,10,13,128,23,78,73,151
200484,1,312,5,40,12,20,8,52,28,60,20,80
200484,2,999,1,63,58,5,8,121,13,68,66,134
200484,2,999,2,60,56,5,7,116,12,65,63,128
200484,2,999,5,3,2,0,1,5,1,3,3,6
200484,3,1,1,0,1,1,0,1,1,1,1,2
200484,3,1,2,0,1,1,0,1,1,1,1,2
200484,4,2,1,21,20,1,2,41,3,22,22,44
200484,4,2,2,21,20,1,2,41,3,22,22,44
200484,5,3,1,29,24,2,4,53,6,31,28,59
200484,5,3,2,29,24,2,4,53,6,31,28,59
200484,6,4,1,13,13,1,2,26,3,14,15,29
200484,6,4,2,10,11,1,1,21,2,11,12,23
200484,6,4,5,3,2,0,1,5,1,3,3,6
200484,7,999,1,45,14,24,13,59,37,69,27,96
200484,7,999,2,8,4,5,6,12,11,13,10,23
200484,7,999,5,37,10,19,7,47,26,56,17,73
200484,8,5,1,6,6,1,1,12,2,7,7,14
200484,8,5,2,4,2,0,1,6,1,4,3,7
200484,8,5,5,2,4,1,0,6,1,3,4,7
200484,9,6,1,7,2,2,1,9,3,9,3,12
200484,9,6,2,1,1,0,1,2,1,1,2,3
200484,9,6,5,6,1,2,0,7,2,8,1,9
200484,10,7,1,7,2,5,2,9,7,12,4,16
200484,10,7,2,2,1,3,0,3,3,5,1,6
200484,10,7,5,5,1,2,2,6,4,7,3,10
200484,11,8,1,16,1,6,2,17,8,22,3,25
200484,11,8,2,1,0,1,1,1,2,2,1,3
200484,11,8,5,15,1,5,1,16,6,20,2,22
200484,12,9,1,9,3,10,6,12,16,19,9,28
200484,12,9,2,0,0,1,2,0,3,1,2,3
200484,12,9,5,9,3,9,4,12,13,18,7,25
200484,13,10,1,0,0,0,1,0,1,0,1,1
200484,13,10,2,0,0,0,1,0,1,0,1,1
200484,14,11,1,0,0,1,0,0,1,1,0,1
200484,14,11,5,0,0,1,0,0,1,1,0,1
200554,1,412,1,127,189,4,6,316,10,131,195,326
200554,1,112,2,127,189,4,6,316,10,131,195,326
200554,2,999,1,86,96,1,0,182,1,87,96,183
200554,2,999,2,86,96,1,0,182,1,87,96,183
200554,4,2,1,37,39,0,0,76,0,37,39,76
200554,4,2,2,37,39,0,0,76,0,37,39,76
200554,5,3,1,30,25,0,0,55,0,30,25,55
200554,5,3,2,30,25,0,0,55,0,30,25,55
200554,6,4,1,19,32,1,0,51,1,20,32,52
200554,6,4,2,19,32,1,0,51,1,20,32,52
200554,7,999,1,41,93,3,6,134,9,44,99,143
200554,7,999,2,41,93,3,6,134,9,44,99,143
200554,8,5,1,18,27,0,1,45,1,18,28,46
200554,8,5,2,18,27,0,1,45,1,18,28,46
200554,9,6,1,7,31,1,3,38,4,8,34,42
200554,9,6,2,7,31,1,3,38,4,8,34,42
200554,10,7,1,9,21,0,1,30,1,9,22,31
200554,10,7,2,9,21,0,1,30,1,9,22,31
200554,11,8,1,6,10,0,1,16,1,6,11,17
200554,11,8,2,6,10,0,1,16,1,6,11,17
200554,12,9,1,1,4,2,0,5,2,3,4,7
200554,12,9,2,1,4,2,0,5,2,3,4,7
200572,1,412,1,395,504,273,504,899,777,668,1008,1676
200572,1,112,2,394,500,238,409,894,647,632,909,1541
200572,1,312,5,1,4,35,95,5,130,36,99,135
200572,2,999,1,376,452,151,276,828,427,527,728,1255
200572,2,999,2,376,451,148,266,827,414,524,717,1241
200572,2,999,5,0,1,3,10,1,13,3,11,14
200572,3,1,1,2,1,93,166,3,259,95,167,262
200572,3,1,2,2,1,93,166,3,259,95,167,262
200572,4,2,1,164,139,30,34,303,64,194,173,367
200572,4,2,2,164,139,30,34,303,64,194,173,367
200572,5,3,1,133,240,7,26,373,33,140,266,406
200572,5,3,2,133,240,7,26,373,33,140,266,406
200572,6,4,1,77,72,21,50,149,71,98,122,220
200572,6,4,2,77,71,18,40,148,58,95,111,206
200572,6,4,5,0,1,3,10,1,13,3,11,14
200572,7,999,1,19,52,122,228,71,350,141,280,421
200572,7,999,2,18,49,90,143,67,233,108,192,300
200572,7,999,5,1,3,32,85,4,117,33,88,121
200572,8,5,1,8,19,29,60,27,89,37,79,116
200572,8,5,2,7,18,19,32,25,51,26,50,76
200572,8,5,5,1,1,10,28,2,38,11,29,40
200572,9,6,1,5,10,24,56,15,80,29,66,95
200572,9,6,2,5,9,17,36,14,53,22,45,67
200572,9,6,5,0,1,7,20,1,27,7,21,28
200572,10,7,1,2,16,23,43,18,66,25,59,84
200572,10,7,2,2,15,16,29,17,45,18,44,62
200572,10,7,5,0,1,7,14,1,21,7,15,22
200572,11,8,1,4,5,25,44,9,69,29,49,78
200572,11,8,2,4,5,20,29,9,49,24,34,58
200572,11,8,5,0,0,5,15,0,20,5,15,20
200572,12,9,1,0,2,15,24,2,39,15,26,41
200572,12,9,2,0,2,13,16,2,29,13,18,31
200572,12,9,5,0,0,2,8,0,10,2,8,10
200572,13,10,1,0,0,6,1,0,7,6,1,7
200572,13,10,2,0,0,5,1,0,6,5,1,6
200572,13,10,5,0,0,1,0,0,1,1,0,1
200590,1,412,1,15,76,15,15,91,30,30,91,121
200590,1,112,2,15,76,15,15,91,30,30,91,121
200590,2,999,1,4,12,6,5,16,11,10,17,27
200590,2,999,2,4,12,6,5,16,11,10,17,27
200590,4,2,1,1,3,1,0,4,1,2,3,5
200590,4,2,2,1,3,1,0,4,1,2,3,5
200590,5,3,1,2,5,2,3,7,5,4,8,12
200590,5,3,2,2,5,2,3,7,5,4,8,12
200590,6,4,1,1,4,3,2,5,5,4,6,10
200590,6,4,2,1,4,3,2,5,5,4,6,10
200590,7,999,1,11,64,9,10,75,19,20,74,94
200590,7,999,2,11,64,9,10,75,19,20,74,94
200590,8,5,1,3,19,3,4,22,7,6,23,29
200590,8,5,2,3,19,3,4,22,7,6,23,29
200590,9,6,1,2,17,1,3,19,4,3,20,23
200590,9,6,2,2,17,1,3,19,4,3,20,23
200590,10,7,1,3,17,3,1,20,4,6,18,24
200590,10,7,2,3,17,3,1,20,4,6,18,24
200590,11,8,1,1,7,0,1,8,1,1,8,9
200590,11,8,2,1,7,0,1,8,1,1,8,9
200590,12,9,1,1,4,2,1,5,3,3,5,8
200590,12,9,2,1,4,2,1,5,3,3,5,8
200590,13,10,1,1,0,0,0,1,0,1,0,1
200590,13,10,2,1,0,0,0,1,0,1,0,1
200697,1,412,1,484,71,452,122,555,574,936,193,1129
200697,1,312,5,484,71,452,122,555,574,936,193,1129
200697,2,999,1,88,16,46,15,104,61,134,31,165
200697,2,999,5,88,16,46,15,104,61,134,31,165
200697,5,3,1,2,2,0,1,4,1,2,3,5
200697,5,3,5,2,2,0,1,4,1,2,3,5
200697,6,4,1,86,14,46,14,100,60,132,28,160
200697,6,4,5,86,14,46,14,100,60,132,28,160
200697,7,999,1,396,55,406,107,451,513,802,162,964
200697,7,999,5,396,55,406,107,451,513,802,162,964
200697,8,5,1,196,36,122,30,232,152,318,66,384
200697,8,5,5,196,36,122,30,232,152,318,66,384
200697,9,6,1,114,11,103,28,125,131,217,39,256
200697,9,6,5,114,11,103,28,125,131,217,39,256
200697,10,7,1,58,5,92,20,63,112,150,25,175
200697,10,7,5,58,5,92,20,63,112,150,25,175
200697,11,8,1,25,2,53,19,27,72,78,21,99
200697,11,8,5,25,2,53,19,27,72,78,21,99
200697,12,9,1,3,1,35,10,4,45,38,11,49
200697,12,9,5,3,1,35,10,4,45,38,11,49
200697,13,10,1,0,0,1,0,0,1,1,0,1
200697,13,10,5,0,0,1,0,0,1,1,0,1
200800,1,412,1,6338,5864,1793,2099,12202,3892,8131,7963,16094
200800,1,112,2,5655,5136,1389,1471,10791,2860,7044,6607,13651
200800,1,312,5,683,728,404,628,1411,1032,1087,1356,2443
200800,2,999,1,5572,5188,991,1196,10760,2187,6563,6384,12947
200800,2,999,2,5316,4823,946,1110,10139,2056,6262,5933,12195
200800,2,999,5,256,365,45,86,621,131,301,451,752
200800,3,1,1,121,269,435,788,390,1223,556,1057,1613
200800,3,1,2,121,269,435,788,390,1223,556,1057,1613
200800,4,2,1,2071,1961,87,83,4032,170,2158,2044,4202
200800,4,2,2,2071,1961,87,83,4032,170,2158,2044,4202
200800,5,3,1,2007,1909,112,92,3916,204,2119,2001,4120
200800,5,3,2,1991,1874,111,87,3865,198,2102,1961,4063
200800,5,3,5,16,35,1,5,51,6,17,40,57
200800,6,4,1,1373,1049,357,233,2422,590,1730,1282,3012
200800,6,4,2,1133,719,313,152,1852,465,1446,871,2317
200800,6,4,5,240,330,44,81,570,125,284,411,695
200800,7,999,1,766,676,802,902,1442,1704,1568,1578,3146
200800,7,999,2,339,313,443,360,652,803,782,673,1455
200800,7,999,5,427,363,359,542,790,901,786,905,1691
200800,8,5,1,470,387,341,316,857,657,811,703,1514
200800,8,5,2,207,168,196,108,375,304,403,276,679
200800,8,5,5,263,219,145,208,482,353,408,427,835
200800,9,6,1,168,129,174,197,297,371,342,326,668
200800,9,6,2,76,62,75,71,138,146,151,133,284
200800,9,6,5,92,67,99,126,159,225,191,193,384
200800,10,7,1,68,73,112,118,141,230,180,191,371
200800,10,7,2,29,41,62,48,70,110,91,89,180
200800,10,7,5,39,32,50,70,71,120,89,102,191
200800,11,8,1,41,62,108,163,103,271,149,225,374
200800,11,8,2,18,28,72,69,46,141,90,97,187
200800,11,8,5,23,34,36,94,57,130,59,128,187
200800,12,9,1,18,24,56,94,42,150,74,118,192
200800,12,9,2,8,13,29,53,21,82,37,66,103
200800,12,9,5,10,11,27,41,21,68,37,52,89
200800,13,10,1,1,1,11,14,2,25,12,15,27
200800,13,10,2,1,1,9,11,2,20,10,12,22
200800,13,10,5,0,0,2,3,0,5,2,3,5
200800,14,11,1,0,0,0,1,0,1,0,1,1
200800,14,11,2,0,0,0,1,0,1,0,1,1
200846,1,412,1,234,382,401,641,616,1042,635,1023,1658
200846,1,112,2,234,382,401,641,616,1042,635,1023,1658
200846,2,999,1,204,350,374,593,554,967,578,943,1521
200846,2,999,2,204,350,374,593,554,967,578,943,1521
200846,3,1,1,27,55,300,501,82,801,327,556,883
200846,3,1,2,27,55,300,501,82,801,327,556,883
200846,4,2,1,133,186,54,61,319,115,187,247,434
200846,4,2,2,133,186,54,61,319,115,187,247,434
200846,5,3,1,0,76,10,16,76,26,10,92,102
200846,5,3,2,0,76,10,16,76,26,10,92,102
200846,6,4,1,44,33,10,15,77,25,54,48,102
200846,6,4,2,44,33,10,15,77,25,54,48,102
200846,7,999,1,30,32,27,48,62,75,57,80,137
200846,7,999,2,30,32,27,48,62,75,57,80,137
200846,8,5,1,15,17,10,25,32,35,25,42,67
200846,8,5,2,15,17,10,25,32,35,25,42,67
200846,9,6,1,8,4,3,9,12,12,11,13,24
200846,9,6,2,8,4,3,9,12,12,11,13,24
200846,10,7,1,4,3,6,5,7,11,10,8,18
200846,10,7,2,4,3,6,5,7,11,10,8,18
200846,11,8,1,1,7,6,8,8,14,7,15,22
200846,11,8,2,1,7,6,8,8,14,7,15,22
200846,12,9,1,1,1,1,1,2,2,2,2,4
200846,12,9,2,1,1,1,1,2,2,2,2,4
200846,13,10,1,1,0,1,0,1,1,2,0,2
200846,13,10,2,1,0,1,0,1,1,2,0,2
201061,1,412,1,63,160,8,4,223,12,71,164,235
201061,1,112,2,61,154,8,4,215,12,69,158,227
201061,1,312,5,2,6,0,0,8,0,2,6,8
201061,2,999,1,56,143,5,3,199,8,61,146,207
201061,2,999,2,56,143,5,3,199,8,61,146,207
201061,3,1,1,1,3,3,0,4,3,4,3,7
201061,3,1,2,1,3,3,0,4,3,4,3,7
201061,4,2,1,19,74,2,1,93,3,21,75,96
201061,4,2,2,19,74,2,1,93,3,21,75,96
201061,5,3,1,24,49,0,1,73,1,24,50,74
201061,5,3,2,24,49,0,1,73,1,24,50,74
201061,6,4,1,12,17,0,1,29,1,12,18,30
201061,6,4,2,12,17,0,1,29,1,12,18,30
201061,7,999,1,7,17,3,1,24,4,10,18,28
201061,7,999,2,5,11,3,1,16,4,8,12,20
201061,7,999,5,2,6,0,0,8,0,2,6,8
201061,8,5,1,3,7,1,1,10,2,4,8,12
201061,8,5,2,3,5,1,1,8,2,4,6,10
201061,8,5,5,0,2,0,0,2,0,0,2,2
201061,9,6,1,2,4,0,0,6,0,2,4,6
201061,9,6,2,2,2,0,0,4,0,2,2,4
201061,9,6,5,0,2,0,0,2,0,0,2,2
201061,10,7,1,0,3,1,0,3,1,1,3,4
201061,10,7,2,0,3,1,0,3,1,1,3,4
201061,11,8,1,1,0,1,0,1,1,2,0,2
201061,11,8,2,0,0,1,0,0,1,1,0,1
201061,11,8,5,1,0,0,0,1,0,1,0,1
201061,12,9,1,1,3,0,0,4,0,1,3,4
201061,12,9,2,0,1,0,0,1,0,0,1,1
201061,12,9,5,1,2,0,0,3,0,1,2,3
201140,1,412,1,74,0,64,22,74,86,138,22,160
201140,1,112,2,0,0,36,8,0,44,36,8,44
201140,1,312,5,74,0,28,14,74,42,102,14,116
201140,2,999,1,20,0,0,1,20,1,20,1,21
201140,2,999,2,0,0,0,1,0,1,0,1,1
201140,2,999,5,20,0,0,0,20,0,20,0,20
201140,5,3,1,0,0,0,1,0,1,0,1,1
201140,5,3,2,0,0,0,1,0,1,0,1,1
201140,6,4,1,20,0,0,0,20,0,20,0,20
201140,6,4,5,20,0,0,0,20,0,20,0,20
201140,7,999,1,54,0,59,20,54,79,113,20,133
201140,7,999,2,0,0,31,6,0,37,31,6,37
201140,7,999,5,54,0,28,14,54,42,82,14,96
201140,8,5,1,26,0,7,2,26,9,33,2,35
201140,8,5,5,26,0,7,2,26,9,33,2,35
201140,9,6,1,22,0,3,1,22,4,25,1,26
201140,9,6,5,22,0,3,1,22,4,25,1,26
201140,10,7,1,3,0,2,1,3,3,5,1,6
201140,10,7,2,0,0,1,0,0,1,1,0,1
201140,10,7,5,3,0,1,1,3,2,4,1,5
201140,11,8,1,2,0,11,4,2,15,13,4,17
201140,11,8,2,0,0,7,2,0,9,7,2,9
201140,11,8,5,2,0,4,2,2,6,6,2,8
201140,12,9,1,1,0,33,7,1,40,34,7,41
201140,12,9,2,0,0,23,1,0,24,23,1,24
201140,12,9,5,1,0,10,6,1,16,11,6,17
201140,13,10,1,0,0,3,5,0,8,3,5,8
201140,13,10,2,0,0,0,3,0,3,0,3,3
201140,13,10,5,0,0,3,2,0,5,3,2,5
201140,14,11,1,0,0,5,1,0,6,5,1,6
201140,14,11,2,0,0,5,1,0,6,5,1,6
201177,1,412,1,16,130,23,186,146,209,39,316,355
201177,1,112,2,16,130,23,186,146,209,39,316,355
201177,2,999,1,14,104,11,63,118,74,25,167,192
201177,2,999,2,14,104,11,63,118,74,25,167,192
201177,3,1,1,0,3,0,4,3,4,0,7,7
201177,3,1,2,0,3,0,4,3,4,0,7,7
201177,4,2,1,3,27,1,8,30,9,4,35,39
201177,4,2,2,3,27,1,8,30,9,4,35,39
201177,5,3,1,6,42,3,13,48,16,9,55,64
201177,5,3,2,6,42,3,13,48,16,9,55,64
201177,6,4,1,5,32,7,38,37,45,12,70,82
201177,6,4,2,5,32,7,38,37,45,12,70,82
201177,7,999,1,2,26,12,123,28,135,14,149,163
201177,7,999,2,2,26,12,123,28,135,14,149,163
201177,8,5,1,0,11,9,47,11,56,9,58,67
201177,8,5,2,0,11,9,47,11,56,9,58,67
201177,9,6,1,1,4,3,33,5,36,4,37,41
201177,9,6,2,1,4,3,33,5,36,4,37,41
201177,10,7,1,0,4,0,13,4,13,0,17,17
201177,10,7,2,0,4,0,13,4,13,0,17,17
201177,11,8,1,1,6,0,20,7,20,1,26,27
201177,11,8,2,1,6,0,20,7,20,1,26,27
201177,12,9,1,0,1,0,10,1,10,0,11,11
201177,12,9,2,0,1,0,10,1,10,0,11,11
201195,1,412,1,1336,1766,112,185,3102,297,1448,1951,3399
201195,1,112,2,1214,1498,67,81,2712,148,1281,1579,2860
201195,1,312,5,122,268,45,104,390,149,167,372,539
201195,2,999,1,1192,1553,42,41,2745,83,1234,1594,2828
201195,2,999,2,1156,1426,39,34,2582,73,1195,1460,2655
201195,2,999,5,36,127,3,7,163,10,39,134,173
201195,3,1,1,10,17,0,0,27,0,10,17,27
201195,3,1,2,10,17,0,0,27,0,10,17,27
201195,4,2,1,524,652,1,2,1176,3,525,654,1179
201195,4,2,2,524,652,1,2,1176,3,525,654,1179
201195,5,3,1,485,617,3,14,1102,17,488,631,1119
201195,5,3,2,482,611,3,14,1093,17,485,625,1110
201195,5,3,5,3,6,0,0,9,0,3,6,9
201195,6,4,1,173,267,38,25,440,63,211,292,503
201195,6,4,2,140,146,35,18,286,53,175,164,339
201195,6,4,5,33,121,3,7,154,10,36,128,164
201195,7,999,1,144,211,70,142,355,212,214,353,567
201195,7,999,2,58,72,28,47,130,75,86,119,205
201195,7,999,5,86,139,42,95,225,137,128,234,362
201195,8,5,1,70,91,21,43,161,64,91,134,225
201195,8,5,2,36,42,10,13,78,23,46,55,101
201195,8,5,5,34,49,11,30,83,41,45,79,124
201195,9,6,1,31,53,23,34,84,57,54,87,141
201195,9,6,2,12,20,6,10,32,16,18,30,48
201195,9,6,5,19,33,17,24,52,41,36,57,93
201195,10,7,1,18,17,8,19,35,27,26,36,62
201195,10,7,2,4,4,3,5,8,8,7,9,16
201195,10,7,5,14,13,5,14,27,19,19,27,46
201195,11,8,1,19,32,14,28,51,42,33,60,93
201195,11,8,2,5,4,5,12,9,17,10,16,26
201195,11,8,5,14,28,9,16,42,25,23,44,67
201195,12,9,1,6,18,3,18,24,21,9,36,45
201195,12,9,2,1,2,3,7,3,10,4,9,13
201195,12,9,5,5,16,0,11,21,11,5,27,32
201195,13,10,1,0,0,1,0,0,1,1,0,1
201195,13,10,2,0,0,1,0,0,1,1,0,1
201195,14,11,1,0,2,0,2,2,2,0,4,4
201195,14,11,5,0,2,0,2,2,2,0,4,4
201432,1,412,1,355,659,384,687,1014,1071,739,1346,2085
201432,1,112,2,355,659,384,687,1014,1071,739,1346,2085
201432,2,999,1,327,593,353,594,920,947,680,1187,1867
201432,2,999,2,327,593,353,594,920,947,680,1187,1867
201432,3,1,1,45,76,261,436,121,697,306,512,818
201432,3,1,2,45,76,261,436,121,697,306,512,818
201432,4,2,1,204,355,50,84,559,134,254,439,693
201432,4,2,2,204,355,50,84,559,134,254,439,693
201432,5,3,1,54,106,16,48,160,64,70,154,224
201432,5,3,2,54,106,16,48,160,64,70,154,224
201432,6,4,1,24,56,26,26,80,52,50,82,132
201432,6,4,2,24,56,26,26,80,52,50,82,132
201432,7,999,1,28,66,31,93,94,124,59,159,218
201432,7,999,2,28,66,31,93,94,124,59,159,218
201432,8,5,1,20,25,6,31,45,37,26,56,82
201432,8,5,2,20,25,6,31,45,37,26,56,82
201432,9,6,1,4,13,4,13,17,17,8,26,34
201432,9,6,2,4,13,4,13,17,17,8,26,34
201432,10,7,1,2,7,9,17,9,26,11,24,35
201432,10,7,2,2,7,9,17,9,26,11,24,35
201432,11,8,1,2,18,9,22,20,31,11,40,51
201432,11,8,2,2,18,9,22,20,31,11,40,51
201432,12,9,1,0,3,3,10,3,13,3,13,16
201432,12,9,2,0,3,3,10,3,13,3,13,16
201441,1,412,1,6001,7946,1773,2422,13947,4195,7774,10368,18142
201441,1,112,2,5357,7126,1192,1313,12483,2505,6549,8439,14988
201441,1,312,5,644,820,581,1109,1464,1690,1225,1929,3154
201441,2,999,1,5415,7423,899,1194,12838,2093,6314,8617,14931
201441,2,999,2,5142,6958,834,1034,12100,1868,5976,7992,13968
201441,2,999,5,273,465,65,160,738,225,338,625,963
201441,3,1,1,45,105,396,738,150,1134,441,843,1284
201441,3,1,2,45,105,396,738,150,1134,441,843,1284
201441,4,2,1,2185,3313,147,101,5498,248,2332,3414,5746
201441,4,2,2,2185,3313,147,101,5498,248,2332,3414,5746
201441,5,3,1,2094,2986,138,108,5080,246,2232,3094,5326
201441,5,3,2,2072,2932,136,102,5004,238,2208,3034,5242
201441,5,3,5,22,54,2,6,76,8,24,60,84
201441,6,4,1,1091,1019,218,247,2110,465,1309,1266,2575
201441,6,4,2,840,608,155,93,1448,248,995,701,1696
201441,6,4,5,251,411,63,154,662,217,314,565,879
201441,7,999,1,586,523,874,1228,1109,2102,1460,1751,3211
201441,7,999,2,215,168,358,279,383,637,573,447,1020
201441,7,999,5,371,355,516,949,726,1465,887,1304,2191
201441,8,5,1,343,264,233,417,607,650,576,681,1257
201441,8,5,2,137,84,101,88,221,189,238,172,410
201441,8,5,5,206,180,132,329,386,461,338,509,847
201441,9,6,1,136,114,199,287,250,486,335,401,736
201441,9,6,2,42,32,74,67,74,141,116,99,215
201441,9,6,5,94,82,125,220,176,345,219,302,521
201441,10,7,1,51,53,151,186,104,337,202,239,441
201441,10,7,2,15,22,52,45,37,97,67,67,134
201441,10,7,5,36,31,99,141,67,240,135,172,307
201441,11,8,1,38,64,195,227,102,422,233,291,524
201441,11,8,2,13,20,87,50,33,137,100,70,170
201441,11,8,5,25,44,108,177,69,285,133,221,354
201441,12,9,1,17,28,91,106,45,197,108,134,242
201441,12,9,2,8,10,40,28,18,68,48,38,86
201441,12,9,5,9,18,51,78,27,129,60,96,156
201441,13,10,1,1,0,5,5,1,10,6,5,11
201441,13,10,2,0,0,4,1,0,5,4,1,5
201441,13,10,5,1,0,1,4,1,5,2,4,6
201469,1,412,1,146,393,34,192,539,226,180,585,765
201469,1,112,2,146,393,34,192,539,226,180,585,765
201469,2,999,1,94,172,10,55,266,65,104,227,331
201469,2,999,2,94,172,10,55,266,65,104,227,331
201469,3,1,1,0,2,0,0,2,0,0,2,2
201469,3,1,2,0,2,0,0,2,0,0,2,2
201469,4,2,1,61,58,0,2,119,2,61,60,121
201469,4,2,2,61,58,0,2,119,2,61,60,121
201469,5,3,1,16,53,4,18,69,22,20,71,91
201469,5,3,2,16,53,4,18,69,22,20,71,91
201469,6,4,1,17,59,6,35,76,41,23,94,117
201469,6,4,2,17,59,6,35,76,41,23,94,117
201469,7,999,1,52,221,24,137,273,161,76,358,434
201469,7,999,2,52,221,24,137,273,161,76,358,434
201469,8,5,1,28,100,8,46,128,54,36,146,182
201469,8,5,2,28,100,8,46,128,54,36,146,182
201469,9,6,1,11,62,5,48,73,53,16,110,126
201469,9,6,2,11,62,5,48,73,53,16,110,126
201469,10,7,1,8,24,4,20,32,24,12,44,56
201469,10,7,2,8,24,4,20,32,24,12,44,56
201469,11,8,1,2,24,3,10,26,13,5,34,39
201469,11,8,2,2,24,3,10,26,13,5,34,39
201469,12,9,1,3,11,3,11,14,14,6,22,28
201469,12,9,2,3,11,3,11,14,14,6,22,28
201469,13,10,1,0,0,1,2,0,3,1,2,3
201469,13,10,2,0,0,1,2,0,3,1,2,3
201548,1,412,1,1058,1613,137,212,2671,349,1195,1825,3020
201548,1,112,2,825,1327,55,75,2152,130,880,1402,2282
201548,1,312,5,233,286,82,137,519,219,315,423,738
201548,2,999,1,890,1384,31,30,2274,61,921,1414,2335
201548,2,999,2,796,1255,27,17,2051,44,823,1272,2095
201548,2,999,5,94,129,4,13,223,17,98,142,240
201548,3,1,1,2,14,0,0,16,0,2,14,16
201548,3,1,2,2,14,0,0,16,0,2,14,16
201548,4,2,1,400,577,1,13,977,14,401,590,991
201548,4,2,2,400,576,1,4,976,5,401,580,981
201548,4,2,5,0,1,0,9,1,9,0,10,10
201548,5,3,1,325,570,7,3,895,10,332,573,905
201548,5,3,2,320,563,7,3,883,10,327,566,893
201548,5,3,5,5,7,0,0,12,0,5,7,12
201548,6,4,1,163,223,23,14,386,37,186,237,423
201548,6,4,2,74,102,19,10,176,29,93,112,205
201548,6,4,5,89,121,4,4,210,8,93,125,218
201548,7,999,1,168,229,106,176,397,282,274,405,679
201548,7,999,2,29,72,28,58,101,86,57,130,187
201548,7,999,5,139,157,78,118,296,196,217,275,492
201548,8,5,1,98,115,47,63,213,110,145,178,323
201548,8,5,2,17,32,11,23,49,34,28,55,83
201548,8,5,5,81,83,36,40,164,76,117,123,240
201548,9,6,1,34,36,23,30,70,53,57,66,123
201548,9,6,2,8,13,6,13,21,19,14,26,40
201548,9,6,5,26,23,17,17,49,34,43,40,83
201548,10,7,1,17,27,14,24,44,38,31,51,82
201548,10,7,2,2,7,5,8,9,13,7,15,22
201548,10,7,5,15,20,9,16,35,25,24,36,60
201548,11,8,1,15,32,17,36,47,53,32,68,100
201548,11,8,2,1,14,4,6,15,10,5,20,25
201548,11,8,5,14,18,13,30,32,43,27,48,75
201548,12,9,1,4,18,5,20,22,25,9,38,47
201548,12,9,2,1,6,2,8,7,10,3,14,17
201548,12,9,5,3,12,3,12,15,15,6,24,30
201548,13,10,1,0,1,0,3,1,3,0,4,4
201548,13,10,5,0,1,0,3,1,3,0,4,4
201548,14,11,1,0,0,0,6,0,6,0,6,6
201548,14,11,5,0,0,0,6,0,6,0,6,6
201645,1,412,1,5187,5269,424,585,10456,1009,5611,5854,11465
201645,1,112,2,2864,2422,78,66,5286,144,2942,2488,5430
201645,1,312,5,2323,2847,346,519,5170,865,2669,3366,6035
201645,2,999,1,3705,3676,127,160,7381,287,3832,3836,7668
201645,2,999,2,2839,2410,59,38,5249,97,2898,2448,5346
201645,2,999,5,866,1266,68,122,2132,190,934,1388,2322
201645,3,1,1,62,57,9,3,119,12,71,60,131
201645,3,1,2,62,57,9,3,119,12,71,60,131
201645,4,2,1,1286,1199,5,3,2485,8,1291,1202,2493
201645,4,2,2,1284,1198,5,3,2482,8,1289,1201,2490
201645,4,2,5,2,1,0,0,3,0,2,1,3
201645,5,3,1,1320,1127,14,23,2447,37,1334,1150,2484
201645,5,3,2,1268,1043,14,19,2311,33,1282,1062,2344
201645,5,3,5,52,84,0,4,136,4,52,88,140
201645,6,4,1,1037,1293,99,131,2330,230,1136,1424,2560
201645,6,4,2,225,112,31,13,337,44,256,125,381
201645,6,4,5,812,1181,68,118,1993,186,880,1299,2179
201645,7,999,1,1482,1593,297,425,3075,722,1779,2018,3797
201645,7,999,2,25,12,19,28,37,47,44,40,84
201645,7,999,5,1457,1581,278,397,3038,675,1735,1978,3713
201645,8,5,1,979,980,123,184,1959,307,1102,1164,2266
201645,8,5,2,18,9,6,3,27,9,24,12,36
201645,8,5,5,961,971,117,181,1932,298,1078,1152,2230
201645,9,6,1,273,310,51,65,583,116,324,375,699
201645,9,6,2,6,3,0,2,9,2,6,5,11
201645,9,6,5,267,307,51,63,574,114,318,370,688
201645,10,7,1,111,122,47,44,233,91,158,166,324
201645,10,7,2,0,0,2,0,0,2,2,0,2
201645,10,7,5,111,122,45,44,233,89,156,166,322
201645,11,8,1,86,128,41,66,214,107,127,194,321
201645,11,8,2,1,0,0,3,1,3,1,3,4
201645,11,8,5,85,128,41,63,213,104,126,191,317
201645,12,9,1,31,51,22,49,82,71,53,100,153
201645,12,9,2,0,0,0,5,0,5,0,5,5
201645,12,9,5,31,51,22,44,82,66,53,95,148
201645,13,10,1,2,2,13,17,4,30,15,19,34
201645,13,10,2,0,0,11,15,0,26,11,15,26
201645,13,10,5,2,2,2,2,4,4,4,4,8
201654,1,412,1,1724,2055,288,394,3779,682,2012,2449,4461
201654,1,112,2,1617,1923,210,274,3540,484,1827,2197,4024
201654,1,312,5,107,132,78,120,239,198,185,252,437
201654,2,999,1,1666,1989,214,287,3655,501,1880,2276,4156
201654,2,999,2,1603,1914,197,266,3517,463,1800,2180,3980
201654,2,999,5,63,75,17,21,138,38,80,96,176
201654,3,1,1,28,48,159,238,76,397,187,286,473
201654,3,1,2,28,48,159,238,76,397,187,286,473
201654,4,2,1,743,970,22,17,1713,39,765,987,1752
201654,4,2,2,743,970,22,17,1713,39,765,987,1752
201654,5,3,1,719,802,4,7,1521,11,723,809,1532
201654,5,3,2,702,785,4,5,1487,9,706,790,1496
201654,5,3,5,17,17,0,2,34,2,17,19,36
201654,6,4,1,176,169,29,25,345,54,205,194,399
201654,6,4,2,130,111,12,6,241,18,142,117,259
201654,6,4,5,46,58,17,19,104,36,63,77,140
201654,7,999,1,58,66,74,107,124,181,132,173,305
201654,7,999,2,14,9,13,8,23,21,27,17,44
201654,7,999,5,44,57,61,99,101,160,105,156,261
201654,8,5,1,36,40,26,39,76,65,62,79,141
201654,8,5,2,10,6,6,0,16,6,16,6,22
201654,8,5,5,26,34,20,39,60,59,46,73,119
201654,9,6,1,10,13,12,21,23,33,22,34,56
201654,9,6,2,1,0,1,0,1,1,2,0,2
201654,9,6,5,9,13,11,21,22,32,20,34,54
201654,10,7,1,8,5,11,5,13,16,19,10,29
201654,10,7,2,2,2,1,0,4,1,3,2,5
201654,10,7,5,6,3,10,5,9,15,16,8,24
201654,11,8,1,3,6,14,26,9,40,17,32,49
201654,11,8,2,1,0,1,5,1,6,2,5,7
201654,11,8,5,2,6,13,21,8,34,15,27,42
201654,12,9,1,1,2,11,16,3,27,12,18,30
201654,12,9,2,0,1,4,3,1,7,4,4,8
201654,12,9,5,1,1,7,13,2,20,8,14,22
201821,1,412,1,53,700,21,241,753,262,74,941,1015
201821,1,112,2,53,700,21,241,753,262,74,941,1015
201821,2,999,1,30,507,6,107,537,113,36,614,650
201821,2,999,2,30,507,6,107,537,113,36,614,650
201821,3,1,1,0,1,0,0,1,0,0,1,1
201821,3,1,2,0,1,0,0,1,0,0,1,1
201821,4,2,1,6,170,1,23,176,24,7,193,200
201821,4,2,2,6,170,1,23,176,24,7,193,200
201821,5,3,1,16,181,1,39,197,40,17,220,237
201821,5,3,2,16,181,1,39,197,40,17,220,237
201821,6,4,1,8,155,4,45,163,49,12,200,212
201821,6,4,2,8,155,4,45,163,49,12,200,212
201821,7,999,1,23,193,15,134,216,149,38,327,365
201821,7,999,2,23,193,15,134,216,149,38,327,365
201821,8,5,1,14,98,4,49,112,53,18,147,165
201821,8,5,2,14,98,4,49,112,53,18,147,165
201821,9,6,1,7,35,6,19,42,25,13,54,67
201821,9,6,2,7,35,6,19,42,25,13,54,67
201821,10,7,1,2,27,1,17,29,18,3,44,47
201821,10,7,2,2,27,1,17,29,18,3,44,47
201821,11,8,1,0,26,3,26,26,29,3,52,55
201821,11,8,2,0,26,3,26,26,29,3,52,55
201821,12,9,1,0,7,1,22,7,23,1,29,30
201821,12,9,2,0,7,1,22,7,23,1,29,30
201821,13,10,1,0,0,0,1,0,1,0,1,1
201821,13,10,2,0,0,0,1,0,1,0,1,1
201885,1,412,1,14880,14937,4089,6920,29817,11009,18969,21857,40826
201885,1,112,2,12524,11777,2379,3253,24301,5632,14903,15030,29933
201885,1,312,5,2356,3160,1710,3667,5516,5377,4066,6827,10893
201885,2,999,1,13071,12851,2058,2229,25922,4287,15129,15080,30209
201885,2,999,2,12046,11285,1771,1749,23331,3520,13817,13034,26851
201885,2,999,5,1025,1566,287,480,2591,767,1312,2046,3358
201885,3,1,1,182,233,371,393,415,764,553,626,1179
201885,3,1,2,182,233,371,393,415,764,553,626,1179
201885,4,2,1,4803,4863,391,393,9666,784,5194,5256,10450
201885,4,2,2,4803,4862,391,393,9665,784,5194,5255,10449
201885,4,2,5,0,1,0,0,1,0,0,1,1
201885,5,3,1,4957,4839,514,473,9796,987,5471,5312,10783
201885,5,3,2,4898,4710,508,459,9608,967,5406,5169,10575
201885,5,3,5,59,129,6,14,188,20,65,143,208
201885,6,4,1,3129,2916,782,970,6045,1752,3911,3886,7797
201885,6,4,2,2163,1480,501,504,3643,1005,2664,1984,4648
201885,6,4,5,966,1436,281,466,2402,747,1247,1902,3149
201885,7,999,1,1809,2086,2031,4691,3895,6722,3840,6777,10617
201885,7,999,2,478,492,608,1504,970,2112,1086,1996,3082
201885,7,999,5,1331,1594,1423,3187,2925,4610,2754,4781,7535
201885,8,5,1,1196,1266,792,1555,2462,2347,1988,2821,4809
201885,8,5,2,317,247,258,475,564,733,575,722,1297
201885,8,5,5,879,1019,534,1080,1898,1614,1413,2099,3512
201885,9,6,1,384,456,504,1047,840,1551,888,1503,2391
201885,9,6,2,85,108,134,313,193,447,219,421,640
201885,9,6,5,299,348,370,734,647,1104,669,1082,1751
201885,10,7,1,118,171,325,780,289,1105,443,951,1394
201885,10,7,2,30,56,85,253,86,338,115,309,424
201885,10,7,5,88,115,240,527,203,767,328,642,970
201885,11,8,1,84,139,296,871,223,1167,380,1010,1390
201885,11,8,2,32,58,88,298,90,386,120,356,476
201885,11,8,5,52,81,208,573,133,781,260,654,914
201885,12,9,1,24,54,105,412,78,517,129,466,595
201885,12,9,2,13,23,38,154,36,192,51,177,228
201885,12,9,5,11,31,67,258,42,325,78,289,367
201885,13,10,1,3,0,9,26,3,35,12,26,38
201885,13,10,2,1,0,5,11,1,16,6,11,17
201885,13,10,5,2,0,4,15,2,19,6,15,21
201928,1,412,1,942,1189,1736,3006,2131,4742,2678,4195,6873
201928,1,112,2,942,1189,1736,3006,2131,4742,2678,4195,6873
201928,2,999,1,645,774,923,1422,1419,2345,1568,2196,3764
201928,2,999,2,645,774,923,1422,1419,2345,1568,2196,3764
201928,3,1,1,28,75,156,415,103,571,184,490,674
201928,3,1,2,28,75,156,415,103,571,184,490,674
201928,4,2,1,260,288,180,250,548,430,440,538,978
201928,4,2,2,260,288,180,250,548,430,440,538,978
201928,5,3,1,209,219,272,306,428,578,481,525,1006
201928,5,3,2,209,219,272,306,428,578,481,525,1006
201928,6,4,1,148,192,315,451,340,766,463,643,1106
201928,6,4,2,148,192,315,451,340,766,463,643,1106
201928,7,999,1,297,415,812,1583,712,2395,1109,1998,3107
201928,7,999,2,297,415,812,1583,712,2395,1109,1998,3107
201928,8,5,1,154,172,299,571,326,870,453,743,1196
201928,8,5,2,154,172,299,571,326,870,453,743,1196
201928,9,6,1,63,106,220,391,169,611,283,497,780
201928,9,6,2,63,106,220,391,169,611,283,497,780
201928,10,7,1,43,67,111,263,110,374,154,330,484
201928,10,7,2,43,67,111,263,110,374,154,330,484
201928,11,8,1,23,55,135,234,78,369,158,289,447
201928,11,8,2,23,55,135,234,78,369,158,289,447
201928,12,9,1,11,15,43,119,26,162,54,134,188
201928,12,9,2,11,15,43,119,26,162,54,134,188
201928,13,10,1,3,0,4,5,3,9,7,5,12
201928,13,10,2,3,0,4,5,3,9,7,5,12
201928,14,11,1,0,0,1,1,0,2,1,1,2
201928,14,11,2,0,0,1,1,0,2,1,1,2
201946,1,412,1,610,693,2738,3463,1303,6201,3348,4156,7504
201946,1,112,2,610,693,2738,3463,1303,6201,3348,4156,7504
201946,2,999,1,521,556,2424,2707,1077,5131,2945,3263,6208
201946,2,999,2,521,556,2424,2707,1077,5131,2945,3263,6208
201946,3,1,1,8,16,188,275,24,463,196,291,487
201946,3,1,2,8,16,188,275,24,463,196,291,487
201946,4,2,1,305,345,721,897,650,1618,1026,1242,2268
201946,4,2,2,305,345,721,897,650,1618,1026,1242,2268
201946,5,3,1,135,134,1007,1068,269,2075,1142,1202,2344
201946,5,3,2,135,134,1007,1068,269,2075,1142,1202,2344
201946,6,4,1,73,61,508,467,134,975,581,528,1109
201946,6,4,2,73,61,508,467,134,975,581,528,1109
201946,7,999,1,89,137,314,756,226,1070,403,893,1296
201946,7,999,2,89,137,314,756,226,1070,403,893,1296
201946,8,5,1,44,48,141,274,92,415,185,322,507
201946,8,5,2,44,48,141,274,92,415,185,322,507
201946,9,6,1,16,37,80,147,53,227,96,184,280
201946,9,6,2,16,37,80,147,53,227,96,184,280
201946,10,7,1,14,15,38,99,29,137,52,114,166
201946,10,7,2,14,15,38,99,29,137,52,114,166
201946,11,8,1,10,25,36,158,35,194,46,183,229
201946,11,8,2,10,25,36,158,35,194,46,183,229
201946,12,9,1,5,11,18,77,16,95,23,88,111
201946,12,9,2,5,11,18,77,16,95,23,88,111
201946,13,10,1,0,1,1,1,1,2,1,2,3
201946,13,10,2,0,1,1,1,1,2,1,2,3
201955,1,412,1,1381,2062,1515,2281,3443,3796,2896,4343,7239
201955,1,112,2,1381,2062,1515,2281,3443,3796,2896,4343,7239
201955,2,999,1,1288,1918,1262,1783,3206,3045,2550,3701,6251
201955,2,999,2,1288,1918,1262,1783,3206,3045,2550,3701,6251
201955,3,1,1,16,42,107,169,58,276,123,211,334
201955,3,1,2,16,42,107,169,58,276,123,211,334
201955,4,2,1,794,1259,404,583,2053,987,1198,1842,3040
201955,4,2,2,794,1259,404,583,2053,987,1198,1842,3040
201955,5,3,1,346,461,487,662,807,1149,833,1123,1956
201955,5,3,2,346,461,487,662,807,1149,833,1123,1956
201955,6,4,1,132,156,264,369,288,633,396,525,921
201955,6,4,2,132,156,264,369,288,633,396,525,921
201955,7,999,1,93,144,253,498,237,751,346,642,988
201955,7,999,2,93,144,253,498,237,751,346,642,988
201955,8,5,1,54,100,135,225,154,360,189,325,514
201955,8,5,2,54,100,135,225,154,360,189,325,514
201955,9,6,1,21,21,61,102,42,163,82,123,205
201955,9,6,2,21,21,61,102,42,163,82,123,205
201955,10,7,1,9,10,25,61,19,86,34,71,105
201955,10,7,2,9,10,25,61,19,86,34,71,105
201955,11,8,1,6,10,20,71,16,91,26,81,107
201955,11,8,2,6,10,20,71,16,91,26,81,107
201955,12,9,1,2,3,10,37,5,47,12,40,52
201955,12,9,2,2,3,10,37,5,47,12,40,52
201955,13,10,1,1,0,2,2,1,4,3,2,5
201955,13,10,2,1,0,2,2,1,4,3,2,5
202046,1,412,1,166,424,7,2,590,9,173,426,599
202046,1,112,2,166,424,7,2,590,9,173,426,599
202046,2,999,1,147,414,6,0,561,6,153,414,567
202046,2,999,2,147,414,6,0,561,6,153,414,567
202046,3,1,1,2,3,0,0,5,0,2,3,5
202046,3,1,2,2,3,0,0,5,0,2,3,5
202046,4,2,1,51,196,1,0,247,1,52,196,248
202046,4,2,2,51,196,1,0,247,1,52,196,248
202046,5,3,1,66,179,2,0,245,2,68,179,247
202046,5,3,2,66,179,2,0,245,2,68,179,247
202046,6,4,1,28,36,3,0,64,3,31,36,67
202046,6,4,2,28,36,3,0,64,3,31,36,67
202046,7,999,1,19,7,1,2,26,3,20,9,29
202046,7,999,2,19,7,1,2,26,3,20,9,29
202046,8,5,1,11,5,1,2,16,3,12,7,19
202046,8,5,2,11,5,1,2,16,3,12,7,19
202046,9,6,1,3,1,0,0,4,0,3,1,4
202046,9,6,2,3,1,0,0,4,0,3,1,4
202046,10,7,1,2,0,0,0,2,0,2,0,2
202046,10,7,2,2,0,0,0,2,0,2,0,2
202046,11,8,1,3,1,0,0,4,0,3,1,4
202046,11,8,2,3,1,0,0,4,0,3,1,4
202046,14,11,1,0,3,0,0,3,0,0,3,3
202046,14,11,2,0,3,0,0,3,0,0,3,3
202170,1,412,1,284,700,12,13,984,25,296,713,1009
202170,1,112,2,279,679,11,13,958,24,290,692,982
202170,1,312,5,5,21,1,0,26,1,6,21,27
202170,2,999,1,250,657,6,11,907,17,256,668,924
202170,2,999,2,248,646,6,11,894,17,254,657,911
202170,2,999,5,2,11,0,0,13,0,2,11,13
202170,3,1,1,0,4,0,0,4,0,0,4,4
202170,3,1,2,0,4,0,0,4,0,0,4,4
202170,4,2,1,83,280,1,2,363,3,84,282,366
202170,4,2,2,83,280,1,2,363,3,84,282,366
202170,5,3,1,113,269,0,6,382,6,113,275,388
202170,5,3,2,113,269,0,6,382,6,113,275,388
202170,6,4,1,54,104,5,3,158,8,59,107,166
202170,6,4,2,52,93,5,3,145,8,57,96,153
202170,6,4,5,2,11,0,0,13,0,2,11,13
202170,7,999,1,34,43,6,2,77,8,40,45,85
202170,7,999,2,31,33,5,2,64,7,36,35,71
202170,7,999,5,3,10,1,0,13,1,4,10,14
202170,8,5,1,25,26,3,1,51,4,28,27,55
202170,8,5,2,24,20,3,1,44,4,27,21,48
202170,8,5,5,1,6,0,0,7,0,1,6,7
202170,9,6,1,4,8,1,1,12,2,5,9,14
202170,9,6,2,3,7,1,1,10,2,4,8,12
202170,9,6,5,1,1,0,0,2,0,1,1,2
202170,10,7,1,4,2,0,0,6,0,4,2,6
202170,10,7,2,3,1,0,0,4,0,3,1,4
202170,10,7,5,1,1,0,0,2,0,1,1,2
202170,11,8,1,1,4,0,0,5,0,1,4,5
202170,11,8,2,1,3,0,0,4,0,1,3,4
202170,11,8,5,0,1,0,0,1,0,0,1,1
202170,12,9,1,0,3,2,0,3,2,2,3,5
202170,12,9,2,0,2,1,0,2,1,1,2,3
202170,12,9,5,0,1,1,0,1,1,1,1,2
202222,1,412,1,2962,3702,9156,11801,6664,20957,12118,15503,27621
202222,1,112,2,2962,3702,9156,11801,6664,20957,12118,15503,27621
202222,2,999,1,2380,2971,5987,7873,5351,13860,8367,10844,19211
202222,2,999,2,2380,2971,5987,7873,5351,13860,8367,10844,19211
202222,3,1,1,105,202,1797,3127,307,4924,1902,3329,5231
202222,3,1,2,105,202,1797,3127,307,4924,1902,3329,5231
202222,4,2,1,1065,1464,1463,1713,2529,3176,2528,3177,5705
202222,4,2,2,1065,1464,1463,1713,2529,3176,2528,3177,5705
202222,5,3,1,759,822,1341,1521,1581,2862,2100,2343,4443
202222,5,3,2,759,822,1341,1521,1581,2862,2100,2343,4443
202222,6,4,1,451,483,1386,1512,934,2898,1837,1995,3832
202222,6,4,2,451,483,1386,1512,934,2898,1837,1995,3832
202222,7,999,1,582,731,3169,3927,1313,7096,3751,4658,8409
202222,7,999,2,582,731,3169,3927,1313,7096,3751,4658,8409
202222,8,5,1,313,374,1323,1479,687,2802,1636,1853,3489
202222,8,5,2,313,374,1323,1479,687,2802,1636,1853,3489
202222,9,6,1,141,170,742,862,311,1604,883,1032,1915
202222,9,6,2,141,170,742,862,311,1604,883,1032,1915
202222,10,7,1,60,80,432,583,140,1015,492,663,1155
202222,10,7,2,60,80,432,583,140,1015,492,663,1155
202222,11,8,1,52,79,455,652,131,1107,507,731,1238
202222,11,8,2,52,79,455,652,131,1107,507,731,1238
202222,12,9,1,15,27,204,331,42,535,219,358,577
202222,12,9,2,15,27,204,331,42,535,219,358,577
202222,13,10,1,1,1,13,20,2,33,14,21,35
202222,13,10,2,1,1,13,20,2,33,14,21,35
202222,14,11,1,0,0,0,1,0,1,0,1,1
202222,14,11,2,0,0,0,1,0,1,0,1,1
202356,1,412,1,2125,2889,5197,8543,5014,13740,7322,11432,18754
202356,1,112,2,2125,2889,5197,8543,5014,13740,7322,11432,18754
202356,2,999,1,1630,2074,2983,4507,3704,7490,4613,6581,11194
202356,2,999,2,1630,2074,2983,4507,3704,7490,4613,6581,11194
202356,3,1,1,84,164,976,1782,248,2758,1060,1946,3006
202356,3,1,2,84,164,976,1782,248,2758,1060,1946,3006
202356,4,2,1,778,1018,602,775,1796,1377,1380,1793,3173
202356,4,2,2,778,1018,602,775,1796,1377,1380,1793,3173
202356,5,3,1,493,543,658,893,1036,1551,1151,1436,2587
202356,5,3,2,493,543,658,893,1036,1551,1151,1436,2587
202356,6,4,1,275,349,747,1057,624,1804,1022,1406,2428
202356,6,4,2,275,349,747,1057,624,1804,1022,1406,2428
202356,7,999,1,495,815,2214,4036,1310,6250,2709,4851,7560
202356,7,999,2,495,815,2214,4036,1310,6250,2709,4851,7560
202356,8,5,1,256,369,878,1362,625,2240,1134,1731,2865
202356,8,5,2,256,369,878,1362,625,2240,1134,1731,2865
202356,9,6,1,123,212,553,914,335,1467,676,1126,1802
202356,9,6,2,123,212,553,914,335,1467,676,1126,1802
202356,10,7,1,65,98,292,547,163,839,357,645,1002
202356,10,7,2,65,98,292,547,163,839,357,645,1002
202356,11,8,1,39,102,292,720,141,1012,331,822,1153
202356,11,8,2,39,102,292,720,141,1012,331,822,1153
202356,12,9,1,11,33,156,403,44,559,167,436,603
202356,12,9,2,11,33,156,403,44,559,167,436,603
202356,13,10,1,1,1,43,90,2,133,44,91,135
202356,13,10,2,1,1,43,90,2,133,44,91,135
202480,1,412,1,5293,5166,649,542,10459,1191,5942,5708,11650
202480,1,112,2,4238,4076,206,124,8314,330,4444,4200,8644
202480,1,312,5,1055,1090,443,418,2145,861,1498,1508,3006
202480,2,999,1,4975,4811,273,182,9786,455,5248,4993,10241
202480,2,999,2,4205,4048,181,101,8253,282,4386,4149,8535
202480,2,999,5,770,763,92,81,1533,173,862,844,1706
202480,3,1,1,17,26,12,21,43,33,29,47,76
202480,3,1,2,16,26,12,21,42,33,28,47,75
202480,3,1,5,1,0,0,0,1,0,1,0,1
202480,4,2,1,1768,1926,102,53,3694,155,1870,1979,3849
202480,4,2,2,1746,1894,102,53,3640,155,1848,1947,3795
202480,4,2,5,22,32,0,0,54,0,22,32,54
202480,5,3,1,2387,2403,55,19,4790,74,2442,2422,4864
202480,5,3,2,1952,1922,55,18,3874,73,2007,1940,3947
202480,5,3,5,435,481,0,1,916,1,435,482,917
202480,6,4,1,803,456,104,89,1259,193,907,545,1452
202480,6,4,2,491,206,12,9,697,21,503,215,718
202480,6,4,5,312,250,92,80,562,172,404,330,734
202480,7,999,1,318,355,376,360,673,736,694,715,1409
202480,7,999,2,33,28,25,23,61,48,58,51,109
202480,7,999,5,285,327,351,337,612,688,636,664,1300
202480,8,5,1,150,127,128,111,277,239,278,238,516
202480,8,5,2,22,15,4,5,37,9,26,20,46
202480,8,5,5,128,112,124,106,240,230,252,218,470
202480,9,6,1,64,79,78,78,143,156,142,157,299
202480,9,6,2,6,5,3,4,11,7,9,9,18
202480,9,6,5,58,74,75,74,132,149,133,148,281
202480,10,7,1,74,96,55,57,170,112,129,153,282
202480,10,7,2,3,2,8,2,5,10,11,4,15
202480,10,7,5,71,94,47,55,165,102,118,149,267
202480,11,8,1,25,48,64,72,73,136,89,120,209
202480,11,8,2,0,3,4,8,3,12,4,11,15
202480,11,8,5,25,45,60,64,70,124,85,109,194
202480,12,9,1,4,5,48,38,9,86,52,43,95
202480,12,9,2,1,3,6,2,4,8,7,5,12
202480,12,9,5,3,2,42,36,5,78,45,38,83
202480,13,10,1,1,0,3,4,1,7,4,4,8
202480,13,10,2,1,0,0,2,1,2,1,2,3
202480,13,10,5,0,0,3,2,0,5,3,2,5
202523,1,412,1,1051,1201,3,3,2252,6,1054,1204,2258
202523,1,112,2,1051,1201,3,3,2252,6,1054,1204,2258
202523,2,999,1,1046,1200,2,3,2246,5,1048,1203,2251
202523,2,999,2,1046,1200,2,3,2246,5,1048,1203,2251
202523,3,1,1,21,29,2,1,50,3,23,30,53
202523,3,1,2,21,29,2,1,50,3,23,30,53
202523,4,2,1,490,553,0,1,1043,1,490,554,1044
202523,4,2,2,490,553,0,1,1043,1,490,554,1044
202523,5,3,1,463,572,0,0,1035,0,463,572,1035
202523,5,3,2,463,572,0,0,1035,0,463,572,1035
202523,6,4,1,72,46,0,1,118,1,72,47,119
202523,6,4,2,72,46,0,1,118,1,72,47,119
202523,7,999,1,5,1,1,0,6,1,6,1,7
202523,7,999,2,5,1,1,0,6,1,6,1,7
202523,8,5,1,4,1,0,0,5,0,4,1,5
202523,8,5,2,4,1,0,0,5,0,4,1,5
202523,9,6,1,1,0,0,0,1,0,1,0,1
202523,9,6,2,1,0,0,0,1,0,1,0,1
202523,13,10,1,0,0,1,0,0,1,1,0,1
202523,13,10,2,0,0,1,0,0,1,1,0,1
202648,1,412,1,420,644,1156,1982,1064,3138,1576,2626,4202
202648,1,112,2,420,644,1156,1982,1064,3138,1576,2626,4202
202648,2,999,1,386,558,1007,1609,944,2616,1393,2167,3560
202648,2,999,2,386,558,1007,1609,944,2616,1393,2167,3560
202648,3,1,1,169,297,746,1135,466,1881,915,1432,2347
202648,3,1,2,169,297,746,1135,466,1881,915,1432,2347
202648,4,2,1,157,195,155,236,352,391,312,431,743
202648,4,2,2,157,195,155,236,352,391,312,431,743
202648,5,3,1,44,34,52,131,78,183,96,165,261
202648,5,3,2,44,34,52,131,78,183,96,165,261
202648,6,4,1,16,32,54,107,48,161,70,139,209
202648,6,4,2,16,32,54,107,48,161,70,139,209
202648,7,999,1,34,86,149,373,120,522,183,459,642
202648,7,999,2,34,86,149,373,120,522,183,459,642
202648,8,5,1,12,35,52,134,47,186,64,169,233
202648,8,5,2,12,35,52,134,47,186,64,169,233
202648,9,6,1,10,22,29,81,32,110,39,103,142
202648,9,6,2,10,22,29,81,32,110,39,103,142
202648,10,7,1,7,15,32,53,22,85,39,68,107
202648,10,7,2,7,15,32,53,22,85,39,68,107
202648,11,8,1,2,9,20,74,11,94,22,83,105
202648,11,8,2,2,9,20,74,11,94,22,83,105
202648,12,9,1,3,4,15,28,7,43,18,32,50
202648,12,9,2,3,4,15,28,7,43,18,32,50
202648,13,10,1,0,1,1,3,1,4,1,4,5
202648,13,10,2,0,1,1,3,1,4,1,4,5
202763,1,412,1,884,1872,844,1229,2756,2073,1728,3101,4829
202763,1,112,2,703,1458,635,936,2161,1571,1338,2394,3732
202763,1,312,5,181,414,209,293,595,502,390,707,1097
202763,2,999,1,745,1634,641,948,2379,1589,1386,2582,3968
202763,2,999,2,658,1407,614,900,2065,1514,1272,2307,3579
202763,2,999,5,87,227,27,48,314,75,114,275,389
202763,3,1,1,4,9,416,669,13,1085,420,678,1098
202763,3,1,2,4,9,416,669,13,1085,420,678,1098
202763,4,2,1,228,524,186,214,752,400,414,738,1152
202763,4,2,2,228,523,186,214,751,400,414,737,1151
202763,4,2,5,0,1,0,0,1,0,0,1,1
202763,5,3,1,293,630,4,6,923,10,297,636,933
202763,5,3,2,291,621,1,4,912,5,292,625,917
202763,5,3,5,2,9,3,2,11,5,5,11,16
202763,6,4,1,220,471,35,59,691,94,255,530,785
202763,6,4,2,135,254,11,13,389,24,146,267,413
202763,6,4,5,85,217,24,46,302,70,109,263,372
202763,7,999,1,138,237,203,276,375,479,341,513,854
202763,7,999,2,44,51,21,31,95,52,65,82,147
202763,7,999,5,94,186,182,245,280,427,276,431,707
202763,8,5,1,71,137,61,80,208,141,132,217,349
202763,8,5,2,26,36,8,8,62,16,34,44,78
202763,8,5,5,45,101,53,72,146,125,98,173,271
202763,9,6,1,37,41,44,68,78,112,81,109,190
202763,9,6,2,9,7,6,5,16,11,15,12,27
202763,9,6,5,28,34,38,63,62,101,66,97,163
202763,10,7,1,12,26,33,34,38,67,45,60,105
202763,10,7,2,2,3,1,3,5,4,3,6,9
202763,10,7,5,10,23,32,31,33,63,42,54,96
202763,11,8,1,15,20,37,63,35,100,52,83,135
202763,11,8,2,6,3,5,11,9,16,11,14,25
202763,11,8,5,9,17,32,52,26,84,41,69,110
202763,12,9,1,3,13,27,29,16,56,30,42,72
202763,12,9,2,1,2,1,4,3,5,2,6,8
202763,12,9,5,2,11,26,25,13,51,28,36,64
202763,13,10,1,0,0,1,2,0,3,1,2,3
202763,13,10,5,0,0,1,2,0,3,1,2,3
202763,14,11,1,1,1,0,5,2,5,1,6,7
202763,14,11,2,1,0,0,5,1,5,1,5,6
202763,14,11,5,0,1,0,0,1,0,0,1,1
202888,1,412,1,0,29,1,34,29,35,1,63,64
202888,1,112,2,0,29,1,34,29,35,1,63,64
202888,2,999,1,0,17,0,15,17,15,0,32,32
202888,2,999,2,0,17,0,15,17,15,0,32,32
202888,3,1,1,0,2,0,0,2,0,0,2,2
202888,3,1,2,0,2,0,0,2,0,0,2,2
202888,4,2,1,0,4,0,3,4,3,0,7,7
202888,4,2,2,0,4,0,3,4,3,0,7,7
202888,5,3,1,0,6,0,7,6,7,0,13,13
202888,5,3,2,0,6,0,7,6,7,0,13,13
202888,6,4,1,0,5,0,5,5,5,0,10,10
202888,6,4,2,0,5,0,5,5,5,0,10,10
202888,7,999,1,0,12,1,19,12,20,1,31,32
202888,7,999,2,0,12,1,19,12,20,1,31,32
202888,8,5,1,0,4,0,7,4,7,0,11,11
202888,8,5,2,0,4,0,7,4,7,0,11,11
202888,9,6,1,0,1,1,6,1,7,1,7,8
202888,9,6,2,0,1,1,6,1,7,1,7,8
202888,10,7,1,0,4,0,4,4,4,0,8,8
202888,10,7,2,0,4,0,4,4,4,0,8,8
202888,11,8,1,0,3,0,2,3,2,0,5,5
202888,11,8,2,0,3,0,2,3,2,0,5,5
203067,1,412,1,114,159,18,44,273,62,132,203,335
203067,1,312,5,114,159,18,44,273,62,132,203,335
203067,2,999,1,5,10,3,1,15,4,8,11,19
203067,2,999,5,5,10,3,1,15,4,8,11,19
203067,5,3,1,0,1,0,0,1,0,0,1,1
203067,5,3,5,0,1,0,0,1,0,0,1,1
203067,6,4,1,5,9,3,1,14,4,8,10,18
203067,6,4,5,5,9,3,1,14,4,8,10,18
203067,7,999,1,109,149,15,43,258,58,124,192,316
203067,7,999,5,109,149,15,43,258,58,124,192,316
203067,8,5,1,29,79,5,9,108,14,34,88,122
203067,8,5,5,29,79,5,9,108,14,34,88,122
203067,9,6,1,28,38,3,5,66,8,31,43,74
203067,9,6,5,28,38,3,5,66,8,31,43,74
203067,10,7,1,22,9,2,8,31,10,24,17,41
203067,10,7,5,22,9,2,8,31,10,24,17,41
203067,11,8,1,17,9,2,9,26,11,19,18,37
203067,11,8,5,17,9,2,9,26,11,19,18,37
203067,12,9,1,8,10,2,11,18,13,10,21,31
203067,12,9,5,8,10,2,11,18,13,10,21,31
203067,13,10,1,5,4,1,1,9,2,6,5,11
203067,13,10,5,5,4,1,1,9,2,6,5,11
203085,1,412,1,560,533,31,106,1093,137,591,639,1230
203085,1,112,2,520,493,7,25,1013,32,527,518,1045
203085,1,312,5,40,40,24,81,80,105,64,121,185
203085,2,999,1,544,518,15,39,1062,54,559,557,1116
203085,2,999,2,513,489,6,23,1002,29,519,512,1031
203085,2,999,5,31,29,9,16,60,25,40,45,85
203085,3,1,1,0,0,2,9,0,11,2,9,11
203085,3,1,2,0,0,2,9,0,11,2,9,11
203085,4,2,1,202,210,1,12,412,13,203,222,425
203085,4,2,2,202,210,1,12,412,13,203,222,425
203085,5,3,1,231,219,0,1,450,1,231,220,451
203085,5,3,2,231,218,0,1,449,1,231,219,450
203085,5,3,5,0,1,0,0,1,0,0,1,1
203085,6,4,1,111,89,12,17,200,29,123,106,229
203085,6,4,2,80,61,3,1,141,4,83,62,145
203085,6,4,5,31,28,9,16,59,25,40,44,84
203085,7,999,1,16,15,16,67,31,83,32,82,114
203085,7,999,2,7,4,1,2,11,3,8,6,14
203085,7,999,5,9,11,15,65,20,80,24,76,100
203085,8,5,1,14,7,7,26,21,33,21,33,54
203085,8,5,2,6,2,1,1,8,2,7,3,10
203085,8,5,5,8,5,6,25,13,31,14,30,44
203085,9,6,1,1,1,2,9,2,11,3,10,13
203085,9,6,2,1,0,0,0,1,0,1,0,1
203085,9,6,5,0,1,2,9,1,11,2,10,12
203085,10,7,1,1,2,1,8,3,9,2,10,12
203085,10,7,5,1,2,1,8,3,9,2,10,12
203085,11,8,1,0,3,2,13,3,15,2,16,18
203085,11,8,2,0,2,0,1,2,1,0,3,3
203085,11,8,5,0,1,2,12,1,14,2,13,15
203085,12,9,1,0,2,3,11,2,14,3,13,16
203085,12,9,5,0,2,3,11,2,14,3,13,16
203085,13,10,1,0,0,1,0,0,1,1,0,1
203085,13,10,5,0,0,1,0,0,1,1,0,1
203128,1,412,1,363,447,123,177,810,300,486,624,1110
203128,1,112,2,363,447,113,168,810,281,476,615,1091
203128,1,312,5,0,0,10,9,0,19,10,9,19
203128,2,999,1,352,430,95,135,782,230,447,565,1012
203128,2,999,2,352,430,89,130,782,219,441,560,1001
203128,2,999,5,0,0,6,5,0,11,6,5,11
203128,3,1,1,7,18,58,112,25,170,65,130,195
203128,3,1,2,7,18,58,112,25,170,65,130,195
203128,4,2,1,160,204,10,3,364,13,170,207,377
203128,4,2,2,160,204,10,3,364,13,170,207,377
203128,5,3,1,148,187,7,8,335,15,155,195,350
203128,5,3,2,148,187,7,8,335,15,155,195,350
203128,6,4,1,37,21,20,12,58,32,57,33,90
203128,6,4,2,37,21,14,7,58,21,51,28,79
203128,6,4,5,0,0,6,5,0,11,6,5,11
203128,7,999,1,11,17,28,42,28,70,39,59,98
203128,7,999,2,11,17,24,38,28,62,35,55,90
203128,7,999,5,0,0,4,4,0,8,4,4,8
203128,8,5,1,9,7,11,8,16,19,20,15,35
203128,8,5,2,9,7,9,8,16,17,18,15,33
203128,8,5,5,0,0,2,0,0,2,2,0,2
203128,9,6,1,2,3,7,11,5,18,9,14,23
203128,9,6,2,2,3,6,11,5,17,8,14,22
203128,9,6,5,0,0,1,0,0,1,1,0,1
203128,10,7,1,0,4,6,7,4,13,6,11,17
203128,10,7,2,0,4,6,6,4,12,6,10,16
203128,10,7,5,0,0,0,1,0,1,0,1,1
203128,11,8,1,0,1,4,8,1,12,4,9,13
203128,11,8,2,0,1,3,6,1,9,3,7,10
203128,11,8,5,0,0,1,2,0,3,1,2,3
203128,12,9,1,0,2,0,7,2,7,0,9,9
203128,12,9,2,0,2,0,6,2,6,0,8,8
203128,12,9,5,0,0,0,1,0,1,0,1,1
203128,13,10,1,0,0,0,1,0,1,0,1,1
203128,13,10,2,0,0,0,1,0,1,0,1,1
203155,1,412,1,936,680,295,520,1616,815,1231,1200,2431
203155,1,112,2,936,680,295,520,1616,815,1231,1200,2431
203155,2,999,1,817,539,244,390,1356,634,1061,929,1990
203155,2,999,2,817,539,244,390,1356,634,1061,929,1990
203155,3,1,1,19,34,116,239,53,355,135,273,408
203155,3,1,2,19,34,116,239,53,355,135,273,408
203155,4,2,1,469,287,58,49,756,107,527,336,863
203155,4,2,2,469,287,58,49,756,107,527,336,863
203155,5,3,1,228,157,48,52,385,100,276,209,485
203155,5,3,2,228,157,48,52,385,100,276,209,485
203155,6,4,1,101,61,22,50,162,72,123,111,234
203155,6,4,2,101,61,22,50,162,72,123,111,234
203155,7,999,1,119,141,51,130,260,181,170,271,441
203155,7,999,2,119,141,51,130,260,181,170,271,441
203155,8,5,1,60,70,12,48,130,60,72,118,190
203155,8,5,2,60,70,12,48,130,60,72,118,190
203155,9,6,1,27,27,8,35,54,43,35,62,97
203155,9,6,2,27,27,8,35,54,43,35,62,97
203155,10,7,1,18,22,7,21,40,28,25,43,68
203155,10,7,2,18,22,7,21,40,28,25,43,68
203155,11,8,1,14,13,12,15,27,27,26,28,54
203155,11,8,2,14,13,12,15,27,27,26,28,54
203155,12,9,1,0,9,12,11,9,23,12,20,32
203155,12,9,2,0,9,12,11,9,23,12,20,32
203331,1,412,1,4194,8571,8657,18614,12765,27271,12851,27185,40036
203331,1,112,2,4194,8571,8657,18614,12765,27271,12851,27185,40036
203331,2,999,1,1334,2239,2293,3844,3573,6137,3627,6083,9710
203331,2,999,2,1334,2239,2293,3844,3573,6137,3627,6083,9710
203331,3,1,1,40,101,497,829,141,1326,537,930,1467
203331,3,1,2,40,101,497,829,141,1326,537,930,1467
203331,4,2,1,441,709,536,793,1150,1329,977,1502,2479
203331,4,2,2,441,709,536,793,1150,1329,977,1502,2479
203331,5,3,1,391,577,539,825,968,1364,930,1402,2332
203331,5,3,2,391,577,539,825,968,1364,930,1402,2332
203331,6,4,1,462,852,721,1397,1314,2118,1183,2249,3432
203331,6,4,2,462,852,721,1397,1314,2118,1183,2249,3432
203331,7,999,1,2860,6332,6364,14770,9192,21134,9224,21102,30326
203331,7,999,2,2860,6332,6364,14770,9192,21134,9224,21102,30326
203331,8,5,1,828,1533,1399,2870,2361,4269,2227,4403,6630
203331,8,5,2,828,1533,1399,2870,2361,4269,2227,4403,6630
203331,9,6,1,669,1383,1304,2806,2052,4110,1973,4189,6162
203331,9,6,2,669,1383,1304,2806,2052,4110,1973,4189,6162
203331,10,7,1,486,1146,1201,2478,1632,3679,1687,3624,5311
203331,10,7,2,486,1146,1201,2478,1632,3679,1687,3624,5311
203331,11,8,1,623,1540,1651,3911,2163,5562,2274,5451,7725
203331,11,8,2,623,1540,1651,3911,2163,5562,2274,5451,7725
203331,12,9,1,247,716,766,2610,963,3376,1013,3326,4339
203331,12,9,2,247,716,766,2610,963,3376,1013,3326,4339
203331,13,10,1,7,14,43,95,21,138,50,109,159
203331,13,10,2,7,14,43,95,21,138,50,109,159
203368,1,412,1,1517,1451,109,201,2968,310,1626,1652,3278
203368,1,112,2,1433,1281,28,29,2714,57,1461,1310,2771
203368,1,312,5,84,170,81,172,254,253,165,342,507
203368,2,999,1,1469,1388,46,67,2857,113,1515,1455,2970
203368,2,999,2,1416,1274,22,25,2690,47,1438,1299,2737
203368,2,999,5,53,114,24,42,167,66,77,156,233
203368,3,1,1,16,18,5,12,34,17,21,30,51
203368,3,1,2,16,18,5,12,34,17,21,30,51
203368,4,2,1,611,578,0,3,1189,3,611,581,1192
203368,4,2,2,611,578,0,3,1189,3,611,581,1192
203368,5,3,1,696,638,6,7,1334,13,702,645,1347
203368,5,3,2,695,632,5,7,1327,12,700,639,1339
203368,5,3,5,1,6,1,0,7,1,2,6,8
203368,6,4,1,146,154,35,45,300,80,181,199,380
203368,6,4,2,94,46,12,3,140,15,106,49,155
203368,6,4,5,52,108,23,42,160,65,75,150,225
203368,7,999,1,48,63,63,134,111,197,111,197,308
203368,7,999,2,17,7,6,4,24,10,23,11,34
203368,7,999,5,31,56,57,130,87,187,88,186,274
203368,8,5,1,31,36,26,48,67,74,57,84,141
203368,8,5,2,11,4,5,1,15,6,16,5,21
203368,8,5,5,20,32,21,47,52,68,41,79,120
203368,9,6,1,10,13,12,18,23,30,22,31,53
203368,9,6,2,3,1,0,1,4,1,3,2,5
203368,9,6,5,7,12,12,17,19,29,19,29,48
203368,10,7,1,3,3,6,13,6,19,9,16,25
203368,10,7,2,2,0,0,1,2,1,2,1,3
203368,10,7,5,1,3,6,12,4,18,7,15,22
203368,11,8,1,1,9,9,34,10,43,10,43,53
203368,11,8,2,1,2,1,0,3,1,2,2,4
203368,11,8,5,0,7,8,34,7,42,8,41,49
203368,12,9,1,2,2,7,19,4,26,9,21,30
203368,12,9,2,0,0,0,1,0,1,0,1,1
203368,12,9,5,2,2,7,18,4,25,9,20,29
203368,13,10,1,1,0,3,2,1,5,4,2,6
203368,13,10,5,1,0,3,2,1,5,4,2,6
203447,1,412,1,79,171,664,1135,250,1799,743,1306,2049
203447,1,112,2,79,171,664,1135,250,1799,743,1306,2049
203447,2,999,1,65,139,454,722,204,1176,519,861,1380
203447,2,999,2,65,139,454,722,204,1176,519,861,1380
203447,3,1,1,5,10,87,206,15,293,92,216,308
203447,3,1,2,5,10,87,206,15,293,92,216,308
203447,4,2,1,33,87,97,153,120,250,130,240,370
203447,4,2,2,33,87,97,153,120,250,130,240,370
203447,5,3,1,16,28,131,193,44,324,147,221,368
203447,5,3,2,16,28,131,193,44,324,147,221,368
203447,6,4,1,11,14,139,170,25,309,150,184,334
203447,6,4,2,11,14,139,170,25,309,150,184,334
203447,7,999,1,14,32,208,411,46,619,222,443,665
203447,7,999,2,14,32,208,411,46,619,222,443,665
203447,8,5,1,7,18,104,164,25,268,111,182,293
203447,8,5,2,7,18,104,164,25,268,111,182,293
203447,9,6,1,5,4,42,94,9,136,47,98,145
203447,9,6,2,5,4,42,94,9,136,47,98,145
203447,10,7,1,0,3,22,63,3,85,22,66,88
203447,10,7,2,0,3,22,63,3,85,22,66,88
203447,11,8,1,2,4,28,64,6,92,30,68,98
203447,11,8,2,2,4,28,64,6,92,30,68,98
203447,12,9,1,0,3,12,23,3,35,12,26,38
203447,12,9,2,0,3,12,23,3,35,12,26,38
203447,13,10,1,0,0,0,3,0,3,0,3,3
203447,13,10,2,0,0,0,3,0,3,0,3,3
203447,14,11,1,0,0,2,2,0,4,2,2,4
203447,14,11,2,0,0,2,2,0,4,2,2,4
203456,1,412,1,14,35,364,760,49,1124,378,795,1173
203456,1,112,2,14,35,364,760,49,1124,378,795,1173
203456,2,999,1,11,30,258,528,41,786,269,558,827
203456,2,999,2,11,30,258,528,41,786,269,558,827
203456,3,1,1,1,1,75,150,2,225,76,151,227
203456,3,1,2,1,1,75,150,2,225,76,151,227
203456,4,2,1,6,21,48,125,27,173,54,146,200
203456,4,2,2,6,21,48,125,27,173,54,146,200
203456,5,3,1,3,4,64,130,7,194,67,134,201
203456,5,3,2,3,4,64,130,7,194,67,134,201
203456,6,4,1,1,4,71,123,5,194,72,127,199
203456,6,4,2,1,4,71,123,5,194,72,127,199
203456,7,999,1,3,5,106,232,8,338,109,237,346
203456,7,999,2,3,5,106,232,8,338,109,237,346
203456,8,5,1,3,3,53,102,6,155,56,105,161
203456,8,5,2,3,3,53,102,6,155,56,105,161
203456,9,6,1,0,1,27,54,1,81,27,55,82
203456,9,6,2,0,1,27,54,1,81,27,55,82
203456,10,7,1,0,0,10,31,0,41,10,31,41
203456,10,7,2,0,0,10,31,0,41,10,31,41
203456,11,8,1,0,1,12,36,1,48,12,37,49
203456,11,8,2,0,1,12,36,1,48,12,37,49
203456,12,9,1,0,0,3,9,0,12,3,9,12
203456,12,9,2,0,0,3,9,0,12,3,9,12
203456,13,10,1,0,0,1,0,0,1,1,0,1
203456,13,10,2,0,0,1,0,0,1,1,0,1
203465,1,412,1,544,890,1331,2185,1434,3516,1875,3075,4950
203465,1,112,2,544,890,1330,2180,1434,3510,1874,3070,4944
203465,1,312,5,0,0,1,5,0,6,1,5,6
203465,2,999,1,503,801,1078,1687,1304,2765,1581,2488,4069
203465,2,999,2,503,801,1078,1686,1304,2764,1581,2487,4068
203465,2,999,5,0,0,0,1,0,1,0,1,1
203465,3,1,1,8,31,308,517,39,825,316,548,864
203465,3,1,2,8,31,308,517,39,825,316,548,864
203465,4,2,1,224,393,191,334,617,525,415,727,1142
203465,4,2,2,224,393,191,334,617,525,415,727,1142
203465,5,3,1,169,224,288,493,393,781,457,717,1174
203465,5,3,2,169,224,288,493,393,781,457,717,1174
203465,6,4,1,102,153,291,343,255,634,393,496,889
203465,6,4,2,102,153,291,342,255,633,393,495,888
203465,6,4,5,0,0,0,1,0,1,0,1,1
203465,7,999,1,41,89,253,498,130,751,294,587,881
203465,7,999,2,41,89,252,494,130,746,293,583,876
203465,7,999,5,0,0,1,4,0,5,1,4,5
203465,8,5,1,24,53,139,219,77,358,163,272,435
203465,8,5,2,24,53,139,219,77,358,163,272,435
203465,9,6,1,10,18,52,109,28,161,62,127,189
203465,9,6,2,10,18,52,108,28,160,62,126,188
203465,9,6,5,0,0,0,1,0,1,0,1,1
203465,10,7,1,2,10,17,60,12,77,19,70,89
203465,10,7,2,2,10,17,59,12,76,19,69,88
203465,10,7,5,0,0,0,1,0,1,0,1,1
203465,11,8,1,5,4,27,77,9,104,32,81,113
203465,11,8,2,5,4,27,76,9,103,32,80,112
203465,11,8,5,0,0,0,1,0,1,0,1,1
203465,12,9,1,0,4,15,27,4,42,15,31,46
203465,12,9,2,0,4,14,27,4,41,14,31,45
203465,12,9,5,0,0,1,0,0,1,1,0,1
203465,13,10,1,0,0,3,6,0,9,3,6,9
203465,13,10,2,0,0,3,5,0,8,3,5,8
203465,13,10,5,0,0,0,1,0,1,0,1,1
203474,1,412,1,159,313,706,1112,472,1818,865,1425,2290
203474,1,112,2,159,313,706,1112,472,1818,865,1425,2290
203474,2,999,1,136,275,474,727,411,1201,610,1002,1612
203474,2,999,2,136,275,474,727,411,1201,610,1002,1612
203474,3,1,1,2,6,93,176,8,269,95,182,277
203474,3,1,2,2,6,93,176,8,269,95,182,277
203474,4,2,1,73,172,98,170,245,268,171,342,513
203474,4,2,2,73,172,98,170,245,268,171,342,513
203474,5,3,1,33,70,133,195,103,328,166,265,431
203474,5,3,2,33,70,133,195,103,328,166,265,431
203474,6,4,1,28,27,150,186,55,336,178,213,391
203474,6,4,2,28,27,150,186,55,336,178,213,391
203474,7,999,1,23,38,232,385,61,617,255,423,678
203474,7,999,2,23,38,232,385,61,617,255,423,678
203474,8,5,1,13,16,105,162,29,267,118,178,296
203474,8,5,2,13,16,105,162,29,267,118,178,296
203474,9,6,1,6,10,52,83,16,135,58,93,151
203474,9,6,2,6,10,52,83,16,135,58,93,151
203474,10,7,1,3,6,39,47,9,86,42,53,95
203474,10,7,2,3,6,39,47,9,86,42,53,95
203474,11,8,1,0,6,25,68,6,93,25,74,99
203474,11,8,2,0,6,25,68,6,93,25,74,99
203474,12,9,1,1,0,10,24,1,34,11,24,35
203474,12,9,2,1,0,10,24,1,34,11,24,35
203474,13,10,1,0,0,1,1,0,2,1,1,2
203474,13,10,2,0,0,1,1,0,2,1,1,2
203483,1,412,1,233,383,673,923,616,1596,906,1306,2212
203483,1,112,2,233,383,673,923,616,1596,906,1306,2212
203483,2,999,1,216,357,507,655,573,1162,723,1012,1735
203483,2,999,2,216,357,507,655,573,1162,723,1012,1735
203483,3,1,1,23,51,110,203,74,313,133,254,387
203483,3,1,2,23,51,110,203,74,313,133,254,387
203483,4,2,1,105,186,113,123,291,236,218,309,527
203483,4,2,2,105,186,113,123,291,236,218,309,527
203483,5,3,1,56,72,147,173,128,320,203,245,448
203483,5,3,2,56,72,147,173,128,320,203,245,448
203483,6,4,1,32,48,137,156,80,293,169,204,373
203483,6,4,2,32,48,137,156,80,293,169,204,373
203483,7,999,1,17,26,166,268,43,434,183,294,477
203483,7,999,2,17,26,166,268,43,434,183,294,477
203483,8,5,1,7,16,80,107,23,187,87,123,210
203483,8,5,2,7,16,80,107,23,187,87,123,210
203483,9,6,1,4,5,38,66,9,104,42,71,113
203483,9,6,2,4,5,38,66,9,104,42,71,113
203483,10,7,1,3,1,18,34,4,52,21,35,56
203483,10,7,2,3,1,18,34,4,52,21,35,56
203483,11,8,1,1,2,21,47,3,68,22,49,71
203483,11,8,2,1,2,21,47,3,68,22,49,71
203483,12,9,1,2,2,9,13,4,22,11,15,26
203483,12,9,2,2,2,9,13,4,22,11,15,26
203483,13,10,1,0,0,0,1,0,1,0,1,1
203483,13,10,2,0,0,0,1,0,1,0,1,1
203492,1,412,1,61,294,429,945,355,1374,490,1239,1729
203492,1,112,2,61,294,429,945,355,1374,490,1239,1729
203492,2,999,1,48,241,349,700,289,1049,397,941,1338
203492,2,999,2,48,241,349,700,289,1049,397,941,1338
203492,3,1,1,4,10,126,220,14,346,130,230,360
203492,3,1,2,4,10,126,220,14,346,130,230,360
203492,4,2,1,21,104,84,173,125,257,105,277,382
203492,4,2,2,21,104,84,173,125,257,105,277,382
203492,5,3,1,15,79,77,188,94,265,92,267,359
203492,5,3,2,15,79,77,188,94,265,92,267,359
203492,6,4,1,8,48,62,119,56,181,70,167,237
203492,6,4,2,8,48,62,119,56,181,70,167,237
203492,7,999,1,13,53,80,245,66,325,93,298,391
203492,7,999,2,13,53,80,245,66,325,93,298,391
203492,8,5,1,7,28,35,103,35,138,42,131,173
203492,8,5,2,7,28,35,103,35,138,42,131,173
203492,9,6,1,4,10,17,53,14,70,21,63,84
203492,9,6,2,4,10,17,53,14,70,21,63,84
203492,10,7,1,1,6,8,29,7,37,9,35,44
203492,10,7,2,1,6,8,29,7,37,9,35,44
203492,11,8,1,1,7,15,43,8,58,16,50,66
203492,11,8,2,1,7,15,43,8,58,16,50,66
203492,12,9,1,0,2,5,16,2,21,5,18,23
203492,12,9,2,0,2,5,16,2,21,5,18,23
203492,13,10,1,0,0,0,1,0,1,0,1,1
203492,13,10,2,0,0,0,1,0,1,0,1,1
203517,1,412,1,7547,12647,2442,4186,20194,6628,9989,16833,26822
203517,1,112,2,6465,10896,1795,2465,17361,4260,8260,13361,21621
203517,1,312,5,1082,1751,647,1721,2833,2368,1729,3472,5201
203517,2,999,1,6376,11189,1364,1879,17565,3243,7740,13068,20808
203517,2,999,2,6077,10497,1292,1654,16574,2946,7369,12151,19520
203517,2,999,5,299,692,72,225,991,297,371,917,1288
203517,3,1,1,49,144,211,394,193,605,260,538,798
203517,3,1,2,49,144,211,394,193,605,260,538,798
203517,4,2,1,2389,4545,185,245,6934,430,2574,4790,7364
203517,4,2,2,2388,4544,185,245,6932,430,2573,4789,7362
203517,4,2,5,1,1,0,0,2,0,1,1,2
203517,5,3,1,2507,4573,362,464,7080,826,2869,5037,7906
203517,5,3,2,2494,4540,362,457,7034,819,2856,4997,7853
203517,5,3,5,13,33,0,7,46,7,13,40,53
203517,6,4,1,1431,1927,606,776,3358,1382,2037,2703,4740
203517,6,4,2,1146,1269,534,558,2415,1092,1680,1827,3507
203517,6,4,5,285,658,72,218,943,290,357,876,1233
203517,7,999,1,1171,1458,1077,2307,2629,3384,2248,3765,6013
203517,7,999,2,388,399,502,811,787,1313,890,1210,2100
203517,7,999,5,783,1059,575,1496,1842,2071,1358,2555,3913
203517,8,5,1,670,778,432,840,1448,1272,1102,1618,2720
203517,8,5,2,270,251,244,338,521,582,514,589,1103
203517,8,5,5,400,527,188,502,927,690,588,1029,1617
203517,9,6,1,265,276,248,495,541,743,513,771,1284
203517,9,6,2,62,61,118,154,123,272,180,215,395
203517,9,6,5,203,215,130,341,418,471,333,556,889
203517,10,7,1,121,149,147,322,270,469,268,471,739
203517,10,7,2,27,33,49,106,60,155,76,139,215
203517,10,7,5,94,116,98,216,210,314,192,332,524
203517,11,8,1,87,198,170,438,285,608,257,636,893
203517,11,8,2,25,45,61,130,70,191,86,175,261
203517,11,8,5,62,153,109,308,215,417,171,461,632
203517,12,9,1,26,55,76,195,81,271,102,250,352
203517,12,9,2,3,9,28,73,12,101,31,82,113
203517,12,9,5,23,46,48,122,69,170,71,168,239
203517,13,10,1,2,2,4,17,4,21,6,19,25
203517,13,10,2,1,0,2,10,1,12,3,10,13
203517,13,10,5,1,2,2,7,3,9,3,9,12
203517,14,11,1,0,0,1,0,0,1,1,0,1
203517,14,11,2,0,0,1,0,0,1,1,0,1
203526,1,412,1,145,209,739,1384,354,2123,884,1593,2477
203526,1,112,2,145,209,738,1384,354,2122,883,1593,2476
203526,1,312,5,0,0,1,0,0,1,1,0,1
203526,2,999,1,137,193,572,976,330,1548,709,1169,1878
203526,2,999,2,137,193,571,976,330,1547,708,1169,1877
203526,2,999,5,0,0,1,0,0,1,1,0,1
203526,3,1,1,7,24,176,350,31,526,183,374,557
203526,3,1,2,7,24,176,350,31,526,183,374,557
203526,4,2,1,93,114,126,207,207,333,219,321,540
203526,4,2,2,93,114,126,207,207,333,219,321,540
203526,5,3,1,28,37,127,205,65,332,155,242,397
203526,5,3,2,28,37,127,205,65,332,155,242,397
203526,6,4,1,9,18,143,214,27,357,152,232,384
203526,6,4,2,9,18,142,214,27,356,151,232,383
203526,6,4,5,0,0,1,0,0,1,1,0,1
203526,7,999,1,8,16,167,408,24,575,175,424,599
203526,7,999,2,8,16,167,408,24,575,175,424,599
203526,8,5,1,4,5,77,162,9,239,81,167,248
203526,8,5,2,4,5,77,162,9,239,81,167,248
203526,9,6,1,0,5,41,83,5,124,41,88,129
203526,9,6,2,0,5,41,83,5,124,41,88,129
203526,10,7,1,3,5,24,63,8,87,27,68,95
203526,10,7,2,3,5,24,63,8,87,27,68,95
203526,11,8,1,0,1,17,72,1,89,17,73,90
203526,11,8,2,0,1,17,72,1,89,17,73,90
203526,12,9,1,1,0,6,26,1,32,7,26,33
203526,12,9,2,1,0,6,26,1,32,7,26,33
203526,13,10,1,0,0,2,2,0,4,2,2,4
203526,13,10,2,0,0,2,2,0,4,2,2,4
203544,1,412,1,97,427,43,196,524,239,140,623,763
203544,1,112,2,64,292,41,169,356,210,105,461,566
203544,1,312,5,33,135,2,27,168,29,35,162,197
203544,2,999,1,54,317,22,97,371,119,76,414,490
203544,2,999,2,36,221,21,91,257,112,57,312,369
203544,2,999,5,18,96,1,6,114,7,19,102,121
203544,3,1,1,0,0,8,7,0,15,8,7,15
203544,3,1,2,0,0,8,7,0,15,8,7,15
203544,4,2,1,7,70,6,11,77,17,13,81,94
203544,4,2,2,7,70,6,11,77,17,13,81,94
203544,5,3,1,14,74,0,40,88,40,14,114,128
203544,5,3,2,14,73,0,40,87,40,14,113,127
203544,5,3,5,0,1,0,0,1,0,0,1,1
203544,6,4,1,33,173,8,39,206,47,41,212,253
203544,6,4,2,15,78,7,33,93,40,22,111,133
203544,6,4,5,18,95,1,6,113,7,19,101,120
203544,7,999,1,43,110,21,98,153,119,64,208,272
203544,7,999,2,28,71,20,77,99,97,48,148,196
203544,7,999,5,15,39,1,21,54,22,16,60,76
203544,8,5,1,23,70,4,38,93,42,27,108,135
203544,8,5,2,13,33,4,17,46,21,17,50,67
203544,8,5,5,10,37,0,21,47,21,10,58,68
203544,9,6,1,6,26,5,20,32,25,11,46,57
203544,9,6,2,6,24,4,20,30,24,10,44,54
203544,9,6,5,0,2,1,0,2,1,1,2,3
203544,10,7,1,9,6,3,17,15,20,12,23,35
203544,10,7,2,4,6,3,17,10,20,7,23,30
203544,10,7,5,5,0,0,0,5,0,5,0,5
203544,11,8,1,5,6,6,15,11,21,11,21,32
203544,11,8,2,5,6,6,15,11,21,11,21,32
203544,12,9,1,0,2,3,8,2,11,3,10,13
203544,12,9,2,0,2,3,8,2,11,3,10,13
203544,14,11,1,0,0,0,1,0,1,0,1,1
203544,14,11,2,0,0,0,1,0,1,0,1,1
203748,1,412,1,968,1508,2805,4857,2476,7662,3773,6365,10138
203748,1,112,2,968,1508,2805,4857,2476,7662,3773,6365,10138
203748,2,999,1,808,1228,2088,3234,2036,5322,2896,4462,7358
203748,2,999,2,808,1228,2088,3234,2036,5322,2896,4462,7358
203748,3,1,1,120,221,1182,1845,341,3027,1302,2066,3368
203748,3,1,2,120,221,1182,1845,341,3027,1302,2066,3368
203748,4,2,1,410,653,350,431,1063,781,760,1084,1844
203748,4,2,2,410,653,350,431,1063,781,760,1084,1844
203748,5,3,1,191,235,287,488,426,775,478,723,1201
203748,5,3,2,191,235,287,488,426,775,478,723,1201
203748,6,4,1,87,119,269,470,206,739,356,589,945
203748,6,4,2,87,119,269,470,206,739,356,589,945
203748,7,999,1,160,280,717,1623,440,2340,877,1903,2780
203748,7,999,2,160,280,717,1623,440,2340,877,1903,2780
203748,8,5,1,73,116,242,570,189,812,315,686,1001
203748,8,5,2,73,116,242,570,189,812,315,686,1001
203748,9,6,1,39,64,156,354,103,510,195,418,613
203748,9,6,2,39,64,156,354,103,510,195,418,613
203748,10,7,1,22,38,105,223,60,328,127,261,388
203748,10,7,2,22,38,105,223,60,328,127,261,388
203748,11,8,1,20,48,151,302,68,453,171,350,521
203748,11,8,2,20,48,151,302,68,453,171,350,521
203748,12,9,1,6,14,62,167,20,229,68,181,249
203748,12,9,2,6,14,62,167,20,229,68,181,249
203748,13,10,1,0,0,1,7,0,8,1,7,8
203748,13,10,2,0,0,1,7,0,8,1,7,8
203775,1,412,1,367,586,165,345,953,510,532,931,1463
203775,1,112,2,339,518,105,152,857,257,444,670,1114
203775,1,312,5,28,68,60,193,96,253,88,261,349
203775,2,999,1,336,514,87,117,850,204,423,631,1054
203775,2,999,2,320,491,80,103,811,183,400,594,994
203775,2,999,5,16,23,7,14,39,21,23,37,60
203775,3,1,1,7,8,61,72,15,133,68,80,148
203775,3,1,2,7,8,61,72,15,133,68,80,148
203775,4,2,1,149,210,7,12,359,19,156,222,378
203775,4,2,2,149,210,7,12,359,19,156,222,378
203775,5,3,1,134,221,2,6,355,8,136,227,363
203775,5,3,2,133,219,2,5,352,7,135,224,359
203775,5,3,5,1,2,0,1,3,1,1,3,4
203775,6,4,1,46,75,17,27,121,44,63,102,165
203775,6,4,2,31,54,10,14,85,24,41,68,109
203775,6,4,5,15,21,7,13,36,20,22,34,56
203775,7,999,1,31,72,78,226,103,304,109,298,407
203775,7,999,2,19,27,25,47,46,72,44,74,118
203775,7,999,5,12,45,53,179,57,232,65,224,289
203775,8,5,1,9,22,19,71,31,90,28,93,121
203775,8,5,2,8,7,3,9,15,12,11,16,27
203775,8,5,5,1,15,16,62,16,78,17,77,94
203775,9,6,1,7,12,12,41,19,53,19,53,72
203775,9,6,2,5,4,0,8,9,8,5,12,17
203775,9,6,5,2,8,12,33,10,45,14,41,55
203775,10,7,1,8,16,13,29,24,42,21,45,66
203775,10,7,2,4,4,5,5,8,10,9,9,18
203775,10,7,5,4,12,8,24,16,32,12,36,48
203775,11,8,1,5,10,17,58,15,75,22,68,90
203775,11,8,2,2,6,10,13,8,23,12,19,31
203775,11,8,5,3,4,7,45,7,52,10,49,59
203775,12,9,1,2,12,14,25,14,39,16,37,53
203775,12,9,2,0,6,5,12,6,17,5,18,23
203775,12,9,5,2,6,9,13,8,22,11,19,30
203775,13,10,1,0,0,3,2,0,5,3,2,5
203775,13,10,2,0,0,2,0,0,2,2,0,2
203775,13,10,5,0,0,1,2,0,3,1,2,3
203775,14,11,1,0,0,0,2,0,2,0,2,2
203775,14,11,2,0,0,0,2,0,2,0,2,2
203845,1,412,1,601,595,33,25,1196,58,634,620,1254
203845,1,112,2,585,525,33,25,1110,58,618,550,1168
203845,1,312,5,16,70,0,0,86,0,16,70,86
203845,2,999,1,582,562,27,19,1144,46,609,581,1190
203845,2,999,2,574,520,27,19,1094,46,601,539,1140
203845,2,999,5,8,42,0,0,50,0,8,42,50
203845,3,1,1,0,1,11,8,1,19,11,9,20
203845,3,1,2,0,1,11,8,1,19,11,9,20
203845,4,2,1,227,242,7,8,469,15,234,250,484
203845,4,2,2,227,242,7,8,469,15,234,250,484
203845,5,3,1,270,229,3,0,499,3,273,229,502
203845,5,3,2,269,229,3,0,498,3,272,229,501
203845,5,3,5,1,0,0,0,1,0,1,0,1
203845,6,4,1,85,90,6,3,175,9,91,93,184
203845,6,4,2,78,48,6,3,126,9,84,51,135
203845,6,4,5,7,42,0,0,49,0,7,42,49
203845,7,999,1,19,31,6,6,50,12,25,37,62
203845,7,999,2,11,5,6,6,16,12,17,11,28
203845,7,999,5,8,26,0,0,34,0,8,26,34
203845,8,5,1,16,23,4,2,39,6,20,25,45
203845,8,5,2,10,3,4,2,13,6,14,5,19
203845,8,5,5,6,20,0,0,26,0,6,20,26
203845,9,6,1,2,3,2,2,5,4,4,5,9
203845,9,6,2,1,0,2,2,1,4,3,2,5
203845,9,6,5,1,3,0,0,4,0,1,3,4
203845,10,7,1,1,4,0,0,5,0,1,4,5
203845,10,7,2,0,2,0,0,2,0,0,2,2
203845,10,7,5,1,2,0,0,3,0,1,2,3
203845,11,8,1,0,1,0,1,1,1,0,2,2
203845,11,8,2,0,0,0,1,0,1,0,1,1
203845,11,8,5,0,1,0,0,1,0,0,1,1
203845,12,9,1,0,0,0,1,0,1,0,1,1
203845,12,9,2,0,0,0,1,0,1,0,1,1
203845,14,11,1,0,2,0,0,2,0,0,2,2
203845,14,11,5,0,2,0,0,2,0,0,2,2
203881,1,412,1,148,332,631,1036,480,1667,779,1368,2147
203881,1,112,2,148,332,631,1036,480,1667,779,1368,2147
203881,2,999,1,114,242,394,768,356,1162,508,1010,1518
203881,2,999,2,114,242,394,768,356,1162,508,1010,1518
203881,3,1,1,16,55,282,498,71,780,298,553,851
203881,3,1,2,16,55,282,498,71,780,298,553,851
203881,4,2,1,50,116,46,88,166,134,96,204,300
203881,4,2,2,50,116,46,88,166,134,96,204,300
203881,5,3,1,27,44,31,106,71,137,58,150,208
203881,5,3,2,27,44,31,106,71,137,58,150,208
203881,6,4,1,21,27,35,76,48,111,56,103,159
203881,6,4,2,21,27,35,76,48,111,56,103,159
203881,7,999,1,34,90,236,267,124,503,270,357,627
203881,7,999,2,34,90,236,267,124,503,270,357,627
203881,8,5,1,17,36,57,87,53,144,74,123,197
203881,8,5,2,17,36,57,87,53,144,74,123,197
203881,9,6,1,10,25,51,54,35,105,61,79,140
203881,9,6,2,10,25,51,54,35,105,61,79,140
203881,10,7,1,1,9,33,43,10,76,34,52,86
203881,10,7,2,1,9,33,43,10,76,34,52,86
203881,11,8,1,5,16,58,58,21,116,63,74,137
203881,11,8,2,5,16,58,58,21,116,63,74,137
203881,12,9,1,1,4,37,23,5,60,38,27,65
203881,12,9,2,1,4,37,23,5,60,38,27,65
203881,13,10,1,0,0,0,2,0,2,0,2,2
203881,13,10,2,0,0,0,2,0,2,0,2,2
203881,14,11,1,0,0,1,1,0,2,1,1,2
203881,14,11,2,0,0,1,1,0,2,1,1,2
203960,1,412,1,48,310,148,1055,358,1203,196,1365,1561
203960,1,112,2,48,310,144,1000,358,1144,192,1310,1502
203960,1,312,5,0,0,4,55,0,59,4,55,59
203960,2,999,1,27,206,67,434,233,501,94,640,734
203960,2,999,2,27,206,67,432,233,499,94,638,732
203960,2,999,5,0,0,0,2,0,2,0,2,2
203960,3,1,1,0,3,0,8,3,8,0,11,11
203960,3,1,2,0,3,0,8,3,8,0,11,11
203960,4,2,1,6,46,28,152,52,180,34,198,232
203960,4,2,2,6,46,28,152,52,180,34,198,232
203960,5,3,1,7,71,22,131,78,153,29,202,231
203960,5,3,2,7,71,22,131,78,153,29,202,231
203960,6,4,1,14,86,17,143,100,160,31,229,260
203960,6,4,2,14,86,17,141,100,158,31,227,258
203960,6,4,5,0,0,0,2,0,2,0,2,2
203960,7,999,1,21,104,81,621,125,702,102,725,827
203960,7,999,2,21,104,77,568,125,645,98,672,770
203960,7,999,5,0,0,4,53,0,57,4,53,57
203960,8,5,1,9,46,19,211,55,230,28,257,285
203960,8,5,2,9,46,19,202,55,221,28,248,276
203960,8,5,5,0,0,0,9,0,9,0,9,9
203960,9,6,1,4,21,20,130,25,150,24,151,175
203960,9,6,2,4,21,19,120,25,139,23,141,164
203960,9,6,5,0,0,1,10,0,11,1,10,11
203960,10,7,1,4,20,18,97,24,115,22,117,139
203960,10,7,2,4,20,17,91,24,108,21,111,132
203960,10,7,5,0,0,1,6,0,7,1,6,7
203960,11,8,1,4,14,14,124,18,138,18,138,156
203960,11,8,2,4,14,13,106,18,119,17,120,137
203960,11,8,5,0,0,1,18,0,19,1,18,19
203960,12,9,1,0,3,10,59,3,69,10,62,72
203960,12,9,2,0,3,9,49,3,58,9,52,61
203960,12,9,5,0,0,1,10,0,11,1,10,11
204006,1,412,1,798,885,396,372,1683,768,1194,1257,2451
204006,1,112,2,798,885,396,372,1683,768,1194,1257,2451
204006,2,999,1,708,781,228,241,1489,469,936,1022,1958
204006,2,999,2,708,781,228,241,1489,469,936,1022,1958
204006,3,1,1,9,21,35,84,30,119,44,105,149
204006,3,1,2,9,21,35,84,30,119,44,105,149
204006,4,2,1,253,341,62,51,594,113,315,392,707
204006,4,2,2,253,341,62,51,594,113,315,392,707
204006,5,3,1,275,274,43,38,549,81,318,312,630
204006,5,3,2,275,274,43,38,549,81,318,312,630
204006,6,4,1,171,145,88,68,316,156,259,213,472
204006,6,4,2,171,145,88,68,316,156,259,213,472
204006,7,999,1,90,104,168,131,194,299,258,235,493
204006,7,999,2,90,104,168,131,194,299,258,235,493
204006,8,5,1,45,57,73,37,102,110,118,94,212
204006,8,5,2,45,57,73,37,102,110,118,94,212
204006,9,6,1,18,15,34,30,33,64,52,45,97
204006,9,6,2,18,15,34,30,33,64,52,45,97
204006,10,7,1,14,12,21,21,26,42,35,33,68
204006,10,7,2,14,12,21,21,26,42,35,33,68
204006,11,8,1,9,15,23,22,24,45,32,37,69
204006,11,8,2,9,15,23,22,24,45,32,37,69
204006,12,9,1,4,5,16,20,9,36,20,25,45
204006,12,9,2,4,5,16,20,9,36,20,25,45
204006,13,10,1,0,0,1,1,0,2,1,1,2
204006,13,10,2,0,0,1,1,0,2,1,1,2
204015,1,412,1,539,553,226,322,1092,548,765,875,1640
204015,1,112,2,539,553,226,322,1092,548,765,875,1640
204015,2,999,1,486,481,163,255,967,418,649,736,1385
204015,2,999,2,486,481,163,255,967,418,649,736,1385
204015,3,1,1,5,22,66,147,27,213,71,169,240
204015,3,1,2,5,22,66,147,27,213,71,169,240
204015,4,2,1,168,183,29,41,351,70,197,224,421
204015,4,2,2,168,183,29,41,351,70,197,224,421
204015,5,3,1,200,181,32,32,381,64,232,213,445
204015,5,3,2,200,181,32,32,381,64,232,213,445
204015,6,4,1,113,95,36,35,208,71,149,130,279
204015,6,4,2,113,95,36,35,208,71,149,130,279
204015,7,999,1,53,72,63,67,125,130,116,139,255
204015,7,999,2,53,72,63,67,125,130,116,139,255
204015,8,5,1,30,33,20,24,63,44,50,57,107
204015,8,5,2,30,33,20,24,63,44,50,57,107
204015,9,6,1,12,16,16,15,28,31,28,31,59
204015,9,6,2,12,16,16,15,28,31,28,31,59
204015,10,7,1,6,10,10,8,16,18,16,18,34
204015,10,7,2,6,10,10,8,16,18,16,18,34
204015,11,8,1,4,9,10,10,13,20,14,19,33
204015,11,8,2,4,9,10,10,13,20,14,19,33
204015,12,9,1,1,4,5,10,5,15,6,14,20
204015,12,9,2,1,4,5,10,5,15,6,14,20
204015,13,10,1,0,0,2,0,0,2,2,0,2
204015,13,10,2,0,0,2,0,0,2,2,0,2
204024,1,412,1,8242,8800,550,1288,17042,1838,8792,10088,18880
204024,1,112,2,7873,8206,264,179,16079,443,8137,8385,16522
204024,1,312,5,369,594,286,1109,963,1395,655,1703,2358
204024,2,999,1,7962,8442,238,264,16404,502,8200,8706,16906
204024,2,999,2,7779,8153,210,154,15932,364,7989,8307,16296
204024,2,999,5,183,289,28,110,472,138,211,399,610
204024,3,1,1,16,42,11,16,58,27,27,58,85
204024,3,1,2,16,42,11,16,58,27,27,58,85
204024,4,2,1,3261,3742,32,20,7003,52,3293,3762,7055
204024,4,2,2,3261,3742,32,20,7003,52,3293,3762,7055
204024,5,3,1,3498,3809,59,45,7307,104,3557,3854,7411
204024,5,3,2,3483,3793,59,44,7276,103,3542,3837,7379
204024,5,3,5,15,16,0,1,31,1,15,17,32
204024,6,4,1,1187,849,136,183,2036,319,1323,1032,2355
204024,6,4,2,1019,576,108,74,1595,182,1127,650,1777
204024,6,4,5,168,273,28,109,441,137,196,382,578
204024,7,999,1,280,358,312,1024,638,1336,592,1382,1974
204024,7,999,2,94,53,54,25,147,79,148,78,226
204024,7,999,5,186,305,258,999,491,1257,444,1304,1748
204024,8,5,1,184,214,119,387,398,506,303,601,904
204024,8,5,2,69,33,29,11,102,40,98,44,142
204024,8,5,5,115,181,90,376,296,466,205,557,762
204024,9,6,1,57,81,62,218,138,280,119,299,418
204024,9,6,2,16,12,10,4,28,14,26,16,42
204024,9,6,5,41,69,52,214,110,266,93,283,376
204024,10,7,1,19,24,43,122,43,165,62,146,208
204024,10,7,2,4,4,8,2,8,10,12,6,18
204024,10,7,5,15,20,35,120,35,155,50,140,190
204024,11,8,1,13,23,59,175,36,234,72,198,270
204024,11,8,2,4,3,3,4,7,7,7,7,14
204024,11,8,5,9,20,56,171,29,227,65,191,256
204024,12,9,1,6,15,26,118,21,144,32,133,165
204024,12,9,2,1,1,2,4,2,6,3,5,8
204024,12,9,5,5,14,24,114,19,138,29,128,157
204024,13,10,1,1,1,3,4,2,7,4,5,9
204024,13,10,2,0,0,2,0,0,2,2,0,2
204024,13,10,5,1,1,1,4,2,5,2,5,7
204185,1,412,1,1068,1022,41,47,2090,88,1109,1069,2178
204185,1,112,2,1013,912,13,20,1925,33,1026,932,1958
204185,1,312,5,55,110,28,27,165,55,83,137,220
204185,2,999,1,1013,952,9,16,1965,25,1022,968,1990
204185,2,999,2,997,894,3,12,1891,15,1000,906,1906
204185,2,999,5,16,58,6,4,74,10,22,62,84
204185,3,1,1,0,0,1,2,0,3,1,2,3
204185,3,1,2,0,0,1,2,0,3,1,2,3
204185,4,2,1,267,213,1,5,480,6,268,218,486
204185,4,2,2,267,213,1,5,480,6,268,218,486
204185,5,3,1,454,442,0,2,896,2,454,444,898
204185,5,3,2,454,442,0,2,896,2,454,444,898
204185,6,4,1,292,297,7,7,589,14,299,304,603
204185,6,4,2,276,239,1,3,515,4,277,242,519
204185,6,4,5,16,58,6,4,74,10,22,62,84
204185,7,999,1,55,70,32,31,125,63,87,101,188
204185,7,999,2,16,18,10,8,34,18,26,26,52
204185,7,999,5,39,52,22,23,91,45,61,75,136
204185,8,5,1,43,59,12,11,102,23,55,70,125
204185,8,5,2,9,10,3,2,19,5,12,12,24
204185,8,5,5,34,49,9,9,83,18,43,58,101
204185,9,6,1,7,6,10,5,13,15,17,11,28
204185,9,6,2,2,4,2,0,6,2,4,4,8
204185,9,6,5,5,2,8,5,7,13,13,7,20
204185,10,7,1,1,3,2,2,4,4,3,5,8
204185,10,7,2,1,2,1,0,3,1,2,2,4
204185,10,7,5,0,1,1,2,1,3,1,3,4
204185,11,8,1,3,2,4,8,5,12,7,10,17
204185,11,8,2,3,2,1,2,5,3,4,4,8
204185,11,8,5,0,0,3,6,0,9,3,6,9
204185,12,9,1,1,0,2,3,1,5,3,3,6
204185,12,9,2,1,0,1,2,1,3,2,2,4
204185,12,9,5,0,0,1,1,0,2,1,1,2
204185,13,10,1,0,0,2,2,0,4,2,2,4
204185,13,10,2,0,0,2,2,0,4,2,2,4
204194,1,412,1,706,1053,140,241,1759,381,846,1294,2140
204194,1,112,2,608,896,104,163,1504,267,712,1059,1771
204194,1,312,5,98,157,36,78,255,114,134,235,369
204194,2,999,1,576,770,57,94,1346,151,633,864,1497
204194,2,999,2,553,736,52,87,1289,139,605,823,1428
204194,2,999,5,23,34,5,7,57,12,28,41,69
204194,3,1,1,22,31,38,62,53,100,60,93,153
204194,3,1,2,22,31,38,62,53,100,60,93,153
204194,4,2,1,246,312,4,4,558,8,250,316,566
204194,4,2,2,246,312,4,4,558,8,250,316,566
204194,5,3,1,216,322,3,9,538,12,219,331,550
204194,5,3,2,216,320,3,9,536,12,219,329,548
204194,5,3,5,0,2,0,0,2,0,0,2,2
204194,6,4,1,92,105,12,19,197,31,104,124,228
204194,6,4,2,69,73,7,12,142,19,76,85,161
204194,6,4,5,23,32,5,7,55,12,28,39,67
204194,7,999,1,130,283,83,146,413,229,213,429,642
204194,7,999,2,55,160,52,76,215,128,107,236,343
204194,7,999,5,75,123,31,70,198,101,106,193,299
204194,8,5,1,42,83,17,36,125,53,59,119,178
204194,8,5,2,17,43,13,23,60,36,30,66,96
204194,8,5,5,25,40,4,13,65,17,29,53,82
204194,9,6,1,30,67,12,27,97,39,42,94,136
204194,9,6,2,17,34,5,15,51,20,22,49,71
204194,9,6,5,13,33,7,12,46,19,20,45,65
204194,10,7,1,16,47,14,22,63,36,30,69,99
204194,10,7,2,8,26,10,12,34,22,18,38,56
204194,10,7,5,8,21,4,10,29,14,12,31,43
204194,11,8,1,24,58,29,40,82,69,53,98,151
204194,11,8,2,7,38,19,18,45,37,26,56,82
204194,11,8,5,17,20,10,22,37,32,27,42,69
204194,12,9,1,18,28,11,20,46,31,29,48,77
204194,12,9,2,6,19,5,8,25,13,11,27,38
204194,12,9,5,12,9,6,12,21,18,18,21,39
204194,13,10,1,0,0,0,1,0,1,0,1,1
204194,13,10,5,0,0,0,1,0,1,0,1,1
204194,14,11,1,0,0,0,1,0,1,0,1,1
204194,14,11,5,0,0,0,1,0,1,0,1,1
204200,1,412,1,547,717,206,561,1264,767,753,1278,2031
204200,1,112,2,462,540,166,305,1002,471,628,845,1473
204200,1,312,5,85,177,40,256,262,296,125,433,558
204200,2,999,1,486,608,149,276,1094,425,635,884,1519
204200,2,999,2,446,512,144,250,958,394,590,762,1352
204200,2,999,5,40,96,5,26,136,31,45,122,167
204200,3,1,1,1,1,113,215,2,328,114,216,330
204200,3,1,2,1,1,113,215,2,328,114,216,330
204200,4,2,1,205,235,14,10,440,24,219,245,464
204200,4,2,2,205,235,14,10,440,24,219,245,464
204200,5,3,1,201,229,6,12,430,18,207,241,448
204200,5,3,2,197,227,6,12,424,18,203,239,442
204200,5,3,5,4,2,0,0,6,0,4,2,6
204200,6,4,1,79,143,16,39,222,55,95,182,277
204200,6,4,2,43,49,11,13,92,24,54,62,116
204200,6,4,5,36,94,5,26,130,31,41,120,161
204200,7,999,1,61,109,57,283,170,340,118,392,510
204200,7,999,2,16,28,22,54,44,76,38,82,120
204200,7,999,5,45,81,35,229,126,264,80,310,390
204200,8,5,1,36,63,24,52,99,76,60,115,175
204200,8,5,2,7,15,9,8,22,17,16,23,39
204200,8,5,5,29,48,15,44,77,59,44,92,136
204200,9,6,1,12,17,11,58,29,69,23,75,98
204200,9,6,2,4,4,4,11,8,15,8,15,23
204200,9,6,5,8,13,7,47,21,54,15,60,75
204200,10,7,1,7,12,8,45,19,53,15,57,72
204200,10,7,2,1,3,4,7,4,11,5,10,15
204200,10,7,5,6,9,4,38,15,42,10,47,57
204200,11,8,1,4,11,10,72,15,82,14,83,97
204200,11,8,2,4,6,3,12,10,15,7,18,25
204200,11,8,5,0,5,7,60,5,67,7,65,72
204200,12,9,1,2,6,3,48,8,51,5,54,59
204200,12,9,2,0,0,1,10,0,11,1,10,11
204200,12,9,5,2,6,2,38,8,40,4,44,48
204200,13,10,1,0,0,1,8,0,9,1,8,9
204200,13,10,2,0,0,1,6,0,7,1,6,7
204200,13,10,5,0,0,0,2,0,2,0,2,2
204200,14,11,1,0,0,0,2,0,2,0,2,2
204200,14,11,2,0,0,0,1,0,1,0,1,1
204200,14,11,5,0,0,0,1,0,1,0,1,1
204255,1,412,1,301,386,697,839,687,1536,998,1225,2223
204255,1,112,2,301,386,697,839,687,1536,998,1225,2223
204255,2,999,1,248,317,437,723,565,1160,685,1040,1725
204255,2,999,2,248,317,437,723,565,1160,685,1040,1725
204255,3,1,1,56,80,271,513,136,784,327,593,920
204255,3,1,2,56,80,271,513,136,784,327,593,920
204255,4,2,1,121,144,83,110,265,193,204,254,458
204255,4,2,2,121,144,83,110,265,193,204,254,458
204255,5,3,1,50,48,44,50,98,94,94,98,192
204255,5,3,2,50,48,44,50,98,94,94,98,192
204255,6,4,1,21,45,39,50,66,89,60,95,155
204255,6,4,2,21,45,39,50,66,89,60,95,155
204255,7,999,1,52,69,260,116,121,376,312,185,497
204255,7,999,2,52,69,260,116,121,376,312,185,497
204255,8,5,1,25,32,38,47,57,85,63,79,142
204255,8,5,2,25,32,38,47,57,85,63,79,142
204255,9,6,1,11,21,33,19,32,52,44,40,84
204255,9,6,2,11,21,33,19,32,52,44,40,84
204255,10,7,1,8,9,36,16,17,52,44,25,69
204255,10,7,2,8,9,36,16,17,52,44,25,69
204255,11,8,1,5,4,66,25,9,91,71,29,100
204255,11,8,2,5,4,66,25,9,91,71,29,100
204255,12,9,1,3,3,82,8,6,90,85,11,96
204255,12,9,2,3,3,82,8,6,90,85,11,96
204255,13,10,1,0,0,5,1,0,6,5,1,6
204255,13,10,2,0,0,5,1,0,6,5,1,6
204255,14,11,1,1,0,0,0,1,0,1,0,1
204255,14,11,2,1,0,0,0,1,0,1,0,1
204422,1,412,1,322,414,749,1244,736,1993,1071,1658,2729
204422,1,112,2,322,414,749,1244,736,1993,1071,1658,2729
204422,2,999,1,292,348,600,921,640,1521,892,1269,2161
204422,2,999,2,292,348,600,921,640,1521,892,1269,2161
204422,3,1,1,105,81,372,536,186,908,477,617,1094
204422,3,1,2,105,81,372,536,186,908,477,617,1094
204422,4,2,1,119,181,99,161,300,260,218,342,560
204422,4,2,2,119,181,99,161,300,260,218,342,560
204422,5,3,1,49,58,68,121,107,189,117,179,296
204422,5,3,2,49,58,68,121,107,189,117,179,296
204422,6,4,1,19,28,61,103,47,164,80,131,211
204422,6,4,2,19,28,61,103,47,164,80,131,211
204422,7,999,1,30,66,149,323,96,472,179,389,568
204422,7,999,2,30,66,149,323,96,472,179,389,568
204422,8,5,1,12,32,61,133,44,194,73,165,238
204422,8,5,2,12,32,61,133,44,194,73,165,238
204422,9,6,1,10,14,41,70,24,111,51,84,135
204422,9,6,2,10,14,41,70,24,111,51,84,135
204422,10,7,1,6,8,22,50,14,72,28,58,86
204422,10,7,2,6,8,22,50,14,72,28,58,86
204422,11,8,1,1,9,19,55,10,74,20,64,84
204422,11,8,2,1,9,19,55,10,74,20,64,84
204422,12,9,1,1,3,6,15,4,21,7,18,25
204422,12,9,2,1,3,6,15,4,21,7,18,25
204468,1,412,1,582,540,150,313,1122,463,732,853,1585
204468,1,112,2,582,540,119,229,1122,348,701,769,1470
204468,1,312,5,0,0,31,84,0,115,31,84,115
204468,2,999,1,560,480,97,139,1040,236,657,619,1276
204468,2,999,2,560,480,89,123,1040,212,649,603,1252
204468,2,999,5,0,0,8,16,0,24,8,16,24
204468,3,1,1,6,6,57,87,12,144,63,93,156
204468,3,1,2,6,6,57,87,12,144,63,93,156
204468,4,2,1,242,228,18,12,470,30,260,240,500
204468,4,2,2,242,228,18,12,470,30,260,240,500
204468,5,3,1,207,173,1,5,380,6,208,178,386
204468,5,3,2,207,173,1,5,380,6,208,178,386
204468,6,4,1,105,73,21,35,178,56,126,108,234
204468,6,4,2,105,73,13,19,178,32,118,92,210
204468,6,4,5,0,0,8,16,0,24,8,16,24
204468,7,999,1,22,60,52,172,82,224,74,232,306
204468,7,999,2,22,60,30,104,82,134,52,164,216
204468,7,999,5,0,0,22,68,0,90,22,68,90
204468,8,5,1,13,26,17,48,39,65,30,74,104
204468,8,5,2,13,26,11,29,39,40,24,55,79
204468,8,5,5,0,0,6,19,0,25,6,19,25
204468,9,6,1,4,9,10,31,13,41,14,40,54
204468,9,6,2,4,9,4,15,13,19,8,24,32
204468,9,6,5,0,0,6,16,0,22,6,16,22
204468,10,7,1,1,7,8,30,8,38,9,37,46
204468,10,7,2,1,7,4,13,8,17,5,20,25
204468,10,7,5,0,0,4,17,0,21,4,17,21
204468,11,8,1,1,14,13,38,15,51,14,52,66
204468,11,8,2,1,14,10,27,15,37,11,41,52
204468,11,8,5,0,0,3,11,0,14,3,11,14
204468,12,9,1,3,4,4,24,7,28,7,28,35
204468,12,9,2,3,4,1,19,7,20,4,23,27
204468,12,9,5,0,0,3,5,0,8,3,5,8
204468,13,10,1,0,0,0,1,0,1,0,1,1
204468,13,10,2,0,0,0,1,0,1,0,1,1
204468,14,11,1,0,0,1,2,0,3,1,2,3
204468,14,11,2,0,0,0,2,0,2,0,2,2
204468,14,11,5,0,0,1,0,0,1,1,0,1
204477,1,412,1,438,541,4,2,979,6,442,543,985
204477,1,312,5,438,541,4,2,979,6,442,543,985
204477,2,999,1,254,360,0,1,614,1,254,361,615
204477,2,999,5,254,360,0,1,614,1,254,361,615
204477,5,3,1,49,92,0,0,141,0,49,92,141
204477,5,3,5,49,92,0,0,141,0,49,92,141
204477,6,4,1,205,268,0,1,473,1,205,269,474
204477,6,4,5,205,268,0,1,473,1,205,269,474
204477,7,999,1,184,181,4,1,365,5,188,182,370
204477,7,999,5,184,181,4,1,365,5,188,182,370
204477,8,5,1,122,135,2,0,257,2,124,135,259
204477,8,5,5,122,135,2,0,257,2,124,135,259
204477,9,6,1,37,23,0,1,60,1,37,24,61
204477,9,6,5,37,23,0,1,60,1,37,24,61
204477,10,7,1,17,14,0,0,31,0,17,14,31
204477,10,7,5,17,14,0,0,31,0,17,14,31
204477,11,8,1,5,7,0,0,12,0,5,7,12
204477,11,8,5,5,7,0,0,12,0,5,7,12
204477,12,9,1,3,2,2,0,5,2,5,2,7
204477,12,9,5,3,2,2,0,5,2,5,2,7
204635,1,412,1,1416,1302,48,51,2718,99,1464,1353,2817
204635,1,112,2,1135,902,43,50,2037,93,1178,952,2130
204635,1,312,5,281,400,5,1,681,6,286,401,687
204635,2,999,1,1351,1238,45,48,2589,93,1396,1286,2682
204635,2,999,2,1125,891,42,48,2016,90,1167,939,2106
204635,2,999,5,226,347,3,0,573,3,229,347,576
204635,3,1,1,8,7,21,32,15,53,29,39,68
204635,3,1,2,8,7,21,32,15,53,29,39,68
204635,4,2,1,552,485,4,5,1037,9,556,490,1046
204635,4,2,2,550,484,4,5,1034,9,554,489,1043
204635,4,2,5,2,1,0,0,3,0,2,1,3
204635,5,3,1,540,511,9,5,1051,14,549,516,1065
204635,5,3,2,458,352,9,5,810,14,467,357,824
204635,5,3,5,82,159,0,0,241,0,82,159,241
204635,6,4,1,251,235,11,6,486,17,262,241,503
204635,6,4,2,109,48,8,6,157,14,117,54,171
204635,6,4,5,142,187,3,0,329,3,145,187,332
204635,7,999,1,64,62,3,3,126,6,67,65,132
204635,7,999,2,9,9,1,2,18,3,10,11,21
204635,7,999,5,55,53,2,1,108,3,57,54,111
204635,8,5,1,45,38,2,1,83,3,47,39,86
204635,8,5,2,6,3,0,1,9,1,6,4,10
204635,8,5,5,39,35,2,0,74,2,41,35,76
204635,9,6,1,7,9,0,0,16,0,7,9,16
204635,9,6,2,2,1,0,0,3,0,2,1,3
204635,9,6,5,5,8,0,0,13,0,5,8,13
204635,10,7,1,8,6,1,1,14,2,9,7,16
204635,10,7,2,0,0,1,0,0,1,1,0,1
204635,10,7,5,8,6,0,1,14,1,8,7,15
204635,11,8,1,4,8,0,1,12,1,4,9,13
204635,11,8,2,1,5,0,1,6,1,1,6,7
204635,11,8,5,3,3,0,0,6,0,3,3,6
204635,12,9,1,0,1,0,0,1,0,0,1,1
204635,12,9,5,0,1,0,0,1,0,0,1,1
204635,14,11,1,1,2,0,0,3,0,1,2,3
204635,14,11,2,1,2,0,0,3,0,1,2,3
204662,1,412,1,215,269,35,28,484,63,250,297,547
204662,1,112,2,215,269,35,28,484,63,250,297,547
204662,2,999,1,205,267,26,24,472,50,231,291,522
204662,2,999,2,205,267,26,24,472,50,231,291,522
204662,3,1,1,1,14,8,5,15,13,9,19,28
204662,3,1,2,1,14,8,5,15,13,9,19,28
204662,4,2,1,158,212,6,5,370,11,164,217,381
204662,4,2,2,158,212,6,5,370,11,164,217,381
204662,5,3,1,38,35,11,11,73,22,49,46,95
204662,5,3,2,38,35,11,11,73,22,49,46,95
204662,6,4,1,8,6,1,3,14,4,9,9,18
204662,6,4,2,8,6,1,3,14,4,9,9,18
204662,7,999,1,10,2,9,4,12,13,19,6,25
204662,7,999,2,10,2,9,4,12,13,19,6,25
204662,8,5,1,8,1,3,0,9,3,11,1,12
204662,8,5,2,8,1,3,0,9,3,11,1,12
204662,9,6,1,0,0,2,1,0,3,2,1,3
204662,9,6,2,0,0,2,1,0,3,2,1,3
204662,10,7,1,1,0,1,0,1,1,2,0,2
204662,10,7,2,1,0,1,0,1,1,2,0,2
204662,11,8,1,1,1,2,2,2,4,3,3,6
204662,11,8,2,1,1,2,2,2,4,3,3,6
204662,12,9,1,0,0,1,1,0,2,1,1,2
204662,12,9,2,0,0,1,1,0,2,1,1,2
204671,1,412,1,354,446,87,111,800,198,441,557,998
204671,1,112,2,354,446,87,101,800,188,441,547,988
204671,1,312,5,0,0,0,10,0,10,0,10,10
204671,2,999,1,332,419,70,81,751,151,402,500,902
204671,2,999,2,332,419,70,81,751,151,402,500,902
204671,3,1,1,14,11,19,30,25,49,33,41,74
204671,3,1,2,14,11,19,30,25,49,33,41,74
204671,4,2,1,203,236,21,21,439,42,224,257,481
204671,4,2,2,203,236,21,21,439,42,224,257,481
204671,5,3,1,86,130,17,13,216,30,103,143,246
204671,5,3,2,86,130,17,13,216,30,103,143,246
204671,6,4,1,29,42,13,17,71,30,42,59,101
204671,6,4,2,29,42,13,17,71,30,42,59,101
204671,7,999,1,22,27,17,30,49,47,39,57,96
204671,7,999,2,22,27,17,20,49,37,39,47,86
204671,7,999,5,0,0,0,10,0,10,0,10,10
204671,8,5,1,13,12,10,11,25,21,23,23,46
204671,8,5,2,13,12,10,10,25,20,23,22,45
204671,8,5,5,0,0,0,1,0,1,0,1,1
204671,9,6,1,2,13,3,7,15,10,5,20,25
204671,9,6,2,2,13,3,4,15,7,5,17,22
204671,9,6,5,0,0,0,3,0,3,0,3,3
204671,10,7,1,3,2,3,2,5,5,6,4,10
204671,10,7,2,3,2,3,2,5,5,6,4,10
204671,11,8,1,3,0,0,7,3,7,3,7,10
204671,11,8,2,3,0,0,2,3,2,3,2,5
204671,11,8,5,0,0,0,5,0,5,0,5,5
204671,12,9,1,1,0,1,3,1,4,2,3,5
204671,12,9,2,1,0,1,2,1,3,2,2,4
204671,12,9,5,0,0,0,1,0,1,0,1,1
204680,1,412,1,360,476,77,99,836,176,437,575,1012
204680,1,112,2,360,476,76,99,836,175,436,575,1011
204680,1,312,5,0,0,1,0,0,1,1,0,1
204680,2,999,1,333,433,63,83,766,146,396,516,912
204680,2,999,2,333,433,63,83,766,146,396,516,912
204680,3,1,1,13,22,27,48,35,75,40,70,110
204680,3,1,2,13,22,27,48,35,75,40,70,110
204680,4,2,1,231,249,12,14,480,26,243,263,506
204680,4,2,2,231,249,12,14,480,26,243,263,506
204680,5,3,1,61,122,12,9,183,21,73,131,204
204680,5,3,2,61,122,12,9,183,21,73,131,204
204680,6,4,1,28,40,12,12,68,24,40,52,92
204680,6,4,2,28,40,12,12,68,24,40,52,92
204680,7,999,1,27,43,14,16,70,30,41,59,100
204680,7,999,2,27,43,13,16,70,29,40,59,99
204680,7,999,5,0,0,1,0,0,1,1,0,1
204680,8,5,1,11,19,8,4,30,12,19,23,42
204680,8,5,2,11,19,7,4,30,11,18,23,41
204680,8,5,5,0,0,1,0,0,1,1,0,1
204680,9,6,1,7,11,2,3,18,5,9,14,23
204680,9,6,2,7,11,2,3,18,5,9,14,23
204680,10,7,1,7,10,1,5,17,6,8,15,23
204680,10,7,2,7,10,1,5,17,6,8,15,23
204680,11,8,1,1,2,2,3,3,5,3,5,8
204680,11,8,2,1,2,2,3,3,5,3,5,8
204680,12,9,1,1,1,1,1,2,2,2,2,4
204680,12,9,2,1,1,1,1,2,2,2,2,4
204699,1,412,1,468,483,98,109,951,207,566,592,1158
204699,1,112,2,468,483,98,108,951,206,566,591,1157
204699,1,312,5,0,0,0,1,0,1,0,1,1
204699,2,999,1,446,437,72,76,883,148,518,513,1031
204699,2,999,2,446,437,72,76,883,148,518,513,1031
204699,3,1,1,22,24,23,26,46,49,45,50,95
204699,3,1,2,22,24,23,26,46,49,45,50,95
204699,4,2,1,281,252,26,16,533,42,307,268,575
204699,4,2,2,281,252,26,16,533,42,307,268,575
204699,5,3,1,106,112,11,12,218,23,117,124,241
204699,5,3,2,106,112,11,12,218,23,117,124,241
204699,6,4,1,37,49,12,22,86,34,49,71,120
204699,6,4,2,37,49,12,22,86,34,49,71,120
204699,7,999,1,22,46,26,33,68,59,48,79,127
204699,7,999,2,22,46,26,32,68,58,48,78,126
204699,7,999,5,0,0,0,1,0,1,0,1,1
204699,8,5,1,12,20,12,11,32,23,24,31,55
204699,8,5,2,12,20,12,11,32,23,24,31,55
204699,9,6,1,5,12,7,9,17,16,12,21,33
204699,9,6,2,5,12,7,9,17,16,12,21,33
204699,10,7,1,1,5,4,5,6,9,5,10,15
204699,10,7,2,1,5,4,4,6,8,5,9,14
204699,10,7,5,0,0,0,1,0,1,0,1,1
204699,11,8,1,1,7,2,3,8,5,3,10,13
204699,11,8,2,1,7,2,3,8,5,3,10,13
204699,12,9,1,3,2,1,4,5,5,4,6,10
204699,12,9,2,3,2,1,4,5,5,4,6,10
204699,13,10,1,0,0,0,1,0,1,0,1,1
204699,13,10,2,0,0,0,1,0,1,0,1,1
204705,1,412,1,1161,1251,234,227,2412,461,1395,1478,2873
204705,1,112,2,1160,1251,234,225,2411,459,1394,1476,2870
204705,1,312,5,1,0,0,2,1,2,1,2,3
204705,2,999,1,1117,1187,194,186,2304,380,1311,1373,2684
204705,2,999,2,1117,1187,194,186,2304,380,1311,1373,2684
204705,3,1,1,43,68,36,63,111,99,79,131,210
204705,3,1,2,43,68,36,63,111,99,79,131,210
204705,4,2,1,822,782,84,63,1604,147,906,845,1751
204705,4,2,2,822,782,84,63,1604,147,906,845,1751
204705,5,3,1,174,237,44,34,411,78,218,271,489
204705,5,3,2,174,237,44,34,411,78,218,271,489
204705,6,4,1,78,100,30,26,178,56,108,126,234
204705,6,4,2,78,100,30,26,178,56,108,126,234
204705,7,999,1,44,64,40,41,108,81,84,105,189
204705,7,999,2,43,64,40,39,107,79,83,103,186
204705,7,999,5,1,0,0,2,1,2,1,2,3
204705,8,5,1,24,34,20,14,58,34,44,48,92
204705,8,5,2,24,34,20,14,58,34,44,48,92
204705,9,6,1,9,15,8,11,24,19,17,26,43
204705,9,6,2,9,15,8,9,24,17,17,24,41
204705,9,6,5,0,0,0,2,0,2,0,2,2
204705,10,7,1,7,2,4,4,9,8,11,6,17
204705,10,7,2,6,2,4,4,8,8,10,6,16
204705,10,7,5,1,0,0,0,1,0,1,0,1
204705,11,8,1,3,10,6,7,13,13,9,17,26
204705,11,8,2,3,10,6,7,13,13,9,17,26
204705,12,9,1,1,3,1,5,4,6,2,8,10
204705,12,9,2,1,3,1,5,4,6,2,8,10
204705,13,10,1,0,0,1,0,0,1,1,0,1
204705,13,10,2,0,0,1,0,0,1,1,0,1
204796,1,412,1,25597,27025,4171,4576,52622,8747,29768,31601,61369
204796,1,112,2,21511,21223,2183,2067,42734,4250,23694,23290,46984
204796,1,312,5,4086,5802,1988,2509,9888,4497,6074,8311,14385
204796,2,999,1,22250,23530,1547,1429,45780,2976,23797,24959,48756
204796,2,999,2,20484,20600,1415,1218,41084,2633,21899,21818,43717
204796,2,999,5,1766,2930,132,211,4696,343,1898,3141,5039
204796,3,1,1,293,454,161,171,747,332,454,625,1079
204796,3,1,2,293,454,161,171,747,332,454,625,1079
204796,4,2,1,7867,8906,131,104,16773,235,7998,9010,17008
204796,4,2,2,7864,8905,131,104,16769,235,7995,9009,17004
204796,4,2,5,3,1,0,0,4,0,3,1,4
204796,5,3,1,9079,9325,449,380,18404,829,9528,9705,19233
204796,5,3,2,8984,9132,446,376,18116,822,9430,9508,18938
204796,5,3,5,95,193,3,4,288,7,98,197,295
204796,6,4,1,5011,4845,806,774,9856,1580,5817,5619,11436
204796,6,4,2,3343,2109,677,567,5452,1244,4020,2676,6696
204796,6,4,5,1668,2736,129,207,4404,336,1797,2943,4740
204796,7,999,1,3347,3495,2624,3147,6842,5771,5971,6642,12613
204796,7,999,2,1027,623,768,849,1650,1617,1795,1472,3267
204796,7,999,5,2320,2872,1856,2298,5192,4154,4176,5170,9346
204796,8,5,1,2356,2367,1256,1251,4723,2507,3612,3618,7230
204796,8,5,2,739,407,389,338,1146,727,1128,745,1873
204796,8,5,5,1617,1960,867,913,3577,1780,2484,2873,5357
204796,9,6,1,620,583,643,702,1203,1345,1263,1285,2548
204796,9,6,2,175,110,144,190,285,334,319,300,619
204796,9,6,5,445,473,499,512,918,1011,944,985,1929
204796,10,7,1,199,256,317,405,455,722,516,661,1177
204796,10,7,2,57,53,96,110,110,206,153,163,316
204796,10,7,5,142,203,221,295,345,516,363,498,861
204796,11,8,1,136,224,279,512,360,791,415,736,1151
204796,11,8,2,42,41,83,136,83,219,125,177,302
204796,11,8,5,94,183,196,376,277,572,290,559,849
204796,12,9,1,36,65,114,266,101,380,150,331,481
204796,12,9,2,14,12,47,73,26,120,61,85,146
204796,12,9,5,22,53,67,193,75,260,89,246,335
204796,13,10,1,0,0,15,11,0,26,15,11,26
204796,13,10,2,0,0,9,2,0,11,9,2,11
204796,13,10,5,0,0,6,9,0,15,6,9,15
204802,1,412,1,98,174,317,465,272,782,415,639,1054
204802,1,112,2,98,174,317,465,272,782,415,639,1054
204802,2,999,1,87,164,258,391,251,649,345,555,900
204802,2,999,2,87,164,258,391,251,649,345,555,900
204802,3,1,1,6,13,35,69,19,104,41,82,123
204802,3,1,2,6,13,35,69,19,104,41,82,123
204802,4,2,1,33,64,53,93,97,146,86,157,243
204802,4,2,2,33,64,53,93,97,146,86,157,243
204802,5,3,1,34,60,96,142,94,238,130,202,332
204802,5,3,2,34,60,96,142,94,238,130,202,332
204802,6,4,1,14,27,74,87,41,161,88,114,202
204802,6,4,2,14,27,74,87,41,161,88,114,202
204802,7,999,1,11,10,59,74,21,133,70,84,154
204802,7,999,2,11,10,59,74,21,133,70,84,154
204802,8,5,1,7,8,26,29,15,55,33,37,70
204802,8,5,2,7,8,26,29,15,55,33,37,70
204802,9,6,1,2,1,9,16,3,25,11,17,28
204802,9,6,2,2,1,9,16,3,25,11,17,28
204802,10,7,1,0,0,9,9,0,18,9,9,18
204802,10,7,2,0,0,9,9,0,18,9,9,18
204802,11,8,1,1,1,11,9,2,20,12,10,22
204802,11,8,2,1,1,11,9,2,20,12,10,22
204802,12,9,1,1,0,3,11,1,14,4,11,15
204802,12,9,2,1,0,3,11,1,14,4,11,15
204802,13,10,1,0,0,1,0,0,1,1,0,1
204802,13,10,2,0,0,1,0,0,1,1,0,1
204820,1,412,1,280,644,530,878,924,1408,810,1522,2332
204820,1,112,2,280,644,530,878,924,1408,810,1522,2332
204820,2,999,1,231,534,414,676,765,1090,645,1210,1855
204820,2,999,2,231,534,414,676,765,1090,645,1210,1855
204820,3,1,1,3,12,39,86,15,125,42,98,140
204820,3,1,2,3,12,39,86,15,125,42,98,140
204820,4,2,1,88,200,109,200,288,309,197,400,597
204820,4,2,2,88,200,109,200,288,309,197,400,597
204820,5,3,1,82,176,140,245,258,385,222,421,643
204820,5,3,2,82,176,140,245,258,385,222,421,643
204820,6,4,1,58,146,126,145,204,271,184,291,475
204820,6,4,2,58,146,126,145,204,271,184,291,475
204820,7,999,1,49,110,116,202,159,318,165,312,477
204820,7,999,2,49,110,116,202,159,318,165,312,477
204820,8,5,1,25,59,39,79,84,118,64,138,202
204820,8,5,2,25,59,39,79,84,118,64,138,202
204820,9,6,1,11,23,30,35,34,65,41,58,99
204820,9,6,2,11,23,30,35,34,65,41,58,99
204820,10,7,1,8,11,13,33,19,46,21,44,65
204820,10,7,2,8,11,13,33,19,46,21,44,65
204820,11,8,1,5,12,28,40,17,68,33,52,85
204820,11,8,2,5,12,28,40,17,68,33,52,85
204820,12,9,1,0,5,5,15,5,20,5,20,25
204820,12,9,2,0,5,5,15,5,20,5,20,25
204820,13,10,1,0,0,1,0,0,1,1,0,1
204820,13,10,2,0,0,1,0,0,1,1,0,1
204839,1,412,1,207,491,690,1147,698,1837,897,1638,2535
204839,1,112,2,207,491,690,1147,698,1837,897,1638,2535
204839,2,999,1,157,360,544,921,517,1465,701,1281,1982
204839,2,999,2,157,360,544,921,517,1465,701,1281,1982
204839,3,1,1,2,2,53,108,4,161,55,110,165
204839,3,1,2,2,2,53,108,4,161,55,110,165
204839,4,2,1,64,154,146,230,218,376,210,384,594
204839,4,2,2,64,154,146,230,218,376,210,384,594
204839,5,3,1,58,131,181,385,189,566,239,516,755
204839,5,3,2,58,131,181,385,189,566,239,516,755
204839,6,4,1,33,73,164,198,106,362,197,271,468
204839,6,4,2,33,73,164,198,106,362,197,271,468
204839,7,999,1,50,130,146,226,180,372,196,356,552
204839,7,999,2,50,130,146,226,180,372,196,356,552
204839,8,5,1,23,63,60,88,86,148,83,151,234
204839,8,5,2,23,63,60,88,86,148,83,151,234
204839,9,6,1,13,22,31,46,35,77,44,68,112
204839,9,6,2,13,22,31,46,35,77,44,68,112
204839,10,7,1,8,21,20,31,29,51,28,52,80
204839,10,7,2,8,21,20,31,29,51,28,52,80
204839,11,8,1,4,20,27,38,24,65,31,58,89
204839,11,8,2,4,20,27,38,24,65,31,58,89
204839,12,9,1,2,4,8,23,6,31,10,27,37
204839,12,9,2,2,4,8,23,6,31,10,27,37
204839,14,11,1,0,1,0,0,1,0,0,1,1
204839,14,11,2,0,1,0,0,1,0,0,1,1
204848,1,412,1,288,431,719,1078,719,1797,1007,1509,2516
204848,1,112,2,288,431,719,1078,719,1797,1007,1509,2516
204848,2,999,1,256,375,576,865,631,1441,832,1240,2072
204848,2,999,2,256,375,576,865,631,1441,832,1240,2072
204848,3,1,1,5,16,58,111,21,169,63,127,190
204848,3,1,2,5,16,58,111,21,169,63,127,190
204848,4,2,1,105,129,134,219,234,353,239,348,587
204848,4,2,2,105,129,134,219,234,353,239,348,587
204848,5,3,1,88,162,227,359,250,586,315,521,836
204848,5,3,2,88,162,227,359,250,586,315,521,836
204848,6,4,1,58,68,157,176,126,333,215,244,459
204848,6,4,2,58,68,157,176,126,333,215,244,459
204848,7,999,1,32,56,143,213,88,356,175,269,444
204848,7,999,2,32,56,143,213,88,356,175,269,444
204848,8,5,1,15,26,63,85,41,148,78,111,189
204848,8,5,2,15,26,63,85,41,148,78,111,189
204848,9,6,1,8,15,21,45,23,66,29,60,89
204848,9,6,2,8,15,21,45,23,66,29,60,89
204848,10,7,1,5,8,21,26,13,47,26,34,60
204848,10,7,2,5,8,21,26,13,47,26,34,60
204848,11,8,1,4,4,29,42,8,71,33,46,79
204848,11,8,2,4,4,29,42,8,71,33,46,79
204848,12,9,1,0,3,8,15,3,23,8,18,26
204848,12,9,2,0,3,8,15,3,23,8,18,26
204848,13,10,1,0,0,1,0,0,1,1,0,1
204848,13,10,2,0,0,1,0,0,1,1,0,1
204857,1,412,1,7753,9990,2601,5370,17743,7971,10354,15360,25714
204857,1,112,2,6414,8262,1135,3473,14676,4608,7549,11735,19284
204857,1,312,5,1339,1728,1466,1897,3067,3363,2805,3625,6430
204857,2,999,1,6618,8512,587,851,15130,1438,7205,9363,16568
204857,2,999,2,6163,7715,497,675,13878,1172,6660,8390,15050
204857,2,999,5,455,797,90,176,1252,266,545,973,1518
204857,3,1,1,8,28,43,75,36,118,51,103,154
204857,3,1,2,8,28,43,75,36,118,51,103,154
204857,4,2,1,1933,2927,48,72,4860,120,1981,2999,4980
204857,4,2,2,1933,2927,48,72,4860,120,1981,2999,4980
204857,5,3,1,2833,3589,139,141,6422,280,2972,3730,6702
204857,5,3,2,2828,3562,138,137,6390,275,2966,3699,6665
204857,5,3,5,5,27,1,4,32,5,6,31,37
204857,6,4,1,1844,1968,357,563,3812,920,2201,2531,4732
204857,6,4,2,1394,1198,268,391,2592,659,1662,1589,3251
204857,6,4,5,450,770,89,172,1220,261,539,942,1481
204857,7,999,1,1132,1475,1987,4480,2607,6467,3119,5955,9074
204857,7,999,2,248,544,611,2759,792,3370,859,3303,4162
204857,7,999,5,884,931,1376,1721,1815,3097,2260,2652,4912
204857,8,5,1,713,833,595,1337,1546,1932,1308,2170,3478
204857,8,5,2,142,231,171,761,373,932,313,992,1305
204857,8,5,5,571,602,424,576,1173,1000,995,1178,2173
204857,9,6,1,230,298,490,1001,528,1491,720,1299,2019
204857,9,6,2,47,113,157,639,160,796,204,752,956
204857,9,6,5,183,185,333,362,368,695,516,547,1063
204857,10,7,1,95,173,363,763,268,1126,458,936,1394
204857,10,7,2,29,99,120,481,128,601,149,580,729
204857,10,7,5,66,74,243,282,140,525,309,356,665
204857,11,8,1,73,137,383,980,210,1363,456,1117,1573
204857,11,8,2,26,81,112,630,107,742,138,711,849
204857,11,8,5,47,56,271,350,103,621,318,406,724
204857,12,9,1,20,34,149,391,54,540,169,425,594
204857,12,9,2,4,20,49,245,24,294,53,265,318
204857,12,9,5,16,14,100,146,30,246,116,160,276
204857,13,10,1,1,0,7,8,1,15,8,8,16
204857,13,10,2,0,0,2,3,0,5,2,3,5
204857,13,10,5,1,0,5,5,1,10,6,5,11
204857,14,11,1,3,3,27,39,6,66,30,42,72
204857,14,11,2,3,3,27,39,6,66,30,42,72
204866,1,412,1,142,461,460,1034,603,1494,602,1495,2097
204866,1,112,2,142,461,460,1034,603,1494,602,1495,2097
204866,2,999,1,124,397,364,794,521,1158,488,1191,1679
204866,2,999,2,124,397,364,794,521,1158,488,1191,1679
204866,3,1,1,2,13,22,58,15,80,24,71,95
204866,3,1,2,2,13,22,58,15,80,24,71,95
204866,4,2,1,43,155,78,185,198,263,121,340,461
204866,4,2,2,43,155,78,185,198,263,121,340,461
204866,5,3,1,37,151,151,362,188,513,188,513,701
204866,5,3,2,37,151,151,362,188,513,188,513,701
204866,6,4,1,42,78,113,189,120,302,155,267,422
204866,6,4,2,42,78,113,189,120,302,155,267,422
204866,7,999,1,18,64,96,240,82,336,114,304,418
204866,7,999,2,18,64,96,240,82,336,114,304,418
204866,8,5,1,13,34,33,114,47,147,46,148,194
204866,8,5,2,13,34,33,114,47,147,46,148,194
204866,9,6,1,1,16,20,54,17,74,21,70,91
204866,9,6,2,1,16,20,54,17,74,21,70,91
204866,10,7,1,1,9,19,22,10,41,20,31,51
204866,10,7,2,1,9,19,22,10,41,20,31,51
204866,11,8,1,3,4,18,30,7,48,21,34,55
204866,11,8,2,3,4,18,30,7,48,21,34,55
204866,12,9,1,0,1,6,19,1,25,6,20,26
204866,12,9,2,0,1,6,19,1,25,6,20,26
204866,13,10,1,0,0,0,1,0,1,0,1,1
204866,13,10,2,0,0,0,1,0,1,0,1,1
204936,1,412,1,862,1362,116,312,2224,428,978,1674,2652
204936,1,112,2,823,1315,52,123,2138,175,875,1438,2313
204936,1,312,5,39,47,64,189,86,253,103,236,339
204936,2,999,1,805,1286,54,106,2091,160,859,1392,2251
204936,2,999,2,789,1278,39,81,2067,120,828,1359,2187
204936,2,999,5,16,8,15,25,24,40,31,33,64
204936,3,1,1,2,6,10,30,8,40,12,36,48
204936,3,1,2,2,6,10,30,8,40,12,36,48
204936,4,2,1,252,435,9,20,687,29,261,455,716
204936,4,2,2,252,435,9,20,687,29,261,455,716
204936,5,3,1,358,590,6,13,948,19,364,603,967
204936,5,3,2,358,590,6,13,948,19,364,603,967
204936,6,4,1,193,255,29,43,448,72,222,298,520
204936,6,4,2,177,247,14,18,424,32,191,265,456
204936,6,4,5,16,8,15,25,24,40,31,33,64
204936,7,999,1,56,75,61,195,131,256,117,270,387
204936,7,999,2,34,36,13,41,70,54,47,77,124
204936,7,999,5,22,39,48,154,61,202,70,193,263
204936,8,5,1,35,42,23,68,77,91,58,110,168
204936,8,5,2,21,18,6,16,39,22,27,34,61
204936,8,5,5,14,24,17,52,38,69,31,76,107
204936,9,6,1,15,17,17,36,32,53,32,53,85
204936,9,6,2,9,11,3,7,20,10,12,18,30
204936,9,6,5,6,6,14,29,12,43,20,35,55
204936,10,7,1,4,9,4,31,13,35,8,40,48
204936,10,7,2,2,2,1,2,4,3,3,4,7
204936,10,7,5,2,7,3,29,9,32,5,36,41
204936,11,8,1,1,6,11,39,7,50,12,45,57
204936,11,8,2,1,4,2,7,5,9,3,11,14
204936,11,8,5,0,2,9,32,2,41,9,34,43
204936,12,9,1,1,1,6,20,2,26,7,21,28
204936,12,9,2,1,1,1,8,2,9,2,9,11
204936,12,9,5,0,0,5,12,0,17,5,12,17
204936,13,10,1,0,0,0,1,0,1,0,1,1
204936,13,10,2,0,0,0,1,0,1,0,1,1
204936,14,11,1,1,1,1,11,2,12,2,12,14
204936,14,11,2,0,1,0,1,1,1,0,2,2
204936,14,11,5,1,0,1,10,1,11,2,10,12
204945,1,412,1,892,1142,2722,2780,2034,5502,3614,3922,7536
204945,1,112,2,892,1142,2722,2780,2034,5502,3614,3922,7536
204945,2,999,1,682,841,1524,1685,1523,3209,2206,2526,4732
204945,2,999,2,682,841,1524,1685,1523,3209,2206,2526,4732
204945,3,1,1,6,25,400,536,31,936,406,561,967
204945,3,1,2,6,25,400,536,31,936,406,561,967
204945,4,2,1,326,424,298,375,750,673,624,799,1423
204945,4,2,2,326,424,298,375,750,673,624,799,1423
204945,5,3,1,226,225,349,389,451,738,575,614,1189
204945,5,3,2,226,225,349,389,451,738,575,614,1189
204945,6,4,1,124,167,477,385,291,862,601,552,1153
204945,6,4,2,124,167,477,385,291,862,601,552,1153
204945,7,999,1,210,301,1192,1095,511,2287,1402,1396,2798
204945,7,999,2,210,301,1192,1095,511,2287,1402,1396,2798
204945,8,5,1,112,153,504,454,265,958,616,607,1223
204945,8,5,2,112,153,504,454,265,958,616,607,1223
204945,9,6,1,56,72,317,261,128,578,373,333,706
204945,9,6,2,56,72,317,261,128,578,373,333,706
204945,10,7,1,16,29,169,166,45,335,185,195,380
204945,10,7,2,16,29,169,166,45,335,185,195,380
204945,11,8,1,19,36,155,158,55,313,174,194,368
204945,11,8,2,19,36,155,158,55,313,174,194,368
204945,12,9,1,7,10,41,56,17,97,48,66,114
204945,12,9,2,7,10,41,56,17,97,48,66,114
204945,13,10,1,0,1,6,0,1,6,6,1,7
204945,13,10,2,0,1,6,0,1,6,6,1,7
204945,14,11,1,0,0,6,0,0,6,6,0,6
204945,14,11,2,0,0,6,0,0,6,6,0,6
205090,1,412,1,1,13,3,62,14,65,4,75,79
205090,1,112,2,1,13,3,62,14,65,4,75,79
205090,2,999,1,1,9,3,38,10,41,4,47,51
205090,2,999,2,1,9,3,38,10,41,4,47,51
205090,4,2,1,0,4,1,4,4,5,1,8,9
205090,4,2,2,0,4,1,4,4,5,1,8,9
205090,5,3,1,1,4,0,21,5,21,1,25,26
205090,5,3,2,1,4,0,21,5,21,1,25,26
205090,6,4,1,0,1,2,13,1,15,2,14,16
205090,6,4,2,0,1,2,13,1,15,2,14,16
205090,7,999,1,0,4,0,24,4,24,0,28,28
205090,7,999,2,0,4,0,24,4,24,0,28,28
205090,8,5,1,0,0,0,11,0,11,0,11,11
205090,8,5,2,0,0,0,11,0,11,0,11,11
205090,9,6,1,0,2,0,7,2,7,0,9,9
205090,9,6,2,0,2,0,7,2,7,0,9,9
205090,10,7,1,0,0,0,3,0,3,0,3,3
205090,10,7,2,0,0,0,3,0,3,0,3,3
205090,11,8,1,0,2,0,2,2,2,0,4,4
205090,11,8,2,0,2,0,2,2,2,0,4,4
205090,12,9,1,0,0,0,1,0,1,0,1,1
205090,12,9,2,0,0,0,1,0,1,0,1,1
205443,1,412,1,1182,1427,309,567,2609,876,1491,1994,3485
205443,1,112,2,1162,1359,280,503,2521,783,1442,1862,3304
205443,1,312,5,20,68,29,64,88,93,49,132,181
205443,2,999,1,1077,1275,217,391,2352,608,1294,1666,2960
205443,2,999,2,1067,1228,216,385,2295,601,1283,1613,2896
205443,2,999,5,10,47,1,6,57,7,11,53,64
205443,3,1,1,23,50,126,247,73,373,149,297,446
205443,3,1,2,23,50,126,247,73,373,149,297,446
205443,4,2,1,430,574,36,50,1004,86,466,624,1090
205443,4,2,2,430,574,36,50,1004,86,466,624,1090
205443,5,3,1,416,413,24,43,829,67,440,456,896
205443,5,3,2,416,411,24,43,827,67,440,454,894
205443,5,3,5,0,2,0,0,2,0,0,2,2
205443,6,4,1,208,238,31,51,446,82,239,289,528
205443,6,4,2,198,193,30,45,391,75,228,238,466
205443,6,4,5,10,45,1,6,55,7,11,51,62
205443,7,999,1,104,152,91,176,256,267,195,328,523
205443,7,999,2,94,131,63,118,225,181,157,249,406
205443,7,999,5,10,21,28,58,31,86,38,79,117
205443,8,5,1,72,72,29,59,144,88,101,131,232
205443,8,5,2,65,59,23,41,124,64,88,100,188
205443,8,5,5,7,13,6,18,20,24,13,31,44
205443,9,6,1,14,37,19,22,51,41,33,59,92
205443,9,6,2,13,33,9,16,46,25,22,49,71
205443,9,6,5,1,4,10,6,5,16,11,10,21
205443,10,7,1,4,22,19,25,26,44,23,47,70
205443,10,7,2,3,19,12,16,22,28,15,35,50
205443,10,7,5,1,3,7,9,4,16,8,12,20
205443,11,8,1,12,14,14,44,26,58,26,58,84
205443,11,8,2,11,13,11,31,24,42,22,44,66
205443,11,8,5,1,1,3,13,2,16,4,14,18
205443,12,9,1,2,7,8,24,9,32,10,31,41
205443,12,9,2,2,7,6,13,9,19,8,20,28
205443,12,9,5,0,0,2,11,0,13,2,11,13
205443,13,10,1,0,0,2,2,0,4,2,2,4
205443,13,10,2,0,0,2,1,0,3,2,1,3
205443,13,10,5,0,0,0,1,0,1,0,1,1
205443,14,11,1,1,0,1,0,1,1,2,0,2
205443,14,11,2,1,0,1,0,1,1,2,0,2
205470,1,412,1,1807,2112,6411,8357,3919,14768,8218,10469,18687
205470,1,112,2,1807,2112,6411,8357,3919,14768,8218,10469,18687
205470,2,999,1,1414,1619,3445,5096,3033,8541,4859,6715,11574
205470,2,999,2,1414,1619,3445,5096,3033,8541,4859,6715,11574
205470,3,1,1,106,210,1234,2065,316,3299,1340,2275,3615
205470,3,1,2,106,210,1234,2065,316,3299,1340,2275,3615
205470,4,2,1,771,840,839,1112,1611,1951,1610,1952,3562
205470,4,2,2,771,840,839,1112,1611,1951,1610,1952,3562
205470,5,3,1,336,331,688,955,667,1643,1024,1286,2310
205470,5,3,2,336,331,688,955,667,1643,1024,1286,2310
205470,6,4,1,201,238,684,964,439,1648,885,1202,2087
205470,6,4,2,201,238,684,964,439,1648,885,1202,2087
205470,7,999,1,393,493,2966,3261,886,6227,3359,3754,7113
205470,7,999,2,393,493,2966,3261,886,6227,3359,3754,7113
205470,8,5,1,162,215,848,1085,377,1933,1010,1300,2310
205470,8,5,2,162,215,848,1085,377,1933,1010,1300,2310
205470,9,6,1,99,109,589,695,208,1284,688,804,1492
205470,9,6,2,99,109,589,695,208,1284,688,804,1492
205470,10,7,1,63,77,533,557,140,1090,596,634,1230
205470,10,7,2,63,77,533,557,140,1090,596,634,1230
205470,11,8,1,52,70,649,611,122,1260,701,681,1382
205470,11,8,2,52,70,649,611,122,1260,701,681,1382
205470,12,9,1,17,22,317,293,39,610,334,315,649
205470,12,9,2,17,22,317,293,39,610,334,315,649
205470,13,10,1,0,0,30,20,0,50,30,20,50
205470,13,10,2,0,0,30,20,0,50,30,20,50
205841,1,412,1,1283,1515,3027,4947,2798,7974,4310,6462,10772
205841,1,112,2,1283,1515,3027,4947,2798,7974,4310,6462,10772
205841,2,999,1,938,1078,2141,3266,2016,5407,3079,4344,7423
205841,2,999,2,938,1078,2141,3266,2016,5407,3079,4344,7423
205841,3,1,1,96,169,1155,1870,265,3025,1251,2039,3290
205841,3,1,2,96,169,1155,1870,265,3025,1251,2039,3290
205841,4,2,1,395,423,347,458,818,805,742,881,1623
205841,4,2,2,395,423,347,458,818,805,742,881,1623
205841,5,3,1,278,280,307,428,558,735,585,708,1293
205841,5,3,2,278,280,307,428,558,735,585,708,1293
205841,6,4,1,169,206,332,510,375,842,501,716,1217
205841,6,4,2,169,206,332,510,375,842,501,716,1217
205841,7,999,1,345,437,886,1681,782,2567,1231,2118,3349
205841,7,999,2,345,437,886,1681,782,2567,1231,2118,3349
205841,8,5,1,150,209,331,580,359,911,481,789,1270
205841,8,5,2,150,209,331,580,359,911,481,789,1270
205841,9,6,1,90,98,202,370,188,572,292,468,760
205841,9,6,2,90,98,202,370,188,572,292,468,760
205841,10,7,1,40,53,139,239,93,378,179,292,471
205841,10,7,2,40,53,139,239,93,378,179,292,471
205841,11,8,1,47,51,138,309,98,447,185,360,545
205841,11,8,2,47,51,138,309,98,447,185,360,545
205841,12,9,1,17,26,66,175,43,241,83,201,284
205841,12,9,2,17,26,66,175,43,241,83,201,284
205841,13,10,1,1,0,10,8,1,18,11,8,19
205841,13,10,2,1,0,10,8,1,18,11,8,19
205966,1,412,1,171,393,463,991,564,1454,634,1384,2018
205966,1,112,2,171,393,463,991,564,1454,634,1384,2018
205966,2,999,1,145,300,407,797,445,1204,552,1097,1649
205966,2,999,2,145,300,407,797,445,1204,552,1097,1649
205966,3,1,1,59,134,296,579,193,875,355,713,1068
205966,3,1,2,59,134,296,579,193,875,355,713,1068
205966,4,2,1,56,96,57,89,152,146,113,185,298
205966,4,2,2,56,96,57,89,152,146,113,185,298
205966,5,3,1,15,40,33,72,55,105,48,112,160
205966,5,3,2,15,40,33,72,55,105,48,112,160
205966,6,4,1,15,30,21,57,45,78,36,87,123
205966,6,4,2,15,30,21,57,45,78,36,87,123
205966,7,999,1,26,93,56,194,119,250,82,287,369
205966,7,999,2,26,93,56,194,119,250,82,287,369
205966,8,5,1,7,31,15,57,38,72,22,88,110
205966,8,5,2,7,31,15,57,38,72,22,88,110
205966,9,6,1,3,26,22,49,29,71,25,75,100
205966,9,6,2,3,26,22,49,29,71,25,75,100
205966,10,7,1,4,17,3,39,21,42,7,56,63
205966,10,7,2,4,17,3,39,21,42,7,56,63
205966,11,8,1,8,15,11,33,23,44,19,48,67
205966,11,8,2,8,15,11,33,23,44,19,48,67
205966,12,9,1,4,4,5,16,8,21,9,20,29
205966,12,9,2,4,4,5,16,8,21,9,20,29
206011,1,412,1,274,278,759,746,552,1505,1033,1024,2057
206011,1,112,2,274,278,759,746,552,1505,1033,1024,2057
206011,2,999,1,233,220,478,537,453,1015,711,757,1468
206011,2,999,2,233,220,478,537,453,1015,711,757,1468
206011,3,1,1,6,9,229,270,15,499,235,279,514
206011,3,1,2,6,9,229,270,15,499,235,279,514
206011,4,2,1,125,108,115,152,233,267,240,260,500
206011,4,2,2,125,108,115,152,233,267,240,260,500
206011,5,3,1,85,76,56,68,161,124,141,144,285
206011,5,3,2,85,76,56,68,161,124,141,144,285
206011,6,4,1,17,27,78,47,44,125,95,74,169
206011,6,4,2,17,27,78,47,44,125,95,74,169
206011,7,999,1,41,57,278,208,98,486,319,265,584
206011,7,999,2,41,57,278,208,98,486,319,265,584
206011,8,5,1,22,29,77,77,51,154,99,106,205
206011,8,5,2,22,29,77,77,51,154,99,106,205
206011,9,6,1,5,10,67,62,15,129,72,72,144
206011,9,6,2,5,10,67,62,15,129,72,72,144
206011,10,7,1,10,6,47,21,16,68,57,27,84
206011,10,7,2,10,6,47,21,16,68,57,27,84
206011,11,8,1,3,9,61,32,12,93,64,41,105
206011,11,8,2,3,9,61,32,12,93,64,41,105
206011,12,9,1,1,3,25,15,4,40,26,18,44
206011,12,9,2,1,3,25,15,4,40,26,18,44
206011,13,10,1,0,0,1,1,0,2,1,1,2
206011,13,10,2,0,0,1,1,0,2,1,1,2
206011,14,11,1,0,1,3,1,1,4,3,2,5
206011,14,11,2,0,1,3,1,1,4,3,2,5
206154,1,412,1,1,2,15,2,3,17,16,4,20
206154,1,112,2,1,2,13,2,3,15,14,4,18
206154,1,312,5,0,0,2,0,0,2,2,0,2
206154,2,999,1,1,0,2,0,1,2,3,0,3
206154,2,999,2,1,0,2,0,1,2,3,0,3
206154,6,4,1,1,0,2,0,1,2,3,0,3
206154,6,4,2,1,0,2,0,1,2,3,0,3
206154,7,999,1,0,2,13,2,2,15,13,4,17
206154,7,999,2,0,2,11,2,2,13,11,4,15
206154,7,999,5,0,0,2,0,0,2,2,0,2
206154,8,5,1,0,0,2,0,0,2,2,0,2
206154,8,5,2,0,0,2,0,0,2,2,0,2
206154,9,6,1,0,0,3,0,0,3,3,0,3
206154,9,6,2,0,0,2,0,0,2,2,0,2
206154,9,6,5,0,0,1,0,0,1,1,0,1
206154,10,7,1,0,0,1,0,0,1,1,0,1
206154,10,7,2,0,0,1,0,0,1,1,0,1
206154,11,8,1,0,0,2,1,0,3,2,1,3
206154,11,8,2,0,0,2,1,0,3,2,1,3
206154,12,9,1,0,1,3,0,1,3,3,1,4
206154,12,9,2,0,1,2,0,1,2,2,1,3
206154,12,9,5,0,0,1,0,0,1,1,0,1
206154,13,10,1,0,1,2,1,1,3,2,2,4
206154,13,10,2,0,1,2,1,1,3,2,2,4
206279,1,412,1,178,195,226,210,373,436,404,405,809
206279,1,112,2,115,112,203,145,227,348,318,257,575
206279,1,312,5,63,83,23,65,146,88,86,148,234
206279,2,999,1,6,18,11,15,24,26,17,33,50
206279,2,999,2,5,12,10,12,17,22,15,24,39
206279,2,999,5,1,6,1,3,7,4,2,9,11
206279,4,2,1,0,1,0,0,1,0,0,1,1
206279,4,2,2,0,1,0,0,1,0,0,1,1
206279,5,3,1,3,3,2,6,6,8,5,9,14
206279,5,3,2,3,2,2,5,5,7,5,7,12
206279,5,3,5,0,1,0,1,1,1,0,2,2
206279,6,4,1,3,14,9,9,17,18,12,23,35
206279,6,4,2,2,9,8,7,11,15,10,16,26
206279,6,4,5,1,5,1,2,6,3,2,7,9
206279,7,999,1,172,177,215,195,349,410,387,372,759
206279,7,999,2,110,100,193,133,210,326,303,233,536
206279,7,999,5,62,77,22,62,139,84,84,139,223
206279,8,5,1,20,28,26,42,48,68,46,70,116
206279,8,5,2,17,23,26,28,40,54,43,51,94
206279,8,5,5,3,5,0,14,8,14,3,19,22
206279,9,6,1,29,32,37,42,61,79,66,74,140
206279,9,6,2,24,27,35,27,51,62,59,54,113
206279,9,6,5,5,5,2,15,10,17,7,20,27
206279,10,7,1,34,29,36,34,63,70,70,63,133
206279,10,7,2,24,17,33,25,41,58,57,42,99
206279,10,7,5,10,12,3,9,22,12,13,21,34
206279,11,8,1,51,50,90,48,101,138,141,98,239
206279,11,8,2,38,25,80,34,63,114,118,59,177
206279,11,8,5,13,25,10,14,38,24,23,39,62
206279,12,9,1,33,31,24,27,64,51,57,58,115
206279,12,9,2,7,7,19,19,14,38,26,26,52
206279,12,9,5,26,24,5,8,50,13,31,32,63
206279,13,10,1,5,7,2,2,12,4,7,9,16
206279,13,10,2,0,1,0,0,1,0,0,1,1
206279,13,10,5,5,6,2,2,11,4,7,8,15
206321,1,412,1,6,43,21,10,49,31,27,53,80
206321,1,112,2,6,43,21,10,49,31,27,53,80
206321,2,999,1,1,13,8,2,14,10,9,15,24
206321,2,999,2,1,13,8,2,14,10,9,15,24
206321,4,2,1,0,2,2,0,2,2,2,2,4
206321,4,2,2,0,2,2,0,2,2,2,2,4
206321,5,3,1,0,4,3,2,4,5,3,6,9
206321,5,3,2,0,4,3,2,4,5,3,6,9
206321,6,4,1,1,7,3,0,8,3,4,7,11
206321,6,4,2,1,7,3,0,8,3,4,7,11
206321,7,999,1,5,30,13,8,35,21,18,38,56
206321,7,999,2,5,30,13,8,35,21,18,38,56
206321,8,5,1,3,12,8,5,15,13,11,17,28
206321,8,5,2,3,12,8,5,15,13,11,17,28
206321,9,6,1,1,3,1,1,4,2,2,4,6
206321,9,6,2,1,3,1,1,4,2,2,4,6
206321,10,7,1,1,9,0,1,10,1,1,10,11
206321,10,7,2,1,9,0,1,10,1,1,10,11
206321,11,8,1,0,5,4,1,5,5,4,6,10
206321,11,8,2,0,5,4,1,5,5,4,6,10
206321,12,9,1,0,1,0,0,1,0,0,1,1
206321,12,9,2,0,1,0,0,1,0,0,1,1
206437,1,412,1,777,1104,203,567,1881,770,980,1671,2651
206437,1,112,2,689,842,119,200,1531,319,808,1042,1850
206437,1,312,5,88,262,84,367,350,451,172,629,801
206437,2,999,1,676,882,81,146,1558,227,757,1028,1785
206437,2,999,2,647,773,76,121,1420,197,723,894,1617
206437,2,999,5,29,109,5,25,138,30,34,134,168
206437,3,1,1,1,0,15,40,1,55,16,40,56
206437,3,1,2,1,0,15,40,1,55,16,40,56
206437,4,2,1,94,119,52,68,213,120,146,187,333
206437,4,2,2,94,119,52,68,213,120,146,187,333
206437,5,3,1,302,348,3,2,650,5,305,350,655
206437,5,3,2,302,347,3,2,649,5,305,349,654
206437,5,3,5,0,1,0,0,1,0,0,1,1
206437,6,4,1,279,415,11,36,694,47,290,451,741
206437,6,4,2,250,307,6,11,557,17,256,318,574
206437,6,4,5,29,108,5,25,137,30,34,133,167
206437,7,999,1,101,222,122,421,323,543,223,643,866
206437,7,999,2,42,69,43,79,111,122,85,148,233
206437,7,999,5,59,153,79,342,212,421,138,495,633
206437,8,5,1,68,134,34,147,202,181,102,281,383
206437,8,5,2,24,32,7,21,56,28,31,53,84
206437,8,5,5,44,102,27,126,146,153,71,228,299
206437,9,6,1,15,29,34,83,44,117,49,112,161
206437,9,6,2,9,13,15,10,22,25,24,23,47
206437,9,6,5,6,16,19,73,22,92,25,89,114
206437,10,7,1,10,20,24,62,30,86,34,82,116
206437,10,7,2,5,6,8,10,11,18,13,16,29
206437,10,7,5,5,14,16,52,19,68,21,66,87
206437,11,8,1,7,30,20,74,37,94,27,104,131
206437,11,8,2,3,15,8,16,18,24,11,31,42
206437,11,8,5,4,15,12,58,19,70,16,73,89
206437,12,9,1,1,9,9,50,10,59,10,59,69
206437,12,9,2,1,3,4,19,4,23,5,22,27
206437,12,9,5,0,6,5,31,6,36,5,37,42
206437,13,10,1,0,0,1,5,0,6,1,5,6
206437,13,10,2,0,0,1,3,0,4,1,3,4
206437,13,10,5,0,0,0,2,0,2,0,2,2
206507,1,412,1,505,610,15,35,1115,50,520,645,1165
206507,1,112,2,505,610,15,35,1115,50,520,645,1165
206507,2,999,1,482,583,6,4,1065,10,488,587,1075
206507,2,999,2,482,583,6,4,1065,10,488,587,1075
206507,3,1,1,4,10,1,1,14,2,5,11,16
206507,3,1,2,4,10,1,1,14,2,5,11,16
206507,4,2,1,215,274,0,0,489,0,215,274,489
206507,4,2,2,215,274,0,0,489,0,215,274,489
206507,5,3,1,208,252,1,0,460,1,209,252,461
206507,5,3,2,208,252,1,0,460,1,209,252,461
206507,6,4,1,55,47,4,3,102,7,59,50,109
206507,6,4,2,55,47,4,3,102,7,59,50,109
206507,7,999,1,23,27,9,31,50,40,32,58,90
206507,7,999,2,23,27,9,31,50,40,32,58,90
206507,8,5,1,15,13,4,10,28,14,19,23,42
206507,8,5,2,15,13,4,10,28,14,19,23,42
206507,9,6,1,2,7,0,4,9,4,2,11,13
206507,9,6,2,2,7,0,4,9,4,2,11,13
206507,10,7,1,1,4,2,6,5,8,3,10,13
206507,10,7,2,1,4,2,6,5,8,3,10,13
206507,11,8,1,4,3,1,6,7,7,5,9,14
206507,11,8,2,4,3,1,6,7,7,5,9,14
206507,12,9,1,1,0,2,5,1,7,3,5,8
206507,12,9,2,1,0,2,5,1,7,3,5,8
206516,1,412,1,12,16,19,20,28,39,31,36,67
206516,1,312,5,12,16,19,20,28,39,31,36,67
206516,2,999,1,0,3,0,3,3,3,0,6,6
206516,2,999,5,0,3,0,3,3,3,0,6,6
206516,6,4,1,0,3,0,3,3,3,0,6,6
206516,6,4,5,0,3,0,3,3,3,0,6,6
206516,7,999,1,12,13,18,17,25,35,30,30,60
206516,7,999,5,12,13,18,17,25,35,30,30,60
206516,8,5,1,2,1,3,3,3,6,5,4,9
206516,8,5,5,2,1,3,3,3,6,5,4,9
206516,9,6,1,2,0,2,1,2,3,4,1,5
206516,9,6,5,2,0,2,1,2,3,4,1,5
206516,10,7,1,2,4,2,0,6,2,4,4,8
206516,10,7,5,2,4,2,0,6,2,4,4,8
206516,11,8,1,4,2,5,5,6,10,9,7,16
206516,11,8,5,4,2,5,5,6,10,9,7,16
206516,12,9,1,1,4,5,7,5,12,6,11,17
206516,12,9,5,1,4,5,7,5,12,6,11,17
206516,13,10,1,1,2,1,1,3,2,2,3,5
206516,13,10,5,1,2,1,1,3,2,2,3,5
206516,14,11,1,0,0,1,0,0,1,1,0,1
206516,14,11,5,0,0,1,0,0,1,1,0,1
206525,1,412,1,652,757,44,35,1409,79,696,792,1488
206525,1,112,2,638,750,34,23,1388,57,672,773,1445
206525,1,312,5,14,7,10,12,21,22,24,19,43
206525,2,999,1,637,748,28,17,1385,45,665,765,1430
206525,2,999,2,625,744,21,12,1369,33,646,756,1402
206525,2,999,5,12,4,7,5,16,12,19,9,28
206525,3,1,1,13,18,8,9,31,17,21,27,48
206525,3,1,2,13,18,8,9,31,17,21,27,48
206525,4,2,1,277,332,1,0,609,1,278,332,610
206525,4,2,2,277,332,1,0,609,1,278,332,610
206525,5,3,1,271,353,3,1,624,4,274,354,628
206525,5,3,2,271,352,3,1,623,4,274,353,627
206525,5,3,5,0,1,0,0,1,0,0,1,1
206525,6,4,1,76,45,16,7,121,23,92,52,144
206525,6,4,2,64,42,9,2,106,11,73,44,117
206525,6,4,5,12,3,7,5,15,12,19,8,27
206525,7,999,1,15,9,16,18,24,34,31,27,58
206525,7,999,2,13,6,13,11,19,24,26,17,43
206525,7,999,5,2,3,3,7,5,10,5,10,15
206525,8,5,1,8,4,6,4,12,10,14,8,22
206525,8,5,2,8,3,4,3,11,7,12,6,18
206525,8,5,5,0,1,2,1,1,3,2,2,4
206525,9,6,1,3,1,3,10,4,13,6,11,17
206525,9,6,2,3,1,2,6,4,8,5,7,12
206525,9,6,5,0,0,1,4,0,5,1,4,5
206525,10,7,1,2,0,0,1,2,1,2,1,3
206525,10,7,2,2,0,0,0,2,0,2,0,2
206525,10,7,5,0,0,0,1,0,1,0,1,1
206525,11,8,1,0,4,4,2,4,6,4,6,10
206525,11,8,2,0,2,4,1,2,5,4,3,7
206525,11,8,5,0,2,0,1,2,1,0,3,3
206525,12,9,1,2,0,2,0,2,2,4,0,4
206525,12,9,2,0,0,2,0,0,2,2,0,2
206525,12,9,5,2,0,0,0,2,0,2,0,2
206525,13,10,1,0,0,1,1,0,2,1,1,2
206525,13,10,2,0,0,1,1,0,2,1,1,2
206589,1,412,1,875,1046,1,2,1921,3,876,1048,1924
206589,1,112,2,875,1046,1,2,1921,3,876,1048,1924
206589,2,999,1,874,1044,1,1,1918,2,875,1045,1920
206589,2,999,2,874,1044,1,1,1918,2,875,1045,1920
206589,3,1,1,11,25,0,0,36,0,11,25,36
206589,3,1,2,11,25,0,0,36,0,11,25,36
206589,4,2,1,428,491,0,0,919,0,428,491,919
206589,4,2,2,428,491,0,0,919,0,428,491,919
206589,5,3,1,371,485,1,0,856,1,372,485,857
206589,5,3,2,371,485,1,0,856,1,372,485,857
206589,6,4,1,64,43,0,1,107,1,64,44,108
206589,6,4,2,64,43,0,1,107,1,64,44,108
206589,7,999,1,1,2,0,1,3,1,1,3,4
206589,7,999,2,1,2,0,1,3,1,1,3,4
206589,8,5,1,1,1,0,1,2,1,1,2,3
206589,8,5,2,1,1,0,1,2,1,1,2,3
206589,9,6,1,0,1,0,0,1,0,0,1,1
206589,9,6,2,0,1,0,0,1,0,0,1,1
206604,1,412,1,3290,4200,1585,1861,7490,3446,4875,6061,10936
206604,1,112,2,2847,3512,891,1082,6359,1973,3738,4594,8332
206604,1,312,5,443,688,694,779,1131,1473,1137,1467,2604
206604,2,999,1,2615,3473,721,862,6088,1583,3336,4335,7671
206604,2,999,2,2467,3203,571,704,5670,1275,3038,3907,6945
206604,2,999,5,148,270,150,158,418,308,298,428,726
206604,3,1,1,28,64,161,255,92,416,189,319,508
206604,3,1,2,28,64,161,255,92,416,189,319,508
206604,4,2,1,756,1149,61,85,1905,146,817,1234,2051
206604,4,2,2,755,1148,61,85,1903,146,816,1233,2049
206604,4,2,5,1,1,0,0,2,0,1,1,2
206604,5,3,1,1040,1393,103,127,2433,230,1143,1520,2663
206604,5,3,2,1034,1368,100,125,2402,225,1134,1493,2627
206604,5,3,5,6,25,3,2,31,5,9,27,36
206604,6,4,1,791,867,396,395,1658,791,1187,1262,2449
206604,6,4,2,650,623,249,239,1273,488,899,862,1761
206604,6,4,5,141,244,147,156,385,303,288,400,688
206604,7,999,1,675,727,864,999,1402,1863,1539,1726,3265
206604,7,999,2,380,309,320,378,689,698,700,687,1387
206604,7,999,5,295,418,544,621,713,1165,839,1039,1878
206604,8,5,1,432,456,384,388,888,772,816,844,1660
206604,8,5,2,237,178,150,156,415,306,387,334,721
206604,8,5,5,195,278,234,232,473,466,429,510,939
206604,9,6,1,144,126,199,208,270,407,343,334,677
206604,9,6,2,93,62,66,78,155,144,159,140,299
206604,9,6,5,51,64,133,130,115,263,184,194,378
206604,10,7,1,53,67,118,147,120,265,171,214,385
206604,10,7,2,30,25,42,44,55,86,72,69,141
206604,10,7,5,23,42,76,103,65,179,99,145,244
206604,11,8,1,33,58,102,155,91,257,135,213,348
206604,11,8,2,16,31,36,57,47,93,52,88,140
206604,11,8,5,17,27,66,98,44,164,83,125,208
206604,12,9,1,11,20,58,99,31,157,69,119,188
206604,12,9,2,4,13,24,43,17,67,28,56,84
206604,12,9,5,7,7,34,56,14,90,41,63,104
206604,13,10,1,2,0,3,2,2,5,5,2,7
206604,13,10,2,0,0,2,0,0,2,2,0,2
206604,13,10,5,2,0,1,2,2,3,3,2,5
206613,1,412,1,325,506,398,520,831,918,723,1026,1749
206613,1,112,2,325,506,395,513,831,908,720,1019,1739
206613,1,312,5,0,0,3,7,0,10,3,7,10
206613,2,999,1,310,475,322,447,785,769,632,922,1554
206613,2,999,2,310,475,321,441,785,762,631,916,1547
206613,2,999,5,0,0,1,6,0,7,1,6,7
206613,3,1,1,8,10,108,184,18,292,116,194,310
206613,3,1,2,8,10,108,184,18,292,116,194,310
206613,4,2,1,144,230,54,81,374,135,198,311,509
206613,4,2,2,144,230,54,81,374,135,198,311,509
206613,5,3,1,117,182,81,101,299,182,198,283,481
206613,5,3,2,117,182,81,100,299,181,198,282,480
206613,5,3,5,0,0,0,1,0,1,0,1,1
206613,6,4,1,41,53,79,81,94,160,120,134,254
206613,6,4,2,41,53,78,76,94,154,119,129,248
206613,6,4,5,0,0,1,5,0,6,1,5,6
206613,7,999,1,15,31,76,73,46,149,91,104,195
206613,7,999,2,15,31,74,72,46,146,89,103,192
206613,7,999,5,0,0,2,1,0,3,2,1,3
206613,8,5,1,10,20,35,29,30,64,45,49,94
206613,8,5,2,10,20,34,29,30,63,44,49,93
206613,8,5,5,0,0,1,0,0,1,1,0,1
206613,9,6,1,3,6,21,11,9,32,24,17,41
206613,9,6,2,3,6,21,11,9,32,24,17,41
206613,10,7,1,0,2,13,12,2,25,13,14,27
206613,10,7,2,0,2,13,12,2,25,13,14,27
206613,11,8,1,2,2,4,11,4,15,6,13,19
206613,11,8,2,2,2,3,10,4,13,5,12,17
206613,11,8,5,0,0,1,1,0,2,1,1,2
206613,12,9,1,0,1,3,10,1,13,3,11,14
206613,12,9,2,0,1,3,10,1,13,3,11,14
206622,1,412,1,2392,3224,566,879,5616,1445,2958,4103,7061
206622,1,112,2,2192,2863,101,116,5055,217,2293,2979,5272
206622,1,312,5,200,361,465,763,561,1228,665,1124,1789
206622,2,999,1,2172,2837,93,150,5009,243,2265,2987,5252
206622,2,999,2,2088,2638,57,39,4726,96,2145,2677,4822
206622,2,999,5,84,199,36,111,283,147,120,310,430
206622,3,1,1,7,49,0,2,56,2,7,51,58
206622,3,1,2,7,49,0,2,56,2,7,51,58
206622,4,2,1,967,1267,10,2,2234,12,977,1269,2246
206622,4,2,2,967,1267,10,2,2234,12,977,1269,2246
206622,5,3,1,957,1076,11,12,2033,23,968,1088,2056
206622,5,3,2,953,1060,11,11,2013,22,964,1071,2035
206622,5,3,5,4,16,0,1,20,1,4,17,21
206622,6,4,1,241,445,72,134,686,206,313,579,892
206622,6,4,2,161,262,36,24,423,60,197,286,483
206622,6,4,5,80,183,36,110,263,146,116,293,409
206622,7,999,1,220,387,473,729,607,1202,693,1116,1809
206622,7,999,2,104,225,44,77,329,121,148,302,450
206622,7,999,5,116,162,429,652,278,1081,545,814,1359
206622,8,5,1,93,225,150,241,318,391,243,466,709
206622,8,5,2,51,138,15,26,189,41,66,164,230
206622,8,5,5,42,87,135,215,129,350,177,302,479
206622,9,6,1,60,63,106,144,123,250,166,207,373
206622,9,6,2,27,42,8,10,69,18,35,52,87
206622,9,6,5,33,21,98,134,54,232,131,155,286
206622,10,7,1,31,41,77,94,72,171,108,135,243
206622,10,7,2,14,20,5,11,34,16,19,31,50
206622,10,7,5,17,21,72,83,38,155,89,104,193
206622,11,8,1,29,43,91,152,72,243,120,195,315
206622,11,8,2,9,20,5,17,29,22,14,37,51
206622,11,8,5,20,23,86,135,43,221,106,158,264
206622,12,9,1,7,15,41,87,22,128,48,102,150
206622,12,9,2,3,5,5,8,8,13,8,13,21
206622,12,9,5,4,10,36,79,14,115,40,89,129
206622,13,10,1,0,0,8,11,0,19,8,11,19
206622,13,10,2,0,0,6,5,0,11,6,5,11
206622,13,10,5,0,0,2,6,0,8,2,6,8
206695,1,412,1,4033,4927,1136,1739,8960,2875,5169,6666,11835
206695,1,112,2,3763,4412,895,1331,8175,2226,4658,5743,10401
206695,1,312,5,270,515,241,408,785,649,511,923,1434
206695,2,999,1,3477,4192,662,951,7669,1613,4139,5143,9282
206695,2,999,2,3396,4021,643,929,7417,1572,4039,4950,8989
206695,2,999,5,81,171,19,22,252,41,100,193,293
206695,3,1,1,9,33,185,309,42,494,194,342,536
206695,3,1,2,9,33,185,309,42,494,194,342,536
206695,4,2,1,627,968,264,406,1595,670,891,1374,2265
206695,4,2,2,627,968,264,406,1595,670,891,1374,2265
206695,5,3,1,1459,1752,50,60,3211,110,1509,1812,3321
206695,5,3,2,1459,1751,49,60,3210,109,1508,1811,3319
206695,5,3,5,0,1,1,0,1,1,1,1,2
206695,6,4,1,1382,1439,163,176,2821,339,1545,1615,3160
206695,6,4,2,1301,1269,145,154,2570,299,1446,1423,2869
206695,6,4,5,81,170,18,22,251,40,99,192,291
206695,7,999,1,556,735,474,788,1291,1262,1030,1523,2553
206695,7,999,2,367,391,252,402,758,654,619,793,1412
206695,7,999,5,189,344,222,386,533,608,411,730,1141
206695,8,5,1,341,411,183,226,752,409,524,637,1161
206695,8,5,2,229,223,131,130,452,261,360,353,713
206695,8,5,5,112,188,52,96,300,148,164,284,448
206695,9,6,1,104,126,101,155,230,256,205,281,486
206695,9,6,2,67,59,47,67,126,114,114,126,240
206695,9,6,5,37,67,54,88,104,142,91,155,246
206695,10,7,1,58,64,68,107,122,175,126,171,297
206695,10,7,2,37,34,24,57,71,81,61,91,152
206695,10,7,5,21,30,44,50,51,94,65,80,145
206695,11,8,1,39,96,87,176,135,263,126,272,398
206695,11,8,2,25,58,35,83,83,118,60,141,201
206695,11,8,5,14,38,52,93,52,145,66,131,197
206695,12,9,1,13,36,33,110,49,143,46,146,192
206695,12,9,2,8,17,14,54,25,68,22,71,93
206695,12,9,5,5,19,19,56,24,75,24,75,99
206695,13,10,1,1,2,2,14,3,16,3,16,19
206695,13,10,2,1,0,1,11,1,12,2,11,13
206695,13,10,5,0,2,1,3,2,4,1,5,6
206835,1,412,1,307,263,113,251,570,364,420,514,934
206835,1,112,2,305,263,67,156,568,223,372,419,791
206835,1,312,5,2,0,46,95,2,141,48,95,143
206835,2,999,1,301,245,26,32,546,58,327,277,604
206835,2,999,2,300,245,9,18,545,27,309,263,572
206835,2,999,5,1,0,17,14,1,31,18,14,32
206835,3,1,1,53,54,1,2,107,3,54,56,110
206835,3,1,2,53,54,1,2,107,3,54,56,110
206835,4,2,1,140,109,2,4,249,6,142,113,255
206835,4,2,2,140,109,2,4,249,6,142,113,255
206835,5,3,1,81,67,10,11,148,21,91,78,169
206835,5,3,2,80,67,3,4,147,7,83,71,154
206835,5,3,5,1,0,7,7,1,14,8,7,15
206835,6,4,1,27,15,13,15,42,28,40,30,70
206835,6,4,2,27,15,3,8,42,11,30,23,53
206835,6,4,5,0,0,10,7,0,17,10,7,17
206835,7,999,1,6,17,87,219,23,306,93,236,329
206835,7,999,2,5,17,58,138,22,196,63,155,218
206835,7,999,5,1,0,29,81,1,110,30,81,111
206835,8,5,1,2,7,21,40,9,61,23,47,70
206835,8,5,2,2,7,9,28,9,37,11,35,46
206835,8,5,5,0,0,12,12,0,24,12,12,24
206835,9,6,1,1,2,12,45,3,57,13,47,60
206835,9,6,2,1,2,11,32,3,43,12,34,46
206835,9,6,5,0,0,1,13,0,14,1,13,14
206835,10,7,1,1,3,21,42,4,63,22,45,67
206835,10,7,2,1,3,14,20,4,34,15,23,38
206835,10,7,5,0,0,7,22,0,29,7,22,29
206835,11,8,1,2,4,25,62,6,87,27,66,93
206835,11,8,2,1,4,18,41,5,59,19,45,64
206835,11,8,5,1,0,7,21,1,28,8,21,29
206835,12,9,1,0,0,8,29,0,37,8,29,37
206835,12,9,2,0,0,6,16,0,22,6,16,22
206835,12,9,5,0,0,2,13,0,15,2,13,15
206835,13,10,1,0,1,0,1,1,1,0,2,2
206835,13,10,2,0,1,0,1,1,1,0,2,2
206835,14,11,1,0,1,0,0,1,0,0,1,1
206835,14,11,2,0,1,0,0,1,0,0,1,1
206862,1,412,1,840,947,145,276,1787,421,985,1223,2208
206862,1,112,2,634,654,84,157,1288,241,718,811,1529
206862,1,312,5,206,293,61,119,499,180,267,412,679
206862,2,999,1,521,470,17,24,991,41,538,494,1032
206862,2,999,2,497,448,15,19,945,34,512,467,979
206862,2,999,5,24,22,2,5,46,7,26,27,53
206862,3,1,1,3,0,1,0,3,1,4,0,4
206862,3,1,2,3,0,1,0,3,1,4,0,4
206862,4,2,1,216,191,1,0,407,1,217,191,408
206862,4,2,2,216,190,1,0,406,1,217,190,407
206862,4,2,5,0,1,0,0,1,0,0,1,1
206862,5,3,1,201,198,2,7,399,9,203,205,408
206862,5,3,2,200,198,2,7,398,9,202,205,407
206862,5,3,5,1,0,0,0,1,0,1,0,1
206862,6,4,1,101,81,13,17,182,30,114,98,212
206862,6,4,2,78,60,11,12,138,23,89,72,161
206862,6,4,5,23,21,2,5,44,7,25,26,51
206862,7,999,1,319,477,128,252,796,380,447,729,1176
206862,7,999,2,137,206,69,138,343,207,206,344,550
206862,7,999,5,182,271,59,114,453,173,241,385,626
206862,8,5,1,58,89,22,42,147,64,80,131,211
206862,8,5,2,27,44,10,26,71,36,37,70,107
206862,8,5,5,31,45,12,16,76,28,43,61,104
206862,9,6,1,65,101,13,47,166,60,78,148,226
206862,9,6,2,30,52,7,28,82,35,37,80,117
206862,9,6,5,35,49,6,19,84,25,41,68,109
206862,10,7,1,69,99,34,40,168,74,103,139,242
206862,10,7,2,27,48,14,21,75,35,41,69,110
206862,10,7,5,42,51,20,19,93,39,62,70,132
206862,11,8,1,89,136,43,94,225,137,132,230,362
206862,11,8,2,38,44,27,44,82,71,65,88,153
206862,11,8,5,51,92,16,50,143,66,67,142,209
206862,12,9,1,36,51,15,28,87,43,51,79,130
206862,12,9,2,14,18,10,18,32,28,24,36,60
206862,12,9,5,22,33,5,10,55,15,27,43,70
206862,13,10,1,2,1,1,1,3,2,3,2,5
206862,13,10,2,1,0,1,1,1,2,2,1,3
206862,13,10,5,1,1,0,0,2,0,1,1,2
206914,1,412,1,887,1539,458,887,2426,1345,1345,2426,3771
206914,1,112,2,845,1459,401,754,2304,1155,1246,2213,3459
206914,1,312,5,42,80,57,133,122,190,99,213,312
206914,2,999,1,654,1079,253,415,1733,668,907,1494,2401
206914,2,999,2,640,1051,247,402,1691,649,887,1453,2340
206914,2,999,5,14,28,6,13,42,19,20,41,61
206914,3,1,1,9,24,113,180,33,293,122,204,326
206914,3,1,2,9,24,113,180,33,293,122,204,326
206914,4,2,1,233,399,47,44,632,91,280,443,723
206914,4,2,2,233,399,47,44,632,91,280,443,723
206914,5,3,1,253,377,30,58,630,88,283,435,718
206914,5,3,2,253,376,30,58,629,88,283,434,717
206914,5,3,5,0,1,0,0,1,0,0,1,1
206914,6,4,1,159,279,63,133,438,196,222,412,634
206914,6,4,2,145,252,57,120,397,177,202,372,574
206914,6,4,5,14,27,6,13,41,19,20,40,60
206914,7,999,1,233,460,205,472,693,677,438,932,1370
206914,7,999,2,205,408,154,352,613,506,359,760,1119
206914,7,999,5,28,52,51,120,80,171,79,172,251
206914,8,5,1,90,155,55,131,245,186,145,286,431
206914,8,5,2,76,138,41,104,214,145,117,242,359
206914,8,5,5,14,17,14,27,31,41,28,44,72
206914,9,6,1,57,104,49,115,161,164,106,219,325
206914,9,6,2,54,96,42,97,150,139,96,193,289
206914,9,6,5,3,8,7,18,11,25,10,26,36
206914,10,7,1,37,89,32,94,126,126,69,183,252
206914,10,7,2,33,84,22,70,117,92,55,154,209
206914,10,7,5,4,5,10,24,9,34,14,29,43
206914,11,8,1,38,82,47,89,120,136,85,171,256
206914,11,8,2,32,67,33,58,99,91,65,125,190
206914,11,8,5,6,15,14,31,21,45,20,46,66
206914,12,9,1,11,28,20,38,39,58,31,66,97
206914,12,9,2,10,22,14,18,32,32,24,40,64
206914,12,9,5,1,6,6,20,7,26,7,26,33
206914,13,10,1,0,2,2,5,2,7,2,7,9
206914,13,10,2,0,1,2,5,1,7,2,6,8
206914,13,10,5,0,1,0,0,1,0,0,1,1
206923,1,412,1,352,641,258,671,993,929,610,1312,1922
206923,1,112,2,352,641,258,671,993,929,610,1312,1922
206923,2,999,1,295,454,220,454,749,674,515,908,1423
206923,2,999,2,295,454,220,454,749,674,515,908,1423
206923,3,1,1,5,6,103,209,11,312,108,215,323
206923,3,1,2,5,6,103,209,11,312,108,215,323
206923,4,2,1,157,237,77,133,394,210,234,370,604
206923,4,2,2,157,237,77,133,394,210,234,370,604
206923,5,3,1,110,138,20,49,248,69,130,187,317
206923,5,3,2,110,138,20,49,248,69,130,187,317
206923,6,4,1,23,73,20,63,96,83,43,136,179
206923,6,4,2,23,73,20,63,96,83,43,136,179
206923,7,999,1,57,187,38,217,244,255,95,404,499
206923,7,999,2,57,187,38,217,244,255,95,404,499
206923,8,5,1,27,75,11,83,102,94,38,158,196
206923,8,5,2,27,75,11,83,102,94,38,158,196
206923,9,6,1,19,51,11,65,70,76,30,116,146
206923,9,6,2,19,51,11,65,70,76,30,116,146
206923,10,7,1,5,32,8,26,37,34,13,58,71
206923,10,7,2,5,32,8,26,37,34,13,58,71
206923,11,8,1,5,25,8,27,30,35,13,52,65
206923,11,8,2,5,25,8,27,30,35,13,52,65
206923,12,9,1,1,4,0,15,5,15,1,19,20
206923,12,9,2,1,4,0,15,5,15,1,19,20
206923,13,10,1,0,0,0,1,0,1,0,1,1
206923,13,10,2,0,0,0,1,0,1,0,1,1
206941,1,412,1,3602,6150,1702,2678,9752,4380,5304,8828,14132
206941,1,112,2,3420,5780,1415,1949,9200,3364,4835,7729,12564
206941,1,312,5,182,370,287,729,552,1016,469,1099,1568
206941,2,999,1,2969,5285,929,1330,8254,2259,3898,6615,10513
206941,2,999,2,2909,5124,890,1209,8033,2099,3799,6333,10132
206941,2,999,5,60,161,39,121,221,160,99,282,381
206941,3,1,1,13,30,173,280,43,453,186,310,496
206941,3,1,2,13,30,173,280,43,453,186,310,496
206941,4,2,1,935,1996,155,167,2931,322,1090,2163,3253
206941,4,2,2,935,1996,155,167,2931,322,1090,2163,3253
206941,5,3,1,1080,1985,195,304,3065,499,1275,2289,3564
206941,5,3,2,1079,1977,195,300,3056,495,1274,2277,3551
206941,5,3,5,1,8,0,4,9,4,1,12,13
206941,6,4,1,941,1274,406,579,2215,985,1347,1853,3200
206941,6,4,2,882,1121,367,462,2003,829,1249,1583,2832
206941,6,4,5,59,153,39,117,212,156,98,270,368
206941,7,999,1,632,865,772,1348,1497,2120,1404,2213,3617
206941,7,999,2,511,656,524,740,1167,1264,1035,1396,2431
206941,7,999,5,121,209,248,608,330,856,369,817,1186
206941,8,5,1,346,463,344,503,809,847,690,966,1656
206941,8,5,2,277,362,260,301,639,561,537,663,1200
206941,8,5,5,69,101,84,202,170,286,153,303,456
206941,9,6,1,143,166,184,298,309,482,327,464,791
206941,9,6,2,125,122,118,173,247,291,243,295,538
206941,9,6,5,18,44,66,125,62,191,84,169,253
206941,10,7,1,77,95,111,196,172,307,188,291,479
206941,10,7,2,60,71,70,111,131,181,130,182,312
206941,10,7,5,17,24,41,85,41,126,58,109,167
206941,11,8,1,50,104,89,225,154,314,139,329,468
206941,11,8,2,38,77,54,107,115,161,92,184,276
206941,11,8,5,12,27,35,118,39,153,47,145,192
206941,12,9,1,15,36,39,119,51,158,54,155,209
206941,12,9,2,11,23,22,46,34,68,33,69,102
206941,12,9,5,4,13,17,73,17,90,21,86,107
206941,13,10,1,1,1,5,7,2,12,6,8,14
206941,13,10,2,0,1,0,2,1,2,0,3,3
206941,13,10,5,1,0,5,5,1,10,6,5,11
206941,14,11,1,1,0,1,0,1,1,2,0,2
206941,14,11,2,0,0,1,0,0,1,1,0,1
206941,14,11,5,1,0,0,0,1,0,1,0,1
206996,1,412,1,353,755,286,675,1108,961,639,1430,2069
206996,1,112,2,353,755,286,675,1108,961,639,1430,2069
206996,2,999,1,291,558,182,387,849,569,473,945,1418
206996,2,999,2,291,558,182,387,849,569,473,945,1418
206996,3,1,1,1,2,82,175,3,257,83,177,260
206996,3,1,2,1,2,82,175,3,257,83,177,260
206996,4,2,1,163,286,59,96,449,155,222,382,604
206996,4,2,2,163,286,59,96,449,155,222,382,604
206996,5,3,1,97,180,19,43,277,62,116,223,339
206996,5,3,2,97,180,19,43,277,62,116,223,339
206996,6,4,1,30,90,22,73,120,95,52,163,215
206996,6,4,2,30,90,22,73,120,95,52,163,215
206996,7,999,1,62,197,104,288,259,392,166,485,651
206996,7,999,2,62,197,104,288,259,392,166,485,651
206996,8,5,1,22,72,23,86,94,109,45,158,203
206996,8,5,2,22,72,23,86,94,109,45,158,203
206996,9,6,1,14,51,24,59,65,83,38,110,148
206996,9,6,2,14,51,24,59,65,83,38,110,148
206996,10,7,1,8,38,12,56,46,68,20,94,114
206996,10,7,2,8,38,12,56,46,68,20,94,114
206996,11,8,1,13,31,32,64,44,96,45,95,140
206996,11,8,2,13,31,32,64,44,96,45,95,140
206996,12,9,1,5,4,12,22,9,34,17,26,43
206996,12,9,2,5,4,12,22,9,34,17,26,43
206996,13,10,1,0,1,1,1,1,2,1,2,3
206996,13,10,2,0,1,1,1,1,2,1,2,3
207041,1,412,1,1157,1563,279,609,2720,888,1436,2172,3608
207041,1,112,2,1055,1401,166,317,2456,483,1221,1718,2939
207041,1,312,5,102,162,113,292,264,405,215,454,669
207041,2,999,1,912,1188,109,199,2100,308,1021,1387,2408
207041,2,999,2,889,1157,102,177,2046,279,991,1334,2325
207041,2,999,5,23,31,7,22,54,29,30,53,83
207041,3,1,1,2,4,23,44,6,67,25,48,73
207041,3,1,2,2,4,23,44,6,67,25,48,73
207041,4,2,1,284,389,25,42,673,67,309,431,740
207041,4,2,2,284,389,25,42,673,67,309,431,740
207041,5,3,1,326,429,21,36,755,57,347,465,812
207041,5,3,2,326,427,21,36,753,57,347,463,810
207041,5,3,5,0,2,0,0,2,0,0,2,2
207041,6,4,1,300,366,40,77,666,117,340,443,783
207041,6,4,2,277,337,33,55,614,88,310,392,702
207041,6,4,5,23,29,7,22,52,29,30,51,81
207041,7,999,1,245,375,170,410,620,580,415,785,1200
207041,7,999,2,166,244,64,140,410,204,230,384,614
207041,7,999,5,79,131,106,270,210,376,185,401,586
207041,8,5,1,129,149,51,84,278,135,180,233,413
207041,8,5,2,97,112,25,34,209,59,122,146,268
207041,8,5,5,32,37,26,50,69,76,58,87,145
207041,9,6,1,37,77,42,81,114,123,79,158,237
207041,9,6,2,24,53,23,28,77,51,47,81,128
207041,9,6,5,13,24,19,53,37,72,32,77,109
207041,10,7,1,30,53,24,87,83,111,54,140,194
207041,10,7,2,21,31,4,31,52,35,25,62,87
207041,10,7,5,9,22,20,56,31,76,29,78,107
207041,11,8,1,34,70,40,109,104,149,74,179,253
207041,11,8,2,17,36,7,28,53,35,24,64,88
207041,11,8,5,17,34,33,81,51,114,50,115,165
207041,12,9,1,14,25,13,49,39,62,27,74,101
207041,12,9,2,7,12,5,19,19,24,12,31,43
207041,12,9,5,7,13,8,30,20,38,15,43,58
207041,13,10,1,1,1,0,0,2,0,1,1,2
207041,13,10,5,1,1,0,0,2,0,1,1,2
207050,1,412,1,233,423,209,477,656,686,442,900,1342
207050,1,112,2,233,423,209,477,656,686,442,900,1342
207050,2,999,1,195,331,172,328,526,500,367,659,1026
207050,2,999,2,195,331,172,328,526,500,367,659,1026
207050,3,1,1,1,2,78,164,3,242,79,166,245
207050,3,1,2,1,2,78,164,3,242,79,166,245
207050,4,2,1,116,210,62,94,326,156,178,304,482
207050,4,2,2,116,210,62,94,326,156,178,304,482
207050,5,3,1,69,94,27,37,163,64,96,131,227
207050,5,3,2,69,94,27,37,163,64,96,131,227
207050,6,4,1,9,25,5,33,34,38,14,58,72
207050,6,4,2,9,25,5,33,34,38,14,58,72
207050,7,999,1,38,92,37,149,130,186,75,241,316
207050,7,999,2,38,92,37,149,130,186,75,241,316
207050,8,5,1,13,32,9,54,45,63,22,86,108
207050,8,5,2,13,32,9,54,45,63,22,86,108
207050,9,6,1,11,24,7,27,35,34,18,51,69
207050,9,6,2,11,24,7,27,35,34,18,51,69
207050,10,7,1,4,13,6,20,17,26,10,33,43
207050,10,7,2,4,13,6,20,17,26,10,33,43
207050,11,8,1,8,21,10,29,29,39,18,50,68
207050,11,8,2,8,21,10,29,29,39,18,50,68
207050,12,9,1,2,2,2,10,4,12,4,12,16
207050,12,9,2,2,2,2,10,4,12,4,12,16
207050,13,10,1,0,0,3,9,0,12,3,9,12
207050,13,10,2,0,0,3,9,0,12,3,9,12
207069,1,412,1,241,316,527,833,557,1360,768,1149,1917
207069,1,112,2,241,316,527,833,557,1360,768,1149,1917
207069,2,999,1,224,261,466,628,485,1094,690,889,1579
207069,2,999,2,224,261,466,628,485,1094,690,889,1579
207069,3,1,1,1,6,248,332,7,580,249,338,587
207069,3,1,2,1,6,248,332,7,580,249,338,587
207069,4,2,1,131,155,182,187,286,369,313,342,655
207069,4,2,2,131,155,182,187,286,369,313,342,655
207069,5,3,1,79,77,20,57,156,77,99,134,233
207069,5,3,2,79,77,20,57,156,77,99,134,233
207069,6,4,1,13,23,16,52,36,68,29,75,104
207069,6,4,2,13,23,16,52,36,68,29,75,104
207069,7,999,1,17,55,61,205,72,266,78,260,338
207069,7,999,2,17,55,61,205,72,266,78,260,338
207069,8,5,1,7,26,16,74,33,90,23,100,123
207069,8,5,2,7,26,16,74,33,90,23,100,123
207069,9,6,1,6,17,14,55,23,69,20,72,92
207069,9,6,2,6,17,14,55,23,69,20,72,92
207069,10,7,1,0,11,15,33,11,48,15,44,59
207069,10,7,2,0,11,15,33,11,48,15,44,59
207069,11,8,1,4,1,12,29,5,41,16,30,46
207069,11,8,2,4,1,12,29,5,41,16,30,46
207069,12,9,1,0,0,4,14,0,18,4,14,18
207069,12,9,2,0,0,4,14,0,18,4,14,18
207087,1,412,1,1,35,0,0,36,0,1,35,36
207087,1,112,2,1,35,0,0,36,0,1,35,36
207087,2,999,1,1,27,0,0,28,0,1,27,28
207087,2,999,2,1,27,0,0,28,0,1,27,28
207087,3,1,1,0,1,0,0,1,0,0,1,1
207087,3,1,2,0,1,0,0,1,0,0,1,1
207087,4,2,1,1,10,0,0,11,0,1,10,11
207087,4,2,2,1,10,0,0,11,0,1,10,11
207087,5,3,1,0,9,0,0,9,0,0,9,9
207087,5,3,2,0,9,0,0,9,0,0,9,9
207087,6,4,1,0,7,0,0,7,0,0,7,7
207087,6,4,2,0,7,0,0,7,0,0,7,7
207087,7,999,1,0,8,0,0,8,0,0,8,8
207087,7,999,2,0,8,0,0,8,0,0,8,8
207087,8,5,1,0,6,0,0,6,0,0,6,6
207087,8,5,2,0,6,0,0,6,0,0,6,6
207087,11,8,1,0,2,0,0,2,0,0,2,2
207087,11,8,2,0,2,0,0,2,0,0,2,2
207157,1,412,1,154,116,19,22,270,41,173,138,311
207157,1,112,2,149,114,13,19,263,32,162,133,295
207157,1,312,5,5,2,6,3,7,9,11,5,16
207157,2,999,1,116,79,8,5,195,13,124,84,208
207157,2,999,2,115,78,7,5,193,12,122,83,205
207157,2,999,5,1,1,1,0,2,1,2,1,3
207157,3,1,1,1,1,0,1,2,1,1,2,3
207157,3,1,2,1,1,0,1,2,1,1,2,3
207157,4,2,1,31,20,1,1,51,2,32,21,53
207157,4,2,2,31,20,1,1,51,2,32,21,53
207157,5,3,1,51,35,2,1,86,3,53,36,89
207157,5,3,2,51,35,2,1,86,3,53,36,89
207157,6,4,1,33,23,5,2,56,7,38,25,63
207157,6,4,2,32,22,4,2,54,6,36,24,60
207157,6,4,5,1,1,1,0,2,1,2,1,3
207157,7,999,1,37,35,11,17,72,28,48,52,100
207157,7,999,2,33,34,6,14,67,20,39,48,87
207157,7,999,5,4,1,5,3,5,8,9,4,13
207157,8,5,1,12,8,3,2,20,5,15,10,25
207157,8,5,2,10,8,1,2,18,3,11,10,21
207157,8,5,5,2,0,2,0,2,2,4,0,4
207157,9,6,1,6,3,3,4,9,7,9,7,16
207157,9,6,2,6,3,2,3,9,5,8,6,14
207157,9,6,5,0,0,1,1,0,2,1,1,2
207157,10,7,1,4,3,1,6,7,7,5,9,14
207157,10,7,2,4,2,1,5,6,6,5,7,12
207157,10,7,5,0,1,0,1,1,1,0,2,2
207157,11,8,1,8,14,2,1,22,3,10,15,25
207157,11,8,2,7,14,0,0,21,0,7,14,21
207157,11,8,5,1,0,2,1,1,3,3,1,4
207157,12,9,1,6,7,1,1,13,2,7,8,15
207157,12,9,2,6,7,1,1,13,2,7,8,15
207157,13,10,1,1,0,1,3,1,4,2,3,5
207157,13,10,2,0,0,1,3,0,4,1,3,4
207157,13,10,5,1,0,0,0,1,0,1,0,1
207157,14,11,1,1,2,0,0,3,0,1,2,3
207157,14,11,2,1,2,0,0,3,0,1,2,3
207236,1,412,1,325,583,318,946,908,1264,643,1529,2172
207236,1,112,2,325,583,318,946,908,1264,643,1529,2172
207236,2,999,1,260,460,278,658,720,936,538,1118,1656
207236,2,999,2,260,460,278,658,720,936,538,1118,1656
207236,3,1,1,3,4,117,281,7,398,120,285,405
207236,3,1,2,3,4,117,281,7,398,120,285,405
207236,4,2,1,132,250,105,186,382,291,237,436,673
207236,4,2,2,132,250,105,186,382,291,237,436,673
207236,5,3,1,87,146,34,97,233,131,121,243,364
207236,5,3,2,87,146,34,97,233,131,121,243,364
207236,6,4,1,38,60,22,94,98,116,60,154,214
207236,6,4,2,38,60,22,94,98,116,60,154,214
207236,7,999,1,65,123,40,288,188,328,105,411,516
207236,7,999,2,65,123,40,288,188,328,105,411,516
207236,8,5,1,35,53,16,95,88,111,51,148,199
207236,8,5,2,35,53,16,95,88,111,51,148,199
207236,9,6,1,7,21,10,77,28,87,17,98,115
207236,9,6,2,7,21,10,77,28,87,17,98,115
207236,10,7,1,6,23,4,47,29,51,10,70,80
207236,10,7,2,6,23,4,47,29,51,10,70,80
207236,11,8,1,9,21,7,51,30,58,16,72,88
207236,11,8,2,9,21,7,51,30,58,16,72,88
207236,12,9,1,8,4,3,17,12,20,11,21,32
207236,12,9,2,8,4,3,17,12,20,11,21,32
207236,13,10,1,0,1,0,1,1,1,0,2,2
207236,13,10,2,0,1,0,1,1,1,0,2,2
207263,1,412,1,1732,3018,772,1827,4750,2599,2504,4845,7349
207263,1,112,2,1574,2581,601,1248,4155,1849,2175,3829,6004
207263,1,312,5,158,437,171,579,595,750,329,1016,1345
207263,2,999,1,1303,2135,291,506,3438,797,1594,2641,4235
207263,2,999,2,1259,1963,272,456,3222,728,1531,2419,3950
207263,2,999,5,44,172,19,50,216,69,63,222,285
207263,3,1,1,1,2,34,94,3,128,35,96,131
207263,3,1,2,1,2,34,94,3,128,35,96,131
207263,4,2,1,332,544,56,63,876,119,388,607,995
207263,4,2,2,332,544,56,63,876,119,388,607,995
207263,5,3,1,500,792,43,84,1292,127,543,876,1419
207263,5,3,2,498,790,43,83,1288,126,541,873,1414
207263,5,3,5,2,2,0,1,4,1,2,3,5
207263,6,4,1,470,797,158,265,1267,423,628,1062,1690
207263,6,4,2,428,627,139,216,1055,355,567,843,1410
207263,6,4,5,42,170,19,49,212,68,61,219,280
207263,7,999,1,429,883,481,1321,1312,1802,910,2204,3114
207263,7,999,2,315,618,329,792,933,1121,644,1410,2054
207263,7,999,5,114,265,152,529,379,681,266,794,1060
207263,8,5,1,205,369,166,398,574,564,371,767,1138
207263,8,5,2,147,248,124,274,395,398,271,522,793
207263,8,5,5,58,121,42,124,179,166,100,245,345
207263,9,6,1,99,194,113,251,293,364,212,445,657
207263,9,6,2,77,149,73,170,226,243,150,319,469
207263,9,6,5,22,45,40,81,67,121,62,126,188
207263,10,7,1,61,122,87,221,183,308,148,343,491
207263,10,7,2,40,91,67,121,131,188,107,212,319
207263,10,7,5,21,31,20,100,52,120,41,131,172
207263,11,8,1,47,158,79,310,205,389,126,468,594
207263,11,8,2,37,109,46,165,146,211,83,274,357
207263,11,8,5,10,49,33,145,59,178,43,194,237
207263,12,9,1,17,38,32,135,55,167,49,173,222
207263,12,9,2,14,19,17,59,33,76,31,78,109
207263,12,9,5,3,19,15,76,22,91,18,95,113
207263,13,10,1,0,2,4,6,2,10,4,8,12
207263,13,10,2,0,2,2,3,2,5,2,5,7
207263,13,10,5,0,0,2,3,0,5,2,3,5
207281,1,412,1,587,794,688,1305,1381,1993,1275,2099,3374
207281,1,112,2,587,794,688,1305,1381,1993,1275,2099,3374
207281,2,999,1,537,688,613,988,1225,1601,1150,1676,2826
207281,2,999,2,537,688,613,988,1225,1601,1150,1676,2826
207281,3,1,1,1,4,68,113,5,181,69,117,186
207281,3,1,2,1,4,68,113,5,181,69,117,186
207281,4,2,1,309,414,296,443,723,739,605,857,1462
207281,4,2,2,309,414,296,443,723,739,605,857,1462
207281,5,3,1,197,205,158,278,402,436,355,483,838
207281,5,3,2,197,205,158,278,402,436,355,483,838
207281,6,4,1,30,65,91,154,95,245,121,219,340
207281,6,4,2,30,65,91,154,95,245,121,219,340
207281,7,999,1,50,106,75,317,156,392,125,423,548
207281,7,999,2,50,106,75,317,156,392,125,423,548
207281,8,5,1,23,44,29,133,67,162,52,177,229
207281,8,5,2,23,44,29,133,67,162,52,177,229
207281,9,6,1,16,27,16,68,43,84,32,95,127
207281,9,6,2,16,27,16,68,43,84,32,95,127
207281,10,7,1,8,22,15,50,30,65,23,72,95
207281,10,7,2,8,22,15,50,30,65,23,72,95
207281,11,8,1,3,11,12,48,14,60,15,59,74
207281,11,8,2,3,11,12,48,14,60,15,59,74
207281,12,9,1,0,2,3,18,2,21,3,20,23
207281,12,9,2,0,2,3,18,2,21,3,20,23
207290,1,412,1,624,614,155,376,1238,531,779,990,1769
207290,1,112,2,624,614,155,376,1238,531,779,990,1769
207290,2,999,1,583,491,128,249,1074,377,711,740,1451
207290,2,999,2,583,491,128,249,1074,377,711,740,1451
207290,3,1,1,0,1,52,122,1,174,52,123,175
207290,3,1,2,0,1,52,122,1,174,52,123,175
207290,4,2,1,327,294,34,58,621,92,361,352,713
207290,4,2,2,327,294,34,58,621,92,361,352,713
207290,5,3,1,222,158,28,39,380,67,250,197,447
207290,5,3,2,222,158,28,39,380,67,250,197,447
207290,6,4,1,34,38,14,30,72,44,48,68,116
207290,6,4,2,34,38,14,30,72,44,48,68,116
207290,7,999,1,41,123,27,127,164,154,68,250,318
207290,7,999,2,41,123,27,127,164,154,68,250,318
207290,8,5,1,19,58,9,51,77,60,28,109,137
207290,8,5,2,19,58,9,51,77,60,28,109,137
207290,9,6,1,8,29,5,26,37,31,13,55,68
207290,9,6,2,8,29,5,26,37,31,13,55,68
207290,10,7,1,3,13,6,20,16,26,9,33,42
207290,10,7,2,3,13,6,20,16,26,9,33,42
207290,11,8,1,10,19,5,18,29,23,15,37,52
207290,11,8,2,10,19,5,18,29,23,15,37,52
207290,12,9,1,1,4,1,12,5,13,2,16,18
207290,12,9,2,1,4,1,12,5,13,2,16,18
207290,13,10,1,0,0,1,0,0,1,1,0,1
207290,13,10,2,0,0,1,0,0,1,1,0,1
207306,1,412,1,568,797,158,310,1365,468,726,1107,1833
207306,1,112,2,543,750,128,219,1293,347,671,969,1640
207306,1,312,5,25,47,30,91,72,121,55,138,193
207306,2,999,1,525,645,95,138,1170,233,620,783,1403
207306,2,999,2,511,633,88,126,1144,214,599,759,1358
207306,2,999,5,14,12,7,12,26,19,21,24,45
207306,3,1,1,0,1,48,56,1,104,48,57,105
207306,3,1,2,0,1,48,56,1,104,48,57,105
207306,4,2,1,164,248,22,26,412,48,186,274,460
207306,4,2,2,164,248,22,26,412,48,186,274,460
207306,5,3,1,223,246,4,19,469,23,227,265,492
207306,5,3,2,221,246,4,19,467,23,225,265,490
207306,5,3,5,2,0,0,0,2,0,2,0,2
207306,6,4,1,138,150,21,37,288,58,159,187,346
207306,6,4,2,126,138,14,25,264,39,140,163,303
207306,6,4,5,12,12,7,12,24,19,19,24,43
207306,7,999,1,43,152,63,172,195,235,106,324,430
207306,7,999,2,32,117,40,93,149,133,72,210,282
207306,7,999,5,11,35,23,79,46,102,34,114,148
207306,8,5,1,21,45,19,43,66,62,40,88,128
207306,8,5,2,17,36,10,26,53,36,27,62,89
207306,8,5,5,4,9,9,17,13,26,13,26,39
207306,9,6,1,6,38,13,28,44,41,19,66,85
207306,9,6,2,4,29,9,13,33,22,13,42,55
207306,9,6,5,2,9,4,15,11,19,6,24,30
207306,10,7,1,5,21,7,34,26,41,12,55,67
207306,10,7,2,3,13,3,24,16,27,6,37,43
207306,10,7,5,2,8,4,10,10,14,6,18,24
207306,11,8,1,10,34,15,45,44,60,25,79,104
207306,11,8,2,7,30,10,20,37,30,17,50,67
207306,11,8,5,3,4,5,25,7,30,8,29,37
207306,12,9,1,1,14,6,22,15,28,7,36,43
207306,12,9,2,1,9,5,10,10,15,6,19,25
207306,12,9,5,0,5,1,12,5,13,1,17,18
207306,13,10,1,0,0,3,0,0,3,3,0,3
207306,13,10,2,0,0,3,0,0,3,3,0,3
207315,1,412,1,333,425,238,223,758,461,571,648,1219
207315,1,312,5,333,425,238,223,758,461,571,648,1219
207315,2,999,1,87,179,4,26,266,30,91,205,296
207315,2,999,5,87,179,4,26,266,30,91,205,296
207315,5,3,1,5,6,0,0,11,0,5,6,11
207315,5,3,5,5,6,0,0,11,0,5,6,11
207315,6,4,1,82,173,4,26,255,30,86,199,285
207315,6,4,5,82,173,4,26,255,30,86,199,285
207315,7,999,1,246,246,234,197,492,431,480,443,923
207315,7,999,5,246,246,234,197,492,431,480,443,923
207315,8,5,1,164,153,28,52,317,80,192,205,397
207315,8,5,5,164,153,28,52,317,80,192,205,397
207315,9,6,1,43,39,52,36,82,88,95,75,170
207315,9,6,5,43,39,52,36,82,88,95,75,170
207315,10,7,1,12,20,48,33,32,81,60,53,113
207315,10,7,5,12,20,48,33,32,81,60,53,113
207315,11,8,1,19,22,72,59,41,131,91,81,172
207315,11,8,5,19,22,72,59,41,131,91,81,172
207315,12,9,1,7,12,32,17,19,49,39,29,68
207315,12,9,5,7,12,32,17,19,49,39,29,68
207315,13,10,1,1,0,2,0,1,2,3,0,3
207315,13,10,5,1,0,2,0,1,2,3,0,3
207324,1,412,1,828,841,212,174,1669,386,1040,1015,2055
207324,1,112,2,750,788,101,116,1538,217,851,904,1755
207324,1,312,5,78,53,111,58,131,169,189,111,300
207324,2,999,1,750,772,104,88,1522,192,854,860,1714
207324,2,999,2,725,762,86,80,1487,166,811,842,1653
207324,2,999,5,25,10,18,8,35,26,43,18,61
207324,3,1,1,2,5,38,45,7,83,40,50,90
207324,3,1,2,2,5,38,45,7,83,40,50,90
207324,4,2,1,226,268,20,18,494,38,246,286,532
207324,4,2,2,226,268,20,18,494,38,246,286,532
207324,5,3,1,343,358,6,3,701,9,349,361,710
207324,5,3,2,343,358,5,3,701,8,348,361,709
207324,5,3,5,0,0,1,0,0,1,1,0,1
207324,6,4,1,179,141,40,22,320,62,219,163,382
207324,6,4,2,154,131,23,14,285,37,177,145,322
207324,6,4,5,25,10,17,8,35,25,42,18,60
207324,7,999,1,78,69,108,86,147,194,186,155,341
207324,7,999,2,25,26,15,36,51,51,40,62,102
207324,7,999,5,53,43,93,50,96,143,146,93,239
207324,8,5,1,39,38,39,29,77,68,78,67,145
207324,8,5,2,16,14,4,7,30,11,20,21,41
207324,8,5,5,23,24,35,22,47,57,58,46,104
207324,9,6,1,19,14,25,18,33,43,44,32,76
207324,9,6,2,4,6,1,10,10,11,5,16,21
207324,9,6,5,15,8,24,8,23,32,39,16,55
207324,10,7,1,9,7,14,18,16,32,23,25,48
207324,10,7,2,2,1,3,10,3,13,5,11,16
207324,10,7,5,7,6,11,8,13,19,18,14,32
207324,11,8,1,8,9,22,11,17,33,30,20,50
207324,11,8,2,1,5,6,5,6,11,7,10,17
207324,11,8,5,7,4,16,6,11,22,23,10,33
207324,12,9,1,3,1,5,9,4,14,8,10,18
207324,12,9,2,2,0,1,3,2,4,3,3,6
207324,12,9,5,1,1,4,6,2,10,5,7,12
207324,13,10,1,0,0,3,1,0,4,3,1,4
207324,13,10,2,0,0,0,1,0,1,0,1,1
207324,13,10,5,0,0,3,0,0,3,3,0,3
207342,1,412,1,847,1790,124,355,2637,479,971,2145,3116
207342,1,112,2,71,688,12,35,759,47,83,723,806
207342,1,312,5,776,1102,112,320,1878,432,888,1422,2310
207342,2,999,1,368,1141,13,69,1509,82,381,1210,1591
207342,2,999,2,45,517,1,11,562,12,46,528,574
207342,2,999,5,323,624,12,58,947,70,335,682,1017
207342,4,2,1,1,3,0,0,4,0,1,3,4
207342,4,2,2,1,3,0,0,4,0,1,3,4
207342,5,3,1,37,364,1,3,401,4,38,367,405
207342,5,3,2,25,325,1,3,350,4,26,328,354
207342,5,3,5,12,39,0,0,51,0,12,39,51
207342,6,4,1,330,774,12,66,1104,78,342,840,1182
207342,6,4,2,19,189,0,8,208,8,19,197,216
207342,6,4,5,311,585,12,58,896,70,323,643,966
207342,7,999,1,479,649,111,286,1128,397,590,935,1525
207342,7,999,2,26,171,11,24,197,35,37,195,232
207342,7,999,5,453,478,100,262,931,362,553,740,1293
207342,8,5,1,364,459,48,115,823,163,412,574,986
207342,8,5,2,9,93,1,9,102,10,10,102,112
207342,8,5,5,355,366,47,106,721,153,402,472,874
207342,9,6,1,67,104,34,66,171,100,101,170,271
207342,9,6,2,7,41,3,6,48,9,10,47,57
207342,9,6,5,60,63,31,60,123,91,91,123,214
207342,10,7,1,34,50,14,46,84,60,48,96,144
207342,10,7,2,4,19,2,2,23,4,6,21,27
207342,10,7,5,30,31,12,44,61,56,42,75,117
207342,11,8,1,13,29,13,41,42,54,26,70,96
207342,11,8,2,6,14,5,5,20,10,11,19,30
207342,11,8,5,7,15,8,36,22,44,15,51,66
207342,12,9,1,1,7,2,16,8,18,3,23,26
207342,12,9,2,0,4,0,2,4,2,0,6,6
207342,12,9,5,1,3,2,14,4,16,3,17,20
207342,13,10,1,0,0,0,2,0,2,0,2,2
207342,13,10,5,0,0,0,2,0,2,0,2,2
207351,1,412,1,502,509,96,230,1011,326,598,739,1337
207351,1,112,2,502,509,96,230,1011,326,598,739,1337
207351,2,999,1,467,371,60,79,838,139,527,450,977
207351,2,999,2,467,371,60,79,838,139,527,450,977
207351,3,1,1,0,3,26,36,3,62,26,39,65
207351,3,1,2,0,3,26,36,3,62,26,39,65
207351,4,2,1,183,114,16,20,297,36,199,134,333
207351,4,2,2,183,114,16,20,297,36,199,134,333
207351,5,3,1,165,162,4,6,327,10,169,168,337
207351,5,3,2,165,162,4,6,327,10,169,168,337
207351,6,4,1,119,92,14,17,211,31,133,109,242
207351,6,4,2,119,92,14,17,211,31,133,109,242
207351,7,999,1,35,138,36,151,173,187,71,289,360
207351,7,999,2,35,138,36,151,173,187,71,289,360
207351,8,5,1,25,39,10,46,64,56,35,85,120
207351,8,5,2,25,39,10,46,64,56,35,85,120
207351,9,6,1,8,39,5,39,47,44,13,78,91
207351,9,6,2,8,39,5,39,47,44,13,78,91
207351,10,7,1,1,23,4,24,24,28,5,47,52
207351,10,7,2,1,23,4,24,24,28,5,47,52
207351,11,8,1,0,29,8,31,29,39,8,60,68
207351,11,8,2,0,29,8,31,29,39,8,60,68
207351,12,9,1,1,8,3,8,9,11,4,16,20
207351,12,9,2,1,8,3,8,9,11,4,16,20
207351,13,10,1,0,0,6,3,0,9,6,3,9
207351,13,10,2,0,0,6,3,0,9,6,3,9
207388,1,412,1,9302,9962,2671,2600,19264,5271,11973,12562,24535
207388,1,112,2,8686,8938,1286,1413,17624,2699,9972,10351,20323
207388,1,312,5,616,1024,1385,1187,1640,2572,2001,2211,4212
207388,2,999,1,8375,9013,979,1213,17388,2192,9354,10226,19580
207388,2,999,2,8121,8502,819,971,16623,1790,8940,9473,18413
207388,2,999,5,254,511,160,242,765,402,414,753,1167
207388,3,1,1,3,12,72,188,15,260,75,200,275
207388,3,1,2,3,12,72,188,15,260,75,200,275
207388,4,2,1,2512,3183,251,340,5695,591,2763,3523,6286
207388,4,2,2,2512,3183,251,340,5695,591,2763,3523,6286
207388,5,3,1,3525,3778,159,177,7303,336,3684,3955,7639
207388,5,3,2,3516,3760,158,172,7276,330,3674,3932,7606
207388,5,3,5,9,18,1,5,27,6,10,23,33
207388,6,4,1,2335,2040,497,508,4375,1005,2832,2548,5380
207388,6,4,2,2090,1547,338,271,3637,609,2428,1818,4246
207388,6,4,5,245,493,159,237,738,396,404,730,1134
207388,7,999,1,927,949,1692,1387,1876,3079,2619,2336,4955
207388,7,999,2,565,436,467,442,1001,909,1032,878,1910
207388,7,999,5,362,513,1225,945,875,2170,1587,1458,3045
207388,8,5,1,560,544,629,524,1104,1153,1189,1068,2257
207388,8,5,2,367,235,204,181,602,385,571,416,987
207388,8,5,5,193,309,425,343,502,768,618,652,1270
207388,9,6,1,179,171,424,295,350,719,603,466,1069
207388,9,6,2,119,96,102,76,215,178,221,172,393
207388,9,6,5,60,75,322,219,135,541,382,294,676
207388,10,7,1,89,88,233,209,177,442,322,297,619
207388,10,7,2,43,50,59,80,93,139,102,130,232
207388,10,7,5,46,38,174,129,84,303,220,167,387
207388,11,8,1,57,88,239,229,145,468,296,317,613
207388,11,8,2,29,45,63,66,74,129,92,111,203
207388,11,8,5,28,43,176,163,71,339,204,206,410
207388,12,9,1,42,57,155,126,99,281,197,183,380
207388,12,9,2,7,10,36,37,17,73,43,47,90
207388,12,9,5,35,47,119,89,82,208,154,136,290
207388,13,10,1,0,1,12,4,1,16,12,5,17
207388,13,10,2,0,0,3,2,0,5,3,2,5
207388,13,10,5,0,1,9,2,1,11,9,3,12
207397,1,412,1,483,694,1232,2540,1177,3772,1715,3234,4949
207397,1,112,2,483,694,1232,2540,1177,3772,1715,3234,4949
207397,2,999,1,312,490,675,1364,802,2039,987,1854,2841
207397,2,999,2,312,490,675,1364,802,2039,987,1854,2841
207397,3,1,1,4,7,197,418,11,615,201,425,626
207397,3,1,2,4,7,197,418,11,615,201,425,626
207397,4,2,1,160,279,175,248,439,423,335,527,862
207397,4,2,2,160,279,175,248,439,423,335,527,862
207397,5,3,1,89,115,147,301,204,448,236,416,652
207397,5,3,2,89,115,147,301,204,448,236,416,652
207397,6,4,1,59,89,156,397,148,553,215,486,701
207397,6,4,2,59,89,156,397,148,553,215,486,701
207397,7,999,1,171,204,557,1176,375,1733,728,1380,2108
207397,7,999,2,171,204,557,1176,375,1733,728,1380,2108
207397,8,5,1,64,90,191,417,154,608,255,507,762
207397,8,5,2,64,90,191,417,154,608,255,507,762
207397,9,6,1,46,53,138,295,99,433,184,348,532
207397,9,6,2,46,53,138,295,99,433,184,348,532
207397,10,7,1,34,18,98,190,52,288,132,208,340
207397,10,7,2,34,18,98,190,52,288,132,208,340
207397,11,8,1,20,34,94,198,54,292,114,232,346
207397,11,8,2,20,34,94,198,54,292,114,232,346
207397,12,9,1,7,8,33,72,15,105,40,80,120
207397,12,9,2,7,8,33,72,15,105,40,80,120
207397,13,10,1,0,1,3,4,1,7,3,5,8
207397,13,10,2,0,1,3,4,1,7,3,5,8
207449,1,412,1,1521,2319,2858,5529,3840,8387,4379,7848,12227
207449,1,112,2,1521,2319,2858,5529,3840,8387,4379,7848,12227
207449,2,999,1,1098,1589,1939,3334,2687,5273,3037,4923,7960
207449,2,999,2,1098,1589,1939,3334,2687,5273,3037,4923,7960
207449,3,1,1,32,76,351,706,108,1057,383,782,1165
207449,3,1,2,32,76,351,706,108,1057,383,782,1165
207449,4,2,1,492,731,591,920,1223,1511,1083,1651,2734
207449,4,2,2,492,731,591,920,1223,1511,1083,1651,2734
207449,5,3,1,364,485,526,816,849,1342,890,1301,2191
207449,5,3,2,364,485,526,816,849,1342,890,1301,2191
207449,6,4,1,210,297,471,892,507,1363,681,1189,1870
207449,6,4,2,210,297,471,892,507,1363,681,1189,1870
207449,7,999,1,423,730,919,2195,1153,3114,1342,2925,4267
207449,7,999,2,423,730,919,2195,1153,3114,1342,2925,4267
207449,8,5,1,198,325,397,864,523,1261,595,1189,1784
207449,8,5,2,198,325,397,864,523,1261,595,1189,1784
207449,9,6,1,114,179,231,534,293,765,345,713,1058
207449,9,6,2,114,179,231,534,293,765,345,713,1058
207449,10,7,1,66,109,142,348,175,490,208,457,665
207449,10,7,2,66,109,142,348,175,490,208,457,665
207449,11,8,1,37,99,101,315,136,416,138,414,552
207449,11,8,2,37,99,101,315,136,416,138,414,552
207449,12,9,1,8,16,44,124,24,168,52,140,192
207449,12,9,2,8,16,44,124,24,168,52,140,192
207449,13,10,1,0,2,4,10,2,14,4,12,16
207449,13,10,2,0,2,4,10,2,14,4,12,16
207458,1,412,1,810,1461,122,224,2271,346,932,1685,2617
207458,1,112,2,471,1005,27,24,1476,51,498,1029,1527
207458,1,312,5,339,456,95,200,795,295,434,656,1090
207458,2,999,1,510,1025,16,25,1535,41,526,1050,1576
207458,2,999,2,408,811,12,9,1219,21,420,820,1240
207458,2,999,5,102,214,4,16,316,20,106,230,336
207458,3,1,1,0,2,2,0,2,2,2,2,4
207458,3,1,2,0,2,2,0,2,2,2,2,4
207458,4,2,1,141,334,1,1,475,2,142,335,477
207458,4,2,2,141,334,1,1,475,2,142,335,477
207458,5,3,1,180,367,3,1,547,4,183,368,551
207458,5,3,2,177,365,3,1,542,4,180,366,546
207458,5,3,5,3,2,0,0,5,0,3,2,5
207458,6,4,1,189,322,10,23,511,33,199,345,544
207458,6,4,2,90,110,6,7,200,13,96,117,213
207458,6,4,5,99,212,4,16,311,20,103,228,331
207458,7,999,1,270,327,106,199,597,305,376,526,902
207458,7,999,2,33,85,15,15,118,30,48,100,148
207458,7,999,5,237,242,91,184,479,275,328,426,754
207458,8,5,1,158,195,25,48,353,73,183,243,426
207458,8,5,2,20,42,5,5,62,10,25,47,72
207458,8,5,5,138,153,20,43,291,63,158,196,354
207458,9,6,1,64,53,31,39,117,70,95,92,187
207458,9,6,2,5,11,1,3,16,4,6,14,20
207458,9,6,5,59,42,30,36,101,66,89,78,167
207458,10,7,1,19,37,14,49,56,63,33,86,119
207458,10,7,2,4,14,3,3,18,6,7,17,24
207458,10,7,5,15,23,11,46,38,57,26,69,95
207458,11,8,1,20,28,22,39,48,61,42,67,109
207458,11,8,2,1,11,4,2,12,6,5,13,18
207458,11,8,5,19,17,18,37,36,55,37,54,91
207458,12,9,1,8,13,13,22,21,35,21,35,56
207458,12,9,2,3,6,2,2,9,4,5,8,13
207458,12,9,5,5,7,11,20,12,31,16,27,43
207458,13,10,1,1,1,1,2,2,3,2,3,5
207458,13,10,2,0,1,0,0,1,0,0,1,1
207458,13,10,5,1,0,1,2,1,3,2,2,4
207458,14,11,1,30,109,0,0,139,0,30,109,139
207458,14,11,2,30,109,0,0,139,0,30,109,139
207564,1,412,1,1101,352,446,450,1453,896,1547,802,2349
207564,1,112,2,1101,352,446,450,1453,896,1547,802,2349
207564,2,999,1,935,283,266,284,1218,550,1201,567,1768
207564,2,999,2,935,283,266,284,1218,550,1201,567,1768
207564,3,1,1,2,1,68,108,3,176,70,109,179
207564,3,1,2,2,1,68,108,3,176,70,109,179
207564,4,2,1,460,163,58,60,623,118,518,223,741
207564,4,2,2,460,163,58,60,623,118,518,223,741
207564,5,3,1,328,78,63,44,406,107,391,122,513
207564,5,3,2,328,78,63,44,406,107,391,122,513
207564,6,4,1,145,41,77,72,186,149,222,113,335
207564,6,4,2,145,41,77,72,186,149,222,113,335
207564,7,999,1,166,69,180,166,235,346,346,235,581
207564,7,999,2,166,69,180,166,235,346,346,235,581
207564,8,5,1,83,30,70,66,113,136,153,96,249
207564,8,5,2,83,30,70,66,113,136,153,96,249
207564,9,6,1,33,21,44,40,54,84,77,61,138
207564,9,6,2,33,21,44,40,54,84,77,61,138
207564,10,7,1,23,8,25,23,31,48,48,31,79
207564,10,7,2,23,8,25,23,31,48,48,31,79
207564,11,8,1,24,5,34,28,29,62,58,33,91
207564,11,8,2,24,5,34,28,29,62,58,33,91
207564,12,9,1,3,5,6,9,8,15,9,14,23
207564,12,9,2,3,5,6,9,8,15,9,14,23
207564,13,10,1,0,0,1,0,0,1,1,0,1
207564,13,10,2,0,0,1,0,0,1,1,0,1
207582,1,412,1,1291,1872,448,706,3163,1154,1739,2578,4317
207582,1,112,2,1071,1596,377,638,2667,1015,1448,2234,3682
207582,1,312,5,220,276,71,68,496,139,291,344,635
207582,2,999,1,1000,1497,273,426,2497,699,1273,1923,3196
207582,2,999,2,957,1438,270,416,2395,686,1227,1854,3081
207582,2,999,5,43,59,3,10,102,13,46,69,115
207582,3,1,1,311,553,222,347,864,569,533,900,1433
207582,3,1,2,311,553,222,347,864,569,533,900,1433
207582,4,2,1,214,347,12,16,561,28,226,363,589
207582,4,2,2,214,347,12,16,561,28,226,363,589
207582,5,3,1,209,299,6,16,508,22,215,315,530
207582,5,3,2,208,295,6,16,503,22,214,311,525
207582,5,3,5,1,4,0,0,5,0,1,4,5
207582,6,4,1,266,298,33,47,564,80,299,345,644
207582,6,4,2,224,243,30,37,467,67,254,280,534
207582,6,4,5,42,55,3,10,97,13,45,65,110
207582,7,999,1,291,375,175,280,666,455,466,655,1121
207582,7,999,2,114,158,107,222,272,329,221,380,601
207582,7,999,5,177,217,68,58,394,126,245,275,520
207582,8,5,1,82,115,44,61,197,105,126,176,302
207582,8,5,2,46,68,26,48,114,74,72,116,188
207582,8,5,5,36,47,18,13,83,31,54,60,114
207582,9,6,1,42,56,19,41,98,60,61,97,158
207582,9,6,2,26,24,9,30,50,39,35,54,89
207582,9,6,5,16,32,10,11,48,21,26,43,69
207582,10,7,1,42,40,21,39,82,60,63,79,142
207582,10,7,2,15,16,16,35,31,51,31,51,82
207582,10,7,5,27,24,5,4,51,9,32,28,60
207582,11,8,1,71,76,50,64,147,114,121,140,261
207582,11,8,2,18,22,33,52,40,85,51,74,125
207582,11,8,5,53,54,17,12,107,29,70,66,136
207582,12,9,1,50,73,38,69,123,107,88,142,230
207582,12,9,2,9,25,21,55,34,76,30,80,110
207582,12,9,5,41,48,17,14,89,31,58,62,120
207582,13,10,1,4,15,3,6,19,9,7,21,28
207582,13,10,2,0,3,2,2,3,4,2,5,7
207582,13,10,5,4,12,1,4,16,5,5,16,21
207661,1,412,1,830,1388,423,759,2218,1182,1253,2147,3400
207661,1,112,2,811,1351,416,746,2162,1162,1227,2097,3324
207661,1,312,5,19,37,7,13,56,20,26,50,76
207661,2,999,1,681,1041,285,460,1722,745,966,1501,2467
207661,2,999,2,672,1035,285,459,1707,744,957,1494,2451
207661,2,999,5,9,6,0,1,15,1,9,7,16
207661,3,1,1,0,7,100,170,7,270,100,177,277
207661,3,1,2,0,7,100,170,7,270,100,177,277
207661,4,2,1,217,397,80,101,614,181,297,498,795
207661,4,2,2,217,397,80,101,614,181,297,498,795
207661,5,3,1,266,413,34,67,679,101,300,480,780
207661,5,3,2,266,413,34,67,679,101,300,480,780
207661,6,4,1,198,224,71,122,422,193,269,346,615
207661,6,4,2,189,218,71,121,407,192,260,339,599
207661,6,4,5,9,6,0,1,15,1,9,7,16
207661,7,999,1,149,347,138,299,496,437,287,646,933
207661,7,999,2,139,316,131,287,455,418,270,603,873
207661,7,999,5,10,31,7,12,41,19,17,43,60
207661,8,5,1,64,127,55,103,191,158,119,230,349
207661,8,5,2,62,118,54,98,180,152,116,216,332
207661,8,5,5,2,9,1,5,11,6,3,14,17
207661,9,6,1,35,84,31,75,119,106,66,159,225
207661,9,6,2,34,79,29,74,113,103,63,153,216
207661,9,6,5,1,5,2,1,6,3,3,6,9
207661,10,7,1,22,53,18,46,75,64,40,99,139
207661,10,7,2,16,50,18,44,66,62,34,94,128
207661,10,7,5,6,3,0,2,9,2,6,5,11
207661,11,8,1,18,67,24,50,85,74,42,117,159
207661,11,8,2,18,55,20,49,73,69,38,104,142
207661,11,8,5,0,12,4,1,12,5,4,13,17
207661,12,9,1,10,16,9,24,26,33,19,40,59
207661,12,9,2,9,14,9,21,23,30,18,35,53
207661,12,9,5,1,2,0,3,3,3,1,5,6
207661,13,10,1,0,0,1,1,0,2,1,1,2
207661,13,10,2,0,0,1,1,0,2,1,1,2
207670,1,412,1,916,1534,1544,2728,2450,4272,2460,4262,6722
207670,1,112,2,916,1534,1544,2728,2450,4272,2460,4262,6722
207670,2,999,1,723,1213,1077,1704,1936,2781,1800,2917,4717
207670,2,999,2,723,1213,1077,1704,1936,2781,1800,2917,4717
207670,3,1,1,7,10,175,302,17,477,182,312,494
207670,3,1,2,7,10,175,302,17,477,182,312,494
207670,4,2,1,368,721,545,715,1089,1260,913,1436,2349
207670,4,2,2,368,721,545,715,1089,1260,913,1436,2349
207670,5,3,1,249,353,194,337,602,531,443,690,1133
207670,5,3,2,249,353,194,337,602,531,443,690,1133
207670,6,4,1,99,129,163,350,228,513,262,479,741
207670,6,4,2,99,129,163,350,228,513,262,479,741
207670,7,999,1,193,321,467,1024,514,1491,660,1345,2005
207670,7,999,2,193,321,467,1024,514,1491,660,1345,2005
207670,8,5,1,89,148,157,361,237,518,246,509,755
207670,8,5,2,89,148,157,361,237,518,246,509,755
207670,9,6,1,43,69,91,252,112,343,134,321,455
207670,9,6,2,43,69,91,252,112,343,134,321,455
207670,10,7,1,30,51,83,155,81,238,113,206,319
207670,10,7,2,30,51,83,155,81,238,113,206,319
207670,11,8,1,22,32,94,172,54,266,116,204,320
207670,11,8,2,22,32,94,172,54,266,116,204,320
207670,12,9,1,9,20,35,80,29,115,44,100,144
207670,12,9,2,9,20,35,80,29,115,44,100,144
207670,13,10,1,0,1,7,4,1,11,7,5,12
207670,13,10,2,0,1,7,4,1,11,7,5,12
207704,1,412,1,1,73,1,70,74,71,2,143,145
207704,1,112,2,1,73,1,70,74,71,2,143,145
207704,2,999,1,1,35,1,33,36,34,2,68,70
207704,2,999,2,1,35,1,33,36,34,2,68,70
207704,4,2,1,0,14,0,7,14,7,0,21,21
207704,4,2,2,0,14,0,7,14,7,0,21,21
207704,5,3,1,0,9,1,13,9,14,1,22,23
207704,5,3,2,0,9,1,13,9,14,1,22,23
207704,6,4,1,1,12,0,13,13,13,1,25,26
207704,6,4,2,1,12,0,13,13,13,1,25,26
207704,7,999,1,0,38,0,37,38,37,0,75,75
207704,7,999,2,0,38,0,37,38,37,0,75,75
207704,8,5,1,0,18,0,16,18,16,0,34,34
207704,8,5,2,0,18,0,16,18,16,0,34,34
207704,9,6,1,0,11,0,7,11,7,0,18,18
207704,9,6,2,0,11,0,7,11,7,0,18,18
207704,10,7,1,0,5,0,4,5,4,0,9,9
207704,10,7,2,0,5,0,4,5,4,0,9,9
207704,11,8,1,0,4,0,7,4,7,0,11,11
207704,11,8,2,0,4,0,7,4,7,0,11,11
207704,12,9,1,0,0,0,3,0,3,0,3,3
207704,12,9,2,0,0,0,3,0,3,0,3,3
207722,1,412,1,236,440,24,33,676,57,260,473,733
207722,1,112,2,236,440,24,33,676,57,260,473,733
207722,2,999,1,208,404,10,20,612,30,218,424,642
207722,2,999,2,208,404,10,20,612,30,218,424,642
207722,3,1,1,1,1,3,1,2,4,4,2,6
207722,3,1,2,1,1,3,1,2,4,4,2,6
207722,4,2,1,53,137,0,3,190,3,53,140,193
207722,4,2,2,53,137,0,3,190,3,53,140,193
207722,5,3,1,80,188,2,2,268,4,82,190,272
207722,5,3,2,80,188,2,2,268,4,82,190,272
207722,6,4,1,74,78,5,14,152,19,79,92,171
207722,6,4,2,74,78,5,14,152,19,79,92,171
207722,7,999,1,28,31,12,13,59,25,40,44,84
207722,7,999,2,28,31,12,13,59,25,40,44,84
207722,8,5,1,18,16,5,1,34,6,23,17,40
207722,8,5,2,18,16,5,1,34,6,23,17,40
207722,9,6,1,1,8,1,2,9,3,2,10,12
207722,9,6,2,1,8,1,2,9,3,2,10,12
207722,10,7,1,3,5,1,4,8,5,4,9,13
207722,10,7,2,3,5,1,4,8,5,4,9,13
207722,11,8,1,6,2,4,4,8,8,10,6,16
207722,11,8,2,6,2,4,4,8,8,10,6,16
207722,12,9,1,0,0,0,1,0,1,0,1,1
207722,12,9,2,0,0,0,1,0,1,0,1,1
207722,13,10,1,0,0,1,1,0,2,1,1,2
207722,13,10,2,0,0,1,1,0,2,1,1,2
207722,14,11,1,0,5,2,0,5,2,2,5,7
207722,14,11,2,0,5,2,0,5,2,2,5,7
207740,1,412,1,261,508,208,499,769,707,469,1007,1476
207740,1,112,2,261,508,208,499,769,707,469,1007,1476
207740,2,999,1,231,404,176,339,635,515,407,743,1150
207740,2,999,2,231,404,176,339,635,515,407,743,1150
207740,3,1,1,12,9,70,113,21,183,82,122,204
207740,3,1,2,12,9,70,113,21,183,82,122,204
207740,4,2,1,123,245,50,93,368,143,173,338,511
207740,4,2,2,123,245,50,93,368,143,173,338,511
207740,5,3,1,81,110,35,58,191,93,116,168,284
207740,5,3,2,81,110,35,58,191,93,116,168,284
207740,6,4,1,15,40,21,75,55,96,36,115,151
207740,6,4,2,15,40,21,75,55,96,36,115,151
207740,7,999,1,30,104,32,160,134,192,62,264,326
207740,7,999,2,30,104,32,160,134,192,62,264,326
207740,8,5,1,12,44,11,66,56,77,23,110,133
207740,8,5,2,12,44,11,66,56,77,23,110,133
207740,9,6,1,11,25,6,44,36,50,17,69,86
207740,9,6,2,11,25,6,44,36,50,17,69,86
207740,10,7,1,3,17,8,19,20,27,11,36,47
207740,10,7,2,3,17,8,19,20,27,11,36,47
207740,11,8,1,4,14,3,21,18,24,7,35,42
207740,11,8,2,4,14,3,21,18,24,7,35,42
207740,12,9,1,0,4,4,10,4,14,4,14,18
207740,12,9,2,0,4,4,10,4,14,4,14,18
207847,1,412,1,1431,1753,978,1445,3184,2423,2409,3198,5607
207847,1,112,2,1102,1247,367,558,2349,925,1469,1805,3274
207847,1,312,5,329,506,611,887,835,1498,940,1393,2333
207847,2,999,1,919,1003,270,318,1922,588,1189,1321,2510
207847,2,999,2,878,937,222,259,1815,481,1100,1196,2296
207847,2,999,5,41,66,48,59,107,107,89,125,214
207847,3,1,1,1,3,35,76,4,111,36,79,115
207847,3,1,2,1,3,35,76,4,111,36,79,115
207847,4,2,1,289,298,64,67,587,131,353,365,718
207847,4,2,2,289,298,64,67,587,131,353,365,718
207847,5,3,1,356,406,44,47,762,91,400,453,853
207847,5,3,2,355,405,44,47,760,91,399,452,851
207847,5,3,5,1,1,0,0,2,0,1,1,2
207847,6,4,1,273,296,127,128,569,255,400,424,824
207847,6,4,2,233,231,79,69,464,148,312,300,612
207847,6,4,5,40,65,48,59,105,107,88,124,212
207847,7,999,1,512,750,708,1127,1262,1835,1220,1877,3097
207847,7,999,2,224,310,145,299,534,444,369,609,978
207847,7,999,5,288,440,563,828,728,1391,851,1268,2119
207847,8,5,1,165,237,164,275,402,439,329,512,841
207847,8,5,2,84,121,41,80,205,121,125,201,326
207847,8,5,5,81,116,123,195,197,318,204,311,515
207847,9,6,1,130,170,147,216,300,363,277,386,663
207847,9,6,2,57,75,34,59,132,93,91,134,225
207847,9,6,5,73,95,113,157,168,270,186,252,438
207847,10,7,1,80,130,130,201,210,331,210,331,541
207847,10,7,2,35,53,24,56,88,80,59,109,168
207847,10,7,5,45,77,106,145,122,251,151,222,373
207847,11,8,1,96,165,185,299,261,484,281,464,745
207847,11,8,2,34,46,30,74,80,104,64,120,184
207847,11,8,5,62,119,155,225,181,380,217,344,561
207847,12,9,1,41,47,81,131,88,212,122,178,300
207847,12,9,2,14,14,15,29,28,44,29,43,72
207847,12,9,5,27,33,66,102,60,168,93,135,228
207847,13,10,1,0,1,1,5,1,6,1,6,7
207847,13,10,2,0,1,1,1,1,2,1,2,3
207847,13,10,5,0,0,0,4,0,4,0,4,4
207865,1,412,1,1514,2226,355,803,3740,1158,1869,3029,4898
207865,1,112,2,1327,1906,264,518,3233,782,1591,2424,4015
207865,1,312,5,187,320,91,285,507,376,278,605,883
207865,2,999,1,1324,1808,184,277,3132,461,1508,2085,3593
207865,2,999,2,1216,1644,173,248,2860,421,1389,1892,3281
207865,2,999,5,108,164,11,29,272,40,119,193,312
207865,3,1,1,1,9,35,56,10,91,36,65,101
207865,3,1,2,1,9,35,56,10,91,36,65,101
207865,4,2,1,406,606,55,70,1012,125,461,676,1137
207865,4,2,2,406,606,55,70,1012,125,461,676,1137
207865,5,3,1,521,723,25,33,1244,58,546,756,1302
207865,5,3,2,498,689,25,33,1187,58,523,722,1245
207865,5,3,5,23,34,0,0,57,0,23,34,57
207865,6,4,1,396,470,69,118,866,187,465,588,1053
207865,6,4,2,311,340,58,89,651,147,369,429,798
207865,6,4,5,85,130,11,29,215,40,96,159,255
207865,7,999,1,190,418,171,526,608,697,361,944,1305
207865,7,999,2,111,262,91,270,373,361,202,532,734
207865,7,999,5,79,156,80,256,235,336,159,412,571
207865,8,5,1,110,177,65,141,287,206,175,318,493
207865,8,5,2,63,120,42,89,183,131,105,209,314
207865,8,5,5,47,57,23,52,104,75,70,109,179
207865,9,6,1,36,83,27,99,119,126,63,182,245
207865,9,6,2,21,54,15,52,75,67,36,106,142
207865,9,6,5,15,29,12,47,44,59,27,76,103
207865,10,7,1,17,57,29,98,74,127,46,155,201
207865,10,7,2,10,37,16,56,47,72,26,93,119
207865,10,7,5,7,20,13,42,27,55,20,62,82
207865,11,8,1,22,78,40,133,100,173,62,211,273
207865,11,8,2,15,40,14,56,55,70,29,96,125
207865,11,8,5,7,38,26,77,45,103,33,115,148
207865,12,9,1,5,22,9,53,27,62,14,75,89
207865,12,9,2,2,10,3,16,12,19,5,26,31
207865,12,9,5,3,12,6,37,15,43,9,49,58
207865,13,10,1,0,1,1,2,1,3,1,3,4
207865,13,10,2,0,1,1,1,1,2,1,2,3
207865,13,10,5,0,0,0,1,0,1,0,1,1
207935,1,412,1,1992,3038,3601,6937,5030,10538,5593,9975,15568
207935,1,112,2,1992,3038,3601,6937,5030,10538,5593,9975,15568
207935,2,999,1,1635,2488,2396,4111,4123,6507,4031,6599,10630
207935,2,999,2,1635,2488,2396,4111,4123,6507,4031,6599,10630
207935,3,1,1,46,105,482,978,151,1460,528,1083,1611
207935,3,1,2,46,105,482,978,151,1460,528,1083,1611
207935,4,2,1,936,1359,811,1150,2295,1961,1747,2509,4256
207935,4,2,2,936,1359,811,1150,2295,1961,1747,2509,4256
207935,5,3,1,485,691,608,1034,1176,1642,1093,1725,2818
207935,5,3,2,485,691,608,1034,1176,1642,1093,1725,2818
207935,6,4,1,168,333,495,949,501,1444,663,1282,1945
207935,6,4,2,168,333,495,949,501,1444,663,1282,1945
207935,7,999,1,357,550,1205,2826,907,4031,1562,3376,4938
207935,7,999,2,357,550,1205,2826,907,4031,1562,3376,4938
207935,8,5,1,165,223,465,1038,388,1503,630,1261,1891
207935,8,5,2,165,223,465,1038,388,1503,630,1261,1891
207935,9,6,1,109,142,272,663,251,935,381,805,1186
207935,9,6,2,109,142,272,663,251,935,381,805,1186
207935,10,7,1,45,74,189,438,119,627,234,512,746
207935,10,7,2,45,74,189,438,119,627,234,512,746
207935,11,8,1,28,87,165,462,115,627,193,549,742
207935,11,8,2,28,87,165,462,115,627,193,549,742
207935,12,9,1,10,23,95,195,33,290,105,218,323
207935,12,9,2,10,23,95,195,33,290,105,218,323
207935,13,10,1,0,1,19,30,1,49,19,31,50
207935,13,10,2,0,1,19,30,1,49,19,31,50
207962,1,412,1,696,89,0,0,785,0,696,89,785
207962,1,112,2,696,89,0,0,785,0,696,89,785
207962,2,999,1,470,49,0,0,519,0,470,49,519
207962,2,999,2,470,49,0,0,519,0,470,49,519
207962,3,1,1,1,1,0,0,2,0,1,1,2
207962,3,1,2,1,1,0,0,2,0,1,1,2
207962,4,2,1,295,24,0,0,319,0,295,24,319
207962,4,2,2,295,24,0,0,319,0,295,24,319
207962,5,3,1,97,14,0,0,111,0,97,14,111
207962,5,3,2,97,14,0,0,111,0,97,14,111
207962,6,4,1,77,10,0,0,87,0,77,10,87
207962,6,4,2,77,10,0,0,87,0,77,10,87
207962,7,999,1,226,40,0,0,266,0,226,40,266
207962,7,999,2,226,40,0,0,266,0,226,40,266
207962,8,5,1,103,20,0,0,123,0,103,20,123
207962,8,5,2,103,20,0,0,123,0,103,20,123
207962,9,6,1,51,7,0,0,58,0,51,7,58
207962,9,6,2,51,7,0,0,58,0,51,7,58
207962,10,7,1,26,5,0,0,31,0,26,5,31
207962,10,7,2,26,5,0,0,31,0,26,5,31
207962,11,8,1,37,5,0,0,42,0,37,5,42
207962,11,8,2,37,5,0,0,42,0,37,5,42
207962,12,9,1,8,3,0,0,11,0,8,3,11
207962,12,9,2,8,3,0,0,11,0,8,3,11
207962,13,10,1,1,0,0,0,1,0,1,0,1
207962,13,10,2,1,0,0,0,1,0,1,0,1
207971,1,412,1,1851,1706,235,168,3557,403,2086,1874,3960
207971,1,112,2,1468,1351,60,50,2819,110,1528,1401,2929
207971,1,312,5,383,355,175,118,738,293,558,473,1031
207971,2,999,1,1554,1488,53,41,3042,94,1607,1529,3136
207971,2,999,2,1418,1311,38,28,2729,66,1456,1339,2795
207971,2,999,5,136,177,15,13,313,28,151,190,341
207971,3,1,1,7,4,2,3,11,5,9,7,16
207971,3,1,2,7,4,2,3,11,5,9,7,16
207971,4,2,1,497,533,9,6,1030,15,506,539,1045
207971,4,2,2,497,533,9,6,1030,15,506,539,1045
207971,5,3,1,715,647,7,7,1362,14,722,654,1376
207971,5,3,2,707,635,7,6,1342,13,714,641,1355
207971,5,3,5,8,12,0,1,20,1,8,13,21
207971,6,4,1,335,304,35,25,639,60,370,329,699
207971,6,4,2,207,139,20,13,346,33,227,152,379
207971,6,4,5,128,165,15,12,293,27,143,177,320
207971,7,999,1,297,218,182,127,515,309,479,345,824
207971,7,999,2,50,40,22,22,90,44,72,62,134
207971,7,999,5,247,178,160,105,425,265,407,283,690
207971,8,5,1,183,117,65,36,300,101,248,153,401
207971,8,5,2,31,20,15,6,51,21,46,26,72
207971,8,5,5,152,97,50,30,249,80,202,127,329
207971,9,6,1,64,59,48,28,123,76,112,87,199
207971,9,6,2,11,8,5,4,19,9,16,12,28
207971,9,6,5,53,51,43,24,104,67,96,75,171
207971,10,7,1,29,13,31,17,42,48,60,30,90
207971,10,7,2,7,4,0,5,11,5,7,9,16
207971,10,7,5,22,9,31,12,31,43,53,21,74
207971,11,8,1,17,21,25,22,38,47,42,43,85
207971,11,8,2,0,6,0,2,6,2,0,8,8
207971,11,8,5,17,15,25,20,32,45,42,35,77
207971,12,9,1,4,8,11,22,12,33,15,30,45
207971,12,9,2,1,2,1,4,3,5,2,6,8
207971,12,9,5,3,6,10,18,9,28,13,24,37
207971,13,10,1,0,0,2,2,0,4,2,2,4
207971,13,10,2,0,0,1,1,0,2,1,1,2
207971,13,10,5,0,0,1,1,0,2,1,1,2
208035,1,412,1,223,303,225,602,526,827,448,905,1353
208035,1,112,2,223,303,225,602,526,827,448,905,1353
208035,2,999,1,207,248,168,359,455,527,375,607,982
208035,2,999,2,207,248,168,359,455,527,375,607,982
208035,3,1,1,2,8,75,157,10,232,77,165,242
208035,3,1,2,2,8,75,157,10,232,77,165,242
208035,4,2,1,104,154,58,88,258,146,162,242,404
208035,4,2,2,104,154,58,88,258,146,162,242,404
208035,5,3,1,84,68,15,52,152,67,99,120,219
208035,5,3,2,84,68,15,52,152,67,99,120,219
208035,6,4,1,17,18,20,62,35,82,37,80,117
208035,6,4,2,17,18,20,62,35,82,37,80,117
208035,7,999,1,16,55,57,243,71,300,73,298,371
208035,7,999,2,16,55,57,243,71,300,73,298,371
208035,8,5,1,7,21,13,80,28,93,20,101,121
208035,8,5,2,7,21,13,80,28,93,20,101,121
208035,9,6,1,4,16,11,62,20,73,15,78,93
208035,9,6,2,4,16,11,62,20,73,15,78,93
208035,10,7,1,3,9,9,39,12,48,12,48,60
208035,10,7,2,3,9,9,39,12,48,12,48,60
208035,11,8,1,2,7,12,46,9,58,14,53,67
208035,11,8,2,2,7,12,46,9,58,14,53,67
208035,12,9,1,0,2,12,14,2,26,12,16,28
208035,12,9,2,0,2,12,14,2,26,12,16,28
208035,13,10,1,0,0,0,2,0,2,0,2,2
208035,13,10,2,0,0,0,2,0,2,0,2,2
208053,1,412,1,7,15,153,86,22,239,160,101,261
208053,1,112,2,7,15,153,86,22,239,160,101,261
208053,2,999,1,6,0,141,67,6,208,147,67,214
208053,2,999,2,6,0,141,67,6,208,147,67,214
208053,3,1,1,0,0,62,37,0,99,62,37,99
208053,3,1,2,0,0,62,37,0,99,62,37,99
208053,4,2,1,4,0,62,22,4,84,66,22,88
208053,4,2,2,4,0,62,22,4,84,66,22,88
208053,5,3,1,1,0,14,6,1,20,15,6,21
208053,5,3,2,1,0,14,6,1,20,15,6,21
208053,6,4,1,1,0,3,2,1,5,4,2,6
208053,6,4,2,1,0,3,2,1,5,4,2,6
208053,7,999,1,0,15,5,7,15,12,5,22,27
208053,7,999,2,0,15,5,7,15,12,5,22,27
208053,8,5,1,0,0,1,1,0,2,1,1,2
208053,8,5,2,0,0,1,1,0,2,1,1,2
208053,9,6,1,0,14,0,2,14,2,0,16,16
208053,9,6,2,0,14,0,2,14,2,0,16,16
208053,10,7,1,0,1,1,2,1,3,1,3,4
208053,10,7,2,0,1,1,2,1,3,1,3,4
208053,11,8,1,0,0,3,2,0,5,3,2,5
208053,11,8,2,0,0,3,2,0,5,3,2,5
208053,14,11,1,1,0,7,12,1,19,8,12,20
208053,14,11,2,1,0,7,12,1,19,8,12,20
208275,1,412,1,273,341,258,420,614,678,531,761,1292
208275,1,112,2,273,341,258,420,614,678,531,761,1292
208275,2,999,1,233,260,129,238,493,367,362,498,860
208275,2,999,2,233,260,129,238,493,367,362,498,860
208275,3,1,1,2,13,29,50,15,79,31,63,94
208275,3,1,2,2,13,29,50,15,79,31,63,94
208275,4,2,1,162,181,36,70,343,106,198,251,449
208275,4,2,2,162,181,36,70,343,106,198,251,449
208275,5,3,1,53,41,32,65,94,97,85,106,191
208275,5,3,2,53,41,32,65,94,97,85,106,191
208275,6,4,1,16,25,32,53,41,85,48,78,126
208275,6,4,2,16,25,32,53,41,85,48,78,126
208275,7,999,1,40,81,129,182,121,311,169,263,432
208275,7,999,2,40,81,129,182,121,311,169,263,432
208275,8,5,1,19,34,43,63,53,106,62,97,159
208275,8,5,2,19,34,43,63,53,106,62,97,159
208275,9,6,1,12,19,32,39,31,71,44,58,102
208275,9,6,2,12,19,32,39,31,71,44,58,102
208275,10,7,1,6,12,23,26,18,49,29,38,67
208275,10,7,2,6,12,23,26,18,49,29,38,67
208275,11,8,1,3,14,21,37,17,58,24,51,75
208275,11,8,2,3,14,21,37,17,58,24,51,75
208275,12,9,1,0,2,10,17,2,27,10,19,29
208275,12,9,2,0,2,10,17,2,27,10,19,29
208318,1,412,1,782,1050,1049,1423,1832,2472,1831,2473,4304
208318,1,112,2,782,1050,1049,1423,1832,2472,1831,2473,4304
208318,2,999,1,543,719,705,898,1262,1603,1248,1617,2865
208318,2,999,2,543,719,705,898,1262,1603,1248,1617,2865
208318,3,1,1,31,68,191,247,99,438,222,315,537
208318,3,1,2,31,68,191,247,99,438,222,315,537
208318,4,2,1,293,379,228,275,672,503,521,654,1175
208318,4,2,2,293,379,228,275,672,503,521,654,1175
208318,5,3,1,131,154,150,203,285,353,281,357,638
208318,5,3,2,131,154,150,203,285,353,281,357,638
208318,6,4,1,88,118,136,173,206,309,224,291,515
208318,6,4,2,88,118,136,173,206,309,224,291,515
208318,7,999,1,239,321,344,525,560,869,583,846,1429
208318,7,999,2,239,321,344,525,560,869,583,846,1429
208318,8,5,1,107,134,142,183,241,325,249,317,566
208318,8,5,2,107,134,142,183,241,325,249,317,566
208318,9,6,1,61,81,85,105,142,190,146,186,332
208318,9,6,2,61,81,85,105,142,190,146,186,332
208318,10,7,1,36,45,45,85,81,130,81,130,211
208318,10,7,2,36,45,45,85,81,130,81,130,211
208318,11,8,1,25,42,39,86,67,125,64,128,192
208318,11,8,2,25,42,39,86,67,125,64,128,192
208318,12,9,1,10,18,30,59,28,89,40,77,117
208318,12,9,2,10,18,30,59,28,89,40,77,117
208318,13,10,1,0,1,3,7,1,10,3,8,11
208318,13,10,2,0,1,3,7,1,10,3,8,11
208318,14,11,1,0,10,0,0,10,0,0,10,10
208318,14,11,2,0,10,0,0,10,0,0,10,10
208390,1,412,1,1520,2207,1963,2638,3727,4601,3483,4845,8328
208390,1,112,2,1520,2207,1963,2638,3727,4601,3483,4845,8328
208390,2,999,1,1282,1819,1264,1590,3101,2854,2546,3409,5955
208390,2,999,2,1282,1819,1264,1590,3101,2854,2546,3409,5955
208390,3,1,1,678,979,290,378,1657,668,968,1357,2325
208390,3,1,2,678,979,290,378,1657,668,968,1357,2325
208390,4,2,1,328,441,333,402,769,735,661,843,1504
208390,4,2,2,328,441,333,402,769,735,661,843,1504
208390,5,3,1,168,205,340,395,373,735,508,600,1108
208390,5,3,2,168,205,340,395,373,735,508,600,1108
208390,6,4,1,108,194,301,415,302,716,409,609,1018
208390,6,4,2,108,194,301,415,302,716,409,609,1018
208390,7,999,1,235,388,699,1046,623,1745,934,1434,2368
208390,7,999,2,235,388,699,1046,623,1745,934,1434,2368
208390,8,5,1,77,134,233,261,211,494,310,395,705
208390,8,5,2,77,134,233,261,211,494,310,395,705
208390,9,6,1,52,83,114,174,135,288,166,257,423
208390,9,6,2,52,83,114,174,135,288,166,257,423
208390,10,7,1,46,65,108,216,111,324,154,281,435
208390,10,7,2,46,65,108,216,111,324,154,281,435
208390,11,8,1,17,33,47,85,50,132,64,118,182
208390,11,8,2,17,33,47,85,50,132,64,118,182
208390,12,9,1,1,1,7,9,2,16,8,10,18
208390,12,9,2,1,1,7,9,2,16,8,10,18
208390,13,10,1,42,72,190,301,114,491,232,373,605
208390,13,10,2,42,72,190,301,114,491,232,373,605
208390,14,11,1,3,0,0,2,3,2,3,2,5
208390,14,11,2,3,0,0,2,3,2,3,2,5
208406,1,412,1,899,1066,1857,1733,1965,3590,2756,2799,5555
208406,1,112,2,899,1066,1857,1733,1965,3590,2756,2799,5555
208406,2,999,1,710,816,958,978,1526,1936,1668,1794,3462
208406,2,999,2,710,816,958,978,1526,1936,1668,1794,3462
208406,3,1,1,64,102,97,145,166,242,161,247,408
208406,3,1,2,64,102,97,145,166,242,161,247,408
208406,4,2,1,439,459,277,302,898,579,716,761,1477
208406,4,2,2,439,459,277,302,898,579,716,761,1477
208406,5,3,1,143,152,271,273,295,544,414,425,839
208406,5,3,2,143,152,271,273,295,544,414,425,839
208406,6,4,1,64,103,313,258,167,571,377,361,738
208406,6,4,2,64,103,313,258,167,571,377,361,738
208406,7,999,1,189,250,899,755,439,1654,1088,1005,2093
208406,7,999,2,189,250,899,755,439,1654,1088,1005,2093
208406,8,5,1,82,84,336,272,166,608,418,356,774
208406,8,5,2,82,84,336,272,166,608,418,356,774
208406,9,6,1,45,64,245,188,109,433,290,252,542
208406,9,6,2,45,64,245,188,109,433,290,252,542
208406,10,7,1,31,44,148,105,75,253,179,149,328
208406,10,7,2,31,44,148,105,75,253,179,149,328
208406,11,8,1,24,44,115,132,68,247,139,176,315
208406,11,8,2,24,44,115,132,68,247,139,176,315
208406,12,9,1,7,14,48,50,21,98,55,64,119
208406,12,9,2,7,14,48,50,21,98,55,64,119
208406,13,10,1,0,0,7,8,0,15,7,8,15
208406,13,10,2,0,0,7,8,0,15,7,8,15
208415,1,412,1,114,166,213,261,280,474,327,427,754
208415,1,112,2,114,166,213,261,280,474,327,427,754
208415,2,999,1,74,126,81,109,200,190,155,235,390
208415,2,999,2,74,126,81,109,200,190,155,235,390
208415,3,1,1,4,11,9,14,15,23,13,25,38
208415,3,1,2,4,11,9,14,15,23,13,25,38
208415,4,2,1,41,78,26,27,119,53,67,105,172
208415,4,2,2,41,78,26,27,119,53,67,105,172
208415,5,3,1,19,26,22,35,45,57,41,61,102
208415,5,3,2,19,26,22,35,45,57,41,61,102
208415,6,4,1,10,11,24,33,21,57,34,44,78
208415,6,4,2,10,11,24,33,21,57,34,44,78
208415,7,999,1,40,40,132,152,80,284,172,192,364
208415,7,999,2,40,40,132,152,80,284,172,192,364
208415,8,5,1,8,13,33,30,21,63,41,43,84
208415,8,5,2,8,13,33,30,21,63,41,43,84
208415,9,6,1,14,8,22,29,22,51,36,37,73
208415,9,6,2,14,8,22,29,22,51,36,37,73
208415,10,7,1,6,6,23,22,12,45,29,28,57
208415,10,7,2,6,6,23,22,12,45,29,28,57
208415,11,8,1,10,9,26,25,19,51,36,34,70
208415,11,8,2,10,9,26,25,19,51,36,34,70
208415,12,9,1,1,4,15,25,5,40,16,29,45
208415,12,9,2,1,4,15,25,5,40,16,29,45
208415,13,10,1,1,0,13,21,1,34,14,21,35
208415,13,10,2,1,0,13,21,1,34,14,21,35
208637,1,412,1,0,0,38,139,0,177,38,139,177
208637,1,112,2,0,0,38,139,0,177,38,139,177
208637,2,999,1,0,0,10,29,0,39,10,29,39
208637,2,999,2,0,0,10,29,0,39,10,29,39
208637,4,2,1,0,0,0,3,0,3,0,3,3
208637,4,2,2,0,0,0,3,0,3,0,3,3
208637,5,3,1,0,0,3,9,0,12,3,9,12
208637,5,3,2,0,0,3,9,0,12,3,9,12
208637,6,4,1,0,0,7,17,0,24,7,17,24
208637,6,4,2,0,0,7,17,0,24,7,17,24
208637,7,999,1,0,0,28,110,0,138,28,110,138
208637,7,999,2,0,0,28,110,0,138,28,110,138
208637,8,5,1,0,0,7,46,0,53,7,46,53
208637,8,5,2,0,0,7,46,0,53,7,46,53
208637,9,6,1,0,0,8,29,0,37,8,29,37
208637,9,6,2,0,0,8,29,0,37,8,29,37
208637,10,7,1,0,0,10,16,0,26,10,16,26
208637,10,7,2,0,0,10,16,0,26,10,16,26
208637,11,8,1,0,0,2,16,0,18,2,16,18
208637,11,8,2,0,0,2,16,0,18,2,16,18
208637,12,9,1,0,0,1,3,0,4,1,3,4
208637,12,9,2,0,0,1,3,0,4,1,3,4
208646,1,412,1,648,1026,463,716,1674,1179,1111,1742,2853
208646,1,112,2,604,937,424,621,1541,1045,1028,1558,2586
208646,1,312,5,44,89,39,95,133,134,83,184,267
208646,2,999,1,469,702,139,212,1171,351,608,914,1522
208646,2,999,2,452,678,138,198,1130,336,590,876,1466
208646,2,999,5,17,24,1,14,41,15,18,38,56
208646,3,1,1,0,2,16,23,2,39,16,25,41
208646,3,1,2,0,2,16,23,2,39,16,25,41
208646,4,2,1,84,138,23,26,222,49,107,164,271
208646,4,2,2,84,138,23,26,222,49,107,164,271
208646,5,3,1,200,296,28,43,496,71,228,339,567
208646,5,3,2,200,296,28,43,496,71,228,339,567
208646,6,4,1,185,266,72,120,451,192,257,386,643
208646,6,4,2,168,242,71,106,410,177,239,348,587
208646,6,4,5,17,24,1,14,41,15,18,38,56
208646,7,999,1,179,324,324,503,503,827,503,827,1330
208646,7,999,2,152,259,286,423,411,709,438,682,1120
208646,7,999,5,27,65,38,80,92,118,65,145,210
208646,8,5,1,80,140,70,138,220,208,150,278,428
208646,8,5,2,71,108,63,121,179,184,134,229,363
208646,8,5,5,9,32,7,17,41,24,16,49,65
208646,9,6,1,37,61,57,105,98,162,94,166,260
208646,9,6,2,28,54,52,94,82,146,80,148,228
208646,9,6,5,9,7,5,11,16,16,14,18,32
208646,10,7,1,29,54,62,70,83,132,91,124,215
208646,10,7,2,25,43,53,54,68,107,78,97,175
208646,10,7,5,4,11,9,16,15,25,13,27,40
208646,11,8,1,25,46,96,135,71,231,121,181,302
208646,11,8,2,20,37,85,112,57,197,105,149,254
208646,11,8,5,5,9,11,23,14,34,16,32,48
208646,12,9,1,7,21,36,51,28,87,43,72,115
208646,12,9,2,7,15,31,40,22,71,38,55,93
208646,12,9,5,0,6,5,11,6,16,5,17,22
208646,13,10,1,1,2,3,4,3,7,4,6,10
208646,13,10,2,1,2,2,2,3,4,3,4,7
208646,13,10,5,0,0,1,2,0,3,1,2,3
208646,14,11,1,0,0,0,1,0,1,0,1,1
208646,14,11,5,0,0,0,1,0,1,0,1,1
208822,1,412,1,1080,1770,444,812,2850,1256,1524,2582,4106
208822,1,112,2,905,1360,84,132,2265,216,989,1492,2481
208822,1,312,5,175,410,360,680,585,1040,535,1090,1625
208822,2,999,1,884,1384,51,80,2268,131,935,1464,2399
208822,2,999,2,835,1241,38,38,2076,76,873,1279,2152
208822,2,999,5,49,143,13,42,192,55,62,185,247
208822,3,1,1,6,17,13,12,23,25,19,29,48
208822,3,1,2,6,17,13,12,23,25,19,29,48
208822,4,2,1,354,538,3,4,892,7,357,542,899
208822,4,2,2,354,538,3,4,892,7,357,542,899
208822,5,3,1,380,571,7,11,951,18,387,582,969
208822,5,3,2,378,564,7,11,942,18,385,575,960
208822,5,3,5,2,7,0,0,9,0,2,7,9
208822,6,4,1,144,258,28,53,402,81,172,311,483
208822,6,4,2,97,122,15,11,219,26,112,133,245
208822,6,4,5,47,136,13,42,183,55,60,178,238
208822,7,999,1,194,386,391,732,580,1123,585,1118,1703
208822,7,999,2,69,119,44,94,188,138,113,213,326
208822,7,999,5,125,267,347,638,392,985,472,905,1377
208822,8,5,1,91,157,52,127,248,179,143,284,427
208822,8,5,2,32,34,7,18,66,25,39,52,91
208822,8,5,5,59,123,45,109,182,154,104,232,336
208822,9,6,1,35,68,71,122,103,193,106,190,296
208822,9,6,2,10,20,12,22,30,34,22,42,64
208822,9,6,5,25,48,59,100,73,159,84,148,232
208822,10,7,1,21,54,82,109,75,191,103,163,266
208822,10,7,2,7,31,7,13,38,20,14,44,58
208822,10,7,5,14,23,75,96,37,171,89,119,208
208822,11,8,1,34,70,109,217,104,326,143,287,430
208822,11,8,2,14,26,15,25,40,40,29,51,80
208822,11,8,5,20,44,94,192,64,286,114,236,350
208822,12,9,1,11,35,73,145,46,218,84,180,264
208822,12,9,2,5,8,3,13,13,16,8,21,29
208822,12,9,5,6,27,70,132,33,202,76,159,235
208822,13,10,1,2,2,4,12,4,16,6,14,20
208822,13,10,2,1,0,0,3,1,3,1,3,4
208822,13,10,5,1,2,4,9,3,13,5,11,16
208822,14,11,1,2,0,2,0,2,2,4,0,4
208822,14,11,2,1,0,2,0,1,2,3,0,3
208822,14,11,5,1,0,0,0,1,0,1,0,1
209038,1,412,1,1443,1708,2008,2543,3151,4551,3451,4251,7702
209038,1,112,2,1443,1708,2008,2543,3151,4551,3451,4251,7702
209038,2,999,1,1038,1195,1215,1601,2233,2816,2253,2796,5049
209038,2,999,2,1038,1195,1215,1601,2233,2816,2253,2796,5049
209038,3,1,1,22,43,250,458,65,708,272,501,773
209038,3,1,2,22,43,250,458,65,708,272,501,773
209038,4,2,1,475,553,320,432,1028,752,795,985,1780
209038,4,2,2,475,553,320,432,1028,752,795,985,1780
209038,5,3,1,348,422,344,384,770,728,692,806,1498
209038,5,3,2,348,422,344,384,770,728,692,806,1498
209038,6,4,1,193,177,301,327,370,628,494,504,998
209038,6,4,2,193,177,301,327,370,628,494,504,998
209038,7,999,1,363,513,793,941,876,1734,1156,1454,2610
209038,7,999,2,363,513,793,941,876,1734,1156,1454,2610
209038,8,5,1,163,208,298,342,371,640,461,550,1011
209038,8,5,2,163,208,298,342,371,640,461,550,1011
209038,9,6,1,70,138,202,233,208,435,272,371,643
209038,9,6,2,70,138,202,233,208,435,272,371,643
209038,10,7,1,51,68,134,118,119,252,185,186,371
209038,10,7,2,51,68,134,118,119,252,185,186,371
209038,11,8,1,60,75,97,165,135,262,157,240,397
209038,11,8,2,60,75,97,165,135,262,157,240,397
209038,12,9,1,19,24,56,67,43,123,75,91,166
209038,12,9,2,19,24,56,67,43,123,75,91,166
209038,13,10,1,0,0,6,16,0,22,6,16,22
209038,13,10,2,0,0,6,16,0,22,6,16,22
209038,14,11,1,42,0,0,1,42,1,42,1,43
209038,14,11,2,42,0,0,1,42,1,42,1,43
209056,1,412,1,957,1755,115,330,2712,445,1072,2085,3157
209056,1,112,2,684,1128,5,13,1812,18,689,1141,1830
209056,1,312,5,273,627,110,317,900,427,383,944,1327
209056,2,999,1,743,1293,11,32,2036,43,754,1325,2079
209056,2,999,2,677,1120,4,13,1797,17,681,1133,1814
209056,2,999,5,66,173,7,19,239,26,73,192,265
209056,3,1,1,6,16,0,0,22,0,6,16,22
209056,3,1,2,6,16,0,0,22,0,6,16,22
209056,4,2,1,305,530,0,7,835,7,305,537,842
209056,4,2,2,305,530,0,7,835,7,305,537,842
209056,5,3,1,303,517,2,5,820,7,305,522,827
209056,5,3,2,303,511,2,5,814,7,305,516,821
209056,5,3,5,0,6,0,0,6,0,0,6,6
209056,6,4,1,129,230,9,20,359,29,138,250,388
209056,6,4,2,63,63,2,1,126,3,65,64,129
209056,6,4,5,66,167,7,19,233,26,73,186,259
209056,7,999,1,214,462,104,298,676,402,318,760,1078
209056,7,999,2,7,8,1,0,15,1,8,8,16
209056,7,999,5,207,454,103,298,661,401,310,752,1062
209056,8,5,1,117,276,30,99,393,129,147,375,522
209056,8,5,2,7,5,1,0,12,1,8,5,13
209056,8,5,5,110,271,29,99,381,128,139,370,509
209056,9,6,1,56,92,24,67,148,91,80,159,239
209056,9,6,2,0,2,0,0,2,0,0,2,2
209056,9,6,5,56,90,24,67,146,91,80,157,237
209056,10,7,1,17,43,17,42,60,59,34,85,119
209056,10,7,5,17,43,17,42,60,59,34,85,119
209056,11,8,1,17,42,26,63,59,89,43,105,148
209056,11,8,2,0,1,0,0,1,0,0,1,1
209056,11,8,5,17,41,26,63,58,89,43,104,147
209056,12,9,1,7,9,6,26,16,32,13,35,48
209056,12,9,5,7,9,6,26,16,32,13,35,48
209056,13,10,1,0,0,1,1,0,2,1,1,2
209056,13,10,5,0,0,1,1,0,2,1,1,2
209074,1,412,1,971,1182,1055,1748,2153,2803,2026,2930,4956
209074,1,112,2,971,1182,1055,1748,2153,2803,2026,2930,4956
209074,2,999,1,745,895,711,1256,1640,1967,1456,2151,3607
209074,2,999,2,745,895,711,1256,1640,1967,1456,2151,3607
209074,3,1,1,5,8,3,18,13,21,8,26,34
209074,3,1,2,5,8,3,18,13,21,8,26,34
209074,4,2,1,387,511,268,551,898,819,655,1062,1717
209074,4,2,2,387,511,268,551,898,819,655,1062,1717
209074,5,3,1,218,258,269,430,476,699,487,688,1175
209074,5,3,2,218,258,269,430,476,699,487,688,1175
209074,6,4,1,135,118,171,257,253,428,306,375,681
209074,6,4,2,135,118,171,257,253,428,306,375,681
209074,7,999,1,226,287,344,492,513,836,570,779,1349
209074,7,999,2,226,287,344,492,513,836,570,779,1349
209074,8,5,1,114,133,132,177,247,309,246,310,556
209074,8,5,2,114,133,132,177,247,309,246,310,556
209074,9,6,1,51,62,98,138,113,236,149,200,349
209074,9,6,2,51,62,98,138,113,236,149,200,349
209074,10,7,1,30,36,42,74,66,116,72,110,182
209074,10,7,2,30,36,42,74,66,116,72,110,182
209074,11,8,1,21,33,47,71,54,118,68,104,172
209074,11,8,2,21,33,47,71,54,118,68,104,172
209074,12,9,1,10,23,21,31,33,52,31,54,85
209074,12,9,2,10,23,21,31,33,52,31,54,85
209074,13,10,1,0,0,4,1,0,5,4,1,5
209074,13,10,2,0,0,4,1,0,5,4,1,5
209490,1,412,1,714,1314,276,731,2028,1007,990,2045,3035
209490,1,112,2,58,271,98,382,329,480,156,653,809
209490,1,312,5,656,1043,178,349,1699,527,834,1392,2226
209490,2,999,1,139,344,22,137,483,159,161,481,642
209490,2,999,2,15,92,19,125,107,144,34,217,251
209490,2,999,5,124,252,3,12,376,15,127,264,391
209490,3,1,1,0,1,0,0,1,0,0,1,1
209490,3,1,5,0,1,0,0,1,0,0,1,1
209490,4,2,1,7,24,1,18,31,19,8,42,50
209490,4,2,2,5,21,1,18,26,19,6,39,45
209490,4,2,5,2,3,0,0,5,0,2,3,5
209490,5,3,1,2,17,0,2,19,2,2,19,21
209490,5,3,2,0,17,0,2,17,2,0,19,19
209490,5,3,5,2,0,0,0,2,0,2,0,2
209490,6,4,1,130,302,21,117,432,138,151,419,570
209490,6,4,2,10,54,18,105,64,123,28,159,187
209490,6,4,5,120,248,3,12,368,15,123,260,383
209490,7,999,1,575,970,254,594,1545,848,829,1564,2393
209490,7,999,2,43,179,79,257,222,336,122,436,558
209490,7,999,5,532,791,175,337,1323,512,707,1128,1835
209490,8,5,1,368,612,57,162,980,219,425,774,1199
209490,8,5,2,16,86,23,92,102,115,39,178,217
209490,8,5,5,352,526,34,70,878,104,386,596,982
209490,9,6,1,130,219,92,177,349,269,222,396,618
209490,9,6,2,13,44,31,76,57,107,44,120,164
209490,9,6,5,117,175,61,101,292,162,178,276,454
209490,10,7,1,48,78,54,126,126,180,102,204,306
209490,10,7,2,7,22,11,44,29,55,18,66,84
209490,10,7,5,41,56,43,82,97,125,84,138,222
209490,11,8,1,27,57,40,104,84,144,67,161,228
209490,11,8,2,7,27,11,39,34,50,18,66,84
209490,11,8,5,20,30,29,65,50,94,49,95,144
209490,12,9,1,1,4,11,24,5,35,12,28,40
209490,12,9,2,0,0,3,6,0,9,3,6,9
209490,12,9,5,1,4,8,18,5,26,9,22,31
209490,13,10,1,1,0,0,1,1,1,1,1,2
209490,13,10,5,1,0,0,1,1,1,1,1,2
209506,1,412,1,1333,1094,1280,1616,2427,2896,2613,2710,5323
209506,1,112,2,1316,1075,1236,1557,2391,2793,2552,2632,5184
209506,1,312,5,17,19,44,59,36,103,61,78,139
209506,2,999,1,980,808,794,1099,1788,1893,1774,1907,3681
209506,2,999,2,977,803,790,1096,1780,1886,1767,1899,3666
209506,2,999,5,3,5,4,3,8,7,7,8,15
209506,3,1,1,12,10,547,814,22,1361,559,824,1383
209506,3,1,2,12,10,547,814,22,1361,559,824,1383
209506,4,2,1,366,280,80,87,646,167,446,367,813
209506,4,2,2,366,280,80,87,646,167,446,367,813
209506,5,3,1,337,277,62,74,614,136,399,351,750
209506,5,3,2,337,277,62,73,614,135,399,350,749
209506,5,3,5,0,0,0,1,0,1,0,1,1
209506,6,4,1,265,241,105,124,506,229,370,365,735
209506,6,4,2,262,236,101,122,498,223,363,358,721
209506,6,4,5,3,5,4,2,8,6,7,7,14
209506,7,999,1,353,286,486,517,639,1003,839,803,1642
209506,7,999,2,339,272,446,461,611,907,785,733,1518
209506,7,999,5,14,14,40,56,28,96,54,70,124
209506,8,5,1,185,140,129,136,325,265,314,276,590
209506,8,5,2,178,135,118,128,313,246,296,263,559
209506,8,5,5,7,5,11,8,12,19,18,13,31
209506,9,6,1,89,64,113,113,153,226,202,177,379
209506,9,6,2,86,62,101,97,148,198,187,159,346
209506,9,6,5,3,2,12,16,5,28,15,18,33
209506,10,7,1,38,38,108,103,76,211,146,141,287
209506,10,7,2,36,35,102,89,71,191,138,124,262
209506,10,7,5,2,3,6,14,5,20,8,17,25
209506,11,8,1,34,33,96,109,67,205,130,142,272
209506,11,8,2,33,32,89,100,65,189,122,132,254
209506,11,8,5,1,1,7,9,2,16,8,10,18
209506,12,9,1,6,11,38,54,17,92,44,65,109
209506,12,9,2,6,8,34,47,14,81,40,55,95
209506,12,9,5,0,3,4,7,3,11,4,10,14
209506,13,10,1,1,0,2,2,1,4,3,2,5
209506,13,10,2,0,0,2,0,0,2,2,0,2
209506,13,10,5,1,0,0,2,1,2,1,2,3
209542,1,412,1,11308,10245,5365,5394,21553,10759,16673,15639,32312
209542,1,112,2,9559,8525,4409,4151,18084,8560,13968,12676,26644
209542,1,312,5,1749,1720,956,1243,3469,2199,2705,2963,5668
209542,2,999,1,8922,8084,1930,2063,17006,3993,10852,10147,20999
209542,2,999,2,8342,7453,1817,1913,15795,3730,10159,9366,19525
209542,2,999,5,580,631,113,150,1211,263,693,781,1474
209542,3,1,1,55,72,49,67,127,116,104,139,243
209542,3,1,2,55,72,49,67,127,116,104,139,243
209542,4,2,1,2957,2885,402,526,5842,928,3359,3411,6770
209542,4,2,2,2956,2885,402,526,5841,928,3358,3411,6769
209542,4,2,5,1,0,0,0,1,0,1,0,1
209542,5,3,1,3553,3298,556,573,6851,1129,4109,3871,7980
209542,5,3,2,3535,3258,554,564,6793,1118,4089,3822,7911
209542,5,3,5,18,40,2,9,58,11,20,49,69
209542,6,4,1,2357,1829,923,897,4186,1820,3280,2726,6006
209542,6,4,2,1796,1238,812,756,3034,1568,2608,1994,4602
209542,6,4,5,561,591,111,141,1152,252,672,732,1404
209542,7,999,1,2386,2161,3435,3331,4547,6766,5821,5492,11313
209542,7,999,2,1217,1072,2592,2238,2289,4830,3809,3310,7119
209542,7,999,5,1169,1089,843,1093,2258,1936,2012,2182,4194
209542,8,5,1,1470,1297,1328,1158,2767,2486,2798,2455,5253
209542,8,5,2,745,619,1071,827,1364,1898,1816,1446,3262
209542,8,5,5,725,678,257,331,1403,588,982,1009,1991
209542,9,6,1,584,482,933,817,1066,1750,1517,1299,2816
209542,9,6,2,288,228,726,586,516,1312,1014,814,1828
209542,9,6,5,296,254,207,231,550,438,503,485,988
209542,10,7,1,188,192,539,528,380,1067,727,720,1447
209542,10,7,2,107,112,398,350,219,748,505,462,967
209542,10,7,5,81,80,141,178,161,319,222,258,480
209542,11,8,1,113,144,445,543,257,988,558,687,1245
209542,11,8,2,65,87,302,324,152,626,367,411,778
209542,11,8,5,48,57,143,219,105,362,191,276,467
209542,12,9,1,28,45,166,260,73,426,194,305,499
209542,12,9,2,12,26,85,144,38,229,97,170,267
209542,12,9,5,16,19,81,116,35,197,97,135,232
209542,13,10,1,3,1,24,25,4,49,27,26,53
209542,13,10,2,0,0,10,7,0,17,10,7,17
209542,13,10,5,3,1,14,18,4,32,17,19,36
209551,1,412,1,8808,10939,974,1031,19747,2005,9782,11970,21752
209551,1,112,2,7265,9135,805,840,16400,1645,8070,9975,18045
209551,1,312,5,1543,1804,169,191,3347,360,1712,1995,3707
209551,2,999,1,7334,9416,657,726,16750,1383,7991,10142,18133
209551,2,999,2,6881,8828,633,702,15709,1335,7514,9530,17044
209551,2,999,5,453,588,24,24,1041,48,477,612,1089
209551,3,1,1,38,79,18,16,117,34,56,95,151
209551,3,1,2,38,79,18,16,117,34,56,95,151
209551,4,2,1,2848,4116,139,183,6964,322,2987,4299,7286
209551,4,2,2,2846,4116,139,183,6962,322,2985,4299,7284
209551,4,2,5,2,0,0,0,2,0,2,0,2
209551,5,3,1,2986,3862,233,276,6848,509,3219,4138,7357
209551,5,3,2,2966,3831,232,275,6797,507,3198,4106,7304
209551,5,3,5,20,31,1,1,51,2,21,32,53
209551,6,4,1,1462,1359,267,251,2821,518,1729,1610,3339
209551,6,4,2,1031,802,244,228,1833,472,1275,1030,2305
209551,6,4,5,431,557,23,23,988,46,454,580,1034
209551,7,999,1,1473,1521,317,305,2994,622,1790,1826,3616
209551,7,999,2,384,306,172,138,690,310,556,444,1000
209551,7,999,5,1089,1215,145,167,2304,312,1234,1382,2616
209551,8,5,1,830,863,130,99,1693,229,960,962,1922
209551,8,5,2,254,187,91,61,441,152,345,248,593
209551,8,5,5,576,676,39,38,1252,77,615,714,1329
209551,9,6,1,360,337,75,56,697,131,435,393,828
209551,9,6,2,83,45,38,25,128,63,121,70,191
209551,9,6,5,277,292,37,31,569,68,314,323,637
209551,10,7,1,139,150,52,54,289,106,191,204,395
209551,10,7,2,18,31,23,23,49,46,41,54,95
209551,10,7,5,121,119,29,31,240,60,150,150,300
209551,11,8,1,111,120,39,61,231,100,150,181,331
209551,11,8,2,23,28,8,17,51,25,31,45,76
209551,11,8,5,88,92,31,44,180,75,119,136,255
209551,12,9,1,30,49,19,35,79,54,49,84,133
209551,12,9,2,5,13,10,12,18,22,15,25,40
209551,12,9,5,25,36,9,23,61,32,34,59,93
209551,13,10,1,3,2,2,0,5,2,5,2,7
209551,13,10,2,1,2,2,0,3,2,3,2,5
209551,13,10,5,2,0,0,0,2,0,2,0,2
209551,14,11,1,1,2,0,0,3,0,1,2,3
209551,14,11,2,0,1,0,0,1,0,0,1,1
209551,14,11,5,1,1,0,0,2,0,1,1,2
209612,1,412,1,1105,2450,73,180,3555,253,1178,2630,3808
209612,1,112,2,611,1076,27,44,1687,71,638,1120,1758
209612,1,312,5,494,1374,46,136,1868,182,540,1510,2050
209612,2,999,1,698,1499,26,29,2197,55,724,1528,2252
209612,2,999,2,574,982,23,13,1556,36,597,995,1592
209612,2,999,5,124,517,3,16,641,19,127,533,660
209612,3,1,1,11,12,3,5,23,8,14,17,31
209612,3,1,2,11,12,3,5,23,8,14,17,31
209612,4,2,1,254,426,2,0,680,2,256,426,682
209612,4,2,2,254,426,2,0,680,2,256,426,682
209612,5,3,1,255,472,5,4,727,9,260,476,736
209612,5,3,2,252,436,5,3,688,8,257,439,696
209612,5,3,5,3,36,0,1,39,1,3,37,40
209612,6,4,1,178,589,16,20,767,36,194,609,803
209612,6,4,2,57,108,13,5,165,18,70,113,183
209612,6,4,5,121,481,3,15,602,18,124,496,620
209612,7,999,1,407,951,47,151,1358,198,454,1102,1556
209612,7,999,2,37,94,4,31,131,35,41,125,166
209612,7,999,5,370,857,43,120,1227,163,413,977,1390
209612,8,5,1,238,598,14,49,836,63,252,647,899
209612,8,5,2,20,48,2,13,68,15,22,61,83
209612,8,5,5,218,550,12,36,768,48,230,586,816
209612,9,6,1,104,181,7,30,285,37,111,211,322
209612,9,6,2,11,20,0,9,31,9,11,29,40
209612,9,6,5,93,161,7,21,254,28,100,182,282
209612,10,7,1,39,74,10,25,113,35,49,99,148
209612,10,7,2,3,13,1,6,16,7,4,19,23
209612,10,7,5,36,61,9,19,97,28,45,80,125
209612,11,8,1,20,63,9,33,83,42,29,96,125
209612,11,8,2,3,9,1,3,12,4,4,12,16
209612,11,8,5,17,54,8,30,71,38,25,84,109
209612,12,9,1,5,27,7,14,32,21,12,41,53
209612,12,9,2,0,4,0,0,4,0,0,4,4
209612,12,9,5,5,23,7,14,28,21,12,37,49
209612,13,10,1,1,8,0,0,9,0,1,8,9
209612,13,10,5,1,8,0,0,9,0,1,8,9
209807,1,412,1,6278,8789,3742,4831,15067,8573,10020,13620,23640
209807,1,112,2,5447,7305,2749,3155,12752,5904,8196,10460,18656
209807,1,312,5,831,1484,993,1676,2315,2669,1824,3160,4984
209807,2,999,1,3631,5599,1539,1967,9230,3506,5170,7566,12736
209807,2,999,2,3486,5318,1490,1847,8804,3337,4976,7165,12141
209807,2,999,5,145,281,49,120,426,169,194,401,595
209807,3,1,1,6,7,367,587,13,954,373,594,967
209807,3,1,2,6,7,367,587,13,954,373,594,967
209807,4,2,1,714,1258,433,476,1972,909,1147,1734,2881
209807,4,2,2,713,1257,433,476,1970,909,1146,1733,2879
209807,4,2,5,1,1,0,0,2,0,1,1,2
209807,5,3,1,1266,2123,182,223,3389,405,1448,2346,3794
209807,5,3,2,1264,2116,181,219,3380,400,1445,2335,3780
209807,5,3,5,2,7,1,4,9,5,3,11,14
209807,6,4,1,1645,2211,557,681,3856,1238,2202,2892,5094
209807,6,4,2,1503,1938,509,565,3441,1074,2012,2503,4515
209807,6,4,5,142,273,48,116,415,164,190,389,579
209807,7,999,1,2647,3190,2203,2861,5837,5064,4850,6051,10901
209807,7,999,2,1961,1987,1259,1305,3948,2564,3220,3292,6512
209807,7,999,5,686,1203,944,1556,1889,2500,1630,2759,4389
209807,8,5,1,1363,1654,781,970,3017,1751,2144,2624,4768
209807,8,5,2,1094,1089,539,553,2183,1092,1633,1642,3275
209807,8,5,5,269,565,242,417,834,659,511,982,1493
209807,9,6,1,715,750,559,624,1465,1183,1274,1374,2648
209807,9,6,2,504,445,311,282,949,593,815,727,1542
209807,9,6,5,211,305,248,342,516,590,459,647,1106
209807,10,7,1,313,380,374,439,693,813,687,819,1506
209807,10,7,2,200,214,191,177,414,368,391,391,782
209807,10,7,5,113,166,183,262,279,445,296,428,724
209807,11,8,1,203,313,321,558,516,879,524,871,1395
209807,11,8,2,129,181,144,196,310,340,273,377,650
209807,11,8,5,74,132,177,362,206,539,251,494,745
209807,12,9,1,47,89,135,259,136,394,182,348,530
209807,12,9,2,30,56,57,91,86,148,87,147,234
209807,12,9,5,17,33,78,168,50,246,95,201,296
209807,13,10,1,6,4,33,11,10,44,39,15,54
209807,13,10,2,4,2,17,6,6,23,21,8,29
209807,13,10,5,2,2,16,5,4,21,18,7,25
209807,14,11,1,0,0,0,3,0,3,0,3,3
209807,14,11,2,0,0,0,3,0,3,0,3,3
209825,1,412,1,1379,2189,151,280,3568,431,1530,2469,3999
209825,1,112,2,1329,2127,42,61,3456,103,1371,2188,3559
209825,1,312,5,50,62,109,219,112,328,159,281,440
209825,2,999,1,1335,2144,52,111,3479,163,1387,2255,3642
209825,2,999,2,1310,2120,38,61,3430,99,1348,2181,3529
209825,2,999,5,25,24,14,50,49,64,39,74,113
209825,3,1,1,1,5,0,0,6,0,1,5,6
209825,3,1,2,1,5,0,0,6,0,1,5,6
209825,4,2,1,404,822,9,13,1226,22,413,835,1248
209825,4,2,2,404,822,9,13,1226,22,413,835,1248
209825,5,3,1,653,1035,10,32,1688,42,663,1067,1730
209825,5,3,2,652,1035,10,32,1687,42,662,1067,1729
209825,5,3,5,1,0,0,0,1,0,1,0,1
209825,6,4,1,277,282,33,66,559,99,310,348,658
209825,6,4,2,253,258,19,16,511,35,272,274,546
209825,6,4,5,24,24,14,50,48,64,38,74,112
209825,7,999,1,43,45,99,169,88,268,142,214,356
209825,7,999,2,19,7,4,0,26,4,23,7,30
209825,7,999,5,24,38,95,169,62,264,119,207,326
209825,8,5,1,23,24,29,52,47,81,52,76,128
209825,8,5,2,10,5,1,0,15,1,11,5,16
209825,8,5,5,13,19,28,52,32,80,41,71,112
209825,9,6,1,9,8,23,17,17,40,32,25,57
209825,9,6,2,3,0,2,0,3,2,5,0,5
209825,9,6,5,6,8,21,17,14,38,27,25,52
209825,10,7,1,6,6,18,31,12,49,24,37,61
209825,10,7,2,3,1,0,0,4,0,3,1,4
209825,10,7,5,3,5,18,31,8,49,21,36,57
209825,11,8,1,5,3,18,48,8,66,23,51,74
209825,11,8,2,3,1,0,0,4,0,3,1,4
209825,11,8,5,2,2,18,48,4,66,20,50,70
209825,12,9,1,0,3,11,21,3,32,11,24,35
209825,12,9,2,0,0,1,0,0,1,1,0,1
209825,12,9,5,0,3,10,21,3,31,10,24,34
209825,13,10,1,0,1,0,0,1,0,0,1,1
209825,13,10,5,0,1,0,0,1,0,0,1,1
209825,14,11,1,1,0,0,0,1,0,1,0,1
209825,14,11,5,1,0,0,0,1,0,1,0,1
209922,1,412,1,623,715,24,23,1338,47,647,738,1385
209922,1,112,2,623,715,14,14,1338,28,637,729,1366
209922,1,312,5,0,0,10,9,0,19,10,9,19
209922,2,999,1,619,710,15,13,1329,28,634,723,1357
209922,2,999,2,619,710,14,13,1329,27,633,723,1356
209922,2,999,5,0,0,1,0,0,1,1,0,1
209922,3,1,1,8,29,9,7,37,16,17,36,53
209922,3,1,2,8,29,9,7,37,16,17,36,53
209922,4,2,1,299,353,0,1,652,1,299,354,653
209922,4,2,2,299,353,0,1,652,1,299,354,653
209922,5,3,1,241,279,1,4,520,5,242,283,525
209922,5,3,2,241,279,1,4,520,5,242,283,525
209922,6,4,1,71,49,5,1,120,6,76,50,126
209922,6,4,2,71,49,4,1,120,5,75,50,125
209922,6,4,5,0,0,1,0,0,1,1,0,1
209922,7,999,1,4,5,9,10,9,19,13,15,28
209922,7,999,2,4,5,0,1,9,1,4,6,10
209922,7,999,5,0,0,9,9,0,18,9,9,18
209922,8,5,1,3,4,0,2,7,2,3,6,9
209922,8,5,2,3,4,0,0,7,0,3,4,7
209922,8,5,5,0,0,0,2,0,2,0,2,2
209922,9,6,1,1,1,0,1,2,1,1,2,3
209922,9,6,2,1,1,0,1,2,1,1,2,3
209922,10,7,1,0,0,1,1,0,2,1,1,2
209922,10,7,5,0,0,1,1,0,2,1,1,2
209922,11,8,1,0,0,1,0,0,1,1,0,1
209922,11,8,5,0,0,1,0,0,1,1,0,1
209922,12,9,1,0,0,4,4,0,8,4,4,8
209922,12,9,5,0,0,4,4,0,8,4,4,8
209922,13,10,1,0,0,3,2,0,5,3,2,5
209922,13,10,5,0,0,3,2,0,5,3,2,5
210155,1,412,1,339,470,231,497,809,728,570,967,1537
210155,1,112,2,339,470,231,497,809,728,570,967,1537
210155,2,999,1,288,381,179,317,669,496,467,698,1165
210155,2,999,2,288,381,179,317,669,496,467,698,1165
210155,3,1,1,26,38,90,151,64,241,116,189,305
210155,3,1,2,26,38,90,151,64,241,116,189,305
210155,4,2,1,193,261,38,66,454,104,231,327,558
210155,4,2,2,193,261,38,66,454,104,231,327,558
210155,5,3,1,47,41,33,44,88,77,80,85,165
210155,5,3,2,47,41,33,44,88,77,80,85,165
210155,6,4,1,22,41,18,56,63,74,40,97,137
210155,6,4,2,22,41,18,56,63,74,40,97,137
210155,7,999,1,51,89,52,179,140,231,103,268,371
210155,7,999,2,51,89,52,179,140,231,103,268,371
210155,8,5,1,17,39,22,73,56,95,39,112,151
210155,8,5,2,17,39,22,73,56,95,39,112,151
210155,9,6,1,14,20,12,26,34,38,26,46,72
210155,9,6,2,14,20,12,26,34,38,26,46,72
210155,10,7,1,6,7,6,24,13,30,12,31,43
210155,10,7,2,6,7,6,24,13,30,12,31,43
210155,11,8,1,9,18,10,37,27,47,19,55,74
210155,11,8,2,9,18,10,37,27,47,19,55,74
210155,12,9,1,5,4,2,18,9,20,7,22,29
210155,12,9,2,5,4,2,18,9,20,7,22,29
210155,13,10,1,0,1,0,1,1,1,0,2,2
210155,13,10,2,0,1,0,1,1,1,0,2,2
210155,14,11,1,0,0,0,1,0,1,0,1,1
210155,14,11,2,0,0,0,1,0,1,0,1,1
210234,1,412,1,353,406,265,446,759,711,618,852,1470
210234,1,112,2,353,406,265,446,759,711,618,852,1470
210234,2,999,1,270,305,169,238,575,407,439,543,982
210234,2,999,2,270,305,169,238,575,407,439,543,982
210234,3,1,1,1,3,43,97,4,140,44,100,144
210234,3,1,2,1,3,43,97,4,140,44,100,144
210234,4,2,1,153,203,37,53,356,90,190,256,446
210234,4,2,2,153,203,37,53,356,90,190,256,446
210234,5,3,1,98,67,55,53,165,108,153,120,273
210234,5,3,2,98,67,55,53,165,108,153,120,273
210234,6,4,1,18,32,34,35,50,69,52,67,119
210234,6,4,2,18,32,34,35,50,69,52,67,119
210234,7,999,1,83,101,96,208,184,304,179,309,488
210234,7,999,2,83,101,96,208,184,304,179,309,488
210234,8,5,1,37,36,29,61,73,90,66,97,163
210234,8,5,2,37,36,29,61,73,90,66,97,163
210234,9,6,1,21,27,25,46,48,71,46,73,119
210234,9,6,2,21,27,25,46,48,71,46,73,119
210234,10,7,1,12,15,17,39,27,56,29,54,83
210234,10,7,2,12,15,17,39,27,56,29,54,83
210234,11,8,1,11,15,15,36,26,51,26,51,77
210234,11,8,2,11,15,15,36,26,51,26,51,77
210234,12,9,1,2,8,7,23,10,30,9,31,40
210234,12,9,2,2,8,7,23,10,30,9,31,40
210234,13,10,1,0,0,3,3,0,6,3,3,6
210234,13,10,2,0,0,3,3,0,6,3,3,6
210270,1,412,1,320,464,493,863,784,1356,813,1327,2140
210270,1,112,2,320,464,493,863,784,1356,813,1327,2140
210270,2,999,1,244,322,150,292,566,442,394,614,1008
210270,2,999,2,244,322,150,292,566,442,394,614,1008
210270,3,1,1,12,22,20,55,34,75,32,77,109
210270,3,1,2,12,22,20,55,34,75,32,77,109
210270,4,2,1,150,210,35,76,360,111,185,286,471
210270,4,2,2,150,210,35,76,360,111,185,286,471
210270,5,3,1,56,59,52,73,115,125,108,132,240
210270,5,3,2,56,59,52,73,115,125,108,132,240
210270,6,4,1,26,31,43,88,57,131,69,119,188
210270,6,4,2,26,31,43,88,57,131,69,119,188
210270,7,999,1,76,142,343,571,218,914,419,713,1132
210270,7,999,2,76,142,343,571,218,914,419,713,1132
210270,8,5,1,29,54,96,149,83,245,125,203,328
210270,8,5,2,29,54,96,149,83,245,125,203,328
210270,9,6,1,18,39,78,123,57,201,96,162,258
210270,9,6,2,18,39,78,123,57,201,96,162,258
210270,10,7,1,14,15,68,98,29,166,82,113,195
210270,10,7,2,14,15,68,98,29,166,82,113,195
210270,11,8,1,11,22,78,126,33,204,89,148,237
210270,11,8,2,11,22,78,126,33,204,89,148,237
210270,12,9,1,4,12,21,70,16,91,25,82,107
210270,12,9,2,4,12,21,70,16,91,25,82,107
210270,13,10,1,0,0,2,5,0,7,2,5,7
210270,13,10,2,0,0,2,5,0,7,2,5,7
210401,1,412,1,804,996,28,38,1800,66,832,1034,1866
210401,1,112,2,535,729,20,18,1264,38,555,747,1302
210401,1,312,5,269,267,8,20,536,28,277,287,564
210401,2,999,1,614,817,19,16,1431,35,633,833,1466
210401,2,999,2,526,723,18,15,1249,33,544,738,1282
210401,2,999,5,88,94,1,1,182,2,89,95,184
210401,3,1,1,3,9,2,2,12,4,5,11,16
210401,3,1,2,2,9,2,2,11,4,4,11,15
210401,3,1,5,1,0,0,0,1,0,1,0,1
210401,4,2,1,247,332,3,5,579,8,250,337,587
210401,4,2,2,247,332,3,5,579,8,250,337,587
210401,5,3,1,249,368,4,6,617,10,253,374,627
210401,5,3,2,235,348,4,6,583,10,239,354,593
210401,5,3,5,14,20,0,0,34,0,14,20,34
210401,6,4,1,115,108,10,3,223,13,125,111,236
210401,6,4,2,42,34,9,2,76,11,51,36,87
210401,6,4,5,73,74,1,1,147,2,74,75,149
210401,7,999,1,190,179,9,22,369,31,199,201,400
210401,7,999,2,9,6,2,3,15,5,11,9,20
210401,7,999,5,181,173,7,19,354,26,188,192,380
210401,8,5,1,94,82,5,7,176,12,99,89,188
210401,8,5,2,4,1,0,1,5,1,4,2,6
210401,8,5,5,90,81,5,6,171,11,95,87,182
210401,9,6,1,55,45,1,4,100,5,56,49,105
210401,9,6,2,3,2,0,1,5,1,3,3,6
210401,9,6,5,52,43,1,3,95,4,53,46,99
210401,10,7,1,23,18,1,4,41,5,24,22,46
210401,10,7,2,1,1,1,1,2,2,2,2,4
210401,10,7,5,22,17,0,3,39,3,22,20,42
210401,11,8,1,10,26,1,3,36,4,11,29,40
210401,11,8,2,1,2,1,0,3,1,2,2,4
210401,11,8,5,9,24,0,3,33,3,9,27,36
210401,12,9,1,8,8,1,4,16,5,9,12,21
210401,12,9,5,8,8,1,4,16,5,9,12,21
210429,1,412,1,1301,2402,312,539,3703,851,1613,2941,4554
210429,1,112,2,1198,2223,223,364,3421,587,1421,2587,4008
210429,1,312,5,103,179,89,175,282,264,192,354,546
210429,2,999,1,1060,2057,167,311,3117,478,1227,2368,3595
210429,2,999,2,1041,2017,151,269,3058,420,1192,2286,3478
210429,2,999,5,19,40,16,42,59,58,35,82,117
210429,3,1,1,6,15,1,1,21,2,7,16,23
210429,3,1,2,6,15,1,1,21,2,7,16,23
210429,4,2,1,343,758,35,54,1101,89,378,812,1190
210429,4,2,2,343,758,35,54,1101,89,378,812,1190
210429,5,3,1,409,847,40,90,1256,130,449,937,1386
210429,5,3,2,408,844,40,90,1252,130,448,934,1382
210429,5,3,5,1,3,0,0,4,0,1,3,4
210429,6,4,1,302,437,91,166,739,257,393,603,996
210429,6,4,2,284,400,75,124,684,199,359,524,883
210429,6,4,5,18,37,16,42,55,58,34,79,113
210429,7,999,1,241,345,145,228,586,373,386,573,959
210429,7,999,2,157,206,72,95,363,167,229,301,530
210429,7,999,5,84,139,73,133,223,206,157,272,429
210429,8,5,1,128,170,47,82,298,129,175,252,427
210429,8,5,2,94,119,33,39,213,72,127,158,285
210429,8,5,5,34,51,14,43,85,57,48,94,142
210429,9,6,1,56,73,38,49,129,87,94,122,216
210429,9,6,2,40,39,19,19,79,38,59,58,117
210429,9,6,5,16,34,19,30,50,49,35,64,99
210429,10,7,1,27,38,21,28,65,49,48,66,114
210429,10,7,2,15,21,8,15,36,23,23,36,59
210429,10,7,5,12,17,13,13,29,26,25,30,55
210429,11,8,1,22,39,25,35,61,60,47,74,121
210429,11,8,2,7,17,7,9,24,16,14,26,40
210429,11,8,5,15,22,18,26,37,44,33,48,81
210429,12,9,1,8,23,13,32,31,45,21,55,76
210429,12,9,2,1,9,4,13,10,17,5,22,27
210429,12,9,5,7,14,9,19,21,28,16,33,49
210429,13,10,1,0,2,1,2,2,3,1,4,5
210429,13,10,2,0,1,1,0,1,1,1,1,2
210429,13,10,5,0,1,0,2,1,2,0,3,3
210508,1,412,1,11,13,0,0,24,0,11,13,24
210508,1,312,5,11,13,0,0,24,0,11,13,24
210508,2,999,1,3,1,0,0,4,0,3,1,4
210508,2,999,5,3,1,0,0,4,0,3,1,4
210508,6,4,1,3,1,0,0,4,0,3,1,4
210508,6,4,5,3,1,0,0,4,0,3,1,4
210508,7,999,1,8,12,0,0,20,0,8,12,20
210508,7,999,5,8,12,0,0,20,0,8,12,20
210508,8,5,1,8,11,0,0,19,0,8,11,19
210508,8,5,5,8,11,0,0,19,0,8,11,19
210508,9,6,1,0,1,0,0,1,0,0,1,1
210508,9,6,5,0,1,0,0,1,0,0,1,1
210605,1,412,1,2008,2309,3840,5060,4317,8900,5848,7369,13217
210605,1,112,2,2008,2309,3840,5060,4317,8900,5848,7369,13217
210605,2,999,1,1543,1767,2185,2662,3310,4847,3728,4429,8157
210605,2,999,2,1543,1767,2185,2662,3310,4847,3728,4429,8157
210605,3,1,1,414,480,520,644,894,1164,934,1124,2058
210605,3,1,2,414,480,520,644,894,1164,934,1124,2058
210605,4,2,1,661,742,570,672,1403,1242,1231,1414,2645
210605,4,2,2,661,742,570,672,1403,1242,1231,1414,2645
210605,5,3,1,260,298,554,669,558,1223,814,967,1781
210605,5,3,2,260,298,554,669,558,1223,814,967,1781
210605,6,4,1,208,247,541,677,455,1218,749,924,1673
210605,6,4,2,208,247,541,677,455,1218,749,924,1673
210605,7,999,1,464,542,1650,2395,1006,4045,2114,2937,5051
210605,7,999,2,464,542,1650,2395,1006,4045,2114,2937,5051
210605,8,5,1,242,241,651,909,483,1560,893,1150,2043
210605,8,5,2,242,241,651,909,483,1560,893,1150,2043
210605,9,6,1,93,125,410,604,218,1014,503,729,1232
210605,9,6,2,93,125,410,604,218,1014,503,729,1232
210605,10,7,1,62,75,238,330,137,568,300,405,705
210605,10,7,2,62,75,238,330,137,568,300,405,705
210605,11,8,1,51,74,217,357,125,574,268,431,699
210605,11,8,2,51,74,217,357,125,574,268,431,699
210605,12,9,1,16,27,110,177,43,287,126,204,330
210605,12,9,2,16,27,110,177,43,287,126,204,330
210605,13,10,1,0,0,24,18,0,42,24,18,42
210605,13,10,2,0,0,24,18,0,42,24,18,42
210605,14,11,1,1,0,5,3,1,8,6,3,9
210605,14,11,2,1,0,5,3,1,8,6,3,9
210669,1,412,1,699,901,29,38,1600,67,728,939,1667
210669,1,112,2,699,901,29,38,1600,67,728,939,1667
210669,2,999,1,694,898,26,29,1592,55,720,927,1647
210669,2,999,2,694,898,26,29,1592,55,720,927,1647
210669,3,1,1,10,16,20,20,26,40,30,36,66
210669,3,1,2,10,16,20,20,26,40,30,36,66
210669,4,2,1,322,434,2,4,756,6,324,438,762
210669,4,2,2,322,434,2,4,756,6,324,438,762
210669,5,3,1,304,411,0,1,715,1,304,412,716
210669,5,3,2,304,411,0,1,715,1,304,412,716
210669,6,4,1,58,37,4,4,95,8,62,41,103
210669,6,4,2,58,37,4,4,95,8,62,41,103
210669,7,999,1,5,3,1,8,8,9,6,11,17
210669,7,999,2,5,3,1,8,8,9,6,11,17
210669,8,5,1,4,2,0,3,6,3,4,5,9
210669,8,5,2,4,2,0,3,6,3,4,5,9
210669,9,6,1,0,0,0,1,0,1,0,1,1
210669,9,6,2,0,0,0,1,0,1,0,1,1
210669,10,7,1,1,1,0,1,2,1,1,2,3
210669,10,7,2,1,1,0,1,2,1,1,2,3
210669,11,8,1,0,0,1,2,0,3,1,2,3
210669,11,8,2,0,0,1,2,0,3,1,2,3
210669,12,9,1,0,0,0,1,0,1,0,1,1
210669,12,9,2,0,0,0,1,0,1,0,1,1
210669,14,11,1,0,0,2,1,0,3,2,1,3
210669,14,11,2,0,0,2,1,0,3,2,1,3
210739,1,412,1,878,1499,303,622,2377,925,1181,2121,3302
210739,1,112,2,755,1175,130,338,1930,468,885,1513,2398
210739,1,312,5,123,324,173,284,447,457,296,608,904
210739,2,999,1,767,1239,34,82,2006,116,801,1321,2122
210739,2,999,2,716,1074,23,59,1790,82,739,1133,1872
210739,2,999,5,51,165,11,23,216,34,62,188,250
210739,3,1,1,4,33,2,10,37,12,6,43,49
210739,3,1,2,4,33,2,10,37,12,6,43,49
210739,4,2,1,319,512,2,4,831,6,321,516,837
210739,4,2,2,319,512,2,4,831,6,321,516,837
210739,5,3,1,325,445,4,19,770,23,329,464,793
210739,5,3,2,323,441,2,16,764,18,325,457,782
210739,5,3,5,2,4,2,3,6,5,4,7,11
210739,6,4,1,119,249,26,49,368,75,145,298,443
210739,6,4,2,70,88,17,29,158,46,87,117,204
210739,6,4,5,49,161,9,20,210,29,58,181,239
210739,7,999,1,111,258,267,525,369,792,378,783,1161
210739,7,999,2,39,100,106,266,139,372,145,366,511
210739,7,999,5,72,158,161,259,230,420,233,417,650
210739,8,5,1,57,115,65,131,172,196,122,246,368
210739,8,5,2,16,47,21,61,63,82,37,108,145
210739,8,5,5,41,68,44,70,109,114,85,138,223
210739,9,6,1,25,59,51,111,84,162,76,170,246
210739,9,6,2,10,21,20,56,31,76,30,77,107
210739,9,6,5,15,38,31,55,53,86,46,93,139
210739,10,7,1,12,30,47,87,42,134,59,117,176
210739,10,7,2,4,13,15,49,17,64,19,62,81
210739,10,7,5,8,17,32,38,25,70,40,55,95
210739,11,8,1,10,40,66,126,50,192,76,166,242
210739,11,8,2,5,12,32,65,17,97,37,77,114
210739,11,8,5,5,28,34,61,33,95,39,89,128
210739,12,9,1,6,13,36,67,19,103,42,80,122
210739,12,9,2,3,6,16,34,9,50,19,40,59
210739,12,9,5,3,7,20,33,10,53,23,40,63
210739,13,10,1,1,1,2,3,2,5,3,4,7
210739,13,10,2,1,1,2,1,2,3,3,2,5
210739,13,10,5,0,0,0,2,0,2,0,2,2
210739,14,11,1,0,2,2,15,2,17,2,17,19
210739,14,11,2,0,1,1,13,1,14,1,14,15
210739,14,11,5,0,1,1,2,1,3,1,3,4
210775,1,412,1,652,1260,153,495,1912,648,805,1755,2560
210775,1,112,2,577,1078,76,314,1655,390,653,1392,2045
210775,1,312,5,75,182,77,181,257,258,152,363,515
210775,2,999,1,578,1041,26,105,1619,131,604,1146,1750
210775,2,999,2,542,963,21,89,1505,110,563,1052,1615
210775,2,999,5,36,78,5,16,114,21,41,94,135
210775,3,1,1,0,5,0,0,5,0,0,5,5
210775,3,1,2,0,5,0,0,5,0,0,5,5
210775,4,2,1,269,459,4,19,728,23,273,478,751
210775,4,2,2,269,459,4,19,728,23,273,478,751
210775,5,3,1,225,383,5,24,608,29,230,407,637
210775,5,3,2,225,381,5,24,606,29,230,405,635
210775,5,3,5,0,2,0,0,2,0,0,2,2
210775,6,4,1,84,194,17,62,278,79,101,256,357
210775,6,4,2,48,118,12,46,166,58,60,164,224
210775,6,4,5,36,76,5,16,112,21,41,92,133
210775,7,999,1,74,219,127,390,293,517,201,609,810
210775,7,999,2,35,115,55,225,150,280,90,340,430
210775,7,999,5,39,104,72,165,143,237,111,269,380
210775,8,5,1,32,97,32,91,129,123,64,188,252
210775,8,5,2,13,45,15,57,58,72,28,102,130
210775,8,5,5,19,52,17,34,71,51,36,86,122
210775,9,6,1,10,36,29,85,46,114,39,121,160
210775,9,6,2,7,19,13,57,26,70,20,76,96
210775,9,6,5,3,17,16,28,20,44,19,45,64
210775,10,7,1,8,33,16,56,41,72,24,89,113
210775,10,7,2,5,25,7,34,30,41,12,59,71
210775,10,7,5,3,8,9,22,11,31,12,30,42
210775,11,8,1,15,33,31,100,48,131,46,133,179
210775,11,8,2,8,16,11,49,24,60,19,65,84
210775,11,8,5,7,17,20,51,24,71,27,68,95
210775,12,9,1,8,19,19,52,27,71,27,71,98
210775,12,9,2,1,9,9,24,10,33,10,33,43
210775,12,9,5,7,10,10,28,17,38,17,38,55
210775,13,10,1,1,1,0,6,2,6,1,7,8
210775,13,10,2,1,1,0,4,2,4,1,5,6
210775,13,10,5,0,0,0,2,0,2,0,2,2
211088,1,412,1,702,1543,247,808,2245,1055,949,2351,3300
211088,1,112,2,587,1182,65,180,1769,245,652,1362,2014
211088,1,312,5,115,361,182,628,476,810,297,989,1286
211088,2,999,1,627,1394,72,245,2021,317,699,1639,2338
211088,2,999,2,577,1164,51,149,1741,200,628,1313,1941
211088,2,999,5,50,230,21,96,280,117,71,326,397
211088,3,1,1,11,20,24,103,31,127,35,123,158
211088,3,1,2,11,20,24,103,31,127,35,123,158
211088,4,2,1,264,570,18,25,834,43,282,595,877
211088,4,2,2,264,570,18,25,834,43,282,595,877
211088,5,3,1,254,527,6,9,781,15,260,536,796
211088,5,3,2,252,518,6,8,770,14,258,526,784
211088,5,3,5,2,9,0,1,11,1,2,10,12
211088,6,4,1,98,277,24,108,375,132,122,385,507
211088,6,4,2,50,56,3,13,106,16,53,69,122
211088,6,4,5,48,221,21,95,269,116,69,316,385
211088,7,999,1,75,149,175,563,224,738,250,712,962
211088,7,999,2,10,18,14,31,28,45,24,49,73
211088,7,999,5,65,131,161,532,196,693,226,663,889
211088,8,5,1,54,119,74,183,173,257,128,302,430
211088,8,5,2,8,12,5,10,20,15,13,22,35
211088,8,5,5,46,107,69,173,153,242,115,280,395
211088,9,6,1,13,19,28,112,32,140,41,131,172
211088,9,6,2,1,3,5,5,4,10,6,8,14
211088,9,6,5,12,16,23,107,28,130,35,123,158
211088,10,7,1,2,3,18,72,5,90,20,75,95
211088,10,7,2,0,0,0,5,0,5,0,5,5
211088,10,7,5,2,3,18,67,5,85,20,70,90
211088,11,8,1,5,5,35,114,10,149,40,119,159
211088,11,8,2,1,2,1,4,3,5,2,6,8
211088,11,8,5,4,3,34,110,7,144,38,113,151
211088,12,9,1,1,2,17,73,3,90,18,75,93
211088,12,9,2,0,1,0,4,1,4,0,5,5
211088,12,9,5,1,1,17,69,2,86,18,70,88
211088,13,10,1,0,1,3,9,1,12,3,10,13
211088,13,10,2,0,0,3,3,0,6,3,3,6
211088,13,10,5,0,1,0,6,1,6,0,7,7
211130,1,412,1,83,48,56,36,131,92,139,84,223
211130,1,312,5,83,48,56,36,131,92,139,84,223
211130,2,999,1,1,3,0,0,4,0,1,3,4
211130,2,999,5,1,3,0,0,4,0,1,3,4
211130,6,4,1,1,3,0,0,4,0,1,3,4
211130,6,4,5,1,3,0,0,4,0,1,3,4
211130,7,999,1,82,45,55,36,127,91,137,81,218
211130,7,999,5,82,45,55,36,127,91,137,81,218
211130,8,5,1,6,7,2,3,13,5,8,10,18
211130,8,5,5,6,7,2,3,13,5,8,10,18
211130,9,6,1,24,8,11,4,32,15,35,12,47
211130,9,6,5,24,8,11,4,32,15,35,12,47
211130,10,7,1,23,7,11,5,30,16,34,12,46
211130,10,7,5,23,7,11,5,30,16,34,12,46
211130,11,8,1,16,15,16,5,31,21,32,20,52
211130,11,8,5,16,15,16,5,31,21,32,20,52
211130,12,9,1,12,6,12,15,18,27,24,21,45
211130,12,9,5,12,6,12,15,18,27,24,21,45
211130,13,10,1,1,2,3,4,3,7,4,6,10
211130,13,10,5,1,2,3,4,3,7,4,6,10
211130,14,11,1,0,0,1,0,0,1,1,0,1
211130,14,11,5,0,0,1,0,0,1,1,0,1
211158,1,412,1,2864,4403,431,729,7267,1160,3295,5132,8427
211158,1,112,2,2777,4162,327,465,6939,792,3104,4627,7731
211158,1,312,5,87,241,104,264,328,368,191,505,696
211158,2,999,1,2724,4230,251,367,6954,618,2975,4597,7572
211158,2,999,2,2677,4070,232,322,6747,554,2909,4392,7301
211158,2,999,5,47,160,19,45,207,64,66,205,271
211158,3,1,1,61,125,68,110,186,178,129,235,364
211158,3,1,2,61,125,68,110,186,178,129,235,364
211158,4,2,1,1094,1932,31,33,3026,64,1125,1965,3090
211158,4,2,2,1094,1932,31,33,3026,64,1125,1965,3090
211158,5,3,1,1120,1672,47,83,2792,130,1167,1755,2922
211158,5,3,2,1117,1656,47,83,2773,130,1164,1739,2903
211158,5,3,5,3,16,0,0,19,0,3,16,19
211158,6,4,1,449,501,105,141,950,246,554,642,1196
211158,6,4,2,405,357,86,96,762,182,491,453,944
211158,6,4,5,44,144,19,45,188,64,63,189,252
211158,7,999,1,140,173,180,362,313,542,320,535,855
211158,7,999,2,100,92,95,143,192,238,195,235,430
211158,7,999,5,40,81,85,219,121,304,125,300,425
211158,8,5,1,89,92,67,138,181,205,156,230,386
211158,8,5,2,70,45,36,50,115,86,106,95,201
211158,8,5,5,19,47,31,88,66,119,50,135,185
211158,9,6,1,29,39,42,78,68,120,71,117,188
211158,9,6,2,19,24,20,30,43,50,39,54,93
211158,9,6,5,10,15,22,48,25,70,32,63,95
211158,10,7,1,11,21,28,49,32,77,39,70,109
211158,10,7,2,4,11,11,23,15,34,15,34,49
211158,10,7,5,7,10,17,26,17,43,24,36,60
211158,11,8,1,10,12,25,68,22,93,35,80,115
211158,11,8,2,6,7,16,27,13,43,22,34,56
211158,11,8,5,4,5,9,41,9,50,13,46,59
211158,12,9,1,1,8,15,29,9,44,16,37,53
211158,12,9,2,1,4,9,13,5,22,10,17,27
211158,12,9,5,0,4,6,16,4,22,6,20,26
211158,13,10,1,0,1,3,0,1,3,3,1,4
211158,13,10,2,0,1,3,0,1,3,3,1,4
211291,1,412,1,1770,1945,2,9,3715,11,1772,1954,3726
211291,1,112,2,1760,1926,2,7,3686,9,1762,1933,3695
211291,1,312,5,10,19,0,2,29,2,10,21,31
211291,2,999,1,1755,1925,2,8,3680,10,1757,1933,3690
211291,2,999,2,1748,1917,2,7,3665,9,1750,1924,3674
211291,2,999,5,7,8,0,1,15,1,7,9,16
211291,3,1,1,23,50,1,7,73,8,24,57,81
211291,3,1,2,23,50,1,7,73,8,24,57,81
211291,4,2,1,823,962,1,0,1785,1,824,962,1786
211291,4,2,2,823,962,1,0,1785,1,824,962,1786
211291,5,3,1,803,870,0,1,1673,1,803,871,1674
211291,5,3,2,803,869,0,0,1672,0,803,869,1672
211291,5,3,5,0,1,0,1,1,1,0,2,2
211291,6,4,1,106,43,0,0,149,0,106,43,149
211291,6,4,2,99,36,0,0,135,0,99,36,135
211291,6,4,5,7,7,0,0,14,0,7,7,14
211291,7,999,1,15,20,0,1,35,1,15,21,36
211291,7,999,2,12,9,0,0,21,0,12,9,21
211291,7,999,5,3,11,0,1,14,1,3,12,15
211291,8,5,1,9,12,0,1,21,1,9,13,22
211291,8,5,2,8,6,0,0,14,0,8,6,14
211291,8,5,5,1,6,0,1,7,1,1,7,8
211291,9,6,1,3,3,0,0,6,0,3,3,6
211291,9,6,2,1,1,0,0,2,0,1,1,2
211291,9,6,5,2,2,0,0,4,0,2,2,4
211291,10,7,1,0,4,0,0,4,0,0,4,4
211291,10,7,2,0,2,0,0,2,0,0,2,2
211291,10,7,5,0,2,0,0,2,0,0,2,2
211291,11,8,1,1,1,0,0,2,0,1,1,2
211291,11,8,2,1,0,0,0,1,0,1,0,1
211291,11,8,5,0,1,0,0,1,0,0,1,1
211291,12,9,1,2,0,0,0,2,0,2,0,2
211291,12,9,2,2,0,0,0,2,0,2,0,2
211307,1,412,1,1165,1339,1612,2872,2504,4484,2777,4211,6988
211307,1,112,2,1165,1339,1612,2872,2504,4484,2777,4211,6988
211307,2,999,1,1066,1169,1136,1639,2235,2775,2202,2808,5010
211307,2,999,2,1066,1169,1136,1639,2235,2775,2202,2808,5010
211307,3,1,1,10,11,114,219,21,333,124,230,354
211307,3,1,2,10,11,114,219,21,333,124,230,354
211307,4,2,1,617,742,381,454,1359,835,998,1196,2194
211307,4,2,2,617,742,381,454,1359,835,998,1196,2194
211307,5,3,1,321,297,383,465,618,848,704,762,1466
211307,5,3,2,321,297,383,465,618,848,704,762,1466
211307,6,4,1,118,119,258,501,237,759,376,620,996
211307,6,4,2,118,119,258,501,237,759,376,620,996
211307,7,999,1,99,170,476,1233,269,1709,575,1403,1978
211307,7,999,2,99,170,476,1233,269,1709,575,1403,1978
211307,8,5,1,61,81,207,481,142,688,268,562,830
211307,8,5,2,61,81,207,481,142,688,268,562,830
211307,9,6,1,18,48,101,304,66,405,119,352,471
211307,9,6,2,18,48,101,304,66,405,119,352,471
211307,10,7,1,8,16,55,174,24,229,63,190,253
211307,10,7,2,8,16,55,174,24,229,63,190,253
211307,11,8,1,10,18,65,146,28,211,75,164,239
211307,11,8,2,10,18,65,146,28,211,75,164,239
211307,12,9,1,2,7,34,116,9,150,36,123,159
211307,12,9,2,2,7,34,116,9,150,36,123,159
211307,13,10,1,0,0,14,12,0,26,14,12,26
211307,13,10,2,0,0,14,12,0,26,14,12,26
211334,1,412,1,0,29,0,0,29,0,0,29,29
211334,1,112,2,0,29,0,0,29,0,0,29,29
211334,2,999,1,0,19,0,0,19,0,0,19,19
211334,2,999,2,0,19,0,0,19,0,0,19,19
211334,3,1,1,0,3,0,0,3,0,0,3,3
211334,3,1,2,0,3,0,0,3,0,0,3,3
211334,4,2,1,0,11,0,0,11,0,0,11,11
211334,4,2,2,0,11,0,0,11,0,0,11,11
211334,5,3,1,0,2,0,0,2,0,0,2,2
211334,5,3,2,0,2,0,0,2,0,0,2,2
211334,6,4,1,0,3,0,0,3,0,0,3,3
211334,6,4,2,0,3,0,0,3,0,0,3,3
211334,7,999,1,0,10,0,0,10,0,0,10,10
211334,7,999,2,0,10,0,0,10,0,0,10,10
211334,8,5,1,0,4,0,0,4,0,0,4,4
211334,8,5,2,0,4,0,0,4,0,0,4,4
211334,9,6,1,0,3,0,0,3,0,0,3,3
211334,9,6,2,0,3,0,0,3,0,0,3,3
211334,11,8,1,0,2,0,0,2,0,0,2,2
211334,11,8,2,0,2,0,0,2,0,0,2,2
211334,12,9,1,0,1,0,0,1,0,0,1,1
211334,12,9,2,0,1,0,0,1,0,0,1,1
211343,1,412,1,442,671,670,1201,1113,1871,1112,1872,2984
211343,1,112,2,442,671,670,1201,1113,1871,1112,1872,2984
211343,2,999,1,401,574,503,825,975,1328,904,1399,2303
211343,2,999,2,401,574,503,825,975,1328,904,1399,2303
211343,3,1,1,5,8,189,328,13,517,194,336,530
211343,3,1,2,5,8,189,328,13,517,194,336,530
211343,4,2,1,237,377,131,176,614,307,368,553,921
211343,4,2,2,237,377,131,176,614,307,368,553,921
211343,5,3,1,125,143,114,179,268,293,239,322,561
211343,5,3,2,125,143,114,179,268,293,239,322,561
211343,6,4,1,34,46,69,142,80,211,103,188,291
211343,6,4,2,34,46,69,142,80,211,103,188,291
211343,7,999,1,41,97,167,376,138,543,208,473,681
211343,7,999,2,41,97,167,376,138,543,208,473,681
211343,8,5,1,19,38,56,115,57,171,75,153,228
211343,8,5,2,19,38,56,115,57,171,75,153,228
211343,9,6,1,8,25,46,91,33,137,54,116,170
211343,9,6,2,8,25,46,91,33,137,54,116,170
211343,10,7,1,7,9,28,55,16,83,35,64,99
211343,10,7,2,7,9,28,55,16,83,35,64,99
211343,11,8,1,3,12,22,83,15,105,25,95,120
211343,11,8,2,3,12,22,83,15,105,25,95,120
211343,12,9,1,4,13,11,28,17,39,15,41,56
211343,12,9,2,4,13,11,28,17,39,15,41,56
211343,13,10,1,0,0,4,4,0,8,4,4,8
211343,13,10,2,0,0,4,4,0,8,4,4,8
211361,1,412,1,1912,2719,844,1410,4631,2254,2756,4129,6885
211361,1,112,2,1697,2166,393,529,3863,922,2090,2695,4785
211361,1,312,5,215,553,451,881,768,1332,666,1434,2100
211361,2,999,1,1544,2169,209,368,3713,577,1753,2537,4290
211361,2,999,2,1467,1900,166,220,3367,386,1633,2120,3753
211361,2,999,5,77,269,43,148,346,191,120,417,537
211361,3,1,1,5,15,13,25,20,38,18,40,58
211361,3,1,2,5,15,13,25,20,38,18,40,58
211361,4,2,1,588,843,18,38,1431,56,606,881,1487
211361,4,2,2,588,843,18,38,1431,56,606,881,1487
211361,5,3,1,601,769,44,49,1370,93,645,818,1463
211361,5,3,2,599,761,44,47,1360,91,643,808,1451
211361,5,3,5,2,8,0,2,10,2,2,10,12
211361,6,4,1,350,542,134,256,892,390,484,798,1282
211361,6,4,2,275,281,91,110,556,201,366,391,757
211361,6,4,5,75,261,43,146,336,189,118,407,525
211361,7,999,1,368,550,635,1042,918,1677,1003,1592,2595
211361,7,999,2,230,266,227,309,496,536,457,575,1032
211361,7,999,5,138,284,408,733,422,1141,546,1017,1563
211361,8,5,1,178,266,173,356,444,529,351,622,973
211361,8,5,2,111,121,76,101,232,177,187,222,409
211361,8,5,5,67,145,97,255,212,352,164,400,564
211361,9,6,1,85,117,150,197,202,347,235,314,549
211361,9,6,2,56,61,63,70,117,133,119,131,250
211361,9,6,5,29,56,87,127,85,214,116,183,299
211361,10,7,1,45,57,109,146,102,255,154,203,357
211361,10,7,2,27,33,30,38,60,68,57,71,128
211361,10,7,5,18,24,79,108,42,187,97,132,229
211361,11,8,1,45,74,130,222,119,352,175,296,471
211361,11,8,2,30,29,36,62,59,98,66,91,157
211361,11,8,5,15,45,94,160,60,254,109,205,314
211361,12,9,1,14,35,58,105,49,163,72,140,212
211361,12,9,2,6,22,14,27,28,41,20,49,69
211361,12,9,5,8,13,44,78,21,122,52,91,143
211361,13,10,1,1,1,15,16,2,31,16,17,33
211361,13,10,2,0,0,8,11,0,19,8,11,19
211361,13,10,5,1,1,7,5,2,12,8,6,14
211431,1,412,1,202,1012,87,675,1214,762,289,1687,1976
211431,1,112,2,173,836,26,242,1009,268,199,1078,1277
211431,1,312,5,29,176,61,433,205,494,90,609,699
211431,2,999,1,164,789,13,100,953,113,177,889,1066
211431,2,999,2,152,720,6,42,872,48,158,762,920
211431,2,999,5,12,69,7,58,81,65,19,127,146
211431,3,1,1,2,4,0,0,6,0,2,4,6
211431,3,1,2,2,4,0,0,6,0,2,4,6
211431,4,2,1,56,274,0,1,330,1,56,275,331
211431,4,2,2,56,274,0,1,330,1,56,275,331
211431,5,3,1,63,310,1,8,373,9,64,318,382
211431,5,3,2,62,309,1,8,371,9,63,317,380
211431,5,3,5,1,1,0,0,2,0,1,1,2
211431,6,4,1,43,201,12,91,244,103,55,292,347
211431,6,4,2,32,133,5,33,165,38,37,166,203
211431,6,4,5,11,68,7,58,79,65,18,126,144
211431,7,999,1,38,223,74,575,261,649,112,798,910
211431,7,999,2,21,116,20,200,137,220,41,316,357
211431,7,999,5,17,107,54,375,124,429,71,482,553
211431,8,5,1,14,125,32,191,139,223,46,316,362
211431,8,5,2,9,63,12,52,72,64,21,115,136
211431,8,5,5,5,62,20,139,67,159,25,201,226
211431,9,6,1,9,27,12,112,36,124,21,139,160
211431,9,6,2,5,20,3,40,25,43,8,60,68
211431,9,6,5,4,7,9,72,11,81,13,79,92
211431,10,7,1,6,27,15,81,33,96,21,108,129
211431,10,7,2,2,15,2,32,17,34,4,47,51
211431,10,7,5,4,12,13,49,16,62,17,61,78
211431,11,8,1,8,33,11,120,41,131,19,153,172
211431,11,8,2,4,15,3,57,19,60,7,72,79
211431,11,8,5,4,18,8,63,22,71,12,81,93
211431,12,9,1,1,11,4,66,12,70,5,77,82
211431,12,9,2,1,3,0,17,4,17,1,20,21
211431,12,9,5,0,8,4,49,8,53,4,57,61
211431,13,10,1,0,0,0,5,0,5,0,5,5
211431,13,10,2,0,0,0,2,0,2,0,2,2
211431,13,10,5,0,0,0,3,0,3,0,3,3
211440,1,412,1,6933,5387,750,449,12320,1199,7683,5836,13519
211440,1,112,2,3176,3165,160,121,6341,281,3336,3286,6622
211440,1,312,5,3757,2222,590,328,5979,918,4347,2550,6897
211440,2,999,1,4995,4353,229,168,9348,397,5224,4521,9745
211440,2,999,2,3160,3164,119,84,6324,203,3279,3248,6527
211440,2,999,5,1835,1189,110,84,3024,194,1945,1273,3218
211440,3,1,1,60,96,4,1,156,5,64,97,161
211440,3,1,2,59,96,4,1,155,5,63,97,160
211440,3,1,5,1,0,0,0,1,0,1,0,1
211440,4,2,1,1438,1510,9,6,2948,15,1447,1516,2963
211440,4,2,2,1438,1509,9,6,2947,15,1447,1515,2962
211440,4,2,5,0,1,0,0,1,0,0,1,1
211440,5,3,1,1462,1440,67,52,2902,119,1529,1492,3021
211440,5,3,2,1387,1392,60,48,2779,108,1447,1440,2887
211440,5,3,5,75,48,7,4,123,11,82,52,134
211440,6,4,1,2035,1307,149,109,3342,258,2184,1416,3600
211440,6,4,2,276,167,46,29,443,75,322,196,518
211440,6,4,5,1759,1140,103,80,2899,183,1862,1220,3082
211440,7,999,1,1938,1034,521,281,2972,802,2459,1315,3774
211440,7,999,2,16,1,41,37,17,78,57,38,95
211440,7,999,5,1922,1033,480,244,2955,724,2402,1277,3679
211440,8,5,1,1442,832,214,141,2274,355,1656,973,2629
211440,8,5,2,13,1,20,19,14,39,33,20,53
211440,8,5,5,1429,831,194,122,2260,316,1623,953,2576
211440,9,6,1,397,156,127,72,553,199,524,228,752
211440,9,6,2,3,0,12,8,3,20,15,8,23
211440,9,6,5,394,156,115,64,550,179,509,220,729
211440,10,7,1,63,33,83,20,96,103,146,53,199
211440,10,7,2,0,0,4,3,0,7,4,3,7
211440,10,7,5,63,33,79,17,96,96,142,50,192
211440,11,8,1,33,12,69,37,45,106,102,49,151
211440,11,8,2,0,0,3,4,0,7,3,4,7
211440,11,8,5,33,12,66,33,45,99,99,45,144
211440,12,9,1,2,1,26,11,3,37,28,12,40
211440,12,9,2,0,0,1,3,0,4,1,3,4
211440,12,9,5,2,1,25,8,3,33,27,9,36
211440,13,10,1,1,0,2,0,1,2,3,0,3
211440,13,10,2,0,0,1,0,0,1,1,0,1
211440,13,10,5,1,0,1,0,1,1,2,0,2
211468,1,412,1,70,855,53,455,925,508,123,1310,1433
211468,1,112,2,48,767,23,250,815,273,71,1017,1088
211468,1,312,5,22,88,30,205,110,235,52,293,345
211468,2,999,1,29,758,5,79,787,84,34,837,871
211468,2,999,2,29,716,3,49,745,52,32,765,797
211468,2,999,5,0,42,2,30,42,32,2,72,74
211468,3,1,1,0,2,0,1,2,1,0,3,3
211468,3,1,2,0,2,0,1,2,1,0,3,3
211468,4,2,1,5,283,0,2,288,2,5,285,290
211468,4,2,2,5,283,0,2,288,2,5,285,290
211468,5,3,1,13,325,1,10,338,11,14,335,349
211468,5,3,2,13,325,1,10,338,11,14,335,349
211468,6,4,1,11,148,4,66,159,70,15,214,229
211468,6,4,2,11,106,2,36,117,38,13,142,155
211468,6,4,5,0,42,2,30,42,32,2,72,74
211468,7,999,1,41,97,48,375,138,423,89,472,561
211468,7,999,2,19,51,20,201,70,221,39,252,291
211468,7,999,5,22,46,28,174,68,202,50,220,270
211468,8,5,1,23,48,14,130,71,144,37,178,215
211468,8,5,2,12,23,6,61,35,67,18,84,102
211468,8,5,5,11,25,8,69,36,77,19,94,113
211468,9,6,1,9,21,12,88,30,100,21,109,130
211468,9,6,2,1,13,6,48,14,54,7,61,68
211468,9,6,5,8,8,6,40,16,46,14,48,62
211468,10,7,1,8,10,10,44,18,54,18,54,72
211468,10,7,2,6,7,2,33,13,35,8,40,48
211468,10,7,5,2,3,8,11,5,19,10,14,24
211468,11,8,1,1,14,6,69,15,75,7,83,90
211468,11,8,2,0,5,2,33,5,35,2,38,40
211468,11,8,5,1,9,4,36,10,40,5,45,50
211468,12,9,1,0,4,4,43,4,47,4,47,51
211468,12,9,2,0,3,3,26,3,29,3,29,32
211468,12,9,5,0,1,1,17,1,18,1,18,19
211468,13,10,1,0,0,2,1,0,3,2,1,3
211468,13,10,2,0,0,1,0,0,1,1,0,1
211468,13,10,5,0,0,1,1,0,2,1,1,2
211468,14,11,1,0,0,0,1,0,1,0,1,1
211468,14,11,5,0,0,0,1,0,1,0,1,1
211477,1,412,1,105,123,214,521,228,735,319,644,963
211477,1,112,2,103,122,209,507,225,716,312,629,941
211477,1,312,5,2,1,5,14,3,19,7,15,22
211477,2,999,1,56,68,86,197,124,283,142,265,407
211477,2,999,2,55,68,86,190,123,276,141,258,399
211477,2,999,5,1,0,0,7,1,7,1,7,8
211477,3,1,1,0,1,6,7,1,13,6,8,14
211477,3,1,2,0,1,6,7,1,13,6,8,14
211477,4,2,1,29,35,30,55,64,85,59,90,149
211477,4,2,2,29,35,30,50,64,80,59,85,144
211477,4,2,5,0,0,0,5,0,5,0,5,5
211477,5,3,1,14,14,24,60,28,84,38,74,112
211477,5,3,2,14,14,24,59,28,83,38,73,111
211477,5,3,5,0,0,0,1,0,1,0,1,1
211477,6,4,1,13,18,26,75,31,101,39,93,132
211477,6,4,2,12,18,26,74,30,100,38,92,130
211477,6,4,5,1,0,0,1,1,1,1,1,2
211477,7,999,1,49,55,128,324,104,452,177,379,556
211477,7,999,2,48,54,123,317,102,440,171,371,542
211477,7,999,5,1,1,5,7,2,12,6,8,14
211477,8,5,1,25,28,49,122,53,171,74,150,224
211477,8,5,2,25,28,46,120,53,166,71,148,219
211477,8,5,5,0,0,3,2,0,5,3,2,5
211477,9,6,1,12,15,35,72,27,107,47,87,134
211477,9,6,2,11,14,35,71,25,106,46,85,131
211477,9,6,5,1,1,0,1,2,1,1,2,3
211477,10,7,1,6,3,22,67,9,89,28,70,98
211477,10,7,2,6,3,22,65,9,87,28,68,96
211477,10,7,5,0,0,0,2,0,2,0,2,2
211477,11,8,1,4,4,14,44,8,58,18,48,66
211477,11,8,2,4,4,12,42,8,54,16,46,62
211477,11,8,5,0,0,2,2,0,4,2,2,4
211477,12,9,1,2,5,8,19,7,27,10,24,34
211477,12,9,2,2,5,8,19,7,27,10,24,34
211556,1,412,1,449,1325,109,470,1774,579,558,1795,2353
211556,1,112,2,308,763,58,229,1071,287,366,992,1358
211556,1,312,5,141,562,51,241,703,292,192,803,995
211556,2,999,1,356,1040,28,102,1396,130,384,1142,1526
211556,2,999,2,294,742,24,87,1036,111,318,829,1147
211556,2,999,5,62,298,4,15,360,19,66,313,379
211556,3,1,1,1,8,1,0,9,1,2,8,10
211556,3,1,2,1,8,1,0,9,1,2,8,10
211556,4,2,1,101,335,2,19,436,21,103,354,457
211556,4,2,2,101,335,2,19,436,21,103,354,457
211556,5,3,1,137,332,4,24,469,28,141,356,497
211556,5,3,2,133,318,4,24,451,28,137,342,479
211556,5,3,5,4,14,0,0,18,0,4,14,18
211556,6,4,1,117,365,21,59,482,80,138,424,562
211556,6,4,2,59,81,17,44,140,61,76,125,201
211556,6,4,5,58,284,4,15,342,19,62,299,361
211556,7,999,1,93,285,81,368,378,449,174,653,827
211556,7,999,2,14,21,34,142,35,176,48,163,211
211556,7,999,5,79,264,47,226,343,273,126,490,616
211556,8,5,1,61,156,33,136,217,169,94,292,386
211556,8,5,2,7,14,15,79,21,94,22,93,115
211556,8,5,5,54,142,18,57,196,75,72,199,271
211556,9,6,1,20,50,19,59,70,78,39,109,148
211556,9,6,2,5,4,9,24,9,33,14,28,42
211556,9,6,5,15,46,10,35,61,45,25,81,106
211556,10,7,1,9,27,15,47,36,62,24,74,98
211556,10,7,2,2,3,8,21,5,29,10,24,34
211556,10,7,5,7,24,7,26,31,33,14,50,64
211556,11,8,1,0,34,9,74,34,83,9,108,117
211556,11,8,2,0,0,1,12,0,13,1,12,13
211556,11,8,5,0,34,8,62,34,70,8,96,104
211556,12,9,1,3,18,5,51,21,56,8,69,77
211556,12,9,2,0,0,1,6,0,7,1,6,7
211556,12,9,5,3,18,4,45,21,49,7,63,70
211556,13,10,1,0,0,0,1,0,1,0,1,1
211556,13,10,5,0,0,0,1,0,1,0,1,1
211608,1,412,1,210,349,24,40,559,64,234,389,623
211608,1,112,2,210,349,24,40,559,64,234,389,623
211608,2,999,1,202,322,19,29,524,48,221,351,572
211608,2,999,2,202,322,19,29,524,48,221,351,572
211608,3,1,1,5,14,1,2,19,3,6,16,22
211608,3,1,2,5,14,1,2,19,3,6,16,22
211608,4,2,1,105,195,7,9,300,16,112,204,316
211608,4,2,2,105,195,7,9,300,16,112,204,316
211608,5,3,1,60,83,5,4,143,9,65,87,152
211608,5,3,2,60,83,5,4,143,9,65,87,152
211608,6,4,1,32,30,6,14,62,20,38,44,82
211608,6,4,2,32,30,6,14,62,20,38,44,82
211608,7,999,1,8,27,5,11,35,16,13,38,51
211608,7,999,2,8,27,5,11,35,16,13,38,51
211608,8,5,1,7,17,2,2,24,4,9,19,28
211608,8,5,2,7,17,2,2,24,4,9,19,28
211608,9,6,1,0,4,1,2,4,3,1,6,7
211608,9,6,2,0,4,1,2,4,3,1,6,7
211608,10,7,1,1,1,0,1,2,1,1,2,3
211608,10,7,2,1,1,0,1,2,1,1,2,3
211608,11,8,1,0,2,1,2,2,3,1,4,5
211608,11,8,2,0,2,1,2,2,3,1,4,5
211608,12,9,1,0,2,1,4,2,5,1,6,7
211608,12,9,2,0,2,1,4,2,5,1,6,7
211608,13,10,1,0,1,0,0,1,0,0,1,1
211608,13,10,2,0,1,0,0,1,0,0,1,1
211644,1,412,1,967,2130,327,1041,3097,1368,1294,3171,4465
211644,1,112,2,941,1948,185,513,2889,698,1126,2461,3587
211644,1,312,5,26,182,142,528,208,670,168,710,878
211644,2,999,1,876,1905,99,282,2781,381,975,2187,3162
211644,2,999,2,866,1795,83,211,2661,294,949,2006,2955
211644,2,999,5,10,110,16,71,120,87,26,181,207
211644,3,1,1,0,11,6,32,11,38,6,43,49
211644,3,1,2,0,11,6,32,11,38,6,43,49
211644,4,2,1,367,820,14,50,1187,64,381,870,1251
211644,4,2,2,367,820,14,50,1187,64,381,870,1251
211644,5,3,1,351,747,37,52,1098,89,388,799,1187
211644,5,3,2,350,740,36,52,1090,88,386,792,1178
211644,5,3,5,1,7,1,0,8,1,2,7,9
211644,6,4,1,158,327,42,148,485,190,200,475,675
211644,6,4,2,149,224,27,77,373,104,176,301,477
211644,6,4,5,9,103,15,71,112,86,24,174,198
211644,7,999,1,91,225,228,759,316,987,319,984,1303
211644,7,999,2,75,153,102,302,228,404,177,455,632
211644,7,999,5,16,72,126,457,88,583,142,529,671
211644,8,5,1,42,96,89,253,138,342,131,349,480
211644,8,5,2,35,61,42,101,96,143,77,162,239
211644,8,5,5,7,35,47,152,42,199,54,187,241
211644,9,6,1,23,58,45,162,81,207,68,220,288
211644,9,6,2,19,43,14,56,62,70,33,99,132
211644,9,6,5,4,15,31,106,19,137,35,121,156
211644,10,7,1,12,27,36,117,39,153,48,144,192
211644,10,7,2,10,19,16,49,29,65,26,68,94
211644,10,7,5,2,8,20,68,10,88,22,76,98
211644,11,8,1,9,31,36,155,40,191,45,186,231
211644,11,8,2,7,22,19,73,29,92,26,95,121
211644,11,8,5,2,9,17,82,11,99,19,91,110
211644,12,9,1,4,12,21,70,16,91,25,82,107
211644,12,9,2,3,8,11,22,11,33,14,30,44
211644,12,9,5,1,4,10,48,5,58,11,52,63
211644,13,10,1,1,1,1,2,2,3,2,3,5
211644,13,10,2,1,0,0,1,1,1,1,1,2
211644,13,10,5,0,1,1,1,1,2,1,2,3
211927,1,412,1,1107,1371,2588,4923,2478,7511,3695,6294,9989
211927,1,112,2,1107,1371,2588,4923,2478,7511,3695,6294,9989
211927,2,999,1,923,1017,1753,2519,1940,4272,2676,3536,6212
211927,2,999,2,923,1017,1753,2519,1940,4272,2676,3536,6212
211927,3,1,1,19,34,292,531,53,823,311,565,876
211927,3,1,2,19,34,292,531,53,823,311,565,876
211927,4,2,1,453,493,566,653,946,1219,1019,1146,2165
211927,4,2,2,453,493,566,653,946,1219,1019,1146,2165
211927,5,3,1,271,314,489,631,585,1120,760,945,1705
211927,5,3,2,271,314,489,631,585,1120,760,945,1705
211927,6,4,1,180,176,406,704,356,1110,586,880,1466
211927,6,4,2,180,176,406,704,356,1110,586,880,1466
211927,7,999,1,184,354,834,2403,538,3237,1018,2757,3775
211927,7,999,2,184,354,834,2403,538,3237,1018,2757,3775
211927,8,5,1,99,189,356,863,288,1219,455,1052,1507
211927,8,5,2,99,189,356,863,288,1219,455,1052,1507
211927,9,6,1,43,80,182,614,123,796,225,694,919
211927,9,6,2,43,80,182,614,123,796,225,694,919
211927,10,7,1,22,31,117,357,53,474,139,388,527
211927,10,7,2,22,31,117,357,53,474,139,388,527
211927,11,8,1,15,38,114,402,53,516,129,440,569
211927,11,8,2,15,38,114,402,53,516,129,440,569
211927,12,9,1,5,15,55,161,20,216,60,176,236
211927,12,9,2,5,15,55,161,20,216,60,176,236
211927,13,10,1,0,1,10,6,1,16,10,7,17
211927,13,10,2,0,1,10,6,1,16,10,7,17
211927,14,11,1,0,0,1,1,0,2,1,1,2
211927,14,11,2,0,0,1,1,0,2,1,1,2
212009,1,412,1,745,1092,39,56,1837,95,784,1148,1932
212009,1,112,2,745,1092,39,56,1837,95,784,1148,1932
212009,2,999,1,742,1092,39,49,1834,88,781,1141,1922
212009,2,999,2,742,1092,39,49,1834,88,781,1141,1922
212009,3,1,1,13,31,5,5,44,10,18,36,54
212009,3,1,2,13,31,5,5,44,10,18,36,54
212009,4,2,1,295,505,8,9,800,17,303,514,817
212009,4,2,2,295,505,8,9,800,17,303,514,817
212009,5,3,1,365,522,22,30,887,52,387,552,939
212009,5,3,2,365,522,22,30,887,52,387,552,939
212009,6,4,1,69,34,4,5,103,9,73,39,112
212009,6,4,2,69,34,4,5,103,9,73,39,112
212009,7,999,1,3,0,0,7,3,7,3,7,10
212009,7,999,2,3,0,0,7,3,7,3,7,10
212009,8,5,1,2,0,0,0,2,0,2,0,2
212009,8,5,2,2,0,0,0,2,0,2,0,2
212009,9,6,1,0,0,0,2,0,2,0,2,2
212009,9,6,2,0,0,0,2,0,2,0,2,2
212009,10,7,1,1,0,0,0,1,0,1,0,1
212009,10,7,2,1,0,0,0,1,0,1,0,1
212009,11,8,1,0,0,0,3,0,3,0,3,3
212009,11,8,2,0,0,0,3,0,3,0,3,3
212009,12,9,1,0,0,0,2,0,2,0,2,2
212009,12,9,2,0,0,0,2,0,2,0,2,2
212045,1,412,1,45,157,1,4,202,5,46,161,207
212045,1,112,2,45,157,1,4,202,5,46,161,207
212045,2,999,1,27,133,0,0,160,0,27,133,160
212045,2,999,2,27,133,0,0,160,0,27,133,160
212045,4,2,1,9,56,0,0,65,0,9,56,65
212045,4,2,2,9,56,0,0,65,0,9,56,65
212045,5,3,1,13,51,0,0,64,0,13,51,64
212045,5,3,2,13,51,0,0,64,0,13,51,64
212045,6,4,1,5,26,0,0,31,0,5,26,31
212045,6,4,2,5,26,0,0,31,0,5,26,31
212045,7,999,1,18,24,1,4,42,5,19,28,47
212045,7,999,2,18,24,1,4,42,5,19,28,47
212045,8,5,1,5,9,1,2,14,3,6,11,17
212045,8,5,2,5,9,1,2,14,3,6,11,17
212045,9,6,1,4,5,0,1,9,1,4,6,10
212045,9,6,2,4,5,0,1,9,1,4,6,10
212045,10,7,1,2,1,0,1,3,1,2,2,4
212045,10,7,2,2,1,0,1,3,1,2,2,4
212045,11,8,1,5,7,0,0,12,0,5,7,12
212045,11,8,2,5,7,0,0,12,0,5,7,12
212045,12,9,1,2,2,0,0,4,0,2,2,4
212045,12,9,2,2,2,0,0,4,0,2,2,4
212054,1,412,1,8807,8682,1951,4149,17489,6100,10758,12831,23589
212054,1,112,2,7006,6150,540,920,13156,1460,7546,7070,14616
212054,1,312,5,1801,2532,1411,3229,4333,4640,3212,5761,8973
212054,2,999,1,7273,6899,382,533,14172,915,7655,7432,15087
212054,2,999,2,6689,5852,262,245,12541,507,6951,6097,13048
212054,2,999,5,584,1047,120,288,1631,408,704,1335,2039
212054,3,1,1,13,17,13,5,30,18,26,22,48
212054,3,1,2,13,17,13,5,30,18,26,22,48
212054,4,2,1,2088,2037,38,28,4125,66,2126,2065,4191
212054,4,2,2,2086,2035,38,28,4121,66,2124,2063,4187
212054,4,2,5,2,2,0,0,4,0,2,2,4
212054,5,3,1,3059,2769,65,63,5828,128,3124,2832,5956
212054,5,3,2,3035,2724,62,62,5759,124,3097,2786,5883
212054,5,3,5,24,45,3,1,69,4,27,46,73
212054,6,4,1,2113,2076,266,437,4189,703,2379,2513,4892
212054,6,4,2,1555,1076,149,150,2631,299,1704,1226,2930
212054,6,4,5,558,1000,117,287,1558,404,675,1287,1962
212054,7,999,1,1531,1783,1569,3616,3314,5185,3100,5399,8499
212054,7,999,2,314,298,278,675,612,953,592,973,1565
212054,7,999,5,1217,1485,1291,2941,2702,4232,2508,4426,6934
212054,8,5,1,1075,1306,493,1111,2381,1604,1568,2417,3985
212054,8,5,2,206,198,103,179,404,282,309,377,686
212054,8,5,5,869,1108,390,932,1977,1322,1259,2040,3299
212054,9,6,1,291,320,399,785,611,1184,690,1105,1795
212054,9,6,2,66,59,71,142,125,213,137,201,338
212054,9,6,5,225,261,328,643,486,971,553,904,1457
212054,10,7,1,107,82,256,609,189,865,363,691,1054
212054,10,7,2,28,15,43,115,43,158,71,130,201
212054,10,7,5,79,67,213,494,146,707,292,561,853
212054,11,8,1,42,51,265,748,93,1013,307,799,1106
212054,11,8,2,11,19,46,161,30,207,57,180,237
212054,11,8,5,31,32,219,587,63,806,250,619,869
212054,12,9,1,16,23,148,347,39,495,164,370,534
212054,12,9,2,3,6,15,71,9,86,18,77,95
212054,12,9,5,13,17,133,276,30,409,146,293,439
212054,13,10,1,0,1,8,16,1,24,8,17,25
212054,13,10,2,0,1,0,7,1,7,0,8,8
212054,13,10,5,0,0,8,9,0,17,8,9,17
212054,14,11,1,3,0,0,0,3,0,3,0,3
212054,14,11,2,3,0,0,0,3,0,3,0,3
212106,1,412,1,2914,5447,160,309,8361,469,3074,5756,8830
212106,1,112,2,1874,3418,51,40,5292,91,1925,3458,5383
212106,1,312,5,1040,2029,109,269,3069,378,1149,2298,3447
212106,2,999,1,2298,4396,54,77,6694,131,2352,4473,6825
212106,2,999,2,1809,3351,29,26,5160,55,1838,3377,5215
212106,2,999,5,489,1045,25,51,1534,76,514,1096,1610
212106,3,1,1,6,35,1,2,41,3,7,37,44
212106,3,1,2,6,35,1,2,41,3,7,37,44
212106,4,2,1,718,1459,3,0,2177,3,721,1459,2180
212106,4,2,2,718,1459,3,0,2177,3,721,1459,2180
212106,5,3,1,919,1783,7,8,2702,15,926,1791,2717
212106,5,3,2,856,1600,7,6,2456,13,863,1606,2469
212106,5,3,5,63,183,0,2,246,2,63,185,248
212106,6,4,1,655,1119,43,67,1774,110,698,1186,1884
212106,6,4,2,229,257,18,18,486,36,247,275,522
212106,6,4,5,426,862,25,49,1288,74,451,911,1362
212106,7,999,1,615,1047,106,232,1662,338,721,1279,2000
212106,7,999,2,64,67,22,14,131,36,86,81,167
212106,7,999,5,551,980,84,218,1531,302,635,1198,1833
212106,8,5,1,289,488,41,87,777,128,330,575,905
212106,8,5,2,42,46,6,8,88,14,48,54,102
212106,8,5,5,247,442,35,79,689,114,282,521,803
212106,9,6,1,141,213,19,39,354,58,160,252,412
212106,9,6,2,8,11,2,1,19,3,10,12,22
212106,9,6,5,133,202,17,38,335,55,150,240,390
212106,10,7,1,75,118,14,22,193,36,89,140,229
212106,10,7,2,9,5,3,0,14,3,12,5,17
212106,10,7,5,66,113,11,22,179,33,77,135,212
212106,11,8,1,77,151,15,58,228,73,92,209,301
212106,11,8,2,2,3,3,2,5,5,5,5,10
212106,11,8,5,75,148,12,56,223,68,87,204,291
212106,12,9,1,32,74,13,21,106,34,45,95,140
212106,12,9,2,3,2,5,0,5,5,8,2,10
212106,12,9,5,29,72,8,21,101,29,37,93,130
212106,13,10,1,1,3,4,5,4,9,5,8,13
212106,13,10,2,0,0,3,3,0,6,3,3,6
212106,13,10,5,1,3,1,2,4,3,2,5,7
212106,14,11,1,1,4,0,0,5,0,1,4,5
212106,14,11,2,1,0,0,0,1,0,1,0,1
212106,14,11,5,0,4,0,0,4,0,0,4,4
212115,1,412,1,2018,2754,341,722,4772,1063,2359,3476,5835
212115,1,112,2,1918,2576,196,298,4494,494,2114,2874,4988
212115,1,312,5,100,178,145,424,278,569,245,602,847
212115,2,999,1,1843,2559,151,198,4402,349,1994,2757,4751
212115,2,999,2,1778,2434,129,158,4212,287,1907,2592,4499
212115,2,999,5,65,125,22,40,190,62,87,165,252
212115,3,1,1,33,42,3,7,75,10,36,49,85
212115,3,1,2,33,42,3,7,75,10,36,49,85
212115,4,2,1,694,994,13,20,1688,33,707,1014,1721
212115,4,2,2,694,994,13,20,1688,33,707,1014,1721
212115,5,3,1,715,1023,46,43,1738,89,761,1066,1827
212115,5,3,2,712,1007,46,42,1719,88,758,1049,1807
212115,5,3,5,3,16,0,1,19,1,3,17,20
212115,6,4,1,401,500,89,128,901,217,490,628,1118
212115,6,4,2,339,391,67,89,730,156,406,480,886
212115,6,4,5,62,109,22,39,171,61,84,148,232
212115,7,999,1,172,194,190,524,366,714,362,718,1080
212115,7,999,2,137,141,67,140,278,207,204,281,485
212115,7,999,5,35,53,123,384,88,507,158,437,595
212115,8,5,1,112,124,74,168,236,242,186,292,478
212115,8,5,2,91,94,38,46,185,84,129,140,269
212115,8,5,5,21,30,36,122,51,158,57,152,209
212115,9,6,1,34,34,35,90,68,125,69,124,193
212115,9,6,2,28,23,11,22,51,33,39,45,84
212115,9,6,5,6,11,24,68,17,92,30,79,109
212115,10,7,1,8,19,26,62,27,88,34,81,115
212115,10,7,2,6,12,4,13,18,17,10,25,35
212115,10,7,5,2,7,22,49,9,71,24,56,80
212115,11,8,1,14,12,37,126,26,163,51,138,189
212115,11,8,2,9,9,9,33,18,42,18,42,60
212115,11,8,5,5,3,28,93,8,121,33,96,129
212115,12,9,1,4,5,14,72,9,86,18,77,95
212115,12,9,2,3,3,1,22,6,23,4,25,29
212115,12,9,5,1,2,13,50,3,63,14,52,66
212115,13,10,1,0,0,4,6,0,10,4,6,10
212115,13,10,2,0,0,4,4,0,8,4,4,8
212115,13,10,5,0,0,0,2,0,2,0,2,2
212115,14,11,1,3,1,0,0,4,0,3,1,4
212115,14,11,2,3,1,0,0,4,0,3,1,4
212133,1,412,1,625,1162,524,1193,1787,1717,1149,2355,3504
212133,1,112,2,441,858,158,422,1299,580,599,1280,1879
212133,1,312,5,184,304,366,771,488,1137,550,1075,1625
212133,2,999,1,439,776,70,108,1215,178,509,884,1393
212133,2,999,2,415,712,39,66,1127,105,454,778,1232
212133,2,999,5,24,64,31,42,88,73,55,106,161
212133,3,1,1,0,8,8,13,8,21,8,21,29
212133,3,1,2,0,8,8,13,8,21,8,21,29
212133,4,2,1,186,296,4,10,482,14,190,306,496
212133,4,2,2,186,296,4,10,482,14,190,306,496
212133,5,3,1,164,312,6,13,476,19,170,325,495
212133,5,3,2,164,308,6,12,472,18,170,320,490
212133,5,3,5,0,4,0,1,4,1,0,5,5
212133,6,4,1,89,160,52,72,249,124,141,232,373
212133,6,4,2,65,100,21,31,165,52,86,131,217
212133,6,4,5,24,60,31,41,84,72,55,101,156
212133,7,999,1,186,383,446,1070,569,1516,632,1453,2085
212133,7,999,2,26,143,116,347,169,463,142,490,632
212133,7,999,5,160,240,330,723,400,1053,490,963,1453
212133,8,5,1,31,127,108,251,158,359,139,378,517
212133,8,5,2,11,69,33,78,80,111,44,147,191
212133,8,5,5,20,58,75,173,78,248,95,231,326
212133,9,6,1,40,67,82,187,107,269,122,254,376
212133,9,6,2,7,31,29,64,38,93,36,95,131
212133,9,6,5,33,36,53,123,69,176,86,159,245
212133,10,7,1,33,49,97,185,82,282,130,234,364
212133,10,7,2,4,15,26,66,19,92,30,81,111
212133,10,7,5,29,34,71,119,63,190,100,153,253
212133,11,8,1,53,81,96,270,134,366,149,351,500
212133,11,8,2,4,22,20,85,26,105,24,107,131
212133,11,8,5,49,59,76,185,108,261,125,244,369
212133,12,9,1,26,53,58,169,79,227,84,222,306
212133,12,9,2,0,6,8,51,6,59,8,57,65
212133,12,9,5,26,47,50,118,73,168,76,165,241
212133,13,10,1,3,6,5,8,9,13,8,14,22
212133,13,10,2,0,0,0,3,0,3,0,3,3
212133,13,10,5,3,6,5,5,9,10,8,11,19
212133,14,11,1,0,3,8,15,3,23,8,18,26
212133,14,11,2,0,3,3,9,3,12,3,12,15
212133,14,11,5,0,0,5,6,0,11,5,6,11
212160,1,412,1,1183,2163,271,702,3346,973,1454,2865,4319
212160,1,112,2,1084,1665,170,227,2749,397,1254,1892,3146
212160,1,312,5,99,498,101,475,597,576,200,973,1173
212160,2,999,1,1014,1746,110,198,2760,308,1124,1944,3068
212160,2,999,2,974,1538,102,147,2512,249,1076,1685,2761
212160,2,999,5,40,208,8,51,248,59,48,259,307
212160,3,1,1,5,16,36,69,21,105,41,85,126
212160,3,1,2,5,16,36,69,21,105,41,85,126
212160,4,2,1,388,666,20,16,1054,36,408,682,1090
212160,4,2,2,388,666,20,16,1054,36,408,682,1090
212160,5,3,1,384,646,20,30,1030,50,404,676,1080
212160,5,3,2,384,634,20,30,1018,50,404,664,1068
212160,5,3,5,0,12,0,0,12,0,0,12,12
212160,6,4,1,237,418,34,83,655,117,271,501,772
212160,6,4,2,197,222,26,32,419,58,223,254,477
212160,6,4,5,40,196,8,51,236,59,48,247,295
212160,7,999,1,169,417,161,504,586,665,330,921,1251
212160,7,999,2,110,127,68,80,237,148,178,207,385
212160,7,999,5,59,290,93,424,349,517,152,714,866
212160,8,5,1,88,213,54,183,301,237,142,396,538
212160,8,5,2,66,71,28,32,137,60,94,103,197
212160,8,5,5,22,142,26,151,164,177,48,293,341
212160,9,6,1,38,67,38,102,105,140,76,169,245
212160,9,6,2,24,18,17,6,42,23,41,24,65
212160,9,6,5,14,49,21,96,63,117,35,145,180
212160,10,7,1,16,60,19,81,76,100,35,141,176
212160,10,7,2,4,16,6,16,20,22,10,32,42
212160,10,7,5,12,44,13,65,56,78,25,109,134
212160,11,8,1,20,61,30,101,81,131,50,162,212
212160,11,8,2,12,22,7,20,34,27,19,42,61
212160,11,8,5,8,39,23,81,47,104,31,120,151
212160,12,9,1,6,15,16,36,21,52,22,51,73
212160,12,9,2,3,0,6,6,3,12,9,6,15
212160,12,9,5,3,15,10,30,18,40,13,45,58
212160,13,10,1,1,1,4,1,2,5,5,2,7
212160,13,10,2,1,0,4,0,1,4,5,0,5
212160,13,10,5,0,1,0,1,1,1,0,2,2
212197,1,412,1,599,961,99,222,1560,321,698,1183,1881
212197,1,112,2,592,894,65,137,1486,202,657,1031,1688
212197,1,312,5,7,67,34,85,74,119,41,152,193
212197,2,999,1,586,955,24,65,1541,89,610,1020,1630
212197,2,999,2,580,888,18,31,1468,49,598,919,1517
212197,2,999,5,6,67,6,34,73,40,12,101,113
212197,3,1,1,1,8,7,23,9,30,8,31,39
212197,3,1,2,1,8,7,23,9,30,8,31,39
212197,4,2,1,280,408,4,2,688,6,284,410,694
212197,4,2,2,280,408,4,2,688,6,284,410,694
212197,5,3,1,246,422,3,0,668,3,249,422,671
212197,5,3,2,246,419,3,0,665,3,249,419,668
212197,5,3,5,0,3,0,0,3,0,0,3,3
212197,6,4,1,59,117,10,40,176,50,69,157,226
212197,6,4,2,53,53,4,6,106,10,57,59,116
212197,6,4,5,6,64,6,34,70,40,12,98,110
212197,7,999,1,13,6,75,157,19,232,88,163,251
212197,7,999,2,12,6,47,106,18,153,59,112,171
212197,7,999,5,1,0,28,51,1,79,29,51,80
212197,8,5,1,8,2,16,30,10,46,24,32,56
212197,8,5,2,7,2,13,15,9,28,20,17,37
212197,8,5,5,1,0,3,15,1,18,4,15,19
212197,9,6,1,3,3,21,35,6,56,24,38,62
212197,9,6,2,3,3,12,25,6,37,15,28,43
212197,9,6,5,0,0,9,10,0,19,9,10,19
212197,10,7,1,2,1,16,18,3,34,18,19,37
212197,10,7,2,2,1,12,13,3,25,14,14,28
212197,10,7,5,0,0,4,5,0,9,4,5,9
212197,11,8,1,0,0,13,49,0,62,13,49,62
212197,11,8,2,0,0,5,33,0,38,5,33,38
212197,11,8,5,0,0,8,16,0,24,8,16,24
212197,12,9,1,0,0,8,25,0,33,8,25,33
212197,12,9,2,0,0,5,20,0,25,5,20,25
212197,12,9,5,0,0,3,5,0,8,3,5,8
212197,13,10,1,0,0,1,0,0,1,1,0,1
212197,13,10,5,0,0,1,0,0,1,1,0,1
212230,1,412,1,2,32,0,0,34,0,2,32,34
212230,1,112,2,2,32,0,0,34,0,2,32,34
212230,2,999,1,0,21,0,0,21,0,0,21,21
212230,2,999,2,0,21,0,0,21,0,0,21,21
212230,4,2,1,0,8,0,0,8,0,0,8,8
212230,4,2,2,0,8,0,0,8,0,0,8,8
212230,5,3,1,0,9,0,0,9,0,0,9,9
212230,5,3,2,0,9,0,0,9,0,0,9,9
212230,6,4,1,0,4,0,0,4,0,0,4,4
212230,6,4,2,0,4,0,0,4,0,0,4,4
212230,7,999,1,2,11,0,0,13,0,2,11,13
212230,7,999,2,2,11,0,0,13,0,2,11,13
212230,8,5,1,1,5,0,0,6,0,1,5,6
212230,8,5,2,1,5,0,0,6,0,1,5,6
212230,9,6,1,1,3,0,0,4,0,1,3,4
212230,9,6,2,1,3,0,0,4,0,1,3,4
212230,10,7,1,0,2,0,0,2,0,0,2,2
212230,10,7,2,0,2,0,0,2,0,0,2,2
212230,12,9,1,0,1,0,0,1,0,0,1,1
212230,12,9,2,0,1,0,0,1,0,0,1,1
212267,1,412,1,1,48,1,18,49,19,2,66,68
212267,1,112,2,1,48,1,18,49,19,2,66,68
212267,2,999,1,1,31,1,12,32,13,2,43,45
212267,2,999,2,1,31,1,12,32,13,2,43,45
212267,4,2,1,1,12,0,3,13,3,1,15,16
212267,4,2,2,1,12,0,3,13,3,1,15,16
212267,5,3,1,0,9,1,7,9,8,1,16,17
212267,5,3,2,0,9,1,7,9,8,1,16,17
212267,6,4,1,0,10,0,2,10,2,0,12,12
212267,6,4,2,0,10,0,2,10,2,0,12,12
212267,7,999,1,0,17,0,6,17,6,0,23,23
212267,7,999,2,0,17,0,6,17,6,0,23,23
212267,8,5,1,0,7,0,2,7,2,0,9,9
212267,8,5,2,0,7,0,2,7,2,0,9,9
212267,9,6,1,0,5,0,2,5,2,0,7,7
212267,9,6,2,0,5,0,2,5,2,0,7,7
212267,10,7,1,0,3,0,2,3,2,0,5,5
212267,10,7,2,0,3,0,2,3,2,0,5,5
212267,11,8,1,0,2,0,0,2,0,0,2,2
212267,11,8,2,0,2,0,0,2,0,0,2,2
212276,1,412,1,5,33,0,17,38,17,5,50,55
212276,1,112,2,5,33,0,17,38,17,5,50,55
212276,2,999,1,3,20,0,8,23,8,3,28,31
212276,2,999,2,3,20,0,8,23,8,3,28,31
212276,4,2,1,1,7,0,2,8,2,1,9,10
212276,4,2,2,1,7,0,2,8,2,1,9,10
212276,5,3,1,1,10,0,5,11,5,1,15,16
212276,5,3,2,1,10,0,5,11,5,1,15,16
212276,6,4,1,1,3,0,1,4,1,1,4,5
212276,6,4,2,1,3,0,1,4,1,1,4,5
212276,7,999,1,2,13,0,9,15,9,2,22,24
212276,7,999,2,2,13,0,9,15,9,2,22,24
212276,8,5,1,1,6,0,4,7,4,1,10,11
212276,8,5,2,1,6,0,4,7,4,1,10,11
212276,9,6,1,1,4,0,2,5,2,1,6,7
212276,9,6,2,1,4,0,2,5,2,1,6,7
212276,10,7,1,0,1,0,1,1,1,0,2,2
212276,10,7,2,0,1,0,1,1,1,0,2,2
212276,11,8,1,0,2,0,2,2,2,0,4,4
212276,11,8,2,0,2,0,2,2,2,0,4,4
212294,1,412,1,2,62,0,0,64,0,2,62,64
212294,1,112,2,2,62,0,0,64,0,2,62,64
212294,2,999,1,1,44,0,0,45,0,1,44,45
212294,2,999,2,1,44,0,0,45,0,1,44,45
212294,4,2,1,0,28,0,0,28,0,0,28,28
212294,4,2,2,0,28,0,0,28,0,0,28,28
212294,5,3,1,1,8,0,0,9,0,1,8,9
212294,5,3,2,1,8,0,0,9,0,1,8,9
212294,6,4,1,0,8,0,0,8,0,0,8,8
212294,6,4,2,0,8,0,0,8,0,0,8,8
212294,7,999,1,1,18,0,0,19,0,1,18,19
212294,7,999,2,1,18,0,0,19,0,1,18,19
212294,8,5,1,0,8,0,0,8,0,0,8,8
212294,8,5,2,0,8,0,0,8,0,0,8,8
212294,9,6,1,1,6,0,0,7,0,1,6,7
212294,9,6,2,1,6,0,0,7,0,1,6,7
212294,10,7,1,0,1,0,0,1,0,0,1,1
212294,10,7,2,0,1,0,0,1,0,0,1,1
212294,11,8,1,0,3,0,0,3,0,0,3,3
212294,11,8,2,0,3,0,0,3,0,0,3,3
212300,1,412,1,2,42,0,0,44,0,2,42,44
212300,1,112,2,2,42,0,0,44,0,2,42,44
212300,2,999,1,2,28,0,0,30,0,2,28,30
212300,2,999,2,2,28,0,0,30,0,2,28,30
212300,4,2,1,1,12,0,0,13,0,1,12,13
212300,4,2,2,1,12,0,0,13,0,1,12,13
212300,5,3,1,1,12,0,0,13,0,1,12,13
212300,5,3,2,1,12,0,0,13,0,1,12,13
212300,6,4,1,0,4,0,0,4,0,0,4,4
212300,6,4,2,0,4,0,0,4,0,0,4,4
212300,7,999,1,0,14,0,0,14,0,0,14,14
212300,7,999,2,0,14,0,0,14,0,0,14,14
212300,8,5,1,0,8,0,0,8,0,0,8,8
212300,8,5,2,0,8,0,0,8,0,0,8,8
212300,9,6,1,0,2,0,0,2,0,0,2,2
212300,9,6,2,0,2,0,0,2,0,0,2,2
212300,10,7,1,0,3,0,0,3,0,0,3,3
212300,10,7,2,0,3,0,0,3,0,0,3,3
212300,11,8,1,0,1,0,0,1,0,0,1,1
212300,11,8,2,0,1,0,0,1,0,0,1,1
212328,1,412,1,1,46,1,15,47,16,2,61,63
212328,1,112,2,1,46,1,15,47,16,2,61,63
212328,2,999,1,1,26,1,8,27,9,2,34,36
212328,2,999,2,1,26,1,8,27,9,2,34,36
212328,4,2,1,1,11,0,4,12,4,1,15,16
212328,4,2,2,1,11,0,4,12,4,1,15,16
212328,5,3,1,0,7,0,2,7,2,0,9,9
212328,5,3,2,0,7,0,2,7,2,0,9,9
212328,6,4,1,0,8,1,2,8,3,1,10,11
212328,6,4,2,0,8,1,2,8,3,1,10,11
212328,7,999,1,0,20,0,7,20,7,0,27,27
212328,7,999,2,0,20,0,7,20,7,0,27,27
212328,8,5,1,0,10,0,2,10,2,0,12,12
212328,8,5,2,0,10,0,2,10,2,0,12,12
212328,9,6,1,0,4,0,3,4,3,0,7,7
212328,9,6,2,0,4,0,3,4,3,0,7,7
212328,10,7,1,0,1,0,1,1,1,0,2,2
212328,10,7,2,0,1,0,1,1,1,0,2,2
212328,11,8,1,0,1,0,1,1,1,0,2,2
212328,11,8,2,0,1,0,1,1,1,0,2,2
212328,12,9,1,0,4,0,0,4,0,0,4,4
212328,12,9,2,0,4,0,0,4,0,0,4,4
212337,1,412,1,2,59,2,40,61,42,4,99,103
212337,1,112,2,2,59,2,40,61,42,4,99,103
212337,2,999,1,2,38,1,19,40,20,3,57,60
212337,2,999,2,2,38,1,19,40,20,3,57,60
212337,4,2,1,0,14,1,2,14,3,1,16,17
212337,4,2,2,0,14,1,2,14,3,1,16,17
212337,5,3,1,1,15,0,9,16,9,1,24,25
212337,5,3,2,1,15,0,9,16,9,1,24,25
212337,6,4,1,1,9,0,8,10,8,1,17,18
212337,6,4,2,1,9,0,8,10,8,1,17,18
212337,7,999,1,0,21,1,21,21,22,1,42,43
212337,7,999,2,0,21,1,21,21,22,1,42,43
212337,8,5,1,0,14,1,7,14,8,1,21,22
212337,8,5,2,0,14,1,7,14,8,1,21,22
212337,9,6,1,0,2,0,6,2,6,0,8,8
212337,9,6,2,0,2,0,6,2,6,0,8,8
212337,10,7,1,0,3,0,6,3,6,0,9,9
212337,10,7,2,0,3,0,6,3,6,0,9,9
212337,11,8,1,0,2,0,2,2,2,0,4,4
212337,11,8,2,0,2,0,2,2,2,0,4,4
212355,1,412,1,3,107,0,28,110,28,3,135,138
212355,1,112,2,3,107,0,28,110,28,3,135,138
212355,2,999,1,2,82,0,15,84,15,2,97,99
212355,2,999,2,2,82,0,15,84,15,2,97,99
212355,4,2,1,1,36,0,4,37,4,1,40,41
212355,4,2,2,1,36,0,4,37,4,1,40,41
212355,5,3,1,0,31,0,5,31,5,0,36,36
212355,5,3,2,0,31,0,5,31,5,0,36,36
212355,6,4,1,1,15,0,6,16,6,1,21,22
212355,6,4,2,1,15,0,6,16,6,1,21,22
212355,7,999,1,1,25,0,13,26,13,1,38,39
212355,7,999,2,1,25,0,13,26,13,1,38,39
212355,8,5,1,0,12,0,7,12,7,0,19,19
212355,8,5,2,0,12,0,7,12,7,0,19,19
212355,9,6,1,0,7,0,3,7,3,0,10,10
212355,9,6,2,0,7,0,3,7,3,0,10,10
212355,10,7,1,1,3,0,2,4,2,1,5,6
212355,10,7,2,1,3,0,2,4,2,1,5,6
212355,11,8,1,0,2,0,1,2,1,0,3,3
212355,11,8,2,0,2,0,1,2,1,0,3,3
212355,12,9,1,0,1,0,0,1,0,0,1,1
212355,12,9,2,0,1,0,0,1,0,0,1,1
212382,1,412,1,3,102,2,41,105,43,5,143,148
212382,1,112,2,3,102,2,41,105,43,5,143,148
212382,2,999,1,1,64,0,18,65,18,1,82,83
212382,2,999,2,1,64,0,18,65,18,1,82,83
212382,4,2,1,0,22,0,3,22,3,0,25,25
212382,4,2,2,0,22,0,3,22,3,0,25,25
212382,5,3,1,0,21,0,7,21,7,0,28,28
212382,5,3,2,0,21,0,7,21,7,0,28,28
212382,6,4,1,1,21,0,8,22,8,1,29,30
212382,6,4,2,1,21,0,8,22,8,1,29,30
212382,7,999,1,2,38,2,23,40,25,4,61,65
212382,7,999,2,2,38,2,23,40,25,4,61,65
212382,8,5,1,0,16,1,13,16,14,1,29,30
212382,8,5,2,0,16,1,13,16,14,1,29,30
212382,9,6,1,1,15,1,3,16,4,2,18,20
212382,9,6,2,1,15,1,3,16,4,2,18,20
212382,10,7,1,0,4,0,1,4,1,0,5,5
212382,10,7,2,0,4,0,1,4,1,0,5,5
212382,11,8,1,0,2,0,3,2,3,0,5,5
212382,11,8,2,0,2,0,3,2,3,0,5,5
212382,12,9,1,1,1,0,3,2,3,1,4,5
212382,12,9,2,1,1,0,3,2,3,1,4,5
212391,1,412,1,3,63,1,27,66,28,4,90,94
212391,1,112,2,3,63,1,27,66,28,4,90,94
212391,2,999,1,3,43,1,14,46,15,4,57,61
212391,2,999,2,3,43,1,14,46,15,4,57,61
212391,4,2,1,1,23,0,3,24,3,1,26,27
212391,4,2,2,1,23,0,3,24,3,1,26,27
212391,5,3,1,0,10,0,6,10,6,0,16,16
212391,5,3,2,0,10,0,6,10,6,0,16,16
212391,6,4,1,2,10,1,5,12,6,3,15,18
212391,6,4,2,2,10,1,5,12,6,3,15,18
212391,7,999,1,0,20,0,13,20,13,0,33,33
212391,7,999,2,0,20,0,13,20,13,0,33,33
212391,8,5,1,0,11,0,7,11,7,0,18,18
212391,8,5,2,0,11,0,7,11,7,0,18,18
212391,9,6,1,0,5,0,4,5,4,0,9,9
212391,9,6,2,0,5,0,4,5,4,0,9,9
212391,10,7,1,0,1,0,0,1,0,0,1,1
212391,10,7,2,0,1,0,0,1,0,0,1,1
212391,11,8,1,0,2,0,2,2,2,0,4,4
212391,11,8,2,0,2,0,2,2,2,0,4,4
212391,12,9,1,0,1,0,0,1,0,0,1,1
212391,12,9,2,0,1,0,0,1,0,0,1,1
212577,1,412,1,969,1267,5,13,2236,18,974,1280,2254
212577,1,112,2,969,1267,5,13,2236,18,974,1280,2254
212577,2,999,1,966,1265,5,8,2231,13,971,1273,2244
212577,2,999,2,966,1265,5,8,2231,13,971,1273,2244
212577,3,1,1,0,2,0,0,2,0,0,2,2
212577,3,1,2,0,2,0,0,2,0,0,2,2
212577,4,2,1,316,450,0,0,766,0,316,450,766
212577,4,2,2,316,450,0,0,766,0,316,450,766
212577,5,3,1,449,640,3,5,1089,8,452,645,1097
212577,5,3,2,449,640,3,5,1089,8,452,645,1097
212577,6,4,1,201,173,2,3,374,5,203,176,379
212577,6,4,2,201,173,2,3,374,5,203,176,379
212577,7,999,1,3,2,0,5,5,5,3,7,10
212577,7,999,2,3,2,0,5,5,5,3,7,10
212577,8,5,1,3,2,0,2,5,2,3,4,7
212577,8,5,2,3,2,0,2,5,2,3,4,7
212577,9,6,1,0,0,0,1,0,1,0,1,1
212577,9,6,2,0,0,0,1,0,1,0,1,1
212577,11,8,1,0,0,0,2,0,2,0,2,2
212577,11,8,2,0,0,0,2,0,2,0,2,2
212601,1,412,1,1286,2147,320,498,3433,818,1606,2645,4251
212601,1,112,2,1070,1653,189,296,2723,485,1259,1949,3208
212601,1,312,5,216,494,131,202,710,333,347,696,1043
212601,2,999,1,1140,1934,191,289,3074,480,1331,2223,3554
212601,2,999,2,1012,1602,177,258,2614,435,1189,1860,3049
212601,2,999,5,128,332,14,31,460,45,142,363,505
212601,3,1,1,7,23,142,220,30,362,149,243,392
212601,3,1,2,7,23,142,220,30,362,149,243,392
212601,4,2,1,417,724,24,19,1141,43,441,743,1184
212601,4,2,2,417,724,24,19,1141,43,441,743,1184
212601,5,3,1,461,721,6,8,1182,14,467,729,1196
212601,5,3,2,457,701,6,7,1158,13,463,708,1171
212601,5,3,5,4,20,0,1,24,1,4,21,25
212601,6,4,1,255,466,19,42,721,61,274,508,782
212601,6,4,2,131,154,5,12,285,17,136,166,302
212601,6,4,5,124,312,14,30,436,44,138,342,480
212601,7,999,1,146,213,129,209,359,338,275,422,697
212601,7,999,2,58,51,12,38,109,50,70,89,159
212601,7,999,5,88,162,117,171,250,288,205,333,538
212601,8,5,1,102,154,43,73,256,116,145,227,372
212601,8,5,2,39,27,2,6,66,8,41,33,74
212601,8,5,5,63,127,41,67,190,108,104,194,298
212601,9,6,1,29,38,31,45,67,76,60,83,143
212601,9,6,2,11,17,2,5,28,7,13,22,35
212601,9,6,5,18,21,29,40,39,69,47,61,108
212601,10,7,1,7,13,21,20,20,41,28,33,61
212601,10,7,2,2,4,0,6,6,6,2,10,12
212601,10,7,5,5,9,21,14,14,35,26,23,49
212601,11,8,1,4,7,23,46,11,69,27,53,80
212601,11,8,2,2,3,4,11,5,15,6,14,20
212601,11,8,5,2,4,19,35,6,54,21,39,60
212601,12,9,1,3,1,7,19,4,26,10,20,30
212601,12,9,2,3,0,0,5,3,5,3,5,8
212601,12,9,5,0,1,7,14,1,21,7,15,22
212601,13,10,1,1,0,4,6,1,10,5,6,11
212601,13,10,2,1,0,4,5,1,9,5,5,10
212601,13,10,5,0,0,0,1,0,1,0,1,1
212656,1,412,1,584,534,97,134,1118,231,681,668,1349
212656,1,112,2,564,491,61,85,1055,146,625,576,1201
212656,1,312,5,20,43,36,49,63,85,56,92,148
212656,2,999,1,559,466,58,66,1025,124,617,532,1149
212656,2,999,2,545,447,48,58,992,106,593,505,1098
212656,2,999,5,14,19,10,8,33,18,24,27,51
212656,3,1,1,10,9,37,52,19,89,47,61,108
212656,3,1,2,10,9,37,52,19,89,47,61,108
212656,4,2,1,262,211,4,2,473,6,266,213,479
212656,4,2,2,262,211,4,2,473,6,266,213,479
212656,5,3,1,226,198,0,3,424,3,226,201,427
212656,5,3,2,224,197,0,2,421,2,224,199,423
212656,5,3,5,2,1,0,1,3,1,2,2,4
212656,6,4,1,61,48,17,9,109,26,78,57,135
212656,6,4,2,49,30,7,2,79,9,56,32,88
212656,6,4,5,12,18,10,7,30,17,22,25,47
212656,7,999,1,25,68,39,68,93,107,64,136,200
212656,7,999,2,19,44,13,27,63,40,32,71,103
212656,7,999,5,6,24,26,41,30,67,32,65,97
212656,8,5,1,14,14,12,17,28,29,26,31,57
212656,8,5,2,10,4,1,3,14,4,11,7,18
212656,8,5,5,4,10,11,14,14,25,15,24,39
212656,9,6,1,3,15,3,4,18,7,6,19,25
212656,9,6,2,2,10,1,1,12,2,3,11,14
212656,9,6,5,1,5,2,3,6,5,3,8,11
212656,10,7,1,3,5,5,6,8,11,8,11,19
212656,10,7,2,2,4,1,5,6,6,3,9,12
212656,10,7,5,1,1,4,1,2,5,5,2,7
212656,11,8,1,3,16,7,25,19,32,10,41,51
212656,11,8,2,3,12,2,10,15,12,5,22,27
212656,11,8,5,0,4,5,15,4,20,5,19,24
212656,12,9,1,1,17,11,15,18,26,12,32,44
212656,12,9,2,1,13,7,7,14,14,8,20,28
212656,12,9,5,0,4,4,8,4,12,4,12,16
212656,13,10,1,1,1,1,1,2,2,2,2,4
212656,13,10,2,1,1,1,1,2,2,2,2,4
212674,1,412,1,1189,1307,4,7,2496,11,1193,1314,2507
212674,1,112,2,1189,1307,4,7,2496,11,1193,1314,2507
212674,2,999,1,1188,1305,4,6,2493,10,1192,1311,2503
212674,2,999,2,1188,1305,4,6,2493,10,1192,1311,2503
212674,3,1,1,15,21,0,0,36,0,15,21,36
212674,3,1,2,15,21,0,0,36,0,15,21,36
212674,4,2,1,533,618,0,3,1151,3,533,621,1154
212674,4,2,2,533,618,0,3,1151,3,533,621,1154
212674,5,3,1,557,633,4,2,1190,6,561,635,1196
212674,5,3,2,557,633,4,2,1190,6,561,635,1196
212674,6,4,1,83,33,0,1,116,1,83,34,117
212674,6,4,2,83,33,0,1,116,1,83,34,117
212674,7,999,1,1,2,0,1,3,1,1,3,4
212674,7,999,2,1,2,0,1,3,1,1,3,4
212674,8,5,1,1,1,0,0,2,0,1,1,2
212674,8,5,2,1,1,0,0,2,0,1,1,2
212674,9,6,1,0,1,0,0,1,0,0,1,1
212674,9,6,2,0,1,0,0,1,0,0,1,1
212674,12,9,1,0,0,0,1,0,1,0,1,1
212674,12,9,2,0,0,0,1,0,1,0,1,1
212753,1,412,1,3,64,0,20,67,20,3,84,87
212753,1,112,2,3,64,0,20,67,20,3,84,87
212753,2,999,1,2,50,0,3,52,3,2,53,55
212753,2,999,2,2,50,0,3,52,3,2,53,55
212753,4,2,1,2,23,0,0,25,0,2,23,25
212753,4,2,2,2,23,0,0,25,0,2,23,25
212753,5,3,1,0,15,0,2,15,2,0,17,17
212753,5,3,2,0,15,0,2,15,2,0,17,17
212753,6,4,1,0,12,0,1,12,1,0,13,13
212753,6,4,2,0,12,0,1,12,1,0,13,13
212753,7,999,1,1,14,0,17,15,17,1,31,32
212753,7,999,2,1,14,0,17,15,17,1,31,32
212753,8,5,1,1,4,0,6,5,6,1,10,11
212753,8,5,2,1,4,0,6,5,6,1,10,11
212753,9,6,1,0,2,0,6,2,6,0,8,8
212753,9,6,2,0,2,0,6,2,6,0,8,8
212753,10,7,1,0,3,0,3,3,3,0,6,6
212753,10,7,2,0,3,0,3,3,3,0,6,6
212753,11,8,1,0,4,0,2,4,2,0,6,6
212753,11,8,2,0,4,0,2,4,2,0,6,6
212753,12,9,1,0,1,0,0,1,0,0,1,1
212753,12,9,2,0,1,0,0,1,0,0,1,1
212771,1,412,1,12,89,86,267,101,353,98,356,454
212771,1,112,2,0,70,8,81,70,89,8,151,159
212771,1,312,5,12,19,78,186,31,264,90,205,295
212771,2,999,1,0,71,9,84,71,93,9,155,164
212771,2,999,2,0,70,5,77,70,82,5,147,152
212771,2,999,5,0,1,4,7,1,11,4,8,12
212771,3,1,1,0,0,5,29,0,34,5,29,34
212771,3,1,2,0,0,5,29,0,34,5,29,34
212771,4,2,1,0,33,0,27,33,27,0,60,60
212771,4,2,2,0,33,0,27,33,27,0,60,60
212771,5,3,1,0,36,0,18,36,18,0,54,54
212771,5,3,2,0,36,0,18,36,18,0,54,54
212771,6,4,1,0,2,4,10,2,14,4,12,16
212771,6,4,2,0,1,0,3,1,3,0,4,4
212771,6,4,5,0,1,4,7,1,11,4,8,12
212771,7,999,1,12,18,77,183,30,260,89,201,290
212771,7,999,2,0,0,3,4,0,7,3,4,7
212771,7,999,5,12,18,74,179,30,253,86,197,283
212771,8,5,1,4,7,8,23,11,31,12,30,42
212771,8,5,2,0,0,0,2,0,2,0,2,2
212771,8,5,5,4,7,8,21,11,29,12,28,40
212771,9,6,1,4,5,10,39,9,49,14,44,58
212771,9,6,2,0,0,0,2,0,2,0,2,2
212771,9,6,5,4,5,10,37,9,47,14,42,56
212771,10,7,1,1,3,16,19,4,35,17,22,39
212771,10,7,2,0,0,1,0,0,1,1,0,1
212771,10,7,5,1,3,15,19,4,34,16,22,38
212771,11,8,1,0,2,16,44,2,60,16,46,62
212771,11,8,2,0,0,1,0,0,1,1,0,1
212771,11,8,5,0,2,15,44,2,59,15,46,61
212771,12,9,1,2,0,22,49,2,71,24,49,73
212771,12,9,2,0,0,1,0,0,1,1,0,1
212771,12,9,5,2,0,21,49,2,70,23,49,72
212771,13,10,1,1,1,5,9,2,14,6,10,16
212771,13,10,5,1,1,5,9,2,14,6,10,16
212805,1,412,1,1122,995,79,81,2117,160,1201,1076,2277
212805,1,112,2,1122,995,79,81,2117,160,1201,1076,2277
212805,2,999,1,1114,994,76,81,2108,157,1190,1075,2265
212805,2,999,2,1114,994,76,81,2108,157,1190,1075,2265
212805,3,1,1,12,20,47,72,32,119,59,92,151
212805,3,1,2,12,20,47,72,32,119,59,92,151
212805,4,2,1,467,451,14,2,918,16,481,453,934
212805,4,2,2,467,451,14,2,918,16,481,453,934
212805,5,3,1,555,484,7,2,1039,9,562,486,1048
212805,5,3,2,555,484,7,2,1039,9,562,486,1048
212805,6,4,1,80,39,8,5,119,13,88,44,132
212805,6,4,2,80,39,8,5,119,13,88,44,132
212805,7,999,1,8,1,3,0,9,3,11,1,12
212805,7,999,2,8,1,3,0,9,3,11,1,12
212805,8,5,1,7,1,1,0,8,1,8,1,9
212805,8,5,2,7,1,1,0,8,1,8,1,9
212805,9,6,1,1,0,0,0,1,0,1,0,1
212805,9,6,2,1,0,0,0,1,0,1,0,1
212805,11,8,1,0,0,1,0,0,1,1,0,1
212805,11,8,2,0,0,1,0,0,1,1,0,1
212805,13,10,1,0,0,1,0,0,1,1,0,1
212805,13,10,2,0,0,1,0,0,1,1,0,1
212869,1,412,1,123,596,68,363,719,431,191,959,1150
212869,1,112,2,123,596,68,363,719,431,191,959,1150
212869,2,999,1,89,295,24,108,384,132,113,403,516
212869,2,999,2,89,295,24,108,384,132,113,403,516
212869,4,2,1,30,124,7,17,154,24,37,141,178
212869,4,2,2,30,124,7,17,154,24,37,141,178
212869,5,3,1,44,92,6,36,136,42,50,128,178
212869,5,3,2,44,92,6,36,136,42,50,128,178
212869,6,4,1,15,79,11,55,94,66,26,134,160
212869,6,4,2,15,79,11,55,94,66,26,134,160
212869,7,999,1,34,301,44,255,335,299,78,556,634
212869,7,999,2,34,301,44,255,335,299,78,556,634
212869,8,5,1,14,95,21,83,109,104,35,178,213
212869,8,5,2,14,95,21,83,109,104,35,178,213
212869,9,6,1,7,81,9,65,88,74,16,146,162
212869,9,6,2,7,81,9,65,88,74,16,146,162
212869,10,7,1,5,40,3,36,45,39,8,76,84
212869,10,7,2,5,40,3,36,45,39,8,76,84
212869,11,8,1,5,49,6,49,54,55,11,98,109
212869,11,8,2,5,49,6,49,54,55,11,98,109
212869,12,9,1,3,34,5,19,37,24,8,53,61
212869,12,9,2,3,34,5,19,37,24,8,53,61
212869,13,10,1,0,2,0,3,2,3,0,5,5
212869,13,10,2,0,2,0,3,2,3,0,5,5
212878,1,412,1,1590,2582,3492,7712,4172,11204,5082,10294,15376
212878,1,112,2,1590,2582,3492,7712,4172,11204,5082,10294,15376
212878,2,999,1,1292,2002,2268,4398,3294,6666,3560,6400,9960
212878,2,999,2,1292,2002,2268,4398,3294,6666,3560,6400,9960
212878,3,1,1,49,88,739,1387,137,2126,788,1475,2263
212878,3,1,2,49,88,739,1387,137,2126,788,1475,2263
212878,4,2,1,659,1069,532,974,1728,1506,1191,2043,3234
212878,4,2,2,659,1069,532,974,1728,1506,1191,2043,3234
212878,5,3,1,367,532,529,964,899,1493,896,1496,2392
212878,5,3,2,367,532,529,964,899,1493,896,1496,2392
212878,6,4,1,217,313,468,1073,530,1541,685,1386,2071
212878,6,4,2,217,313,468,1073,530,1541,685,1386,2071
212878,7,999,1,298,580,1224,3314,878,4538,1522,3894,5416
212878,7,999,2,298,580,1224,3314,878,4538,1522,3894,5416
212878,8,5,1,135,253,479,1229,388,1708,614,1482,2096
212878,8,5,2,135,253,479,1229,388,1708,614,1482,2096
212878,9,6,1,74,120,293,813,194,1106,367,933,1300
212878,9,6,2,74,120,293,813,194,1106,367,933,1300
212878,10,7,1,34,88,183,505,122,688,217,593,810
212878,10,7,2,34,88,183,505,122,688,217,593,810
212878,11,8,1,42,85,173,535,127,708,215,620,835
212878,11,8,2,42,85,173,535,127,708,215,620,835
212878,12,9,1,13,34,83,219,47,302,96,253,349
212878,12,9,2,13,34,83,219,47,302,96,253,349
212878,13,10,1,0,0,13,13,0,26,13,13,26
212878,13,10,2,0,0,13,13,0,26,13,13,26
212975,1,412,1,96,37,0,0,133,0,96,37,133
212975,1,112,2,96,37,0,0,133,0,96,37,133
212975,2,999,1,87,33,0,0,120,0,87,33,120
212975,2,999,2,87,33,0,0,120,0,87,33,120
212975,4,2,1,20,6,0,0,26,0,20,6,26
212975,4,2,2,20,6,0,0,26,0,20,6,26
212975,5,3,1,46,21,0,0,67,0,46,21,67
212975,5,3,2,46,21,0,0,67,0,46,21,67
212975,6,4,1,21,6,0,0,27,0,21,6,27
212975,6,4,2,21,6,0,0,27,0,21,6,27
212975,7,999,1,9,4,0,0,13,0,9,4,13
212975,7,999,2,9,4,0,0,13,0,9,4,13
212975,8,5,1,6,2,0,0,8,0,6,2,8
212975,8,5,2,6,2,0,0,8,0,6,2,8
212975,9,6,1,2,1,0,0,3,0,2,1,3
212975,9,6,2,2,1,0,0,3,0,2,1,3
212975,11,8,1,1,0,0,0,1,0,1,0,1
212975,11,8,2,1,0,0,0,1,0,1,0,1
212975,12,9,1,0,1,0,0,1,0,0,1,1
212975,12,9,2,0,1,0,0,1,0,0,1,1
212984,1,412,1,483,1462,200,942,1945,1142,683,2404,3087
212984,1,112,2,469,1379,65,225,1848,290,534,1604,2138
212984,1,312,5,14,83,135,717,97,852,149,800,949
212984,2,999,1,420,1173,26,136,1593,162,446,1309,1755
212984,2,999,2,417,1144,15,46,1561,61,432,1190,1622
212984,2,999,5,3,29,11,90,32,101,14,119,133
212984,3,1,1,3,1,0,0,4,0,3,1,4
212984,3,1,2,3,1,0,0,4,0,3,1,4
212984,4,2,1,185,445,1,4,630,5,186,449,635
212984,4,2,2,185,445,1,4,630,5,186,449,635
212984,5,3,1,151,448,3,7,599,10,154,455,609
212984,5,3,2,151,448,3,6,599,9,154,454,608
212984,5,3,5,0,0,0,1,0,1,0,1,1
212984,6,4,1,81,279,22,125,360,147,103,404,507
212984,6,4,2,78,250,11,36,328,47,89,286,375
212984,6,4,5,3,29,11,89,32,100,14,118,132
212984,7,999,1,63,289,165,775,352,940,228,1064,1292
212984,7,999,2,52,235,41,148,287,189,93,383,476
212984,7,999,5,11,54,124,627,65,751,135,681,816
212984,8,5,1,35,148,55,297,183,352,90,445,535
212984,8,5,2,29,125,15,60,154,75,44,185,229
212984,8,5,5,6,23,40,237,29,277,46,260,306
212984,9,6,1,12,71,37,155,83,192,49,226,275
212984,9,6,2,10,62,6,28,72,34,16,90,106
212984,9,6,5,2,9,31,127,11,158,33,136,169
212984,10,7,1,6,29,20,101,35,121,26,130,156
212984,10,7,2,6,24,10,17,30,27,16,41,57
212984,10,7,5,0,5,10,84,5,94,10,89,99
212984,11,8,1,4,35,35,152,39,187,39,187,226
212984,11,8,2,4,23,7,29,27,36,11,52,63
212984,11,8,5,0,12,28,123,12,151,28,135,163
212984,12,9,1,5,6,18,68,11,86,23,74,97
212984,12,9,2,2,1,3,14,3,17,5,15,20
212984,12,9,5,3,5,15,54,8,69,18,59,77
212984,13,10,1,1,0,0,2,1,2,1,2,3
212984,13,10,2,1,0,0,0,1,0,1,0,1
212984,13,10,5,0,0,0,2,0,2,0,2,2
212984,14,11,1,0,0,9,31,0,40,9,31,40
212984,14,11,2,0,0,9,31,0,40,9,31,40
213011,1,412,1,336,772,348,1107,1108,1455,684,1879,2563
213011,1,112,2,306,636,183,489,942,672,489,1125,1614
213011,1,312,5,30,136,165,618,166,783,195,754,949
213011,2,999,1,287,628,101,233,915,334,388,861,1249
213011,2,999,2,280,574,90,191,854,281,370,765,1135
213011,2,999,5,7,54,11,42,61,53,18,96,114
213011,3,1,1,0,3,54,117,3,171,54,120,174
213011,3,1,2,0,3,54,117,3,171,54,120,174
213011,4,2,1,130,284,17,17,414,34,147,301,448
213011,4,2,2,130,284,17,17,414,34,147,301,448
213011,5,3,1,115,219,6,7,334,13,121,226,347
213011,5,3,2,115,216,6,7,331,13,121,223,344
213011,5,3,5,0,3,0,0,3,0,0,3,3
213011,6,4,1,42,122,24,92,164,116,66,214,280
213011,6,4,2,35,71,13,50,106,63,48,121,169
213011,6,4,5,7,51,11,42,58,53,18,93,111
213011,7,999,1,49,144,246,872,193,1118,295,1016,1311
213011,7,999,2,26,62,92,297,88,389,118,359,477
213011,7,999,5,23,82,154,575,105,729,177,657,834
213011,8,5,1,22,68,45,194,90,239,67,262,329
213011,8,5,2,12,31,22,57,43,79,34,88,122
213011,8,5,5,10,37,23,137,47,160,33,174,207
213011,9,6,1,10,23,45,132,33,177,55,155,210
213011,9,6,2,5,9,21,52,14,73,26,61,87
213011,9,6,5,5,14,24,80,19,104,29,94,123
213011,10,7,1,9,15,45,150,24,195,54,165,219
213011,10,7,2,5,8,14,49,13,63,19,57,76
213011,10,7,5,4,7,31,101,11,132,35,108,143
213011,11,8,1,7,26,80,233,33,313,87,259,346
213011,11,8,2,3,8,20,78,11,98,23,86,109
213011,11,8,5,4,18,60,155,22,215,64,173,237
213011,12,9,1,1,12,29,158,13,187,30,170,200
213011,12,9,2,1,6,14,59,7,73,15,65,80
213011,12,9,5,0,6,15,99,6,114,15,105,120
213011,13,10,1,0,0,2,5,0,7,2,5,7
213011,13,10,2,0,0,1,2,0,3,1,2,3
213011,13,10,5,0,0,1,3,0,4,1,3,4
213011,14,11,1,0,0,1,2,0,3,1,2,3
213011,14,11,2,0,0,1,1,0,2,1,1,2
213011,14,11,5,0,0,0,1,0,1,0,1,1
213020,1,412,1,2951,4771,995,1320,7722,2315,3946,6091,10037
213020,1,112,2,2718,4335,506,443,7053,949,3224,4778,8002
213020,1,312,5,233,436,489,877,669,1366,722,1313,2035
213020,2,999,1,2695,4514,339,415,7209,754,3034,4929,7963
213020,2,999,2,2584,4248,250,280,6832,530,2834,4528,7362
213020,2,999,5,111,266,89,135,377,224,200,401,601
213020,3,1,1,12,43,22,44,55,66,34,87,121
213020,3,1,2,12,43,22,44,55,66,34,87,121
213020,4,2,1,995,1975,54,58,2970,112,1049,2033,3082
213020,4,2,2,995,1975,54,58,2970,112,1049,2033,3082
213020,5,3,1,1107,1800,87,98,2907,185,1194,1898,3092
213020,5,3,2,1104,1782,69,80,2886,149,1173,1862,3035
213020,5,3,5,3,18,18,18,21,36,21,36,57
213020,6,4,1,581,696,176,215,1277,391,757,911,1668
213020,6,4,2,473,448,105,98,921,203,578,546,1124
213020,6,4,5,108,248,71,117,356,188,179,365,544
213020,7,999,1,256,257,656,905,513,1561,912,1162,2074
213020,7,999,2,134,87,256,163,221,419,390,250,640
213020,7,999,5,122,170,400,742,292,1142,522,912,1434
213020,8,5,1,155,148,161,216,303,377,316,364,680
213020,8,5,2,94,52,72,48,146,120,166,100,266
213020,8,5,5,61,96,89,168,157,257,150,264,414
213020,9,6,1,51,44,121,170,95,291,172,214,386
213020,9,6,2,22,15,35,28,37,63,57,43,100
213020,9,6,5,29,29,86,142,58,228,115,171,286
213020,10,7,1,22,25,117,159,47,276,139,184,323
213020,10,7,2,8,5,44,29,13,73,52,34,86
213020,10,7,5,14,20,73,130,34,203,87,150,237
213020,11,8,1,21,24,166,236,45,402,187,260,447
213020,11,8,2,7,10,65,40,17,105,72,50,122
213020,11,8,5,14,14,101,196,28,297,115,210,325
213020,12,9,1,6,16,82,118,22,200,88,134,222
213020,12,9,2,2,5,34,16,7,50,36,21,57
213020,12,9,5,4,11,48,102,15,150,52,113,165
213020,13,10,1,1,0,9,6,1,15,10,6,16
213020,13,10,2,1,0,6,2,1,8,7,2,9
213020,13,10,5,0,0,3,4,0,7,3,4,7
213233,1,412,1,332,84,45,36,416,81,377,120,497
213233,1,112,2,332,84,45,36,416,81,377,120,497
213233,2,999,1,262,67,29,25,329,54,291,92,383
213233,2,999,2,262,67,29,25,329,54,291,92,383
213233,3,1,1,5,0,1,0,5,1,6,0,6
213233,3,1,2,5,0,1,0,5,1,6,0,6
213233,4,2,1,139,23,8,1,162,9,147,24,171
213233,4,2,2,139,23,8,1,162,9,147,24,171
213233,5,3,1,80,30,11,9,110,20,91,39,130
213233,5,3,2,80,30,11,9,110,20,91,39,130
213233,6,4,1,38,14,9,15,52,24,47,29,76
213233,6,4,2,38,14,9,15,52,24,47,29,76
213233,7,999,1,67,17,16,11,84,27,83,28,111
213233,7,999,2,67,17,16,11,84,27,83,28,111
213233,8,5,1,41,9,8,5,50,13,49,14,63
213233,8,5,2,41,9,8,5,50,13,49,14,63
213233,9,6,1,18,5,3,2,23,5,21,7,28
213233,9,6,2,18,5,3,2,23,5,21,7,28
213233,10,7,1,6,1,2,1,7,3,8,2,10
213233,10,7,2,6,1,2,1,7,3,8,2,10
213233,11,8,1,2,2,3,2,4,5,5,4,9
213233,11,8,2,2,2,3,2,4,5,5,4,9
213233,12,9,1,0,0,0,1,0,1,0,1,1
213233,12,9,2,0,0,0,1,0,1,0,1,1
213233,14,11,1,3,0,0,0,3,0,3,0,3
213233,14,11,2,3,0,0,0,3,0,3,0,3
213321,1,412,1,1023,949,108,240,1972,348,1131,1189,2320
213321,1,112,2,1000,901,55,103,1901,158,1055,1004,2059
213321,1,312,5,23,48,53,137,71,190,76,185,261
213321,2,999,1,942,926,50,104,1868,154,992,1030,2022
213321,2,999,2,920,878,37,69,1798,106,957,947,1904
213321,2,999,5,22,48,13,35,70,48,35,83,118
213321,3,1,1,9,13,19,45,22,64,28,58,86
213321,3,1,2,9,13,19,45,22,64,28,58,86
213321,4,2,1,424,431,2,2,855,4,426,433,859
213321,4,2,2,424,431,2,2,855,4,426,433,859
213321,5,3,1,374,381,4,10,755,14,378,391,769
213321,5,3,2,373,380,2,4,753,6,375,384,759
213321,5,3,5,1,1,2,6,2,8,3,7,10
213321,6,4,1,135,101,25,47,236,72,160,148,308
213321,6,4,2,114,54,14,18,168,32,128,72,200
213321,6,4,5,21,47,11,29,68,40,32,76,108
213321,7,999,1,77,23,58,133,100,191,135,156,291
213321,7,999,2,76,23,18,34,99,52,94,57,151
213321,7,999,5,1,0,40,99,1,139,41,99,140
213321,8,5,1,61,17,26,40,78,66,87,57,144
213321,8,5,2,60,17,10,11,77,21,70,28,98
213321,8,5,5,1,0,16,29,1,45,17,29,46
213321,9,6,1,11,3,12,30,14,42,23,33,56
213321,9,6,2,11,3,4,6,14,10,15,9,24
213321,9,6,5,0,0,8,24,0,32,8,24,32
213321,10,7,1,3,2,7,18,5,25,10,20,30
213321,10,7,2,3,2,2,4,5,6,5,6,11
213321,10,7,5,0,0,5,14,0,19,5,14,19
213321,11,8,1,0,1,9,29,1,38,9,30,39
213321,11,8,2,0,1,1,6,1,7,1,7,8
213321,11,8,5,0,0,8,23,0,31,8,23,31
213321,12,9,1,2,0,4,15,2,19,6,15,21
213321,12,9,2,2,0,1,6,2,7,3,6,9
213321,12,9,5,0,0,3,9,0,12,3,9,12
213321,13,10,1,0,0,0,1,0,1,0,1,1
213321,13,10,2,0,0,0,1,0,1,0,1,1
213321,14,11,1,4,0,0,3,4,3,4,3,7
213321,14,11,2,4,0,0,0,4,0,4,0,4
213321,14,11,5,0,0,0,3,0,3,0,3,3
213349,1,412,1,2843,3767,407,873,6610,1280,3250,4640,7890
213349,1,112,2,2747,3539,269,390,6286,659,3016,3929,6945
213349,1,312,5,96,228,138,483,324,621,234,711,945
213349,2,999,1,2684,3557,176,264,6241,440,2860,3821,6681
213349,2,999,2,2633,3438,163,183,6071,346,2796,3621,6417
213349,2,999,5,51,119,13,81,170,94,64,200,264
213349,3,1,1,27,41,5,5,68,10,32,46,78
213349,3,1,2,27,41,5,5,68,10,32,46,78
213349,4,2,1,1031,1510,14,21,2541,35,1045,1531,2576
213349,4,2,2,1031,1510,14,21,2541,35,1045,1531,2576
213349,5,3,1,1098,1475,36,49,2573,85,1134,1524,2658
213349,5,3,2,1098,1468,36,48,2566,84,1134,1516,2650
213349,5,3,5,0,7,0,1,7,1,0,8,8
213349,6,4,1,528,531,121,189,1059,310,649,720,1369
213349,6,4,2,477,419,108,109,896,217,585,528,1113
213349,6,4,5,51,112,13,80,163,93,64,192,256
213349,7,999,1,159,210,228,607,369,835,387,817,1204
213349,7,999,2,114,101,103,205,215,308,217,306,523
213349,7,999,5,45,109,125,402,154,527,170,511,681
213349,8,5,1,109,125,88,241,234,329,197,366,563
213349,8,5,2,93,65,49,59,158,108,142,124,266
213349,8,5,5,16,60,39,182,76,221,55,242,297
213349,9,6,1,26,36,52,92,62,144,78,128,206
213349,9,6,2,15,15,19,27,30,46,34,42,76
213349,9,6,5,11,21,33,65,32,98,44,86,130
213349,10,7,1,9,20,21,76,29,97,30,96,126
213349,10,7,2,2,7,5,26,9,31,7,33,40
213349,10,7,5,7,13,16,50,20,66,23,63,86
213349,11,8,1,14,17,33,101,31,134,47,118,165
213349,11,8,2,4,10,9,26,14,35,13,36,49
213349,11,8,5,10,7,24,75,17,99,34,82,116
213349,12,9,1,0,12,22,53,12,75,22,65,87
213349,12,9,2,0,4,11,26,4,37,11,30,41
213349,12,9,5,0,8,11,27,8,38,11,35,46
213349,13,10,1,1,0,12,44,1,56,13,44,57
213349,13,10,2,0,0,10,41,0,51,10,41,51
213349,13,10,5,1,0,2,3,1,5,3,3,6
213349,14,11,1,0,0,3,2,0,5,3,2,5
213349,14,11,2,0,0,3,2,0,5,3,2,5
213367,1,412,1,1147,1952,432,1093,3099,1525,1579,3045,4624
213367,1,112,2,1085,1738,97,373,2823,470,1182,2111,3293
213367,1,312,5,62,214,335,720,276,1055,397,934,1331
213367,2,999,1,1076,1765,73,179,2841,252,1149,1944,3093
213367,2,999,2,1049,1655,41,131,2704,172,1090,1786,2876
213367,2,999,5,27,110,32,48,137,80,59,158,217
213367,3,1,1,13,19,7,41,32,48,20,60,80
213367,3,1,2,13,19,7,41,32,48,20,60,80
213367,4,2,1,404,704,5,7,1108,12,409,711,1120
213367,4,2,2,404,704,5,7,1108,12,409,711,1120
213367,5,3,1,500,775,9,28,1275,37,509,803,1312
213367,5,3,2,500,772,9,28,1272,37,509,800,1309
213367,5,3,5,0,3,0,0,3,0,0,3,3
213367,6,4,1,159,267,52,103,426,155,211,370,581
213367,6,4,2,132,160,20,55,292,75,152,215,367
213367,6,4,5,27,107,32,48,134,80,59,155,214
213367,7,999,1,71,187,359,914,258,1273,430,1101,1531
213367,7,999,2,36,83,56,242,119,298,92,325,417
213367,7,999,5,35,104,303,672,139,975,338,776,1114
213367,8,5,1,44,110,116,294,154,410,160,404,564
213367,8,5,2,19,40,15,67,59,82,34,107,141
213367,8,5,5,25,70,101,227,95,328,126,297,423
213367,9,6,1,19,37,98,225,56,323,117,262,379
213367,9,6,2,11,19,14,66,30,80,25,85,110
213367,9,6,5,8,18,84,159,26,243,92,177,269
213367,10,7,1,0,19,57,140,19,197,57,159,216
213367,10,7,2,0,9,12,45,9,57,12,54,66
213367,10,7,5,0,10,45,95,10,140,45,105,150
213367,11,8,1,7,16,57,169,23,226,64,185,249
213367,11,8,2,5,12,8,41,17,49,13,53,66
213367,11,8,5,2,4,49,128,6,177,51,132,183
213367,12,9,1,1,5,31,81,6,112,32,86,118
213367,12,9,2,1,3,7,22,4,29,8,25,33
213367,12,9,5,0,2,24,59,2,83,24,61,85
213367,13,10,1,0,0,0,5,0,5,0,5,5
213367,13,10,2,0,0,0,1,0,1,0,1,1
213367,13,10,5,0,0,0,4,0,4,0,4,4
213376,1,412,1,646,731,222,444,1377,666,868,1175,2043
213376,1,112,2,646,731,222,444,1377,666,868,1175,2043
213376,2,999,1,545,480,156,239,1025,395,701,719,1420
213376,2,999,2,545,480,156,239,1025,395,701,719,1420
213376,3,1,1,6,4,39,86,10,125,45,90,135
213376,3,1,2,6,4,39,86,10,125,45,90,135
213376,4,2,1,282,196,43,57,478,100,325,253,578
213376,4,2,2,282,196,43,57,478,100,325,253,578
213376,5,3,1,172,163,46,48,335,94,218,211,429
213376,5,3,2,172,163,46,48,335,94,218,211,429
213376,6,4,1,85,117,28,48,202,76,113,165,278
213376,6,4,2,85,117,28,48,202,76,113,165,278
213376,7,999,1,99,249,64,203,348,267,163,452,615
213376,7,999,2,99,249,64,203,348,267,163,452,615
213376,8,5,1,48,103,26,73,151,99,74,176,250
213376,8,5,2,48,103,26,73,151,99,74,176,250
213376,9,6,1,26,64,12,42,90,54,38,106,144
213376,9,6,2,26,64,12,42,90,54,38,106,144
213376,10,7,1,9,33,8,25,42,33,17,58,75
213376,10,7,2,9,33,8,25,42,33,17,58,75
213376,11,8,1,15,37,12,43,52,55,27,80,107
213376,11,8,2,15,37,12,43,52,55,27,80,107
213376,12,9,1,1,11,6,19,12,25,7,30,37
213376,12,9,2,1,11,6,19,12,25,7,30,37
213376,13,10,1,0,1,0,1,1,1,0,2,2
213376,13,10,2,0,1,0,1,1,1,0,2,2
213376,14,11,1,2,2,2,2,4,4,4,4,8
213376,14,11,2,2,2,2,2,4,4,4,4,8
213385,1,412,1,1213,1244,16,41,2457,57,1229,1285,2514
213385,1,112,2,1213,1244,16,41,2457,57,1229,1285,2514
213385,2,999,1,1212,1244,14,39,2456,53,1226,1283,2509
213385,2,999,2,1212,1244,14,39,2456,53,1226,1283,2509
213385,3,1,1,12,16,5,14,28,19,17,30,47
213385,3,1,2,12,16,5,14,28,19,17,30,47
213385,4,2,1,517,573,0,4,1090,4,517,577,1094
213385,4,2,2,517,573,0,4,1090,4,517,577,1094
213385,5,3,1,604,615,5,16,1219,21,609,631,1240
213385,5,3,2,604,615,5,16,1219,21,609,631,1240
213385,6,4,1,79,40,4,5,119,9,83,45,128
213385,6,4,2,79,40,4,5,119,9,83,45,128
213385,7,999,1,1,0,2,2,1,4,3,2,5
213385,7,999,2,1,0,2,2,1,4,3,2,5
213385,8,5,1,1,0,1,1,1,2,2,1,3
213385,8,5,2,1,0,1,1,1,2,2,1,3
213385,10,7,1,0,0,1,0,0,1,1,0,1
213385,10,7,2,0,0,1,0,0,1,1,0,1
213385,12,9,1,0,0,0,1,0,1,0,1,1
213385,12,9,2,0,0,0,1,0,1,0,1,1
213570,1,412,1,128,471,0,0,599,0,128,471,599
213570,1,112,2,128,471,0,0,599,0,128,471,599
213570,2,999,1,72,230,0,0,302,0,72,230,302
213570,2,999,2,72,230,0,0,302,0,72,230,302
213570,4,2,1,20,51,0,0,71,0,20,51,71
213570,4,2,2,20,51,0,0,71,0,20,51,71
213570,5,3,1,27,82,0,0,109,0,27,82,109
213570,5,3,2,27,82,0,0,109,0,27,82,109
213570,6,4,1,25,97,0,0,122,0,25,97,122
213570,6,4,2,25,97,0,0,122,0,25,97,122
213570,7,999,1,56,241,0,0,297,0,56,241,297
213570,7,999,2,56,241,0,0,297,0,56,241,297
213570,8,5,1,24,91,0,0,115,0,24,91,115
213570,8,5,2,24,91,0,0,115,0,24,91,115
213570,9,6,1,13,64,0,0,77,0,13,64,77
213570,9,6,2,13,64,0,0,77,0,13,64,77
213570,10,7,1,10,36,0,0,46,0,10,36,46
213570,10,7,2,10,36,0,0,46,0,10,36,46
213570,11,8,1,4,38,0,0,42,0,4,38,42
213570,11,8,2,4,38,0,0,42,0,4,38,42
213570,12,9,1,5,12,0,0,17,0,5,12,17
213570,12,9,2,5,12,0,0,17,0,5,12,17
213589,1,412,1,273,24,86,6,297,92,359,30,389
213589,1,112,2,273,24,86,6,297,92,359,30,389
213589,2,999,1,178,13,22,2,191,24,200,15,215
213589,2,999,2,178,13,22,2,191,24,200,15,215
213589,4,2,1,63,2,4,0,65,4,67,2,69
213589,4,2,2,63,2,4,0,65,4,67,2,69
213589,5,3,1,75,4,5,1,79,6,80,5,85
213589,5,3,2,75,4,5,1,79,6,80,5,85
213589,6,4,1,40,7,13,1,47,14,53,8,61
213589,6,4,2,40,7,13,1,47,14,53,8,61
213589,7,999,1,95,11,64,4,106,68,159,15,174
213589,7,999,2,95,11,64,4,106,68,159,15,174
213589,8,5,1,42,6,20,3,48,23,62,9,71
213589,8,5,2,42,6,20,3,48,23,62,9,71
213589,9,6,1,21,2,16,0,23,16,37,2,39
213589,9,6,2,21,2,16,0,23,16,37,2,39
213589,10,7,1,17,1,17,1,18,18,34,2,36
213589,10,7,2,17,1,17,1,18,18,34,2,36
213589,11,8,1,14,2,11,0,16,11,25,2,27
213589,11,8,2,14,2,11,0,16,11,25,2,27
213589,12,9,1,1,0,0,0,1,0,1,0,1
213589,12,9,2,1,0,0,0,1,0,1,0,1
213598,1,412,1,549,1268,91,169,1817,260,640,1437,2077
213598,1,112,2,513,1167,78,137,1680,215,591,1304,1895
213598,1,312,5,36,101,13,32,137,45,49,133,182
213598,2,999,1,504,1147,51,72,1651,123,555,1219,1774
213598,2,999,2,500,1136,50,70,1636,120,550,1206,1756
213598,2,999,5,4,11,1,2,15,3,5,13,18
213598,3,1,1,17,60,0,0,77,0,17,60,77
213598,3,1,2,17,60,0,0,77,0,17,60,77
213598,4,2,1,209,499,6,18,708,24,215,517,732
213598,4,2,2,209,499,6,18,708,24,215,517,732
213598,5,3,1,207,492,27,32,699,59,234,524,758
213598,5,3,2,207,492,27,32,699,59,234,524,758
213598,6,4,1,71,96,18,22,167,40,89,118,207
213598,6,4,2,67,85,17,20,152,37,84,105,189
213598,6,4,5,4,11,1,2,15,3,5,13,18
213598,7,999,1,45,121,40,97,166,137,85,218,303
213598,7,999,2,13,31,28,67,44,95,41,98,139
213598,7,999,5,32,90,12,30,122,42,44,120,164
213598,8,5,1,18,30,6,19,48,25,24,49,73
213598,8,5,2,7,7,5,10,14,15,12,17,29
213598,8,5,5,11,23,1,9,34,10,12,32,44
213598,9,6,1,6,29,8,15,35,23,14,44,58
213598,9,6,2,1,6,3,10,7,13,4,16,20
213598,9,6,5,5,23,5,5,28,10,10,28,38
213598,10,7,1,6,14,7,12,20,19,13,26,39
213598,10,7,2,1,3,2,10,4,12,3,13,16
213598,10,7,5,5,11,5,2,16,7,10,13,23
213598,11,8,1,11,26,11,23,37,34,22,49,71
213598,11,8,2,3,8,10,16,11,26,13,24,37
213598,11,8,5,8,18,1,7,26,8,9,25,34
213598,12,9,1,4,19,8,27,23,35,12,46,58
213598,12,9,2,1,6,8,20,7,28,9,26,35
213598,12,9,5,3,13,0,7,16,7,3,20,23
213598,13,10,1,0,3,0,1,3,1,0,4,4
213598,13,10,2,0,1,0,1,1,1,0,2,2
213598,13,10,5,0,2,0,0,2,0,0,2,2
213613,1,412,1,1020,1556,156,431,2576,587,1176,1987,3163
213613,1,112,2,935,1376,107,309,2311,416,1042,1685,2727
213613,1,312,5,85,180,49,122,265,171,134,302,436
213613,2,999,1,942,1408,89,179,2350,268,1031,1587,2618
213613,2,999,2,888,1284,82,157,2172,239,970,1441,2411
213613,2,999,5,54,124,7,22,178,29,61,146,207
213613,3,1,1,4,13,14,46,17,60,18,59,77
213613,3,1,2,4,13,14,46,17,60,18,59,77
213613,4,2,1,376,645,18,11,1021,29,394,656,1050
213613,4,2,2,376,645,18,11,1021,29,394,656,1050
213613,5,3,1,387,514,26,37,901,63,413,551,964
213613,5,3,2,381,502,26,37,883,63,407,539,946
213613,5,3,5,6,12,0,0,18,0,6,12,18
213613,6,4,1,175,236,31,85,411,116,206,321,527
213613,6,4,2,127,124,24,63,251,87,151,187,338
213613,6,4,5,48,112,7,22,160,29,55,134,189
213613,7,999,1,78,148,67,252,226,319,145,400,545
213613,7,999,2,47,92,25,152,139,177,72,244,316
213613,7,999,5,31,56,42,100,87,142,73,156,229
213613,8,5,1,48,85,28,112,133,140,76,197,273
213613,8,5,2,29,43,15,61,72,76,44,104,148
213613,8,5,5,19,42,13,51,61,64,32,93,125
213613,9,6,1,18,21,18,51,39,69,36,72,108
213613,9,6,2,11,15,4,34,26,38,15,49,64
213613,9,6,5,7,6,14,17,13,31,21,23,44
213613,10,7,1,9,22,8,30,31,38,17,52,69
213613,10,7,2,5,17,3,17,22,20,8,34,42
213613,10,7,5,4,5,5,13,9,18,9,18,27
213613,11,8,1,3,12,10,41,15,51,13,53,66
213613,11,8,2,2,10,2,27,12,29,4,37,41
213613,11,8,5,1,2,8,14,3,22,9,16,25
213613,12,9,1,0,8,3,17,8,20,3,25,28
213613,12,9,2,0,7,1,12,7,13,1,19,20
213613,12,9,5,0,1,2,5,1,7,2,6,8
213613,13,10,1,0,0,0,1,0,1,0,1,1
213613,13,10,2,0,0,0,1,0,1,0,1,1
213659,1,412,1,650,929,935,1940,1579,2875,1585,2869,4454
213659,1,112,2,650,929,935,1940,1579,2875,1585,2869,4454
213659,2,999,1,530,664,629,1037,1194,1666,1159,1701,2860
213659,2,999,2,530,664,629,1037,1194,1666,1159,1701,2860
213659,3,1,1,10,13,209,349,23,558,219,362,581
213659,3,1,2,10,13,209,349,23,558,219,362,581
213659,4,2,1,280,355,167,206,635,373,447,561,1008
213659,4,2,2,280,355,167,206,635,373,447,561,1008
213659,5,3,1,157,175,140,243,332,383,297,418,715
213659,5,3,2,157,175,140,243,332,383,297,418,715
213659,6,4,1,83,121,113,239,204,352,196,360,556
213659,6,4,2,83,121,113,239,204,352,196,360,556
213659,7,999,1,120,265,306,902,385,1208,426,1167,1593
213659,7,999,2,120,265,306,902,385,1208,426,1167,1593
213659,8,5,1,55,116,124,305,171,429,179,421,600
213659,8,5,2,55,116,124,305,171,429,179,421,600
213659,9,6,1,26,65,68,248,91,316,94,313,407
213659,9,6,2,26,65,68,248,91,316,94,313,407
213659,10,7,1,19,40,38,137,59,175,57,177,234
213659,10,7,2,19,40,38,137,59,175,57,177,234
213659,11,8,1,16,36,48,149,52,197,64,185,249
213659,11,8,2,16,36,48,149,52,197,64,185,249
213659,12,9,1,4,7,24,57,11,81,28,64,92
213659,12,9,2,4,7,24,57,11,81,28,64,92
213659,13,10,1,0,1,4,6,1,10,4,7,11
213659,13,10,2,0,1,4,6,1,10,4,7,11
213659,14,11,1,0,0,0,1,0,1,0,1,1
213659,14,11,2,0,0,0,1,0,1,0,1,1
213668,1,412,1,483,576,3,3,1059,6,486,579,1065
213668,1,112,2,483,576,3,3,1059,6,486,579,1065
213668,2,999,1,478,568,2,2,1046,4,480,570,1050
213668,2,999,2,478,568,2,2,1046,4,480,570,1050
213668,3,1,1,2,11,0,0,13,0,2,11,13
213668,3,1,2,2,11,0,0,13,0,2,11,13
213668,4,2,1,239,303,1,0,542,1,240,303,543
213668,4,2,2,239,303,1,0,542,1,240,303,543
213668,5,3,1,180,223,0,0,403,0,180,223,403
213668,5,3,2,180,223,0,0,403,0,180,223,403
213668,6,4,1,57,31,1,2,88,3,58,33,91
213668,6,4,2,57,31,1,2,88,3,58,33,91
213668,7,999,1,5,8,1,1,13,2,6,9,15
213668,7,999,2,5,8,1,1,13,2,6,9,15
213668,8,5,1,2,3,0,0,5,0,2,3,5
213668,8,5,2,2,3,0,0,5,0,2,3,5
213668,9,6,1,3,3,0,0,6,0,3,3,6
213668,9,6,2,3,3,0,0,6,0,3,3,6
213668,10,7,1,0,1,0,0,1,0,0,1,1
213668,10,7,2,0,1,0,0,1,0,0,1,1
213668,11,8,1,0,0,1,1,0,2,1,1,2
213668,11,8,2,0,0,1,1,0,2,1,1,2
213668,12,9,1,0,1,0,0,1,0,0,1,1
213668,12,9,2,0,1,0,0,1,0,0,1,1
213774,1,412,1,117,378,75,264,495,339,192,642,834
213774,1,112,2,117,377,75,264,494,339,192,641,833
213774,1,312,5,0,1,0,0,1,0,0,1,1
213774,2,999,1,105,276,63,149,381,212,168,425,593
213774,2,999,2,105,275,63,149,380,212,168,424,592
213774,2,999,5,0,1,0,0,1,0,0,1,1
213774,3,1,1,1,2,39,91,3,130,40,93,133
213774,3,1,2,1,2,39,91,3,130,40,93,133
213774,4,2,1,56,144,16,20,200,36,72,164,236
213774,4,2,2,56,144,16,20,200,36,72,164,236
213774,5,3,1,38,64,3,16,102,19,41,80,121
213774,5,3,2,38,64,3,16,102,19,41,80,121
213774,6,4,1,10,66,5,22,76,27,15,88,103
213774,6,4,2,10,65,5,22,75,27,15,87,102
213774,6,4,5,0,1,0,0,1,0,0,1,1
213774,7,999,1,12,72,9,66,84,75,21,138,159
213774,7,999,2,12,72,9,66,84,75,21,138,159
213774,8,5,1,9,42,1,25,51,26,10,67,77
213774,8,5,2,9,42,1,25,51,26,10,67,77
213774,9,6,1,2,19,4,17,21,21,6,36,42
213774,9,6,2,2,19,4,17,21,21,6,36,42
213774,10,7,1,1,4,1,10,5,11,2,14,16
213774,10,7,2,1,4,1,10,5,11,2,14,16
213774,11,8,1,0,5,1,6,5,7,1,11,12
213774,11,8,2,0,5,1,6,5,7,1,11,12
213774,12,9,1,0,2,2,7,2,9,2,9,11
213774,12,9,2,0,2,2,7,2,9,2,9,11
213774,13,10,1,0,0,0,1,0,1,0,1,1
213774,13,10,2,0,0,0,1,0,1,0,1,1
213774,14,11,1,0,30,3,49,30,52,3,79,82
213774,14,11,2,0,30,3,49,30,52,3,79,82
213783,1,412,1,553,936,90,205,1489,295,643,1141,1784
213783,1,112,2,553,936,90,197,1489,287,643,1133,1776
213783,1,312,5,0,0,0,8,0,8,0,8,8
213783,2,999,1,509,864,68,156,1373,224,577,1020,1597
213783,2,999,2,509,864,68,154,1373,222,577,1018,1595
213783,2,999,5,0,0,0,2,0,2,0,2,2
213783,3,1,1,7,14,35,107,21,142,42,121,163
213783,3,1,2,7,14,35,107,21,142,42,121,163
213783,4,2,1,240,480,19,20,720,39,259,500,759
213783,4,2,2,240,480,19,20,720,39,259,500,759
213783,5,3,1,181,287,2,14,468,16,183,301,484
213783,5,3,2,181,287,2,14,468,16,183,301,484
213783,6,4,1,81,83,12,15,164,27,93,98,191
213783,6,4,2,81,83,12,13,164,25,93,96,189
213783,6,4,5,0,0,0,2,0,2,0,2,2
213783,7,999,1,44,72,22,49,116,71,66,121,187
213783,7,999,2,44,72,22,43,116,65,66,115,181
213783,7,999,5,0,0,0,6,0,6,0,6,6
213783,8,5,1,30,38,6,13,68,19,36,51,87
213783,8,5,2,30,38,6,11,68,17,36,49,85
213783,8,5,5,0,0,0,2,0,2,0,2,2
213783,9,6,1,8,13,3,8,21,11,11,21,32
213783,9,6,2,8,13,3,7,21,10,11,20,31
213783,9,6,5,0,0,0,1,0,1,0,1,1
213783,10,7,1,3,15,3,7,18,10,6,22,28
213783,10,7,2,3,15,3,6,18,9,6,21,27
213783,10,7,5,0,0,0,1,0,1,0,1,1
213783,11,8,1,2,6,4,12,8,16,6,18,24
213783,11,8,2,2,6,4,11,8,15,6,17,23
213783,11,8,5,0,0,0,1,0,1,0,1,1
213783,12,9,1,1,0,5,8,1,13,6,8,14
213783,12,9,2,1,0,5,7,1,12,6,7,13
213783,12,9,5,0,0,0,1,0,1,0,1,1
213783,13,10,1,0,0,1,1,0,2,1,1,2
213783,13,10,2,0,0,1,1,0,2,1,1,2
213987,1,412,1,1082,1504,71,133,2586,204,1153,1637,2790
213987,1,112,2,961,1335,22,52,2296,74,983,1387,2370
213987,1,312,5,121,169,49,81,290,130,170,250,420
213987,2,999,1,989,1395,16,31,2384,47,1005,1426,2431
213987,2,999,2,927,1287,11,17,2214,28,938,1304,2242
213987,2,999,5,62,108,5,14,170,19,67,122,189
213987,3,1,1,4,9,0,2,13,2,4,11,15
213987,3,1,2,4,9,0,2,13,2,4,11,15
213987,4,2,1,401,620,6,4,1021,10,407,624,1031
213987,4,2,2,401,620,6,4,1021,10,407,624,1031
213987,5,3,1,388,592,1,6,980,7,389,598,987
213987,5,3,2,387,584,1,4,971,5,388,588,976
213987,5,3,5,1,8,0,2,9,2,1,10,11
213987,6,4,1,196,174,9,19,370,28,205,193,398
213987,6,4,2,135,74,4,7,209,11,139,81,220
213987,6,4,5,61,100,5,12,161,17,66,112,178
213987,7,999,1,93,94,55,100,187,155,148,194,342
213987,7,999,2,34,33,11,35,67,46,45,68,113
213987,7,999,5,59,61,44,65,120,109,103,126,229
213987,8,5,1,46,42,15,31,88,46,61,73,134
213987,8,5,2,24,13,4,9,37,13,28,22,50
213987,8,5,5,22,29,11,22,51,33,33,51,84
213987,9,6,1,20,19,11,22,39,33,31,41,72
213987,9,6,2,4,14,1,7,18,8,5,21,26
213987,9,6,5,16,5,10,15,21,25,26,20,46
213987,10,7,1,13,14,10,13,27,23,23,27,50
213987,10,7,2,3,3,3,6,6,9,6,9,15
213987,10,7,5,10,11,7,7,21,14,17,18,35
213987,11,8,1,10,17,15,19,27,34,25,36,61
213987,11,8,2,3,3,3,5,6,8,6,8,14
213987,11,8,5,7,14,12,14,21,26,19,28,47
213987,12,9,1,4,1,4,14,5,18,8,15,23
213987,12,9,2,0,0,0,7,0,7,0,7,7
213987,12,9,5,4,1,4,7,5,11,8,8,16
213987,13,10,1,0,1,0,1,1,1,0,2,2
213987,13,10,2,0,0,0,1,0,1,0,1,1
213987,13,10,5,0,1,0,0,1,0,0,1,1
213987,14,11,1,0,15,0,2,15,2,0,17,17
213987,14,11,2,0,15,0,0,15,0,0,15,15
213987,14,11,5,0,0,0,2,0,2,0,2,2
213996,1,412,1,1042,1672,222,434,2714,656,1264,2106,3370
213996,1,112,2,970,1454,73,117,2424,190,1043,1571,2614
213996,1,312,5,72,218,149,317,290,466,221,535,756
213996,2,999,1,994,1560,86,149,2554,235,1080,1709,2789
213996,2,999,2,959,1438,68,105,2397,173,1027,1543,2570
213996,2,999,5,35,122,18,44,157,62,53,166,219
213996,3,1,1,10,28,37,79,38,116,47,107,154
213996,3,1,2,10,28,37,79,38,116,47,107,154
213996,4,2,1,429,671,12,6,1100,18,441,677,1118
213996,4,2,2,429,671,12,6,1100,18,441,677,1118
213996,5,3,1,446,667,9,12,1113,21,455,679,1134
213996,5,3,2,444,662,9,12,1106,21,453,674,1127
213996,5,3,5,2,5,0,0,7,0,2,5,7
213996,6,4,1,109,194,28,52,303,80,137,246,383
213996,6,4,2,76,77,10,8,153,18,86,85,171
213996,6,4,5,33,117,18,44,150,62,51,161,212
213996,7,999,1,48,112,136,285,160,421,184,397,581
213996,7,999,2,11,16,5,12,27,17,16,28,44
213996,7,999,5,37,96,131,273,133,404,168,369,537
213996,8,5,1,27,63,50,103,90,153,77,166,243
213996,8,5,2,8,9,1,3,17,4,9,12,21
213996,8,5,5,19,54,49,100,73,149,68,154,222
213996,9,6,1,9,16,26,62,25,88,35,78,113
213996,9,6,2,1,2,0,0,3,0,1,2,3
213996,9,6,5,8,14,26,62,22,88,34,76,110
213996,10,7,1,2,8,23,31,10,54,25,39,64
213996,10,7,2,0,0,2,1,0,3,2,1,3
213996,10,7,5,2,8,21,30,10,51,23,38,61
213996,11,8,1,10,17,20,59,27,79,30,76,106
213996,11,8,2,2,4,1,3,6,4,3,7,10
213996,11,8,5,8,13,19,56,21,75,27,69,96
213996,12,9,1,0,7,16,30,7,46,16,37,53
213996,12,9,2,0,0,0,5,0,5,0,5,5
213996,12,9,5,0,7,16,25,7,41,16,32,48
213996,13,10,1,0,1,1,0,1,1,1,1,2
213996,13,10,2,0,1,1,0,1,1,1,1,2
214041,1,412,1,2202,3109,687,1458,5311,2145,2889,4567,7456
214041,1,112,2,2156,2940,473,885,5096,1358,2629,3825,6454
214041,1,312,5,46,169,214,573,215,787,260,742,1002
214041,2,999,1,2057,2920,369,532,4977,901,2426,3452,5878
214041,2,999,2,2042,2824,333,430,4866,763,2375,3254,5629
214041,2,999,5,15,96,36,102,111,138,51,198,249
214041,3,1,1,5,21,27,42,26,69,32,63,95
214041,3,1,2,5,21,27,42,26,69,32,63,95
214041,4,2,1,861,1231,43,62,2092,105,904,1293,2197
214041,4,2,2,861,1231,43,62,2092,105,904,1293,2197
214041,5,3,1,830,1184,102,120,2014,222,932,1304,2236
214041,5,3,2,830,1181,101,117,2011,218,931,1298,2229
214041,5,3,5,0,3,1,3,3,4,1,6,7
214041,6,4,1,361,484,197,308,845,505,558,792,1350
214041,6,4,2,346,391,162,209,737,371,508,600,1108
214041,6,4,5,15,93,35,99,108,134,50,192,242
214041,7,999,1,145,189,318,925,334,1243,463,1114,1577
214041,7,999,2,114,116,140,454,230,594,254,570,824
214041,7,999,5,31,73,178,471,104,649,209,544,753
214041,8,5,1,108,102,138,358,210,496,246,460,706
214041,8,5,2,87,68,75,172,155,247,162,240,402
214041,8,5,5,21,34,63,186,55,249,84,220,304
214041,9,6,1,13,42,70,197,55,267,83,239,322
214041,9,6,2,10,24,30,113,34,143,40,137,177
214041,9,6,5,3,18,40,84,21,124,43,102,145
214041,10,7,1,11,24,46,129,35,175,57,153,210
214041,10,7,2,8,17,16,53,25,69,24,70,94
214041,10,7,5,3,7,30,76,10,106,33,83,116
214041,11,8,1,10,16,47,171,26,218,57,187,244
214041,11,8,2,7,5,14,81,12,95,21,86,107
214041,11,8,5,3,11,33,90,14,123,36,101,137
214041,12,9,1,3,5,16,68,8,84,19,73,92
214041,12,9,2,2,2,4,34,4,38,6,36,42
214041,12,9,5,1,3,12,34,4,46,13,37,50
214041,13,10,1,0,0,1,2,0,3,1,2,3
214041,13,10,2,0,0,1,1,0,2,1,1,2
214041,13,10,5,0,0,0,1,0,1,0,1,1
214041,14,11,1,0,0,0,1,0,1,0,1,1
214041,14,11,2,0,0,0,1,0,1,0,1,1
214069,1,412,1,603,1191,119,461,1794,580,722,1652,2374
214069,1,112,2,521,952,80,292,1473,372,601,1244,1845
214069,1,312,5,82,239,39,169,321,208,121,408,529
214069,2,999,1,585,1100,36,115,1685,151,621,1215,1836
214069,2,999,2,514,923,21,76,1437,97,535,999,1534
214069,2,999,5,71,177,15,39,248,54,86,216,302
214069,3,1,1,3,11,0,0,14,0,3,11,14
214069,3,1,2,3,11,0,0,14,0,3,11,14
214069,4,2,1,242,436,1,2,678,3,243,438,681
214069,4,2,2,242,436,1,1,678,2,243,437,680
214069,4,2,5,0,0,0,1,0,1,0,1,1
214069,5,3,1,229,436,3,14,665,17,232,450,682
214069,5,3,2,229,424,3,12,653,15,232,436,668
214069,5,3,5,0,12,0,2,12,2,0,14,14
214069,6,4,1,111,217,32,99,328,131,143,316,459
214069,6,4,2,40,52,17,63,92,80,57,115,172
214069,6,4,5,71,165,15,36,236,51,86,201,287
214069,7,999,1,18,91,83,345,109,428,101,436,537
214069,7,999,2,7,29,59,216,36,275,66,245,311
214069,7,999,5,11,62,24,129,73,153,35,191,226
214069,8,5,1,14,55,24,109,69,133,38,164,202
214069,8,5,2,5,16,18,68,21,86,23,84,107
214069,8,5,5,9,39,6,41,48,47,15,80,95
214069,9,6,1,1,15,15,80,16,95,16,95,111
214069,9,6,2,0,6,12,56,6,68,12,62,74
214069,9,6,5,1,9,3,24,10,27,4,33,37
214069,10,7,1,1,11,20,64,12,84,21,75,96
214069,10,7,2,1,3,14,37,4,51,15,40,55
214069,10,7,5,0,8,6,27,8,33,6,35,41
214069,11,8,1,2,8,18,71,10,89,20,79,99
214069,11,8,2,1,4,12,41,5,53,13,45,58
214069,11,8,5,1,4,6,30,5,36,7,34,41
214069,12,9,1,0,2,6,20,2,26,6,22,28
214069,12,9,2,0,0,3,13,0,16,3,13,16
214069,12,9,5,0,2,3,7,2,10,3,9,12
214069,13,10,1,0,0,0,1,0,1,0,1,1
214069,13,10,2,0,0,0,1,0,1,0,1,1
214069,14,11,1,0,0,0,1,0,1,0,1,1
214069,14,11,5,0,0,0,1,0,1,0,1,1
214148,1,412,1,0,372,1,16,372,17,1,388,389
214148,1,112,2,0,354,0,11,354,11,0,365,365
214148,1,312,5,0,18,1,5,18,6,1,23,24
214148,2,999,1,0,344,0,6,344,6,0,350,350
214148,2,999,2,0,337,0,6,337,6,0,343,343
214148,2,999,5,0,7,0,0,7,0,0,7,7
214148,3,1,1,0,2,0,0,2,0,0,2,2
214148,3,1,2,0,2,0,0,2,0,0,2,2
214148,4,2,1,0,111,0,0,111,0,0,111,111
214148,4,2,2,0,111,0,0,111,0,0,111,111
214148,5,3,1,0,148,0,1,148,1,0,149,149
214148,5,3,2,0,147,0,1,147,1,0,148,148
214148,5,3,5,0,1,0,0,1,0,0,1,1
214148,6,4,1,0,83,0,5,83,5,0,88,88
214148,6,4,2,0,77,0,5,77,5,0,82,82
214148,6,4,5,0,6,0,0,6,0,0,6,6
214148,7,999,1,0,28,1,10,28,11,1,38,39
214148,7,999,2,0,17,0,5,17,5,0,22,22
214148,7,999,5,0,11,1,5,11,6,1,16,17
214148,8,5,1,0,17,0,5,17,5,0,22,22
214148,8,5,2,0,15,0,4,15,4,0,19,19
214148,8,5,5,0,2,0,1,2,1,0,3,3
214148,9,6,1,0,5,1,1,5,2,1,6,7
214148,9,6,2,0,2,0,0,2,0,0,2,2
214148,9,6,5,0,3,1,1,3,2,1,4,5
214148,10,7,1,0,2,0,2,2,2,0,4,4
214148,10,7,5,0,2,0,2,2,2,0,4,4
214148,11,8,1,0,3,0,0,3,0,0,3,3
214148,11,8,5,0,3,0,0,3,0,0,3,3
214148,12,9,1,0,1,0,2,1,2,0,3,3
214148,12,9,2,0,0,0,1,0,1,0,1,1
214148,12,9,5,0,1,0,1,1,1,0,2,2
214157,1,412,1,780,1286,150,389,2066,539,930,1675,2605
214157,1,112,2,738,1121,35,103,1859,138,773,1224,1997
214157,1,312,5,42,165,115,286,207,401,157,451,608
214157,2,999,1,702,1167,35,82,1869,117,737,1249,1986
214157,2,999,2,683,1077,17,40,1760,57,700,1117,1817
214157,2,999,5,19,90,18,42,109,60,37,132,169
214157,3,1,1,7,19,13,19,26,32,20,38,58
214157,3,1,2,7,19,13,19,26,32,20,38,58
214157,4,2,1,299,464,2,2,763,4,301,466,767
214157,4,2,2,298,464,2,2,762,4,300,466,766
214157,4,2,5,1,0,0,0,1,0,1,0,1
214157,5,3,1,302,507,0,4,809,4,302,511,813
214157,5,3,2,301,502,0,4,803,4,301,506,807
214157,5,3,5,1,5,0,0,6,0,1,5,6
214157,6,4,1,94,177,20,57,271,77,114,234,348
214157,6,4,2,77,92,2,15,169,17,79,107,186
214157,6,4,5,17,85,18,42,102,60,35,127,162
214157,7,999,1,78,119,115,307,197,422,193,426,619
214157,7,999,2,55,44,18,63,99,81,73,107,180
214157,7,999,5,23,75,97,244,98,341,120,319,439
214157,8,5,1,48,78,46,98,126,144,94,176,270
214157,8,5,2,37,27,4,18,64,22,41,45,86
214157,8,5,5,11,51,42,80,62,122,53,131,184
214157,9,6,1,17,24,19,54,41,73,36,78,114
214157,9,6,2,12,9,4,15,21,19,16,24,40
214157,9,6,5,5,15,15,39,20,54,20,54,74
214157,10,7,1,7,7,21,55,14,76,28,62,90
214157,10,7,2,4,2,3,7,6,10,7,9,16
214157,10,7,5,3,5,18,48,8,66,21,53,74
214157,11,8,1,4,7,19,61,11,80,23,68,91
214157,11,8,2,2,4,4,18,6,22,6,22,28
214157,11,8,5,2,3,15,43,5,58,17,46,63
214157,12,9,1,1,3,9,35,4,44,10,38,48
214157,12,9,2,0,2,3,5,2,8,3,7,10
214157,12,9,5,1,1,6,30,2,36,7,31,38
214157,13,10,1,1,0,1,4,1,5,2,4,6
214157,13,10,5,1,0,1,4,1,5,2,4,6
214272,1,412,1,593,1010,253,650,1603,903,846,1660,2506
214272,1,112,2,525,916,166,335,1441,501,691,1251,1942
214272,1,312,5,68,94,87,315,162,402,155,409,564
214272,2,999,1,526,919,73,191,1445,264,599,1110,1709
214272,2,999,2,507,887,66,175,1394,241,573,1062,1635
214272,2,999,5,19,32,7,16,51,23,26,48,74
214272,3,1,1,1,8,37,54,9,91,38,62,100
214272,3,1,2,1,8,37,54,9,91,38,62,100
214272,4,2,1,232,468,8,6,700,14,240,474,714
214272,4,2,2,232,468,8,6,700,14,240,474,714
214272,5,3,1,199,319,3,39,518,42,202,358,560
214272,5,3,2,199,319,3,39,518,42,202,358,560
214272,6,4,1,94,124,25,92,218,117,119,216,335
214272,6,4,2,75,92,18,76,167,94,93,168,261
214272,6,4,5,19,32,7,16,51,23,26,48,74
214272,7,999,1,67,91,180,459,158,639,247,550,797
214272,7,999,2,18,29,100,160,47,260,118,189,307
214272,7,999,5,49,62,80,299,111,379,129,361,490
214272,8,5,1,32,50,46,99,82,145,78,149,227
214272,8,5,2,7,13,33,42,20,75,40,55,95
214272,8,5,5,25,37,13,57,62,70,38,94,132
214272,9,6,1,18,21,33,102,39,135,51,123,174
214272,9,6,2,4,7,16,47,11,63,20,54,74
214272,9,6,5,14,14,17,55,28,72,31,69,100
214272,10,7,1,11,8,29,85,19,114,40,93,133
214272,10,7,2,3,5,13,34,8,47,16,39,55
214272,10,7,5,8,3,16,51,11,67,24,54,78
214272,11,8,1,4,8,47,114,12,161,51,122,173
214272,11,8,2,3,2,26,27,5,53,29,29,58
214272,11,8,5,1,6,21,87,7,108,22,93,115
214272,12,9,1,2,4,23,57,6,80,25,61,86
214272,12,9,2,1,2,12,10,3,22,13,12,25
214272,12,9,5,1,2,11,47,3,58,12,49,61
214272,13,10,1,0,0,2,2,0,4,2,2,4
214272,13,10,5,0,0,2,2,0,4,2,2,4
214290,1,412,1,567,39,0,0,606,0,567,39,606
214290,1,112,2,567,39,0,0,606,0,567,39,606
214290,2,999,1,303,12,0,0,315,0,303,12,315
214290,2,999,2,303,12,0,0,315,0,303,12,315
214290,3,1,1,2,0,0,0,2,0,2,0,2
214290,3,1,2,2,0,0,0,2,0,2,0,2
214290,4,2,1,154,4,0,0,158,0,154,4,158
214290,4,2,2,154,4,0,0,158,0,154,4,158
214290,5,3,1,82,4,0,0,86,0,82,4,86
214290,5,3,2,82,4,0,0,86,0,82,4,86
214290,6,4,1,65,4,0,0,69,0,65,4,69
214290,6,4,2,65,4,0,0,69,0,65,4,69
214290,7,999,1,264,27,0,0,291,0,264,27,291
214290,7,999,2,264,27,0,0,291,0,264,27,291
214290,8,5,1,78,9,0,0,87,0,78,9,87
214290,8,5,2,78,9,0,0,87,0,78,9,87
214290,9,6,1,56,6,0,0,62,0,56,6,62
214290,9,6,2,56,6,0,0,62,0,56,6,62
214290,10,7,1,32,5,0,0,37,0,32,5,37
214290,10,7,2,32,5,0,0,37,0,32,5,37
214290,11,8,1,55,5,0,0,60,0,55,5,60
214290,11,8,2,55,5,0,0,60,0,55,5,60
214290,12,9,1,41,2,0,0,43,0,41,2,43
214290,12,9,2,41,2,0,0,43,0,41,2,43
214290,13,10,1,2,0,0,0,2,0,2,0,2
214290,13,10,2,2,0,0,0,2,0,2,0,2
214379,1,412,1,1549,2064,1573,3765,3613,5338,3122,5829,8951
214379,1,112,2,1549,2064,1573,3765,3613,5338,3122,5829,8951
214379,2,999,1,1373,1684,1051,1863,3057,2914,2424,3547,5971
214379,2,999,2,1373,1684,1051,1863,3057,2914,2424,3547,5971
214379,3,1,1,7,27,174,385,34,559,181,412,593
214379,3,1,2,7,27,174,385,34,559,181,412,593
214379,4,2,1,822,994,261,413,1816,674,1083,1407,2490
214379,4,2,2,822,994,261,413,1816,674,1083,1407,2490
214379,5,3,1,387,458,328,517,845,845,715,975,1690
214379,5,3,2,387,458,328,517,845,845,715,975,1690
214379,6,4,1,157,205,288,548,362,836,445,753,1198
214379,6,4,2,157,205,288,548,362,836,445,753,1198
214379,7,999,1,176,380,522,1902,556,2424,698,2282,2980
214379,7,999,2,176,380,522,1902,556,2424,698,2282,2980
214379,8,5,1,90,181,213,659,271,872,303,840,1143
214379,8,5,2,90,181,213,659,271,872,303,840,1143
214379,9,6,1,38,76,110,432,114,542,148,508,656
214379,9,6,2,38,76,110,432,114,542,148,508,656
214379,10,7,1,17,49,71,258,66,329,88,307,395
214379,10,7,2,17,49,71,258,66,329,88,307,395
214379,11,8,1,21,60,80,375,81,455,101,435,536
214379,11,8,2,21,60,80,375,81,455,101,435,536
214379,12,9,1,9,13,41,160,22,201,50,173,223
214379,12,9,2,9,13,41,160,22,201,50,173,223
214379,13,10,1,1,1,7,18,2,25,8,19,27
214379,13,10,2,1,1,7,18,2,25,8,19,27
214564,1,412,1,245,930,20,85,1175,105,265,1015,1280
214564,1,312,5,245,930,20,85,1175,105,265,1015,1280
214564,2,999,1,72,423,0,5,495,5,72,428,500
214564,2,999,5,72,423,0,5,495,5,72,428,500
214564,5,3,1,2,9,0,0,11,0,2,9,11
214564,5,3,5,2,9,0,0,11,0,2,9,11
214564,6,4,1,70,414,0,5,484,5,70,419,489
214564,6,4,5,70,414,0,5,484,5,70,419,489
214564,7,999,1,173,507,20,80,680,100,193,587,780
214564,7,999,5,173,507,20,80,680,100,193,587,780
214564,8,5,1,129,417,8,23,546,31,137,440,577
214564,8,5,5,129,417,8,23,546,31,137,440,577
214564,9,6,1,22,55,0,16,77,16,22,71,93
214564,9,6,5,22,55,0,16,77,16,22,71,93
214564,10,7,1,9,9,3,9,18,12,12,18,30
214564,10,7,5,9,9,3,9,18,12,12,18,30
214564,11,8,1,12,24,4,18,36,22,16,42,58
214564,11,8,5,12,24,4,18,36,22,16,42,58
214564,12,9,1,1,2,5,13,3,18,6,15,21
214564,12,9,5,1,2,5,13,3,18,6,15,21
214564,13,10,1,0,0,0,1,0,1,0,1,1
214564,13,10,5,0,0,0,1,0,1,0,1,1
214883,1,412,1,66,171,209,600,237,809,275,771,1046
214883,1,112,2,64,161,189,533,225,722,253,694,947
214883,1,312,5,2,10,20,67,12,87,22,77,99
214883,2,999,1,14,31,27,44,45,71,41,75,116
214883,2,999,2,14,30,25,43,44,68,39,73,112
214883,2,999,5,0,1,2,1,1,3,2,2,4
214883,4,2,1,1,1,0,2,2,2,1,3,4
214883,4,2,2,1,1,0,2,2,2,1,3,4
214883,5,3,1,2,3,6,7,5,13,8,10,18
214883,5,3,2,2,3,6,7,5,13,8,10,18
214883,6,4,1,11,27,21,35,38,56,32,62,94
214883,6,4,2,11,26,19,34,37,53,30,60,90
214883,6,4,5,0,1,2,1,1,3,2,2,4
214883,7,999,1,52,140,181,556,192,737,233,696,929
214883,7,999,2,50,131,163,490,181,653,213,621,834
214883,7,999,5,2,9,18,66,11,84,20,75,95
214883,8,5,1,18,44,46,113,62,159,64,157,221
214883,8,5,2,17,42,44,101,59,145,61,143,204
214883,8,5,5,1,2,2,12,3,14,3,14,17
214883,9,6,1,9,36,37,100,45,137,46,136,182
214883,9,6,2,8,34,36,88,42,124,44,122,166
214883,9,6,5,1,2,1,12,3,13,2,14,16
214883,10,7,1,10,21,24,90,31,114,34,111,145
214883,10,7,2,10,18,22,80,28,102,32,98,130
214883,10,7,5,0,3,2,10,3,12,2,13,15
214883,11,8,1,9,28,42,147,37,189,51,175,226
214883,11,8,2,9,27,37,128,36,165,46,155,201
214883,11,8,5,0,1,5,19,1,24,5,20,25
214883,12,9,1,6,11,31,101,17,132,37,112,149
214883,12,9,2,6,10,24,88,16,112,30,98,128
214883,12,9,5,0,1,7,13,1,20,7,14,21
214883,13,10,1,0,0,1,5,0,6,1,5,6
214883,13,10,2,0,0,0,5,0,5,0,5,5
214883,13,10,5,0,0,1,0,0,1,1,0,1
214883,14,11,1,0,0,1,0,0,1,1,0,1
214883,14,11,2,0,0,1,0,0,1,1,0,1
215053,1,412,1,71,166,2,3,237,5,73,169,242
215053,1,112,2,71,166,2,3,237,5,73,169,242
215053,2,999,1,69,163,1,2,232,3,70,165,235
215053,2,999,2,69,163,1,2,232,3,70,165,235
215053,3,1,1,1,1,0,1,2,1,1,2,3
215053,3,1,2,1,1,0,1,2,1,1,2,3
215053,4,2,1,26,75,0,1,101,1,26,76,102
215053,4,2,2,26,75,0,1,101,1,26,76,102
215053,5,3,1,30,63,0,0,93,0,30,63,93
215053,5,3,2,30,63,0,0,93,0,30,63,93
215053,6,4,1,12,24,1,0,36,1,13,24,37
215053,6,4,2,12,24,1,0,36,1,13,24,37
215053,7,999,1,2,3,1,1,5,2,3,4,7
215053,7,999,2,2,3,1,1,5,2,3,4,7
215053,8,5,1,1,3,1,1,4,2,2,4,6
215053,8,5,2,1,3,1,1,4,2,2,4,6
215053,9,6,1,1,0,0,0,1,0,1,0,1
215053,9,6,2,1,0,0,0,1,0,1,0,1
215062,1,412,1,10016,11769,1817,2950,21785,4767,11833,14719,26552
215062,1,112,2,4560,5400,405,790,9960,1195,4965,6190,11155
215062,1,312,5,5456,6369,1412,2160,11825,3572,6868,8529,15397
215062,2,999,1,6046,7541,423,710,13587,1133,6469,8251,14720
215062,2,999,2,4507,5289,178,334,9796,512,4685,5623,10308
215062,2,999,5,1539,2252,245,376,3791,621,1784,2628,4412
215062,3,1,1,68,86,27,49,154,76,95,135,230
215062,3,1,2,68,86,27,49,154,76,95,135,230
215062,4,2,1,1870,2299,30,34,4169,64,1900,2333,4233
215062,4,2,2,1869,2297,30,34,4166,64,1899,2331,4230
215062,4,2,5,1,2,0,0,3,0,1,2,3
215062,5,3,1,2191,2649,59,93,4840,152,2250,2742,4992
215062,5,3,2,2137,2553,37,66,4690,103,2174,2619,4793
215062,5,3,5,54,96,22,27,150,49,76,123,199
215062,6,4,1,1917,2507,307,534,4424,841,2224,3041,5265
215062,6,4,2,433,353,84,185,786,269,517,538,1055
215062,6,4,5,1484,2154,223,349,3638,572,1707,2503,4210
215062,7,999,1,3970,4228,1394,2240,8198,3634,5364,6468,11832
215062,7,999,2,53,111,227,456,164,683,280,567,847
215062,7,999,5,3917,4117,1167,1784,8034,2951,5084,5901,10985
215062,8,5,1,2515,2943,524,811,5458,1335,3039,3754,6793
215062,8,5,2,36,80,84,165,116,249,120,245,365
215062,8,5,5,2479,2863,440,646,5342,1086,2919,3509,6428
215062,9,6,1,887,799,366,558,1686,924,1253,1357,2610
215062,9,6,2,6,19,42,97,25,139,48,116,164
215062,9,6,5,881,780,324,461,1661,785,1205,1241,2446
215062,10,7,1,301,225,193,305,526,498,494,530,1024
215062,10,7,2,5,7,32,53,12,85,37,60,97
215062,10,7,5,296,218,161,252,514,413,457,470,927
215062,11,8,1,202,189,190,325,391,515,392,514,906
215062,11,8,2,5,2,36,68,7,104,41,70,111
215062,11,8,5,197,187,154,257,384,411,351,444,795
215062,12,9,1,60,68,99,224,128,323,159,292,451
215062,12,9,2,1,2,27,65,3,92,28,67,95
215062,12,9,5,59,66,72,159,125,231,131,225,356
215062,13,10,1,5,4,22,17,9,39,27,21,48
215062,13,10,2,0,1,6,8,1,14,6,9,15
215062,13,10,5,5,3,16,9,8,25,21,12,33
215105,1,412,1,496,953,27,54,1449,81,523,1007,1530
215105,1,112,2,458,884,16,22,1342,38,474,906,1380
215105,1,312,5,38,69,11,32,107,43,49,101,150
215105,2,999,1,449,893,14,19,1342,33,463,912,1375
215105,2,999,2,440,870,12,18,1310,30,452,888,1340
215105,2,999,5,9,23,2,1,32,3,11,24,35
215105,3,1,1,2,4,1,0,6,1,3,4,7
215105,3,1,2,2,4,1,0,6,1,3,4,7
215105,4,2,1,153,379,0,3,532,3,153,382,535
215105,4,2,2,153,379,0,3,532,3,153,382,535
215105,5,3,1,219,392,3,8,611,11,222,400,622
215105,5,3,2,219,391,3,8,610,11,222,399,621
215105,5,3,5,0,1,0,0,1,0,0,1,1
215105,6,4,1,75,118,10,8,193,18,85,126,211
215105,6,4,2,66,96,8,7,162,15,74,103,177
215105,6,4,5,9,22,2,1,31,3,11,23,34
215105,7,999,1,47,60,13,35,107,48,60,95,155
215105,7,999,2,18,14,4,4,32,8,22,18,40
215105,7,999,5,29,46,9,31,75,40,38,77,115
215105,8,5,1,30,39,4,11,69,15,34,50,84
215105,8,5,2,13,10,3,2,23,5,16,12,28
215105,8,5,5,17,29,1,9,46,10,18,38,56
215105,9,6,1,6,13,3,8,19,11,9,21,30
215105,9,6,2,1,2,1,0,3,1,2,2,4
215105,9,6,5,5,11,2,8,16,10,7,19,26
215105,10,7,1,5,6,2,5,11,7,7,11,18
215105,10,7,2,1,1,0,1,2,1,1,2,3
215105,10,7,5,4,5,2,4,9,6,6,9,15
215105,11,8,1,3,1,2,7,4,9,5,8,13
215105,11,8,2,0,0,0,1,0,1,0,1,1
215105,11,8,5,3,1,2,6,4,8,5,7,12
215105,12,9,1,3,1,2,4,4,6,5,5,10
215105,12,9,2,3,1,0,0,4,0,3,1,4
215105,12,9,5,0,0,2,4,0,6,2,4,6
215132,1,412,1,658,1383,134,200,2041,334,792,1583,2375
215132,1,112,2,473,909,40,39,1382,79,513,948,1461
215132,1,312,5,185,474,94,161,659,255,279,635,914
215132,2,999,1,596,1237,14,37,1833,51,610,1274,1884
215132,2,999,2,465,901,6,4,1366,10,471,905,1376
215132,2,999,5,131,336,8,33,467,41,139,369,508
215132,3,1,1,3,5,0,0,8,0,3,5,8
215132,3,1,2,3,5,0,0,8,0,3,5,8
215132,4,2,1,209,470,1,0,679,1,210,470,680
215132,4,2,2,209,470,1,0,679,1,210,470,680
215132,5,3,1,209,380,3,2,589,5,212,382,594
215132,5,3,2,208,378,2,2,586,4,210,380,590
215132,5,3,5,1,2,1,0,3,1,2,2,4
215132,6,4,1,175,382,10,35,557,45,185,417,602
215132,6,4,2,45,48,3,2,93,5,48,50,98
215132,6,4,5,130,334,7,33,464,40,137,367,504
215132,7,999,1,62,146,86,127,208,213,148,273,421
215132,7,999,2,8,8,0,1,16,1,8,9,17
215132,7,999,5,54,138,86,126,192,212,140,264,404
215132,8,5,1,44,116,30,61,160,91,74,177,251
215132,8,5,2,4,4,0,0,8,0,4,4,8
215132,8,5,5,40,112,30,61,152,91,70,173,243
215132,9,6,1,12,18,24,25,30,49,36,43,79
215132,9,6,2,2,4,0,1,6,1,2,5,7
215132,9,6,5,10,14,24,24,24,48,34,38,72
215132,10,7,1,4,3,15,15,7,30,19,18,37
215132,10,7,2,1,0,0,0,1,0,1,0,1
215132,10,7,5,3,3,15,15,6,30,18,18,36
215132,11,8,1,2,7,8,13,9,21,10,20,30
215132,11,8,2,1,0,0,0,1,0,1,0,1
215132,11,8,5,1,7,8,13,8,21,9,20,29
215132,12,9,1,0,2,8,13,2,21,8,15,23
215132,12,9,5,0,2,8,13,2,21,8,15,23
215132,13,10,1,0,0,1,0,0,1,1,0,1
215132,13,10,5,0,0,1,0,0,1,1,0,1
215132,14,11,1,0,0,34,36,0,70,34,36,70
215132,14,11,2,0,0,34,34,0,68,34,34,68
215132,14,11,5,0,0,0,2,0,2,0,2,2
215239,1,412,1,1532,2744,2801,6595,4276,9396,4333,9339,13672
215239,1,112,2,1532,2744,2801,6595,4276,9396,4333,9339,13672
215239,2,999,1,1218,2171,1579,2925,3389,4504,2797,5096,7893
215239,2,999,2,1218,2171,1579,2925,3389,4504,2797,5096,7893
215239,3,1,1,380,725,320,564,1105,884,700,1289,1989
215239,3,1,2,380,725,320,564,1105,884,700,1289,1989
215239,4,2,1,257,426,266,403,683,669,523,829,1352
215239,4,2,2,257,426,266,403,683,669,523,829,1352
215239,5,3,1,363,624,470,948,987,1418,833,1572,2405
215239,5,3,2,363,624,470,948,987,1418,833,1572,2405
215239,6,4,1,218,396,523,1010,614,1533,741,1406,2147
215239,6,4,2,218,396,523,1010,614,1533,741,1406,2147
215239,7,999,1,314,572,1170,3587,886,4757,1484,4159,5643
215239,7,999,2,314,572,1170,3587,886,4757,1484,4159,5643
215239,8,5,1,159,314,481,1388,473,1869,640,1702,2342
215239,8,5,2,159,314,481,1388,473,1869,640,1702,2342
215239,9,6,1,91,137,286,979,228,1265,377,1116,1493
215239,9,6,2,91,137,286,979,228,1265,377,1116,1493
215239,10,7,1,38,54,171,508,92,679,209,562,771
215239,10,7,2,38,54,171,508,92,679,209,562,771
215239,11,8,1,18,52,148,482,70,630,166,534,700
215239,11,8,2,18,52,148,482,70,630,166,534,700
215239,12,9,1,8,13,76,205,21,281,84,218,302
215239,12,9,2,8,13,76,205,21,281,84,218,302
215239,13,10,1,0,2,8,25,2,33,8,27,35
215239,13,10,2,0,2,8,25,2,33,8,27,35
215239,14,11,1,0,1,52,83,1,135,52,84,136
215239,14,11,2,0,1,52,83,1,135,52,84,136
215266,1,412,1,528,730,15,32,1258,47,543,762,1305
215266,1,112,2,528,730,15,32,1258,47,543,762,1305
215266,2,999,1,512,700,8,11,1212,19,520,711,1231
215266,2,999,2,512,700,8,11,1212,19,520,711,1231
215266,3,1,1,6,15,0,0,21,0,6,15,21
215266,3,1,2,6,15,0,0,21,0,6,15,21
215266,4,2,1,262,374,3,1,636,4,265,375,640
215266,4,2,2,262,374,3,1,636,4,265,375,640
215266,5,3,1,189,246,3,7,435,10,192,253,445
215266,5,3,2,189,246,3,7,435,10,192,253,445
215266,6,4,1,55,65,2,3,120,5,57,68,125
215266,6,4,2,55,65,2,3,120,5,57,68,125
215266,7,999,1,16,30,7,21,46,28,23,51,74
215266,7,999,2,16,30,7,21,46,28,23,51,74
215266,8,5,1,8,11,1,5,19,6,9,16,25
215266,8,5,2,8,11,1,5,19,6,9,16,25
215266,9,6,1,5,2,1,3,7,4,6,5,11
215266,9,6,2,5,2,1,3,7,4,6,5,11
215266,10,7,1,3,6,3,2,9,5,6,8,14
215266,10,7,2,3,6,3,2,9,5,6,8,14
215266,11,8,1,0,8,1,9,8,10,1,17,18
215266,11,8,2,0,8,1,9,8,10,1,17,18
215266,12,9,1,0,3,0,2,3,2,0,5,5
215266,12,9,2,0,3,0,2,3,2,0,5,5
215266,13,10,1,0,0,1,0,0,1,1,0,1
215266,13,10,2,0,0,1,0,0,1,1,0,1
215275,1,412,1,571,761,37,39,1332,76,608,800,1408
215275,1,112,2,571,761,37,39,1332,76,608,800,1408
215275,2,999,1,536,732,23,23,1268,46,559,755,1314
215275,2,999,2,536,732,23,23,1268,46,559,755,1314
215275,3,1,1,2,7,3,2,9,5,5,9,14
215275,3,1,2,2,7,3,2,9,5,5,9,14
215275,4,2,1,227,368,4,4,595,8,231,372,603
215275,4,2,2,227,368,4,4,595,8,231,372,603
215275,5,3,1,213,281,3,5,494,8,216,286,502
215275,5,3,2,213,281,3,5,494,8,216,286,502
215275,6,4,1,94,76,13,12,170,25,107,88,195
215275,6,4,2,94,76,13,12,170,25,107,88,195
215275,7,999,1,35,29,14,16,64,30,49,45,94
215275,7,999,2,35,29,14,16,64,30,49,45,94
215275,8,5,1,18,19,9,7,37,16,27,26,53
215275,8,5,2,18,19,9,7,37,16,27,26,53
215275,9,6,1,9,4,2,0,13,2,11,4,15
215275,9,6,2,9,4,2,0,13,2,11,4,15
215275,10,7,1,5,2,1,3,7,4,6,5,11
215275,10,7,2,5,2,1,3,7,4,6,5,11
215275,11,8,1,3,4,2,6,7,8,5,10,15
215275,11,8,2,3,4,2,6,7,8,5,10,15
215284,1,412,1,1291,1003,34,28,2294,62,1325,1031,2356
215284,1,112,2,1291,1003,34,28,2294,62,1325,1031,2356
215284,2,999,1,1262,982,21,18,2244,39,1283,1000,2283
215284,2,999,2,1262,982,21,18,2244,39,1283,1000,2283
215284,3,1,1,3,1,2,0,4,2,5,1,6
215284,3,1,2,3,1,2,0,4,2,5,1,6
215284,4,2,1,515,425,3,3,940,6,518,428,946
215284,4,2,2,515,425,3,3,940,6,518,428,946
215284,5,3,1,525,452,6,5,977,11,531,457,988
215284,5,3,2,525,452,6,5,977,11,531,457,988
215284,6,4,1,219,104,10,10,323,20,229,114,343
215284,6,4,2,219,104,10,10,323,20,229,114,343
215284,7,999,1,29,21,13,10,50,23,42,31,73
215284,7,999,2,29,21,13,10,50,23,42,31,73
215284,8,5,1,19,12,10,3,31,13,29,15,44
215284,8,5,2,19,12,10,3,31,13,29,15,44
215284,9,6,1,4,6,0,2,10,2,4,8,12
215284,9,6,2,4,6,0,2,10,2,4,8,12
215284,10,7,1,4,2,0,1,6,1,4,3,7
215284,10,7,2,4,2,0,1,6,1,4,3,7
215284,11,8,1,2,0,0,1,2,1,2,1,3
215284,11,8,2,2,0,0,1,2,1,2,1,3
215284,12,9,1,0,1,3,3,1,6,3,4,7
215284,12,9,2,0,1,3,3,1,6,3,4,7
215293,1,412,1,11332,14011,2850,4084,25343,6934,14182,18095,32277
215293,1,112,2,8333,9965,2081,2778,18298,4859,10414,12743,23157
215293,1,312,5,2999,4046,769,1306,7045,2075,3768,5352,9120
215293,2,999,1,9166,11763,1979,2758,20929,4737,11145,14521,25666
215293,2,999,2,8089,9799,1887,2589,17888,4476,9976,12388,22364
215293,2,999,5,1077,1964,92,169,3041,261,1169,2133,3302
215293,3,1,1,74,143,1353,2059,217,3412,1427,2202,3629
215293,3,1,2,74,143,1353,2059,217,3412,1427,2202,3629
215293,4,2,1,3213,4528,244,278,7741,522,3457,4806,8263
215293,4,2,2,3213,4528,244,278,7741,522,3457,4806,8263
215293,5,3,1,3792,4447,118,124,8239,242,3910,4571,8481
215293,5,3,2,3752,4368,117,118,8120,235,3869,4486,8355
215293,5,3,5,40,79,1,6,119,7,41,85,126
215293,6,4,1,2087,2645,264,297,4732,561,2351,2942,5293
215293,6,4,2,1050,760,173,134,1810,307,1223,894,2117
215293,6,4,5,1037,1885,91,163,2922,254,1128,2048,3176
215293,7,999,1,2166,2248,866,1324,4414,2190,3032,3572,6604
215293,7,999,2,244,166,191,189,410,380,435,355,790
215293,7,999,5,1922,2082,675,1135,4004,1810,2597,3217,5814
215293,8,5,1,1414,1497,366,465,2911,831,1780,1962,3742
215293,8,5,2,168,112,87,69,280,156,255,181,436
215293,8,5,5,1246,1385,279,396,2631,675,1525,1781,3306
215293,9,6,1,514,465,219,298,979,517,733,763,1496
215293,9,6,2,51,40,49,35,91,84,100,75,175
215293,9,6,5,463,425,170,263,888,433,633,688,1321
215293,10,7,1,140,159,145,171,299,316,285,330,615
215293,10,7,2,15,9,24,20,24,44,39,29,68
215293,10,7,5,125,150,121,151,275,272,246,301,547
215293,11,8,1,86,96,95,246,182,341,181,342,523
215293,11,8,2,7,4,20,28,11,48,27,32,59
215293,11,8,5,79,92,75,218,171,293,154,310,464
215293,12,9,1,12,29,35,138,41,173,47,167,214
215293,12,9,2,3,1,7,34,4,41,10,35,45
215293,12,9,5,9,28,28,104,37,132,37,132,169
215293,13,10,1,0,2,6,6,2,12,6,8,14
215293,13,10,2,0,0,4,3,0,7,4,3,7
215293,13,10,5,0,2,2,3,2,5,2,5,7
215293,14,11,1,0,0,5,2,0,7,5,2,7
215293,14,11,2,0,0,3,0,0,3,3,0,3
215293,14,11,5,0,0,2,2,0,4,2,2,4
215309,1,412,1,4,19,0,10,23,10,4,29,33
215309,1,112,2,4,19,0,10,23,10,4,29,33
215309,2,999,1,2,9,0,3,11,3,2,12,14
215309,2,999,2,2,9,0,3,11,3,2,12,14
215309,4,2,1,1,3,0,0,4,0,1,3,4
215309,4,2,2,1,3,0,0,4,0,1,3,4
215309,5,3,1,1,6,0,2,7,2,1,8,9
215309,5,3,2,1,6,0,2,7,2,1,8,9
215309,6,4,1,0,0,0,1,0,1,0,1,1
215309,6,4,2,0,0,0,1,0,1,0,1,1
215309,7,999,1,2,10,0,7,12,7,2,17,19
215309,7,999,2,2,10,0,7,12,7,2,17,19
215309,8,5,1,2,4,0,1,6,1,2,5,7
215309,8,5,2,2,4,0,1,6,1,2,5,7
215309,9,6,1,0,4,0,2,4,2,0,6,6
215309,9,6,2,0,4,0,2,4,2,0,6,6
215309,10,7,1,0,0,0,3,0,3,0,3,3
215309,10,7,2,0,0,0,3,0,3,0,3,3
215309,11,8,1,0,2,0,0,2,0,0,2,2
215309,11,8,2,0,2,0,0,2,0,0,2,2
215309,12,9,1,0,0,0,1,0,1,0,1,1
215309,12,9,2,0,0,0,1,0,1,0,1,1
215424,1,412,1,86,77,20,26,163,46,106,103,209
215424,1,312,5,86,77,20,26,163,46,106,103,209
215424,2,999,1,4,7,2,1,11,3,6,8,14
215424,2,999,5,4,7,2,1,11,3,6,8,14
215424,6,4,1,4,7,2,1,11,3,6,8,14
215424,6,4,5,4,7,2,1,11,3,6,8,14
215424,7,999,1,82,70,18,25,152,43,100,95,195
215424,7,999,5,82,70,18,25,152,43,100,95,195
215424,8,5,1,12,10,2,2,22,4,14,12,26
215424,8,5,5,12,10,2,2,22,4,14,12,26
215424,9,6,1,5,8,1,2,13,3,6,10,16
215424,9,6,5,5,8,1,2,13,3,6,10,16
215424,10,7,1,15,4,3,3,19,6,18,7,25
215424,10,7,5,15,4,3,3,19,6,18,7,25
215424,11,8,1,21,18,4,6,39,10,25,24,49
215424,11,8,5,21,18,4,6,39,10,25,24,49
215424,12,9,1,22,25,6,6,47,12,28,31,59
215424,12,9,5,22,25,6,6,47,12,28,31,59
215424,13,10,1,7,5,2,6,12,8,9,11,20
215424,13,10,5,7,5,2,6,12,8,9,11,20
215442,1,412,1,974,1606,389,622,2580,1011,1363,2228,3591
215442,1,112,2,905,1505,172,209,2410,381,1077,1714,2791
215442,1,312,5,69,101,217,413,170,630,286,514,800
215442,2,999,1,838,1441,47,88,2279,135,885,1529,2414
215442,2,999,2,812,1397,30,38,2209,68,842,1435,2277
215442,2,999,5,26,44,17,50,70,67,43,94,137
215442,3,1,1,5,11,0,0,16,0,5,11,16
215442,3,1,2,5,11,0,0,16,0,5,11,16
215442,4,2,1,310,628,1,5,938,6,311,633,944
215442,4,2,2,310,628,1,5,938,6,311,633,944
215442,5,3,1,338,600,13,16,938,29,351,616,967
215442,5,3,2,338,598,13,14,936,27,351,612,963
215442,5,3,5,0,2,0,2,2,2,0,4,4
215442,6,4,1,185,202,33,67,387,100,218,269,487
215442,6,4,2,159,160,16,19,319,35,175,179,354
215442,6,4,5,26,42,17,48,68,65,43,90,133
215442,7,999,1,136,165,340,534,301,874,476,699,1175
215442,7,999,2,93,108,142,171,201,313,235,279,514
215442,7,999,5,43,57,198,363,100,561,241,420,661
215442,8,5,1,79,94,70,144,173,214,149,238,387
215442,8,5,2,57,62,28,30,119,58,85,92,177
215442,8,5,5,22,32,42,114,54,156,64,146,210
215442,9,6,1,28,34,76,106,62,182,104,140,244
215442,9,6,2,21,18,33,46,39,79,54,64,118
215442,9,6,5,7,16,43,60,23,103,50,76,126
215442,10,7,1,9,15,64,91,24,155,73,106,179
215442,10,7,2,5,14,27,33,19,60,32,47,79
215442,10,7,5,4,1,37,58,5,95,41,59,100
215442,11,8,1,18,13,102,124,31,226,120,137,257
215442,11,8,2,10,7,44,39,17,83,54,46,100
215442,11,8,5,8,6,58,85,14,143,66,91,157
215442,12,9,1,2,8,27,69,10,96,29,77,106
215442,12,9,2,0,6,10,23,6,33,10,29,39
215442,12,9,5,2,2,17,46,4,63,19,48,67
215442,13,10,1,0,1,1,0,1,1,1,1,2
215442,13,10,2,0,1,0,0,1,0,0,1,1
215442,13,10,5,0,0,1,0,0,1,1,0,1
215442,14,11,1,0,0,2,0,0,2,2,0,2
215442,14,11,5,0,0,2,0,0,2,2,0,2
215479,1,412,1,9,51,0,0,60,0,9,51,60
215479,1,112,2,9,51,0,0,60,0,9,51,60
215479,2,999,1,3,36,0,0,39,0,3,36,39
215479,2,999,2,3,36,0,0,39,0,3,36,39
215479,4,2,1,0,4,0,0,4,0,0,4,4
215479,4,2,2,0,4,0,0,4,0,0,4,4
215479,5,3,1,2,18,0,0,20,0,2,18,20
215479,5,3,2,2,18,0,0,20,0,2,18,20
215479,6,4,1,1,14,0,0,15,0,1,14,15
215479,6,4,2,1,14,0,0,15,0,1,14,15
215479,7,999,1,6,15,0,0,21,0,6,15,21
215479,7,999,2,6,15,0,0,21,0,6,15,21
215479,8,5,1,3,3,0,0,6,0,3,3,6
215479,8,5,2,3,3,0,0,6,0,3,3,6
215479,9,6,1,0,7,0,0,7,0,0,7,7
215479,9,6,2,0,7,0,0,7,0,0,7,7
215479,10,7,1,2,2,0,0,4,0,2,2,4
215479,10,7,2,2,2,0,0,4,0,2,2,4
215479,11,8,1,1,2,0,0,3,0,1,2,3
215479,11,8,2,1,2,0,0,3,0,1,2,3
215479,12,9,1,0,1,0,0,1,0,0,1,1
215479,12,9,2,0,1,0,0,1,0,0,1,1
215585,1,412,1,378,577,891,2078,955,2969,1269,2655,3924
215585,1,112,2,378,577,891,2078,955,2969,1269,2655,3924
215585,2,999,1,316,469,644,1251,785,1895,960,1720,2680
215585,2,999,2,316,469,644,1251,785,1895,960,1720,2680
215585,3,1,1,12,25,206,350,37,556,218,375,593
215585,3,1,2,12,25,206,350,37,556,218,375,593
215585,4,2,1,170,291,171,304,461,475,341,595,936
215585,4,2,2,170,291,171,304,461,475,341,595,936
215585,5,3,1,98,102,138,316,200,454,236,418,654
215585,5,3,2,98,102,138,316,200,454,236,418,654
215585,6,4,1,36,51,129,281,87,410,165,332,497
215585,6,4,2,36,51,129,281,87,410,165,332,497
215585,7,999,1,62,108,247,827,170,1074,309,935,1244
215585,7,999,2,62,108,247,827,170,1074,309,935,1244
215585,8,5,1,25,43,96,315,68,411,121,358,479
215585,8,5,2,25,43,96,315,68,411,121,358,479
215585,9,6,1,18,32,44,196,50,240,62,228,290
215585,9,6,2,18,32,44,196,50,240,62,228,290
215585,10,7,1,7,15,36,138,22,174,43,153,196
215585,10,7,2,7,15,36,138,22,174,43,153,196
215585,11,8,1,7,16,39,129,23,168,46,145,191
215585,11,8,2,7,16,39,129,23,168,46,145,191
215585,12,9,1,4,2,28,48,6,76,32,50,82
215585,12,9,2,4,2,28,48,6,76,32,50,82
215585,13,10,1,1,0,4,1,1,5,5,1,6
215585,13,10,2,1,0,4,1,1,5,5,1,6
215655,1,412,1,1690,1380,507,557,3070,1064,2197,1937,4134
215655,1,112,2,1690,1380,143,99,3070,242,1833,1479,3312
215655,1,312,5,0,0,364,458,0,822,364,458,822
215655,2,999,1,1504,1294,67,81,2798,148,1571,1375,2946
215655,2,999,2,1504,1294,36,26,2798,62,1540,1320,2860
215655,2,999,5,0,0,31,55,0,86,31,55,86
215655,4,2,1,153,183,3,1,336,4,156,184,340
215655,4,2,2,153,183,3,1,336,4,156,184,340
215655,5,3,1,671,583,4,5,1254,9,675,588,1263
215655,5,3,2,671,583,4,5,1254,9,675,588,1263
215655,6,4,1,680,528,60,75,1208,135,740,603,1343
215655,6,4,2,680,528,29,20,1208,49,709,548,1257
215655,6,4,5,0,0,31,55,0,86,31,55,86
215655,7,999,1,185,86,439,476,271,915,624,562,1186
215655,7,999,2,185,86,107,73,271,180,292,159,451
215655,7,999,5,0,0,332,403,0,735,332,403,735
215655,8,5,1,131,59,154,129,190,283,285,188,473
215655,8,5,2,131,59,46,12,190,58,177,71,248
215655,8,5,5,0,0,108,117,0,225,108,117,225
215655,9,6,1,27,17,87,103,44,190,114,120,234
215655,9,6,2,27,17,20,17,44,37,47,34,81
215655,9,6,5,0,0,67,86,0,153,67,86,153
215655,10,7,1,17,6,77,67,23,144,94,73,167
215655,10,7,2,17,6,22,12,23,34,39,18,57
215655,10,7,5,0,0,55,55,0,110,55,55,110
215655,11,8,1,8,4,73,112,12,185,81,116,197
215655,11,8,2,8,4,13,19,12,32,21,23,44
215655,11,8,5,0,0,60,93,0,153,60,93,153
215655,12,9,1,2,0,48,64,2,112,50,64,114
215655,12,9,2,2,0,6,13,2,19,8,13,21
215655,12,9,5,0,0,42,51,0,93,42,51,93
215655,13,10,1,0,0,0,1,0,1,0,1,1
215655,13,10,5,0,0,0,1,0,1,0,1,1
215655,14,11,1,1,0,1,0,1,1,2,0,2
215655,14,11,2,1,0,0,0,1,0,1,0,1
215655,14,11,5,0,0,1,0,0,1,1,0,1
215813,1,412,1,39,0,9,6,39,15,48,6,54
215813,1,312,5,39,0,9,6,39,15,48,6,54
215813,2,999,1,8,0,0,0,8,0,8,0,8
215813,2,999,5,8,0,0,0,8,0,8,0,8
215813,5,3,1,1,0,0,0,1,0,1,0,1
215813,5,3,5,1,0,0,0,1,0,1,0,1
215813,6,4,1,7,0,0,0,7,0,7,0,7
215813,6,4,5,7,0,0,0,7,0,7,0,7
215813,7,999,1,31,0,9,6,31,15,40,6,46
215813,7,999,5,31,0,9,6,31,15,40,6,46
215813,8,5,1,12,0,0,0,12,0,12,0,12
215813,8,5,5,12,0,0,0,12,0,12,0,12
215813,9,6,1,11,0,0,0,11,0,11,0,11
215813,9,6,5,11,0,0,0,11,0,11,0,11
215813,10,7,1,3,0,0,0,3,0,3,0,3
215813,10,7,5,3,0,0,0,3,0,3,0,3
215813,11,8,1,2,0,2,3,2,5,4,3,7
215813,11,8,5,2,0,2,3,2,5,4,3,7
215813,12,9,1,3,0,5,3,3,8,8,3,11
215813,12,9,5,3,0,5,3,3,8,8,3,11
215813,13,10,1,0,0,2,0,0,2,2,0,2
215813,13,10,5,0,0,2,0,0,2,2,0,2
215929,1,412,1,1619,2392,374,572,4011,946,1993,2964,4957
215929,1,112,2,1439,2060,79,80,3499,159,1518,2140,3658
215929,1,312,5,180,332,295,492,512,787,475,824,1299
215929,2,999,1,1515,2266,102,160,3781,262,1617,2426,4043
215929,2,999,2,1421,2056,61,63,3477,124,1482,2119,3601
215929,2,999,5,94,210,41,97,304,138,135,307,442
215929,3,1,1,12,27,16,30,39,46,28,57,85
215929,3,1,2,12,27,16,30,39,46,28,57,85
215929,4,2,1,667,1039,11,6,1706,17,678,1045,1723
215929,4,2,2,667,1039,11,6,1706,17,678,1045,1723
215929,5,3,1,645,940,10,15,1585,25,655,955,1610
215929,5,3,2,642,929,10,14,1571,24,652,943,1595
215929,5,3,5,3,11,0,1,14,1,3,12,15
215929,6,4,1,191,260,65,109,451,174,256,369,625
215929,6,4,2,100,61,24,13,161,37,124,74,198
215929,6,4,5,91,199,41,96,290,137,132,295,427
215929,7,999,1,104,126,272,412,230,684,376,538,914
215929,7,999,2,18,4,18,17,22,35,36,21,57
215929,7,999,5,86,122,254,395,208,649,340,517,857
215929,8,5,1,50,52,70,135,102,205,120,187,307
215929,8,5,2,11,2,6,3,13,9,17,5,22
215929,8,5,5,39,50,64,132,89,196,103,182,285
215929,9,6,1,24,30,75,91,54,166,99,121,220
215929,9,6,2,2,1,2,4,3,6,4,5,9
215929,9,6,5,22,29,73,87,51,160,95,116,211
215929,10,7,1,11,22,54,72,33,126,65,94,159
215929,10,7,2,2,1,2,3,3,5,4,4,8
215929,10,7,5,9,21,52,69,30,121,61,90,151
215929,11,8,1,11,18,45,75,29,120,56,93,149
215929,11,8,2,2,0,5,2,2,7,7,2,9
215929,11,8,5,9,18,40,73,27,113,49,91,140
215929,12,9,1,7,3,27,35,10,62,34,38,72
215929,12,9,2,1,0,3,4,1,7,4,4,8
215929,12,9,5,6,3,24,31,9,55,30,34,64
215929,13,10,1,1,1,1,4,2,5,2,5,7
215929,13,10,2,0,0,0,1,0,1,0,1,1
215929,13,10,5,1,1,1,3,2,4,2,4,6
216010,1,412,1,2306,2679,477,668,4985,1145,2783,3347,6130
216010,1,112,2,2225,2508,266,325,4733,591,2491,2833,5324
216010,1,312,5,81,171,211,343,252,554,292,514,806
216010,2,999,1,2187,2529,229,253,4716,482,2416,2782,5198
216010,2,999,2,2136,2438,203,204,4574,407,2339,2642,4981
216010,2,999,5,51,91,26,49,142,75,77,140,217
216010,3,1,1,18,34,46,76,52,122,64,110,174
216010,3,1,2,18,34,46,76,52,122,64,110,174
216010,4,2,1,967,1152,30,18,2119,48,997,1170,2167
216010,4,2,2,967,1152,30,18,2119,48,997,1170,2167
216010,5,3,1,904,1029,48,49,1933,97,952,1078,2030
216010,5,3,2,902,1024,45,46,1926,91,947,1070,2017
216010,5,3,5,2,5,3,3,7,6,5,8,13
216010,6,4,1,298,314,105,110,612,215,403,424,827
216010,6,4,2,249,228,82,64,477,146,331,292,623
216010,6,4,5,49,86,23,46,135,69,72,132,204
216010,7,999,1,119,150,248,415,269,663,367,565,932
216010,7,999,2,89,70,63,121,159,184,152,191,343
216010,7,999,5,30,80,185,294,110,479,215,374,589
216010,8,5,1,65,76,84,137,141,221,149,213,362
216010,8,5,2,54,33,26,41,87,67,80,74,154
216010,8,5,5,11,43,58,96,54,154,69,139,208
216010,9,6,1,23,30,66,94,53,160,89,124,213
216010,9,6,2,14,15,21,32,29,53,35,47,82
216010,9,6,5,9,15,45,62,24,107,54,77,131
216010,10,7,1,14,20,38,70,34,108,52,90,142
216010,10,7,2,7,10,7,19,17,26,14,29,43
216010,10,7,5,7,10,31,51,17,82,38,61,99
216010,11,8,1,13,18,47,85,31,132,60,103,163
216010,11,8,2,10,9,6,18,19,24,16,27,43
216010,11,8,5,3,9,41,67,12,108,44,76,120
216010,12,9,1,4,6,11,29,10,40,15,35,50
216010,12,9,2,4,3,1,11,7,12,5,14,19
216010,12,9,5,0,3,10,18,3,28,10,21,31
216010,13,10,1,0,0,2,0,0,2,2,0,2
216010,13,10,2,0,0,2,0,0,2,2,0,2
216038,1,412,1,3180,4312,444,924,7492,1368,3624,5236,8860
216038,1,112,2,3012,3848,259,280,6860,539,3271,4128,7399
216038,1,312,5,168,464,185,644,632,829,353,1108,1461
216038,2,999,1,2952,4089,236,254,7041,490,3188,4343,7531
216038,2,999,2,2861,3765,201,141,6626,342,3062,3906,6968
216038,2,999,5,91,324,35,113,415,148,126,437,563
216038,3,1,1,5,27,0,0,32,0,5,27,32
216038,3,1,2,5,27,0,0,32,0,5,27,32
216038,4,2,1,1100,1616,55,22,2716,77,1155,1638,2793
216038,4,2,2,1100,1616,55,22,2716,77,1155,1638,2793
216038,5,3,1,1262,1708,52,47,2970,99,1314,1755,3069
216038,5,3,2,1261,1695,51,43,2956,94,1312,1738,3050
216038,5,3,5,1,13,1,4,14,5,2,17,19
216038,6,4,1,585,738,129,185,1323,314,714,923,1637
216038,6,4,2,495,427,95,76,922,171,590,503,1093
216038,6,4,5,90,311,34,109,401,143,124,420,544
216038,7,999,1,228,223,208,670,451,878,436,893,1329
216038,7,999,2,151,83,58,139,234,197,209,222,431
216038,7,999,5,77,140,150,531,217,681,227,671,898
216038,8,5,1,154,148,84,236,302,320,238,384,622
216038,8,5,2,102,46,29,49,148,78,131,95,226
216038,8,5,5,52,102,55,187,154,242,107,289,396
216038,9,6,1,44,32,43,165,76,208,87,197,284
216038,9,6,2,24,16,10,27,40,37,34,43,77
216038,9,6,5,20,16,33,138,36,171,53,154,207
216038,10,7,1,15,15,35,95,30,130,50,110,160
216038,10,7,2,12,6,9,18,18,27,21,24,45
216038,10,7,5,3,9,26,77,12,103,29,86,115
216038,11,8,1,12,22,33,117,34,150,45,139,184
216038,11,8,2,11,11,5,34,22,39,16,45,61
216038,11,8,5,1,11,28,83,12,111,29,94,123
216038,12,9,1,3,6,9,50,9,59,12,56,68
216038,12,9,2,2,4,1,7,6,8,3,11,14
216038,12,9,5,1,2,8,43,3,51,9,45,54
216038,13,10,1,0,0,4,7,0,11,4,7,11
216038,13,10,2,0,0,4,4,0,8,4,4,8
216038,13,10,5,0,0,0,3,0,3,0,3,3
216278,1,412,1,956,1258,7,20,2214,27,963,1278,2241
216278,1,112,2,956,1258,7,18,2214,25,963,1276,2239
216278,1,312,5,0,0,0,2,0,2,0,2,2
216278,2,999,1,946,1253,4,7,2199,11,950,1260,2210
216278,2,999,2,946,1253,4,6,2199,10,950,1259,2209
216278,2,999,5,0,0,0,1,0,1,0,1,1
216278,3,1,1,13,19,0,0,32,0,13,19,32
216278,3,1,2,13,19,0,0,32,0,13,19,32
216278,4,2,1,453,640,0,0,1093,0,453,640,1093
216278,4,2,2,453,640,0,0,1093,0,453,640,1093
216278,5,3,1,427,559,1,1,986,2,428,560,988
216278,5,3,2,427,559,1,1,986,2,428,560,988
216278,6,4,1,53,35,3,6,88,9,56,41,97
216278,6,4,2,53,35,3,5,88,8,56,40,96
216278,6,4,5,0,0,0,1,0,1,0,1,1
216278,7,999,1,10,5,3,12,15,15,13,17,30
216278,7,999,2,10,5,3,11,15,14,13,16,29
216278,7,999,5,0,0,0,1,0,1,0,1,1
216278,8,5,1,3,3,3,1,6,4,6,4,10
216278,8,5,2,3,3,3,1,6,4,6,4,10
216278,9,6,1,3,1,0,3,4,3,3,4,7
216278,9,6,2,3,1,0,2,4,2,3,3,6
216278,9,6,5,0,0,0,1,0,1,0,1,1
216278,10,7,1,1,1,0,1,2,1,1,2,3
216278,10,7,2,1,1,0,1,2,1,1,2,3
216278,11,8,1,2,0,0,5,2,5,2,5,7
216278,11,8,2,2,0,0,5,2,5,2,5,7
216278,12,9,1,1,0,0,2,1,2,1,2,3
216278,12,9,2,1,0,0,2,1,2,1,2,3
216278,14,11,1,0,0,0,1,0,1,0,1,1
216278,14,11,2,0,0,0,1,0,1,0,1,1
216287,1,412,1,701,736,0,0,1437,0,701,736,1437
216287,1,112,2,701,736,0,0,1437,0,701,736,1437
216287,2,999,1,698,735,0,0,1433,0,698,735,1433
216287,2,999,2,698,735,0,0,1433,0,698,735,1433
216287,3,1,1,13,18,0,0,31,0,13,18,31
216287,3,1,2,13,18,0,0,31,0,13,18,31
216287,4,2,1,325,354,0,0,679,0,325,354,679
216287,4,2,2,325,354,0,0,679,0,325,354,679
216287,5,3,1,304,327,0,0,631,0,304,327,631
216287,5,3,2,304,327,0,0,631,0,304,327,631
216287,6,4,1,56,36,0,0,92,0,56,36,92
216287,6,4,2,56,36,0,0,92,0,56,36,92
216287,7,999,1,3,1,0,0,4,0,3,1,4
216287,7,999,2,3,1,0,0,4,0,3,1,4
216287,8,5,1,3,1,0,0,4,0,3,1,4
216287,8,5,2,3,1,0,0,4,0,3,1,4
216339,1,412,1,14160,18183,2199,2694,32343,4893,16359,20877,37236
216339,1,112,2,10946,13969,1233,1158,24915,2391,12179,15127,27306
216339,1,312,5,3214,4214,966,1536,7428,2502,4180,5750,9930
216339,2,999,1,11244,15020,786,829,26264,1615,12030,15849,27879
216339,2,999,2,10203,13317,719,618,23520,1337,10922,13935,24857
216339,2,999,5,1041,1703,67,211,2744,278,1108,1914,3022
216339,3,1,1,111,184,9,24,295,33,120,208,328
216339,3,1,2,111,184,9,24,295,33,120,208,328
216339,4,2,1,3618,5531,67,46,9149,113,3685,5577,9262
216339,4,2,2,3617,5531,67,46,9148,113,3684,5577,9261
216339,4,2,5,1,0,0,0,1,0,1,0,1
216339,5,3,1,4566,5984,153,181,10550,334,4719,6165,10884
216339,5,3,2,4519,5890,152,171,10409,323,4671,6061,10732
216339,5,3,5,47,94,1,10,141,11,48,104,152
216339,6,4,1,2949,3321,557,578,6270,1135,3506,3899,7405
216339,6,4,2,1956,1712,491,377,3668,868,2447,2089,4536
216339,6,4,5,993,1609,66,201,2602,267,1059,1810,2869
216339,7,999,1,2916,3081,1413,1778,5997,3191,4329,4859,9188
216339,7,999,2,743,621,514,480,1364,994,1257,1101,2358
216339,7,999,5,2173,2460,899,1298,4633,2197,3072,3758,6830
216339,8,5,1,1861,1985,521,679,3846,1200,2382,2664,5046
216339,8,5,2,534,434,269,209,968,478,803,643,1446
216339,8,5,5,1327,1551,252,470,2878,722,1579,2021,3600
216339,9,6,1,603,601,350,376,1204,726,953,977,1930
216339,9,6,2,139,106,98,93,245,191,237,199,436
216339,9,6,5,464,495,252,283,959,535,716,778,1494
216339,10,7,1,225,243,212,251,468,463,437,494,931
216339,10,7,2,46,44,60,63,90,123,106,107,213
216339,10,7,5,179,199,152,188,378,340,331,387,718
216339,11,8,1,158,181,230,296,339,526,388,477,865
216339,11,8,2,18,29,60,61,47,121,78,90,168
216339,11,8,5,140,152,170,235,292,405,310,387,697
216339,12,9,1,66,66,97,163,132,260,163,229,392
216339,12,9,2,5,8,26,47,13,73,31,55,86
216339,12,9,5,61,58,71,116,119,187,132,174,306
216339,13,10,1,3,5,3,13,8,16,6,18,24
216339,13,10,2,1,0,1,7,1,8,2,7,9
216339,13,10,5,2,5,2,6,7,8,4,11,15
216339,14,11,1,0,82,0,87,82,87,0,169,169
216339,14,11,2,0,31,0,60,31,60,0,91,91
216339,14,11,5,0,51,0,27,51,27,0,78,78
216357,1,412,1,377,383,4,4,760,8,381,387,768
216357,1,112,2,366,370,4,4,736,8,370,374,744
216357,1,312,5,11,13,0,0,24,0,11,13,24
216357,2,999,1,372,377,3,2,749,5,375,379,754
216357,2,999,2,365,368,3,2,733,5,368,370,738
216357,2,999,5,7,9,0,0,16,0,7,9,16
216357,3,1,1,2,3,0,0,5,0,2,3,5
216357,3,1,2,2,3,0,0,5,0,2,3,5
216357,4,2,1,191,216,0,0,407,0,191,216,407
216357,4,2,2,191,216,0,0,407,0,191,216,407
216357,5,3,1,133,125,2,0,258,2,135,125,260
216357,5,3,2,132,124,2,0,256,2,134,124,258
216357,5,3,5,1,1,0,0,2,0,1,1,2
216357,6,4,1,46,33,1,2,79,3,47,35,82
216357,6,4,2,40,25,1,2,65,3,41,27,68
216357,6,4,5,6,8,0,0,14,0,6,8,14
216357,7,999,1,5,6,1,2,11,3,6,8,14
216357,7,999,2,1,2,1,2,3,3,2,4,6
216357,7,999,5,4,4,0,0,8,0,4,4,8
216357,8,5,1,4,3,0,0,7,0,4,3,7
216357,8,5,2,1,0,0,0,1,0,1,0,1
216357,8,5,5,3,3,0,0,6,0,3,3,6
216357,9,6,1,0,3,0,0,3,0,0,3,3
216357,9,6,2,0,2,0,0,2,0,0,2,2
216357,9,6,5,0,1,0,0,1,0,0,1,1
216357,10,7,1,1,0,0,0,1,0,1,0,1
216357,10,7,5,1,0,0,0,1,0,1,0,1
216357,11,8,1,0,0,1,1,0,2,1,1,2
216357,11,8,2,0,0,1,1,0,2,1,1,2
216357,13,10,1,0,0,0,1,0,1,0,1,1
216357,13,10,2,0,0,0,1,0,1,0,1,1
216366,1,412,1,1838,4037,533,1878,5875,2411,2371,5915,8286
216366,1,112,2,888,2328,141,426,3216,567,1029,2754,3783
216366,1,312,5,950,1709,392,1452,2659,1844,1342,3161,4503
216366,2,999,1,1106,2769,62,283,3875,345,1168,3052,4220
216366,2,999,2,755,1921,35,81,2676,116,790,2002,2792
216366,2,999,5,351,848,27,202,1199,229,378,1050,1428
216366,3,1,1,4,15,0,0,19,0,4,15,19
216366,3,1,2,4,15,0,0,19,0,4,15,19
216366,4,2,1,333,749,0,4,1082,4,333,753,1086
216366,4,2,2,333,748,0,4,1081,4,333,752,1085
216366,4,2,5,0,1,0,0,1,0,0,1,1
216366,5,3,1,300,812,5,19,1112,24,305,831,1136
216366,5,3,2,263,732,5,17,995,22,268,749,1017
216366,5,3,5,37,80,0,2,117,2,37,82,119
216366,6,4,1,469,1193,57,260,1662,317,526,1453,1979
216366,6,4,2,155,426,30,60,581,90,185,486,671
216366,6,4,5,314,767,27,200,1081,227,341,967,1308
216366,7,999,1,732,1268,471,1595,2000,2066,1203,2863,4066
216366,7,999,2,133,407,106,345,540,451,239,752,991
216366,7,999,5,599,861,365,1250,1460,1615,964,2111,3075
216366,8,5,1,540,930,170,653,1470,823,710,1583,2293
216366,8,5,2,82,243,37,105,325,142,119,348,467
216366,8,5,5,458,687,133,548,1145,681,591,1235,1826
216366,9,6,1,125,201,97,370,326,467,222,571,793
216366,9,6,2,27,91,24,87,118,111,51,178,229
216366,9,6,5,98,110,73,283,208,356,171,393,564
216366,10,7,1,40,70,72,207,110,279,112,277,389
216366,10,7,2,10,42,19,63,52,82,29,105,134
216366,10,7,5,30,28,53,144,58,197,83,172,255
216366,11,8,1,19,54,76,221,73,297,95,275,370
216366,11,8,2,10,25,17,51,35,68,27,76,103
216366,11,8,5,9,29,59,170,38,229,68,199,267
216366,12,9,1,8,13,55,133,21,188,63,146,209
216366,12,9,2,4,6,9,38,10,47,13,44,57
216366,12,9,5,4,7,46,95,11,141,50,102,152
216366,13,10,1,0,0,1,11,0,12,1,11,12
216366,13,10,2,0,0,0,1,0,1,0,1,1
216366,13,10,5,0,0,1,10,0,11,1,10,11
216524,1,412,1,760,724,4,5,1484,9,764,729,1493
216524,1,112,2,760,724,4,5,1484,9,764,729,1493
216524,2,999,1,754,717,3,1,1471,4,757,718,1475
216524,2,999,2,754,717,3,1,1471,4,757,718,1475
216524,3,1,1,3,5,0,0,8,0,3,5,8
216524,3,1,2,3,5,0,0,8,0,3,5,8
216524,4,2,1,390,362,1,0,752,1,391,362,753
216524,4,2,2,390,362,1,0,752,1,391,362,753
216524,5,3,1,312,321,0,0,633,0,312,321,633
216524,5,3,2,312,321,0,0,633,0,312,321,633
216524,6,4,1,49,29,2,1,78,3,51,30,81
216524,6,4,2,49,29,2,1,78,3,51,30,81
216524,7,999,1,6,7,1,4,13,5,7,11,18
216524,7,999,2,6,7,1,4,13,5,7,11,18
216524,8,5,1,4,5,0,0,9,0,4,5,9
216524,8,5,2,4,5,0,0,9,0,4,5,9
216524,9,6,1,0,0,1,0,0,1,1,0,1
216524,9,6,2,0,0,1,0,0,1,1,0,1
216524,10,7,1,2,1,0,0,3,0,2,1,3
216524,10,7,2,2,1,0,0,3,0,2,1,3
216524,11,8,1,0,1,0,0,1,0,0,1,1
216524,11,8,2,0,1,0,0,1,0,0,1,1
216524,12,9,1,0,0,0,2,0,2,0,2,2
216524,12,9,2,0,0,0,2,0,2,0,2,2
216524,13,10,1,0,0,0,2,0,2,0,2,2
216524,13,10,2,0,0,0,2,0,2,0,2,2
216542,1,412,1,187,211,83,76,398,159,270,287,557
216542,1,112,2,186,210,46,53,396,99,232,263,495
216542,1,312,5,1,1,37,23,2,60,38,24,62
216542,2,999,1,176,197,39,41,373,80,215,238,453
216542,2,999,2,176,196,29,31,372,60,205,227,432
216542,2,999,5,0,1,10,10,1,20,10,11,21
216542,3,1,1,1,3,16,22,4,38,17,25,42
216542,3,1,2,1,3,16,22,4,38,17,25,42
216542,4,2,1,73,89,3,3,162,6,76,92,168
216542,4,2,2,73,89,3,3,162,6,76,92,168
216542,5,3,1,74,81,4,6,155,10,78,87,165
216542,5,3,2,74,81,3,3,155,6,77,84,161
216542,5,3,5,0,0,1,3,0,4,1,3,4
216542,6,4,1,28,24,16,10,52,26,44,34,78
216542,6,4,2,28,23,7,3,51,10,35,26,61
216542,6,4,5,0,1,9,7,1,16,9,8,17
216542,7,999,1,11,14,44,35,25,79,55,49,104
216542,7,999,2,10,14,17,22,24,39,27,36,63
216542,7,999,5,1,0,27,13,1,40,28,13,41
216542,8,5,1,8,9,15,6,17,21,23,15,38
216542,8,5,2,7,9,7,3,16,10,14,12,26
216542,8,5,5,1,0,8,3,1,11,9,3,12
216542,9,6,1,0,1,4,6,1,10,4,7,11
216542,9,6,2,0,1,0,3,1,3,0,4,4
216542,9,6,5,0,0,4,3,0,7,4,3,7
216542,10,7,1,1,3,8,4,4,12,9,7,16
216542,10,7,2,1,3,5,2,4,7,6,5,11
216542,10,7,5,0,0,3,2,0,5,3,2,5
216542,11,8,1,1,1,8,13,2,21,9,14,23
216542,11,8,2,1,1,3,9,2,12,4,10,14
216542,11,8,5,0,0,5,4,0,9,5,4,9
216542,12,9,1,1,0,7,6,1,13,8,6,14
216542,12,9,2,1,0,1,5,1,6,2,5,7
216542,12,9,5,0,0,6,1,0,7,6,1,7
216542,13,10,1,0,0,2,0,0,2,2,0,2
216542,13,10,2,0,0,1,0,0,1,1,0,1
216542,13,10,5,0,0,1,0,0,1,1,0,1
216579,1,412,1,3,75,0,0,78,0,3,75,78
216579,1,112,2,3,75,0,0,78,0,3,75,78
216579,2,999,1,3,48,0,0,51,0,3,48,51
216579,2,999,2,3,48,0,0,51,0,3,48,51
216579,3,1,1,0,1,0,0,1,0,0,1,1
216579,3,1,2,0,1,0,0,1,0,0,1,1
216579,4,2,1,2,16,0,0,18,0,2,16,18
216579,4,2,2,2,16,0,0,18,0,2,16,18
216579,5,3,1,1,22,0,0,23,0,1,22,23
216579,5,3,2,1,22,0,0,23,0,1,22,23
216579,6,4,1,0,9,0,0,9,0,0,9,9
216579,6,4,2,0,9,0,0,9,0,0,9,9
216579,7,999,1,0,27,0,0,27,0,0,27,27
216579,7,999,2,0,27,0,0,27,0,0,27,27
216579,8,5,1,0,10,0,0,10,0,0,10,10
216579,8,5,2,0,10,0,0,10,0,0,10,10
216579,9,6,1,0,6,0,0,6,0,0,6,6
216579,9,6,2,0,6,0,0,6,0,0,6,6
216579,10,7,1,0,6,0,0,6,0,0,6,6
216579,10,7,2,0,6,0,0,6,0,0,6,6
216579,11,8,1,0,3,0,0,3,0,0,3,3
216579,11,8,2,0,3,0,0,3,0,0,3,3
216579,12,9,1,0,2,0,0,2,0,0,2,2
216579,12,9,2,0,2,0,0,2,0,0,2,2
216597,1,412,1,3822,4363,1355,1492,8185,2847,5177,5855,11032
216597,1,112,2,3159,3634,133,111,6793,244,3292,3745,7037
216597,1,312,5,663,729,1222,1381,1392,2603,1885,2110,3995
216597,2,999,1,3450,3975,206,246,7425,452,3656,4221,7877
216597,2,999,2,3128,3590,45,48,6718,93,3173,3638,6811
216597,2,999,5,322,385,161,198,707,359,483,583,1066
216597,3,1,1,20,25,3,13,45,16,23,38,61
216597,3,1,2,20,25,3,13,45,16,23,38,61
216597,4,2,1,1384,1704,6,2,3088,8,1390,1706,3096
216597,4,2,2,1384,1704,6,2,3088,8,1390,1706,3096
216597,5,3,1,1537,1712,27,16,3249,43,1564,1728,3292
216597,5,3,2,1519,1690,21,16,3209,37,1540,1706,3246
216597,5,3,5,18,22,6,0,40,6,24,22,46
216597,6,4,1,509,534,170,215,1043,385,679,749,1428
216597,6,4,2,205,171,15,17,376,32,220,188,408
216597,6,4,5,304,363,155,198,667,353,459,561,1020
216597,7,999,1,371,388,1149,1245,759,2394,1520,1633,3153
216597,7,999,2,31,44,88,63,75,151,119,107,226
216597,7,999,5,340,344,1061,1182,684,2243,1401,1526,2927
216597,8,5,1,201,219,413,499,420,912,614,718,1332
216597,8,5,2,13,20,13,9,33,22,26,29,55
216597,8,5,5,188,199,400,490,387,890,588,689,1277
216597,9,6,1,92,80,305,282,172,587,397,362,759
216597,9,6,2,8,11,15,3,19,18,23,14,37
216597,9,6,5,84,69,290,279,153,569,374,348,722
216597,10,7,1,40,35,187,168,75,355,227,203,430
216597,10,7,2,5,8,13,14,13,27,18,22,40
216597,10,7,5,35,27,174,154,62,328,209,181,390
216597,11,8,1,28,36,140,175,64,315,168,211,379
216597,11,8,2,3,2,26,13,5,39,29,15,44
216597,11,8,5,25,34,114,162,59,276,139,196,335
216597,12,9,1,10,17,93,118,27,211,103,135,238
216597,12,9,2,2,3,18,22,5,40,20,25,45
216597,12,9,5,8,14,75,96,22,171,83,110,193
216597,13,10,1,0,1,11,3,1,14,11,4,15
216597,13,10,2,0,0,3,2,0,5,3,2,5
216597,13,10,5,0,1,8,1,1,9,8,2,10
216597,14,11,1,1,0,0,1,1,1,1,1,2
216597,14,11,5,1,0,0,1,1,1,1,1,2
216694,1,412,1,545,778,78,175,1323,253,623,953,1576
216694,1,112,2,515,693,11,38,1208,49,526,731,1257
216694,1,312,5,30,85,67,137,115,204,97,222,319
216694,2,999,1,521,713,18,28,1234,46,539,741,1280
216694,2,999,2,509,685,4,12,1194,16,513,697,1210
216694,2,999,5,12,28,14,16,40,30,26,44,70
216694,3,1,1,2,5,2,9,7,11,4,14,18
216694,3,1,2,2,5,2,9,7,11,4,14,18
216694,4,2,1,239,332,0,0,571,0,239,332,571
216694,4,2,2,239,332,0,0,571,0,239,332,571
216694,5,3,1,216,309,0,3,525,3,216,312,528
216694,5,3,2,216,308,0,3,524,3,216,311,527
216694,5,3,5,0,1,0,0,1,0,0,1,1
216694,6,4,1,64,67,16,16,131,32,80,83,163
216694,6,4,2,52,40,2,0,92,2,54,40,94
216694,6,4,5,12,27,14,16,39,30,26,43,69
216694,7,999,1,24,65,60,147,89,207,84,212,296
216694,7,999,2,6,8,7,26,14,33,13,34,47
216694,7,999,5,18,57,53,121,75,174,71,178,249
216694,8,5,1,15,20,12,26,35,38,27,46,73
216694,8,5,2,6,4,0,6,10,6,6,10,16
216694,8,5,5,9,16,12,20,25,32,21,36,57
216694,9,6,1,3,13,19,21,16,40,22,34,56
216694,9,6,2,0,1,1,3,1,4,1,4,5
216694,9,6,5,3,12,18,18,15,36,21,30,51
216694,10,7,1,1,16,15,23,17,38,16,39,55
216694,10,7,2,0,3,3,4,3,7,3,7,10
216694,10,7,5,1,13,12,19,14,31,13,32,45
216694,11,8,1,2,10,6,35,12,41,8,45,53
216694,11,8,2,0,0,1,7,0,8,1,7,8
216694,11,8,5,2,10,5,28,12,33,7,38,45
216694,12,9,1,3,6,8,41,9,49,11,47,58
216694,12,9,2,0,0,2,6,0,8,2,6,8
216694,12,9,5,3,6,6,35,9,41,9,41,50
216694,13,10,1,0,0,0,1,0,1,0,1,1
216694,13,10,5,0,0,0,1,0,1,0,1,1
216746,1,412,1,47,6,12,0,53,12,59,6,65
216746,1,112,2,47,6,12,0,53,12,59,6,65
216746,2,999,1,31,5,7,0,36,7,38,5,43
216746,2,999,2,31,5,7,0,36,7,38,5,43
216746,4,2,1,13,3,1,0,16,1,14,3,17
216746,4,2,2,13,3,1,0,16,1,14,3,17
216746,5,3,1,12,1,3,0,13,3,15,1,16
216746,5,3,2,12,1,3,0,13,3,15,1,16
216746,6,4,1,6,1,3,0,7,3,9,1,10
216746,6,4,2,6,1,3,0,7,3,9,1,10
216746,7,999,1,16,1,5,0,17,5,21,1,22
216746,7,999,2,16,1,5,0,17,5,21,1,22
216746,8,5,1,5,1,4,0,6,4,9,1,10
216746,8,5,2,5,1,4,0,6,4,9,1,10
216746,9,6,1,4,0,0,0,4,0,4,0,4
216746,9,6,2,4,0,0,0,4,0,4,0,4
216746,10,7,1,2,0,1,0,2,1,3,0,3
216746,10,7,2,2,0,1,0,2,1,3,0,3
216746,11,8,1,4,0,0,0,4,0,4,0,4
216746,11,8,2,4,0,0,0,4,0,4,0,4
216746,12,9,1,1,0,0,0,1,0,1,0,1
216746,12,9,2,1,0,0,0,1,0,1,0,1
216764,1,412,1,5465,8618,1365,2271,14083,3636,6830,10889,17719
216764,1,112,2,5164,7892,714,942,13056,1656,5878,8834,14712
216764,1,312,5,301,726,651,1329,1027,1980,952,2055,3007
216764,2,999,1,4994,7969,482,683,12963,1165,5476,8652,14128
216764,2,999,2,4877,7597,413,471,12474,884,5290,8068,13358
216764,2,999,5,117,372,69,212,489,281,186,584,770
216764,3,1,1,26,84,49,60,110,109,75,144,219
216764,3,1,2,26,84,49,60,110,109,75,144,219
216764,4,2,1,1871,3251,53,39,5122,92,1924,3290,5214
216764,4,2,2,1871,3251,53,39,5122,92,1924,3290,5214
216764,5,3,1,2124,3344,91,130,5468,221,2215,3474,5689
216764,5,3,2,2117,3329,86,127,5446,213,2203,3456,5659
216764,5,3,5,7,15,5,3,22,8,12,18,30
216764,6,4,1,973,1290,289,454,2263,743,1262,1744,3006
216764,6,4,2,863,933,225,245,1796,470,1088,1178,2266
216764,6,4,5,110,357,64,209,467,273,174,566,740
216764,7,999,1,471,649,883,1588,1120,2471,1354,2237,3591
216764,7,999,2,287,295,301,471,582,772,588,766,1354
216764,7,999,5,184,354,582,1117,538,1699,766,1471,2237
216764,8,5,1,294,379,400,660,673,1060,694,1039,1733
216764,8,5,2,199,186,174,170,385,344,373,356,729
216764,8,5,5,95,193,226,490,288,716,321,683,1004
216764,9,6,1,88,123,180,333,211,513,268,456,724
216764,9,6,2,51,45,50,99,96,149,101,144,245
216764,9,6,5,37,78,130,234,115,364,167,312,479
216764,10,7,1,49,63,99,167,112,266,148,230,378
216764,10,7,2,22,34,22,57,56,79,44,91,135
216764,10,7,5,27,29,77,110,56,187,104,139,243
216764,11,8,1,27,54,109,254,81,363,136,308,444
216764,11,8,2,11,21,22,83,32,105,33,104,137
216764,11,8,5,16,33,87,171,49,258,103,204,307
216764,12,9,1,13,29,65,145,42,210,78,174,252
216764,12,9,2,4,9,14,42,13,56,18,51,69
216764,12,9,5,9,20,51,103,29,154,60,123,183
216764,13,10,1,0,1,30,29,1,59,30,30,60
216764,13,10,2,0,0,19,20,0,39,19,20,39
216764,13,10,5,0,1,11,9,1,20,11,10,21
216825,1,412,1,576,884,901,2008,1460,2909,1477,2892,4369
216825,1,112,2,576,884,901,2008,1460,2909,1477,2892,4369
216825,2,999,1,479,665,692,1318,1144,2010,1171,1983,3154
216825,2,999,2,479,665,692,1318,1144,2010,1171,1983,3154
216825,3,1,1,35,36,288,513,71,801,323,549,872
216825,3,1,2,35,36,288,513,71,801,323,549,872
216825,4,2,1,215,311,166,292,526,458,381,603,984
216825,4,2,2,215,311,166,292,526,458,381,603,984
216825,5,3,1,163,214,123,254,377,377,286,468,754
216825,5,3,2,163,214,123,254,377,377,286,468,754
216825,6,4,1,66,104,115,259,170,374,181,363,544
216825,6,4,2,66,104,115,259,170,374,181,363,544
216825,7,999,1,97,219,209,690,316,899,306,909,1215
216825,7,999,2,97,219,209,690,316,899,306,909,1215
216825,8,5,1,38,91,75,247,129,322,113,338,451
216825,8,5,2,38,91,75,247,129,322,113,338,451
216825,9,6,1,24,62,52,154,86,206,76,216,292
216825,9,6,2,24,62,52,154,86,206,76,216,292
216825,10,7,1,9,30,31,129,39,160,40,159,199
216825,10,7,2,9,30,31,129,39,160,40,159,199
216825,11,8,1,19,26,33,115,45,148,52,141,193
216825,11,8,2,19,26,33,115,45,148,52,141,193
216825,12,9,1,6,10,16,44,16,60,22,54,76
216825,12,9,2,6,10,16,44,16,60,22,54,76
216825,13,10,1,1,0,2,1,1,3,3,1,4
216825,13,10,2,1,0,2,1,1,3,3,1,4
216852,1,412,1,1822,2565,331,1432,4387,1763,2153,3997,6150
216852,1,112,2,1180,1453,76,203,2633,279,1256,1656,2912
216852,1,312,5,642,1112,255,1229,1754,1484,897,2341,3238
216852,2,999,1,1394,1842,48,161,3236,209,1442,2003,3445
216852,2,999,2,1134,1389,28,57,2523,85,1162,1446,2608
216852,2,999,5,260,453,20,104,713,124,280,557,837
216852,3,1,1,6,14,4,15,20,19,10,29,39
216852,3,1,2,6,14,4,15,20,19,10,29,39
216852,4,2,1,516,607,4,2,1123,6,520,609,1129
216852,4,2,2,516,607,4,2,1123,6,520,609,1129
216852,5,3,1,539,659,6,15,1198,21,545,674,1219
216852,5,3,2,537,645,6,14,1182,20,543,659,1202
216852,5,3,5,2,14,0,1,16,1,2,15,17
216852,6,4,1,333,562,34,129,895,163,367,691,1058
216852,6,4,2,75,123,14,26,198,40,89,149,238
216852,6,4,5,258,439,20,103,697,123,278,542,820
216852,7,999,1,428,723,283,1271,1151,1554,711,1994,2705
216852,7,999,2,46,64,48,146,110,194,94,210,304
216852,7,999,5,382,659,235,1125,1041,1360,617,1784,2401
216852,8,5,1,230,379,68,352,609,420,298,731,1029
216852,8,5,2,23,26,15,33,49,48,38,59,97
216852,8,5,5,207,353,53,319,560,372,260,672,932
216852,9,6,1,113,147,65,283,260,348,178,430,608
216852,9,6,2,9,17,7,28,26,35,16,45,61
216852,9,6,5,104,130,58,255,234,313,162,385,547
216852,10,7,1,42,72,45,203,114,248,87,275,362
216852,10,7,2,7,11,4,27,18,31,11,38,49
216852,10,7,5,35,61,41,176,96,217,76,237,313
216852,11,8,1,22,88,66,271,110,337,88,359,447
216852,11,8,2,4,6,9,34,10,43,13,40,53
216852,11,8,5,18,82,57,237,100,294,75,319,394
216852,12,9,1,20,36,35,155,56,190,55,191,246
216852,12,9,2,3,4,10,23,7,33,13,27,40
216852,12,9,5,17,32,25,132,49,157,42,164,206
216852,13,10,1,1,1,4,7,2,11,5,8,13
216852,13,10,2,0,0,3,1,0,4,3,1,4
216852,13,10,5,1,1,1,6,2,7,2,7,9
216931,1,412,1,1148,1315,571,1747,2463,2318,1719,3062,4781
216931,1,112,2,990,1006,97,150,1996,247,1087,1156,2243
216931,1,312,5,158,309,474,1597,467,2071,632,1906,2538
216931,2,999,1,1043,1144,77,165,2187,242,1120,1309,2429
216931,2,999,2,936,967,62,97,1903,159,998,1064,2062
216931,2,999,5,107,177,15,68,284,83,122,245,367
216931,3,1,1,0,4,18,41,4,59,18,45,63
216931,3,1,2,0,4,18,41,4,59,18,45,63
216931,4,2,1,344,394,17,35,738,52,361,429,790
216931,4,2,2,343,393,17,35,736,52,360,428,788
216931,4,2,5,1,1,0,0,2,0,1,1,2
216931,5,3,1,448,480,12,8,928,20,460,488,948
216931,5,3,2,407,412,12,8,819,20,419,420,839
216931,5,3,5,41,68,0,0,109,0,41,68,109
216931,6,4,1,251,266,30,81,517,111,281,347,628
216931,6,4,2,186,158,15,13,344,28,201,171,372
216931,6,4,5,65,108,15,68,173,83,80,176,256
216931,7,999,1,105,171,494,1582,276,2076,599,1753,2352
216931,7,999,2,54,39,35,53,93,88,89,92,181
216931,7,999,5,51,132,459,1529,183,1988,510,1661,2171
216931,8,5,1,55,66,124,410,121,534,179,476,655
216931,8,5,2,37,26,19,17,63,36,56,43,99
216931,8,5,5,18,40,105,393,58,498,123,433,556
216931,9,6,1,18,40,97,295,58,392,115,335,450
216931,9,6,2,12,8,6,8,20,14,18,16,34
216931,9,6,5,6,32,91,287,38,378,97,319,416
216931,10,7,1,7,20,108,237,27,345,115,257,372
216931,10,7,2,2,3,2,9,5,11,4,12,16
216931,10,7,5,5,17,106,228,22,334,111,245,356
216931,11,8,1,14,27,117,400,41,517,131,427,558
216931,11,8,2,3,2,6,11,5,17,9,13,22
216931,11,8,5,11,25,111,389,36,500,122,414,536
216931,12,9,1,10,17,47,234,27,281,57,251,308
216931,12,9,2,0,0,1,8,0,9,1,8,9
216931,12,9,5,10,17,46,226,27,272,56,243,299
216931,13,10,1,1,1,1,6,2,7,2,7,9
216931,13,10,2,0,0,1,0,0,1,1,0,1
216931,13,10,5,1,1,0,6,2,6,1,7,8
216940,1,412,1,249,0,0,0,249,0,249,0,249
216940,1,112,2,249,0,0,0,249,0,249,0,249
216940,2,999,1,249,0,0,0,249,0,249,0,249
216940,2,999,2,249,0,0,0,249,0,249,0,249
216940,3,1,1,2,0,0,0,2,0,2,0,2
216940,3,1,2,2,0,0,0,2,0,2,0,2
216940,4,2,1,142,0,0,0,142,0,142,0,142
216940,4,2,2,142,0,0,0,142,0,142,0,142
216940,5,3,1,102,0,0,0,102,0,102,0,102
216940,5,3,2,102,0,0,0,102,0,102,0,102
216940,6,4,1,3,0,0,0,3,0,3,0,3
216940,6,4,2,3,0,0,0,3,0,3,0,3
217013,1,412,1,134,523,220,658,657,878,354,1181,1535
217013,1,112,2,128,499,123,291,627,414,251,790,1041
217013,1,312,5,6,24,97,367,30,464,103,391,494
217013,2,999,1,117,441,54,87,558,141,171,528,699
217013,2,999,2,115,438,50,71,553,121,165,509,674
217013,2,999,5,2,3,4,16,5,20,6,19,25
217013,3,1,1,1,0,18,18,1,36,19,18,37
217013,3,1,2,1,0,18,18,1,36,19,18,37
217013,4,2,1,44,160,18,16,204,34,62,176,238
217013,4,2,2,44,160,18,16,204,34,62,176,238
217013,5,3,1,55,207,1,3,262,4,56,210,266
217013,5,3,2,55,207,1,3,262,4,56,210,266
217013,6,4,1,17,74,17,50,91,67,34,124,158
217013,6,4,2,15,71,13,34,86,47,28,105,133
217013,6,4,5,2,3,4,16,5,20,6,19,25
217013,7,999,1,17,82,163,571,99,734,180,653,833
217013,7,999,2,13,61,72,220,74,292,85,281,366
217013,7,999,5,4,21,91,351,25,442,95,372,467
217013,8,5,1,7,34,44,151,41,195,51,185,236
217013,8,5,2,5,26,25,61,31,86,30,87,117
217013,8,5,5,2,8,19,90,10,109,21,98,119
217013,9,6,1,1,14,36,117,15,153,37,131,168
217013,9,6,2,0,11,15,42,11,57,15,53,68
217013,9,6,5,1,3,21,75,4,96,22,78,100
217013,10,7,1,3,17,29,83,20,112,32,100,132
217013,10,7,2,2,13,12,28,15,40,14,41,55
217013,10,7,5,1,4,17,55,5,72,18,59,77
217013,11,8,1,4,11,31,142,15,173,35,153,188
217013,11,8,2,4,8,11,64,12,75,15,72,87
217013,11,8,5,0,3,20,78,3,98,20,81,101
217013,12,9,1,2,6,22,78,8,100,24,84,108
217013,12,9,2,2,3,9,25,5,34,11,28,39
217013,12,9,5,0,3,13,53,3,66,13,56,69
217013,13,10,1,0,0,1,0,0,1,1,0,1
217013,13,10,5,0,0,1,0,0,1,1,0,1
217013,14,11,1,0,0,3,0,0,3,3,0,3
217013,14,11,2,0,0,1,0,0,1,1,0,1
217013,14,11,5,0,0,2,0,0,2,2,0,2
217156,1,412,1,4625,4988,115,220,9613,335,4740,5208,9948
217156,1,112,2,3118,3487,58,129,6605,187,3176,3616,6792
217156,1,312,5,1507,1501,57,91,3008,148,1564,1592,3156
217156,2,999,1,3581,4027,54,132,7608,186,3635,4159,7794
217156,2,999,2,3083,3466,39,111,6549,150,3122,3577,6699
217156,2,999,5,498,561,15,21,1059,36,513,582,1095
217156,3,1,1,46,55,0,0,101,0,46,55,101
217156,3,1,2,46,55,0,0,101,0,46,55,101
217156,4,2,1,1375,1549,3,21,2924,24,1378,1570,2948
217156,4,2,2,1375,1549,3,21,2924,24,1378,1570,2948
217156,5,3,1,1377,1662,25,60,3039,85,1402,1722,3124
217156,5,3,2,1359,1631,24,60,2990,84,1383,1691,3074
217156,5,3,5,18,31,1,0,49,1,19,31,50
217156,6,4,1,783,761,26,51,1544,77,809,812,1621
217156,6,4,2,303,231,12,30,534,42,315,261,576
217156,6,4,5,480,530,14,21,1010,35,494,551,1045
217156,7,999,1,1044,961,61,88,2005,149,1105,1049,2154
217156,7,999,2,35,21,19,18,56,37,54,39,93
217156,7,999,5,1009,940,42,70,1949,112,1051,1010,2061
217156,8,5,1,686,683,23,32,1369,55,709,715,1424
217156,8,5,2,25,16,9,9,41,18,34,25,59
217156,8,5,5,661,667,14,23,1328,37,675,690,1365
217156,9,6,1,241,187,17,31,428,48,258,218,476
217156,9,6,2,3,3,5,8,6,13,8,11,19
217156,9,6,5,238,184,12,23,422,35,250,207,457
217156,10,7,1,75,44,5,13,119,18,80,57,137
217156,10,7,2,3,0,1,1,3,2,4,1,5
217156,10,7,5,72,44,4,12,116,16,76,56,132
217156,11,8,1,37,36,10,11,73,21,47,47,94
217156,11,8,2,3,2,2,0,5,2,5,2,7
217156,11,8,5,34,34,8,11,68,19,42,45,87
217156,12,9,1,5,11,6,1,16,7,11,12,23
217156,12,9,2,1,0,2,0,1,2,3,0,3
217156,12,9,5,4,11,4,1,15,5,8,12,20
217165,1,412,1,2119,1333,106,116,3452,222,2225,1449,3674
217165,1,112,2,2023,1232,14,12,3255,26,2037,1244,3281
217165,1,312,5,96,101,92,104,197,196,188,205,393
217165,2,999,1,2084,1274,30,28,3358,58,2114,1302,3416
217165,2,999,2,2014,1228,11,7,3242,18,2025,1235,3260
217165,2,999,5,70,46,19,21,116,40,89,67,156
217165,3,1,1,16,9,0,0,25,0,16,9,25
217165,3,1,2,16,9,0,0,25,0,16,9,25
217165,4,2,1,884,557,1,0,1441,1,885,557,1442
217165,4,2,2,884,557,1,0,1441,1,885,557,1442
217165,5,3,1,975,617,2,4,1592,6,977,621,1598
217165,5,3,2,974,614,2,3,1588,5,976,617,1593
217165,5,3,5,1,3,0,1,4,1,1,4,5
217165,6,4,1,209,91,27,24,300,51,236,115,351
217165,6,4,2,140,48,8,4,188,12,148,52,200
217165,6,4,5,69,43,19,20,112,39,88,63,151
217165,7,999,1,35,59,76,87,94,163,111,146,257
217165,7,999,2,9,4,3,5,13,8,12,9,21
217165,7,999,5,26,55,73,82,81,155,99,137,236
217165,8,5,1,19,52,28,30,71,58,47,82,129
217165,8,5,2,6,2,2,1,8,3,8,3,11
217165,8,5,5,13,50,26,29,63,55,39,79,118
217165,9,6,1,9,5,20,29,14,49,29,34,63
217165,9,6,2,1,0,1,1,1,2,2,1,3
217165,9,6,5,8,5,19,28,13,47,27,33,60
217165,10,7,1,5,1,16,3,6,19,21,4,25
217165,10,7,2,2,1,0,2,3,2,2,3,5
217165,10,7,5,3,0,16,1,3,17,19,1,20
217165,11,8,1,1,0,9,17,1,26,10,17,27
217165,11,8,5,1,0,9,17,1,26,10,17,27
217165,12,9,1,1,1,3,7,2,10,4,8,12
217165,12,9,2,0,1,0,0,1,0,0,1,1
217165,12,9,5,1,0,3,7,1,10,4,7,11
217165,13,10,1,0,0,0,1,0,1,0,1,1
217165,13,10,2,0,0,0,1,0,1,0,1,1
217165,14,11,1,0,0,0,1,0,1,0,1,1
217165,14,11,5,0,0,0,1,0,1,0,1,1
217235,1,412,1,1921,3123,265,367,5044,632,2186,3490,5676
217235,1,112,2,1785,2819,221,295,4604,516,2006,3114,5120
217235,1,312,5,136,304,44,72,440,116,180,376,556
217235,2,999,1,1766,2859,168,202,4625,370,1934,3061,4995
217235,2,999,2,1710,2727,155,186,4437,341,1865,2913,4778
217235,2,999,5,56,132,13,16,188,29,69,148,217
217235,3,1,1,22,67,4,10,89,14,26,77,103
217235,3,1,2,22,67,4,10,89,14,26,77,103
217235,4,2,1,764,1337,29,24,2101,53,793,1361,2154
217235,4,2,2,764,1337,29,24,2101,53,793,1361,2154
217235,5,3,1,724,1143,60,77,1867,137,784,1220,2004
217235,5,3,2,719,1123,57,75,1842,132,776,1198,1974
217235,5,3,5,5,20,3,2,25,5,8,22,30
217235,6,4,1,256,312,75,91,568,166,331,403,734
217235,6,4,2,205,200,65,77,405,142,270,277,547
217235,6,4,5,51,112,10,14,163,24,61,126,187
217235,7,999,1,153,257,95,163,410,258,248,420,668
217235,7,999,2,75,87,65,108,162,173,140,195,335
217235,7,999,5,78,170,30,55,248,85,108,225,333
217235,8,5,1,82,137,51,68,219,119,133,205,338
217235,8,5,2,46,49,34,39,95,73,80,88,168
217235,8,5,5,36,88,17,29,124,46,53,117,170
217235,9,6,1,35,46,13,43,81,56,48,89,137
217235,9,6,2,17,19,9,29,36,38,26,48,74
217235,9,6,5,18,27,4,14,45,18,22,41,63
217235,10,7,1,8,21,14,15,29,29,22,36,58
217235,10,7,2,2,8,9,11,10,20,11,19,30
217235,10,7,5,6,13,5,4,19,9,11,17,28
217235,11,8,1,18,35,11,26,53,37,29,61,90
217235,11,8,2,5,9,9,20,14,29,14,29,43
217235,11,8,5,13,26,2,6,39,8,15,32,47
217235,12,9,1,10,18,6,10,28,16,16,28,44
217235,12,9,2,5,2,4,8,7,12,9,10,19
217235,12,9,5,5,16,2,2,21,4,7,18,25
217235,13,10,1,0,0,0,1,0,1,0,1,1
217235,13,10,2,0,0,0,1,0,1,0,1,1
217235,14,11,1,2,7,2,2,9,4,4,9,13
217235,14,11,2,0,5,1,1,5,2,1,6,7
217235,14,11,5,2,2,1,1,4,2,3,3,6
217305,1,412,1,1039,714,141,137,1753,278,1180,851,2031
217305,1,112,2,999,580,137,127,1579,264,1136,707,1843
217305,1,312,5,40,134,4,10,174,14,44,144,188
217305,2,999,1,760,321,74,47,1081,121,834,368,1202
217305,2,999,2,756,311,74,44,1067,118,830,355,1185
217305,2,999,5,4,10,0,3,14,3,4,13,17
217305,3,1,1,5,1,0,0,6,0,5,1,6
217305,3,1,2,5,1,0,0,6,0,5,1,6
217305,4,2,1,367,91,5,3,458,8,372,94,466
217305,4,2,2,367,91,5,3,458,8,372,94,466
217305,5,3,1,233,110,35,19,343,54,268,129,397
217305,5,3,2,233,110,35,19,343,54,268,129,397
217305,6,4,1,155,119,34,25,274,59,189,144,333
217305,6,4,2,151,109,34,22,260,56,185,131,316
217305,6,4,5,4,10,0,3,14,3,4,13,17
217305,7,999,1,279,393,67,90,672,157,346,483,829
217305,7,999,2,243,269,63,83,512,146,306,352,658
217305,7,999,5,36,124,4,7,160,11,40,131,171
217305,8,5,1,121,192,25,34,313,59,146,226,372
217305,8,5,2,111,135,24,33,246,57,135,168,303
217305,8,5,5,10,57,1,1,67,2,11,58,69
217305,9,6,1,76,102,15,25,178,40,91,127,218
217305,9,6,2,62,69,15,23,131,38,77,92,169
217305,9,6,5,14,33,0,2,47,2,14,35,49
217305,10,7,1,36,50,13,13,86,26,49,63,112
217305,10,7,2,30,37,12,12,67,24,42,49,91
217305,10,7,5,6,13,1,1,19,2,7,14,21
217305,11,8,1,31,36,10,12,67,22,41,48,89
217305,11,8,2,29,21,8,10,50,18,37,31,68
217305,11,8,5,2,15,2,2,17,4,4,17,21
217305,12,9,1,14,13,4,6,27,10,18,19,37
217305,12,9,2,10,7,4,5,17,9,14,12,26
217305,12,9,5,4,6,0,1,10,1,4,7,11
217305,13,10,1,1,0,0,0,1,0,1,0,1
217305,13,10,2,1,0,0,0,1,0,1,0,1
217402,1,412,1,1930,2363,225,303,4293,528,2155,2666,4821
217402,1,112,2,1846,2252,102,98,4098,200,1948,2350,4298
217402,1,312,5,84,111,123,205,195,328,207,316,523
217402,2,999,1,1908,2338,65,68,4246,133,1973,2406,4379
217402,2,999,2,1838,2248,39,27,4086,66,1877,2275,4152
217402,2,999,5,70,90,26,41,160,67,96,131,227
217402,3,1,1,15,32,0,0,47,0,15,32,47
217402,3,1,2,15,32,0,0,47,0,15,32,47
217402,4,2,1,791,1093,11,3,1884,14,802,1096,1898
217402,4,2,2,791,1093,11,3,1884,14,802,1096,1898
217402,5,3,1,932,1075,8,4,2007,12,940,1079,2019
217402,5,3,2,930,1066,7,4,1996,11,937,1070,2007
217402,5,3,5,2,9,1,0,11,1,3,9,12
217402,6,4,1,170,138,46,61,308,107,216,199,415
217402,6,4,2,102,57,21,20,159,41,123,77,200
217402,6,4,5,68,81,25,41,149,66,93,122,215
217402,7,999,1,22,25,160,234,47,394,182,259,441
217402,7,999,2,8,4,63,71,12,134,71,75,146
217402,7,999,5,14,21,97,163,35,260,111,184,295
217402,8,5,1,18,14,50,72,32,122,68,86,154
217402,8,5,2,7,1,15,19,8,34,22,20,42
217402,8,5,5,11,13,35,53,24,88,46,66,112
217402,9,6,1,2,5,39,48,7,87,41,53,94
217402,9,6,2,0,2,8,13,2,21,8,15,23
217402,9,6,5,2,3,31,35,5,66,33,38,71
217402,10,7,1,2,1,24,34,3,58,26,35,61
217402,10,7,2,1,0,10,9,1,19,11,9,20
217402,10,7,5,1,1,14,25,2,39,15,26,41
217402,11,8,1,0,3,28,50,3,78,28,53,81
217402,11,8,2,0,1,14,14,1,28,14,15,29
217402,11,8,5,0,2,14,36,2,50,14,38,52
217402,12,9,1,0,2,15,27,2,42,15,29,44
217402,12,9,2,0,0,13,14,0,27,13,14,27
217402,12,9,5,0,2,2,13,2,15,2,15,17
217402,13,10,1,0,0,4,3,0,7,4,3,7
217402,13,10,2,0,0,3,2,0,5,3,2,5
217402,13,10,5,0,0,1,1,0,2,1,1,2
217402,14,11,1,0,0,0,1,0,1,0,1,1
217402,14,11,5,0,0,0,1,0,1,0,1,1
217420,1,412,1,1398,3419,637,1618,4817,2255,2035,5037,7072
217420,1,112,2,1359,3252,465,922,4611,1387,1824,4174,5998
217420,1,312,5,39,167,172,696,206,868,211,863,1074
217420,2,999,1,1167,2882,269,574,4049,843,1436,3456,4892
217420,2,999,2,1156,2821,250,451,3977,701,1406,3272,4678
217420,2,999,5,11,61,19,123,72,142,30,184,214
217420,3,1,1,12,21,0,5,33,5,12,26,38
217420,3,1,2,12,21,0,5,33,5,12,26,38
217420,4,2,1,411,1056,36,52,1467,88,447,1108,1555
217420,4,2,2,411,1056,36,52,1467,88,447,1108,1555
217420,5,3,1,414,1109,80,175,1523,255,494,1284,1778
217420,5,3,2,414,1106,78,167,1520,245,492,1273,1765
217420,5,3,5,0,3,2,8,3,10,2,11,13
217420,6,4,1,330,696,153,342,1026,495,483,1038,1521
217420,6,4,2,319,638,136,227,957,363,455,865,1320
217420,6,4,5,11,58,17,115,69,132,28,173,201
217420,7,999,1,231,537,368,1044,768,1412,599,1581,2180
217420,7,999,2,203,431,215,471,634,686,418,902,1320
217420,7,999,5,28,106,153,573,134,726,181,679,860
217420,8,5,1,135,306,149,397,441,546,284,703,987
217420,8,5,2,123,249,99,217,372,316,222,466,688
217420,8,5,5,12,57,50,180,69,230,62,237,299
217420,9,6,1,46,108,80,218,154,298,126,326,452
217420,9,6,2,41,82,49,90,123,139,90,172,262
217420,9,6,5,5,26,31,128,31,159,36,154,190
217420,10,7,1,19,47,51,120,66,171,70,167,237
217420,10,7,2,17,41,27,45,58,72,44,86,130
217420,10,7,5,2,6,24,75,8,99,26,81,107
217420,11,8,1,19,54,50,207,73,257,69,261,330
217420,11,8,2,16,44,20,80,60,100,36,124,160
217420,11,8,5,3,10,30,127,13,157,33,137,170
217420,12,9,1,10,22,36,95,32,131,46,117,163
217420,12,9,2,5,15,18,36,20,54,23,51,74
217420,12,9,5,5,7,18,59,12,77,23,66,89
217420,13,10,1,2,0,2,7,2,9,4,7,11
217420,13,10,2,1,0,2,3,1,5,3,3,6
217420,13,10,5,1,0,0,4,1,4,1,4,5
217484,1,412,1,6171,8218,1361,1899,14389,3260,7532,10117,17649
217484,1,112,2,5532,7180,929,1263,12712,2192,6461,8443,14904
217484,1,312,5,639,1038,432,636,1677,1068,1071,1674,2745
217484,2,999,1,5666,7673,811,970,13339,1781,6477,8643,15120
217484,2,999,2,5343,7014,747,876,12357,1623,6090,7890,13980
217484,2,999,5,323,659,64,94,982,158,387,753,1140
217484,3,1,1,34,94,300,443,128,743,334,537,871
217484,3,1,2,34,94,300,443,128,743,334,537,871
217484,4,2,1,2367,3395,88,113,5762,201,2455,3508,5963
217484,4,2,2,2366,3395,88,113,5761,201,2454,3508,5962
217484,4,2,5,1,0,0,0,1,0,1,0,1
217484,5,3,1,2443,3243,157,126,5686,283,2600,3369,5969
217484,5,3,2,2365,3058,153,125,5423,278,2518,3183,5701
217484,5,3,5,78,185,4,1,263,5,82,186,268
217484,6,4,1,822,941,266,288,1763,554,1088,1229,2317
217484,6,4,2,578,467,206,195,1045,401,784,662,1446
217484,6,4,5,244,474,60,93,718,153,304,567,871
217484,7,999,1,505,545,550,929,1050,1479,1055,1474,2529
217484,7,999,2,189,166,182,387,355,569,371,553,924
217484,7,999,5,316,379,368,542,695,910,684,921,1605
217484,8,5,1,303,297,224,294,600,518,527,591,1118
217484,8,5,2,136,84,76,129,220,205,212,213,425
217484,8,5,5,167,213,148,165,380,313,315,378,693
217484,9,6,1,105,135,107,187,240,294,212,322,534
217484,9,6,2,28,43,44,83,71,127,72,126,198
217484,9,6,5,77,92,63,104,169,167,140,196,336
217484,10,7,1,52,56,86,119,108,205,138,175,313
217484,10,7,2,17,22,30,55,39,85,47,77,124
217484,10,7,5,35,34,56,64,69,120,91,98,189
217484,11,8,1,34,43,79,202,77,281,113,245,358
217484,11,8,2,4,12,22,71,16,93,26,83,109
217484,11,8,5,30,31,57,131,61,188,87,162,249
217484,12,9,1,11,13,49,124,24,173,60,137,197
217484,12,9,2,4,5,10,48,9,58,14,53,67
217484,12,9,5,7,8,39,76,15,115,46,84,130
217484,13,10,1,0,1,5,3,1,8,5,4,9
217484,13,10,2,0,0,0,1,0,1,0,1,1
217484,13,10,5,0,1,5,2,1,7,5,3,8
217518,1,412,1,1976,2084,316,326,4060,642,2292,2410,4702
217518,1,112,2,1891,1937,260,258,3828,518,2151,2195,4346
217518,1,312,5,85,147,56,68,232,124,141,215,356
217518,2,999,1,1942,2026,81,118,3968,199,2023,2144,4167
217518,2,999,2,1862,1894,76,106,3756,182,1938,2000,3938
217518,2,999,5,80,132,5,12,212,17,85,144,229
217518,3,1,1,16,24,29,60,40,89,45,84,129
217518,3,1,2,16,24,29,60,40,89,45,84,129
217518,4,2,1,879,935,9,11,1814,20,888,946,1834
217518,4,2,2,879,935,9,11,1814,20,888,946,1834
217518,5,3,1,852,869,10,11,1721,21,862,880,1742
217518,5,3,2,850,858,10,11,1708,21,860,869,1729
217518,5,3,5,2,11,0,0,13,0,2,11,13
217518,6,4,1,195,198,33,36,393,69,228,234,462
217518,6,4,2,117,77,28,24,194,52,145,101,246
217518,6,4,5,78,121,5,12,199,17,83,133,216
217518,7,999,1,34,58,235,208,92,443,269,266,535
217518,7,999,2,29,43,184,152,72,336,213,195,408
217518,7,999,5,5,15,51,56,20,107,56,71,127
217518,8,5,1,13,38,47,62,51,109,60,100,160
217518,8,5,2,11,27,37,43,38,80,48,70,118
217518,8,5,5,2,11,10,19,13,29,12,30,42
217518,9,6,1,9,10,60,42,19,102,69,52,121
217518,9,6,2,8,9,47,33,17,80,55,42,97
217518,9,6,5,1,1,13,9,2,22,14,10,24
217518,10,7,1,5,3,44,28,8,72,49,31,80
217518,10,7,2,4,3,37,21,7,58,41,24,65
217518,10,7,5,1,0,7,7,1,14,8,7,15
217518,11,8,1,5,5,55,51,10,106,60,56,116
217518,11,8,2,5,2,40,35,7,75,45,37,82
217518,11,8,5,0,3,15,16,3,31,15,19,34
217518,12,9,1,2,2,29,25,4,54,31,27,58
217518,12,9,2,1,2,23,20,3,43,24,22,46
217518,12,9,5,1,0,6,5,1,11,7,5,12
217536,1,412,1,785,1452,193,341,2237,534,978,1793,2771
217536,1,112,2,719,1365,11,55,2084,66,730,1420,2150
217536,1,312,5,66,87,182,286,153,468,248,373,621
217536,2,999,1,751,1398,25,49,2149,74,776,1447,2223
217536,2,999,2,713,1345,6,9,2058,15,719,1354,2073
217536,2,999,5,38,53,19,40,91,59,57,93,150
217536,4,2,1,271,656,0,2,927,2,271,658,929
217536,4,2,2,271,656,0,2,927,2,271,658,929
217536,5,3,1,331,612,0,3,943,3,331,615,946
217536,5,3,2,331,612,0,3,943,3,331,615,946
217536,6,4,1,149,130,25,44,279,69,174,174,348
217536,6,4,2,111,77,6,4,188,10,117,81,198
217536,6,4,5,38,53,19,40,91,59,57,93,150
217536,7,999,1,34,54,168,292,88,460,202,346,548
217536,7,999,2,6,20,5,46,26,51,11,66,77
217536,7,999,5,28,34,163,246,62,409,191,280,471
217536,8,5,1,11,20,31,70,31,101,42,90,132
217536,8,5,2,5,4,1,6,9,7,6,10,16
217536,8,5,5,6,16,30,64,22,94,36,80,116
217536,9,6,1,7,10,25,41,17,66,32,51,83
217536,9,6,2,0,5,2,9,5,11,2,14,16
217536,9,6,5,7,5,23,32,12,55,30,37,67
217536,10,7,1,6,5,29,43,11,72,35,48,83
217536,10,7,2,0,2,0,10,2,10,0,12,12
217536,10,7,5,6,3,29,33,9,62,35,36,71
217536,11,8,1,6,16,42,64,22,106,48,80,128
217536,11,8,2,1,9,1,8,10,9,2,17,19
217536,11,8,5,5,7,41,56,12,97,46,63,109
217536,12,9,1,3,3,39,61,6,100,42,64,106
217536,12,9,2,0,0,1,12,0,13,1,12,13
217536,12,9,5,3,3,38,49,6,87,41,52,93
217536,13,10,1,1,0,2,13,1,15,3,13,16
217536,13,10,2,0,0,0,1,0,1,0,1,1
217536,13,10,5,1,0,2,12,1,14,3,12,15
217581,1,412,1,1,58,0,24,59,24,1,82,83
217581,1,112,2,1,58,0,24,59,24,1,82,83
217581,2,999,1,1,33,0,12,34,12,1,45,46
217581,2,999,2,1,33,0,12,34,12,1,45,46
217581,4,2,1,1,8,0,1,9,1,1,9,10
217581,4,2,2,1,8,0,1,9,1,1,9,10
217581,5,3,1,0,12,0,3,12,3,0,15,15
217581,5,3,2,0,12,0,3,12,3,0,15,15
217581,6,4,1,0,13,0,8,13,8,0,21,21
217581,6,4,2,0,13,0,8,13,8,0,21,21
217581,7,999,1,0,25,0,12,25,12,0,37,37
217581,7,999,2,0,25,0,12,25,12,0,37,37
217581,8,5,1,0,11,0,4,11,4,0,15,15
217581,8,5,2,0,11,0,4,11,4,0,15,15
217581,9,6,1,0,8,0,3,8,3,0,11,11
217581,9,6,2,0,8,0,3,8,3,0,11,11
217581,10,7,1,0,2,0,2,2,2,0,4,4
217581,10,7,2,0,2,0,2,2,2,0,4,4
217581,11,8,1,0,2,0,3,2,3,0,5,5
217581,11,8,2,0,2,0,3,2,3,0,5,5
217581,12,9,1,0,2,0,0,2,0,0,2,2
217581,12,9,2,0,2,0,0,2,0,0,2,2
217615,1,412,1,233,375,427,890,608,1317,660,1265,1925
217615,1,112,2,233,375,427,890,608,1317,660,1265,1925
217615,2,999,1,182,276,307,472,458,779,489,748,1237
217615,2,999,2,182,276,307,472,458,779,489,748,1237
217615,3,1,1,5,13,56,88,18,144,61,101,162
217615,3,1,2,5,13,56,88,18,144,61,101,162
217615,4,2,1,119,145,104,128,264,232,223,273,496
217615,4,2,2,119,145,104,128,264,232,223,273,496
217615,5,3,1,39,71,84,135,110,219,123,206,329
217615,5,3,2,39,71,84,135,110,219,123,206,329
217615,6,4,1,19,47,63,121,66,184,82,168,250
217615,6,4,2,19,47,63,121,66,184,82,168,250
217615,7,999,1,51,99,120,418,150,538,171,517,688
217615,7,999,2,51,99,120,418,150,538,171,517,688
217615,8,5,1,21,40,47,152,61,199,68,192,260
217615,8,5,2,21,40,47,152,61,199,68,192,260
217615,9,6,1,9,25,29,103,34,132,38,128,166
217615,9,6,2,9,25,29,103,34,132,38,128,166
217615,10,7,1,15,15,16,75,30,91,31,90,121
217615,10,7,2,15,15,16,75,30,91,31,90,121
217615,11,8,1,4,12,22,63,16,85,26,75,101
217615,11,8,2,4,12,22,63,16,85,26,75,101
217615,12,9,1,2,7,4,23,9,27,6,30,36
217615,12,9,2,2,7,4,23,9,27,6,30,36
217615,13,10,1,0,0,2,2,0,4,2,2,4
217615,13,10,2,0,0,2,2,0,4,2,2,4
217633,1,412,1,1146,2188,168,346,3334,514,1314,2534,3848
217633,1,112,2,866,1807,111,299,2673,410,977,2106,3083
217633,1,312,5,280,381,57,47,661,104,337,428,765
217633,2,999,1,887,1774,85,229,2661,314,972,2003,2975
217633,2,999,2,823,1692,81,216,2515,297,904,1908,2812
217633,2,999,5,64,82,4,13,146,17,68,95,163
217633,3,1,1,5,9,45,153,14,198,50,162,212
217633,3,1,2,5,9,45,153,14,198,50,162,212
217633,4,2,1,368,789,16,30,1157,46,384,819,1203
217633,4,2,2,368,789,16,30,1157,46,384,819,1203
217633,5,3,1,339,753,8,9,1092,17,347,762,1109
217633,5,3,2,336,751,8,9,1087,17,344,760,1104
217633,5,3,5,3,2,0,0,5,0,3,2,5
217633,6,4,1,175,223,16,37,398,53,191,260,451
217633,6,4,2,114,143,12,24,257,36,126,167,293
217633,6,4,5,61,80,4,13,141,17,65,93,158
217633,7,999,1,259,413,83,117,672,200,342,530,872
217633,7,999,2,43,114,30,83,157,113,73,197,270
217633,7,999,5,216,299,53,34,515,87,269,333,602
217633,8,5,1,69,159,11,28,228,39,80,187,267
217633,8,5,2,20,43,8,13,63,21,28,56,84
217633,8,5,5,49,116,3,15,165,18,52,131,183
217633,9,6,1,36,85,13,22,121,35,49,107,156
217633,9,6,2,6,28,4,19,34,23,10,47,57
217633,9,6,5,30,57,9,3,87,12,39,60,99
217633,10,7,1,48,58,16,16,106,32,64,74,138
217633,10,7,2,7,23,6,11,30,17,13,34,47
217633,10,7,5,41,35,10,5,76,15,51,40,91
217633,11,8,1,66,79,17,39,145,56,83,118,201
217633,11,8,2,9,13,6,33,22,39,15,46,61
217633,11,8,5,57,66,11,6,123,17,68,72,140
217633,12,9,1,36,31,24,12,67,36,60,43,103
217633,12,9,2,1,7,6,7,8,13,7,14,21
217633,12,9,5,35,24,18,5,59,23,53,29,82
217633,13,10,1,4,1,2,0,5,2,6,1,7
217633,13,10,5,4,1,2,0,5,2,6,1,7
217633,14,11,1,0,1,0,0,1,0,0,1,1
217633,14,11,2,0,1,0,0,1,0,0,1,1
217712,1,412,1,169,363,426,1161,532,1587,595,1524,2119
217712,1,112,2,169,363,426,1161,532,1587,595,1524,2119
217712,2,999,1,116,246,291,648,362,939,407,894,1301
217712,2,999,2,116,246,291,648,362,939,407,894,1301
217712,3,1,1,4,12,109,218,16,327,113,230,343
217712,3,1,2,4,12,109,218,16,327,113,230,343
217712,4,2,1,70,132,85,140,202,225,155,272,427
217712,4,2,2,70,132,85,140,202,225,155,272,427
217712,5,3,1,24,61,54,148,85,202,78,209,287
217712,5,3,2,24,61,54,148,85,202,78,209,287
217712,6,4,1,18,41,43,142,59,185,61,183,244
217712,6,4,2,18,41,43,142,59,185,61,183,244
217712,7,999,1,53,117,135,513,170,648,188,630,818
217712,7,999,2,53,117,135,513,170,648,188,630,818
217712,8,5,1,15,50,65,192,65,257,80,242,322
217712,8,5,2,15,50,65,192,65,257,80,242,322
217712,9,6,1,19,31,27,122,50,149,46,153,199
217712,9,6,2,19,31,27,122,50,149,46,153,199
217712,10,7,1,5,16,17,85,21,102,22,101,123
217712,10,7,2,5,16,17,85,21,102,22,101,123
217712,11,8,1,12,14,16,71,26,87,28,85,113
217712,11,8,2,12,14,16,71,26,87,28,85,113
217712,12,9,1,2,4,9,40,6,49,11,44,55
217712,12,9,2,2,4,9,40,6,49,11,44,55
217712,13,10,1,0,2,1,3,2,4,1,5,6
217712,13,10,2,0,2,1,3,2,4,1,5,6
217749,1,412,1,1093,1286,316,334,2379,650,1409,1620,3029
217749,1,112,2,1041,1254,145,199,2295,344,1186,1453,2639
217749,1,312,5,52,32,171,135,84,306,223,167,390
217749,2,999,1,1044,1249,146,198,2293,344,1190,1447,2637
217749,2,999,2,1023,1226,122,163,2249,285,1145,1389,2534
217749,2,999,5,21,23,24,35,44,59,45,58,103
217749,3,1,1,18,23,85,101,41,186,103,124,227
217749,3,1,2,18,23,85,101,41,186,103,124,227
217749,4,2,1,443,572,16,18,1015,34,459,590,1049
217749,4,2,2,443,572,16,18,1015,34,459,590,1049
217749,5,3,1,465,507,10,19,972,29,475,526,1001
217749,5,3,2,464,503,10,18,967,28,474,521,995
217749,5,3,5,1,4,0,1,5,1,1,5,6
217749,6,4,1,118,147,35,60,265,95,153,207,360
217749,6,4,2,98,128,11,26,226,37,109,154,263
217749,6,4,5,20,19,24,34,39,58,44,53,97
217749,7,999,1,49,37,170,136,86,306,219,173,392
217749,7,999,2,18,28,23,36,46,59,41,64,105
217749,7,999,5,31,9,147,100,40,247,178,109,287
217749,8,5,1,28,25,40,45,53,85,68,70,138
217749,8,5,2,13,23,8,15,36,23,21,38,59
217749,8,5,5,15,2,32,30,17,62,47,32,79
217749,9,6,1,6,5,30,14,11,44,36,19,55
217749,9,6,2,1,3,1,3,4,4,2,6,8
217749,9,6,5,5,2,29,11,7,40,34,13,47
217749,10,7,1,5,4,28,13,9,41,33,17,50
217749,10,7,2,1,1,4,2,2,6,5,3,8
217749,10,7,5,4,3,24,11,7,35,28,14,42
217749,11,8,1,6,3,41,26,9,67,47,29,76
217749,11,8,2,2,1,5,10,3,15,7,11,18
217749,11,8,5,4,2,36,16,6,52,40,18,58
217749,12,9,1,4,0,28,34,4,62,32,34,66
217749,12,9,2,1,0,5,6,1,11,6,6,12
217749,12,9,5,3,0,23,28,3,51,26,28,54
217749,13,10,1,0,0,3,4,0,7,3,4,7
217749,13,10,5,0,0,3,4,0,7,3,4,7
217819,1,412,1,2929,5825,551,1079,8754,1630,3480,6904,10384
217819,1,112,2,2820,5646,387,447,8466,834,3207,6093,9300
217819,1,312,5,109,179,164,632,288,796,273,811,1084
217819,2,999,1,2669,5613,268,322,8282,590,2937,5935,8872
217819,2,999,2,2600,5498,243,278,8098,521,2843,5776,8619
217819,2,999,5,69,115,25,44,184,69,94,159,253
217819,3,1,1,12,51,30,68,63,98,42,119,161
217819,3,1,2,12,51,30,68,63,98,42,119,161
217819,4,2,1,1050,2527,26,29,3577,55,1076,2556,3632
217819,4,2,2,1050,2527,26,29,3577,55,1076,2556,3632
217819,5,3,1,1121,2444,50,50,3565,100,1171,2494,3665
217819,5,3,2,1119,2440,50,49,3559,99,1169,2489,3658
217819,5,3,5,2,4,0,1,6,1,2,5,7
217819,6,4,1,486,591,162,175,1077,337,648,766,1414
217819,6,4,2,419,480,137,132,899,269,556,612,1168
217819,6,4,5,67,111,25,43,178,68,92,154,246
217819,7,999,1,260,212,283,757,472,1040,543,969,1512
217819,7,999,2,220,148,144,169,368,313,364,317,681
217819,7,999,5,40,64,139,588,104,727,179,652,831
217819,8,5,1,160,127,102,158,287,260,262,285,547
217819,8,5,2,135,95,67,59,230,126,202,154,356
217819,8,5,5,25,32,35,99,57,134,60,131,191
217819,9,6,1,59,32,53,106,91,159,112,138,250
217819,9,6,2,49,20,26,28,69,54,75,48,123
217819,9,6,5,10,12,27,78,22,105,37,90,127
217819,10,7,1,15,18,31,86,33,117,46,104,150
217819,10,7,2,14,13,14,17,27,31,28,30,58
217819,10,7,5,1,5,17,69,6,86,18,74,92
217819,11,8,1,17,24,43,197,41,240,60,221,281
217819,11,8,2,16,14,8,20,30,28,24,34,58
217819,11,8,5,1,10,35,177,11,212,36,187,223
217819,12,9,1,8,8,32,185,16,217,40,193,233
217819,12,9,2,6,4,8,28,10,36,14,32,46
217819,12,9,5,2,4,24,157,6,181,26,161,187
217819,13,10,1,1,3,22,25,4,47,23,28,51
217819,13,10,2,0,2,21,17,2,38,21,19,40
217819,13,10,5,1,1,1,8,2,9,2,9,11
217837,1,412,1,98,200,318,849,298,1167,416,1049,1465
217837,1,112,2,98,200,318,849,298,1167,416,1049,1465
217837,2,999,1,70,129,231,529,199,760,301,658,959
217837,2,999,2,70,129,231,529,199,760,301,658,959
217837,3,1,1,1,8,125,287,9,412,126,295,421
217837,3,1,2,1,8,125,287,9,412,126,295,421
217837,4,2,1,38,57,51,76,95,127,89,133,222
217837,4,2,2,38,57,51,76,95,127,89,133,222
217837,5,3,1,21,44,31,81,65,112,52,125,177
217837,5,3,2,21,44,31,81,65,112,52,125,177
217837,6,4,1,10,20,24,85,30,109,34,105,139
217837,6,4,2,10,20,24,85,30,109,34,105,139
217837,7,999,1,26,71,87,320,97,407,113,391,504
217837,7,999,2,26,71,87,320,97,407,113,391,504
217837,8,5,1,7,22,19,111,29,130,26,133,159
217837,8,5,2,7,22,19,111,29,130,26,133,159
217837,9,6,1,7,15,18,82,22,100,25,97,122
217837,9,6,2,7,15,18,82,22,100,25,97,122
217837,10,7,1,7,17,15,48,24,63,22,65,87
217837,10,7,2,7,17,15,48,24,63,22,65,87
217837,11,8,1,4,14,24,55,18,79,28,69,97
217837,11,8,2,4,14,24,55,18,79,28,69,97
217837,12,9,1,1,3,11,24,4,35,12,27,39
217837,12,9,2,1,3,11,24,4,35,12,27,39
217837,14,11,1,2,0,0,0,2,0,2,0,2
217837,14,11,2,2,0,0,0,2,0,2,0,2
217864,1,412,1,2407,446,485,402,2853,887,2892,848,3740
217864,1,112,2,2305,349,147,57,2654,204,2452,406,2858
217864,1,312,5,102,97,338,345,199,683,440,442,882
217864,2,999,1,2205,345,88,95,2550,183,2293,440,2733
217864,2,999,2,2159,293,53,27,2452,80,2212,320,2532
217864,2,999,5,46,52,35,68,98,103,81,120,201
217864,3,1,1,5,3,0,0,8,0,5,3,8
217864,3,1,2,5,3,0,0,8,0,5,3,8
217864,4,2,1,877,128,13,9,1005,22,890,137,1027
217864,4,2,2,877,128,13,9,1005,22,890,137,1027
217864,5,3,1,1050,135,2,11,1185,13,1052,146,1198
217864,5,3,2,1049,133,2,9,1182,11,1051,142,1193
217864,5,3,5,1,2,0,2,3,2,1,4,5
217864,6,4,1,273,79,73,75,352,148,346,154,500
217864,6,4,2,228,29,38,9,257,47,266,38,304
217864,6,4,5,45,50,35,66,95,101,80,116,196
217864,7,999,1,202,101,397,307,303,704,599,408,1007
217864,7,999,2,146,56,94,30,202,124,240,86,326
217864,7,999,5,56,45,303,277,101,580,359,322,681
217864,8,5,1,92,50,101,117,142,218,193,167,360
217864,8,5,2,72,25,29,14,97,43,101,39,140
217864,8,5,5,20,25,72,103,45,175,92,128,220
217864,9,6,1,67,19,79,70,86,149,146,89,235
217864,9,6,2,49,15,15,2,64,17,64,17,81
217864,9,6,5,18,4,64,68,22,132,82,72,154
217864,10,7,1,22,17,69,37,39,106,91,54,145
217864,10,7,2,14,10,16,6,24,22,30,16,46
217864,10,7,5,8,7,53,31,15,84,61,38,99
217864,11,8,1,16,12,91,52,28,143,107,64,171
217864,11,8,2,8,6,24,4,14,28,32,10,42
217864,11,8,5,8,6,67,48,14,115,75,54,129
217864,12,9,1,5,3,50,29,8,79,55,32,87
217864,12,9,2,3,0,10,4,3,14,13,4,17
217864,12,9,5,2,3,40,25,5,65,42,28,70
217864,13,10,1,0,0,7,2,0,9,7,2,9
217864,13,10,5,0,0,7,2,0,9,7,2,9
217882,1,412,1,11656,11314,1542,1894,22970,3436,13198,13208,26406
217882,1,112,2,10006,10015,549,298,20021,847,10555,10313,20868
217882,1,312,5,1650,1299,993,1596,2949,2589,2643,2895,5538
217882,2,999,1,10378,10492,508,414,20870,922,10886,10906,21792
217882,2,999,2,9673,9875,417,228,19548,645,10090,10103,20193
217882,2,999,5,705,617,91,186,1322,277,796,803,1599
217882,3,1,1,20,52,1,0,72,1,21,52,73
217882,3,1,2,20,52,1,0,72,1,21,52,73
217882,4,2,1,3710,4419,37,26,8129,63,3747,4445,8192
217882,4,2,2,3709,4419,37,25,8128,62,3746,4444,8190
217882,4,2,5,1,0,0,1,1,1,1,1,2
217882,5,3,1,4280,4578,126,101,8858,227,4406,4679,9085
217882,5,3,2,4256,4551,124,98,8807,222,4380,4649,9029
217882,5,3,5,24,27,2,3,51,5,26,30,56
217882,6,4,1,2368,1443,344,287,3811,631,2712,1730,4442
217882,6,4,2,1688,853,255,105,2541,360,1943,958,2901
217882,6,4,5,680,590,89,182,1270,271,769,772,1541
217882,7,999,1,1278,822,1034,1480,2100,2514,2312,2302,4614
217882,7,999,2,333,140,132,70,473,202,465,210,675
217882,7,999,5,945,682,902,1410,1627,2312,1847,2092,3939
217882,8,5,1,869,502,374,473,1371,847,1243,975,2218
217882,8,5,2,258,100,68,29,358,97,326,129,455
217882,8,5,5,611,402,306,444,1013,750,917,846,1763
217882,9,6,1,276,197,241,327,473,568,517,524,1041
217882,9,6,2,45,29,26,16,74,42,71,45,116
217882,9,6,5,231,168,215,311,399,526,446,479,925
217882,10,7,1,89,66,176,205,155,381,265,271,536
217882,10,7,2,22,6,19,4,28,23,41,10,51
217882,10,7,5,67,60,157,201,127,358,224,261,485
217882,11,8,1,30,36,167,323,66,490,197,359,556
217882,11,8,2,3,3,9,11,6,20,12,14,26
217882,11,8,5,27,33,158,312,60,470,185,345,530
217882,12,9,1,12,19,68,145,31,213,80,164,244
217882,12,9,2,4,2,8,9,6,17,12,11,23
217882,12,9,5,8,17,60,136,25,196,68,153,221
217882,13,10,1,2,2,8,7,4,15,10,9,19
217882,13,10,2,1,0,2,1,1,3,3,1,4
217882,13,10,5,1,2,6,6,3,12,7,8,15
217907,1,412,1,425,571,38,53,996,91,463,624,1087
217907,1,112,2,375,493,36,50,868,86,411,543,954
217907,1,312,5,50,78,2,3,128,5,52,81,133
217907,2,999,1,365,436,21,19,801,40,386,455,841
217907,2,999,2,346,417,21,19,763,40,367,436,803
217907,2,999,5,19,19,0,0,38,0,19,19,38
217907,3,1,1,0,5,1,2,5,3,1,7,8
217907,3,1,2,0,5,1,2,5,3,1,7,8
217907,4,2,1,174,209,6,5,383,11,180,214,394
217907,4,2,2,174,209,6,5,383,11,180,214,394
217907,5,3,1,147,160,1,5,307,6,148,165,313
217907,5,3,2,147,160,1,5,307,6,148,165,313
217907,6,4,1,44,62,13,7,106,20,57,69,126
217907,6,4,2,25,43,13,7,68,20,38,50,88
217907,6,4,5,19,19,0,0,38,0,19,19,38
217907,7,999,1,58,133,14,31,191,45,72,164,236
217907,7,999,2,27,74,12,28,101,40,39,102,141
217907,7,999,5,31,59,2,3,90,5,33,62,95
217907,8,5,1,21,52,3,9,73,12,24,61,85
217907,8,5,2,12,30,2,9,42,11,14,39,53
217907,8,5,5,9,22,1,0,31,1,10,22,32
217907,9,6,1,15,29,3,5,44,8,18,34,52
217907,9,6,2,6,18,3,4,24,7,9,22,31
217907,9,6,5,9,11,0,1,20,1,9,12,21
217907,10,7,1,5,15,4,6,20,10,9,21,30
217907,10,7,2,2,6,3,4,8,7,5,10,15
217907,10,7,5,3,9,1,2,12,3,4,11,15
217907,11,8,1,14,27,2,4,41,6,16,31,47
217907,11,8,2,5,14,2,4,19,6,7,18,25
217907,11,8,5,9,13,0,0,22,0,9,13,22
217907,12,9,1,3,10,2,7,13,9,5,17,22
217907,12,9,2,2,6,2,7,8,9,4,13,17
217907,12,9,5,1,4,0,0,5,0,1,4,5
217907,14,11,1,2,2,3,3,4,6,5,5,10
217907,14,11,2,2,2,3,3,4,6,5,5,10
217925,1,412,1,402,390,610,696,792,1306,1012,1086,2098
217925,1,112,2,323,266,107,161,589,268,430,427,857
217925,1,312,5,79,124,503,535,203,1038,582,659,1241
217925,2,999,1,287,288,97,128,575,225,384,416,800
217925,2,999,2,274,249,74,90,523,164,348,339,687
217925,2,999,5,13,39,23,38,52,61,36,77,113
217925,3,1,1,3,5,46,51,8,97,49,56,105
217925,3,1,2,3,5,46,51,8,97,49,56,105
217925,4,2,1,133,107,15,20,240,35,148,127,275
217925,4,2,2,133,107,15,20,240,35,148,127,275
217925,5,3,1,97,116,7,9,213,16,104,125,229
217925,5,3,2,96,113,5,8,209,13,101,121,222
217925,5,3,5,1,3,2,1,4,3,3,4,7
217925,6,4,1,54,60,29,48,114,77,83,108,191
217925,6,4,2,42,24,8,11,66,19,50,35,85
217925,6,4,5,12,36,21,37,48,58,33,73,106
217925,7,999,1,115,102,513,568,217,1081,628,670,1298
217925,7,999,2,49,17,33,71,66,104,82,88,170
217925,7,999,5,66,85,480,497,151,977,546,582,1128
217925,8,5,1,26,38,68,96,64,164,94,134,228
217925,8,5,2,12,6,7,13,18,20,19,19,38
217925,8,5,5,14,32,61,83,46,144,75,115,190
217925,9,6,1,20,15,67,122,35,189,87,137,224
217925,9,6,2,8,2,7,11,10,18,15,13,28
217925,9,6,5,12,13,60,111,25,171,72,124,196
217925,10,7,1,16,9,91,94,25,185,107,103,210
217925,10,7,2,10,1,6,14,11,20,16,15,31
217925,10,7,5,6,8,85,80,14,165,91,88,179
217925,11,8,1,22,18,146,128,40,274,168,146,314
217925,11,8,2,5,3,6,14,8,20,11,17,28
217925,11,8,5,17,15,140,114,32,254,157,129,286
217925,12,9,1,29,20,127,112,49,239,156,132,288
217925,12,9,2,13,4,5,17,17,22,18,21,39
217925,12,9,5,16,16,122,95,32,217,138,111,249
217925,13,10,1,2,2,14,16,4,30,16,18,34
217925,13,10,2,1,1,2,2,2,4,3,3,6
217925,13,10,5,1,1,12,14,2,26,13,15,28
217934,1,412,1,65,807,103,243,872,346,168,1050,1218
217934,1,112,2,25,616,101,237,641,338,126,853,979
217934,1,312,5,40,191,2,6,231,8,42,197,239
217934,2,999,1,10,530,12,72,540,84,22,602,624
217934,2,999,2,7,500,12,71,507,83,19,571,590
217934,2,999,5,3,30,0,1,33,1,3,31,34
217934,3,1,1,0,6,0,1,6,1,0,7,7
217934,3,1,2,0,6,0,1,6,1,0,7,7
217934,4,2,1,3,198,1,11,201,12,4,209,213
217934,4,2,2,3,198,1,11,201,12,4,209,213
217934,5,3,1,1,230,3,18,231,21,4,248,252
217934,5,3,2,1,230,3,18,231,21,4,248,252
217934,6,4,1,6,96,8,42,102,50,14,138,152
217934,6,4,2,3,66,8,41,69,49,11,107,118
217934,6,4,5,3,30,0,1,33,1,3,31,34
217934,7,999,1,55,277,90,171,332,261,145,448,593
217934,7,999,2,18,116,88,166,134,254,106,282,388
217934,7,999,5,37,161,2,5,198,7,39,166,205
217934,8,5,1,13,103,24,44,116,68,37,147,184
217934,8,5,2,5,53,24,42,58,66,29,95,124
217934,8,5,5,8,50,0,2,58,2,8,52,60
217934,9,6,1,9,48,16,31,57,47,25,79,104
217934,9,6,2,1,27,15,31,28,46,16,58,74
217934,9,6,5,8,21,1,0,29,1,9,21,30
217934,10,7,1,10,33,17,26,43,43,27,59,86
217934,10,7,2,5,13,16,26,18,42,21,39,60
217934,10,7,5,5,20,1,0,25,1,6,20,26
217934,11,8,1,16,63,25,43,79,68,41,106,147
217934,11,8,2,5,13,25,42,18,67,30,55,85
217934,11,8,5,11,50,0,1,61,1,11,51,62
217934,12,9,1,6,30,8,27,36,35,14,57,71
217934,12,9,2,2,10,8,25,12,33,10,35,45
217934,12,9,5,4,20,0,2,24,2,4,22,26
217934,13,10,1,1,0,0,0,1,0,1,0,1
217934,13,10,5,1,0,0,0,1,0,1,0,1
217934,14,11,1,0,0,1,0,0,1,1,0,1
217934,14,11,2,0,0,1,0,0,1,1,0,1
217989,1,412,1,63,144,97,187,207,284,160,331,491
217989,1,112,2,63,144,97,187,207,284,160,331,491
217989,2,999,1,53,95,88,157,148,245,141,252,393
217989,2,999,2,53,95,88,157,148,245,141,252,393
217989,3,1,1,2,4,74,124,6,198,76,128,204
217989,3,1,2,2,4,74,124,6,198,76,128,204
217989,4,2,1,17,42,7,12,59,19,24,54,78
217989,4,2,2,17,42,7,12,59,19,24,54,78
217989,5,3,1,22,38,3,12,60,15,25,50,75
217989,5,3,2,22,38,3,12,60,15,25,50,75
217989,6,4,1,12,11,4,9,23,13,16,20,36
217989,6,4,2,12,11,4,9,23,13,16,20,36
217989,7,999,1,10,49,9,30,59,39,19,79,98
217989,7,999,2,10,49,9,30,59,39,19,79,98
217989,8,5,1,6,21,5,9,27,14,11,30,41
217989,8,5,2,6,21,5,9,27,14,11,30,41
217989,9,6,1,0,8,1,4,8,5,1,12,13
217989,9,6,2,0,8,1,4,8,5,1,12,13
217989,10,7,1,1,8,2,7,9,9,3,15,18
217989,10,7,2,1,8,2,7,9,9,3,15,18
217989,11,8,1,1,11,1,5,12,6,2,16,18
217989,11,8,2,1,11,1,5,12,6,2,16,18
217989,12,9,1,2,1,0,5,3,5,2,6,8
217989,12,9,2,2,1,0,5,3,5,2,6,8
218025,1,412,1,531,728,577,1479,1259,2056,1108,2207,3315
218025,1,112,2,531,728,577,1479,1259,2056,1108,2207,3315
218025,2,999,1,457,562,426,821,1019,1247,883,1383,2266
218025,2,999,2,457,562,426,821,1019,1247,883,1383,2266
218025,3,1,1,8,31,139,218,39,357,147,249,396
218025,3,1,2,8,31,139,218,39,357,147,249,396
218025,4,2,1,282,318,123,202,600,325,405,520,925
218025,4,2,2,282,318,123,202,600,325,405,520,925
218025,5,3,1,123,127,93,210,250,303,216,337,553
218025,5,3,2,123,127,93,210,250,303,216,337,553
218025,6,4,1,44,86,71,191,130,262,115,277,392
218025,6,4,2,44,86,71,191,130,262,115,277,392
218025,7,999,1,74,166,151,658,240,809,225,824,1049
218025,7,999,2,74,166,151,658,240,809,225,824,1049
218025,8,5,1,24,68,59,244,92,303,83,312,395
218025,8,5,2,24,68,59,244,92,303,83,312,395
218025,9,6,1,16,39,34,148,55,182,50,187,237
218025,9,6,2,16,39,34,148,55,182,50,187,237
218025,10,7,1,14,27,11,90,41,101,25,117,142
218025,10,7,2,14,27,11,90,41,101,25,117,142
218025,11,8,1,14,24,30,129,38,159,44,153,197
218025,11,8,2,14,24,30,129,38,159,44,153,197
218025,12,9,1,4,8,14,42,12,56,18,50,68
218025,12,9,2,4,8,14,42,12,56,18,50,68
218025,13,10,1,2,0,3,5,2,8,5,5,10
218025,13,10,2,2,0,3,5,2,8,5,5,10
218061,1,412,1,962,2100,299,787,3062,1086,1261,2887,4148
218061,1,112,2,926,1926,232,548,2852,780,1158,2474,3632
218061,1,312,5,36,174,67,239,210,306,103,413,516
218061,2,999,1,885,1899,204,510,2784,714,1089,2409,3498
218061,2,999,2,874,1808,190,470,2682,660,1064,2278,3342
218061,2,999,5,11,91,14,40,102,54,25,131,156
218061,3,1,1,13,41,135,352,54,487,148,393,541
218061,3,1,2,13,41,135,352,54,487,148,393,541
218061,4,2,1,415,776,20,34,1191,54,435,810,1245
218061,4,2,2,415,776,20,34,1191,54,435,810,1245
218061,5,3,1,308,687,11,28,995,39,319,715,1034
218061,5,3,2,307,684,11,27,991,38,318,711,1029
218061,5,3,5,1,3,0,1,4,1,1,4,5
218061,6,4,1,149,395,38,96,544,134,187,491,678
218061,6,4,2,139,307,24,57,446,81,163,364,527
218061,6,4,5,10,88,14,39,98,53,24,127,151
218061,7,999,1,77,201,95,274,278,369,172,475,647
218061,7,999,2,52,118,42,75,170,117,94,193,287
218061,7,999,5,25,83,53,199,108,252,78,282,360
218061,8,5,1,47,125,30,76,172,106,77,201,278
218061,8,5,2,32,72,11,17,104,28,43,89,132
218061,8,5,5,15,53,19,59,68,78,34,112,146
218061,9,6,1,11,33,11,50,44,61,22,83,105
218061,9,6,2,7,24,4,12,31,16,11,36,47
218061,9,6,5,4,9,7,38,13,45,11,47,58
218061,10,7,1,7,18,15,34,25,49,22,52,74
218061,10,7,2,5,9,4,7,14,11,9,16,25
218061,10,7,5,2,9,11,27,11,38,13,36,49
218061,11,8,1,11,20,16,61,31,77,27,81,108
218061,11,8,2,8,10,4,7,18,11,12,17,29
218061,11,8,5,3,10,12,54,13,66,15,64,79
218061,12,9,1,1,5,5,25,6,30,6,30,36
218061,12,9,2,0,3,2,4,3,6,2,7,9
218061,12,9,5,1,2,3,21,3,24,4,23,27
218061,13,10,1,0,0,18,28,0,46,18,28,46
218061,13,10,2,0,0,17,28,0,45,17,28,45
218061,13,10,5,0,0,1,0,0,1,1,0,1
218061,14,11,1,0,0,0,3,0,3,0,3,3
218061,14,11,2,0,0,0,3,0,3,0,3,3
218070,1,412,1,903,1505,55,104,2408,159,958,1609,2567
218070,1,112,2,882,1412,27,24,2294,51,909,1436,2345
218070,1,312,5,21,93,28,80,114,108,49,173,222
218070,2,999,1,885,1452,22,10,2337,32,907,1462,2369
218070,2,999,2,874,1398,22,6,2272,28,896,1404,2300
218070,2,999,5,11,54,0,4,65,4,11,58,69
218070,3,1,1,3,8,0,0,11,0,3,8,11
218070,3,1,2,3,8,0,0,11,0,3,8,11
218070,4,2,1,359,591,0,0,950,0,359,591,950
218070,4,2,2,359,591,0,0,950,0,359,591,950
218070,5,3,1,418,712,5,2,1130,7,423,714,1137
218070,5,3,2,418,711,5,2,1129,7,423,713,1136
218070,5,3,5,0,1,0,0,1,0,0,1,1
218070,6,4,1,105,141,17,8,246,25,122,149,271
218070,6,4,2,94,88,17,4,182,21,111,92,203
218070,6,4,5,11,53,0,4,64,4,11,57,68
218070,7,999,1,18,53,33,93,71,126,51,146,197
218070,7,999,2,8,14,5,17,22,22,13,31,44
218070,7,999,5,10,39,28,76,49,104,38,115,153
218070,8,5,1,9,12,6,22,21,28,15,34,49
218070,8,5,2,5,3,2,3,8,5,7,6,13
218070,8,5,5,4,9,4,19,13,23,8,28,36
218070,9,6,1,4,8,6,10,12,16,10,18,28
218070,9,6,2,1,1,1,2,2,3,2,3,5
218070,9,6,5,3,7,5,8,10,13,8,15,23
218070,10,7,1,2,11,8,20,13,28,10,31,41
218070,10,7,2,0,2,0,5,2,5,0,7,7
218070,10,7,5,2,9,8,15,11,23,10,24,34
218070,11,8,1,3,16,11,31,19,42,14,47,61
218070,11,8,2,2,7,2,6,9,8,4,13,17
218070,11,8,5,1,9,9,25,10,34,10,34,44
218070,12,9,1,0,6,2,10,6,12,2,16,18
218070,12,9,2,0,1,0,1,1,1,0,2,2
218070,12,9,5,0,5,2,9,5,11,2,14,16
218070,14,11,1,0,0,0,1,0,1,0,1,1
218070,14,11,2,0,0,0,1,0,1,0,1,1
218113,1,412,1,1873,2514,2236,3913,4387,6149,4109,6427,10536
218113,1,112,2,1873,2514,2236,3913,4387,6149,4109,6427,10536
218113,2,999,1,1505,1900,1565,2455,3405,4020,3070,4355,7425
218113,2,999,2,1505,1900,1565,2455,3405,4020,3070,4355,7425
218113,3,1,1,38,74,638,925,112,1563,676,999,1675
218113,3,1,2,38,74,638,925,112,1563,676,999,1675
218113,4,2,1,892,1077,301,456,1969,757,1193,1533,2726
218113,4,2,2,892,1077,301,456,1969,757,1193,1533,2726
218113,5,3,1,394,465,337,543,859,880,731,1008,1739
218113,5,3,2,394,465,337,543,859,880,731,1008,1739
218113,6,4,1,181,284,289,531,465,820,470,815,1285
218113,6,4,2,181,284,289,531,465,820,470,815,1285
218113,7,999,1,368,614,671,1458,982,2129,1039,2072,3111
218113,7,999,2,368,614,671,1458,982,2129,1039,2072,3111
218113,8,5,1,178,275,270,581,453,851,448,856,1304
218113,8,5,2,178,275,270,581,453,851,448,856,1304
218113,9,6,1,78,129,155,344,207,499,233,473,706
218113,9,6,2,78,129,155,344,207,499,233,473,706
218113,10,7,1,50,78,107,201,128,308,157,279,436
218113,10,7,2,50,78,107,201,128,308,157,279,436
218113,11,8,1,51,97,79,247,148,326,130,344,474
218113,11,8,2,51,97,79,247,148,326,130,344,474
218113,12,9,1,10,35,50,76,45,126,60,111,171
218113,12,9,2,10,35,50,76,45,126,60,111,171
218113,13,10,1,1,0,10,9,1,19,11,9,20
218113,13,10,2,1,0,10,9,1,19,11,9,20
218140,1,412,1,1235,1821,998,2355,3056,3353,2233,4176,6409
218140,1,112,2,1235,1821,998,2355,3056,3353,2233,4176,6409
218140,2,999,1,968,1393,723,1383,2361,2106,1691,2776,4467
218140,2,999,2,968,1393,723,1383,2361,2106,1691,2776,4467
218140,3,1,1,66,117,264,538,183,802,330,655,985
218140,3,1,2,66,117,264,538,183,802,330,655,985
218140,4,2,1,585,771,164,221,1356,385,749,992,1741
218140,4,2,2,585,771,164,221,1356,385,749,992,1741
218140,5,3,1,208,306,155,309,514,464,363,615,978
218140,5,3,2,208,306,155,309,514,464,363,615,978
218140,6,4,1,109,199,140,315,308,455,249,514,763
218140,6,4,2,109,199,140,315,308,455,249,514,763
218140,7,999,1,267,428,275,972,695,1247,542,1400,1942
218140,7,999,2,267,428,275,972,695,1247,542,1400,1942
218140,8,5,1,114,163,105,358,277,463,219,521,740
218140,8,5,2,114,163,105,358,277,463,219,521,740
218140,9,6,1,51,99,72,230,150,302,123,329,452
218140,9,6,2,51,99,72,230,150,302,123,329,452
218140,10,7,1,41,45,36,131,86,167,77,176,253
218140,10,7,2,41,45,36,131,86,167,77,176,253
218140,11,8,1,43,90,45,164,133,209,88,254,342
218140,11,8,2,43,90,45,164,133,209,88,254,342
218140,12,9,1,17,28,17,82,45,99,34,110,144
218140,12,9,2,17,28,17,82,45,99,34,110,144
218140,13,10,1,1,3,0,7,4,7,1,10,11
218140,13,10,2,1,3,0,7,4,7,1,10,11
218229,1,412,1,1019,2182,91,221,3201,312,1110,2403,3513
218229,1,112,2,1002,2157,68,164,3159,232,1070,2321,3391
218229,1,312,5,17,25,23,57,42,80,40,82,122
218229,2,999,1,985,2132,62,148,3117,210,1047,2280,3327
218229,2,999,2,979,2114,54,140,3093,194,1033,2254,3287
218229,2,999,5,6,18,8,8,24,16,14,26,40
218229,3,1,1,3,32,24,66,35,90,27,98,125
218229,3,1,2,3,32,24,66,35,90,27,98,125
218229,4,2,1,466,1016,9,21,1482,30,475,1037,1512
218229,4,2,2,466,1016,9,21,1482,30,475,1037,1512
218229,5,3,1,379,840,5,14,1219,19,384,854,1238
218229,5,3,2,378,839,5,13,1217,18,383,852,1235
218229,5,3,5,1,1,0,1,2,1,1,2,3
218229,6,4,1,137,244,24,47,381,71,161,291,452
218229,6,4,2,132,227,16,40,359,56,148,267,415
218229,6,4,5,5,17,8,7,22,15,13,24,37
218229,7,999,1,34,50,29,73,84,102,63,123,186
218229,7,999,2,23,43,14,24,66,38,37,67,104
218229,7,999,5,11,7,15,49,18,64,26,56,82
218229,8,5,1,22,26,13,27,48,40,35,53,88
218229,8,5,2,18,25,9,9,43,18,27,34,61
218229,8,5,5,4,1,4,18,5,22,8,19,27
218229,9,6,1,6,9,3,10,15,13,9,19,28
218229,9,6,2,3,8,1,5,11,6,4,13,17
218229,9,6,5,3,1,2,5,4,7,5,6,11
218229,10,7,1,2,6,4,15,8,19,6,21,27
218229,10,7,2,1,5,1,3,6,4,2,8,10
218229,10,7,5,1,1,3,12,2,15,4,13,17
218229,11,8,1,3,7,6,12,10,18,9,19,28
218229,11,8,2,1,4,1,1,5,2,2,5,7
218229,11,8,5,2,3,5,11,5,16,7,14,21
218229,12,9,1,1,2,2,7,3,9,3,9,12
218229,12,9,2,0,1,1,4,1,5,1,5,6
218229,12,9,5,1,1,1,3,2,4,2,4,6
218229,13,10,1,0,0,1,2,0,3,1,2,3
218229,13,10,2,0,0,1,2,0,3,1,2,3
218335,1,412,1,990,1830,36,227,2820,263,1026,2057,3083
218335,1,112,2,43,272,1,2,315,3,44,274,318
218335,1,312,5,947,1558,35,225,2505,260,982,1783,2765
218335,2,999,1,343,912,2,17,1255,19,345,929,1274
218335,2,999,2,11,151,0,1,162,1,11,152,163
218335,2,999,5,332,761,2,16,1093,18,334,777,1111
218335,4,2,1,0,2,0,0,2,0,0,2,2
218335,4,2,2,0,1,0,0,1,0,0,1,1
218335,4,2,5,0,1,0,0,1,0,0,1,1
218335,5,3,1,15,58,0,0,73,0,15,58,73
218335,5,3,2,3,33,0,0,36,0,3,33,36
218335,5,3,5,12,25,0,0,37,0,12,25,37
218335,6,4,1,328,852,2,17,1180,19,330,869,1199
218335,6,4,2,8,117,0,1,125,1,8,118,126
218335,6,4,5,320,735,2,16,1055,18,322,751,1073
218335,7,999,1,647,918,34,210,1565,244,681,1128,1809
218335,7,999,2,32,121,1,1,153,2,33,122,155
218335,7,999,5,615,797,33,209,1412,242,648,1006,1654
218335,8,5,1,445,629,8,72,1074,80,453,701,1154
218335,8,5,2,14,61,1,1,75,2,15,62,77
218335,8,5,5,431,568,7,71,999,78,438,639,1077
218335,9,6,1,127,143,5,48,270,53,132,191,323
218335,9,6,2,9,32,0,0,41,0,9,32,41
218335,9,6,5,118,111,5,48,229,53,123,159,282
218335,10,7,1,33,70,10,41,103,51,43,111,154
218335,10,7,2,4,15,0,0,19,0,4,15,19
218335,10,7,5,29,55,10,41,84,51,39,96,135
218335,11,8,1,28,59,10,37,87,47,38,96,134
218335,11,8,2,5,11,0,0,16,0,5,11,16
218335,11,8,5,23,48,10,37,71,47,33,85,118
218335,12,9,1,13,16,1,11,29,12,14,27,41
218335,12,9,2,0,2,0,0,2,0,0,2,2
218335,12,9,5,13,14,1,11,27,12,14,25,39
218335,13,10,1,1,1,0,1,2,1,1,2,3
218335,13,10,5,1,1,0,1,2,1,1,2,3
218353,1,412,1,1658,2112,1580,3444,3770,5024,3238,5556,8794
218353,1,112,2,1658,2112,1580,3444,3770,5024,3238,5556,8794
218353,2,999,1,1416,1680,1083,1829,3096,2912,2499,3509,6008
218353,2,999,2,1416,1680,1083,1829,3096,2912,2499,3509,6008
218353,3,1,1,29,56,229,433,85,662,258,489,747
218353,3,1,2,29,56,229,433,85,662,258,489,747
218353,4,2,1,850,984,278,377,1834,655,1128,1361,2489
218353,4,2,2,850,984,278,377,1834,655,1128,1361,2489
218353,5,3,1,366,411,322,495,777,817,688,906,1594
218353,5,3,2,366,411,322,495,777,817,688,906,1594
218353,6,4,1,171,229,254,524,400,778,425,753,1178
218353,6,4,2,171,229,254,524,400,778,425,753,1178
218353,7,999,1,242,432,497,1615,674,2112,739,2047,2786
218353,7,999,2,242,432,497,1615,674,2112,739,2047,2786
218353,8,5,1,114,189,203,552,303,755,317,741,1058
218353,8,5,2,114,189,203,552,303,755,317,741,1058
218353,9,6,1,50,99,105,388,149,493,155,487,642
218353,9,6,2,50,99,105,388,149,493,155,487,642
218353,10,7,1,34,58,73,251,92,324,107,309,416
218353,10,7,2,34,58,73,251,92,324,107,309,416
218353,11,8,1,28,69,87,295,97,382,115,364,479
218353,11,8,2,28,69,87,295,97,382,115,364,479
218353,12,9,1,16,16,26,119,32,145,42,135,177
218353,12,9,2,16,16,26,119,32,145,42,135,177
218353,13,10,1,0,1,3,10,1,13,3,11,14
218353,13,10,2,0,1,3,10,1,13,3,11,14
218399,1,412,1,124,242,14,15,366,29,138,257,395
218399,1,112,2,124,242,14,15,366,29,138,257,395
218399,2,999,1,110,202,9,11,312,20,119,213,332
218399,2,999,2,110,202,9,11,312,20,119,213,332
218399,3,1,1,0,1,0,0,1,0,0,1,1
218399,3,1,2,0,1,0,0,1,0,0,1,1
218399,4,2,1,45,74,1,0,119,1,46,74,120
218399,4,2,2,45,74,1,0,119,1,46,74,120
218399,5,3,1,45,80,2,4,125,6,47,84,131
218399,5,3,2,45,80,2,4,125,6,47,84,131
218399,6,4,1,20,47,6,7,67,13,26,54,80
218399,6,4,2,20,47,6,7,67,13,26,54,80
218399,7,999,1,14,40,5,4,54,9,19,44,63
218399,7,999,2,14,40,5,4,54,9,19,44,63
218399,8,5,1,4,10,1,4,14,5,5,14,19
218399,8,5,2,4,10,1,4,14,5,5,14,19
218399,9,6,1,0,4,1,0,4,1,1,4,5
218399,9,6,2,0,4,1,0,4,1,1,4,5
218399,10,7,1,2,7,0,0,9,0,2,7,9
218399,10,7,2,2,7,0,0,9,0,2,7,9
218399,11,8,1,3,12,0,0,15,0,3,12,15
218399,11,8,2,3,12,0,0,15,0,3,12,15
218399,12,9,1,5,6,3,0,11,3,8,6,14
218399,12,9,2,5,6,3,0,11,3,8,6,14
218399,13,10,1,0,1,0,0,1,0,0,1,1
218399,13,10,2,0,1,0,0,1,0,0,1,1
218414,1,412,1,708,523,12,13,1231,25,720,536,1256
218414,1,112,2,708,523,12,13,1231,25,720,536,1256
218414,2,999,1,689,487,7,5,1176,12,696,492,1188
218414,2,999,2,689,487,7,5,1176,12,696,492,1188
218414,3,1,1,2,11,1,0,13,1,3,11,14
218414,3,1,2,2,11,1,0,13,1,3,11,14
218414,4,2,1,290,210,1,0,500,1,291,210,501
218414,4,2,2,290,210,1,0,500,1,291,210,501
218414,5,3,1,293,203,1,0,496,1,294,203,497
218414,5,3,2,293,203,1,0,496,1,294,203,497
218414,6,4,1,104,63,4,5,167,9,108,68,176
218414,6,4,2,104,63,4,5,167,9,108,68,176
218414,7,999,1,19,36,5,8,55,13,24,44,68
218414,7,999,2,19,36,5,8,55,13,24,44,68
218414,8,5,1,12,9,2,3,21,5,14,12,26
218414,8,5,2,12,9,2,3,21,5,14,12,26
218414,9,6,1,4,3,0,2,7,2,4,5,9
218414,9,6,2,4,3,0,2,7,2,4,5,9
218414,10,7,1,1,11,2,1,12,3,3,12,15
218414,10,7,2,1,11,2,1,12,3,3,12,15
218414,11,8,1,1,9,0,2,10,2,1,11,12
218414,11,8,2,1,9,0,2,10,2,1,11,12
218414,12,9,1,1,4,0,0,5,0,1,4,5
218414,12,9,2,1,4,0,0,5,0,1,4,5
218414,13,10,1,0,0,1,0,0,1,1,0,1
218414,13,10,2,0,0,1,0,0,1,1,0,1
218441,1,412,1,908,990,145,237,1898,382,1053,1227,2280
218441,1,112,2,790,868,120,215,1658,335,910,1083,1993
218441,1,312,5,118,122,25,22,240,47,143,144,287
218441,2,999,1,794,856,105,187,1650,292,899,1043,1942
218441,2,999,2,754,816,102,187,1570,289,856,1003,1859
218441,2,999,5,40,40,3,0,80,3,43,40,83
218441,3,1,1,2,6,63,148,8,211,65,154,219
218441,3,1,2,2,6,63,148,8,211,65,154,219
218441,4,2,1,309,335,9,22,644,31,318,357,675
218441,4,2,2,309,335,9,22,644,31,318,357,675
218441,5,3,1,320,378,10,14,698,24,330,392,722
218441,5,3,2,319,378,10,14,697,24,329,392,721
218441,5,3,5,1,0,0,0,1,0,1,0,1
218441,6,4,1,163,137,23,3,300,26,186,140,326
218441,6,4,2,124,97,20,3,221,23,144,100,244
218441,6,4,5,39,40,3,0,79,3,42,40,82
218441,7,999,1,114,133,38,48,247,86,152,181,333
218441,7,999,2,36,51,16,26,87,42,52,77,129
218441,7,999,5,78,82,22,22,160,44,100,104,204
218441,8,5,1,41,60,7,11,101,18,48,71,119
218441,8,5,2,14,20,4,10,34,14,18,30,48
218441,8,5,5,27,40,3,1,67,4,30,41,71
218441,9,6,1,19,19,9,12,38,21,28,31,59
218441,9,6,2,6,6,6,6,12,12,12,12,24
218441,9,6,5,13,13,3,6,26,9,16,19,35
218441,10,7,1,12,15,3,6,27,9,15,21,36
218441,10,7,2,4,8,1,3,12,4,5,11,16
218441,10,7,5,8,7,2,3,15,5,10,10,20
218441,11,8,1,28,26,11,8,54,19,39,34,73
218441,11,8,2,10,12,3,2,22,5,13,14,27
218441,11,8,5,18,14,8,6,32,14,26,20,46
218441,12,9,1,12,11,6,10,23,16,18,21,39
218441,12,9,2,2,5,1,5,7,6,3,10,13
218441,12,9,5,10,6,5,5,16,10,15,11,26
218441,13,10,1,2,2,2,1,4,3,4,3,7
218441,13,10,2,0,0,1,0,0,1,1,0,1
218441,13,10,5,2,2,1,1,4,2,3,3,6
218441,14,11,1,0,1,2,2,1,4,2,3,5
218441,14,11,2,0,1,2,2,1,4,2,3,5
218487,1,412,1,225,421,466,1145,646,1611,691,1566,2257
218487,1,112,2,225,421,466,1145,646,1611,691,1566,2257
218487,2,999,1,189,306,386,682,495,1068,575,988,1563
218487,2,999,2,189,306,386,682,495,1068,575,988,1563
218487,3,1,1,10,35,231,337,45,568,241,372,613
218487,3,1,2,10,35,231,337,45,568,241,372,613
218487,4,2,1,103,166,64,90,269,154,167,256,423
218487,4,2,2,103,166,64,90,269,154,167,256,423
218487,5,3,1,53,58,49,128,111,177,102,186,288
218487,5,3,2,53,58,49,128,111,177,102,186,288
218487,6,4,1,23,47,42,127,70,169,65,174,239
218487,6,4,2,23,47,42,127,70,169,65,174,239
218487,7,999,1,36,115,80,463,151,543,116,578,694
218487,7,999,2,36,115,80,463,151,543,116,578,694
218487,8,5,1,9,42,21,158,51,179,30,200,230
218487,8,5,2,9,42,21,158,51,179,30,200,230
218487,9,6,1,9,20,17,119,29,136,26,139,165
218487,9,6,2,9,20,17,119,29,136,26,139,165
218487,10,7,1,7,24,10,76,31,86,17,100,117
218487,10,7,2,7,24,10,76,31,86,17,100,117
218487,11,8,1,6,21,21,81,27,102,27,102,129
218487,11,8,2,6,21,21,81,27,102,27,102,129
218487,12,9,1,5,8,10,27,13,37,15,35,50
218487,12,9,2,5,8,10,27,13,37,15,35,50
218487,13,10,1,0,0,1,2,0,3,1,2,3
218487,13,10,2,0,0,1,2,0,3,1,2,3
218520,1,412,1,597,1076,899,2140,1673,3039,1496,3216,4712
218520,1,112,2,597,1076,899,2140,1673,3039,1496,3216,4712
218520,2,999,1,456,750,645,1109,1206,1754,1101,1859,2960
218520,2,999,2,456,750,645,1109,1206,1754,1101,1859,2960
218520,3,1,1,51,109,245,372,160,617,296,481,777
218520,3,1,2,51,109,245,372,160,617,296,481,777
218520,4,2,1,252,360,184,243,612,427,436,603,1039
218520,4,2,2,252,360,184,243,612,427,436,603,1039
218520,5,3,1,97,155,122,250,252,372,219,405,624
218520,5,3,2,97,155,122,250,252,372,219,405,624
218520,6,4,1,56,126,94,244,182,338,150,370,520
218520,6,4,2,56,126,94,244,182,338,150,370,520
218520,7,999,1,141,326,254,1031,467,1285,395,1357,1752
218520,7,999,2,141,326,254,1031,467,1285,395,1357,1752
218520,8,5,1,50,105,76,328,155,404,126,433,559
218520,8,5,2,50,105,76,328,155,404,126,433,559
218520,9,6,1,35,86,63,242,121,305,98,328,426
218520,9,6,2,35,86,63,242,121,305,98,328,426
218520,10,7,1,18,52,42,174,70,216,60,226,286
218520,10,7,2,18,52,42,174,70,216,60,226,286
218520,11,8,1,22,66,47,213,88,260,69,279,348
218520,11,8,2,22,66,47,213,88,260,69,279,348
218520,12,9,1,13,17,21,66,30,87,34,83,117
218520,12,9,2,13,17,21,66,30,87,34,83,117
218520,13,10,1,3,0,5,8,3,13,8,8,16
218520,13,10,2,3,0,5,8,3,13,8,8,16
218539,1,412,1,539,693,19,58,1232,77,558,751,1309
218539,1,112,2,470,507,17,54,977,71,487,561,1048
218539,1,312,5,69,186,2,4,255,6,71,190,261
218539,2,999,1,499,613,19,55,1112,74,518,668,1186
218539,2,999,2,469,507,17,52,976,69,486,559,1045
218539,2,999,5,30,106,2,3,136,5,32,109,141
218539,3,1,1,2,4,11,45,6,56,13,49,62
218539,3,1,2,2,4,11,45,6,56,13,49,62
218539,4,2,1,247,267,1,3,514,4,248,270,518
218539,4,2,2,247,267,1,3,514,4,248,270,518
218539,5,3,1,176,236,1,2,412,3,177,238,415
218539,5,3,2,172,218,0,1,390,1,172,219,391
218539,5,3,5,4,18,1,1,22,2,5,19,24
218539,6,4,1,74,106,6,5,180,11,80,111,191
218539,6,4,2,48,18,5,3,66,8,53,21,74
218539,6,4,5,26,88,1,2,114,3,27,90,117
218539,7,999,1,40,80,0,3,120,3,40,83,123
218539,7,999,2,1,0,0,2,1,2,1,2,3
218539,7,999,5,39,80,0,1,119,1,39,81,120
218539,8,5,1,24,52,0,2,76,2,24,54,78
218539,8,5,2,1,0,0,1,1,1,1,1,2
218539,8,5,5,23,52,0,1,75,1,23,53,76
218539,9,6,1,11,18,0,0,29,0,11,18,29
218539,9,6,5,11,18,0,0,29,0,11,18,29
218539,10,7,1,4,5,0,0,9,0,4,5,9
218539,10,7,5,4,5,0,0,9,0,4,5,9
218539,11,8,1,1,4,0,0,5,0,1,4,5
218539,11,8,5,1,4,0,0,5,0,1,4,5
218539,12,9,1,0,1,0,1,1,1,0,2,2
218539,12,9,2,0,0,0,1,0,1,0,1,1
218539,12,9,5,0,1,0,0,1,0,0,1,1
218645,1,412,1,1087,1852,265,740,2939,1005,1352,2592,3944
218645,1,112,2,920,1680,196,488,2600,684,1116,2168,3284
218645,1,312,5,167,172,69,252,339,321,236,424,660
218645,2,999,1,809,1487,129,304,2296,433,938,1791,2729
218645,2,999,2,786,1457,128,296,2243,424,914,1753,2667
218645,2,999,5,23,30,1,8,53,9,24,38,62
218645,3,1,1,16,29,39,109,45,148,55,138,193
218645,3,1,2,16,29,39,109,45,148,55,138,193
218645,4,2,1,238,463,38,89,701,127,276,552,828
218645,4,2,2,238,463,38,89,701,127,276,552,828
218645,5,3,1,299,551,19,23,850,42,318,574,892
218645,5,3,2,299,548,19,23,847,42,318,571,889
218645,5,3,5,0,3,0,0,3,0,0,3,3
218645,6,4,1,256,444,33,83,700,116,289,527,816
218645,6,4,2,233,417,32,75,650,107,265,492,757
218645,6,4,5,23,27,1,8,50,9,24,35,59
218645,7,999,1,278,365,136,436,643,572,414,801,1215
218645,7,999,2,134,223,68,192,357,260,202,415,617
218645,7,999,5,144,142,68,244,286,312,212,386,598
218645,8,5,1,106,171,45,124,277,169,151,295,446
218645,8,5,2,69,116,30,69,185,99,99,185,284
218645,8,5,5,37,55,15,55,92,70,52,110,162
218645,9,6,1,66,76,20,78,142,98,86,154,240
218645,9,6,2,30,53,10,32,83,42,40,85,125
218645,9,6,5,36,23,10,46,59,56,46,69,115
218645,10,7,1,45,41,19,76,86,95,64,117,181
218645,10,7,2,21,20,7,34,41,41,28,54,82
218645,10,7,5,24,21,12,42,45,54,36,63,99
218645,11,8,1,45,60,30,104,105,134,75,164,239
218645,11,8,2,8,31,10,39,39,49,18,70,88
218645,11,8,5,37,29,20,65,66,85,57,94,151
218645,12,9,1,16,15,16,52,31,68,32,67,99
218645,12,9,2,6,3,5,17,9,22,11,20,31
218645,12,9,5,10,12,11,35,22,46,21,47,68
218645,13,10,1,0,2,6,2,2,8,6,4,10
218645,13,10,2,0,0,6,1,0,7,6,1,7
218645,13,10,5,0,2,0,1,2,1,0,3,3
218654,1,412,1,522,1153,125,206,1675,331,647,1359,2006
218654,1,112,2,517,1153,125,204,1670,329,642,1357,1999
218654,1,312,5,5,0,0,2,5,2,5,2,7
218654,2,999,1,469,1054,91,118,1523,209,560,1172,1732
218654,2,999,2,467,1054,91,118,1521,209,558,1172,1730
218654,2,999,5,2,0,0,0,2,0,2,0,2
218654,3,1,1,7,19,32,52,26,84,39,71,110
218654,3,1,2,7,19,32,52,26,84,39,71,110
218654,4,2,1,178,473,6,8,651,14,184,481,665
218654,4,2,2,178,473,6,8,651,14,184,481,665
218654,5,3,1,192,421,16,17,613,33,208,438,646
218654,5,3,2,192,421,16,17,613,33,208,438,646
218654,6,4,1,92,141,37,41,233,78,129,182,311
218654,6,4,2,90,141,37,41,231,78,127,182,309
218654,6,4,5,2,0,0,0,2,0,2,0,2
218654,7,999,1,53,99,34,88,152,122,87,187,274
218654,7,999,2,50,99,34,86,149,120,84,185,269
218654,7,999,5,3,0,0,2,3,2,3,2,5
218654,8,5,1,26,53,16,31,79,47,42,84,126
218654,8,5,2,24,53,16,31,77,47,40,84,124
218654,8,5,5,2,0,0,0,2,0,2,0,2
218654,9,6,1,14,19,5,22,33,27,19,41,60
218654,9,6,2,14,19,5,22,33,27,19,41,60
218654,10,7,1,3,9,3,9,12,12,6,18,24
218654,10,7,2,3,9,3,9,12,12,6,18,24
218654,11,8,1,8,12,4,14,20,18,12,26,38
218654,11,8,2,8,12,4,12,20,16,12,24,36
218654,11,8,5,0,0,0,2,0,2,0,2,2
218654,12,9,1,1,5,4,7,6,11,5,12,17
218654,12,9,2,1,5,4,7,6,11,5,12,17
218654,13,10,1,1,1,2,5,2,7,3,6,9
218654,13,10,2,0,1,2,5,1,7,2,6,8
218654,13,10,5,1,0,0,0,1,0,1,0,1
218663,1,412,1,14441,17363,1326,2340,31804,3666,15767,19703,35470
218663,1,112,2,12009,14165,603,494,26174,1097,12612,14659,27271
218663,1,312,5,2432,3198,723,1846,5630,2569,3155,5044,8199
218663,2,999,1,12435,15313,420,415,27748,835,12855,15728,28583
218663,2,999,2,11651,13874,376,288,25525,664,12027,14162,26189
218663,2,999,5,784,1439,44,127,2223,171,828,1566,2394
218663,3,1,1,11,28,0,1,39,1,11,29,40
218663,3,1,2,11,28,0,1,39,1,11,29,40
218663,4,2,1,3775,5019,17,22,8794,39,3792,5041,8833
218663,4,2,2,3775,5019,17,22,8794,39,3792,5041,8833
218663,5,3,1,5564,6858,85,78,12422,163,5649,6936,12585
218663,5,3,2,5514,6736,84,71,12250,155,5598,6807,12405
218663,5,3,5,50,122,1,7,172,8,51,129,180
218663,6,4,1,3085,3408,318,314,6493,632,3403,3722,7125
218663,6,4,2,2351,2091,275,194,4442,469,2626,2285,4911
218663,6,4,5,734,1317,43,120,2051,163,777,1437,2214
218663,7,999,1,2006,2050,906,1925,4056,2831,2912,3975,6887
218663,7,999,2,358,291,227,206,649,433,585,497,1082
218663,7,999,5,1648,1759,679,1719,3407,2398,2327,3478,5805
218663,8,5,1,1215,1266,243,554,2481,797,1458,1820,3278
218663,8,5,2,228,179,95,78,407,173,323,257,580
218663,8,5,5,987,1087,148,476,2074,624,1135,1563,2698
218663,9,6,1,451,399,203,372,850,575,654,771,1425
218663,9,6,2,67,45,42,32,112,74,109,77,186
218663,9,6,5,384,354,161,340,738,501,545,694,1239
218663,10,7,1,166,169,138,283,335,421,304,452,756
218663,10,7,2,30,30,20,22,60,42,50,52,102
218663,10,7,5,136,139,118,261,275,379,254,400,654
218663,11,8,1,128,158,181,479,286,660,309,637,946
218663,11,8,2,25,28,22,27,53,49,47,55,102
218663,11,8,5,103,130,159,452,233,611,262,582,844
218663,12,9,1,39,51,102,213,90,315,141,264,405
218663,12,9,2,6,8,28,33,14,61,34,41,75
218663,12,9,5,33,43,74,180,76,254,107,223,330
218663,13,10,1,7,7,39,24,14,63,46,31,77
218663,13,10,2,2,1,20,14,3,34,22,15,37
218663,13,10,5,5,6,19,10,11,29,24,16,40
218672,1,412,1,285,390,425,710,675,1135,710,1100,1810
218672,1,112,2,285,390,425,710,675,1135,710,1100,1810
218672,2,999,1,281,371,410,647,652,1057,691,1018,1709
218672,2,999,2,281,371,410,647,652,1057,691,1018,1709
218672,3,1,1,29,53,376,580,82,956,405,633,1038
218672,3,1,2,29,53,376,580,82,956,405,633,1038
218672,4,2,1,205,257,18,20,462,38,223,277,500
218672,4,2,2,205,257,18,20,462,38,223,277,500
218672,5,3,1,39,44,13,29,83,42,52,73,125
218672,5,3,2,39,44,13,29,83,42,52,73,125
218672,6,4,1,8,17,3,18,25,21,11,35,46
218672,6,4,2,8,17,3,18,25,21,11,35,46
218672,7,999,1,4,19,15,63,23,78,19,82,101
218672,7,999,2,4,19,15,63,23,78,19,82,101
218672,8,5,1,1,10,5,15,11,20,6,25,31
218672,8,5,2,1,10,5,15,11,20,6,25,31
218672,9,6,1,0,4,2,7,4,9,2,11,13
218672,9,6,2,0,4,2,7,4,9,2,11,13
218672,10,7,1,1,1,3,5,2,8,4,6,10
218672,10,7,2,1,1,3,5,2,8,4,6,10
218672,11,8,1,2,2,1,7,4,8,3,9,12
218672,11,8,2,2,2,1,7,4,8,3,9,12
218672,12,9,1,0,2,1,3,2,4,1,5,6
218672,12,9,2,0,2,1,3,2,4,1,5,6
218672,13,10,1,0,0,3,26,0,29,3,26,29
218672,13,10,2,0,0,3,26,0,29,3,26,29
218681,1,412,1,164,290,158,266,454,424,322,556,878
218681,1,112,2,164,290,158,266,454,424,322,556,878
218681,2,999,1,159,269,144,228,428,372,303,497,800
218681,2,999,2,159,269,144,228,428,372,303,497,800
218681,3,1,1,12,36,129,202,48,331,141,238,379
218681,3,1,2,12,36,129,202,48,331,141,238,379
218681,4,2,1,110,187,11,12,297,23,121,199,320
218681,4,2,2,110,187,11,12,297,23,121,199,320
218681,5,3,1,37,39,3,11,76,14,40,50,90
218681,5,3,2,37,39,3,11,76,14,40,50,90
218681,6,4,1,0,7,1,3,7,4,1,10,11
218681,6,4,2,0,7,1,3,7,4,1,10,11
218681,7,999,1,5,21,14,38,26,52,19,59,78
218681,7,999,2,5,21,14,38,26,52,19,59,78
218681,8,5,1,2,9,2,4,11,6,4,13,17
218681,8,5,2,2,9,2,4,11,6,4,13,17
218681,9,6,1,1,0,1,4,1,5,2,4,6
218681,9,6,2,1,0,1,4,1,5,2,4,6
218681,10,7,1,1,1,2,4,2,6,3,5,8
218681,10,7,2,1,1,2,4,2,6,3,5,8
218681,11,8,1,1,10,3,4,11,7,4,14,18
218681,11,8,2,1,10,3,4,11,7,4,14,18
218681,12,9,1,0,1,4,8,1,12,4,9,13
218681,12,9,2,0,1,4,8,1,12,4,9,13
218681,13,10,1,0,0,2,14,0,16,2,14,16
218681,13,10,2,0,0,2,14,0,16,2,14,16
218690,1,412,1,230,283,338,536,513,874,568,819,1387
218690,1,112,2,230,283,338,536,513,874,568,819,1387
218690,2,999,1,218,266,310,494,484,804,528,760,1288
218690,2,999,2,218,266,310,494,484,804,528,760,1288
218690,3,1,1,42,51,260,445,93,705,302,496,798
218690,3,1,2,42,51,260,445,93,705,302,496,798
218690,4,2,1,143,186,21,20,329,41,164,206,370
218690,4,2,2,143,186,21,20,329,41,164,206,370
218690,5,3,1,29,16,12,10,45,22,41,26,67
218690,5,3,2,29,16,12,10,45,22,41,26,67
218690,6,4,1,4,13,17,19,17,36,21,32,53
218690,6,4,2,4,13,17,19,17,36,21,32,53
218690,7,999,1,12,17,28,42,29,70,40,59,99
218690,7,999,2,12,17,28,42,29,70,40,59,99
218690,8,5,1,6,9,13,24,15,37,19,33,52
218690,8,5,2,6,9,13,24,15,37,19,33,52
218690,9,6,1,4,4,6,6,8,12,10,10,20
218690,9,6,2,4,4,6,6,8,12,10,10,20
218690,10,7,1,1,1,2,5,2,7,3,6,9
218690,10,7,2,1,1,2,5,2,7,3,6,9
218690,11,8,1,1,2,5,3,3,8,6,5,11
218690,11,8,2,1,2,5,3,3,8,6,5,11
218690,12,9,1,0,1,2,4,1,6,2,5,7
218690,12,9,2,0,1,2,4,1,6,2,5,7
218706,1,412,1,160,164,317,430,324,747,477,594,1071
218706,1,112,2,160,164,317,430,324,747,477,594,1071
218706,2,999,1,156,156,304,408,312,712,460,564,1024
218706,2,999,2,156,156,304,408,312,712,460,564,1024
218706,3,1,1,39,36,287,389,75,676,326,425,751
218706,3,1,2,39,36,287,389,75,676,326,425,751
218706,4,2,1,97,95,13,10,192,23,110,105,215
218706,4,2,2,97,95,13,10,192,23,110,105,215
218706,5,3,1,17,18,1,6,35,7,18,24,42
218706,5,3,2,17,18,1,6,35,7,18,24,42
218706,6,4,1,3,7,3,3,10,6,6,10,16
218706,6,4,2,3,7,3,3,10,6,6,10,16
218706,7,999,1,4,8,13,22,12,35,17,30,47
218706,7,999,2,4,8,13,22,12,35,17,30,47
218706,8,5,1,0,2,2,2,2,4,2,4,6
218706,8,5,2,0,2,2,2,2,4,2,4,6
218706,9,6,1,1,1,3,3,2,6,4,4,8
218706,9,6,2,1,1,3,3,2,6,4,4,8
218706,10,7,1,1,3,3,2,4,5,4,5,9
218706,10,7,2,1,3,3,2,4,5,4,5,9
218706,11,8,1,1,1,1,5,2,6,2,6,8
218706,11,8,2,1,1,1,5,2,6,2,6,8
218706,12,9,1,1,1,2,8,2,10,3,9,12
218706,12,9,2,1,1,2,8,2,10,3,9,12
218706,13,10,1,0,0,2,2,0,4,2,2,4
218706,13,10,2,0,0,2,2,0,4,2,2,4
218724,1,412,1,3836,4892,582,808,8728,1390,4418,5700,10118
218724,1,112,2,3745,4784,457,514,8529,971,4202,5298,9500
218724,1,312,5,91,108,125,294,199,419,216,402,618
218724,2,999,1,3633,4686,389,454,8319,843,4022,5140,9162
218724,2,999,2,3579,4610,369,399,8189,768,3948,5009,8957
218724,2,999,5,54,76,20,55,130,75,74,131,205
218724,3,1,1,19,41,93,152,60,245,112,193,305
218724,3,1,2,19,41,93,152,60,245,112,193,305
218724,4,2,1,1468,2167,98,64,3635,162,1566,2231,3797
218724,4,2,2,1467,2167,98,64,3634,162,1565,2231,3796
218724,4,2,5,1,0,0,0,1,0,1,0,1
218724,5,3,1,1520,1891,60,80,3411,140,1580,1971,3551
218724,5,3,2,1517,1878,60,79,3395,139,1577,1957,3534
218724,5,3,5,3,13,0,1,16,1,3,14,17
218724,6,4,1,626,587,138,158,1213,296,764,745,1509
218724,6,4,2,576,524,118,104,1100,222,694,628,1322
218724,6,4,5,50,63,20,54,113,74,70,117,187
218724,7,999,1,203,206,193,354,409,547,396,560,956
218724,7,999,2,166,174,88,115,340,203,254,289,543
218724,7,999,5,37,32,105,239,69,344,142,271,413
218724,8,5,1,118,126,80,118,244,198,198,244,442
218724,8,5,2,97,109,39,38,206,77,136,147,283
218724,8,5,5,21,17,41,80,38,121,62,97,159
218724,9,6,1,37,32,38,78,69,116,75,110,185
218724,9,6,2,32,27,11,25,59,36,43,52,95
218724,9,6,5,5,5,27,53,10,80,32,58,90
218724,10,7,1,23,23,22,41,46,63,45,64,109
218724,10,7,2,16,17,8,10,33,18,24,27,51
218724,10,7,5,7,6,14,31,13,45,21,37,58
218724,11,8,1,13,14,21,73,27,94,34,87,121
218724,11,8,2,10,10,9,22,20,31,19,32,51
218724,11,8,5,3,4,12,51,7,63,15,55,70
218724,12,9,1,9,9,14,36,18,50,23,45,68
218724,12,9,2,9,9,6,14,18,20,15,23,38
218724,12,9,5,0,0,8,22,0,30,8,22,30
218724,13,10,1,3,2,18,8,5,26,21,10,31
218724,13,10,2,2,2,15,6,4,21,17,8,25
218724,13,10,5,1,0,3,2,1,5,4,2,6
218733,1,412,1,796,1180,143,220,1976,363,939,1400,2339
218733,1,112,2,758,1023,117,122,1781,239,875,1145,2020
218733,1,312,5,38,157,26,98,195,124,64,255,319
218733,2,999,1,729,1020,91,71,1749,162,820,1091,1911
218733,2,999,2,719,971,91,68,1690,159,810,1039,1849
218733,2,999,5,10,49,0,3,59,3,10,52,62
218733,3,1,1,2,11,0,1,13,1,2,12,14
218733,3,1,2,2,11,0,1,13,1,2,12,14
218733,4,2,1,246,395,33,27,641,60,279,422,701
218733,4,2,2,246,395,33,27,641,60,279,422,701
218733,5,3,1,268,365,14,19,633,33,282,384,666
218733,5,3,2,268,362,14,19,630,33,282,381,663
218733,5,3,5,0,3,0,0,3,0,0,3,3
218733,6,4,1,213,249,44,24,462,68,257,273,530
218733,6,4,2,203,203,44,21,406,65,247,224,471
218733,6,4,5,10,46,0,3,56,3,10,49,59
218733,7,999,1,67,160,52,148,227,200,119,308,427
218733,7,999,2,39,52,26,53,91,79,65,105,170
218733,7,999,5,28,108,26,95,136,121,54,203,257
218733,8,5,1,34,60,24,28,94,52,58,88,146
218733,8,5,2,22,21,20,11,43,31,42,32,74
218733,8,5,5,12,39,4,17,51,21,16,56,72
218733,9,6,1,13,35,3,28,48,31,16,63,79
218733,9,6,2,7,12,2,11,19,13,9,23,32
218733,9,6,5,6,23,1,17,29,18,7,40,47
218733,10,7,1,5,20,5,16,25,21,10,36,46
218733,10,7,2,4,7,0,6,11,6,4,13,17
218733,10,7,5,1,13,5,10,14,15,6,23,29
218733,11,8,1,10,33,15,47,43,62,25,80,105
218733,11,8,2,4,9,2,14,13,16,6,23,29
218733,11,8,5,6,24,13,33,30,46,19,57,76
218733,12,9,1,4,11,4,27,15,31,8,38,46
218733,12,9,2,2,3,1,10,5,11,3,13,16
218733,12,9,5,2,8,3,17,10,20,5,25,30
218733,13,10,1,1,1,1,2,2,3,2,3,5
218733,13,10,2,0,0,1,1,0,2,1,1,2
218733,13,10,5,1,1,0,1,2,1,1,2,3
218733,14,11,1,0,0,0,1,0,1,0,1,1
218733,14,11,2,0,0,0,1,0,1,0,1,1
218742,1,412,1,1375,3024,532,1107,4399,1639,1907,4131,6038
218742,1,112,2,1365,3009,458,687,4374,1145,1823,3696,5519
218742,1,312,5,10,15,74,420,25,494,84,435,519
218742,2,999,1,1179,2645,278,439,3824,717,1457,3084,4541
218742,2,999,2,1174,2643,272,420,3817,692,1446,3063,4509
218742,2,999,5,5,2,6,19,7,25,11,21,32
218742,3,1,1,13,47,90,165,60,255,103,212,315
218742,3,1,2,13,47,90,165,60,255,103,212,315
218742,4,2,1,297,813,76,112,1110,188,373,925,1298
218742,4,2,2,297,813,76,112,1110,188,373,925,1298
218742,5,3,1,472,1128,28,30,1600,58,500,1158,1658
218742,5,3,2,472,1128,28,29,1600,57,500,1157,1657
218742,5,3,5,0,0,0,1,0,1,0,1,1
218742,6,4,1,397,657,84,132,1054,216,481,789,1270
218742,6,4,2,392,655,78,114,1047,192,470,769,1239
218742,6,4,5,5,2,6,18,7,24,11,20,31
218742,7,999,1,196,379,254,668,575,922,450,1047,1497
218742,7,999,2,191,366,186,267,557,453,377,633,1010
218742,7,999,5,5,13,68,401,18,469,73,414,487
218742,8,5,1,120,213,96,220,333,316,216,433,649
218742,8,5,2,119,207,80,95,326,175,199,302,501
218742,8,5,5,1,6,16,125,7,141,17,131,148
218742,9,6,1,39,83,60,133,122,193,99,216,315
218742,9,6,2,38,81,41,59,119,100,79,140,219
218742,9,6,5,1,2,19,74,3,93,20,76,96
218742,10,7,1,17,31,44,100,48,144,61,131,192
218742,10,7,2,17,31,29,39,48,68,46,70,116
218742,10,7,5,0,0,15,61,0,76,15,61,76
218742,11,8,1,13,34,32,135,47,167,45,169,214
218742,11,8,2,10,32,20,48,42,68,30,80,110
218742,11,8,5,3,2,12,87,5,99,15,89,104
218742,12,9,1,7,16,15,74,23,89,22,90,112
218742,12,9,2,7,13,10,20,20,30,17,33,50
218742,12,9,5,0,3,5,54,3,59,5,57,62
218742,13,10,1,0,2,7,6,2,13,7,8,15
218742,13,10,2,0,2,6,6,2,12,6,8,14
218742,13,10,5,0,0,1,0,0,1,1,0,1
218821,1,412,1,494,535,12,10,1029,22,506,545,1051
218821,1,112,2,494,535,12,10,1029,22,506,545,1051
218821,2,999,1,492,525,7,6,1017,13,499,531,1030
218821,2,999,2,492,525,7,6,1017,13,499,531,1030
218821,3,1,1,8,15,1,2,23,3,9,17,26
218821,3,1,2,8,15,1,2,23,3,9,17,26
218821,4,2,1,377,415,1,1,792,2,378,416,794
218821,4,2,2,377,415,1,1,792,2,378,416,794
218821,5,3,1,84,84,4,2,168,6,88,86,174
218821,5,3,2,84,84,4,2,168,6,88,86,174
218821,6,4,1,23,11,1,1,34,2,24,12,36
218821,6,4,2,23,11,1,1,34,2,24,12,36
218821,7,999,1,2,10,5,4,12,9,7,14,21
218821,7,999,2,2,10,5,4,12,9,7,14,21
218821,8,5,1,2,3,3,2,5,5,5,5,10
218821,8,5,2,2,3,3,2,5,5,5,5,10
218821,9,6,1,0,5,0,0,5,0,0,5,5
218821,9,6,2,0,5,0,0,5,0,0,5,5
218821,10,7,1,0,2,0,1,2,1,0,3,3
218821,10,7,2,0,2,0,1,2,1,0,3,3
218821,11,8,1,0,0,2,0,0,2,2,0,2
218821,11,8,2,0,0,2,0,0,2,2,0,2
218821,12,9,1,0,0,0,1,0,1,0,1,1
218821,12,9,2,0,0,0,1,0,1,0,1,1
218830,1,412,1,853,997,798,1460,1850,2258,1651,2457,4108
218830,1,112,2,853,997,798,1460,1850,2258,1651,2457,4108
218830,2,999,1,693,763,614,956,1456,1570,1307,1719,3026
218830,2,999,2,693,763,614,956,1456,1570,1307,1719,3026
218830,3,1,1,50,80,245,436,130,681,295,516,811
218830,3,1,2,50,80,245,436,130,681,295,516,811
218830,4,2,1,369,376,137,171,745,308,506,547,1053
218830,4,2,2,369,376,137,171,745,308,506,547,1053
218830,5,3,1,188,183,129,174,371,303,317,357,674
218830,5,3,2,188,183,129,174,371,303,317,357,674
218830,6,4,1,86,124,103,175,210,278,189,299,488
218830,6,4,2,86,124,103,175,210,278,189,299,488
218830,7,999,1,160,234,184,504,394,688,344,738,1082
218830,7,999,2,160,234,184,504,394,688,344,738,1082
218830,8,5,1,73,103,66,200,176,266,139,303,442
218830,8,5,2,73,103,66,200,176,266,139,303,442
218830,9,6,1,38,60,44,120,98,164,82,180,262
218830,9,6,2,38,60,44,120,98,164,82,180,262
218830,10,7,1,24,24,24,65,48,89,48,89,137
218830,10,7,2,24,24,24,65,48,89,48,89,137
218830,11,8,1,21,32,33,84,53,117,54,116,170
218830,11,8,2,21,32,33,84,53,117,54,116,170
218830,12,9,1,4,15,12,35,19,47,16,50,66
218830,12,9,2,4,15,12,35,19,47,16,50,66
218830,13,10,1,0,0,5,0,0,5,5,0,5
218830,13,10,2,0,0,5,0,0,5,5,0,5
218858,1,412,1,360,544,545,1436,904,1981,905,1980,2885
218858,1,112,2,360,544,545,1436,904,1981,905,1980,2885
218858,2,999,1,314,435,400,878,749,1278,714,1313,2027
218858,2,999,2,314,435,400,878,749,1278,714,1313,2027
218858,3,1,1,16,48,178,347,64,525,194,395,589
218858,3,1,2,16,48,178,347,64,525,194,395,589
218858,4,2,1,207,235,81,178,442,259,288,413,701
218858,4,2,2,207,235,81,178,442,259,288,413,701
218858,5,3,1,62,93,85,182,155,267,147,275,422
218858,5,3,2,62,93,85,182,155,267,147,275,422
218858,6,4,1,29,59,56,171,88,227,85,230,315
218858,6,4,2,29,59,56,171,88,227,85,230,315
218858,7,999,1,46,109,145,558,155,703,191,667,858
218858,7,999,2,46,109,145,558,155,703,191,667,858
218858,8,5,1,14,48,57,206,62,263,71,254,325
218858,8,5,2,14,48,57,206,62,263,71,254,325
218858,9,6,1,16,28,25,109,44,134,41,137,178
218858,9,6,2,16,28,25,109,44,134,41,137,178
218858,10,7,1,4,9,14,72,13,86,18,81,99
218858,10,7,2,4,9,14,72,13,86,18,81,99
218858,11,8,1,7,17,22,109,24,131,29,126,155
218858,11,8,2,7,17,22,109,24,131,29,126,155
218858,12,9,1,4,7,18,55,11,73,22,62,84
218858,12,9,2,4,7,18,55,11,73,22,62,84
218858,13,10,1,1,0,9,7,1,16,10,7,17
218858,13,10,2,1,0,9,7,1,16,10,7,17
218885,1,412,1,1584,1536,935,1527,3120,2462,2519,3063,5582
218885,1,112,2,1584,1536,935,1527,3120,2462,2519,3063,5582
218885,2,999,1,1482,1379,748,1047,2861,1795,2230,2426,4656
218885,2,999,2,1482,1379,748,1047,2861,1795,2230,2426,4656
218885,3,1,1,20,42,265,356,62,621,285,398,683
218885,3,1,2,20,42,265,356,62,621,285,398,683
218885,4,2,1,1113,1042,160,198,2155,358,1273,1240,2513
218885,4,2,2,1113,1042,160,198,2155,358,1273,1240,2513
218885,5,3,1,239,217,192,264,456,456,431,481,912
218885,5,3,2,239,217,192,264,456,456,431,481,912
218885,6,4,1,110,78,131,229,188,360,241,307,548
218885,6,4,2,110,78,131,229,188,360,241,307,548
218885,7,999,1,102,157,187,391,259,578,289,548,837
218885,7,999,2,102,157,187,391,259,578,289,548,837
218885,8,5,1,49,69,89,107,118,196,138,176,314
218885,8,5,2,49,69,89,107,118,196,138,176,314
218885,9,6,1,25,29,35,107,54,142,60,136,196
218885,9,6,2,25,29,35,107,54,142,60,136,196
218885,10,7,1,13,25,23,72,38,95,36,97,133
218885,10,7,2,13,25,23,72,38,95,36,97,133
218885,11,8,1,10,24,24,73,34,97,34,97,131
218885,11,8,2,10,24,24,73,34,97,34,97,131
218885,12,9,1,5,8,13,32,13,45,18,40,58
218885,12,9,2,5,8,13,32,13,45,18,40,58
218885,13,10,1,0,2,3,0,2,3,3,2,5
218885,13,10,2,0,2,3,0,2,3,3,2,5
218885,14,11,1,0,0,0,89,0,89,0,89,89
218885,14,11,2,0,0,0,89,0,89,0,89,89
218894,1,412,1,1684,2541,2794,4631,4225,7425,4478,7172,11650
218894,1,112,2,1684,2541,2794,4631,4225,7425,4478,7172,11650
218894,2,999,1,1205,1837,1842,2697,3042,4539,3047,4534,7581
218894,2,999,2,1205,1837,1842,2697,3042,4539,3047,4534,7581
218894,3,1,1,138,239,690,993,377,1683,828,1232,2060
218894,3,1,2,138,239,690,993,377,1683,828,1232,2060
218894,4,2,1,613,938,498,595,1551,1093,1111,1533,2644
218894,4,2,2,613,938,498,595,1551,1093,1111,1533,2644
218894,5,3,1,284,404,366,530,688,896,650,934,1584
218894,5,3,2,284,404,366,530,688,896,650,934,1584
218894,6,4,1,170,256,288,579,426,867,458,835,1293
218894,6,4,2,170,256,288,579,426,867,458,835,1293
218894,7,999,1,479,704,952,1934,1183,2886,1431,2638,4069
218894,7,999,2,479,704,952,1934,1183,2886,1431,2638,4069
218894,8,5,1,184,277,314,690,461,1004,498,967,1465
218894,8,5,2,184,277,314,690,461,1004,498,967,1465
218894,9,6,1,114,169,223,454,283,677,337,623,960
218894,9,6,2,114,169,223,454,283,677,337,623,960
218894,10,7,1,79,96,165,309,175,474,244,405,649
218894,10,7,2,79,96,165,309,175,474,244,405,649
218894,11,8,1,75,112,143,317,187,460,218,429,647
218894,11,8,2,75,112,143,317,187,460,218,429,647
218894,12,9,1,25,50,91,150,75,241,116,200,316
218894,12,9,2,25,50,91,150,75,241,116,200,316
218894,13,10,1,2,0,16,14,2,30,18,14,32
218894,13,10,2,2,0,16,14,2,30,18,14,32
218919,1,412,1,131,209,12,16,340,28,143,225,368
218919,1,112,2,131,209,12,16,340,28,143,225,368
218919,2,999,1,122,183,10,11,305,21,132,194,326
218919,2,999,2,122,183,10,11,305,21,132,194,326
218919,3,1,1,1,1,0,0,2,0,1,1,2
218919,3,1,2,1,1,0,0,2,0,1,1,2
218919,4,2,1,38,66,2,3,104,5,40,69,109
218919,4,2,2,38,66,2,3,104,5,40,69,109
218919,5,3,1,50,89,3,7,139,10,53,96,149
218919,5,3,2,50,89,3,7,139,10,53,96,149
218919,6,4,1,33,27,5,1,60,6,38,28,66
218919,6,4,2,33,27,5,1,60,6,38,28,66
218919,7,999,1,9,25,2,5,34,7,11,30,41
218919,7,999,2,9,25,2,5,34,7,11,30,41
218919,8,5,1,2,7,1,0,9,1,3,7,10
218919,8,5,2,2,7,1,0,9,1,3,7,10
218919,9,6,1,4,1,0,2,5,2,4,3,7
218919,9,6,2,4,1,0,2,5,2,4,3,7
218919,11,8,1,3,8,1,3,11,4,4,11,15
218919,11,8,2,3,8,1,3,11,4,4,11,15
218919,12,9,1,0,9,0,0,9,0,0,9,9
218919,12,9,2,0,9,0,0,9,0,0,9,9
218919,14,11,1,0,1,0,0,1,0,0,1,1
218919,14,11,2,0,1,0,0,1,0,0,1,1
218955,1,412,1,32,103,183,317,135,500,215,420,635
218955,1,112,2,32,103,183,317,135,500,215,420,635
218955,2,999,1,27,73,174,199,100,373,201,272,473
218955,2,999,2,27,73,174,199,100,373,201,272,473
218955,3,1,1,6,16,110,83,22,193,116,99,215
218955,3,1,2,6,16,110,83,22,193,116,99,215
218955,4,2,1,8,26,40,48,34,88,48,74,122
218955,4,2,2,8,26,40,48,34,88,48,74,122
218955,5,3,1,10,17,14,26,27,40,24,43,67
218955,5,3,2,10,17,14,26,27,40,24,43,67
218955,6,4,1,3,14,10,42,17,52,13,56,69
218955,6,4,2,3,14,10,42,17,52,13,56,69
218955,7,999,1,5,30,9,118,35,127,14,148,162
218955,7,999,2,5,30,9,118,35,127,14,148,162
218955,8,5,1,1,5,2,46,6,48,3,51,54
218955,8,5,2,1,5,2,46,6,48,3,51,54
218955,9,6,1,0,8,5,23,8,28,5,31,36
218955,9,6,2,0,8,5,23,8,28,5,31,36
218955,10,7,1,0,8,0,19,8,19,0,27,27
218955,10,7,2,0,8,0,19,8,19,0,27,27
218955,11,8,1,2,9,2,18,11,20,4,27,31
218955,11,8,2,2,9,2,18,11,20,4,27,31
218955,12,9,1,2,0,0,12,2,12,2,12,14
218955,12,9,2,2,0,0,12,2,12,2,12,14
218973,1,412,1,817,936,6,5,1753,11,823,941,1764
218973,1,112,2,817,936,6,5,1753,11,823,941,1764
218973,2,999,1,814,935,6,3,1749,9,820,938,1758
218973,2,999,2,814,935,6,3,1749,9,820,938,1758
218973,3,1,1,3,9,0,0,12,0,3,9,12
218973,3,1,2,3,9,0,0,12,0,3,9,12
218973,4,2,1,400,478,2,1,878,3,402,479,881
218973,4,2,2,400,478,2,1,878,3,402,479,881
218973,5,3,1,367,432,1,2,799,3,368,434,802
218973,5,3,2,367,432,1,2,799,3,368,434,802
218973,6,4,1,44,16,3,0,60,3,47,16,63
218973,6,4,2,44,16,3,0,60,3,47,16,63
218973,7,999,1,1,0,0,2,1,2,1,2,3
218973,7,999,2,1,0,0,2,1,2,1,2,3
218973,8,5,1,1,0,0,0,1,0,1,0,1
218973,8,5,2,1,0,0,0,1,0,1,0,1
218973,11,8,1,0,0,0,2,0,2,0,2,2
218973,11,8,2,0,0,0,2,0,2,0,2,2
218973,14,11,1,2,1,0,0,3,0,2,1,3
218973,14,11,2,2,1,0,0,3,0,2,1,3
218991,1,412,1,864,1172,714,1428,2036,2142,1578,2600,4178
218991,1,112,2,864,1172,714,1428,2036,2142,1578,2600,4178
218991,2,999,1,728,891,530,775,1619,1305,1258,1666,2924
218991,2,999,2,728,891,530,775,1619,1305,1258,1666,2924
218991,3,1,1,38,99,142,225,137,367,180,324,504
218991,3,1,2,38,99,142,225,137,367,180,324,504
218991,4,2,1,439,492,160,177,931,337,599,669,1268
218991,4,2,2,439,492,160,177,931,337,599,669,1268
218991,5,3,1,182,187,124,202,369,326,306,389,695
218991,5,3,2,182,187,124,202,369,326,306,389,695
218991,6,4,1,69,113,104,171,182,275,173,284,457
218991,6,4,2,69,113,104,171,182,275,173,284,457
218991,7,999,1,136,281,184,653,417,837,320,934,1254
218991,7,999,2,136,281,184,653,417,837,320,934,1254
218991,8,5,1,61,111,75,228,172,303,136,339,475
218991,8,5,2,61,111,75,228,172,303,136,339,475
218991,9,6,1,33,65,31,132,98,163,64,197,261
218991,9,6,2,33,65,31,132,98,163,64,197,261
218991,10,7,1,18,46,28,103,64,131,46,149,195
218991,10,7,2,18,46,28,103,64,131,46,149,195
218991,11,8,1,17,41,32,140,58,172,49,181,230
218991,11,8,2,17,41,32,140,58,172,49,181,230
218991,12,9,1,6,17,17,48,23,65,23,65,88
218991,12,9,2,6,17,17,48,23,65,23,65,88
218991,13,10,1,1,1,1,2,2,3,2,3,5
218991,13,10,2,1,1,1,2,2,3,2,3,5
219082,1,412,1,1119,452,928,687,1571,1615,2047,1139,3186
219082,1,112,2,1054,441,652,593,1495,1245,1706,1034,2740
219082,1,312,5,65,11,276,94,76,370,341,105,446
219082,2,999,1,967,394,408,427,1361,835,1375,821,2196
219082,2,999,2,936,391,385,412,1327,797,1321,803,2124
219082,2,999,5,31,3,23,15,34,38,54,18,72
219082,3,1,1,1,1,80,107,2,187,81,108,189
219082,3,1,2,1,1,80,107,2,187,81,108,189
219082,4,2,1,409,162,58,69,571,127,467,231,698
219082,4,2,2,409,162,58,69,571,127,467,231,698
219082,5,3,1,370,163,97,142,533,239,467,305,772
219082,5,3,2,365,162,97,142,527,239,462,304,766
219082,5,3,5,5,1,0,0,6,0,5,1,6
219082,6,4,1,187,68,173,109,255,282,360,177,537
219082,6,4,2,161,66,150,94,227,244,311,160,471
219082,6,4,5,26,2,23,15,28,38,49,17,66
219082,7,999,1,152,58,520,260,210,780,672,318,990
219082,7,999,2,118,50,267,181,168,448,385,231,616
219082,7,999,5,34,8,253,79,42,332,287,87,374
219082,8,5,1,69,29,144,84,98,228,213,113,326
219082,8,5,2,58,26,97,64,84,161,155,90,245
219082,8,5,5,11,3,47,20,14,67,58,23,81
219082,9,6,1,41,14,142,57,55,199,183,71,254
219082,9,6,2,31,12,78,50,43,128,109,62,171
219082,9,6,5,10,2,64,7,12,71,74,9,83
219082,10,7,1,25,7,104,38,32,142,129,45,174
219082,10,7,2,19,7,53,25,26,78,72,32,104
219082,10,7,5,6,0,51,13,6,64,57,13,70
219082,11,8,1,13,7,95,61,20,156,108,68,176
219082,11,8,2,8,5,29,34,13,63,37,39,76
219082,11,8,5,5,2,66,27,7,93,71,29,100
219082,12,9,1,4,1,33,18,5,51,37,19,56
219082,12,9,2,2,0,10,6,2,16,12,6,18
219082,12,9,5,2,1,23,12,3,35,25,13,38
219082,13,10,1,0,0,2,2,0,4,2,2,4
219082,13,10,2,0,0,0,2,0,2,0,2,2
219082,13,10,5,0,0,2,0,0,2,2,0,2
219125,1,412,1,3,74,0,0,77,0,3,74,77
219125,1,112,2,3,74,0,0,77,0,3,74,77
219125,2,999,1,1,49,0,0,50,0,1,49,50
219125,2,999,2,1,49,0,0,50,0,1,49,50
219125,3,1,1,0,2,0,0,2,0,0,2,2
219125,3,1,2,0,2,0,0,2,0,0,2,2
219125,4,2,1,0,14,0,0,14,0,0,14,14
219125,4,2,2,0,14,0,0,14,0,0,14,14
219125,5,3,1,0,15,0,0,15,0,0,15,15
219125,5,3,2,0,15,0,0,15,0,0,15,15
219125,6,4,1,1,18,0,0,19,0,1,18,19
219125,6,4,2,1,18,0,0,19,0,1,18,19
219125,7,999,1,2,25,0,0,27,0,2,25,27
219125,7,999,2,2,25,0,0,27,0,2,25,27
219125,8,5,1,0,13,0,0,13,0,0,13,13
219125,8,5,2,0,13,0,0,13,0,0,13,13
219125,9,6,1,0,7,0,0,7,0,0,7,7
219125,9,6,2,0,7,0,0,7,0,0,7,7
219125,10,7,1,0,4,0,0,4,0,0,4,4
219125,10,7,2,0,4,0,0,4,0,0,4,4
219125,11,8,1,1,1,0,0,2,0,1,1,2
219125,11,8,2,1,1,0,0,2,0,1,1,2
219125,12,9,1,1,0,0,0,1,0,1,0,1
219125,12,9,2,1,0,0,0,1,0,1,0,1
219189,1,412,1,573,282,166,141,855,307,739,423,1162
219189,1,112,2,573,282,166,141,855,307,739,423,1162
219189,2,999,1,516,237,107,83,753,190,623,320,943
219189,2,999,2,516,237,107,83,753,190,623,320,943
219189,3,1,1,3,6,54,43,9,97,57,49,106
219189,3,1,2,3,6,54,43,9,97,57,49,106
219189,4,2,1,346,152,25,20,498,45,371,172,543
219189,4,2,2,346,152,25,20,498,45,371,172,543
219189,5,3,1,126,58,16,11,184,27,142,69,211
219189,5,3,2,126,58,16,11,184,27,142,69,211
219189,6,4,1,41,21,12,9,62,21,53,30,83
219189,6,4,2,41,21,12,9,62,21,53,30,83
219189,7,999,1,57,45,58,57,102,115,115,102,217
219189,7,999,2,57,45,58,57,102,115,115,102,217
219189,8,5,1,25,15,9,8,40,17,34,23,57
219189,8,5,2,25,15,9,8,40,17,34,23,57
219189,9,6,1,12,13,11,11,25,22,23,24,47
219189,9,6,2,12,13,11,11,25,22,23,24,47
219189,10,7,1,11,4,12,8,15,20,23,12,35
219189,10,7,2,11,4,12,8,15,20,23,12,35
219189,11,8,1,7,9,18,17,16,35,25,26,51
219189,11,8,2,7,9,18,17,16,35,25,26,51
219189,12,9,1,2,4,7,13,6,20,9,17,26
219189,12,9,2,2,4,7,13,6,20,9,17,26
219189,13,10,1,0,0,1,0,0,1,1,0,1
219189,13,10,2,0,0,1,0,0,1,1,0,1
219189,14,11,1,0,0,1,1,0,2,1,1,2
219189,14,11,2,0,0,1,1,0,2,1,1,2
219198,1,412,1,353,388,190,236,741,426,543,624,1167
219198,1,112,2,293,302,183,209,595,392,476,511,987
219198,1,312,5,60,86,7,27,146,34,67,113,180
219198,2,999,1,280,276,133,192,556,325,413,468,881
219198,2,999,2,270,272,133,189,542,322,403,461,864
219198,2,999,5,10,4,0,3,14,3,10,7,17
219198,3,1,1,7,12,107,140,19,247,114,152,266
219198,3,1,2,7,12,107,140,19,247,114,152,266
219198,4,2,1,104,106,21,37,210,58,125,143,268
219198,4,2,2,104,106,21,37,210,58,125,143,268
219198,5,3,1,110,115,1,5,225,6,111,120,231
219198,5,3,2,110,115,1,5,225,6,111,120,231
219198,6,4,1,59,43,4,10,102,14,63,53,116
219198,6,4,2,49,39,4,7,88,11,53,46,99
219198,6,4,5,10,4,0,3,14,3,10,7,17
219198,7,999,1,72,110,56,43,182,99,128,153,281
219198,7,999,2,22,28,49,19,50,68,71,47,118
219198,7,999,5,50,82,7,24,132,31,57,106,163
219198,8,5,1,31,47,4,11,78,15,35,58,93
219198,8,5,2,8,9,3,4,17,7,11,13,24
219198,8,5,5,23,38,1,7,61,8,24,45,69
219198,9,6,1,17,34,12,10,51,22,29,44,73
219198,9,6,2,5,8,10,4,13,14,15,12,27
219198,9,6,5,12,26,2,6,38,8,14,32,46
219198,10,7,1,8,15,8,10,23,18,16,25,41
219198,10,7,2,1,5,6,4,6,10,7,9,16
219198,10,7,5,7,10,2,6,17,8,9,16,25
219198,11,8,1,14,12,24,10,26,34,38,22,60
219198,11,8,2,7,5,23,6,12,29,30,11,41
219198,11,8,5,7,7,1,4,14,5,8,11,19
219198,12,9,1,2,2,8,2,4,10,10,4,14
219198,12,9,2,1,1,7,1,2,8,8,2,10
219198,12,9,5,1,1,1,1,2,2,2,2,4
219198,14,11,1,1,2,1,1,3,2,2,3,5
219198,14,11,2,1,2,1,1,3,2,2,3,5
219204,1,412,1,142,155,492,651,297,1143,634,806,1440
219204,1,112,2,88,86,384,550,174,934,472,636,1108
219204,1,312,5,54,69,108,101,123,209,162,170,332
219204,2,999,1,14,9,43,75,23,118,57,84,141
219204,2,999,2,13,6,43,73,19,116,56,79,135
219204,2,999,5,1,3,0,2,4,2,1,5,6
219204,3,1,1,0,0,1,3,0,4,1,3,4
219204,3,1,2,0,0,1,3,0,4,1,3,4
219204,4,2,1,3,0,4,8,3,12,7,8,15
219204,4,2,2,3,0,4,8,3,12,7,8,15
219204,5,3,1,1,2,10,21,3,31,11,23,34
219204,5,3,2,1,2,10,21,3,31,11,23,34
219204,6,4,1,10,7,28,43,17,71,38,50,88
219204,6,4,2,9,4,28,41,13,69,37,45,82
219204,6,4,5,1,3,0,2,4,2,1,5,6
219204,7,999,1,128,146,449,576,274,1025,577,722,1299
219204,7,999,2,75,80,341,477,155,818,416,557,973
219204,7,999,5,53,66,108,99,119,207,161,165,326
219204,8,5,1,24,26,88,139,50,227,112,165,277
219204,8,5,2,17,20,78,126,37,204,95,146,241
219204,8,5,5,7,6,10,13,13,23,17,19,36
219204,9,6,1,37,38,112,119,75,231,149,157,306
219204,9,6,2,25,27,89,107,52,196,114,134,248
219204,9,6,5,12,11,23,12,23,35,35,23,58
219204,10,7,1,31,27,98,97,58,195,129,124,253
219204,10,7,2,17,12,83,85,29,168,100,97,197
219204,10,7,5,14,15,15,12,29,27,29,27,56
219204,11,8,1,19,40,86,154,59,240,105,194,299
219204,11,8,2,9,20,54,115,29,169,63,135,198
219204,11,8,5,10,20,32,39,30,71,42,59,101
219204,12,9,1,17,12,59,61,29,120,76,73,149
219204,12,9,2,7,1,33,39,8,72,40,40,80
219204,12,9,5,10,11,26,22,21,48,36,33,69
219204,13,10,1,0,3,6,6,3,12,6,9,15
219204,13,10,2,0,0,4,5,0,9,4,5,9
219204,13,10,5,0,3,2,1,3,3,2,4,6
219259,1,412,1,525,677,782,1447,1202,2229,1307,2124,3431
219259,1,112,2,495,654,682,1137,1149,1819,1177,1791,2968
219259,1,312,5,30,23,100,310,53,410,130,333,463
219259,2,999,1,495,637,617,1032,1132,1649,1112,1669,2781
219259,2,999,2,475,621,608,998,1096,1606,1083,1619,2702
219259,2,999,5,20,16,9,34,36,43,29,50,79
219259,3,1,1,4,1,319,643,5,962,323,644,967
219259,3,1,2,4,1,319,643,5,962,323,644,967
219259,4,2,1,209,306,97,132,515,229,306,438,744
219259,4,2,2,209,306,97,132,515,229,306,438,744
219259,5,3,1,183,255,93,122,438,215,276,377,653
219259,5,3,2,182,253,93,122,435,215,275,375,650
219259,5,3,5,1,2,0,0,3,0,1,2,3
219259,6,4,1,99,75,108,135,174,243,207,210,417
219259,6,4,2,80,61,99,101,141,200,179,162,341
219259,6,4,5,19,14,9,34,33,43,28,48,76
219259,7,999,1,30,40,165,415,70,580,195,455,650
219259,7,999,2,20,33,74,139,53,213,94,172,266
219259,7,999,5,10,7,91,276,17,367,101,283,384
219259,8,5,1,15,18,56,111,33,167,71,129,200
219259,8,5,2,11,14,36,53,25,89,47,67,114
219259,8,5,5,4,4,20,58,8,78,24,62,86
219259,9,6,1,5,8,37,83,13,120,42,91,133
219259,9,6,2,2,7,18,36,9,54,20,43,63
219259,9,6,5,3,1,19,47,4,66,22,48,70
219259,10,7,1,1,4,26,66,5,92,27,70,97
219259,10,7,2,0,3,12,19,3,31,12,22,34
219259,10,7,5,1,1,14,47,2,61,15,48,63
219259,11,8,1,7,7,25,101,14,126,32,108,140
219259,11,8,2,6,6,5,22,12,27,11,28,39
219259,11,8,5,1,1,20,79,2,99,21,80,101
219259,12,9,1,1,3,18,52,4,70,19,55,74
219259,12,9,2,1,3,2,9,4,11,3,12,15
219259,12,9,5,0,0,16,43,0,59,16,43,59
219259,13,10,1,1,0,3,2,1,5,4,2,6
219259,13,10,2,0,0,1,0,0,1,1,0,1
219259,13,10,5,1,0,2,2,1,4,3,2,5
219338,1,412,1,1,15,0,0,16,0,1,15,16
219338,1,112,2,1,15,0,0,16,0,1,15,16
219338,2,999,1,1,11,0,0,12,0,1,11,12
219338,2,999,2,1,11,0,0,12,0,1,11,12
219338,5,3,1,1,4,0,0,5,0,1,4,5
219338,5,3,2,1,4,0,0,5,0,1,4,5
219338,6,4,1,0,7,0,0,7,0,0,7,7
219338,6,4,2,0,7,0,0,7,0,0,7,7
219338,7,999,1,0,3,0,0,3,0,0,3,3
219338,7,999,2,0,3,0,0,3,0,0,3,3
219338,8,5,1,0,1,0,0,1,0,0,1,1
219338,8,5,2,0,1,0,0,1,0,0,1,1
219338,9,6,1,0,1,0,0,1,0,0,1,1
219338,9,6,2,0,1,0,0,1,0,0,1,1
219338,11,8,1,0,1,0,0,1,0,0,1,1
219338,11,8,2,0,1,0,0,1,0,0,1,1
219338,14,11,1,0,1,0,0,1,0,0,1,1
219338,14,11,2,0,1,0,0,1,0,0,1,1
219347,1,412,1,1420,453,447,155,1873,602,1867,608,2475
219347,1,112,2,1292,409,326,119,1701,445,1618,528,2146
219347,1,312,5,128,44,121,36,172,157,249,80,329
219347,2,999,1,1315,431,304,119,1746,423,1619,550,2169
219347,2,999,2,1242,404,276,105,1646,381,1518,509,2027
219347,2,999,5,73,27,28,14,100,42,101,41,142
219347,3,1,1,492,186,49,29,678,78,541,215,756
219347,3,1,2,492,186,49,29,678,78,541,215,756
219347,4,2,1,464,156,102,37,620,139,566,193,759
219347,4,2,2,464,154,102,37,618,139,566,191,757
219347,4,2,5,0,2,0,0,2,0,0,2,2
219347,5,3,1,247,64,86,31,311,117,333,95,428
219347,5,3,2,220,53,81,26,273,107,301,79,380
219347,5,3,5,27,11,5,5,38,10,32,16,48
219347,6,4,1,112,25,67,22,137,89,179,47,226
219347,6,4,2,66,11,44,13,77,57,110,24,134
219347,6,4,5,46,14,23,9,60,32,69,23,92
219347,7,999,1,105,22,143,36,127,179,248,58,306
219347,7,999,2,50,5,50,14,55,64,100,19,119
219347,7,999,5,55,17,93,22,72,115,148,39,187
219347,8,5,1,63,13,61,13,76,74,124,26,150
219347,8,5,2,34,4,23,5,38,28,57,9,66
219347,8,5,5,29,9,38,8,38,46,67,17,84
219347,9,6,1,26,5,33,13,31,46,59,18,77
219347,9,6,2,10,0,13,6,10,19,23,6,29
219347,9,6,5,16,5,20,7,21,27,36,12,48
219347,10,7,1,8,3,22,5,11,27,30,8,38
219347,10,7,2,4,1,8,2,5,10,12,3,15
219347,10,7,5,4,2,14,3,6,17,18,5,23
219347,11,8,1,5,1,10,5,6,15,15,6,21
219347,11,8,2,1,0,4,1,1,5,5,1,6
219347,11,8,5,4,1,6,4,5,10,10,5,15
219347,12,9,1,3,0,15,0,3,15,18,0,18
219347,12,9,2,1,0,2,0,1,2,3,0,3
219347,12,9,5,2,0,13,0,2,13,15,0,15
219347,13,10,1,0,0,2,0,0,2,2,0,2
219347,13,10,5,0,0,2,0,0,2,2,0,2
219426,1,412,1,680,525,333,792,1205,1125,1013,1317,2330
219426,1,112,2,680,525,333,792,1205,1125,1013,1317,2330
219426,2,999,1,543,402,221,496,945,717,764,898,1662
219426,2,999,2,543,402,221,496,945,717,764,898,1662
219426,3,1,1,4,3,67,131,7,198,71,134,205
219426,3,1,2,4,3,67,131,7,198,71,134,205
219426,4,2,1,335,230,57,141,565,198,392,371,763
219426,4,2,2,335,230,57,141,565,198,392,371,763
219426,5,3,1,134,113,52,111,247,163,186,224,410
219426,5,3,2,134,113,52,111,247,163,186,224,410
219426,6,4,1,70,56,45,113,126,158,115,169,284
219426,6,4,2,70,56,45,113,126,158,115,169,284
219426,7,999,1,137,120,112,296,257,408,249,416,665
219426,7,999,2,137,120,112,296,257,408,249,416,665
219426,8,5,1,68,65,46,117,133,163,114,182,296
219426,8,5,2,68,65,46,117,133,163,114,182,296
219426,9,6,1,42,27,29,70,69,99,71,97,168
219426,9,6,2,42,27,29,70,69,99,71,97,168
219426,10,7,1,11,12,16,48,23,64,27,60,87
219426,10,7,2,11,12,16,48,23,64,27,60,87
219426,11,8,1,13,9,15,48,22,63,28,57,85
219426,11,8,2,13,9,15,48,22,63,28,57,85
219426,12,9,1,3,7,6,13,10,19,9,20,29
219426,12,9,2,3,7,6,13,10,19,9,20,29
219426,14,11,1,0,3,0,0,3,0,0,3,3
219426,14,11,2,0,3,0,0,3,0,0,3,3
219453,1,412,1,1,132,0,0,133,0,1,132,133
219453,1,112,2,1,132,0,0,133,0,1,132,133
219453,2,999,1,1,118,0,0,119,0,1,118,119
219453,2,999,2,1,118,0,0,119,0,1,118,119
219453,4,2,1,0,39,0,0,39,0,0,39,39
219453,4,2,2,0,39,0,0,39,0,0,39,39
219453,5,3,1,1,42,0,0,43,0,1,42,43
219453,5,3,2,1,42,0,0,43,0,1,42,43
219453,6,4,1,0,37,0,0,37,0,0,37,37
219453,6,4,2,0,37,0,0,37,0,0,37,37
219453,7,999,1,0,14,0,0,14,0,0,14,14
219453,7,999,2,0,14,0,0,14,0,0,14,14
219453,8,5,1,0,9,0,0,9,0,0,9,9
219453,8,5,2,0,9,0,0,9,0,0,9,9
219453,9,6,1,0,2,0,0,2,0,0,2,2
219453,9,6,2,0,2,0,0,2,0,0,2,2
219453,10,7,1,0,1,0,0,1,0,0,1,1
219453,10,7,2,0,1,0,0,1,0,0,1,1
219453,11,8,1,0,2,0,0,2,0,0,2,2
219453,11,8,2,0,2,0,0,2,0,0,2,2
219471,1,412,1,2311,3754,1127,2267,6065,3394,3438,6021,9459
219471,1,112,2,1752,2989,750,1612,4741,2362,2502,4601,7103
219471,1,312,5,559,765,377,655,1324,1032,936,1420,2356
219471,2,999,1,1883,3285,633,1291,5168,1924,2516,4576,7092
219471,2,999,2,1622,2824,594,1195,4446,1789,2216,4019,6235
219471,2,999,5,261,461,39,96,722,135,300,557,857
219471,3,1,1,6,21,263,592,27,855,269,613,882
219471,3,1,2,6,21,263,592,27,855,269,613,882
219471,4,2,1,675,1337,93,170,2012,263,768,1507,2275
219471,4,2,2,675,1337,93,170,2012,263,768,1507,2275
219471,5,3,1,718,1208,119,215,1926,334,837,1423,2260
219471,5,3,2,708,1176,119,212,1884,331,827,1388,2215
219471,5,3,5,10,32,0,3,42,3,10,35,45
219471,6,4,1,484,719,158,314,1203,472,642,1033,1675
219471,6,4,2,233,290,119,221,523,340,352,511,863
219471,6,4,5,251,429,39,93,680,132,290,522,812
219471,7,999,1,428,468,494,976,896,1470,922,1444,2366
219471,7,999,2,130,164,156,417,294,573,286,581,867
219471,7,999,5,298,304,338,559,602,897,636,863,1499
219471,8,5,1,273,264,150,286,537,436,423,550,973
219471,8,5,2,75,89,63,150,164,213,138,239,377
219471,8,5,5,198,175,87,136,373,223,285,311,596
219471,9,6,1,88,95,107,210,183,317,195,305,500
219471,9,6,2,29,35,36,101,64,137,65,136,201
219471,9,6,5,59,60,71,109,119,180,130,169,299
219471,10,7,1,35,49,90,182,84,272,125,231,356
219471,10,7,2,14,19,23,68,33,91,37,87,124
219471,10,7,5,21,30,67,114,51,181,88,144,232
219471,11,8,1,24,45,108,201,69,309,132,246,378
219471,11,8,2,11,18,26,70,29,96,37,88,125
219471,11,8,5,13,27,82,131,40,213,95,158,253
219471,12,9,1,6,15,37,92,21,129,43,107,150
219471,12,9,2,1,3,8,25,4,33,9,28,37
219471,12,9,5,5,12,29,67,17,96,34,79,113
219471,13,10,1,2,0,2,5,2,7,4,5,9
219471,13,10,2,0,0,0,3,0,3,0,3,3
219471,13,10,5,2,0,2,2,2,4,4,2,6
219471,14,11,1,0,1,0,0,1,0,0,1,1
219471,14,11,2,0,1,0,0,1,0,0,1,1
219480,1,412,1,283,301,223,517,584,740,506,818,1324
219480,1,112,2,283,301,223,517,584,740,506,818,1324
219480,2,999,1,185,147,184,383,332,567,369,530,899
219480,2,999,2,185,147,184,383,332,567,369,530,899
219480,3,1,1,5,1,117,254,6,371,122,255,377
219480,3,1,2,5,1,117,254,6,371,122,255,377
219480,4,2,1,92,63,43,61,155,104,135,124,259
219480,4,2,2,92,63,43,61,155,104,135,124,259
219480,5,3,1,58,41,12,29,99,41,70,70,140
219480,5,3,2,58,41,12,29,99,41,70,70,140
219480,6,4,1,30,42,12,39,72,51,42,81,123
219480,6,4,2,30,42,12,39,72,51,42,81,123
219480,7,999,1,98,154,38,134,252,172,136,288,424
219480,7,999,2,98,154,38,134,252,172,136,288,424
219480,8,5,1,38,61,11,40,99,51,49,101,150
219480,8,5,2,38,61,11,40,99,51,49,101,150
219480,9,6,1,19,33,9,16,52,25,28,49,77
219480,9,6,2,19,33,9,16,52,25,28,49,77
219480,10,7,1,17,22,8,29,39,37,25,51,76
219480,10,7,2,17,22,8,29,39,37,25,51,76
219480,11,8,1,16,27,7,35,43,42,23,62,85
219480,11,8,2,16,27,7,35,43,42,23,62,85
219480,12,9,1,7,11,3,13,18,16,10,24,34
219480,12,9,2,7,11,3,13,18,16,10,24,34
219480,13,10,1,1,0,0,1,1,1,1,1,2
219480,13,10,2,1,0,0,1,1,1,1,1,2
219480,14,11,1,0,0,1,0,0,1,1,0,1
219480,14,11,2,0,0,1,0,0,1,1,0,1
219602,1,412,1,2461,4069,1464,2278,6530,3742,3925,6347,10272
219602,1,112,2,2336,3825,1200,1726,6161,2926,3536,5551,9087
219602,1,312,5,125,244,264,552,369,816,389,796,1185
219602,2,999,1,1882,3351,781,1257,5233,2038,2663,4608,7271
219602,2,999,2,1850,3269,712,1152,5119,1864,2562,4421,6983
219602,2,999,5,32,82,69,105,114,174,101,187,288
219602,3,1,1,38,112,278,537,150,815,316,649,965
219602,3,1,2,38,112,278,537,150,815,316,649,965
219602,4,2,1,728,1427,97,157,2155,254,825,1584,2409
219602,4,2,2,728,1427,97,157,2155,254,825,1584,2409
219602,5,3,1,717,1233,134,242,1950,376,851,1475,2326
219602,5,3,2,714,1228,132,240,1942,372,846,1468,2314
219602,5,3,5,3,5,2,2,8,4,5,7,12
219602,6,4,1,399,579,272,321,978,593,671,900,1571
219602,6,4,2,370,502,205,218,872,423,575,720,1295
219602,6,4,5,29,77,67,103,106,170,96,180,276
219602,7,999,1,579,718,683,1021,1297,1704,1262,1739,3001
219602,7,999,2,486,556,488,574,1042,1062,974,1130,2104
219602,7,999,5,93,162,195,447,255,642,288,609,897
219602,8,5,1,221,309,243,315,530,558,464,624,1088
219602,8,5,2,193,260,191,194,453,385,384,454,838
219602,8,5,5,28,49,52,121,77,173,80,170,250
219602,9,6,1,174,173,152,248,347,400,326,421,747
219602,9,6,2,145,130,103,140,275,243,248,270,518
219602,9,6,5,29,43,49,108,72,157,78,151,229
219602,10,7,1,77,104,105,172,181,277,182,276,458
219602,10,7,2,64,77,79,98,141,177,143,175,318
219602,10,7,5,13,27,26,74,40,100,39,101,140
219602,11,8,1,84,103,120,203,187,323,204,306,510
219602,11,8,2,67,71,80,99,138,179,147,170,317
219602,11,8,5,17,32,40,104,49,144,57,136,193
219602,12,9,1,23,26,57,79,49,136,80,105,185
219602,12,9,2,17,15,32,40,32,72,49,55,104
219602,12,9,5,6,11,25,39,17,64,31,50,81
219602,13,10,1,0,3,6,4,3,10,6,7,13
219602,13,10,2,0,3,3,3,3,6,3,6,9
219602,13,10,5,0,0,3,1,0,4,3,1,4
219639,1,412,1,37,330,45,478,367,523,82,808,890
219639,1,112,2,37,323,42,469,360,511,79,792,871
219639,1,312,5,0,7,3,9,7,12,3,16,19
219639,2,999,1,24,250,24,273,274,297,48,523,571
219639,2,999,2,24,250,24,273,274,297,48,523,571
219639,3,1,1,0,2,0,0,2,0,0,2,2
219639,3,1,2,0,2,0,0,2,0,0,2,2
219639,4,2,1,6,82,2,12,88,14,8,94,102
219639,4,2,2,6,82,2,12,88,14,8,94,102
219639,5,3,1,12,100,12,112,112,124,24,212,236
219639,5,3,2,12,100,12,112,112,124,24,212,236
219639,6,4,1,6,66,10,149,72,159,16,215,231
219639,6,4,2,6,66,10,149,72,159,16,215,231
219639,7,999,1,13,80,21,205,93,226,34,285,319
219639,7,999,2,13,73,18,196,86,214,31,269,300
219639,7,999,5,0,7,3,9,7,12,3,16,19
219639,8,5,1,5,37,8,103,42,111,13,140,153
219639,8,5,2,5,34,7,102,39,109,12,136,148
219639,8,5,5,0,3,1,1,3,2,1,4,5
219639,9,6,1,3,20,7,39,23,46,10,59,69
219639,9,6,2,3,18,7,35,21,42,10,53,63
219639,9,6,5,0,2,0,4,2,4,0,6,6
219639,10,7,1,0,9,1,26,9,27,1,35,36
219639,10,7,2,0,9,1,26,9,27,1,35,36
219639,11,8,1,5,12,2,26,17,28,7,38,45
219639,11,8,2,5,10,2,26,15,28,7,36,43
219639,11,8,5,0,2,0,0,2,0,0,2,2
219639,12,9,1,0,2,3,11,2,14,3,13,16
219639,12,9,2,0,2,1,7,2,8,1,9,10
219639,12,9,5,0,0,2,4,0,6,2,4,6
219709,1,412,1,2448,5078,279,399,7526,678,2727,5477,8204
219709,1,112,2,2156,4174,111,190,6330,301,2267,4364,6631
219709,1,312,5,292,904,168,209,1196,377,460,1113,1573
219709,2,999,1,2172,4590,126,204,6762,330,2298,4794,7092
219709,2,999,2,2042,4042,69,143,6084,212,2111,4185,6296
219709,2,999,5,130,548,57,61,678,118,187,609,796
219709,3,1,1,15,47,0,0,62,0,15,47,62
219709,3,1,2,15,47,0,0,62,0,15,47,62
219709,4,2,1,891,1901,6,19,2792,25,897,1920,2817
219709,4,2,2,891,1899,6,19,2790,25,897,1918,2815
219709,4,2,5,0,2,0,0,2,0,0,2,2
219709,5,3,1,898,1784,26,72,2682,98,924,1856,2780
219709,5,3,2,892,1735,25,71,2627,96,917,1806,2723
219709,5,3,5,6,49,1,1,55,2,7,50,57
219709,6,4,1,368,858,94,113,1226,207,462,971,1433
219709,6,4,2,244,361,38,53,605,91,282,414,696
219709,6,4,5,124,497,56,60,621,116,180,557,737
219709,7,999,1,276,488,153,195,764,348,429,683,1112
219709,7,999,2,114,132,42,47,246,89,156,179,335
219709,7,999,5,162,356,111,148,518,259,273,504,777
219709,8,5,1,195,350,83,87,545,170,278,437,715
219709,8,5,2,80,93,20,14,173,34,100,107,207
219709,8,5,5,115,257,63,73,372,136,178,330,508
219709,9,6,1,43,72,34,51,115,85,77,123,200
219709,9,6,2,20,22,11,10,42,21,31,32,63
219709,9,6,5,23,50,23,41,73,64,46,91,137
219709,10,7,1,17,35,16,19,52,35,33,54,87
219709,10,7,2,5,8,3,6,13,9,8,14,22
219709,10,7,5,12,27,13,13,39,26,25,40,65
219709,11,8,1,14,27,11,20,41,31,25,47,72
219709,11,8,2,5,9,4,7,14,11,9,16,25
219709,11,8,5,9,18,7,13,27,20,16,31,47
219709,12,9,1,7,4,7,17,11,24,14,21,35
219709,12,9,2,4,0,3,10,4,13,7,10,17
219709,12,9,5,3,4,4,7,7,11,7,11,18
219709,13,10,1,0,0,2,1,0,3,2,1,3
219709,13,10,2,0,0,1,0,0,1,1,0,1
219709,13,10,5,0,0,1,1,0,2,1,1,2
219806,1,412,1,742,1037,266,866,1779,1132,1008,1903,2911
219806,1,112,2,659,933,51,79,1592,130,710,1012,1722
219806,1,312,5,83,104,215,787,187,1002,298,891,1189
219806,2,999,1,683,953,73,134,1636,207,756,1087,1843
219806,2,999,2,636,902,43,62,1538,105,679,964,1643
219806,2,999,5,47,51,30,72,98,102,77,123,200
219806,3,1,1,7,12,30,45,19,75,37,57,94
219806,3,1,2,7,12,30,45,19,75,37,57,94
219806,4,2,1,314,436,5,3,750,8,319,439,758
219806,4,2,2,314,436,5,3,750,8,319,439,758
219806,5,3,1,256,379,1,7,635,8,257,386,643
219806,5,3,2,254,374,0,3,628,3,254,377,631
219806,5,3,5,2,5,1,4,7,5,3,9,12
219806,6,4,1,106,126,37,79,232,116,143,205,348
219806,6,4,2,61,80,8,11,141,19,69,91,160
219806,6,4,5,45,46,29,68,91,97,74,114,188
219806,7,999,1,59,84,193,732,143,925,252,816,1068
219806,7,999,2,23,31,8,17,54,25,31,48,79
219806,7,999,5,36,53,185,715,89,900,221,768,989
219806,8,5,1,26,35,56,170,61,226,82,205,287
219806,8,5,2,10,11,3,3,21,6,13,14,27
219806,8,5,5,16,24,53,167,40,220,69,191,260
219806,9,6,1,10,18,42,156,28,198,52,174,226
219806,9,6,2,4,9,1,7,13,8,5,16,21
219806,9,6,5,6,9,41,149,15,190,47,158,205
219806,10,7,1,9,13,34,121,22,155,43,134,177
219806,10,7,2,1,5,3,1,6,4,4,6,10
219806,10,7,5,8,8,31,120,16,151,39,128,167
219806,11,8,1,7,17,46,205,24,251,53,222,275
219806,11,8,2,3,6,1,4,9,5,4,10,14
219806,11,8,5,4,11,45,201,15,246,49,212,261
219806,12,9,1,5,1,14,79,6,93,19,80,99
219806,12,9,2,3,0,0,2,3,2,3,2,5
219806,12,9,5,2,1,14,77,3,91,16,78,94
219806,13,10,1,2,0,1,1,2,2,3,1,4
219806,13,10,2,2,0,0,0,2,0,2,0,2
219806,13,10,5,0,0,1,1,0,2,1,1,2
219824,1,412,1,1330,2074,1472,2576,3404,4048,2802,4650,7452
219824,1,112,2,1330,2074,1472,2576,3404,4048,2802,4650,7452
219824,2,999,1,1111,1680,994,1555,2791,2549,2105,3235,5340
219824,2,999,2,1111,1680,994,1555,2791,2549,2105,3235,5340
219824,3,1,1,62,126,456,664,188,1120,518,790,1308
219824,3,1,2,62,126,456,664,188,1120,518,790,1308
219824,4,2,1,646,1017,167,239,1663,406,813,1256,2069
219824,4,2,2,646,1017,167,239,1663,406,813,1256,2069
219824,5,3,1,270,348,195,319,618,514,465,667,1132
219824,5,3,2,270,348,195,319,618,514,465,667,1132
219824,6,4,1,133,189,176,333,322,509,309,522,831
219824,6,4,2,133,189,176,333,322,509,309,522,831
219824,7,999,1,219,394,478,1021,613,1499,697,1415,2112
219824,7,999,2,219,394,478,1021,613,1499,697,1415,2112
219824,8,5,1,114,172,178,404,286,582,292,576,868
219824,8,5,2,114,172,178,404,286,582,292,576,868
219824,9,6,1,51,103,123,222,154,345,174,325,499
219824,9,6,2,51,103,123,222,154,345,174,325,499
219824,10,7,1,27,35,66,140,62,206,93,175,268
219824,10,7,2,27,35,66,140,62,206,93,175,268
219824,11,8,1,21,60,84,168,81,252,105,228,333
219824,11,8,2,21,60,84,168,81,252,105,228,333
219824,12,9,1,6,23,24,84,29,108,30,107,137
219824,12,9,2,6,23,24,84,29,108,30,107,137
219824,13,10,1,0,1,3,3,1,6,3,4,7
219824,13,10,2,0,1,3,3,1,6,3,4,7
219833,1,412,1,652,803,194,269,1455,463,846,1072,1918
219833,1,112,2,589,722,102,135,1311,237,691,857,1548
219833,1,312,5,63,81,92,134,144,226,155,215,370
219833,2,999,1,585,707,102,121,1292,223,687,828,1515
219833,2,999,2,559,668,89,100,1227,189,648,768,1416
219833,2,999,5,26,39,13,21,65,34,39,60,99
219833,3,1,1,6,19,74,89,25,163,80,108,188
219833,3,1,2,6,19,74,89,25,163,80,108,188
219833,4,2,1,221,293,2,5,514,7,223,298,521
219833,4,2,2,221,293,2,5,514,7,223,298,521
219833,5,3,1,256,275,6,2,531,8,262,277,539
219833,5,3,2,253,273,5,1,526,6,258,274,532
219833,5,3,5,3,2,1,1,5,2,4,3,7
219833,6,4,1,102,120,20,25,222,45,122,145,267
219833,6,4,2,79,83,8,5,162,13,87,88,175
219833,6,4,5,23,37,12,20,60,32,35,57,92
219833,7,999,1,67,96,90,148,163,238,157,244,401
219833,7,999,2,30,54,11,35,84,46,41,89,130
219833,7,999,5,37,42,79,113,79,192,116,155,271
219833,8,5,1,34,41,34,47,75,81,68,88,156
219833,8,5,2,13,16,3,9,29,12,16,25,41
219833,8,5,5,21,25,31,38,46,69,52,63,115
219833,9,6,1,19,28,20,29,47,49,39,57,96
219833,9,6,2,6,15,3,4,21,7,9,19,28
219833,9,6,5,13,13,17,25,26,42,30,38,68
219833,10,7,1,5,10,18,19,15,37,23,29,52
219833,10,7,2,2,8,3,6,10,9,5,14,19
219833,10,7,5,3,2,15,13,5,28,18,15,33
219833,11,8,1,5,13,13,31,18,44,18,44,62
219833,11,8,2,5,11,1,11,16,12,6,22,28
219833,11,8,5,0,2,12,20,2,32,12,22,34
219833,12,9,1,4,4,5,21,8,26,9,25,34
219833,12,9,2,4,4,1,4,8,5,5,8,13
219833,12,9,5,0,0,4,17,0,21,4,17,21
219833,13,10,1,0,0,0,1,0,1,0,1,1
219833,13,10,2,0,0,0,1,0,1,0,1,1
219833,14,11,1,0,0,2,0,0,2,2,0,2
219833,14,11,2,0,0,2,0,0,2,2,0,2
219879,1,412,1,722,892,504,956,1614,1460,1226,1848,3074
219879,1,112,2,722,892,504,956,1614,1460,1226,1848,3074
219879,2,999,1,600,715,364,666,1315,1030,964,1381,2345
219879,2,999,2,600,715,364,666,1315,1030,964,1381,2345
219879,3,1,1,41,38,233,479,79,712,274,517,791
219879,3,1,2,41,38,233,479,79,712,274,517,791
219879,4,2,1,434,526,46,50,960,96,480,576,1056
219879,4,2,2,434,526,46,50,960,96,480,576,1056
219879,5,3,1,88,98,54,75,186,129,142,173,315
219879,5,3,2,88,98,54,75,186,129,142,173,315
219879,6,4,1,37,53,31,62,90,93,68,115,183
219879,6,4,2,37,53,31,62,90,93,68,115,183
219879,7,999,1,122,177,140,290,299,430,262,467,729
219879,7,999,2,122,177,140,290,299,430,262,467,729
219879,8,5,1,56,62,37,87,118,124,93,149,242
219879,8,5,2,56,62,37,87,118,124,93,149,242
219879,9,6,1,24,39,37,60,63,97,61,99,160
219879,9,6,2,24,39,37,60,63,97,61,99,160
219879,10,7,1,17,30,22,43,47,65,39,73,112
219879,10,7,2,17,30,22,43,47,65,39,73,112
219879,11,8,1,15,36,28,70,51,98,43,106,149
219879,11,8,2,15,36,28,70,51,98,43,106,149
219879,12,9,1,9,10,15,30,19,45,24,40,64
219879,12,9,2,9,10,15,30,19,45,24,40,64
219879,13,10,1,1,0,1,0,1,1,2,0,2
219879,13,10,2,1,0,1,0,1,1,2,0,2
219888,1,412,1,1219,1828,1040,1844,3047,2884,2259,3672,5931
219888,1,112,2,1219,1828,1040,1844,3047,2884,2259,3672,5931
219888,2,999,1,1112,1578,839,1233,2690,2072,1951,2811,4762
219888,2,999,2,1112,1578,839,1233,2690,2072,1951,2811,4762
219888,3,1,1,52,53,358,618,105,976,410,671,1081
219888,3,1,2,52,53,358,618,105,976,410,671,1081
219888,4,2,1,764,1156,221,222,1920,443,985,1378,2363
219888,4,2,2,764,1156,221,222,1920,443,985,1378,2363
219888,5,3,1,227,266,160,210,493,370,387,476,863
219888,5,3,2,227,266,160,210,493,370,387,476,863
219888,6,4,1,69,103,100,183,172,283,169,286,455
219888,6,4,2,69,103,100,183,172,283,169,286,455
219888,7,999,1,107,242,201,610,349,811,308,852,1160
219888,7,999,2,107,242,201,610,349,811,308,852,1160
219888,8,5,1,59,108,73,201,167,274,132,309,441
219888,8,5,2,59,108,73,201,167,274,132,309,441
219888,9,6,1,24,60,39,130,84,169,63,190,253
219888,9,6,2,24,60,39,130,84,169,63,190,253
219888,10,7,1,12,34,34,88,46,122,46,122,168
219888,10,7,2,12,34,34,88,46,122,46,122,168
219888,11,8,1,7,25,39,138,32,177,46,163,209
219888,11,8,2,7,25,39,138,32,177,46,163,209
219888,12,9,1,5,15,14,49,20,63,19,64,83
219888,12,9,2,5,15,14,49,20,63,19,64,83
219888,13,10,1,0,0,2,4,0,6,2,4,6
219888,13,10,2,0,0,2,4,0,6,2,4,6
219888,14,11,1,0,8,0,1,8,1,0,9,9
219888,14,11,2,0,8,0,1,8,1,0,9,9
219921,1,412,1,150,90,41,52,240,93,191,142,333
219921,1,112,2,150,90,41,52,240,93,191,142,333
219921,2,999,1,115,41,40,7,156,47,155,48,203
219921,2,999,2,115,41,40,7,156,47,155,48,203
219921,3,1,1,0,1,22,1,1,23,22,2,24
219921,3,1,2,0,1,22,1,1,23,22,2,24
219921,4,2,1,68,18,18,1,86,19,86,19,105
219921,4,2,2,68,18,18,1,86,19,86,19,105
219921,5,3,1,35,14,0,2,49,2,35,16,51
219921,5,3,2,35,14,0,2,49,2,35,16,51
219921,6,4,1,12,8,0,3,20,3,12,11,23
219921,6,4,2,12,8,0,3,20,3,12,11,23
219921,7,999,1,35,49,1,45,84,46,36,94,130
219921,7,999,2,35,49,1,45,84,46,36,94,130
219921,8,5,1,19,19,0,10,38,10,19,29,48
219921,8,5,2,19,19,0,10,38,10,19,29,48
219921,9,6,1,5,12,1,10,17,11,6,22,28
219921,9,6,2,5,12,1,10,17,11,6,22,28
219921,10,7,1,4,11,0,9,15,9,4,20,24
219921,10,7,2,4,11,0,9,15,9,4,20,24
219921,11,8,1,5,6,0,13,11,13,5,19,24
219921,11,8,2,5,6,0,13,11,13,5,19,24
219921,12,9,1,2,1,0,3,3,3,2,4,6
219921,12,9,2,2,1,0,3,3,3,2,4,6
219949,1,412,1,846,1120,280,458,1966,738,1126,1578,2704
219949,1,112,2,802,1084,186,325,1886,511,988,1409,2397
219949,1,312,5,44,36,94,133,80,227,138,169,307
219949,2,999,1,799,1038,205,320,1837,525,1004,1358,2362
219949,2,999,2,769,1012,178,299,1781,477,947,1311,2258
219949,2,999,5,30,26,27,21,56,48,57,47,104
219949,3,1,1,10,10,105,213,20,318,115,223,338
219949,3,1,2,10,10,105,213,20,318,115,223,338
219949,4,2,1,350,550,52,59,900,111,402,609,1011
219949,4,2,2,350,550,52,59,900,111,402,609,1011
219949,5,3,1,284,322,10,18,606,28,294,340,634
219949,5,3,2,282,319,10,18,601,28,292,337,629
219949,5,3,5,2,3,0,0,5,0,2,3,5
219949,6,4,1,155,156,38,30,311,68,193,186,379
219949,6,4,2,127,133,11,9,260,20,138,142,280
219949,6,4,5,28,23,27,21,51,48,55,44,99
219949,7,999,1,47,82,75,138,129,213,122,220,342
219949,7,999,2,33,72,8,26,105,34,41,98,139
219949,7,999,5,14,10,67,112,24,179,81,122,203
219949,8,5,1,26,38,22,34,64,56,48,72,120
219949,8,5,2,17,32,2,3,49,5,19,35,54
219949,8,5,5,9,6,20,31,15,51,29,37,66
219949,9,6,1,9,16,19,32,25,51,28,48,76
219949,9,6,2,6,15,1,7,21,8,7,22,29
219949,9,6,5,3,1,18,25,4,43,21,26,47
219949,10,7,1,5,16,9,11,21,20,14,27,41
219949,10,7,2,4,14,0,2,18,2,4,16,20
219949,10,7,5,1,2,9,9,3,18,10,11,21
219949,11,8,1,6,9,18,48,15,66,24,57,81
219949,11,8,2,6,8,3,9,14,12,9,17,26
219949,11,8,5,0,1,15,39,1,54,15,40,55
219949,12,9,1,1,3,7,13,4,20,8,16,24
219949,12,9,2,0,3,2,5,3,7,2,8,10
219949,12,9,5,1,0,5,8,1,13,6,8,14
219994,1,412,1,346,281,143,28,627,171,489,309,798
219994,1,112,2,346,281,143,28,627,171,489,309,798
219994,2,999,1,221,152,132,28,373,160,353,180,533
219994,2,999,2,221,152,132,28,373,160,353,180,533
219994,3,1,1,1,2,91,23,3,114,92,25,117
219994,3,1,2,1,2,91,23,3,114,92,25,117
219994,4,2,1,123,56,34,4,179,38,157,60,217
219994,4,2,2,123,56,34,4,179,38,157,60,217
219994,5,3,1,72,45,2,1,117,3,74,46,120
219994,5,3,2,72,45,2,1,117,3,74,46,120
219994,6,4,1,25,49,5,0,74,5,30,49,79
219994,6,4,2,25,49,5,0,74,5,30,49,79
219994,7,999,1,125,129,11,0,254,11,136,129,265
219994,7,999,2,125,129,11,0,254,11,136,129,265
219994,8,5,1,40,48,4,0,88,4,44,48,92
219994,8,5,2,40,48,4,0,88,4,44,48,92
219994,9,6,1,33,28,6,0,61,6,39,28,67
219994,9,6,2,33,28,6,0,61,6,39,28,67
219994,10,7,1,14,22,1,0,36,1,15,22,37
219994,10,7,2,14,22,1,0,36,1,15,22,37
219994,11,8,1,24,24,0,0,48,0,24,24,48
219994,11,8,2,24,24,0,0,48,0,24,24,48
219994,12,9,1,13,7,0,0,20,0,13,7,20
219994,12,9,2,13,7,0,0,20,0,13,7,20
219994,13,10,1,1,0,0,0,1,0,1,0,1
219994,13,10,2,1,0,0,0,1,0,1,0,1
220057,1,412,1,360,769,388,1133,1129,1521,748,1902,2650
220057,1,112,2,360,769,388,1133,1129,1521,748,1902,2650
220057,2,999,1,302,604,283,637,906,920,585,1241,1826
220057,2,999,2,302,604,283,637,906,920,585,1241,1826
220057,3,1,1,8,34,197,378,42,575,205,412,617
220057,3,1,2,8,34,197,378,42,575,205,412,617
220057,4,2,1,192,424,25,87,616,112,217,511,728
220057,4,2,2,192,424,25,87,616,112,217,511,728
220057,5,3,1,76,95,44,90,171,134,120,185,305
220057,5,3,2,76,95,44,90,171,134,120,185,305
220057,6,4,1,26,51,17,82,77,99,43,133,176
220057,6,4,2,26,51,17,82,77,99,43,133,176
220057,7,999,1,58,165,105,496,223,601,163,661,824
220057,7,999,2,58,165,105,496,223,601,163,661,824
220057,8,5,1,16,69,29,131,85,160,45,200,245
220057,8,5,2,16,69,29,131,85,160,45,200,245
220057,9,6,1,16,28,22,105,44,127,38,133,171
220057,9,6,2,16,28,22,105,44,127,38,133,171
220057,10,7,1,13,28,14,82,41,96,27,110,137
220057,10,7,2,13,28,14,82,41,96,27,110,137
220057,11,8,1,10,34,29,119,44,148,39,153,192
220057,11,8,2,10,34,29,119,44,148,39,153,192
220057,12,9,1,3,4,11,54,7,65,14,58,72
220057,12,9,2,3,4,11,54,7,65,14,58,72
220057,13,10,1,0,2,0,5,2,5,0,7,7
220057,13,10,2,0,2,0,5,2,5,0,7,7
220075,1,412,1,4204,6479,1008,2022,10683,3030,5212,8501,13713
220075,1,112,2,3550,5262,699,1194,8812,1893,4249,6456,10705
220075,1,312,5,654,1217,309,828,1871,1137,963,2045,3008
220075,2,999,1,3465,5316,491,716,8781,1207,3956,6032,9988
220075,2,999,2,3195,4674,452,634,7869,1086,3647,5308,8955
220075,2,999,5,270,642,39,82,912,121,309,724,1033
220075,3,1,1,41,93,140,257,134,397,181,350,531
220075,3,1,2,41,93,140,257,134,397,181,350,531
220075,4,2,1,1174,1826,34,58,3000,92,1208,1884,3092
220075,4,2,2,1174,1823,34,58,2997,92,1208,1881,3089
220075,4,2,5,0,3,0,0,3,0,0,3,3
220075,5,3,1,1378,2108,91,113,3486,204,1469,2221,3690
220075,5,3,2,1350,2033,90,112,3383,202,1440,2145,3585
220075,5,3,5,28,75,1,1,103,2,29,76,105
220075,6,4,1,872,1289,226,288,2161,514,1098,1577,2675
220075,6,4,2,630,725,188,207,1355,395,818,932,1750
220075,6,4,5,242,564,38,81,806,119,280,645,925
220075,7,999,1,739,1163,517,1306,1902,1823,1256,2469,3725
220075,7,999,2,355,588,247,560,943,807,602,1148,1750
220075,7,999,5,384,575,270,746,959,1016,654,1321,1975
220075,8,5,1,431,625,162,330,1056,492,593,955,1548
220075,8,5,2,190,276,102,171,466,273,292,447,739
220075,8,5,5,241,349,60,159,590,219,301,508,809
220075,9,6,1,159,225,96,271,384,367,255,496,751
220075,9,6,2,81,135,42,124,216,166,123,259,382
220075,9,6,5,78,90,54,147,168,201,132,237,369
220075,10,7,1,60,119,93,205,179,298,153,324,477
220075,10,7,2,33,69,35,86,102,121,68,155,223
220075,10,7,5,27,50,58,119,77,177,85,169,254
220075,11,8,1,58,147,101,315,205,416,159,462,621
220075,11,8,2,33,76,36,110,109,146,69,186,255
220075,11,8,5,25,71,65,205,96,270,90,276,366
220075,12,9,1,29,46,53,173,75,226,82,219,301
220075,12,9,2,17,31,23,62,48,85,40,93,133
220075,12,9,5,12,15,30,111,27,141,42,126,168
220075,13,10,1,2,1,12,12,3,24,14,13,27
220075,13,10,2,1,1,9,7,2,16,10,8,18
220075,13,10,5,1,0,3,5,1,8,4,5,9
220118,1,412,1,6,246,0,0,252,0,6,246,252
220118,1,112,2,6,246,0,0,252,0,6,246,252
220118,2,999,1,2,103,0,0,105,0,2,103,105
220118,2,999,2,2,103,0,0,105,0,2,103,105
220118,4,2,1,1,14,0,0,15,0,1,14,15
220118,4,2,2,1,14,0,0,15,0,1,14,15
220118,5,3,1,1,39,0,0,40,0,1,39,40
220118,5,3,2,1,39,0,0,40,0,1,39,40
220118,6,4,1,0,50,0,0,50,0,0,50,50
220118,6,4,2,0,50,0,0,50,0,0,50,50
220118,7,999,1,4,143,0,0,147,0,4,143,147
220118,7,999,2,4,143,0,0,147,0,4,143,147
220118,8,5,1,1,65,0,0,66,0,1,65,66
220118,8,5,2,1,65,0,0,66,0,1,65,66
220118,9,6,1,1,37,0,0,38,0,1,37,38
220118,9,6,2,1,37,0,0,38,0,1,37,38
220118,10,7,1,1,16,0,0,17,0,1,16,17
220118,10,7,2,1,16,0,0,17,0,1,16,17
220118,11,8,1,1,17,0,0,18,0,1,17,18
220118,11,8,2,1,17,0,0,18,0,1,17,18
220118,12,9,1,0,8,0,0,8,0,0,8,8
220118,12,9,2,0,8,0,0,8,0,0,8,8
220394,1,412,1,146,104,43,25,250,68,189,129,318
220394,1,112,2,146,104,43,25,250,68,189,129,318
220394,2,999,1,121,74,43,25,195,68,164,99,263
220394,2,999,2,121,74,43,25,195,68,164,99,263
220394,3,1,1,1,0,31,18,1,49,32,18,50
220394,3,1,2,1,0,31,18,1,49,32,18,50
220394,4,2,1,73,34,12,7,107,19,85,41,126
220394,4,2,2,73,34,12,7,107,19,85,41,126
220394,5,3,1,33,21,0,0,54,0,33,21,54
220394,5,3,2,33,21,0,0,54,0,33,21,54
220394,6,4,1,14,19,0,0,33,0,14,19,33
220394,6,4,2,14,19,0,0,33,0,14,19,33
220394,7,999,1,25,30,0,0,55,0,25,30,55
220394,7,999,2,25,30,0,0,55,0,25,30,55
220394,8,5,1,9,12,0,0,21,0,9,12,21
220394,8,5,2,9,12,0,0,21,0,9,12,21
220394,9,6,1,5,6,0,0,11,0,5,6,11
220394,9,6,2,5,6,0,0,11,0,5,6,11
220394,10,7,1,3,3,0,0,6,0,3,3,6
220394,10,7,2,3,3,0,0,6,0,3,3,6
220394,11,8,1,7,8,0,0,15,0,7,8,15
220394,11,8,2,7,8,0,0,15,0,7,8,15
220394,12,9,1,1,1,0,0,2,0,1,1,2
220394,12,9,2,1,1,0,0,2,0,1,1,2
220400,1,412,1,638,1314,646,1605,1952,2251,1284,2919,4203
220400,1,112,2,638,1314,646,1605,1952,2251,1284,2919,4203
220400,2,999,1,552,1047,500,1088,1599,1588,1052,2135,3187
220400,2,999,2,552,1047,500,1088,1599,1588,1052,2135,3187
220400,3,1,1,30,88,318,702,118,1020,348,790,1138
220400,3,1,2,30,88,318,702,118,1020,348,790,1138
220400,4,2,1,393,727,67,132,1120,199,460,859,1319
220400,4,2,2,393,727,67,132,1120,199,460,859,1319
220400,5,3,1,98,156,66,137,254,203,164,293,457
220400,5,3,2,98,156,66,137,254,203,164,293,457
220400,6,4,1,31,76,49,117,107,166,80,193,273
220400,6,4,2,31,76,49,117,107,166,80,193,273
220400,7,999,1,86,267,146,457,353,603,232,724,956
220400,7,999,2,86,267,146,457,353,603,232,724,956
220400,8,5,1,31,110,39,174,141,213,70,284,354
220400,8,5,2,31,110,39,174,141,213,70,284,354
220400,9,6,1,26,60,31,123,86,154,57,183,240
220400,9,6,2,26,60,31,123,86,154,57,183,240
220400,10,7,1,18,42,25,83,60,108,43,125,168
220400,10,7,2,18,42,25,83,60,108,43,125,168
220400,11,8,1,10,43,36,37,53,73,46,80,126
220400,11,8,2,10,43,36,37,53,73,46,80,126
220400,12,9,1,1,11,15,38,12,53,16,49,65
220400,12,9,2,1,11,15,38,12,53,16,49,65
220400,13,10,1,0,1,0,2,1,2,0,3,3
220400,13,10,2,0,1,0,2,1,2,0,3,3
220400,14,11,1,0,0,0,60,0,60,0,60,60
220400,14,11,2,0,0,0,60,0,60,0,60,60
220473,1,412,1,377,389,158,115,766,273,535,504,1039
220473,1,112,2,309,322,45,44,631,89,354,366,720
220473,1,312,5,68,67,113,71,135,184,181,138,319
220473,2,999,1,302,329,19,33,631,52,321,362,683
220473,2,999,2,284,303,10,16,587,26,294,319,613
220473,2,999,5,18,26,9,17,44,26,27,43,70
220473,3,1,1,0,1,0,0,1,0,0,1,1
220473,3,1,2,0,1,0,0,1,0,0,1,1
220473,4,2,1,86,129,1,0,215,1,87,129,216
220473,4,2,2,86,129,1,0,215,1,87,129,216
220473,5,3,1,128,135,1,6,263,7,129,141,270
220473,5,3,2,128,134,1,6,262,7,129,140,269
220473,5,3,5,0,1,0,0,1,0,0,1,1
220473,6,4,1,88,64,17,27,152,44,105,91,196
220473,6,4,2,70,39,8,10,109,18,78,49,127
220473,6,4,5,18,25,9,17,43,26,27,42,69
220473,7,999,1,75,60,139,82,135,221,214,142,356
220473,7,999,2,25,19,35,28,44,63,60,47,107
220473,7,999,5,50,41,104,54,91,158,154,95,249
220473,8,5,1,14,17,33,18,31,51,47,35,82
220473,8,5,2,7,10,10,5,17,15,17,15,32
220473,8,5,5,7,7,23,13,14,36,30,20,50
220473,9,6,1,12,5,15,19,17,34,27,24,51
220473,9,6,2,6,2,4,9,8,13,10,11,21
220473,9,6,5,6,3,11,10,9,21,17,13,30
220473,10,7,1,16,10,30,11,26,41,46,21,67
220473,10,7,2,7,2,10,2,9,12,17,4,21
220473,10,7,5,9,8,20,9,17,29,29,17,46
220473,11,8,1,18,13,25,20,31,45,43,33,76
220473,11,8,2,2,3,6,5,5,11,8,8,16
220473,11,8,5,16,10,19,15,26,34,35,25,60
220473,12,9,1,14,15,34,14,29,48,48,29,77
220473,12,9,2,2,2,5,7,4,12,7,9,16
220473,12,9,5,12,13,29,7,25,36,41,20,61
220473,13,10,1,1,0,2,0,1,2,3,0,3
220473,13,10,2,1,0,0,0,1,0,1,0,1
220473,13,10,5,0,0,2,0,0,2,2,0,2
220516,1,412,1,515,998,75,158,1513,233,590,1156,1746
220516,1,112,2,451,801,62,121,1252,183,513,922,1435
220516,1,312,5,64,197,13,37,261,50,77,234,311
220516,2,999,1,336,477,37,58,813,95,373,535,908
220516,2,999,2,324,450,36,57,774,93,360,507,867
220516,2,999,5,12,27,1,1,39,2,13,28,41
220516,3,1,1,0,0,18,24,0,42,18,24,42
220516,3,1,2,0,0,18,24,0,42,18,24,42
220516,4,2,1,102,105,8,12,207,20,110,117,227
220516,4,2,2,102,105,8,12,207,20,110,117,227
220516,5,3,1,117,209,3,8,326,11,120,217,337
220516,5,3,2,117,208,3,8,325,11,120,216,336
220516,5,3,5,0,1,0,0,1,0,0,1,1
220516,6,4,1,117,163,8,14,280,22,125,177,302
220516,6,4,2,105,137,7,13,242,20,112,150,262
220516,6,4,5,12,26,1,1,38,2,13,27,40
220516,7,999,1,179,521,38,100,700,138,217,621,838
220516,7,999,2,127,351,26,64,478,90,153,415,568
220516,7,999,5,52,170,12,36,222,48,64,206,270
220516,8,5,1,67,157,12,24,224,36,79,181,260
220516,8,5,2,52,99,11,16,151,27,63,115,178
220516,8,5,5,15,58,1,8,73,9,16,66,82
220516,9,6,1,39,118,7,27,157,34,46,145,191
220516,9,6,2,26,82,5,19,108,24,31,101,132
220516,9,6,5,13,36,2,8,49,10,15,44,59
220516,10,7,1,28,97,7,15,125,22,35,112,147
220516,10,7,2,20,68,3,8,88,11,23,76,99
220516,10,7,5,8,29,4,7,37,11,12,36,48
220516,11,8,1,33,112,8,19,145,27,41,131,172
220516,11,8,2,21,79,6,12,100,18,27,91,118
220516,11,8,5,12,33,2,7,45,9,14,40,54
220516,12,9,1,12,36,4,12,48,16,16,48,64
220516,12,9,2,8,23,1,9,31,10,9,32,41
220516,12,9,5,4,13,3,3,17,6,7,16,23
220516,13,10,1,0,1,0,3,1,3,0,4,4
220516,13,10,5,0,1,0,3,1,3,0,4,4
220598,1,412,1,525,523,25,22,1048,47,550,545,1095
220598,1,112,2,525,523,25,22,1048,47,550,545,1095
220598,2,999,1,490,493,19,15,983,34,509,508,1017
220598,2,999,2,490,493,19,15,983,34,509,508,1017
220598,3,1,1,0,1,0,0,1,0,0,1,1
220598,3,1,2,0,1,0,0,1,0,0,1,1
220598,4,2,1,170,176,3,6,346,9,173,182,355
220598,4,2,2,170,176,3,6,346,9,173,182,355
220598,5,3,1,178,215,8,5,393,13,186,220,406
220598,5,3,2,178,215,8,5,393,13,186,220,406
220598,6,4,1,142,101,8,4,243,12,150,105,255
220598,6,4,2,142,101,8,4,243,12,150,105,255
220598,7,999,1,35,30,6,7,65,13,41,37,78
220598,7,999,2,35,30,6,7,65,13,41,37,78
220598,8,5,1,31,20,5,3,51,8,36,23,59
220598,8,5,2,31,20,5,3,51,8,36,23,59
220598,9,6,1,3,5,0,3,8,3,3,8,11
220598,9,6,2,3,5,0,3,8,3,3,8,11
220598,11,8,1,1,3,1,0,4,1,2,3,5
220598,11,8,2,1,3,1,0,4,1,2,3,5
220598,12,9,1,0,2,0,1,2,1,0,3,3
220598,12,9,2,0,2,0,1,2,1,0,3,3
220604,1,412,1,166,389,35,64,555,99,201,453,654
220604,1,112,2,166,389,35,64,555,99,201,453,654
220604,2,999,1,125,276,20,25,401,45,145,301,446
220604,2,999,2,125,276,20,25,401,45,145,301,446
220604,4,2,1,33,71,2,6,104,8,35,77,112
220604,4,2,2,33,71,2,6,104,8,35,77,112
220604,5,3,1,48,128,7,8,176,15,55,136,191
220604,5,3,2,48,128,7,8,176,15,55,136,191
220604,6,4,1,44,77,11,11,121,22,55,88,143
220604,6,4,2,44,77,11,11,121,22,55,88,143
220604,7,999,1,41,113,15,39,154,54,56,152,208
220604,7,999,2,41,113,15,39,154,54,56,152,208
220604,8,5,1,17,52,5,12,69,17,22,64,86
220604,8,5,2,17,52,5,12,69,17,22,64,86
220604,9,6,1,5,20,2,7,25,9,7,27,34
220604,9,6,2,5,20,2,7,25,9,7,27,34
220604,10,7,1,4,10,0,3,14,3,4,13,17
220604,10,7,2,4,10,0,3,14,3,4,13,17
220604,11,8,1,9,20,6,8,29,14,15,28,43
220604,11,8,2,9,20,6,8,29,14,15,28,43
220604,12,9,1,6,11,2,9,17,11,8,20,28
220604,12,9,2,6,11,2,9,17,11,8,20,28
220613,1,412,1,1318,2343,700,843,3661,1543,2018,3186,5204
220613,1,112,2,1249,2210,528,683,3459,1211,1777,2893,4670
220613,1,312,5,69,133,172,160,202,332,241,293,534
220613,2,999,1,1144,2163,209,249,3307,458,1353,2412,3765
220613,2,999,2,1109,2076,183,211,3185,394,1292,2287,3579
220613,2,999,5,35,87,26,38,122,64,61,125,186
220613,3,1,1,13,29,104,151,42,255,117,180,297
220613,3,1,2,13,29,104,151,42,255,117,180,297
220613,4,2,1,419,878,17,12,1297,29,436,890,1326
220613,4,2,2,419,878,17,12,1297,29,436,890,1326
220613,5,3,1,482,954,12,23,1436,35,494,977,1471
220613,5,3,2,480,949,12,22,1429,34,492,971,1463
220613,5,3,5,2,5,0,1,7,1,2,6,8
220613,6,4,1,230,302,76,63,532,139,306,365,671
220613,6,4,2,197,220,50,26,417,76,247,246,493
220613,6,4,5,33,82,26,37,115,63,59,119,178
220613,7,999,1,174,180,488,587,354,1075,662,767,1429
220613,7,999,2,140,134,342,465,274,807,482,599,1081
220613,7,999,5,34,46,146,122,80,268,180,168,348
220613,8,5,1,57,87,59,63,144,122,116,150,266
220613,8,5,2,50,57,23,19,107,42,73,76,149
220613,8,5,5,7,30,36,44,37,80,43,74,117
220613,9,6,1,50,23,52,41,73,93,102,64,166
220613,9,6,2,39,18,21,17,57,38,60,35,95
220613,9,6,5,11,5,31,24,16,55,42,29,71
220613,10,7,1,22,22,66,37,44,103,88,59,147
220613,10,7,2,18,20,39,16,38,55,57,36,93
220613,10,7,5,4,2,27,21,6,48,31,23,54
220613,11,8,1,24,27,94,50,51,144,118,77,195
220613,11,8,2,21,22,57,32,43,89,78,54,132
220613,11,8,5,3,5,37,18,8,55,40,23,63
220613,12,9,1,18,20,73,60,38,133,91,80,171
220613,12,9,2,11,17,58,46,28,104,69,63,132
220613,12,9,5,7,3,15,14,10,29,22,17,39
220613,13,10,1,3,1,144,336,4,480,147,337,484
220613,13,10,2,1,0,144,335,1,479,145,335,480
220613,13,10,5,2,1,0,1,3,1,2,2,4
220613,14,11,1,0,0,3,7,0,10,3,7,10
220613,14,11,2,0,0,3,7,0,10,3,7,10
220710,1,412,1,427,558,39,48,985,87,466,606,1072
220710,1,112,2,427,558,39,48,985,87,466,606,1072
220710,2,999,1,407,535,37,46,942,83,444,581,1025
220710,2,999,2,407,535,37,46,942,83,444,581,1025
220710,3,1,1,0,0,8,16,0,24,8,16,24
220710,3,1,2,0,0,8,16,0,24,8,16,24
220710,4,2,1,147,185,20,27,332,47,167,212,379
220710,4,2,2,147,185,20,27,332,47,167,212,379
220710,5,3,1,166,258,0,0,424,0,166,258,424
220710,5,3,2,166,258,0,0,424,0,166,258,424
220710,6,4,1,94,92,9,3,186,12,103,95,198
220710,6,4,2,94,92,9,3,186,12,103,95,198
220710,7,999,1,20,23,2,2,43,4,22,25,47
220710,7,999,2,20,23,2,2,43,4,22,25,47
220710,8,5,1,11,12,0,0,23,0,11,12,23
220710,8,5,2,11,12,0,0,23,0,11,12,23
220710,9,6,1,7,3,0,1,10,1,7,4,11
220710,9,6,2,7,3,0,1,10,1,7,4,11
220710,10,7,1,0,5,1,0,5,1,1,5,6
220710,10,7,2,0,5,1,0,5,1,1,5,6
220710,11,8,1,2,2,0,1,4,1,2,3,5
220710,11,8,2,2,2,0,1,4,1,2,3,5
220710,12,9,1,0,1,1,0,1,1,1,1,2
220710,12,9,2,0,1,1,0,1,1,1,1,2
220862,1,412,1,5650,8541,3018,4996,14191,8014,8668,13537,22205
220862,1,112,2,4834,7229,2024,3296,12063,5320,6858,10525,17383
220862,1,312,5,816,1312,994,1700,2128,2694,1810,3012,4822
220862,2,999,1,4596,6938,1452,2153,11534,3605,6048,9091,15139
220862,2,999,2,4296,6395,1345,1924,10691,3269,5641,8319,13960
220862,2,999,5,300,543,107,229,843,336,407,772,1179
220862,3,1,1,10,20,498,822,30,1320,508,842,1350
220862,3,1,2,10,20,498,822,30,1320,508,842,1350
220862,4,2,1,1513,2305,266,342,3818,608,1779,2647,4426
220862,4,2,2,1513,2305,266,342,3818,608,1779,2647,4426
220862,5,3,1,1673,2562,178,276,4235,454,1851,2838,4689
220862,5,3,2,1670,2545,177,270,4215,447,1847,2815,4662
220862,5,3,5,3,17,1,6,20,7,4,23,27
220862,6,4,1,1400,2051,510,713,3451,1223,1910,2764,4674
220862,6,4,2,1103,1525,404,490,2628,894,1507,2015,3522
220862,6,4,5,297,526,106,223,823,329,403,749,1152
220862,7,999,1,1054,1603,1566,2843,2657,4409,2620,4446,7066
220862,7,999,2,538,834,679,1372,1372,2051,1217,2206,3423
220862,7,999,5,516,769,887,1471,1285,2358,1403,2240,3643
220862,8,5,1,643,909,563,929,1552,1492,1206,1838,3044
220862,8,5,2,334,458,292,498,792,790,626,956,1582
220862,8,5,5,309,451,271,431,760,702,580,882,1462
220862,9,6,1,203,306,343,620,509,963,546,926,1472
220862,9,6,2,92,159,125,285,251,410,217,444,661
220862,9,6,5,111,147,218,335,258,553,329,482,811
220862,10,7,1,106,159,225,403,265,628,331,562,893
220862,10,7,2,58,85,89,176,143,265,147,261,408
220862,10,7,5,48,74,136,227,122,363,184,301,485
220862,11,8,1,77,178,273,579,255,852,350,757,1107
220862,11,8,2,42,105,111,273,147,384,153,378,531
220862,11,8,5,35,73,162,306,108,468,197,379,576
220862,12,9,1,22,49,147,284,71,431,169,333,502
220862,12,9,2,10,26,56,127,36,183,66,153,219
220862,12,9,5,12,23,91,157,35,248,103,180,283
220862,13,10,1,3,2,15,28,5,43,18,30,48
220862,13,10,2,2,1,6,13,3,19,8,14,22
220862,13,10,5,1,1,9,15,2,24,10,16,26
220978,1,412,1,7597,8836,2314,3333,16433,5647,9911,12169,22080
220978,1,112,2,7206,8314,1622,2046,15520,3668,8828,10360,19188
220978,1,312,5,391,522,692,1287,913,1979,1083,1809,2892
220978,2,999,1,6506,7804,1102,1524,14310,2626,7608,9328,16936
220978,2,999,2,6359,7562,1007,1344,13921,2351,7366,8906,16272
220978,2,999,5,147,242,95,180,389,275,242,422,664
220978,3,1,1,25,41,297,541,66,838,322,582,904
220978,3,1,2,25,41,297,541,66,838,322,582,904
220978,4,2,1,2192,2535,145,235,4727,380,2337,2770,5107
220978,4,2,2,2191,2535,145,235,4726,380,2336,2770,5106
220978,4,2,5,1,0,0,0,1,0,1,0,1
220978,5,3,1,2562,3257,169,174,5819,343,2731,3431,6162
220978,5,3,2,2556,3238,169,171,5794,340,2725,3409,6134
220978,5,3,5,6,19,0,3,25,3,6,22,28
220978,6,4,1,1727,1971,491,574,3698,1065,2218,2545,4763
220978,6,4,2,1587,1748,396,397,3335,793,1983,2145,4128
220978,6,4,5,140,223,95,177,363,272,235,400,635
220978,7,999,1,1091,1032,1212,1809,2123,3021,2303,2841,5144
220978,7,999,2,847,752,615,702,1599,1317,1462,1454,2916
220978,7,999,5,244,280,597,1107,524,1704,841,1387,2228
220978,8,5,1,635,575,489,645,1210,1134,1124,1220,2344
220978,8,5,2,519,421,296,272,940,568,815,693,1508
220978,8,5,5,116,154,193,373,270,566,309,527,836
220978,9,6,1,236,205,244,347,441,591,480,552,1032
220978,9,6,2,184,148,113,125,332,238,297,273,570
220978,9,6,5,52,57,131,222,109,353,183,279,462
220978,10,7,1,106,112,153,253,218,406,259,365,624
220978,10,7,2,69,83,69,103,152,172,138,186,324
220978,10,7,5,37,29,84,150,66,234,121,179,300
220978,11,8,1,89,109,212,368,198,580,301,477,778
220978,11,8,2,59,77,90,124,136,214,149,201,350
220978,11,8,5,30,32,122,244,62,366,152,276,428
220978,12,9,1,25,31,97,183,56,280,122,214,336
220978,12,9,2,16,23,41,72,39,113,57,95,152
220978,12,9,5,9,8,56,111,17,167,65,119,184
220978,13,10,1,0,0,17,13,0,30,17,13,30
220978,13,10,2,0,0,6,6,0,12,6,6,12
220978,13,10,5,0,0,11,7,0,18,11,7,18
221050,1,412,1,361,150,145,25,511,170,506,175,681
221050,1,112,2,361,150,145,25,511,170,506,175,681
221050,2,999,1,263,90,124,24,353,148,387,114,501
221050,2,999,2,263,90,124,24,353,148,387,114,501
221050,3,1,1,1,2,61,16,3,77,62,18,80
221050,3,1,2,1,2,61,16,3,77,62,18,80
221050,4,2,1,156,38,47,6,194,53,203,44,247
221050,4,2,2,156,38,47,6,194,53,203,44,247
221050,5,3,1,75,32,14,1,107,15,89,33,122
221050,5,3,2,75,32,14,1,107,15,89,33,122
221050,6,4,1,31,18,2,1,49,3,33,19,52
221050,6,4,2,31,18,2,1,49,3,33,19,52
221050,7,999,1,98,60,21,1,158,22,119,61,180
221050,7,999,2,98,60,21,1,158,22,119,61,180
221050,8,5,1,26,30,6,0,56,6,32,30,62
221050,8,5,2,26,30,6,0,56,6,32,30,62
221050,9,6,1,23,9,1,0,32,1,24,9,33
221050,9,6,2,23,9,1,0,32,1,24,9,33
221050,10,7,1,14,7,6,0,21,6,20,7,27
221050,10,7,2,14,7,6,0,21,6,20,7,27
221050,11,8,1,16,12,5,0,28,5,21,12,33
221050,11,8,2,16,12,5,0,28,5,21,12,33
221050,12,9,1,18,2,3,1,20,4,21,3,24
221050,12,9,2,18,2,3,1,20,4,21,3,24
221050,13,10,1,1,0,0,0,1,0,1,0,1
221050,13,10,2,1,0,0,0,1,0,1,0,1
221096,1,412,1,1242,1885,1200,2289,3127,3489,2442,4174,6616
221096,1,112,2,1242,1885,1200,2289,3127,3489,2442,4174,6616
221096,2,999,1,1120,1656,825,1534,2776,2359,1945,3190,5135
221096,2,999,2,1120,1656,825,1534,2776,2359,1945,3190,5135
221096,3,1,1,74,158,546,1068,232,1614,620,1226,1846
221096,3,1,2,74,158,546,1068,232,1614,620,1226,1846
221096,4,2,1,819,1217,102,149,2036,251,921,1366,2287
221096,4,2,2,819,1217,102,149,2036,251,921,1366,2287
221096,5,3,1,175,187,101,153,362,254,276,340,616
221096,5,3,2,175,187,101,153,362,254,276,340,616
221096,6,4,1,52,94,76,164,146,240,128,258,386
221096,6,4,2,52,94,76,164,146,240,128,258,386
221096,7,999,1,122,229,285,755,351,1040,407,984,1391
221096,7,999,2,122,229,285,755,351,1040,407,984,1391
221096,8,5,1,65,98,102,243,163,345,167,341,508
221096,8,5,2,65,98,102,243,163,345,167,341,508
221096,9,6,1,20,47,66,170,67,236,86,217,303
221096,9,6,2,20,47,66,170,67,236,86,217,303
221096,10,7,1,12,33,39,119,45,158,51,152,203
221096,10,7,2,12,33,39,119,45,158,51,152,203
221096,11,8,1,21,40,57,156,61,213,78,196,274
221096,11,8,2,21,40,57,156,61,213,78,196,274
221096,12,9,1,4,11,18,63,15,81,22,74,96
221096,12,9,2,4,11,18,63,15,81,22,74,96
221096,13,10,1,0,0,3,4,0,7,3,4,7
221096,13,10,2,0,0,3,4,0,7,3,4,7
221096,14,11,1,0,0,90,0,0,90,90,0,90
221096,14,11,2,0,0,90,0,0,90,90,0,90
221148,1,412,1,1535,103,0,0,1638,0,1535,103,1638
221148,1,112,2,1535,103,0,0,1638,0,1535,103,1638
221148,2,999,1,1235,76,0,0,1311,0,1235,76,1311
221148,2,999,2,1235,76,0,0,1311,0,1235,76,1311
221148,3,1,1,2,1,0,0,3,0,2,1,3
221148,3,1,2,2,1,0,0,3,0,2,1,3
221148,4,2,1,867,57,0,0,924,0,867,57,924
221148,4,2,2,867,57,0,0,924,0,867,57,924
221148,5,3,1,256,11,0,0,267,0,256,11,267
221148,5,3,2,256,11,0,0,267,0,256,11,267
221148,6,4,1,110,7,0,0,117,0,110,7,117
221148,6,4,2,110,7,0,0,117,0,110,7,117
221148,7,999,1,300,27,0,0,327,0,300,27,327
221148,7,999,2,300,27,0,0,327,0,300,27,327
221148,8,5,1,122,16,0,0,138,0,122,16,138
221148,8,5,2,122,16,0,0,138,0,122,16,138
221148,9,6,1,75,4,0,0,79,0,75,4,79
221148,9,6,2,75,4,0,0,79,0,75,4,79
221148,10,7,1,35,2,0,0,37,0,35,2,37
221148,10,7,2,35,2,0,0,37,0,35,2,37
221148,11,8,1,53,5,0,0,58,0,53,5,58
221148,11,8,2,53,5,0,0,58,0,53,5,58
221148,12,9,1,15,0,0,0,15,0,15,0,15
221148,12,9,2,15,0,0,0,15,0,15,0,15
221184,1,412,1,1194,1790,1340,2740,2984,4080,2534,4530,7064
221184,1,112,2,1194,1790,1340,2740,2984,4080,2534,4530,7064
221184,2,999,1,905,1361,706,1310,2266,2016,1611,2671,4282
221184,2,999,2,905,1361,706,1310,2266,2016,1611,2671,4282
221184,3,1,1,44,69,248,573,113,821,292,642,934
221184,3,1,2,44,69,248,573,113,821,292,642,934
221184,4,2,1,528,841,124,151,1369,275,652,992,1644
221184,4,2,2,528,841,124,151,1369,275,652,992,1644
221184,5,3,1,228,265,161,253,493,414,389,518,907
221184,5,3,2,228,265,161,253,493,414,389,518,907
221184,6,4,1,105,186,173,333,291,506,278,519,797
221184,6,4,2,105,186,173,333,291,506,278,519,797
221184,7,999,1,289,429,634,1430,718,2064,923,1859,2782
221184,7,999,2,289,429,634,1430,718,2064,923,1859,2782
221184,8,5,1,151,194,232,481,345,713,383,675,1058
221184,8,5,2,151,194,232,481,345,713,383,675,1058
221184,9,6,1,68,126,136,321,194,457,204,447,651
221184,9,6,2,68,126,136,321,194,457,204,447,651
221184,10,7,1,29,44,103,202,73,305,132,246,378
221184,10,7,2,29,44,103,202,73,305,132,246,378
221184,11,8,1,34,48,107,255,82,362,141,303,444
221184,11,8,2,34,48,107,255,82,362,141,303,444
221184,12,9,1,6,15,53,165,21,218,59,180,239
221184,12,9,2,6,15,53,165,21,218,59,180,239
221184,13,10,1,1,2,3,6,3,9,4,8,12
221184,13,10,2,1,2,3,6,3,9,4,8,12
221333,1,412,1,137,90,318,31,227,349,455,121,576
221333,1,112,2,137,90,318,31,227,349,455,121,576
221333,2,999,1,107,54,296,30,161,326,403,84,487
221333,2,999,2,107,54,296,30,161,326,403,84,487
221333,3,1,1,0,1,196,18,1,214,196,19,215
221333,3,1,2,0,1,196,18,1,214,196,19,215
221333,4,2,1,73,19,81,12,92,93,154,31,185
221333,4,2,2,73,19,81,12,92,93,154,31,185
221333,5,3,1,23,14,11,0,37,11,34,14,48
221333,5,3,2,23,14,11,0,37,11,34,14,48
221333,6,4,1,11,20,8,0,31,8,19,20,39
221333,6,4,2,11,20,8,0,31,8,19,20,39
221333,7,999,1,30,36,22,1,66,23,52,37,89
221333,7,999,2,30,36,22,1,66,23,52,37,89
221333,8,5,1,8,16,3,0,24,3,11,16,27
221333,8,5,2,8,16,3,0,24,3,11,16,27
221333,9,6,1,5,6,10,0,11,10,15,6,21
221333,9,6,2,5,6,10,0,11,10,15,6,21
221333,10,7,1,5,7,4,0,12,4,9,7,16
221333,10,7,2,5,7,4,0,12,4,9,7,16
221333,11,8,1,3,6,4,1,9,5,7,7,14
221333,11,8,2,3,6,4,1,9,5,7,7,14
221333,12,9,1,6,1,1,0,7,1,7,1,8
221333,12,9,2,6,1,1,0,7,1,7,1,8
221333,13,10,1,3,0,0,0,3,0,3,0,3
221333,13,10,2,3,0,0,0,3,0,3,0,3
221397,1,412,1,780,1339,905,2148,2119,3053,1685,3487,5172
221397,1,112,2,780,1339,905,2148,2119,3053,1685,3487,5172
221397,2,999,1,660,1150,641,1359,1810,2000,1301,2509,3810
221397,2,999,2,660,1150,641,1359,1810,2000,1301,2509,3810
221397,3,1,1,88,133,323,693,221,1016,411,826,1237
221397,3,1,2,88,133,323,693,221,1016,411,826,1237
221397,4,2,1,421,804,168,265,1225,433,589,1069,1658
221397,4,2,2,421,804,168,265,1225,433,589,1069,1658
221397,5,3,1,109,149,92,222,258,314,201,371,572
221397,5,3,2,109,149,92,222,258,314,201,371,572
221397,6,4,1,42,64,58,179,106,237,100,243,343
221397,6,4,2,42,64,58,179,106,237,100,243,343
221397,7,999,1,120,189,264,789,309,1053,384,978,1362
221397,7,999,2,120,189,264,789,309,1053,384,978,1362
221397,8,5,1,48,80,78,247,128,325,126,327,453
221397,8,5,2,48,80,78,247,128,325,126,327,453
221397,9,6,1,37,42,69,173,79,242,106,215,321
221397,9,6,2,37,42,69,173,79,242,106,215,321
221397,10,7,1,18,32,29,122,50,151,47,154,201
221397,10,7,2,18,32,29,122,50,151,47,154,201
221397,11,8,1,14,30,66,182,44,248,80,212,292
221397,11,8,2,14,30,66,182,44,248,80,212,292
221397,12,9,1,3,5,18,58,8,76,21,63,84
221397,12,9,2,3,5,18,58,8,76,21,63,84
221397,13,10,1,0,0,4,7,0,11,4,7,11
221397,13,10,2,0,0,4,7,0,11,4,7,11
221485,1,412,1,1139,2104,1306,2822,3243,4128,2445,4926,7371
221485,1,112,2,1139,2104,1306,2822,3243,4128,2445,4926,7371
221485,2,999,1,949,1594,852,1372,2543,2224,1801,2966,4767
221485,2,999,2,949,1594,852,1372,2543,2224,1801,2966,4767
221485,3,1,1,28,59,244,372,87,616,272,431,703
221485,3,1,2,28,59,244,372,87,616,272,431,703
221485,4,2,1,616,1014,252,339,1630,591,868,1353,2221
221485,4,2,2,616,1014,252,339,1630,591,868,1353,2221
221485,5,3,1,220,357,204,333,577,537,424,690,1114
221485,5,3,2,220,357,204,333,577,537,424,690,1114
221485,6,4,1,85,164,152,328,249,480,237,492,729
221485,6,4,2,85,164,152,328,249,480,237,492,729
221485,7,999,1,190,483,454,1450,673,1904,644,1933,2577
221485,7,999,2,190,483,454,1450,673,1904,644,1933,2577
221485,8,5,1,73,208,141,424,281,565,214,632,846
221485,8,5,2,73,208,141,424,281,565,214,632,846
221485,9,6,1,49,111,103,327,160,430,152,438,590
221485,9,6,2,49,111,103,327,160,430,152,438,590
221485,10,7,1,31,61,79,241,92,320,110,302,412
221485,10,7,2,31,61,79,241,92,320,110,302,412
221485,11,8,1,23,80,86,305,103,391,109,385,494
221485,11,8,2,23,80,86,305,103,391,109,385,494
221485,12,9,1,13,21,39,147,34,186,52,168,220
221485,12,9,2,13,21,39,147,34,186,52,168,220
221485,13,10,1,1,2,6,6,3,12,7,8,15
221485,13,10,2,1,2,6,6,3,12,7,8,15
221485,14,11,1,0,27,0,0,27,0,0,27,27
221485,14,11,2,0,27,0,0,27,0,0,27,27
221519,1,412,1,839,915,20,26,1754,46,859,941,1800
221519,1,112,2,796,893,13,14,1689,27,809,907,1716
221519,1,312,5,43,22,7,12,65,19,50,34,84
221519,2,999,1,799,893,11,14,1692,25,810,907,1717
221519,2,999,2,794,892,11,13,1686,24,805,905,1710
221519,2,999,5,5,1,0,1,6,1,5,2,7
221519,3,1,1,3,8,7,5,11,12,10,13,23
221519,3,1,2,3,8,7,5,11,12,10,13,23
221519,4,2,1,328,415,1,4,743,5,329,419,748
221519,4,2,2,328,415,1,4,743,5,329,419,748
221519,5,3,1,367,424,1,1,791,2,368,425,793
221519,5,3,2,367,424,1,1,791,2,368,425,793
221519,6,4,1,101,46,2,4,147,6,103,50,153
221519,6,4,2,96,45,2,3,141,5,98,48,146
221519,6,4,5,5,1,0,1,6,1,5,2,7
221519,7,999,1,40,22,9,12,62,21,49,34,83
221519,7,999,2,2,1,2,1,3,3,4,2,6
221519,7,999,5,38,21,7,11,59,18,45,32,77
221519,8,5,1,17,5,1,4,22,5,18,9,27
221519,8,5,2,2,1,1,0,3,1,3,1,4
221519,8,5,5,15,4,0,4,19,4,15,8,23
221519,9,6,1,5,3,1,2,8,3,6,5,11
221519,9,6,5,5,3,1,2,8,3,6,5,11
221519,10,7,1,8,3,0,1,11,1,8,4,12
221519,10,7,2,0,0,0,1,0,1,0,1,1
221519,10,7,5,8,3,0,0,11,0,8,3,11
221519,11,8,1,5,6,4,1,11,5,9,7,16
221519,11,8,2,0,0,1,0,0,1,1,0,1
221519,11,8,5,5,6,3,1,11,4,8,7,15
221519,12,9,1,4,4,2,3,8,5,6,7,13
221519,12,9,5,4,4,2,3,8,5,6,7,13
221519,13,10,1,1,1,1,1,2,2,2,2,4
221519,13,10,5,1,1,1,1,2,2,2,2,4
221625,1,412,1,319,263,185,126,582,311,504,389,893
221625,1,112,2,319,263,185,126,582,311,504,389,893
221625,2,999,1,219,146,173,102,365,275,392,248,640
221625,2,999,2,219,146,173,102,365,275,392,248,640
221625,3,1,1,1,0,111,70,1,181,112,70,182
221625,3,1,2,1,0,111,70,1,181,112,70,182
221625,4,2,1,90,44,45,21,134,66,135,65,200
221625,4,2,2,90,44,45,21,134,66,135,65,200
221625,5,3,1,84,59,10,7,143,17,94,66,160
221625,5,3,2,84,59,10,7,143,17,94,66,160
221625,6,4,1,44,43,7,4,87,11,51,47,98
221625,6,4,2,44,43,7,4,87,11,51,47,98
221625,7,999,1,100,117,12,24,217,36,112,141,253
221625,7,999,2,100,117,12,24,217,36,112,141,253
221625,8,5,1,31,54,2,11,85,13,33,65,98
221625,8,5,2,31,54,2,11,85,13,33,65,98
221625,9,6,1,24,30,3,2,54,5,27,32,59
221625,9,6,2,24,30,3,2,54,5,27,32,59
221625,10,7,1,8,8,2,2,16,4,10,10,20
221625,10,7,2,8,8,2,2,16,4,10,10,20
221625,11,8,1,16,16,1,5,32,6,17,21,38
221625,11,8,2,16,16,1,5,32,6,17,21,38
221625,12,9,1,12,9,3,4,21,7,15,13,28
221625,12,9,2,12,9,3,4,21,7,15,13,28
221625,13,10,1,9,0,1,0,9,1,10,0,10
221625,13,10,2,9,0,1,0,9,1,10,0,10
221634,1,412,1,72,62,119,27,134,146,191,89,280
221634,1,112,2,72,62,119,27,134,146,191,89,280
221634,2,999,1,61,21,117,27,82,144,178,48,226
221634,2,999,2,61,21,117,27,82,144,178,48,226
221634,3,1,1,1,0,104,22,1,126,105,22,127
221634,3,1,2,1,0,104,22,1,126,105,22,127
221634,4,2,1,34,6,12,5,40,17,46,11,57
221634,4,2,2,34,6,12,5,40,17,46,11,57
221634,5,3,1,18,7,1,0,25,1,19,7,26
221634,5,3,2,18,7,1,0,25,1,19,7,26
221634,6,4,1,8,8,0,0,16,0,8,8,16
221634,6,4,2,8,8,0,0,16,0,8,8,16
221634,7,999,1,11,41,2,0,52,2,13,41,54
221634,7,999,2,11,41,2,0,52,2,13,41,54
221634,8,5,1,5,11,1,0,16,1,6,11,17
221634,8,5,2,5,11,1,0,16,1,6,11,17
221634,9,6,1,3,8,1,0,11,1,4,8,12
221634,9,6,2,3,8,1,0,11,1,4,8,12
221634,10,7,1,0,9,0,0,9,0,0,9,9
221634,10,7,2,0,9,0,0,9,0,0,9,9
221634,11,8,1,3,9,0,0,12,0,3,9,12
221634,11,8,2,3,9,0,0,12,0,3,9,12
221634,12,9,1,0,4,0,0,4,0,0,4,4
221634,12,9,2,0,4,0,0,4,0,0,4,4
221643,1,412,1,2130,2218,2152,2834,4348,4986,4282,5052,9334
221643,1,112,2,2130,2218,2152,2834,4348,4986,4282,5052,9334
221643,2,999,1,1892,1957,1397,1700,3849,3097,3289,3657,6946
221643,2,999,2,1892,1957,1397,1700,3849,3097,3289,3657,6946
221643,3,1,1,34,82,375,721,116,1096,409,803,1212
221643,3,1,2,34,82,375,721,116,1096,409,803,1212
221643,4,2,1,1284,1388,251,254,2672,505,1535,1642,3177
221643,4,2,2,1284,1388,251,254,2672,505,1535,1642,3177
221643,5,3,1,446,363,403,401,809,804,849,764,1613
221643,5,3,2,446,363,403,401,809,804,849,764,1613
221643,6,4,1,128,124,368,324,252,692,496,448,944
221643,6,4,2,128,124,368,324,252,692,496,448,944
221643,7,999,1,237,261,755,1134,498,1889,992,1395,2387
221643,7,999,2,237,261,755,1134,498,1889,992,1395,2387
221643,8,5,1,115,118,314,361,233,675,429,479,908
221643,8,5,2,115,118,314,361,233,675,429,479,908
221643,9,6,1,60,57,197,267,117,464,257,324,581
221643,9,6,2,60,57,197,267,117,464,257,324,581
221643,10,7,1,28,29,100,155,57,255,128,184,312
221643,10,7,2,28,29,100,155,57,255,128,184,312
221643,11,8,1,30,41,109,234,71,343,139,275,414
221643,11,8,2,30,41,109,234,71,343,139,275,414
221643,12,9,1,4,15,31,106,19,137,35,121,156
221643,12,9,2,4,15,31,106,19,137,35,121,156
221643,13,10,1,0,1,4,11,1,15,4,12,16
221643,13,10,2,0,1,4,11,1,15,4,12,16
221643,14,11,1,1,0,0,0,1,0,1,0,1
221643,14,11,2,1,0,0,0,1,0,1,0,1
221661,1,412,1,971,1271,173,315,2242,488,1144,1586,2730
221661,1,112,2,941,1162,117,164,2103,281,1058,1326,2384
221661,1,312,5,30,109,56,151,139,207,86,260,346
221661,2,999,1,882,1127,83,100,2009,183,965,1227,2192
221661,2,999,2,874,1100,79,96,1974,175,953,1196,2149
221661,2,999,5,8,27,4,4,35,8,12,31,43
221661,3,1,1,3,7,10,20,10,30,13,27,40
221661,3,1,2,3,7,10,20,10,30,13,27,40
221661,4,2,1,305,394,19,20,699,39,324,414,738
221661,4,2,2,305,394,19,20,699,39,324,414,738
221661,5,3,1,369,468,18,18,837,36,387,486,873
221661,5,3,2,369,467,18,18,836,36,387,485,872
221661,5,3,5,0,1,0,0,1,0,0,1,1
221661,6,4,1,205,258,36,42,463,78,241,300,541
221661,6,4,2,197,232,32,38,429,70,229,270,499
221661,6,4,5,8,26,4,4,34,8,12,30,42
221661,7,999,1,89,144,90,215,233,305,179,359,538
221661,7,999,2,67,62,38,68,129,106,105,130,235
221661,7,999,5,22,82,52,147,104,199,74,229,303
221661,8,5,1,53,64,32,45,117,77,85,109,194
221661,8,5,2,44,32,17,21,76,38,61,53,114
221661,8,5,5,9,32,15,24,41,39,24,56,80
221661,9,6,1,23,33,12,35,56,47,35,68,103
221661,9,6,2,16,13,5,9,29,14,21,22,43
221661,9,6,5,7,20,7,26,27,33,14,46,60
221661,10,7,1,5,16,6,31,21,37,11,47,58
221661,10,7,2,3,7,3,10,10,13,6,17,23
221661,10,7,5,2,9,3,21,11,24,5,30,35
221661,11,8,1,5,20,26,57,25,83,31,77,108
221661,11,8,2,3,7,6,17,10,23,9,24,33
221661,11,8,5,2,13,20,40,15,60,22,53,75
221661,12,9,1,3,11,12,43,14,55,15,54,69
221661,12,9,2,1,3,6,10,4,16,7,13,20
221661,12,9,5,2,8,6,33,10,39,8,41,49
221661,13,10,1,0,0,2,4,0,6,2,4,6
221661,13,10,2,0,0,1,1,0,2,1,1,2
221661,13,10,5,0,0,1,3,0,4,1,3,4
221740,1,412,1,4126,5848,861,893,9974,1754,4987,6741,11728
221740,1,112,2,3857,5377,537,570,9234,1107,4394,5947,10341
221740,1,312,5,269,471,324,323,740,647,593,794,1387
221740,2,999,1,3683,5440,311,337,9123,648,3994,5777,9771
221740,2,999,2,3561,5141,286,292,8702,578,3847,5433,9280
221740,2,999,5,122,299,25,45,421,70,147,344,491
221740,3,1,1,28,76,1,5,104,6,29,81,110
221740,3,1,2,28,76,1,5,104,6,29,81,110
221740,4,2,1,1447,2425,26,34,3872,60,1473,2459,3932
221740,4,2,2,1447,2425,26,34,3872,60,1473,2459,3932
221740,5,3,1,1394,2054,100,89,3448,189,1494,2143,3637
221740,5,3,2,1388,2034,98,88,3422,186,1486,2122,3608
221740,5,3,5,6,20,2,1,26,3,8,21,29
221740,6,4,1,814,885,184,209,1699,393,998,1094,2092
221740,6,4,2,698,606,161,165,1304,326,859,771,1630
221740,6,4,5,116,279,23,44,395,67,139,323,462
221740,7,999,1,443,408,550,556,851,1106,993,964,1957
221740,7,999,2,296,236,251,278,532,529,547,514,1061
221740,7,999,5,147,172,299,278,319,577,446,450,896
221740,8,5,1,286,229,208,191,515,399,494,420,914
221740,8,5,2,201,139,103,107,340,210,304,246,550
221740,8,5,5,85,90,105,84,175,189,190,174,364
221740,9,6,1,85,80,137,119,165,256,222,199,421
221740,9,6,2,52,40,54,61,92,115,106,101,207
221740,9,6,5,33,40,83,58,73,141,116,98,214
221740,10,7,1,35,44,71,80,79,151,106,124,230
221740,10,7,2,25,21,36,31,46,67,61,52,113
221740,10,7,5,10,23,35,49,33,84,45,72,117
221740,11,8,1,28,44,70,103,72,173,98,147,245
221740,11,8,2,13,30,29,49,43,78,42,79,121
221740,11,8,5,15,14,41,54,29,95,56,68,124
221740,12,9,1,8,10,41,50,18,91,49,60,109
221740,12,9,2,5,5,10,20,10,30,15,25,40
221740,12,9,5,3,5,31,30,8,61,34,35,69
221740,13,10,1,1,1,23,13,2,36,24,14,38
221740,13,10,2,0,1,19,10,1,29,19,11,30
221740,13,10,5,1,0,4,3,1,7,5,3,8
221759,1,412,1,12372,14359,1923,1905,26731,3828,14295,16264,30559
221759,1,112,2,10766,12148,742,598,22914,1340,11508,12746,24254
221759,1,312,5,1606,2211,1181,1307,3817,2488,2787,3518,6305
221759,2,999,1,10879,12758,624,559,23637,1183,11503,13317,24820
221759,2,999,2,10291,11818,480,368,22109,848,10771,12186,22957
221759,2,999,5,588,940,144,191,1528,335,732,1131,1863
221759,3,1,1,8,17,4,6,25,10,12,23,35
221759,3,1,2,8,17,4,6,25,10,12,23,35
221759,4,2,1,3634,4852,32,30,8486,62,3666,4882,8548
221759,4,2,2,3634,4852,32,30,8486,62,3666,4882,8548
221759,5,3,1,4561,5330,125,112,9891,237,4686,5442,10128
221759,5,3,2,4546,5299,122,107,9845,229,4668,5406,10074
221759,5,3,5,15,31,3,5,46,8,18,36,54
221759,6,4,1,2676,2559,463,411,5235,874,3139,2970,6109
221759,6,4,2,2103,1650,322,225,3753,547,2425,1875,4300
221759,6,4,5,573,909,141,186,1482,327,714,1095,1809
221759,7,999,1,1493,1601,1299,1346,3094,2645,2792,2947,5739
221759,7,999,2,475,330,262,230,805,492,737,560,1297
221759,7,999,5,1018,1271,1037,1116,2289,2153,2055,2387,4442
221759,8,5,1,858,983,629,557,1841,1186,1487,1540,3027
221759,8,5,2,318,198,136,101,516,237,454,299,753
221759,8,5,5,540,785,493,456,1325,949,1033,1241,2274
221759,9,6,1,344,291,310,296,635,606,654,587,1241
221759,9,6,2,98,70,52,43,168,95,150,113,263
221759,9,6,5,246,221,258,253,467,511,504,474,978
221759,10,7,1,137,141,145,161,278,306,282,302,584
221759,10,7,2,27,30,26,22,57,48,53,52,105
221759,10,7,5,110,111,119,139,221,258,229,250,479
221759,11,8,1,115,134,139,217,249,356,254,351,605
221759,11,8,2,25,22,29,38,47,67,54,60,114
221759,11,8,5,90,112,110,179,202,289,200,291,491
221759,12,9,1,37,51,52,96,88,148,89,147,236
221759,12,9,2,7,9,7,15,16,22,14,24,38
221759,12,9,5,30,42,45,81,72,126,75,123,198
221759,13,10,1,2,1,24,19,3,43,26,20,46
221759,13,10,2,0,1,12,11,1,23,12,12,24
221759,13,10,5,2,0,12,8,2,20,14,8,22
221768,1,412,1,1938,2940,774,1465,4878,2239,2712,4405,7117
221768,1,112,2,1881,2787,619,1108,4668,1727,2500,3895,6395
221768,1,312,5,57,153,155,357,210,512,212,510,722
221768,2,999,1,1743,2603,491,911,4346,1402,2234,3514,5748
221768,2,999,2,1719,2552,470,859,4271,1329,2189,3411,5600
221768,2,999,5,24,51,21,52,75,73,45,103,148
221768,3,1,1,1,4,281,591,5,872,282,595,877
221768,3,1,2,1,4,281,591,5,872,282,595,877
221768,4,2,1,611,1034,119,192,1645,311,730,1226,1956
221768,4,2,2,611,1034,119,192,1645,311,730,1226,1956
221768,5,3,1,706,1083,19,23,1789,42,725,1106,1831
221768,5,3,2,705,1083,19,22,1788,41,724,1105,1829
221768,5,3,5,1,0,0,1,1,1,1,1,2
221768,6,4,1,425,482,72,105,907,177,497,587,1084
221768,6,4,2,402,431,51,54,833,105,453,485,938
221768,6,4,5,23,51,21,51,74,72,44,102,146
221768,7,999,1,195,337,283,554,532,837,478,891,1369
221768,7,999,2,162,235,149,249,397,398,311,484,795
221768,7,999,5,33,102,134,305,135,439,167,407,574
221768,8,5,1,111,136,85,142,247,227,196,278,474
221768,8,5,2,95,86,40,51,181,91,135,137,272
221768,8,5,5,16,50,45,91,66,136,61,141,202
221768,9,6,1,41,70,61,136,111,197,102,206,308
221768,9,6,2,31,50,26,59,81,85,57,109,166
221768,9,6,5,10,20,35,77,30,112,45,97,142
221768,10,7,1,12,51,46,78,63,124,58,129,187
221768,10,7,2,11,43,25,34,54,59,36,77,113
221768,10,7,5,1,8,21,44,9,65,22,52,74
221768,11,8,1,21,59,59,124,80,183,80,183,263
221768,11,8,2,16,40,38,60,56,98,54,100,154
221768,11,8,5,5,19,21,64,24,85,26,83,109
221768,12,9,1,8,20,29,69,28,98,37,89,126
221768,12,9,2,7,15,17,41,22,58,24,56,80
221768,12,9,5,1,5,12,28,6,40,13,33,46
221768,13,10,1,2,1,3,5,3,8,5,6,11
221768,13,10,2,2,1,3,4,3,7,5,5,10
221768,13,10,5,0,0,0,1,0,1,0,1,1
221838,1,412,1,1850,3636,779,1350,5486,2129,2629,4986,7615
221838,1,112,2,1644,3172,499,685,4816,1184,2143,3857,6000
221838,1,312,5,206,464,280,665,670,945,486,1129,1615
221838,2,999,1,1556,3119,337,477,4675,814,1893,3596,5489
221838,2,999,2,1487,2952,327,418,4439,745,1814,3370,5184
221838,2,999,5,69,167,10,59,236,69,79,226,305
221838,3,1,1,46,130,82,122,176,204,128,252,380
221838,3,1,2,46,130,82,122,176,204,128,252,380
221838,4,2,1,705,1518,94,101,2223,195,799,1619,2418
221838,4,2,2,705,1518,94,101,2223,195,799,1619,2418
221838,5,3,1,474,1002,68,78,1476,146,542,1080,1622
221838,5,3,2,469,997,68,78,1466,146,537,1075,1612
221838,5,3,5,5,5,0,0,10,0,5,5,10
221838,6,4,1,331,469,93,176,800,269,424,645,1069
221838,6,4,2,267,307,83,117,574,200,350,424,774
221838,6,4,5,64,162,10,59,226,69,74,221,295
221838,7,999,1,294,517,442,873,811,1315,736,1390,2126
221838,7,999,2,157,220,172,267,377,439,329,487,816
221838,7,999,5,137,297,270,606,434,876,407,903,1310
221838,8,5,1,153,247,103,212,400,315,256,459,715
221838,8,5,2,84,110,63,90,194,153,147,200,347
221838,8,5,5,69,137,40,122,206,162,109,259,368
221838,9,6,1,62,108,96,144,170,240,158,252,410
221838,9,6,2,35,45,34,45,80,79,69,90,159
221838,9,6,5,27,63,62,99,90,161,89,162,251
221838,10,7,1,37,62,72,124,99,196,109,186,295
221838,10,7,2,16,23,18,39,39,57,34,62,96
221838,10,7,5,21,39,54,85,60,139,75,124,199
221838,11,8,1,24,73,90,200,97,290,114,273,387
221838,11,8,2,15,34,30,49,49,79,45,83,128
221838,11,8,5,9,39,60,151,48,211,69,190,259
221838,12,9,1,15,25,72,166,40,238,87,191,278
221838,12,9,2,6,8,25,40,14,65,31,48,79
221838,12,9,5,9,17,47,126,26,173,56,143,199
221838,13,10,1,3,2,9,27,5,36,12,29,41
221838,13,10,2,1,0,2,4,1,6,3,4,7
221838,13,10,5,2,2,7,23,4,30,9,25,34
221847,1,412,1,4361,3798,963,1055,8159,2018,5324,4853,10177
221847,1,112,2,4230,3604,522,422,7834,944,4752,4026,8778
221847,1,312,5,131,194,441,633,325,1074,572,827,1399
221847,2,999,1,4041,3521,465,412,7562,877,4506,3933,8439
221847,2,999,2,3968,3416,371,267,7384,638,4339,3683,8022
221847,2,999,5,73,105,94,145,178,239,167,250,417
221847,3,1,1,29,57,66,91,86,157,95,148,243
221847,3,1,2,29,57,66,91,86,157,95,148,243
221847,4,2,1,1497,1410,40,13,2907,53,1537,1423,2960
221847,4,2,2,1497,1410,40,13,2907,53,1537,1423,2960
221847,5,3,1,1692,1484,94,80,3176,174,1786,1564,3350
221847,5,3,2,1687,1478,90,72,3165,162,1777,1550,3327
221847,5,3,5,5,6,4,8,11,12,9,14,23
221847,6,4,1,823,570,265,228,1393,493,1088,798,1886
221847,6,4,2,755,471,175,91,1226,266,930,562,1492
221847,6,4,5,68,99,90,137,167,227,158,236,394
221847,7,999,1,320,277,498,643,597,1141,818,920,1738
221847,7,999,2,262,188,151,155,450,306,413,343,756
221847,7,999,5,58,89,347,488,147,835,405,577,982
221847,8,5,1,197,128,212,228,325,440,409,356,765
221847,8,5,2,163,88,72,51,251,123,235,139,374
221847,8,5,5,34,40,140,177,74,317,174,217,391
221847,9,6,1,75,77,116,131,152,247,191,208,399
221847,9,6,2,61,54,30,33,115,63,91,87,178
221847,9,6,5,14,23,86,98,37,184,100,121,221
221847,10,7,1,21,31,69,104,52,173,90,135,225
221847,10,7,2,15,22,18,22,37,40,33,44,77
221847,10,7,5,6,9,51,82,15,133,57,91,148
221847,11,8,1,23,32,68,129,55,197,91,161,252
221847,11,8,2,19,18,20,34,37,54,39,52,91
221847,11,8,5,4,14,48,95,18,143,52,109,161
221847,12,9,1,4,8,28,50,12,78,32,58,90
221847,12,9,2,4,5,7,14,9,21,11,19,30
221847,12,9,5,0,3,21,36,3,57,21,39,60
221847,13,10,1,0,1,5,1,1,6,5,2,7
221847,13,10,2,0,1,4,1,1,5,4,2,6
221847,13,10,5,0,0,1,0,0,1,1,0,1
221908,1,412,1,1230,1613,1131,1423,2843,2554,2361,3036,5397
221908,1,112,2,1230,1613,1131,1423,2843,2554,2361,3036,5397
221908,2,999,1,998,1292,671,828,2290,1499,1669,2120,3789
221908,2,999,2,998,1292,671,828,2290,1499,1669,2120,3789
221908,3,1,1,28,56,341,439,84,780,369,495,864
221908,3,1,2,28,56,341,439,84,780,369,495,864
221908,4,2,1,684,873,102,96,1557,198,786,969,1755
221908,4,2,2,684,873,102,96,1557,198,786,969,1755
221908,5,3,1,202,238,107,148,440,255,309,386,695
221908,5,3,2,202,238,107,148,440,255,309,386,695
221908,6,4,1,84,125,121,145,209,266,205,270,475
221908,6,4,2,84,125,121,145,209,266,205,270,475
221908,7,999,1,232,321,460,595,553,1055,692,916,1608
221908,7,999,2,232,321,460,595,553,1055,692,916,1608
221908,8,5,1,96,132,159,200,228,359,255,332,587
221908,8,5,2,96,132,159,200,228,359,255,332,587
221908,9,6,1,66,69,113,130,135,243,179,199,378
221908,9,6,2,66,69,113,130,135,243,179,199,378
221908,10,7,1,23,55,67,79,78,146,90,134,224
221908,10,7,2,23,55,67,79,78,146,90,134,224
221908,11,8,1,33,53,87,130,86,217,120,183,303
221908,11,8,2,33,53,87,130,86,217,120,183,303
221908,12,9,1,13,11,34,53,24,87,47,64,111
221908,12,9,2,13,11,34,53,24,87,47,64,111
221908,13,10,1,1,1,0,3,2,3,1,4,5
221908,13,10,2,1,1,0,3,2,3,1,4,5
221953,1,412,1,568,747,113,236,1315,349,681,983,1664
221953,1,112,2,493,597,82,181,1090,263,575,778,1353
221953,1,312,5,75,150,31,55,225,86,106,205,311
221953,2,999,1,463,524,51,129,987,180,514,653,1167
221953,2,999,2,433,479,49,118,912,167,482,597,1079
221953,2,999,5,30,45,2,11,75,13,32,56,88
221953,3,1,1,5,10,19,70,15,89,24,80,104
221953,3,1,2,5,10,19,70,15,89,24,80,104
221953,4,2,1,152,197,19,38,349,57,171,235,406
221953,4,2,2,152,197,19,38,349,57,171,235,406
221953,5,3,1,182,179,3,5,361,8,185,184,369
221953,5,3,2,182,179,3,5,361,8,185,184,369
221953,6,4,1,124,138,10,16,262,26,134,154,288
221953,6,4,2,94,93,8,5,187,13,102,98,200
221953,6,4,5,30,45,2,11,75,13,32,56,88
221953,7,999,1,103,223,61,103,326,164,164,326,490
221953,7,999,2,58,118,32,59,176,91,90,177,267
221953,7,999,5,45,105,29,44,150,73,74,149,223
221953,8,5,1,37,77,17,18,114,35,54,95,149
221953,8,5,2,23,41,8,11,64,19,31,52,83
221953,8,5,5,14,36,9,7,50,16,23,43,66
221953,9,6,1,25,39,6,25,64,31,31,64,95
221953,9,6,2,15,27,2,17,42,19,17,44,61
221953,9,6,5,10,12,4,8,22,12,14,20,34
221953,10,7,1,14,40,8,24,54,32,22,64,86
221953,10,7,2,7,17,5,7,24,12,12,24,36
221953,10,7,5,7,23,3,17,30,20,10,40,50
221953,11,8,1,19,45,24,21,64,45,43,66,109
221953,11,8,2,11,25,14,14,36,28,25,39,64
221953,11,8,5,8,20,10,7,28,17,18,27,45
221953,12,9,1,8,19,5,15,27,20,13,34,47
221953,12,9,2,2,8,3,10,10,13,5,18,23
221953,12,9,5,6,11,2,5,17,7,8,16,24
221953,13,10,1,0,3,1,0,3,1,1,3,4
221953,13,10,5,0,3,1,0,3,1,1,3,4
221953,14,11,1,2,0,1,4,2,5,3,4,7
221953,14,11,2,2,0,1,4,2,5,3,4,7
221999,1,412,1,5626,6683,395,833,12309,1228,6021,7516,13537
221999,1,112,2,3401,3582,34,40,6983,74,3435,3622,7057
221999,1,312,5,2225,3101,361,793,5326,1154,2586,3894,6480
221999,2,999,1,4072,4797,48,106,8869,154,4120,4903,9023
221999,2,999,2,3390,3576,31,39,6966,70,3421,3615,7036
221999,2,999,5,682,1221,17,67,1903,84,699,1288,1987
221999,3,1,1,41,66,0,1,107,1,41,67,108
221999,3,1,2,41,66,0,1,107,1,41,67,108
221999,4,2,1,1532,1681,5,5,3213,10,1537,1686,3223
221999,4,2,2,1532,1680,5,5,3212,10,1537,1685,3222
221999,4,2,5,0,1,0,0,1,0,0,1,1
221999,5,3,1,1620,1779,11,16,3399,27,1631,1795,3426
221999,5,3,2,1594,1722,11,16,3316,27,1605,1738,3343
221999,5,3,5,26,57,0,0,83,0,26,57,83
221999,6,4,1,879,1271,32,84,2150,116,911,1355,2266
221999,6,4,2,223,108,15,17,331,32,238,125,363
221999,6,4,5,656,1163,17,67,1819,84,673,1230,1903
221999,7,999,1,1554,1886,347,727,3440,1074,1901,2613,4514
221999,7,999,2,11,6,3,1,17,4,14,7,21
221999,7,999,5,1543,1880,344,726,3423,1070,1887,2606,4493
221999,8,5,1,980,1205,73,216,2185,289,1053,1421,2474
221999,8,5,2,9,5,2,0,14,2,11,5,16
221999,8,5,5,971,1200,71,216,2171,287,1042,1416,2458
221999,9,6,1,361,384,81,146,745,227,442,530,972
221999,9,6,2,2,0,0,0,2,0,2,0,2
221999,9,6,5,359,384,81,146,743,227,440,530,970
221999,10,7,1,124,140,66,136,264,202,190,276,466
221999,10,7,2,0,1,1,0,1,1,1,1,2
221999,10,7,5,124,139,65,136,263,201,189,275,464
221999,11,8,1,71,118,78,167,189,245,149,285,434
221999,11,8,5,71,118,78,167,189,245,149,285,434
221999,12,9,1,17,37,48,62,54,110,65,99,164
221999,12,9,2,0,0,0,1,0,1,0,1,1
221999,12,9,5,17,37,48,61,54,109,65,98,163
221999,13,10,1,1,2,1,0,3,1,2,2,4
221999,13,10,5,1,2,1,0,3,1,2,2,4
222053,1,412,1,1688,2608,1529,3007,4296,4536,3217,5615,8832
222053,1,112,2,1688,2608,1529,3007,4296,4536,3217,5615,8832
222053,2,999,1,1393,2066,1017,1828,3459,2845,2410,3894,6304
222053,2,999,2,1393,2066,1017,1828,3459,2845,2410,3894,6304
222053,3,1,1,26,48,437,836,74,1273,463,884,1347
222053,3,1,2,26,48,437,836,74,1273,463,884,1347
222053,4,2,1,870,1309,269,407,2179,676,1139,1716,2855
222053,4,2,2,870,1309,269,407,2179,676,1139,1716,2855
222053,5,3,1,375,511,175,287,886,462,550,798,1348
222053,5,3,2,375,511,175,287,886,462,550,798,1348
222053,6,4,1,122,198,136,298,320,434,258,496,754
222053,6,4,2,122,198,136,298,320,434,258,496,754
222053,7,999,1,295,542,512,1179,837,1691,807,1721,2528
222053,7,999,2,295,542,512,1179,837,1691,807,1721,2528
222053,8,5,1,135,203,160,336,338,496,295,539,834
222053,8,5,2,135,203,160,336,338,496,295,539,834
222053,9,6,1,61,153,119,252,214,371,180,405,585
222053,9,6,2,61,153,119,252,214,371,180,405,585
222053,10,7,1,41,78,80,173,119,253,121,251,372
222053,10,7,2,41,78,80,173,119,253,121,251,372
222053,11,8,1,46,90,103,266,136,369,149,356,505
222053,11,8,2,46,90,103,266,136,369,149,356,505
222053,12,9,1,12,17,45,145,29,190,57,162,219
222053,12,9,2,12,17,45,145,29,190,57,162,219
222053,13,10,1,0,1,5,7,1,12,5,8,13
222053,13,10,2,0,1,5,7,1,12,5,8,13
222062,1,412,1,1083,1800,931,1928,2883,2859,2014,3728,5742
222062,1,112,2,1083,1800,931,1928,2883,2859,2014,3728,5742
222062,2,999,1,929,1533,699,1321,2462,2020,1628,2854,4482
222062,2,999,2,929,1533,699,1321,2462,2020,1628,2854,4482
222062,3,1,1,35,95,487,882,130,1369,522,977,1499
222062,3,1,2,35,95,487,882,130,1369,522,977,1499
222062,4,2,1,668,1093,70,111,1761,181,738,1204,1942
222062,4,2,2,668,1093,70,111,1761,181,738,1204,1942
222062,5,3,1,176,240,76,187,416,263,252,427,679
222062,5,3,2,176,240,76,187,416,263,252,427,679
222062,6,4,1,50,105,66,141,155,207,116,246,362
222062,6,4,2,50,105,66,141,155,207,116,246,362
222062,7,999,1,154,267,232,607,421,839,386,874,1260
222062,7,999,2,154,267,232,607,421,839,386,874,1260
222062,8,5,1,78,108,77,191,186,268,155,299,454
222062,8,5,2,78,108,77,191,186,268,155,299,454
222062,9,6,1,34,68,63,136,102,199,97,204,301
222062,9,6,2,34,68,63,136,102,199,97,204,301
222062,10,7,1,24,42,31,90,66,121,55,132,187
222062,10,7,2,24,42,31,90,66,121,55,132,187
222062,11,8,1,15,31,38,127,46,165,53,158,211
222062,11,8,2,15,31,38,127,46,165,53,158,211
222062,12,9,1,2,18,20,59,20,79,22,77,99
222062,12,9,2,2,18,20,59,20,79,22,77,99
222062,13,10,1,1,0,3,4,1,7,4,4,8
222062,13,10,2,1,0,3,4,1,7,4,4,8
222576,1,412,1,1175,2038,1902,3964,3213,5866,3077,6002,9079
222576,1,112,2,1175,2038,1902,3964,3213,5866,3077,6002,9079
222576,2,999,1,889,1450,1416,2577,2339,3993,2305,4027,6332
222576,2,999,2,889,1450,1416,2577,2339,3993,2305,4027,6332
222576,3,1,1,37,75,675,1150,112,1825,712,1225,1937
222576,3,1,2,37,75,675,1150,112,1825,712,1225,1937
222576,4,2,1,559,831,292,447,1390,739,851,1278,2129
222576,4,2,2,559,831,292,447,1390,739,851,1278,2129
222576,5,3,1,191,330,240,521,521,761,431,851,1282
222576,5,3,2,191,330,240,521,521,761,431,851,1282
222576,6,4,1,102,214,209,459,316,668,311,673,984
222576,6,4,2,102,214,209,459,316,668,311,673,984
222576,7,999,1,286,588,366,1387,874,1753,652,1975,2627
222576,7,999,2,286,588,366,1387,874,1753,652,1975,2627
222576,8,5,1,126,246,180,534,372,714,306,780,1086
222576,8,5,2,126,246,180,534,372,714,306,780,1086
222576,9,6,1,73,157,10,361,230,371,83,518,601
222576,9,6,2,73,157,10,361,230,371,83,518,601
222576,10,7,1,47,84,66,212,131,278,113,296,409
222576,10,7,2,47,84,66,212,131,278,113,296,409
222576,11,8,1,31,76,71,190,107,261,102,266,368
222576,11,8,2,31,76,71,190,107,261,102,266,368
222576,12,9,1,8,24,38,80,32,118,46,104,150
222576,12,9,2,8,24,38,80,32,118,46,104,150
222576,13,10,1,1,1,1,10,2,11,2,11,13
222576,13,10,2,1,1,1,10,2,11,2,11,13
222576,14,11,1,0,0,120,0,0,120,120,0,120
222576,14,11,2,0,0,120,0,0,120,120,0,120
222822,1,412,1,202,513,1238,2242,715,3480,1440,2755,4195
222822,1,112,2,202,513,1238,2242,715,3480,1440,2755,4195
222822,2,999,1,165,377,1040,1616,542,2656,1205,1993,3198
222822,2,999,2,165,377,1040,1616,542,2656,1205,1993,3198
222822,3,1,1,17,37,496,740,54,1236,513,777,1290
222822,3,1,2,17,37,496,740,54,1236,513,777,1290
222822,4,2,1,79,189,259,374,268,633,338,563,901
222822,4,2,2,79,189,259,374,268,633,338,563,901
222822,5,3,1,57,88,192,263,145,455,249,351,600
222822,5,3,2,57,88,192,263,145,455,249,351,600
222822,6,4,1,12,63,93,239,75,332,105,302,407
222822,6,4,2,12,63,93,239,75,332,105,302,407
222822,7,999,1,37,136,188,626,173,814,225,762,987
222822,7,999,2,37,136,188,626,173,814,225,762,987
222822,8,5,1,17,60,64,247,77,311,81,307,388
222822,8,5,2,17,60,64,247,77,311,81,307,388
222822,9,6,1,11,37,49,169,48,218,60,206,266
222822,9,6,2,11,37,49,169,48,218,60,206,266
222822,10,7,1,3,18,32,82,21,114,35,100,135
222822,10,7,2,3,18,32,82,21,114,35,100,135
222822,11,8,1,3,17,26,96,20,122,29,113,142
222822,11,8,2,3,17,26,96,20,122,29,113,142
222822,12,9,1,3,4,14,31,7,45,17,35,52
222822,12,9,2,3,4,14,31,7,45,17,35,52
222822,13,10,1,0,0,3,1,0,4,3,1,4
222822,13,10,2,0,0,3,1,0,4,3,1,4
222822,14,11,1,0,0,10,0,0,10,10,0,10
222822,14,11,2,0,0,10,0,0,10,10,0,10
222831,1,412,1,2392,3719,1837,2827,6111,4664,4229,6546,10775
222831,1,112,2,2112,3095,1555,2345,5207,3900,3667,5440,9107
222831,1,312,5,280,624,282,482,904,764,562,1106,1668
222831,2,999,1,2054,3081,1491,2340,5135,3831,3545,5421,8966
222831,2,999,2,1939,2873,1445,2248,4812,3693,3384,5121,8505
222831,2,999,5,115,208,46,92,323,138,161,300,461
222831,3,1,1,37,137,1147,1935,174,3082,1184,2072,3256
222831,3,1,2,37,137,1147,1935,174,3082,1184,2072,3256
222831,4,2,1,835,1322,123,131,2157,254,958,1453,2411
222831,4,2,2,835,1322,123,131,2157,254,958,1453,2411
222831,5,3,1,767,1110,73,86,1877,159,840,1196,2036
222831,5,3,2,756,1070,72,81,1826,153,828,1151,1979
222831,5,3,5,11,40,1,5,51,6,12,45,57
222831,6,4,1,415,512,148,188,927,336,563,700,1263
222831,6,4,2,311,344,103,101,655,204,414,445,859
222831,6,4,5,104,168,45,87,272,132,149,255,404
222831,7,999,1,338,638,346,487,976,833,684,1125,1809
222831,7,999,2,173,222,110,97,395,207,283,319,602
222831,7,999,5,165,416,236,390,581,626,401,806,1207
222831,8,5,1,182,249,146,170,431,316,328,419,747
222831,8,5,2,109,92,50,41,201,91,159,133,292
222831,8,5,5,73,157,96,129,230,225,169,286,455
222831,9,6,1,64,149,82,108,213,190,146,257,403
222831,9,6,2,30,55,25,25,85,50,55,80,135
222831,9,6,5,34,94,57,83,128,140,91,177,268
222831,10,7,1,40,102,51,68,142,119,91,170,261
222831,10,7,2,16,38,22,13,54,35,38,51,89
222831,10,7,5,24,64,29,55,88,84,53,119,172
222831,11,8,1,36,109,46,90,145,136,82,199,281
222831,11,8,2,11,24,10,13,35,23,21,37,58
222831,11,8,5,25,85,36,77,110,113,61,162,223
222831,12,9,1,15,29,19,47,44,66,34,76,110
222831,12,9,2,6,13,3,2,19,5,9,15,24
222831,12,9,5,9,16,16,45,25,61,25,61,86
222831,13,10,1,1,0,2,4,1,6,3,4,7
222831,13,10,2,1,0,0,3,1,3,1,3,4
222831,13,10,5,0,0,2,1,0,3,2,1,3
222992,1,412,1,4043,4930,12075,18848,8973,30923,16118,23778,39896
222992,1,112,2,4043,4930,12075,18848,8973,30923,16118,23778,39896
222992,2,999,1,2922,3740,8404,11825,6662,20229,11326,15565,26891
222992,2,999,2,2922,3740,8404,11825,6662,20229,11326,15565,26891
222992,3,1,1,173,337,3265,4639,510,7904,3438,4976,8414
222992,3,1,2,173,337,3265,4639,510,7904,3438,4976,8414
222992,4,2,1,1504,1986,1824,2293,3490,4117,3328,4279,7607
222992,4,2,2,1504,1986,1824,2293,3490,4117,3328,4279,7607
222992,5,3,1,709,837,1746,2429,1546,4175,2455,3266,5721
222992,5,3,2,709,837,1746,2429,1546,4175,2455,3266,5721
222992,6,4,1,536,580,1569,2464,1116,4033,2105,3044,5149
222992,6,4,2,536,580,1569,2464,1116,4033,2105,3044,5149
222992,7,999,1,1121,1190,3671,7023,2311,10694,4792,8213,13005
222992,7,999,2,1121,1190,3671,7023,2311,10694,4792,8213,13005
222992,8,5,1,546,543,1459,2630,1089,4089,2005,3173,5178
222992,8,5,2,546,543,1459,2630,1089,4089,2005,3173,5178
222992,9,6,1,270,284,902,1719,554,2621,1172,2003,3175
222992,9,6,2,270,284,902,1719,554,2621,1172,2003,3175
222992,10,7,1,166,173,498,1012,339,1510,664,1185,1849
222992,10,7,2,166,173,498,1012,339,1510,664,1185,1849
222992,11,8,1,103,144,519,1148,247,1667,622,1292,1914
222992,11,8,2,103,144,519,1148,247,1667,622,1292,1914
222992,12,9,1,34,45,250,472,79,722,284,517,801
222992,12,9,2,34,45,250,472,79,722,284,517,801
222992,13,10,1,2,1,43,42,3,85,45,43,88
222992,13,10,2,2,1,43,42,3,85,45,43,88
223223,1,412,1,685,909,7,6,1594,13,692,915,1607
223223,1,312,5,685,909,7,6,1594,13,692,915,1607
223223,2,999,1,278,431,0,0,709,0,278,431,709
223223,2,999,5,278,431,0,0,709,0,278,431,709
223223,5,3,1,5,8,0,0,13,0,5,8,13
223223,5,3,5,5,8,0,0,13,0,5,8,13
223223,6,4,1,273,423,0,0,696,0,273,423,696
223223,6,4,5,273,423,0,0,696,0,273,423,696
223223,7,999,1,406,478,7,6,884,13,413,484,897
223223,7,999,5,406,478,7,6,884,13,413,484,897
223223,8,5,1,311,378,6,6,689,12,317,384,701
223223,8,5,5,311,378,6,6,689,12,317,384,701
223223,9,6,1,78,77,1,0,155,1,79,77,156
223223,9,6,5,78,77,1,0,155,1,79,77,156
223223,10,7,1,11,18,0,0,29,0,11,18,29
223223,10,7,5,11,18,0,0,29,0,11,18,29
223223,11,8,1,6,5,0,0,11,0,6,5,11
223223,11,8,5,6,5,0,0,11,0,6,5,11
223223,14,11,1,1,0,0,0,1,0,1,0,1
223223,14,11,5,1,0,0,0,1,0,1,0,1
223232,1,412,1,7026,10522,628,1121,17548,1749,7654,11643,19297
223232,1,112,2,5668,8477,123,131,14145,254,5791,8608,14399
223232,1,312,5,1358,2045,505,990,3403,1495,1863,3035,4898
223232,2,999,1,6041,9292,148,220,15333,368,6189,9512,15701
223232,2,999,2,5570,8343,106,100,13913,206,5676,8443,14119
223232,2,999,5,471,949,42,120,1420,162,513,1069,1582
223232,3,1,1,72,117,0,0,189,0,72,117,189
223232,3,1,2,72,117,0,0,189,0,72,117,189
223232,4,2,1,2589,3952,8,10,6541,18,2597,3962,6559
223232,4,2,2,2589,3951,8,10,6540,18,2597,3961,6558
223232,4,2,5,0,1,0,0,1,0,0,1,1
223232,5,3,1,2367,3705,32,34,6072,66,2399,3739,6138
223232,5,3,2,2341,3658,30,31,5999,61,2371,3689,6060
223232,5,3,5,26,47,2,3,73,5,28,50,78
223232,6,4,1,1013,1518,108,176,2531,284,1121,1694,2815
223232,6,4,2,568,617,68,59,1185,127,636,676,1312
223232,6,4,5,445,901,40,117,1346,157,485,1018,1503
223232,7,999,1,985,1230,480,901,2215,1381,1465,2131,3596
223232,7,999,2,98,134,17,31,232,48,115,165,280
223232,7,999,5,887,1096,463,870,1983,1333,1350,1966,3316
223232,8,5,1,495,668,118,255,1163,373,613,923,1536
223232,8,5,2,78,86,11,10,164,21,89,96,185
223232,8,5,5,417,582,107,245,999,352,524,827,1351
223232,9,6,1,225,250,118,190,475,308,343,440,783
223232,9,6,2,12,21,3,3,33,6,15,24,39
223232,9,6,5,213,229,115,187,442,302,328,416,744
223232,10,7,1,145,142,87,157,287,244,232,299,531
223232,10,7,2,5,10,3,7,15,10,8,17,25
223232,10,7,5,140,132,84,150,272,234,224,282,506
223232,11,8,1,94,131,108,210,225,318,202,341,543
223232,11,8,2,2,10,0,6,12,6,2,16,18
223232,11,8,5,92,121,108,204,213,312,200,325,525
223232,12,9,1,25,37,48,87,62,135,73,124,197
223232,12,9,2,1,7,0,5,8,5,1,12,13
223232,12,9,5,24,30,48,82,54,130,72,112,184
223232,13,10,1,1,2,1,2,3,3,2,4,6
223232,13,10,5,1,2,1,2,3,3,2,4,6
223427,1,412,1,4297,4436,4318,5169,8733,9487,8615,9605,18220
223427,1,112,2,4297,4436,4318,5169,8733,9487,8615,9605,18220
223427,2,999,1,4119,4181,3908,4249,8300,8157,8027,8430,16457
223427,2,999,2,4119,4181,3908,4249,8300,8157,8027,8430,16457
223427,3,1,1,23,46,583,809,69,1392,606,855,1461
223427,3,1,2,23,46,583,809,69,1392,606,855,1461
223427,4,2,1,2324,2664,1555,1399,4988,2954,3879,4063,7942
223427,4,2,2,2324,2664,1555,1399,4988,2954,3879,4063,7942
223427,5,3,1,1498,1211,1173,1305,2709,2478,2671,2516,5187
223427,5,3,2,1498,1211,1173,1305,2709,2478,2671,2516,5187
223427,6,4,1,274,260,597,736,534,1333,871,996,1867
223427,6,4,2,274,260,597,736,534,1333,871,996,1867
223427,7,999,1,178,255,410,920,433,1330,588,1175,1763
223427,7,999,2,178,255,410,920,433,1330,588,1175,1763
223427,8,5,1,107,108,233,416,215,649,340,524,864
223427,8,5,2,107,108,233,416,215,649,340,524,864
223427,9,6,1,42,72,77,200,114,277,119,272,391
223427,9,6,2,42,72,77,200,114,277,119,272,391
223427,10,7,1,10,36,45,121,46,166,55,157,212
223427,10,7,2,10,36,45,121,46,166,55,157,212
223427,11,8,1,14,27,37,123,41,160,51,150,201
223427,11,8,2,14,27,37,123,41,160,51,150,201
223427,12,9,1,5,11,16,59,16,75,21,70,91
223427,12,9,2,5,11,16,59,16,75,21,70,91
223427,13,10,1,0,1,2,1,1,3,2,2,4
223427,13,10,2,0,1,2,1,1,3,2,2,4
223463,1,412,1,149,479,0,0,628,0,149,479,628
223463,1,112,2,149,479,0,0,628,0,149,479,628
223463,2,999,1,49,198,0,0,247,0,49,198,247
223463,2,999,2,49,198,0,0,247,0,49,198,247
223463,4,2,1,11,20,0,0,31,0,11,20,31
223463,4,2,2,11,20,0,0,31,0,11,20,31
223463,5,3,1,18,81,0,0,99,0,18,81,99
223463,5,3,2,18,81,0,0,99,0,18,81,99
223463,6,4,1,20,97,0,0,117,0,20,97,117
223463,6,4,2,20,97,0,0,117,0,20,97,117
223463,7,999,1,100,281,0,0,381,0,100,281,381
223463,7,999,2,100,281,0,0,381,0,100,281,381
223463,8,5,1,42,109,0,0,151,0,42,109,151
223463,8,5,2,42,109,0,0,151,0,42,109,151
223463,9,6,1,25,82,0,0,107,0,25,82,107
223463,9,6,2,25,82,0,0,107,0,25,82,107
223463,10,7,1,11,36,0,0,47,0,11,36,47
223463,10,7,2,11,36,0,0,47,0,11,36,47
223463,11,8,1,19,40,0,0,59,0,19,40,59
223463,11,8,2,19,40,0,0,59,0,19,40,59
223463,12,9,1,3,12,0,0,15,0,3,12,15
223463,12,9,2,3,12,0,0,15,0,3,12,15
223463,13,10,1,0,2,0,0,2,0,0,2,2
223463,13,10,2,0,2,0,0,2,0,0,2,2
223506,1,412,1,283,317,1407,1845,600,3252,1690,2162,3852
223506,1,112,2,283,317,1407,1845,600,3252,1690,2162,3852
223506,2,999,1,219,254,1006,1268,473,2274,1225,1522,2747
223506,2,999,2,219,254,1006,1268,473,2274,1225,1522,2747
223506,3,1,1,19,29,392,605,48,997,411,634,1045
223506,3,1,2,19,29,392,605,48,997,411,634,1045
223506,4,2,1,128,155,278,254,283,532,406,409,815
223506,4,2,2,128,155,278,254,283,532,406,409,815
223506,5,3,1,54,49,192,225,103,417,246,274,520
223506,5,3,2,54,49,192,225,103,417,246,274,520
223506,6,4,1,18,21,144,184,39,328,162,205,367
223506,6,4,2,18,21,144,184,39,328,162,205,367
223506,7,999,1,64,63,401,577,127,978,465,640,1105
223506,7,999,2,64,63,401,577,127,978,465,640,1105
223506,8,5,1,22,26,140,190,48,330,162,216,378
223506,8,5,2,22,26,140,190,48,330,162,216,378
223506,9,6,1,17,14,95,132,31,227,112,146,258
223506,9,6,2,17,14,95,132,31,227,112,146,258
223506,10,7,1,14,11,71,110,25,181,85,121,206
223506,10,7,2,14,11,71,110,25,181,85,121,206
223506,11,8,1,7,10,73,98,17,171,80,108,188
223506,11,8,2,7,10,73,98,17,171,80,108,188
223506,12,9,1,4,2,20,47,6,67,24,49,73
223506,12,9,2,4,2,20,47,6,67,24,49,73
223506,13,10,1,0,0,2,0,0,2,2,0,2
223506,13,10,2,0,0,2,0,0,2,2,0,2
223816,1,412,1,734,1375,3441,4623,2109,8064,4175,5998,10173
223816,1,112,2,734,1375,3441,4623,2109,8064,4175,5998,10173
223816,2,999,1,526,956,1771,2494,1482,4265,2297,3450,5747
223816,2,999,2,526,956,1771,2494,1482,4265,2297,3450,5747
223816,3,1,1,184,312,579,951,496,1530,763,1263,2026
223816,3,1,2,184,312,579,951,496,1530,763,1263,2026
223816,4,2,1,182,309,317,424,491,741,499,733,1232
223816,4,2,2,182,309,317,424,491,741,499,733,1232
223816,5,3,1,102,174,385,499,276,884,487,673,1160
223816,5,3,2,102,174,385,499,276,884,487,673,1160
223816,6,4,1,58,161,490,620,219,1110,548,781,1329
223816,6,4,2,58,161,490,620,219,1110,548,781,1329
223816,7,999,1,208,419,1670,2129,627,3799,1878,2548,4426
223816,7,999,2,208,419,1670,2129,627,3799,1878,2548,4426
223816,8,5,1,78,174,637,763,252,1400,715,937,1652
223816,8,5,2,78,174,637,763,252,1400,715,937,1652
223816,9,6,1,46,105,386,507,151,893,432,612,1044
223816,9,6,2,46,105,386,507,151,893,432,612,1044
223816,10,7,1,38,52,256,328,90,584,294,380,674
223816,10,7,2,38,52,256,328,90,584,294,380,674
223816,11,8,1,29,56,289,346,85,635,318,402,720
223816,11,8,2,29,56,289,346,85,635,318,402,720
223816,12,9,1,17,31,96,177,48,273,113,208,321
223816,12,9,2,17,31,96,177,48,273,113,208,321
223816,13,10,1,0,1,6,8,1,14,6,9,15
223816,13,10,2,0,1,6,8,1,14,6,9,15
224004,1,412,1,515,1020,218,504,1535,722,733,1524,2257
224004,1,112,2,484,959,76,221,1443,297,560,1180,1740
224004,1,312,5,31,61,142,283,92,425,173,344,517
224004,2,999,1,374,649,33,61,1023,94,407,710,1117
224004,2,999,2,373,646,16,42,1019,58,389,688,1077
224004,2,999,5,1,3,17,19,4,36,18,22,40
224004,3,1,1,1,0,0,0,1,0,1,0,1
224004,3,1,2,1,0,0,0,1,0,1,0,1
224004,4,2,1,120,166,1,2,286,3,121,168,289
224004,4,2,2,120,166,1,2,286,3,121,168,289
224004,5,3,1,139,228,2,9,367,11,141,237,378
224004,5,3,2,139,228,2,9,367,11,141,237,378
224004,6,4,1,114,255,30,50,369,80,144,305,449
224004,6,4,2,113,252,13,31,365,44,126,283,409
224004,6,4,5,1,3,17,19,4,36,18,22,40
224004,7,999,1,141,371,185,443,512,628,326,814,1140
224004,7,999,2,111,313,60,179,424,239,171,492,663
224004,7,999,5,30,58,125,264,88,389,155,322,477
224004,8,5,1,66,181,40,105,247,145,106,286,392
224004,8,5,2,59,168,13,59,227,72,72,227,299
224004,8,5,5,7,13,27,46,20,73,34,59,93
224004,9,6,1,31,86,43,99,117,142,74,185,259
224004,9,6,2,22,74,16,43,96,59,38,117,155
224004,9,6,5,9,12,27,56,21,83,36,68,104
224004,10,7,1,16,44,23,73,60,96,39,117,156
224004,10,7,2,11,36,7,25,47,32,18,61,79
224004,10,7,5,5,8,16,48,13,64,21,56,77
224004,11,8,1,22,44,56,120,66,176,78,164,242
224004,11,8,2,17,26,18,33,43,51,35,59,94
224004,11,8,5,5,18,38,87,23,125,43,105,148
224004,12,9,1,6,16,23,46,22,69,29,62,91
224004,12,9,2,2,9,6,19,11,25,8,28,36
224004,12,9,5,4,7,17,27,11,44,21,34,55
224147,1,412,1,2561,4134,1634,2491,6695,4125,4195,6625,10820
224147,1,112,2,2409,3875,904,1295,6284,2199,3313,5170,8483
224147,1,312,5,152,259,730,1196,411,1926,882,1455,2337
224147,2,999,1,2204,3625,715,1067,5829,1782,2919,4692,7611
224147,2,999,2,2150,3510,624,846,5660,1470,2774,4356,7130
224147,2,999,5,54,115,91,221,169,312,145,336,481
224147,3,1,1,12,14,39,55,26,94,51,69,120
224147,3,1,2,12,14,39,55,26,94,51,69,120
224147,4,2,1,847,1455,124,183,2302,307,971,1638,2609
224147,4,2,2,847,1455,124,183,2302,307,971,1638,2609
224147,5,3,1,763,1312,193,297,2075,490,956,1609,2565
224147,5,3,2,760,1305,191,288,2065,479,951,1593,2544
224147,5,3,5,3,7,2,9,10,11,5,16,21
224147,6,4,1,582,844,359,532,1426,891,941,1376,2317
224147,6,4,2,531,736,270,320,1267,590,801,1056,1857
224147,6,4,5,51,108,89,212,159,301,140,320,460
224147,7,999,1,357,509,919,1424,866,2343,1276,1933,3209
224147,7,999,2,259,365,280,449,624,729,539,814,1353
224147,7,999,5,98,144,639,975,242,1614,737,1119,1856
224147,8,5,1,207,271,329,467,478,796,536,738,1274
224147,8,5,2,156,198,148,183,354,331,304,381,685
224147,8,5,5,51,73,181,284,124,465,232,357,589
224147,9,6,1,79,102,191,321,181,512,270,423,693
224147,9,6,2,54,72,51,110,126,161,105,182,287
224147,9,6,5,25,30,140,211,55,351,165,241,406
224147,10,7,1,36,59,171,226,95,397,207,285,492
224147,10,7,2,24,45,39,59,69,98,63,104,167
224147,10,7,5,12,14,132,167,26,299,144,181,325
224147,11,8,1,26,54,163,298,80,461,189,352,541
224147,11,8,2,20,35,33,77,55,110,53,112,165
224147,11,8,5,6,19,130,221,25,351,136,240,376
224147,12,9,1,9,23,60,109,32,169,69,132,201
224147,12,9,2,5,15,8,19,20,27,13,34,47
224147,12,9,5,4,8,52,90,12,142,56,98,154
224147,13,10,1,0,0,5,3,0,8,5,3,8
224147,13,10,2,0,0,1,1,0,2,1,1,2
224147,13,10,5,0,0,4,2,0,6,4,2,6
224156,1,412,1,10,300,0,4,310,4,10,304,314
224156,1,112,2,10,300,0,4,310,4,10,304,314
224156,2,999,1,6,175,0,3,181,3,6,178,184
224156,2,999,2,6,175,0,3,181,3,6,178,184
224156,3,1,1,0,5,0,0,5,0,0,5,5
224156,3,1,2,0,5,0,0,5,0,0,5,5
224156,4,2,1,3,55,0,1,58,1,3,56,59
224156,4,2,2,3,55,0,1,58,1,3,56,59
224156,5,3,1,3,58,0,2,61,2,3,60,63
224156,5,3,2,3,58,0,2,61,2,3,60,63
224156,6,4,1,0,57,0,0,57,0,0,57,57
224156,6,4,2,0,57,0,0,57,0,0,57,57
224156,7,999,1,4,125,0,1,129,1,4,126,130
224156,7,999,2,4,125,0,1,129,1,4,126,130
224156,8,5,1,2,65,0,1,67,1,2,66,68
224156,8,5,2,2,65,0,1,67,1,2,66,68
224156,9,6,1,0,27,0,0,27,0,0,27,27
224156,9,6,2,0,27,0,0,27,0,0,27,27
224156,10,7,1,1,17,0,0,18,0,1,17,18
224156,10,7,2,1,17,0,0,18,0,1,17,18
224156,11,8,1,1,12,0,0,13,0,1,12,13
224156,11,8,2,1,12,0,0,13,0,1,12,13
224156,12,9,1,0,4,0,0,4,0,0,4,4
224156,12,9,2,0,4,0,0,4,0,0,4,4
224323,1,412,1,803,883,414,389,1686,803,1217,1272,2489
224323,1,112,2,640,784,14,9,1424,23,654,793,1447
224323,1,312,5,163,99,400,380,262,780,563,479,1042
224323,2,999,1,665,815,60,71,1480,131,725,886,1611
224323,2,999,2,620,781,12,8,1401,20,632,789,1421
224323,2,999,5,45,34,48,63,79,111,93,97,190
224323,3,1,1,9,15,0,0,24,0,9,15,24
224323,3,1,2,9,15,0,0,24,0,9,15,24
224323,4,2,1,255,395,1,1,650,2,256,396,652
224323,4,2,2,255,395,1,1,650,2,256,396,652
224323,5,3,1,285,332,5,6,617,11,290,338,628
224323,5,3,2,282,328,4,3,610,7,286,331,617
224323,5,3,5,3,4,1,3,7,4,4,7,11
224323,6,4,1,116,73,54,64,189,118,170,137,307
224323,6,4,2,74,43,7,4,117,11,81,47,128
224323,6,4,5,42,30,47,60,72,107,89,90,179
224323,7,999,1,138,68,354,318,206,672,492,386,878
224323,7,999,2,20,3,2,1,23,3,22,4,26
224323,7,999,5,118,65,352,317,183,669,470,382,852
224323,8,5,1,68,32,98,120,100,218,166,152,318
224323,8,5,2,16,1,1,0,17,1,17,1,18
224323,8,5,5,52,31,97,120,83,217,149,151,300
224323,9,6,1,36,16,79,55,52,134,115,71,186
224323,9,6,2,4,1,0,1,5,1,4,2,6
224323,9,6,5,32,15,79,54,47,133,111,69,180
224323,10,7,1,17,11,62,47,28,109,79,58,137
224323,10,7,2,0,1,0,0,1,0,0,1,1
224323,10,7,5,17,10,62,47,27,109,79,57,136
224323,11,8,1,12,7,72,62,19,134,84,69,153
224323,11,8,5,12,7,72,62,19,134,84,69,153
224323,12,9,1,5,2,40,30,7,70,45,32,77
224323,12,9,2,0,0,1,0,0,1,1,0,1
224323,12,9,5,5,2,39,30,7,69,44,32,76
224323,13,10,1,0,0,3,4,0,7,3,4,7
224323,13,10,5,0,0,3,4,0,7,3,4,7
224350,1,412,1,709,886,3577,5506,1595,9083,4286,6392,10678
224350,1,112,2,709,886,3577,5506,1595,9083,4286,6392,10678
224350,2,999,1,532,661,2647,3582,1193,6229,3179,4243,7422
224350,2,999,2,532,661,2647,3582,1193,6229,3179,4243,7422
224350,3,1,1,20,27,1022,1098,47,2120,1042,1125,2167
224350,3,1,2,20,27,1022,1098,47,2120,1042,1125,2167
224350,4,2,1,256,305,679,921,561,1600,935,1226,2161
224350,4,2,2,256,305,679,921,561,1600,935,1226,2161
224350,5,3,1,167,198,511,812,365,1323,678,1010,1688
224350,5,3,2,167,198,511,812,365,1323,678,1010,1688
224350,6,4,1,89,131,435,751,220,1186,524,882,1406
224350,6,4,2,89,131,435,751,220,1186,524,882,1406
224350,7,999,1,177,225,930,1924,402,2854,1107,2149,3256
224350,7,999,2,177,225,930,1924,402,2854,1107,2149,3256
224350,8,5,1,72,96,354,776,168,1130,426,872,1298
224350,8,5,2,72,96,354,776,168,1130,426,872,1298
224350,9,6,1,38,58,186,469,96,655,224,527,751
224350,9,6,2,38,58,186,469,96,655,224,527,751
224350,10,7,1,21,31,157,281,52,438,178,312,490
224350,10,7,2,21,31,157,281,52,438,178,312,490
224350,11,8,1,33,31,158,307,64,465,191,338,529
224350,11,8,2,33,31,158,307,64,465,191,338,529
224350,12,9,1,11,9,66,83,20,149,77,92,169
224350,12,9,2,11,9,66,83,20,149,77,92,169
224350,13,10,1,2,0,9,8,2,17,11,8,19
224350,13,10,2,2,0,9,8,2,17,11,8,19
224527,1,412,1,631,687,167,229,1318,396,798,916,1714
224527,1,112,2,604,662,120,179,1266,299,724,841,1565
224527,1,312,5,27,25,47,50,52,97,74,75,149
224527,2,999,1,614,645,124,155,1259,279,738,800,1538
224527,2,999,2,593,624,91,137,1217,228,684,761,1445
224527,2,999,5,21,21,33,18,42,51,54,39,93
224527,3,1,1,12,13,72,102,25,174,84,115,199
224527,3,1,2,12,13,72,102,25,174,84,115,199
224527,4,2,1,311,291,11,10,602,21,322,301,623
224527,4,2,2,311,291,11,10,602,21,322,301,623
224527,5,3,1,230,274,2,17,504,19,232,291,523
224527,5,3,2,224,269,2,14,493,16,226,283,509
224527,5,3,5,6,5,0,3,11,3,6,8,14
224527,6,4,1,61,67,39,26,128,65,100,93,193
224527,6,4,2,46,51,6,11,97,17,52,62,114
224527,6,4,5,15,16,33,15,31,48,48,31,79
224527,7,999,1,17,42,43,74,59,117,60,116,176
224527,7,999,2,11,38,29,42,49,71,40,80,120
224527,7,999,5,6,4,14,32,10,46,20,36,56
224527,8,5,1,9,22,14,20,31,34,23,42,65
224527,8,5,2,6,18,8,7,24,15,14,25,39
224527,8,5,5,3,4,6,13,7,19,9,17,26
224527,9,6,1,3,9,6,10,12,16,9,19,28
224527,9,6,2,3,9,5,9,12,14,8,18,26
224527,9,6,5,0,0,1,1,0,2,1,1,2
224527,10,7,1,0,7,7,11,7,18,7,18,25
224527,10,7,2,0,7,3,5,7,8,3,12,15
224527,10,7,5,0,0,4,6,0,10,4,6,10
224527,11,8,1,3,4,9,21,7,30,12,25,37
224527,11,8,2,1,4,7,10,5,17,8,14,22
224527,11,8,5,2,0,2,11,2,13,4,11,15
224527,12,9,1,2,0,5,12,2,17,7,12,19
224527,12,9,2,1,0,5,11,1,16,6,11,17
224527,12,9,5,1,0,0,1,1,1,1,1,2
224527,13,10,1,0,0,2,0,0,2,2,0,2
224527,13,10,2,0,0,1,0,0,1,1,0,1
224527,13,10,5,0,0,1,0,0,1,1,0,1
224554,1,412,1,2882,4625,1759,2983,7507,4742,4641,7608,12249
224554,1,112,2,2479,3720,906,1244,6199,2150,3385,4964,8349
224554,1,312,5,403,905,853,1739,1308,2592,1256,2644,3900
224554,2,999,1,1962,3095,610,877,5057,1487,2572,3972,6544
224554,2,999,2,1863,2858,523,733,4721,1256,2386,3591,5977
224554,2,999,5,99,237,87,144,336,231,186,381,567
224554,3,1,1,8,23,190,339,31,529,198,362,560
224554,3,1,2,8,23,190,339,31,529,198,362,560
224554,4,2,1,607,947,71,94,1554,165,678,1041,1719
224554,4,2,2,607,947,71,94,1554,165,678,1041,1719
224554,5,3,1,657,1133,99,118,1790,217,756,1251,2007
224554,5,3,2,649,1111,95,107,1760,202,744,1218,1962
224554,5,3,5,8,22,4,11,30,15,12,33,45
224554,6,4,1,690,992,250,326,1682,576,940,1318,2258
224554,6,4,2,599,777,167,193,1376,360,766,970,1736
224554,6,4,5,91,215,83,133,306,216,174,348,522
224554,7,999,1,920,1530,1149,2106,2450,3255,2069,3636,5705
224554,7,999,2,616,862,383,511,1478,894,999,1373,2372
224554,7,999,5,304,668,766,1595,972,2361,1070,2263,3333
224554,8,5,1,367,573,320,490,940,810,687,1063,1750
224554,8,5,2,249,339,134,140,588,274,383,479,862
224554,8,5,5,118,234,186,350,352,536,304,584,888
224554,9,6,1,183,331,249,413,514,662,432,744,1176
224554,9,6,2,122,188,74,105,310,179,196,293,489
224554,9,6,5,61,143,175,308,204,483,236,451,687
224554,10,7,1,140,245,182,377,385,559,322,622,944
224554,10,7,2,86,133,55,80,219,135,141,213,354
224554,10,7,5,54,112,127,297,166,424,181,409,590
224554,11,8,1,165,277,245,538,442,783,410,815,1225
224554,11,8,2,114,147,75,118,261,193,189,265,454
224554,11,8,5,51,130,170,420,181,590,221,550,771
224554,12,9,1,62,103,138,271,165,409,200,374,574
224554,12,9,2,44,55,44,67,99,111,88,122,210
224554,12,9,5,18,48,94,204,66,298,112,252,364
224554,13,10,1,3,1,15,17,4,32,18,18,36
224554,13,10,2,1,0,1,1,1,2,2,1,3
224554,13,10,5,2,1,14,16,3,30,16,17,33
224615,1,412,1,7900,10869,21337,34675,18769,56012,29237,45544,74781
224615,1,112,2,7900,10869,21337,34675,18769,56012,29237,45544,74781
224615,2,999,1,6415,8661,15881,23291,15076,39172,22296,31952,54248
224615,2,999,2,6415,8661,15881,23291,15076,39172,22296,31952,54248
224615,3,1,1,1112,1715,6271,9132,2827,15403,7383,10847,18230
224615,3,1,2,1112,1715,6271,9132,2827,15403,7383,10847,18230
224615,4,2,1,2718,3646,3863,5515,6364,9378,6581,9161,15742
224615,4,2,2,2718,3646,3863,5515,6364,9378,6581,9161,15742
224615,5,3,1,1767,2258,3065,4464,4025,7529,4832,6722,11554
224615,5,3,2,1767,2258,3065,4464,4025,7529,4832,6722,11554
224615,6,4,1,818,1042,2682,4180,1860,6862,3500,5222,8722
224615,6,4,2,818,1042,2682,4180,1860,6862,3500,5222,8722
224615,7,999,1,1485,2208,5456,10467,3693,15923,6941,12675,19616
224615,7,999,2,1485,2208,5456,10467,3693,15923,6941,12675,19616
224615,8,5,1,696,909,2284,4210,1605,6494,2980,5119,8099
224615,8,5,2,696,909,2284,4210,1605,6494,2980,5119,8099
224615,9,6,1,374,547,1182,1646,921,2828,1556,2193,3749
224615,9,6,2,374,547,1182,1646,921,2828,1556,2193,3749
224615,10,7,1,195,334,648,1646,529,2294,843,1980,2823
224615,10,7,2,195,334,648,1646,529,2294,843,1980,2823
224615,11,8,1,149,316,779,1760,465,2539,928,2076,3004
224615,11,8,2,149,316,779,1760,465,2539,928,2076,3004
224615,12,9,1,68,94,395,889,162,1284,463,983,1446
224615,12,9,2,68,94,395,889,162,1284,463,983,1446
224615,13,10,1,3,8,168,316,11,484,171,324,495
224615,13,10,2,3,8,168,316,11,484,171,324,495
224615,14,11,1,0,0,0,917,0,917,0,917,917
224615,14,11,2,0,0,0,917,0,917,0,917,917
224642,1,412,1,3116,4507,7419,10992,7623,18411,10535,15499,26034
224642,1,112,2,3116,4507,7419,10992,7623,18411,10535,15499,26034
224642,2,999,1,2671,3846,6114,8425,6517,14539,8785,12271,21056
224642,2,999,2,2671,3846,6114,8425,6517,14539,8785,12271,21056
224642,3,1,1,400,673,3332,4569,1073,7901,3732,5242,8974
224642,3,1,2,400,673,3332,4569,1073,7901,3732,5242,8974
224642,4,2,1,1392,1969,1044,1335,3361,2379,2436,3304,5740
224642,4,2,2,1392,1969,1044,1335,3361,2379,2436,3304,5740
224642,5,3,1,603,800,949,1356,1403,2305,1552,2156,3708
224642,5,3,2,603,800,949,1356,1403,2305,1552,2156,3708
224642,6,4,1,276,404,789,1165,680,1954,1065,1569,2634
224642,6,4,2,276,404,789,1165,680,1954,1065,1569,2634
224642,7,999,1,445,661,1305,2567,1106,3872,1750,3228,4978
224642,7,999,2,445,661,1305,2567,1106,3872,1750,3228,4978
224642,8,5,1,212,301,626,1147,513,1773,838,1448,2286
224642,8,5,2,212,301,626,1147,513,1773,838,1448,2286
224642,9,6,1,104,173,305,616,277,921,409,789,1198
224642,9,6,2,104,173,305,616,277,921,409,789,1198
224642,10,7,1,57,93,178,371,150,549,235,464,699
224642,10,7,2,57,93,178,371,150,549,235,464,699
224642,11,8,1,50,69,135,314,119,449,185,383,568
224642,11,8,2,50,69,135,314,119,449,185,383,568
224642,12,9,1,20,24,56,116,44,172,76,140,216
224642,12,9,2,20,24,56,116,44,172,76,140,216
224642,13,10,1,2,1,5,3,3,8,7,4,11
224642,13,10,2,2,1,5,3,3,8,7,4,11
224712,1,412,1,25,50,14,46,75,60,39,96,135
224712,1,312,5,25,50,14,46,75,60,39,96,135
224712,2,999,1,1,4,0,3,5,3,1,7,8
224712,2,999,5,1,4,0,3,5,3,1,7,8
224712,6,4,1,1,4,0,3,5,3,1,7,8
224712,6,4,5,1,4,0,3,5,3,1,7,8
224712,7,999,1,24,46,14,43,70,57,38,89,127
224712,7,999,5,24,46,14,43,70,57,38,89,127
224712,8,5,1,5,8,1,3,13,4,6,11,17
224712,8,5,5,5,8,1,3,13,4,6,11,17
224712,9,6,1,5,10,0,8,15,8,5,18,23
224712,9,6,5,5,10,0,8,15,8,5,18,23
224712,10,7,1,6,7,1,4,13,5,7,11,18
224712,10,7,5,6,7,1,4,13,5,7,11,18
224712,11,8,1,6,11,6,12,17,18,12,23,35
224712,11,8,5,6,11,6,12,17,18,12,23,35
224712,12,9,1,2,10,4,14,12,18,6,24,30
224712,12,9,5,2,10,4,14,12,18,6,24,30
224712,13,10,1,0,0,2,2,0,4,2,2,4
224712,13,10,5,0,0,2,2,0,4,2,2,4
224891,1,412,1,277,343,420,535,620,955,697,878,1575
224891,1,112,2,277,343,420,535,620,955,697,878,1575
224891,2,999,1,236,284,398,478,520,876,634,762,1396
224891,2,999,2,236,284,398,478,520,876,634,762,1396
224891,3,1,1,20,44,264,307,64,571,284,351,635
224891,3,1,2,20,44,264,307,64,571,284,351,635
224891,4,2,1,141,169,109,119,310,228,250,288,538
224891,4,2,2,141,169,109,119,310,228,250,288,538
224891,5,3,1,53,50,15,30,103,45,68,80,148
224891,5,3,2,53,50,15,30,103,45,68,80,148
224891,6,4,1,22,21,10,22,43,32,32,43,75
224891,6,4,2,22,21,10,22,43,32,32,43,75
224891,7,999,1,41,59,22,57,100,79,63,116,179
224891,7,999,2,41,59,22,57,100,79,63,116,179
224891,8,5,1,15,25,4,18,40,22,19,43,62
224891,8,5,2,15,25,4,18,40,22,19,43,62
224891,9,6,1,7,14,4,10,21,14,11,24,35
224891,9,6,2,7,14,4,10,21,14,11,24,35
224891,10,7,1,8,7,3,14,15,17,11,21,32
224891,10,7,2,8,7,3,14,15,17,11,21,32
224891,11,8,1,9,9,10,12,18,22,19,21,40
224891,11,8,2,9,9,10,12,18,22,19,21,40
224891,12,9,1,2,4,1,3,6,4,3,7,10
224891,12,9,2,2,4,1,3,6,4,3,7,10
224961,1,412,1,297,383,465,915,680,1380,762,1298,2060
224961,1,112,2,297,383,465,915,680,1380,762,1298,2060
224961,2,999,1,236,259,329,541,495,870,565,800,1365
224961,2,999,2,236,259,329,541,495,870,565,800,1365
224961,3,1,1,38,47,148,194,85,342,186,241,427
224961,3,1,2,38,47,148,194,85,342,186,241,427
224961,4,2,1,135,122,76,110,257,186,211,232,443
224961,4,2,2,135,122,76,110,257,186,211,232,443
224961,5,3,1,37,55,62,110,92,172,99,165,264
224961,5,3,2,37,55,62,110,92,172,99,165,264
224961,6,4,1,26,35,43,127,61,170,69,162,231
224961,6,4,2,26,35,43,127,61,170,69,162,231
224961,7,999,1,61,124,136,374,185,510,197,498,695
224961,7,999,2,61,124,136,374,185,510,197,498,695
224961,8,5,1,24,43,56,135,67,191,80,178,258
224961,8,5,2,24,43,56,135,67,191,80,178,258
224961,9,6,1,19,29,34,100,48,134,53,129,182
224961,9,6,2,19,29,34,100,48,134,53,129,182
224961,10,7,1,4,19,14,47,23,61,18,66,84
224961,10,7,2,4,19,14,47,23,61,18,66,84
224961,11,8,1,10,29,19,73,39,92,29,102,131
224961,11,8,2,10,29,19,73,39,92,29,102,131
224961,12,9,1,4,4,12,16,8,28,16,20,36
224961,12,9,2,4,4,12,16,8,28,16,20,36
224961,13,10,1,0,0,1,3,0,4,1,3,4
224961,13,10,2,0,0,1,3,0,4,1,3,4
225247,1,412,1,850,1000,126,152,1850,278,976,1152,2128
225247,1,112,2,733,789,41,55,1522,96,774,844,1618
225247,1,312,5,117,211,85,97,328,182,202,308,510
225247,2,999,1,761,892,57,60,1653,117,818,952,1770
225247,2,999,2,704,750,31,39,1454,70,735,789,1524
225247,2,999,5,57,142,26,21,199,47,83,163,246
225247,3,1,1,3,8,7,15,11,22,10,23,33
225247,3,1,2,3,8,7,15,11,22,10,23,33
225247,4,2,1,356,370,5,3,726,8,361,373,734
225247,4,2,2,356,370,5,3,726,8,361,373,734
225247,5,3,1,255,308,9,11,563,20,264,319,583
225247,5,3,2,250,300,8,10,550,18,258,310,568
225247,5,3,5,5,8,1,1,13,2,6,9,15
225247,6,4,1,147,206,36,31,353,67,183,237,420
225247,6,4,2,95,72,11,11,167,22,106,83,189
225247,6,4,5,52,134,25,20,186,45,77,154,231
225247,7,999,1,89,108,68,91,197,159,157,199,356
225247,7,999,2,29,39,10,16,68,26,39,55,94
225247,7,999,5,60,69,58,75,129,133,118,144,262
225247,8,5,1,51,62,19,26,113,45,70,88,158
225247,8,5,2,15,14,6,3,29,9,21,17,38
225247,8,5,5,36,48,13,23,84,36,49,71,120
225247,9,6,1,17,22,11,14,39,25,28,36,64
225247,9,6,2,8,12,2,6,20,8,10,18,28
225247,9,6,5,9,10,9,8,19,17,18,18,36
225247,10,7,1,9,11,12,21,20,33,21,32,53
225247,10,7,2,2,9,1,2,11,3,3,11,14
225247,10,7,5,7,2,11,19,9,30,18,21,39
225247,11,8,1,8,9,12,20,17,32,20,29,49
225247,11,8,2,3,3,0,3,6,3,3,6,9
225247,11,8,5,5,6,12,17,11,29,17,23,40
225247,12,9,1,4,4,14,9,8,23,18,13,31
225247,12,9,2,1,1,1,2,2,3,2,3,5
225247,12,9,5,3,3,13,7,6,20,16,10,26
225247,13,10,1,0,0,0,1,0,1,0,1,1
225247,13,10,5,0,0,0,1,0,1,0,1,1
225247,14,11,1,0,0,1,1,0,2,1,1,2
225247,14,11,5,0,0,1,1,0,2,1,1,2
225308,1,412,1,611,1002,1518,2469,1613,3987,2129,3471,5600
225308,1,112,2,611,1002,1518,2469,1613,3987,2129,3471,5600
225308,2,999,1,539,757,1118,1802,1296,2920,1657,2559,4216
225308,2,999,2,539,757,1118,1802,1296,2920,1657,2559,4216
225308,3,1,1,92,114,779,1196,206,1975,871,1310,2181
225308,3,1,2,92,114,779,1196,206,1975,871,1310,2181
225308,4,2,1,301,412,198,272,713,470,499,684,1183
225308,4,2,2,301,412,198,272,713,470,499,684,1183
225308,5,3,1,116,153,79,195,269,274,195,348,543
225308,5,3,2,116,153,79,195,269,274,195,348,543
225308,6,4,1,30,78,62,139,108,201,92,217,309
225308,6,4,2,30,78,62,139,108,201,92,217,309
225308,7,999,1,72,245,399,667,317,1066,471,912,1383
225308,7,999,2,72,245,399,667,317,1066,471,912,1383
225308,8,5,1,21,87,79,228,108,307,100,315,415
225308,8,5,2,21,87,79,228,108,307,100,315,415
225308,9,6,1,24,69,91,156,93,247,115,225,340
225308,9,6,2,24,69,91,156,93,247,115,225,340
225308,10,7,1,11,39,91,118,50,209,102,157,259
225308,10,7,2,11,39,91,118,50,209,102,157,259
225308,11,8,1,13,36,98,122,49,220,111,158,269
225308,11,8,2,13,36,98,122,49,220,111,158,269
225308,12,9,1,3,14,39,39,17,78,42,53,95
225308,12,9,2,3,14,39,39,17,78,42,53,95
225308,13,10,1,0,0,1,4,0,5,1,4,5
225308,13,10,2,0,0,1,4,0,5,1,4,5
225308,14,11,1,0,0,1,0,0,1,1,0,1
225308,14,11,2,0,0,1,0,0,1,1,0,1
225399,1,412,1,773,1557,438,1195,2330,1633,1211,2752,3963
225399,1,112,2,733,1413,178,409,2146,587,911,1822,2733
225399,1,312,5,40,144,260,786,184,1046,300,930,1230
225399,2,999,1,703,1327,132,296,2030,428,835,1623,2458
225399,2,999,2,689,1294,98,170,1983,268,787,1464,2251
225399,2,999,5,14,33,34,126,47,160,48,159,207
225399,3,1,1,11,19,0,7,30,7,11,26,37
225399,3,1,2,11,19,0,7,30,7,11,26,37
225399,4,2,1,352,688,18,39,1040,57,370,727,1097
225399,4,2,2,352,688,18,39,1040,57,370,727,1097
225399,5,3,1,235,437,49,61,672,110,284,498,782
225399,5,3,2,233,435,46,54,668,100,279,489,768
225399,5,3,5,2,2,3,7,4,10,5,9,14
225399,6,4,1,105,183,65,189,288,254,170,372,542
225399,6,4,2,93,152,34,70,245,104,127,222,349
225399,6,4,5,12,31,31,119,43,150,43,150,193
225399,7,999,1,70,230,306,899,300,1205,376,1129,1505
225399,7,999,2,44,119,80,239,163,319,124,358,482
225399,7,999,5,26,111,226,660,137,886,252,771,1023
225399,8,5,1,34,86,86,232,120,318,120,318,438
225399,8,5,2,25,52,21,60,77,81,46,112,158
225399,8,5,5,9,34,65,172,43,237,74,206,280
225399,9,6,1,18,44,57,172,62,229,75,216,291
225399,9,6,2,8,26,12,48,34,60,20,74,94
225399,9,6,5,10,18,45,124,28,169,55,142,197
225399,10,7,1,7,40,53,150,47,203,60,190,250
225399,10,7,2,5,17,16,28,22,44,21,45,66
225399,10,7,5,2,23,37,122,25,159,39,145,184
225399,11,8,1,9,40,58,232,49,290,67,272,339
225399,11,8,2,4,17,18,70,21,88,22,87,109
225399,11,8,5,5,23,40,162,28,202,45,185,230
225399,12,9,1,2,18,45,106,20,151,47,124,171
225399,12,9,2,2,7,12,30,9,42,14,37,51
225399,12,9,5,0,11,33,76,11,109,33,87,120
225399,13,10,1,0,2,7,7,2,14,7,9,16
225399,13,10,2,0,0,1,3,0,4,1,3,4
225399,13,10,5,0,2,6,4,2,10,6,6,12
225414,1,412,1,1558,2712,1740,3043,4270,4783,3298,5755,9053
225414,1,112,2,1287,2154,1133,2008,3441,3141,2420,4162,6582
225414,1,312,5,271,558,607,1035,829,1642,878,1593,2471
225414,2,999,1,930,1650,622,1030,2580,1652,1552,2680,4232
225414,2,999,2,861,1486,545,843,2347,1388,1406,2329,3735
225414,2,999,5,69,164,77,187,233,264,146,351,497
225414,3,1,1,1,4,0,5,5,5,1,9,10
225414,3,1,2,1,4,0,5,5,5,1,9,10
225414,4,2,1,194,252,63,86,446,149,257,338,595
225414,4,2,2,194,251,62,86,445,148,256,337,593
225414,4,2,5,0,1,1,0,1,1,1,1,2
225414,5,3,1,282,551,127,189,833,316,409,740,1149
225414,5,3,2,282,547,125,182,829,307,407,729,1136
225414,5,3,5,0,4,2,7,4,9,2,11,13
225414,6,4,1,453,843,432,750,1296,1182,885,1593,2478
225414,6,4,2,384,684,358,570,1068,928,742,1254,1996
225414,6,4,5,69,159,74,180,228,254,143,339,482
225414,7,999,1,628,1062,1118,2013,1690,3131,1746,3075,4821
225414,7,999,2,426,668,588,1165,1094,1753,1014,1833,2847
225414,7,999,5,202,394,530,848,596,1378,732,1242,1974
225414,8,5,1,350,538,480,858,888,1338,830,1396,2226
225414,8,5,2,267,371,288,528,638,816,555,899,1454
225414,8,5,5,83,167,192,330,250,522,275,497,772
225414,9,6,1,128,223,236,449,351,685,364,672,1036
225414,9,6,2,80,145,124,256,225,380,204,401,605
225414,9,6,5,48,78,112,193,126,305,160,271,431
225414,10,7,1,61,122,149,275,183,424,210,397,607
225414,10,7,2,37,75,71,156,112,227,108,231,339
225414,10,7,5,24,47,78,119,71,197,102,166,268
225414,11,8,1,71,130,175,322,201,497,246,452,698
225414,11,8,2,34,59,71,174,93,245,105,233,338
225414,11,8,5,37,71,104,148,108,252,141,219,360
225414,12,9,1,17,47,69,104,64,173,86,151,237
225414,12,9,2,8,18,33,49,26,82,41,67,108
225414,12,9,5,9,29,36,55,38,91,45,84,129
225414,13,10,1,1,2,9,5,3,14,10,7,17
225414,13,10,2,0,0,1,2,0,3,1,2,3
225414,13,10,5,1,2,8,3,3,11,9,5,14
225423,1,412,1,5734,8409,12772,21414,14143,34186,18506,29823,48329
225423,1,112,2,5734,8409,12772,21414,14143,34186,18506,29823,48329
225423,2,999,1,3965,5361,7965,11606,9326,19571,11930,16967,28897
225423,2,999,2,3965,5361,7965,11606,9326,19571,11930,16967,28897
225423,3,1,1,384,753,2953,4687,1137,7640,3337,5440,8777
225423,3,1,2,384,753,2953,4687,1137,7640,3337,5440,8777
225423,4,2,1,897,1196,891,1149,2093,2040,1788,2345,4133
225423,4,2,2,897,1196,891,1149,2093,2040,1788,2345,4133
225423,5,3,1,1651,2060,1844,2578,3711,4422,3495,4638,8133
225423,5,3,2,1651,2060,1844,2578,3711,4422,3495,4638,8133
225423,6,4,1,1033,1352,2277,3192,2385,5469,3310,4544,7854
225423,6,4,2,1033,1352,2277,3192,2385,5469,3310,4544,7854
225423,7,999,1,1769,3048,4807,9808,4817,14615,6576,12856,19432
225423,7,999,2,1769,3048,4807,9808,4817,14615,6576,12856,19432
225423,8,5,1,860,1286,2034,3671,2146,5705,2894,4957,7851
225423,8,5,2,860,1286,2034,3671,2146,5705,2894,4957,7851
225423,9,6,1,464,786,1110,2246,1250,3356,1574,3032,4606
225423,9,6,2,464,786,1110,2246,1250,3356,1574,3032,4606
225423,10,7,1,211,428,645,1564,639,2209,856,1992,2848
225423,10,7,2,211,428,645,1564,639,2209,856,1992,2848
225423,11,8,1,168,420,669,1508,588,2177,837,1928,2765
225423,11,8,2,168,420,669,1508,588,2177,837,1928,2765
225423,12,9,1,57,122,297,723,179,1020,354,845,1199
225423,12,9,2,57,122,297,723,179,1020,354,845,1199
225423,13,10,1,9,6,52,96,15,148,61,102,163
225423,13,10,2,9,6,52,96,15,148,61,102,163
225432,1,412,1,2642,4355,3098,5144,6997,8242,5740,9499,15239
225432,1,112,2,2593,4272,2507,4291,6865,6798,5100,8563,13663
225432,1,312,5,49,83,591,853,132,1444,640,936,1576
225432,2,999,1,1787,2943,1074,1752,4730,2826,2861,4695,7556
225432,2,999,2,1777,2929,1031,1670,4706,2701,2808,4599,7407
225432,2,999,5,10,14,43,82,24,125,53,96,149
225432,3,1,1,13,28,7,11,41,18,20,39,59
225432,3,1,2,13,28,7,11,41,18,20,39,59
225432,4,2,1,633,1058,263,468,1691,731,896,1526,2422
225432,4,2,2,633,1058,263,468,1691,731,896,1526,2422
225432,5,3,1,491,876,279,379,1367,658,770,1255,2025
225432,5,3,2,490,874,279,373,1364,652,769,1247,2016
225432,5,3,5,1,2,0,6,3,6,1,8,9
225432,6,4,1,650,981,525,894,1631,1419,1175,1875,3050
225432,6,4,2,641,969,482,818,1610,1300,1123,1787,2910
225432,6,4,5,9,12,43,76,21,119,52,88,140
225432,7,999,1,855,1412,2024,3392,2267,5416,2879,4804,7683
225432,7,999,2,816,1343,1476,2621,2159,4097,2292,3964,6256
225432,7,999,5,39,69,548,771,108,1319,587,840,1427
225432,8,5,1,461,724,832,1243,1185,2075,1293,1967,3260
225432,8,5,2,452,705,682,1011,1157,1693,1134,1716,2850
225432,8,5,5,9,19,150,232,28,382,159,251,410
225432,9,6,1,195,327,462,802,522,1264,657,1129,1786
225432,9,6,2,186,307,318,589,493,907,504,896,1400
225432,9,6,5,9,20,144,213,29,357,153,233,386
225432,10,7,1,113,168,314,520,281,834,427,688,1115
225432,10,7,2,102,158,215,390,260,605,317,548,865
225432,10,7,5,11,10,99,130,21,229,110,140,250
225432,11,8,1,69,147,306,584,216,890,375,731,1106
225432,11,8,2,61,132,193,446,193,639,254,578,832
225432,11,8,5,8,15,113,138,23,251,121,153,274
225432,12,9,1,15,45,109,231,60,340,124,276,400
225432,12,9,2,13,41,68,175,54,243,81,216,297
225432,12,9,5,2,4,41,56,6,97,43,60,103
225432,13,10,1,2,1,1,12,3,13,3,13,16
225432,13,10,2,2,0,0,10,2,10,2,10,12
225432,13,10,5,0,1,1,2,1,3,1,3,4
225511,1,412,1,16429,17925,6435,6301,34354,12736,22864,24226,47090
225511,1,112,2,13968,14998,5340,4859,28966,10199,19308,19857,39165
225511,1,312,5,2461,2927,1095,1442,5388,2537,3556,4369,7925
225511,2,999,1,13559,15294,4006,3670,28853,7676,17565,18964,36529
225511,2,999,2,12639,13902,3791,3409,26541,7200,16430,17311,33741
225511,2,999,5,920,1392,215,261,2312,476,1135,1653,2788
225511,3,1,1,933,1200,120,117,2133,237,1053,1317,2370
225511,3,1,2,931,1199,114,115,2130,229,1045,1314,2359
225511,3,1,5,2,1,6,2,3,8,8,3,11
225511,4,2,1,4612,5312,638,553,9924,1191,5250,5865,11115
225511,4,2,2,4608,5304,638,552,9912,1190,5246,5856,11102
225511,4,2,5,4,8,0,1,12,1,4,9,13
225511,5,3,1,4707,5255,1254,1233,9962,2487,5961,6488,12449
225511,5,3,2,4580,5020,1235,1212,9600,2447,5815,6232,12047
225511,5,3,5,127,235,19,21,362,40,146,256,402
225511,6,4,1,3307,3527,1994,1767,6834,3761,5301,5294,10595
225511,6,4,2,2520,2379,1804,1530,4899,3334,4324,3909,8233
225511,6,4,5,787,1148,190,237,1935,427,977,1385,2362
225511,7,999,1,2870,2631,2429,2631,5501,5060,5299,5262,10561
225511,7,999,2,1329,1096,1549,1450,2425,2999,2878,2546,5424
225511,7,999,5,1541,1535,880,1181,3076,2061,2421,2716,5137
225511,8,5,1,1833,1590,1262,1292,3423,2554,3095,2882,5977
225511,8,5,2,887,744,949,862,1631,1811,1836,1606,3442
225511,8,5,5,946,846,313,430,1792,743,1259,1276,2535
225511,9,6,1,644,516,614,558,1160,1172,1258,1074,2332
225511,9,6,2,290,175,353,284,465,637,643,459,1102
225511,9,6,5,354,341,261,274,695,535,615,615,1230
225511,10,7,1,214,244,255,307,458,562,469,551,1020
225511,10,7,2,88,84,134,134,172,268,222,218,440
225511,10,7,5,126,160,121,173,286,294,247,333,580
225511,11,8,1,137,209,209,337,346,546,346,546,892
225511,11,8,2,48,74,75,126,122,201,123,200,323
225511,11,8,5,89,135,134,211,224,345,223,346,569
225511,12,9,1,42,72,89,137,114,226,131,209,340
225511,12,9,2,16,19,38,44,35,82,54,63,117
225511,12,9,5,26,53,51,93,79,144,77,146,223
225548,1,412,1,410,327,153,170,737,323,563,497,1060
225548,1,112,2,386,313,118,164,699,282,504,477,981
225548,1,312,5,24,14,35,6,38,41,59,20,79
225548,2,999,1,334,306,98,134,640,232,432,440,872
225548,2,999,2,322,297,90,129,619,219,412,426,838
225548,2,999,5,12,9,8,5,21,13,20,14,34
225548,3,1,1,0,1,54,86,1,140,54,87,141
225548,3,1,2,0,1,54,86,1,140,54,87,141
225548,4,2,1,107,109,24,32,216,56,131,141,272
225548,4,2,2,107,109,24,32,216,56,131,141,272
225548,5,3,1,136,128,1,7,264,8,137,135,272
225548,5,3,2,136,128,1,4,264,5,137,132,269
225548,5,3,5,0,0,0,3,0,3,0,3,3
225548,6,4,1,91,68,19,9,159,28,110,77,187
225548,6,4,2,79,59,11,7,138,18,90,66,156
225548,6,4,5,12,9,8,2,21,10,20,11,31
225548,7,999,1,31,21,52,30,52,82,83,51,134
225548,7,999,2,19,16,25,29,35,54,44,45,89
225548,7,999,5,12,5,27,1,17,28,39,6,45
225548,8,5,1,14,8,19,6,22,25,33,14,47
225548,8,5,2,8,5,8,6,13,14,16,11,27
225548,8,5,5,6,3,11,0,9,11,17,3,20
225548,9,6,1,7,3,11,3,10,14,18,6,24
225548,9,6,2,6,3,5,3,9,8,11,6,17
225548,9,6,5,1,0,6,0,1,6,7,0,7
225548,10,7,1,3,2,7,6,5,13,10,8,18
225548,10,7,2,1,1,5,6,2,11,6,7,13
225548,10,7,5,2,1,2,0,3,2,4,1,5
225548,11,8,1,4,5,7,8,9,15,11,13,24
225548,11,8,2,2,4,5,8,6,13,7,12,19
225548,11,8,5,2,1,2,0,3,2,4,1,5
225548,12,9,1,3,2,8,5,5,13,11,7,18
225548,12,9,2,2,2,2,4,4,6,4,6,10
225548,12,9,5,1,0,6,1,1,7,7,1,8
225548,13,10,1,0,1,0,2,1,2,0,3,3
225548,13,10,2,0,1,0,2,1,2,0,3,3
225548,14,11,1,45,0,3,6,45,9,48,6,54
225548,14,11,2,45,0,3,6,45,9,48,6,54
226116,1,412,1,303,547,558,1077,850,1635,861,1624,2485
226116,1,112,2,303,547,558,1077,850,1635,861,1624,2485
226116,2,999,1,250,366,484,722,616,1206,734,1088,1822
226116,2,999,2,250,366,484,722,616,1206,734,1088,1822
226116,3,1,1,36,39,324,453,75,777,360,492,852
226116,3,1,2,36,39,324,453,75,777,360,492,852
226116,4,2,1,118,168,54,73,286,127,172,241,413
226116,4,2,2,118,168,54,73,286,127,172,241,413
226116,5,3,1,69,104,67,84,173,151,136,188,324
226116,5,3,2,69,104,67,84,173,151,136,188,324
226116,6,4,1,27,55,39,112,82,151,66,167,233
226116,6,4,2,27,55,39,112,82,151,66,167,233
226116,7,999,1,53,181,74,355,234,429,127,536,663
226116,7,999,2,53,181,74,355,234,429,127,536,663
226116,8,5,1,23,64,23,116,87,139,46,180,226
226116,8,5,2,23,64,23,116,87,139,46,180,226
226116,9,6,1,10,41,15,86,51,101,25,127,152
226116,9,6,2,10,41,15,86,51,101,25,127,152
226116,10,7,1,11,32,14,55,43,69,25,87,112
226116,10,7,2,11,32,14,55,43,69,25,87,112
226116,11,8,1,4,34,15,78,38,93,19,112,131
226116,11,8,2,4,34,15,78,38,93,19,112,131
226116,12,9,1,4,10,7,19,14,26,11,29,40
226116,12,9,2,4,10,7,19,14,26,11,29,40
226116,13,10,1,1,0,0,1,1,1,1,1,2
226116,13,10,2,1,0,0,1,1,1,1,1,2
226134,1,412,1,1047,1705,2637,3903,2752,6540,3684,5608,9292
226134,1,112,2,1047,1705,2637,3903,2752,6540,3684,5608,9292
226134,2,999,1,971,1529,2346,3313,2500,5659,3317,4842,8159
226134,2,999,2,971,1529,2346,3313,2500,5659,3317,4842,8159
226134,3,1,1,124,175,1281,1888,299,3169,1405,2063,3468
226134,3,1,2,124,175,1281,1888,299,3169,1405,2063,3468
226134,4,2,1,504,807,488,594,1311,1082,992,1401,2393
226134,4,2,2,504,807,488,594,1311,1082,992,1401,2393
226134,5,3,1,254,389,357,477,643,834,611,866,1477
226134,5,3,2,254,389,357,477,643,834,611,866,1477
226134,6,4,1,89,158,220,354,247,574,309,512,821
226134,6,4,2,89,158,220,354,247,574,309,512,821
226134,7,999,1,76,176,291,590,252,881,367,766,1133
226134,7,999,2,76,176,291,590,252,881,367,766,1133
226134,8,5,1,49,77,150,295,126,445,199,372,571
226134,8,5,2,49,77,150,295,126,445,199,372,571
226134,9,6,1,16,55,49,125,71,174,65,180,245
226134,9,6,2,16,55,49,125,71,174,65,180,245
226134,10,7,1,3,31,41,84,34,125,44,115,159
226134,10,7,2,3,31,41,84,34,125,44,115,159
226134,11,8,1,7,12,41,62,19,103,48,74,122
226134,11,8,2,7,12,41,62,19,103,48,74,122
226134,12,9,1,1,1,8,19,2,27,9,20,29
226134,12,9,2,1,1,8,19,2,27,9,20,29
226134,13,10,1,0,0,2,5,0,7,2,5,7
226134,13,10,2,0,0,2,5,0,7,2,5,7
226204,1,412,1,781,786,2843,3077,1567,5920,3624,3863,7487
226204,1,112,2,781,786,2843,3077,1567,5920,3624,3863,7487
226204,2,999,1,498,612,1822,2226,1110,4048,2320,2838,5158
226204,2,999,2,498,612,1822,2226,1110,4048,2320,2838,5158
226204,3,1,1,84,96,857,1179,180,2036,941,1275,2216
226204,3,1,2,84,96,857,1179,180,2036,941,1275,2216
226204,4,2,1,278,333,409,432,611,841,687,765,1452
226204,4,2,2,278,333,409,432,611,841,687,765,1452
226204,5,3,1,81,113,323,365,194,688,404,478,882
226204,5,3,2,81,113,323,365,194,688,404,478,882
226204,6,4,1,55,70,233,250,125,483,288,320,608
226204,6,4,2,55,70,233,250,125,483,288,320,608
226204,7,999,1,283,174,1021,851,457,1872,1304,1025,2329
226204,7,999,2,283,174,1021,851,457,1872,1304,1025,2329
226204,8,5,1,61,80,244,327,141,571,305,407,712
226204,8,5,2,61,80,244,327,141,571,305,407,712
226204,9,6,1,42,43,195,206,85,401,237,249,486
226204,9,6,2,42,43,195,206,85,401,237,249,486
226204,10,7,1,63,28,168,127,91,295,231,155,386
226204,10,7,2,63,28,168,127,91,295,231,155,386
226204,11,8,1,80,18,294,125,98,419,374,143,517
226204,11,8,2,80,18,294,125,98,419,374,143,517
226204,12,9,1,34,5,103,53,39,156,137,58,195
226204,12,9,2,34,5,103,53,39,156,137,58,195
226204,13,10,1,3,0,17,13,3,30,20,13,33
226204,13,10,2,3,0,17,13,3,30,20,13,33
226277,1,412,1,1358,97,0,0,1455,0,1358,97,1455
226277,1,112,2,1358,97,0,0,1455,0,1358,97,1455
226277,2,999,1,827,54,0,0,881,0,827,54,881
226277,2,999,2,827,54,0,0,881,0,827,54,881
226277,3,1,1,3,0,0,0,3,0,3,0,3
226277,3,1,2,3,0,0,0,3,0,3,0,3
226277,4,2,1,419,21,0,0,440,0,419,21,440
226277,4,2,2,419,21,0,0,440,0,419,21,440
226277,5,3,1,248,20,0,0,268,0,248,20,268
226277,5,3,2,248,20,0,0,268,0,248,20,268
226277,6,4,1,157,13,0,0,170,0,157,13,170
226277,6,4,2,157,13,0,0,170,0,157,13,170
226277,7,999,1,531,43,0,0,574,0,531,43,574
226277,7,999,2,531,43,0,0,574,0,531,43,574
226277,8,5,1,221,24,0,0,245,0,221,24,245
226277,8,5,2,221,24,0,0,245,0,221,24,245
226277,9,6,1,148,11,0,0,159,0,148,11,159
226277,9,6,2,148,11,0,0,159,0,148,11,159
226277,10,7,1,76,6,0,0,82,0,76,6,82
226277,10,7,2,76,6,0,0,82,0,76,6,82
226277,11,8,1,64,2,0,0,66,0,64,2,66
226277,11,8,2,64,2,0,0,66,0,64,2,66
226277,12,9,1,21,0,0,0,21,0,21,0,21
226277,12,9,2,21,0,0,0,21,0,21,0,21
226277,13,10,1,1,0,0,0,1,0,1,0,1
226277,13,10,2,1,0,0,0,1,0,1,0,1
226383,1,412,1,451,761,123,329,1212,452,574,1090,1664
226383,1,112,2,442,714,78,148,1156,226,520,862,1382
226383,1,312,5,9,47,45,181,56,226,54,228,282
226383,2,999,1,401,631,67,112,1032,179,468,743,1211
226383,2,999,2,397,620,63,102,1017,165,460,722,1182
226383,2,999,5,4,11,4,10,15,14,8,21,29
226383,3,1,1,1,3,28,56,4,84,29,59,88
226383,3,1,2,1,3,28,56,4,84,29,59,88
226383,4,2,1,119,259,19,22,378,41,138,281,419
226383,4,2,2,119,259,19,22,378,41,138,281,419
226383,5,3,1,177,231,4,9,408,13,181,240,421
226383,5,3,2,177,230,4,9,407,13,181,239,420
226383,5,3,5,0,1,0,0,1,0,0,1,1
226383,6,4,1,104,138,16,25,242,41,120,163,283
226383,6,4,2,100,128,12,15,228,27,112,143,255
226383,6,4,5,4,10,4,10,14,14,8,20,28
226383,7,999,1,50,130,56,217,180,273,106,347,453
226383,7,999,2,45,94,15,46,139,61,60,140,200
226383,7,999,5,5,36,41,171,41,212,46,207,253
226383,8,5,1,23,47,15,56,70,71,38,103,141
226383,8,5,2,20,34,3,9,54,12,23,43,66
226383,8,5,5,3,13,12,47,16,59,15,60,75
226383,9,6,1,14,31,11,39,45,50,25,70,95
226383,9,6,2,13,26,6,10,39,16,19,36,55
226383,9,6,5,1,5,5,29,6,34,6,34,40
226383,10,7,1,5,21,12,37,26,49,17,58,75
226383,10,7,2,5,13,2,8,18,10,7,21,28
226383,10,7,5,0,8,10,29,8,39,10,37,47
226383,11,8,1,5,20,12,58,25,70,17,78,95
226383,11,8,2,5,14,2,10,19,12,7,24,31
226383,11,8,5,0,6,10,48,6,58,10,54,64
226383,12,9,1,3,11,4,26,14,30,7,37,44
226383,12,9,2,2,7,2,8,9,10,4,15,19
226383,12,9,5,1,4,2,18,5,20,3,22,25
226383,13,10,1,0,0,2,1,0,3,2,1,3
226383,13,10,2,0,0,0,1,0,1,0,1,1
226383,13,10,5,0,0,2,0,0,2,2,0,2
226408,1,412,1,436,748,1205,1946,1184,3151,1641,2694,4335
226408,1,112,2,436,748,1205,1946,1184,3151,1641,2694,4335
226408,2,999,1,360,579,934,1313,939,2247,1294,1892,3186
226408,2,999,2,360,579,934,1313,939,2247,1294,1892,3186
226408,3,1,1,61,163,484,714,224,1198,545,877,1422
226408,3,1,2,61,163,484,714,224,1198,545,877,1422
226408,4,2,1,189,279,178,236,468,414,367,515,882
226408,4,2,2,189,279,178,236,468,414,367,515,882
226408,5,3,1,74,85,146,189,159,335,220,274,494
226408,5,3,2,74,85,146,189,159,335,220,274,494
226408,6,4,1,36,52,126,174,88,300,162,226,388
226408,6,4,2,36,52,126,174,88,300,162,226,388
226408,7,999,1,76,169,271,633,245,904,347,802,1149
226408,7,999,2,76,169,271,633,245,904,347,802,1149
226408,8,5,1,33,64,96,199,97,295,129,263,392
226408,8,5,2,33,64,96,199,97,295,129,263,392
226408,9,6,1,22,41,78,176,63,254,100,217,317
226408,9,6,2,22,41,78,176,63,254,100,217,317
226408,10,7,1,9,30,44,112,39,156,53,142,195
226408,10,7,2,9,30,44,112,39,156,53,142,195
226408,11,8,1,10,22,36,106,32,142,46,128,174
226408,11,8,2,10,22,36,106,32,142,46,128,174
226408,12,9,1,2,12,17,40,14,57,19,52,71
226408,12,9,2,2,12,17,40,14,57,19,52,71
226471,1,412,1,1135,2251,159,331,3386,490,1294,2582,3876
226471,1,112,2,1031,2054,100,194,3085,294,1131,2248,3379
226471,1,312,5,104,197,59,137,301,196,163,334,497
226471,2,999,1,995,1945,71,129,2940,200,1066,2074,3140
226471,2,999,2,941,1849,55,110,2790,165,996,1959,2955
226471,2,999,5,54,96,16,19,150,35,70,115,185
226471,3,1,1,9,25,17,33,34,50,26,58,84
226471,3,1,2,9,25,17,33,34,50,26,58,84
226471,4,2,1,433,874,6,7,1307,13,439,881,1320
226471,4,2,2,433,874,6,7,1307,13,439,881,1320
226471,5,3,1,349,732,7,30,1081,37,356,762,1118
226471,5,3,2,347,723,6,30,1070,36,353,753,1106
226471,5,3,5,2,9,1,0,11,1,3,9,12
226471,6,4,1,204,314,41,59,518,100,245,373,618
226471,6,4,2,152,227,26,40,379,66,178,267,445
226471,6,4,5,52,87,15,19,139,34,67,106,173
226471,7,999,1,140,306,88,202,446,290,228,508,736
226471,7,999,2,90,205,45,84,295,129,135,289,424
226471,7,999,5,50,101,43,118,151,161,93,219,312
226471,8,5,1,67,144,26,42,211,68,93,186,279
226471,8,5,2,37,81,15,20,118,35,52,101,153
226471,8,5,5,30,63,11,22,93,33,41,85,126
226471,9,6,1,32,61,17,30,93,47,49,91,140
226471,9,6,2,21,52,11,13,73,24,32,65,97
226471,9,6,5,11,9,6,17,20,23,17,26,43
226471,10,7,1,18,43,14,35,61,49,32,78,110
226471,10,7,2,15,34,8,19,49,27,23,53,76
226471,10,7,5,3,9,6,16,12,22,9,25,34
226471,11,8,1,18,43,19,57,61,76,37,100,137
226471,11,8,2,14,26,7,18,40,25,21,44,65
226471,11,8,5,4,17,12,39,21,51,16,56,72
226471,12,9,1,5,15,11,35,20,46,16,50,66
226471,12,9,2,3,12,4,13,15,17,7,25,32
226471,12,9,5,2,3,7,22,5,29,9,25,34
226471,13,10,1,0,0,1,3,0,4,1,3,4
226471,13,10,2,0,0,0,1,0,1,0,1,1
226471,13,10,5,0,0,1,2,0,3,1,2,3
226578,1,412,1,737,1417,1740,3848,2154,5588,2477,5265,7742
226578,1,112,2,737,1417,1740,3848,2154,5588,2477,5265,7742
226578,2,999,1,620,1051,1373,2620,1671,3993,1993,3671,5664
226578,2,999,2,620,1051,1373,2620,1671,3993,1993,3671,5664
226578,3,1,1,14,32,758,1251,46,2009,772,1283,2055
226578,3,1,2,14,32,758,1251,46,2009,772,1283,2055
226578,4,2,1,365,596,247,501,961,748,612,1097,1709
226578,4,2,2,365,596,247,501,961,748,612,1097,1709
226578,5,3,1,171,276,213,475,447,688,384,751,1135
226578,5,3,2,171,276,213,475,447,688,384,751,1135
226578,6,4,1,70,147,155,393,217,548,225,540,765
226578,6,4,2,70,147,155,393,217,548,225,540,765
226578,7,999,1,117,366,367,1228,483,1595,484,1594,2078
226578,7,999,2,117,366,367,1228,483,1595,484,1594,2078
226578,8,5,1,51,154,140,427,205,567,191,581,772
226578,8,5,2,51,154,140,427,205,567,191,581,772
226578,9,6,1,36,95,83,292,131,375,119,387,506
226578,9,6,2,36,95,83,292,131,375,119,387,506
226578,10,7,1,17,57,43,164,74,207,60,221,281
226578,10,7,2,17,57,43,164,74,207,60,221,281
226578,11,8,1,10,41,69,236,51,305,79,277,356
226578,11,8,2,10,41,69,236,51,305,79,277,356
226578,12,9,1,3,19,28,101,22,129,31,120,151
226578,12,9,2,3,19,28,101,22,129,31,120,151
226578,13,10,1,0,0,4,8,0,12,4,8,12
226578,13,10,2,0,0,4,8,0,12,4,8,12
226587,1,412,1,478,477,66,73,955,139,544,550,1094
226587,1,112,2,477,476,66,68,953,134,543,544,1087
226587,1,312,5,1,1,0,5,2,5,1,6,7
226587,2,999,1,411,388,27,26,799,53,438,414,852
226587,2,999,2,410,387,27,26,797,53,437,413,850
226587,2,999,5,1,1,0,0,2,0,1,1,2
226587,3,1,1,2,4,1,3,6,4,3,7,10
226587,3,1,2,2,4,1,3,6,4,3,7,10
226587,4,2,1,211,162,1,0,373,1,212,162,374
226587,4,2,2,211,162,1,0,373,1,212,162,374
226587,5,3,1,129,161,8,8,290,16,137,169,306
226587,5,3,2,129,161,8,8,290,16,137,169,306
226587,6,4,1,69,61,17,15,130,32,86,76,162
226587,6,4,2,68,60,17,15,128,32,85,75,160
226587,6,4,5,1,1,0,0,2,0,1,1,2
226587,7,999,1,67,89,39,47,156,86,106,136,242
226587,7,999,2,67,89,39,42,156,81,106,131,237
226587,7,999,5,0,0,0,5,0,5,0,5,5
226587,8,5,1,24,33,18,14,57,32,42,47,89
226587,8,5,2,24,33,18,13,57,31,42,46,88
226587,8,5,5,0,0,0,1,0,1,0,1,1
226587,9,6,1,16,23,9,10,39,19,25,33,58
226587,9,6,2,16,23,9,10,39,19,25,33,58
226587,10,7,1,8,17,5,7,25,12,13,24,37
226587,10,7,2,8,17,5,5,25,10,13,22,35
226587,10,7,5,0,0,0,2,0,2,0,2,2
226587,11,8,1,18,13,3,8,31,11,21,21,42
226587,11,8,2,18,13,3,7,31,10,21,20,41
226587,11,8,5,0,0,0,1,0,1,0,1,1
226587,12,9,1,0,3,4,8,3,12,4,11,15
226587,12,9,2,0,3,4,7,3,11,4,10,14
226587,12,9,5,0,0,0,1,0,1,0,1,1
226587,13,10,1,1,0,0,0,1,0,1,0,1
226587,13,10,2,1,0,0,0,1,0,1,0,1
226675,1,412,1,50,303,0,0,353,0,50,303,353
226675,1,112,2,50,303,0,0,353,0,50,303,353
226675,2,999,1,26,166,0,0,192,0,26,166,192
226675,2,999,2,26,166,0,0,192,0,26,166,192
226675,4,2,1,2,10,0,0,12,0,2,10,12
226675,4,2,2,2,10,0,0,12,0,2,10,12
226675,5,3,1,10,87,0,0,97,0,10,87,97
226675,5,3,2,10,87,0,0,97,0,10,87,97
226675,6,4,1,14,69,0,0,83,0,14,69,83
226675,6,4,2,14,69,0,0,83,0,14,69,83
226675,7,999,1,24,137,0,0,161,0,24,137,161
226675,7,999,2,24,137,0,0,161,0,24,137,161
226675,8,5,1,9,52,0,0,61,0,9,52,61
226675,8,5,2,9,52,0,0,61,0,9,52,61
226675,9,6,1,9,43,0,0,52,0,9,43,52
226675,9,6,2,9,43,0,0,52,0,9,43,52
226675,10,7,1,2,25,0,0,27,0,2,25,27
226675,10,7,2,2,25,0,0,27,0,2,25,27
226675,11,8,1,4,13,0,0,17,0,4,13,17
226675,11,8,2,4,13,0,0,17,0,4,13,17
226675,12,9,1,0,4,0,0,4,0,0,4,4
226675,12,9,2,0,4,0,0,4,0,0,4,4
226806,1,412,1,511,867,1341,2018,1378,3359,1852,2885,4737
226806,1,112,2,511,867,1341,2018,1378,3359,1852,2885,4737
226806,2,999,1,421,663,1061,1348,1084,2409,1482,2011,3493
226806,2,999,2,421,663,1061,1348,1084,2409,1482,2011,3493
226806,3,1,1,50,102,494,595,152,1089,544,697,1241
226806,3,1,2,50,102,494,595,152,1089,544,697,1241
226806,4,2,1,204,288,272,315,492,587,476,603,1079
226806,4,2,2,204,288,272,315,492,587,476,603,1079
226806,5,3,1,112,192,168,199,304,367,280,391,671
226806,5,3,2,112,192,168,199,304,367,280,391,671
226806,6,4,1,55,81,127,239,136,366,182,320,502
226806,6,4,2,55,81,127,239,136,366,182,320,502
226806,7,999,1,90,204,280,670,294,950,370,874,1244
226806,7,999,2,90,204,280,670,294,950,370,874,1244
226806,8,5,1,33,92,98,220,125,318,131,312,443
226806,8,5,2,33,92,98,220,125,318,131,312,443
226806,9,6,1,26,45,74,180,71,254,100,225,325
226806,9,6,2,26,45,74,180,71,254,100,225,325
226806,10,7,1,21,37,41,103,58,144,62,140,202
226806,10,7,2,21,37,41,103,58,144,62,140,202
226806,11,8,1,9,25,47,103,34,150,56,128,184
226806,11,8,2,9,25,47,103,34,150,56,128,184
226806,12,9,1,1,5,16,50,6,66,17,55,72
226806,12,9,2,1,5,16,50,6,66,17,55,72
226806,13,10,1,0,0,4,14,0,18,4,14,18
226806,13,10,2,0,0,4,14,0,18,4,14,18
227146,1,412,1,1064,1516,1601,2958,2580,4559,2665,4474,7139
227146,1,112,2,1064,1516,1601,2958,2580,4559,2665,4474,7139
227146,2,999,1,977,1209,1425,2316,2186,3741,2402,3525,5927
227146,2,999,2,977,1209,1425,2316,2186,3741,2402,3525,5927
227146,3,1,1,77,116,964,1531,193,2495,1041,1647,2688
227146,3,1,2,77,116,964,1531,193,2495,1041,1647,2688
227146,4,2,1,628,744,226,291,1372,517,854,1035,1889
227146,4,2,2,628,744,226,291,1372,517,854,1035,1889
227146,5,3,1,204,228,141,277,432,418,345,505,850
227146,5,3,2,204,228,141,277,432,418,345,505,850
227146,6,4,1,68,121,94,217,189,311,162,338,500
227146,6,4,2,68,121,94,217,189,311,162,338,500
227146,7,999,1,87,307,176,642,394,818,263,949,1212
227146,7,999,2,87,307,176,642,394,818,263,949,1212
227146,8,5,1,42,118,60,222,160,282,102,340,442
227146,8,5,2,42,118,60,222,160,282,102,340,442
227146,9,6,1,24,83,32,154,107,186,56,237,293
227146,9,6,2,24,83,32,154,107,186,56,237,293
227146,10,7,1,8,42,33,116,50,149,41,158,199
227146,10,7,2,8,42,33,116,50,149,41,158,199
227146,11,8,1,9,51,40,101,60,141,49,152,201
227146,11,8,2,9,51,40,101,60,141,49,152,201
227146,12,9,1,4,13,10,45,17,55,14,58,72
227146,12,9,2,4,13,10,45,17,55,14,58,72
227146,13,10,1,0,0,1,4,0,5,1,4,5
227146,13,10,2,0,0,1,4,0,5,1,4,5
227182,1,412,1,8441,11481,18608,31579,19922,50187,27049,43060,70109
227182,1,112,2,8441,11481,18608,31579,19922,50187,27049,43060,70109
227182,2,999,1,7104,9480,14934,22670,16584,37604,22038,32150,54188
227182,2,999,2,7104,9480,14934,22670,16584,37604,22038,32150,54188
227182,3,1,1,793,1328,6817,10512,2121,17329,7610,11840,19450
227182,3,1,2,793,1328,6817,10512,2121,17329,7610,11840,19450
227182,4,2,1,4083,5364,2861,4253,9447,7114,6944,9617,16561
227182,4,2,2,4083,5364,2861,4253,9447,7114,6944,9617,16561
227182,5,3,1,1494,1770,3019,4291,3264,7310,4513,6061,10574
227182,5,3,2,1494,1770,3019,4291,3264,7310,4513,6061,10574
227182,6,4,1,734,1018,2237,3614,1752,5851,2971,4632,7603
227182,6,4,2,734,1018,2237,3614,1752,5851,2971,4632,7603
227182,7,999,1,1337,2001,3674,8909,3338,12583,5011,10910,15921
227182,7,999,2,1337,2001,3674,8909,3338,12583,5011,10910,15921
227182,8,5,1,601,794,1649,3338,1395,4987,2250,4132,6382
227182,8,5,2,601,794,1649,3338,1395,4987,2250,4132,6382
227182,9,6,1,322,464,793,1991,786,2784,1115,2455,3570
227182,9,6,2,322,464,793,1991,786,2784,1115,2455,3570
227182,10,7,1,198,310,477,1355,508,1832,675,1665,2340
227182,10,7,2,198,310,477,1355,508,1832,675,1665,2340
227182,11,8,1,163,338,506,1593,501,2099,669,1931,2600
227182,11,8,2,163,338,506,1593,501,2099,669,1931,2600
227182,12,9,1,49,92,218,585,141,803,267,677,944
227182,12,9,2,49,92,218,585,141,803,267,677,944
227182,13,10,1,4,3,31,47,7,78,35,50,85
227182,13,10,2,4,3,31,47,7,78,35,50,85
227216,1,412,1,13658,16342,4876,6077,30000,10953,18534,22419,40953
227216,1,112,2,12103,14250,3244,3217,26353,6461,15347,17467,32814
227216,1,312,5,1555,2092,1632,2860,3647,4492,3187,4952,8139
227216,2,999,1,11263,14174,2177,2497,25437,4674,13440,16671,30111
227216,2,999,2,10687,13218,1961,2007,23905,3968,12648,15225,27873
227216,2,999,5,576,956,216,490,1532,706,792,1446,2238
227216,3,1,1,284,317,14,20,601,34,298,337,635
227216,3,1,2,284,317,14,20,601,34,298,337,635
227216,4,2,1,3927,5418,192,251,9345,443,4119,5669,9788
227216,4,2,2,3926,5417,192,250,9343,442,4118,5667,9785
227216,4,2,5,1,1,0,1,2,1,1,2,3
227216,5,3,1,3859,5272,635,689,9131,1324,4494,5961,10455
227216,5,3,2,3814,5173,624,660,8987,1284,4438,5833,10271
227216,5,3,5,45,99,11,29,144,40,56,128,184
227216,6,4,1,3193,3167,1336,1537,6360,2873,4529,4704,9233
227216,6,4,2,2663,2311,1131,1077,4974,2208,3794,3388,7182
227216,6,4,5,530,856,205,460,1386,665,735,1316,2051
227216,7,999,1,2395,2168,2699,3580,4563,6279,5094,5748,10842
227216,7,999,2,1416,1032,1283,1210,2448,2493,2699,2242,4941
227216,7,999,5,979,1136,1416,2370,2115,3786,2395,3506,5901
227216,8,5,1,1517,1292,1099,1348,2809,2447,2616,2640,5256
227216,8,5,2,989,665,685,594,1654,1279,1674,1259,2933
227216,8,5,5,528,627,414,754,1155,1168,942,1381,2323
227216,9,6,1,475,422,613,765,897,1378,1088,1187,2275
227216,9,6,2,252,187,229,228,439,457,481,415,896
227216,9,6,5,223,235,384,537,458,921,607,772,1379
227216,10,7,1,193,197,421,515,390,936,614,712,1326
227216,10,7,2,83,71,164,146,154,310,247,217,464
227216,10,7,5,110,126,257,369,236,626,367,495,862
227216,11,8,1,164,195,385,661,359,1046,549,856,1405
227216,11,8,2,79,79,138,154,158,292,217,233,450
227216,11,8,5,85,116,247,507,201,754,332,623,955
227216,12,9,1,41,60,161,278,101,439,202,338,540
227216,12,9,2,12,29,60,84,41,144,72,113,185
227216,12,9,5,29,31,101,194,60,295,130,225,355
227216,13,10,1,5,2,20,13,7,33,25,15,40
227216,13,10,2,1,1,7,4,2,11,8,5,13
227216,13,10,5,4,1,13,9,5,22,17,10,27
227298,1,412,1,147,10,0,0,157,0,147,10,157
227298,1,112,2,147,10,0,0,157,0,147,10,157
227298,2,999,1,73,6,0,0,79,0,73,6,79
227298,2,999,2,73,6,0,0,79,0,73,6,79
227298,4,2,1,32,2,0,0,34,0,32,2,34
227298,4,2,2,32,2,0,0,34,0,32,2,34
227298,5,3,1,26,2,0,0,28,0,26,2,28
227298,5,3,2,26,2,0,0,28,0,26,2,28
227298,6,4,1,15,2,0,0,17,0,15,2,17
227298,6,4,2,15,2,0,0,17,0,15,2,17
227298,7,999,1,74,4,0,0,78,0,74,4,78
227298,7,999,2,74,4,0,0,78,0,74,4,78
227298,8,5,1,46,4,0,0,50,0,46,4,50
227298,8,5,2,46,4,0,0,50,0,46,4,50
227298,9,6,1,12,0,0,0,12,0,12,0,12
227298,9,6,2,12,0,0,0,12,0,12,0,12
227298,10,7,1,6,0,0,0,6,0,6,0,6
227298,10,7,2,6,0,0,0,6,0,6,0,6
227298,11,8,1,8,0,0,0,8,0,8,0,8
227298,11,8,2,8,0,0,0,8,0,8,0,8
227298,12,9,1,2,0,0,0,2,0,2,0,2
227298,12,9,2,2,0,0,0,2,0,2,0,2
227331,1,412,1,611,1847,71,242,2458,313,682,2089,2771
227331,1,112,2,362,815,39,78,1177,117,401,893,1294
227331,1,312,5,249,1032,32,164,1281,196,281,1196,1477
227331,2,999,1,340,829,24,52,1169,76,364,881,1245
227331,2,999,2,317,707,22,32,1024,54,339,739,1078
227331,2,999,5,23,122,2,20,145,22,25,142,167
227331,3,1,1,1,2,11,12,3,23,12,14,26
227331,3,1,2,1,2,11,12,3,23,12,14,26
227331,4,2,1,144,330,3,3,474,6,147,333,480
227331,4,2,2,144,330,3,3,474,6,147,333,480
227331,5,3,1,122,305,1,7,427,8,123,312,435
227331,5,3,2,121,298,1,7,419,8,122,305,427
227331,5,3,5,1,7,0,0,8,0,1,7,8
227331,6,4,1,73,192,9,30,265,39,82,222,304
227331,6,4,2,51,77,7,10,128,17,58,87,145
227331,6,4,5,22,115,2,20,137,22,24,135,159
227331,7,999,1,271,1018,47,190,1289,237,318,1208,1526
227331,7,999,2,45,108,17,46,153,63,62,154,216
227331,7,999,5,226,910,30,144,1136,174,256,1054,1310
227331,8,5,1,63,299,8,54,362,62,71,353,424
227331,8,5,2,18,36,2,12,54,14,20,48,68
227331,8,5,5,45,263,6,42,308,48,51,305,356
227331,9,6,1,51,243,16,44,294,60,67,287,354
227331,9,6,2,11,35,8,10,46,18,19,45,64
227331,9,6,5,40,208,8,34,248,42,48,242,290
227331,10,7,1,49,150,9,39,199,48,58,189,247
227331,10,7,2,5,19,4,12,24,16,9,31,40
227331,10,7,5,44,131,5,27,175,32,49,158,207
227331,11,8,1,72,219,8,36,291,44,80,255,335
227331,11,8,2,9,9,1,8,18,9,10,17,27
227331,11,8,5,63,210,7,28,273,35,70,238,308
227331,12,9,1,32,103,6,16,135,22,38,119,157
227331,12,9,2,2,9,2,4,11,6,4,13,17
227331,12,9,5,30,94,4,12,124,16,34,106,140
227331,13,10,1,4,4,0,1,8,1,4,5,9
227331,13,10,5,4,4,0,1,8,1,4,5,9
227377,1,412,1,948,1225,2685,3919,2173,6604,3633,5144,8777
227377,1,112,2,948,1225,2685,3919,2173,6604,3633,5144,8777
227377,2,999,1,839,1039,2474,3467,1878,5941,3313,4506,7819
227377,2,999,2,839,1039,2474,3467,1878,5941,3313,4506,7819
227377,3,1,1,27,35,1547,2261,62,3808,1574,2296,3870
227377,3,1,2,27,35,1547,2261,62,3808,1574,2296,3870
227377,4,2,1,383,461,455,620,844,1075,838,1081,1919
227377,4,2,2,383,461,455,620,844,1075,838,1081,1919
227377,5,3,1,316,390,273,336,706,609,589,726,1315
227377,5,3,2,316,390,273,336,706,609,589,726,1315
227377,6,4,1,113,153,199,250,266,449,312,403,715
227377,6,4,2,113,153,199,250,266,449,312,403,715
227377,7,999,1,107,185,202,445,292,647,309,630,939
227377,7,999,2,107,185,202,445,292,647,309,630,939
227377,8,5,1,51,82,111,218,133,329,162,300,462
227377,8,5,2,51,82,111,218,133,329,162,300,462
227377,9,6,1,25,50,41,87,75,128,66,137,203
227377,9,6,2,25,50,41,87,75,128,66,137,203
227377,10,7,1,18,26,25,60,44,85,43,86,129
227377,10,7,2,18,26,25,60,44,85,43,86,129
227377,11,8,1,12,24,21,61,36,82,33,85,118
227377,11,8,2,12,24,21,61,36,82,33,85,118
227377,12,9,1,1,3,4,18,4,22,5,21,26
227377,12,9,2,1,3,4,18,4,22,5,21,26
227377,13,10,1,0,0,0,1,0,1,0,1,1
227377,13,10,2,0,0,0,1,0,1,0,1,1
227377,14,11,1,2,1,9,7,3,16,11,8,19
227377,14,11,2,2,1,9,7,3,16,11,8,19
227386,1,412,1,329,622,538,1024,951,1562,867,1646,2513
227386,1,112,2,329,622,538,1024,951,1562,867,1646,2513
227386,2,999,1,292,461,493,772,753,1265,785,1233,2018
227386,2,999,2,292,461,493,772,753,1265,785,1233,2018
227386,3,1,1,24,38,417,550,62,967,441,588,1029
227386,3,1,2,24,38,417,550,62,967,441,588,1029
227386,4,2,1,208,264,38,84,472,122,246,348,594
227386,4,2,2,208,264,38,84,472,122,246,348,594
227386,5,3,1,39,97,21,80,136,101,60,177,237
227386,5,3,2,39,97,21,80,136,101,60,177,237
227386,6,4,1,21,62,17,58,83,75,38,120,158
227386,6,4,2,21,62,17,58,83,75,38,120,158
227386,7,999,1,37,161,45,252,198,297,82,413,495
227386,7,999,2,37,161,45,252,198,297,82,413,495
227386,8,5,1,11,69,11,79,80,90,22,148,170
227386,8,5,2,11,69,11,79,80,90,22,148,170
227386,9,6,1,10,43,9,71,53,80,19,114,133
227386,9,6,2,10,43,9,71,53,80,19,114,133
227386,10,7,1,6,21,11,41,27,52,17,62,79
227386,10,7,2,6,21,11,41,27,52,17,62,79
227386,11,8,1,8,24,12,45,32,57,20,69,89
227386,11,8,2,8,24,12,45,32,57,20,69,89
227386,12,9,1,2,4,2,16,6,18,4,20,24
227386,12,9,2,2,4,2,16,6,18,4,20,24
227401,1,412,1,574,944,1069,1834,1518,2903,1643,2778,4421
227401,1,112,2,574,944,1069,1834,1518,2903,1643,2778,4421
227401,2,999,1,465,683,923,1441,1148,2364,1388,2124,3512
227401,2,999,2,465,683,923,1441,1148,2364,1388,2124,3512
227401,3,1,1,47,93,638,938,140,1576,685,1031,1716
227401,3,1,2,47,93,638,938,140,1576,685,1031,1716
227401,4,2,1,289,379,150,218,668,368,439,597,1036
227401,4,2,2,289,379,150,218,668,368,439,597,1036
227401,5,3,1,85,117,67,99,202,166,152,216,368
227401,5,3,2,85,117,67,99,202,166,152,216,368
227401,6,4,1,44,94,68,186,138,254,112,280,392
227401,6,4,2,44,94,68,186,138,254,112,280,392
227401,7,999,1,109,261,146,393,370,539,255,654,909
227401,7,999,2,109,261,146,393,370,539,255,654,909
227401,8,5,1,50,99,57,139,149,196,107,238,345
227401,8,5,2,50,99,57,139,149,196,107,238,345
227401,9,6,1,21,75,37,110,96,147,58,185,243
227401,9,6,2,21,75,37,110,96,147,58,185,243
227401,10,7,1,18,42,16,47,60,63,34,89,123
227401,10,7,2,18,42,16,47,60,63,34,89,123
227401,11,8,1,16,33,23,63,49,86,39,96,135
227401,11,8,2,16,33,23,63,49,86,39,96,135
227401,12,9,1,2,11,12,34,13,46,14,45,59
227401,12,9,2,2,11,12,34,13,46,14,45,59
227401,13,10,1,2,1,1,0,3,1,3,1,4
227401,13,10,2,2,1,1,0,3,1,3,1,4
227429,1,412,1,187,241,16,24,428,40,203,265,468
227429,1,112,2,187,241,16,24,428,40,203,265,468
227429,2,999,1,167,207,10,13,374,23,177,220,397
227429,2,999,2,167,207,10,13,374,23,177,220,397
227429,3,1,1,0,1,0,0,1,0,0,1,1
227429,3,1,2,0,1,0,0,1,0,0,1,1
227429,4,2,1,62,81,3,1,143,4,65,82,147
227429,4,2,2,62,81,3,1,143,4,65,82,147
227429,5,3,1,54,91,4,3,145,7,58,94,152
227429,5,3,2,54,91,4,3,145,7,58,94,152
227429,6,4,1,51,34,3,9,85,12,54,43,97
227429,6,4,2,51,34,3,9,85,12,54,43,97
227429,7,999,1,20,34,6,11,54,17,26,45,71
227429,7,999,2,20,34,6,11,54,17,26,45,71
227429,8,5,1,12,13,2,9,25,11,14,22,36
227429,8,5,2,12,13,2,9,25,11,14,22,36
227429,9,6,1,2,4,0,0,6,0,2,4,6
227429,9,6,2,2,4,0,0,6,0,2,4,6
227429,10,7,1,1,5,0,0,6,0,1,5,6
227429,10,7,2,1,5,0,0,6,0,1,5,6
227429,11,8,1,5,8,2,0,13,2,7,8,15
227429,11,8,2,5,8,2,0,13,2,7,8,15
227429,12,9,1,0,3,2,1,3,3,2,4,6
227429,12,9,2,0,3,2,1,3,3,2,4,6
227429,13,10,1,0,1,0,1,1,1,0,2,2
227429,13,10,2,0,1,0,1,1,1,0,2,2
227526,1,412,1,2634,5330,484,800,7964,1284,3118,6130,9248
227526,1,112,2,2475,5096,322,479,7571,801,2797,5575,8372
227526,1,312,5,159,234,162,321,393,483,321,555,876
227526,2,999,1,2338,4856,259,408,7194,667,2597,5264,7861
227526,2,999,2,2282,4785,242,363,7067,605,2524,5148,7672
227526,2,999,5,56,71,17,45,127,62,73,116,189
227526,3,1,1,19,51,2,1,70,3,21,52,73
227526,3,1,2,19,51,2,1,70,3,21,52,73
227526,4,2,1,849,2205,60,81,3054,141,909,2286,3195
227526,4,2,2,849,2205,60,81,3054,141,909,2286,3195
227526,5,3,1,849,1826,60,129,2675,189,909,1955,2864
227526,5,3,2,847,1818,60,126,2665,186,907,1944,2851
227526,5,3,5,2,8,0,3,10,3,2,11,13
227526,6,4,1,621,774,137,197,1395,334,758,971,1729
227526,6,4,2,567,711,120,155,1278,275,687,866,1553
227526,6,4,5,54,63,17,42,117,59,71,105,176
227526,7,999,1,296,474,225,392,770,617,521,866,1387
227526,7,999,2,193,311,80,116,504,196,273,427,700
227526,7,999,5,103,163,145,276,266,421,248,439,687
227526,8,5,1,160,218,97,120,378,217,257,338,595
227526,8,5,2,115,148,40,44,263,84,155,192,347
227526,8,5,5,45,70,57,76,115,133,102,146,248
227526,9,6,1,40,76,46,83,116,129,86,159,245
227526,9,6,2,17,47,15,24,64,39,32,71,103
227526,9,6,5,23,29,31,59,52,90,54,88,142
227526,10,7,1,21,44,27,56,65,83,48,100,148
227526,10,7,2,7,19,10,17,26,27,17,36,53
227526,10,7,5,14,25,17,39,39,56,31,64,95
227526,11,8,1,23,42,34,72,65,106,57,114,171
227526,11,8,2,10,18,9,16,28,25,19,34,53
227526,11,8,5,13,24,25,56,37,81,38,80,118
227526,12,9,1,7,15,7,43,22,50,14,58,72
227526,12,9,2,5,8,1,9,13,10,6,17,23
227526,12,9,5,2,7,6,34,9,40,8,41,49
227526,13,10,1,45,79,14,18,124,32,59,97,156
227526,13,10,2,39,71,5,6,110,11,44,77,121
227526,13,10,5,6,8,9,12,14,21,15,20,35
227757,1,412,1,4111,3045,303,184,7156,487,4414,3229,7643
227757,1,112,2,2066,1894,65,51,3960,116,2131,1945,4076
227757,1,312,5,2045,1151,238,133,3196,371,2283,1284,3567
227757,2,999,1,2590,2263,133,85,4853,218,2723,2348,5071
227757,2,999,2,2055,1890,61,51,3945,112,2116,1941,4057
227757,2,999,5,535,373,72,34,908,106,607,407,1014
227757,3,1,1,42,30,1,0,72,1,43,30,73
227757,3,1,2,42,30,1,0,72,1,43,30,73
227757,4,2,1,879,864,7,13,1743,20,886,877,1763
227757,4,2,2,878,864,7,13,1742,20,885,877,1762
227757,4,2,5,1,0,0,0,1,0,1,0,1
227757,5,3,1,990,910,38,31,1900,69,1028,941,1969
227757,5,3,2,974,899,38,30,1873,68,1012,929,1941
227757,5,3,5,16,11,0,1,27,1,16,12,28
227757,6,4,1,679,459,87,41,1138,128,766,500,1266
227757,6,4,2,161,97,15,8,258,23,176,105,281
227757,6,4,5,518,362,72,33,880,105,590,395,985
227757,7,999,1,1521,782,170,99,2303,269,1691,881,2572
227757,7,999,2,11,4,4,0,15,4,15,4,19
227757,7,999,5,1510,778,166,99,2288,265,1676,877,2553
227757,8,5,1,795,473,61,28,1268,89,856,501,1357
227757,8,5,2,11,3,3,0,14,3,14,3,17
227757,8,5,5,784,470,58,28,1254,86,842,498,1340
227757,9,6,1,415,189,41,17,604,58,456,206,662
227757,9,6,2,0,1,0,0,1,0,0,1,1
227757,9,6,5,415,188,41,17,603,58,456,205,661
227757,10,7,1,178,58,25,19,236,44,203,77,280
227757,10,7,5,178,58,25,19,236,44,203,77,280
227757,11,8,1,121,55,21,17,176,38,142,72,214
227757,11,8,5,121,55,21,17,176,38,142,72,214
227757,12,9,1,12,7,15,15,19,30,27,22,49
227757,12,9,2,0,0,1,0,0,1,1,0,1
227757,12,9,5,12,7,14,15,19,29,26,22,48
227757,13,10,1,0,0,7,3,0,10,7,3,10
227757,13,10,5,0,0,7,3,0,10,7,3,10
227845,1,412,1,1069,1869,222,431,2938,653,1291,2300,3591
227845,1,112,2,1042,1778,87,107,2820,194,1129,1885,3014
227845,1,312,5,27,91,135,324,118,459,162,415,577
227845,2,999,1,963,1747,81,123,2710,204,1044,1870,2914
227845,2,999,2,954,1712,57,66,2666,123,1011,1778,2789
227845,2,999,5,9,35,24,57,44,81,33,92,125
227845,3,1,1,8,11,0,0,19,0,8,11,19
227845,3,1,2,8,11,0,0,19,0,8,11,19
227845,4,2,1,353,699,2,5,1052,7,355,704,1059
227845,4,2,2,353,699,2,5,1052,7,355,704,1059
227845,5,3,1,436,815,20,32,1251,52,456,847,1303
227845,5,3,2,436,814,20,29,1250,49,456,843,1299
227845,5,3,5,0,1,0,3,1,3,0,4,4
227845,6,4,1,166,222,59,86,388,145,225,308,533
227845,6,4,2,157,188,35,32,345,67,192,220,412
227845,6,4,5,9,34,24,54,43,78,33,88,121
227845,7,999,1,106,122,141,308,228,449,247,430,677
227845,7,999,2,88,66,30,41,154,71,118,107,225
227845,7,999,5,18,56,111,267,74,378,129,323,452
227845,8,5,1,63,68,43,91,131,134,106,159,265
227845,8,5,2,56,42,9,13,98,22,65,55,120
227845,8,5,5,7,26,34,78,33,112,41,104,145
227845,9,6,1,26,29,20,68,55,88,46,97,143
227845,9,6,2,22,16,3,7,38,10,25,23,48
227845,9,6,5,4,13,17,61,17,78,21,74,95
227845,10,7,1,11,9,24,48,20,72,35,57,92
227845,10,7,2,5,3,6,4,8,10,11,7,18
227845,10,7,5,6,6,18,44,12,62,24,50,74
227845,11,8,1,5,13,39,60,18,99,44,73,117
227845,11,8,2,4,4,10,10,8,20,14,14,28
227845,11,8,5,1,9,29,50,10,79,30,59,89
227845,12,9,1,1,2,15,39,3,54,16,41,57
227845,12,9,2,1,1,2,6,2,8,3,7,10
227845,12,9,5,0,1,13,33,1,46,13,34,47
227845,13,10,1,0,1,0,2,1,2,0,3,3
227845,13,10,2,0,0,0,1,0,1,0,1,1
227845,13,10,5,0,1,0,1,1,1,0,2,2
227854,1,412,1,690,880,4492,6634,1570,11126,5182,7514,12696
227854,1,112,2,690,880,4492,6634,1570,11126,5182,7514,12696
227854,2,999,1,515,628,3176,4137,1143,7313,3691,4765,8456
227854,2,999,2,515,628,3176,4137,1143,7313,3691,4765,8456
227854,3,1,1,123,175,1456,1536,298,2992,1579,1711,3290
227854,3,1,2,123,175,1456,1536,298,2992,1579,1711,3290
227854,4,2,1,244,242,673,843,486,1516,917,1085,2002
227854,4,2,2,244,242,673,843,486,1516,917,1085,2002
227854,5,3,1,93,110,536,869,203,1405,629,979,1608
227854,5,3,2,93,110,536,869,203,1405,629,979,1608
227854,6,4,1,55,101,511,889,156,1400,566,990,1556
227854,6,4,2,55,101,511,889,156,1400,566,990,1556
227854,7,999,1,175,252,1316,2497,427,3813,1491,2749,4240
227854,7,999,2,175,252,1316,2497,427,3813,1491,2749,4240
227854,8,5,1,58,99,548,967,157,1515,606,1066,1672
227854,8,5,2,58,99,548,967,157,1515,606,1066,1672
227854,9,6,1,41,69,284,614,110,898,325,683,1008
227854,9,6,2,41,69,284,614,110,898,325,683,1008
227854,10,7,1,29,40,206,396,69,602,235,436,671
227854,10,7,2,29,40,206,396,69,602,235,436,671
227854,11,8,1,36,28,196,392,64,588,232,420,652
227854,11,8,2,36,28,196,392,64,588,232,420,652
227854,12,9,1,9,16,78,124,25,202,87,140,227
227854,12,9,2,9,16,78,124,25,202,87,140,227
227854,13,10,1,2,0,4,4,2,8,6,4,10
227854,13,10,2,2,0,4,4,2,8,6,4,10
227863,1,412,1,885,1483,505,819,2368,1324,1390,2302,3692
227863,1,112,2,698,1270,237,206,1968,443,935,1476,2411
227863,1,312,5,187,213,268,613,400,881,455,826,1281
227863,2,999,1,584,1079,73,105,1663,178,657,1184,1841
227863,2,999,2,555,1050,64,85,1605,149,619,1135,1754
227863,2,999,5,29,29,9,20,58,29,38,49,87
227863,3,1,1,2,4,28,11,6,39,30,15,45
227863,3,1,2,2,4,28,11,6,39,30,15,45
227863,4,2,1,230,398,8,10,628,18,238,408,646
227863,4,2,2,230,398,8,10,628,18,238,408,646
227863,5,3,1,207,427,6,10,634,16,213,437,650
227863,5,3,2,205,425,6,10,630,16,211,435,646
227863,5,3,5,2,2,0,0,4,0,2,2,4
227863,6,4,1,145,250,31,74,395,105,176,324,500
227863,6,4,2,118,223,22,54,341,76,140,277,417
227863,6,4,5,27,27,9,20,54,29,36,47,83
227863,7,999,1,301,404,432,714,705,1146,733,1118,1851
227863,7,999,2,143,220,173,121,363,294,316,341,657
227863,7,999,5,158,184,259,593,342,852,417,777,1194
227863,8,5,1,115,154,65,172,269,237,180,326,506
227863,8,5,2,68,97,21,39,165,60,89,136,225
227863,8,5,5,47,57,44,133,104,177,91,190,281
227863,9,6,1,72,67,56,144,139,200,128,211,339
227863,9,6,2,32,39,8,24,71,32,40,63,103
227863,9,6,5,40,28,48,120,68,168,88,148,236
227863,10,7,1,46,67,48,105,113,153,94,172,266
227863,10,7,2,20,39,11,14,59,25,31,53,84
227863,10,7,5,26,28,37,91,54,128,63,119,182
227863,11,8,1,53,76,92,168,129,260,145,244,389
227863,11,8,2,18,32,33,20,50,53,51,52,103
227863,11,8,5,35,44,59,148,79,207,94,192,286
227863,12,9,1,15,39,155,116,54,271,170,155,325
227863,12,9,2,5,13,94,23,18,117,99,36,135
227863,12,9,5,10,26,61,93,36,154,71,119,190
227863,13,10,1,0,1,16,9,1,25,16,10,26
227863,13,10,2,0,0,6,1,0,7,6,1,7
227863,13,10,5,0,1,10,8,1,18,10,9,19
227881,1,412,1,5903,9937,2037,4035,15840,6072,7940,13972,21912
227881,1,112,2,5620,9400,1354,2437,15020,3791,6974,11837,18811
227881,1,312,5,283,537,683,1598,820,2281,966,2135,3101
227881,2,999,1,5164,8803,887,1710,13967,2597,6051,10513,16564
227881,2,999,2,5032,8513,797,1422,13545,2219,5829,9935,15764
227881,2,999,5,132,290,90,288,422,378,222,578,800
227881,3,1,1,19,85,1,5,104,6,20,90,110
227881,3,1,2,19,85,1,5,104,6,20,90,110
227881,4,2,1,1732,3234,97,226,4966,323,1829,3460,5289
227881,4,2,2,1732,3234,97,226,4966,323,1829,3460,5289
227881,5,3,1,1980,3423,261,450,5403,711,2241,3873,6114
227881,5,3,2,1968,3388,259,425,5356,684,2227,3813,6040
227881,5,3,5,12,35,2,25,47,27,14,60,74
227881,6,4,1,1433,2061,528,1029,3494,1557,1961,3090,5051
227881,6,4,2,1313,1806,440,766,3119,1206,1753,2572,4325
227881,6,4,5,120,255,88,263,375,351,208,518,726
227881,7,999,1,739,1134,1150,2325,1873,3475,1889,3459,5348
227881,7,999,2,588,887,557,1015,1475,1572,1145,1902,3047
227881,7,999,5,151,247,593,1310,398,1903,744,1557,2301
227881,8,5,1,440,621,422,830,1061,1252,862,1451,2313
227881,8,5,2,370,493,268,435,863,703,638,928,1566
227881,8,5,5,70,128,154,395,198,549,224,523,747
227881,9,6,1,153,225,249,488,378,737,402,713,1115
227881,9,6,2,111,178,134,214,289,348,245,392,637
227881,9,6,5,42,47,115,274,89,389,157,321,478
227881,10,7,1,63,122,177,348,185,525,240,470,710
227881,10,7,2,46,99,63,138,145,201,109,237,346
227881,10,7,5,17,23,114,210,40,324,131,233,364
227881,11,8,1,58,120,215,471,178,686,273,591,864
227881,11,8,2,45,92,70,161,137,231,115,253,368
227881,11,8,5,13,28,145,310,41,455,158,338,496
227881,12,9,1,24,46,79,179,70,258,103,225,328
227881,12,9,2,16,25,21,64,41,85,37,89,126
227881,12,9,5,8,21,58,115,29,173,66,136,202
227881,13,10,1,1,0,8,9,1,17,9,9,18
227881,13,10,2,0,0,1,3,0,4,1,3,4
227881,13,10,5,1,0,7,6,1,13,8,6,14
227924,1,412,1,1338,2347,5715,9831,3685,15546,7053,12178,19231
227924,1,112,2,1338,2347,5715,9831,3685,15546,7053,12178,19231
227924,2,999,1,1004,1755,3727,5982,2759,9709,4731,7737,12468
227924,2,999,2,1004,1755,3727,5982,2759,9709,4731,7737,12468
227924,3,1,1,63,114,847,1559,177,2406,910,1673,2583
227924,3,1,2,63,114,847,1559,177,2406,910,1673,2583
227924,4,2,1,554,1000,1165,1491,1554,2656,1719,2491,4210
227924,4,2,2,554,1000,1165,1491,1554,2656,1719,2491,4210
227924,5,3,1,227,395,880,1531,622,2411,1107,1926,3033
227924,5,3,2,227,395,880,1531,622,2411,1107,1926,3033
227924,6,4,1,160,246,835,1401,406,2236,995,1647,2642
227924,6,4,2,160,246,835,1401,406,2236,995,1647,2642
227924,7,999,1,334,592,1988,3849,926,5837,2322,4441,6763
227924,7,999,2,334,592,1988,3849,926,5837,2322,4441,6763
227924,8,5,1,146,260,830,1486,406,2316,976,1746,2722
227924,8,5,2,146,260,830,1486,406,2316,976,1746,2722
227924,9,6,1,75,158,464,958,233,1422,539,1116,1655
227924,9,6,2,75,158,464,958,233,1422,539,1116,1655
227924,10,7,1,54,78,306,562,132,868,360,640,1000
227924,10,7,2,54,78,306,562,132,868,360,640,1000
227924,11,8,1,41,68,270,581,109,851,311,649,960
227924,11,8,2,41,68,270,581,109,851,311,649,960
227924,12,9,1,16,28,113,253,44,366,129,281,410
227924,12,9,2,16,28,113,253,44,366,129,281,410
227924,13,10,1,2,0,5,9,2,14,7,9,16
227924,13,10,2,2,0,5,9,2,14,7,9,16
227979,1,412,1,3664,5360,8339,13747,9024,22086,12003,19107,31110
227979,1,112,2,3664,5360,8339,13747,9024,22086,12003,19107,31110
227979,2,999,1,3179,4549,6390,9512,7728,15902,9569,14061,23630
227979,2,999,2,3179,4549,6390,9512,7728,15902,9569,14061,23630
227979,3,1,1,408,836,2210,3476,1244,5686,2618,4312,6930
227979,3,1,2,408,836,2210,3476,1244,5686,2618,4312,6930
227979,4,2,1,1800,2454,1430,1862,4254,3292,3230,4316,7546
227979,4,2,2,1800,2454,1430,1862,4254,3292,3230,4316,7546
227979,5,3,1,630,815,1526,2229,1445,3755,2156,3044,5200
227979,5,3,2,630,815,1526,2229,1445,3755,2156,3044,5200
227979,6,4,1,341,444,1224,1945,785,3169,1565,2389,3954
227979,6,4,2,341,444,1224,1945,785,3169,1565,2389,3954
227979,7,999,1,485,811,1949,4235,1296,6184,2434,5046,7480
227979,7,999,2,485,811,1949,4235,1296,6184,2434,5046,7480
227979,8,5,1,232,385,924,1789,617,2713,1156,2174,3330
227979,8,5,2,232,385,924,1789,617,2713,1156,2174,3330
227979,9,6,1,111,212,463,961,323,1424,574,1173,1747
227979,9,6,2,111,212,463,961,323,1424,574,1173,1747
227979,10,7,1,60,100,258,601,160,859,318,701,1019
227979,10,7,2,60,100,258,601,160,859,318,701,1019
227979,11,8,1,54,85,225,629,139,854,279,714,993
227979,11,8,2,54,85,225,629,139,854,279,714,993
227979,12,9,1,25,29,71,241,54,312,96,270,366
227979,12,9,2,25,29,71,241,54,312,96,270,366
227979,13,10,1,3,0,8,14,3,22,11,14,25
227979,13,10,2,3,0,8,14,3,22,11,14,25
228149,1,412,1,1289,1646,227,296,2935,523,1516,1942,3458
228149,1,112,2,871,1166,55,47,2037,102,926,1213,2139
228149,1,312,5,418,480,172,249,898,421,590,729,1319
228149,2,999,1,991,1353,47,52,2344,99,1038,1405,2443
228149,2,999,2,823,1123,31,32,1946,63,854,1155,2009
228149,2,999,5,168,230,16,20,398,36,184,250,434
228149,3,1,1,12,23,1,1,35,2,13,24,37
228149,3,1,2,12,23,1,1,35,2,13,24,37
228149,4,2,1,390,527,5,7,917,12,395,534,929
228149,4,2,2,390,527,5,7,917,12,395,534,929
228149,5,3,1,341,515,8,6,856,14,349,521,870
228149,5,3,2,328,501,7,6,829,13,335,507,842
228149,5,3,5,13,14,1,0,27,1,14,14,28
228149,6,4,1,248,288,33,38,536,71,281,326,607
228149,6,4,2,93,72,18,18,165,36,111,90,201
228149,6,4,5,155,216,15,20,371,35,170,236,406
228149,7,999,1,298,293,180,243,591,423,478,536,1014
228149,7,999,2,48,43,24,15,91,39,72,58,130
228149,7,999,5,250,250,156,228,500,384,406,478,884
228149,8,5,1,156,167,47,56,323,103,203,223,426
228149,8,5,2,23,21,6,4,44,10,29,25,54
228149,8,5,5,133,146,41,52,279,93,174,198,372
228149,9,6,1,63,58,42,47,121,89,105,105,210
228149,9,6,2,14,15,7,2,29,9,21,17,38
228149,9,6,5,49,43,35,45,92,80,84,88,172
228149,10,7,1,40,31,39,38,71,77,79,69,148
228149,10,7,2,8,4,4,4,12,8,12,8,20
228149,10,7,5,32,27,35,34,59,69,67,61,128
228149,11,8,1,27,20,33,58,47,91,60,78,138
228149,11,8,2,3,1,5,2,4,7,8,3,11
228149,11,8,5,24,19,28,56,43,84,52,75,127
228149,12,9,1,12,14,18,41,26,59,30,55,85
228149,12,9,2,0,2,2,1,2,3,2,3,5
228149,12,9,5,12,12,16,40,24,56,28,52,80
228149,13,10,1,0,3,1,3,3,4,1,6,7
228149,13,10,2,0,0,0,2,0,2,0,2,2
228149,13,10,5,0,3,1,1,3,2,1,4,5
228149,14,11,1,0,0,0,1,0,1,0,1,1
228149,14,11,5,0,0,0,1,0,1,0,1,1
228158,1,412,1,1739,2197,1820,3124,3936,4944,3559,5321,8880
228158,1,112,2,1739,2197,1820,3124,3936,4944,3559,5321,8880
228158,2,999,1,1411,1686,1449,2179,3097,3628,2860,3865,6725
228158,2,999,2,1411,1686,1449,2179,3097,3628,2860,3865,6725
228158,3,1,1,4,9,342,531,13,873,346,540,886
228158,3,1,2,4,9,342,531,13,873,346,540,886
228158,4,2,1,304,440,588,802,744,1390,892,1242,2134
228158,4,2,2,304,440,588,802,744,1390,892,1242,2134
228158,5,3,1,796,890,225,370,1686,595,1021,1260,2281
228158,5,3,2,796,890,225,370,1686,595,1021,1260,2281
228158,6,4,1,307,347,294,476,654,770,601,823,1424
228158,6,4,2,307,347,294,476,654,770,601,823,1424
228158,7,999,1,328,511,371,945,839,1316,699,1456,2155
228158,7,999,2,328,511,371,945,839,1316,699,1456,2155
228158,8,5,1,172,242,179,391,414,570,351,633,984
228158,8,5,2,172,242,179,391,414,570,351,633,984
228158,9,6,1,66,126,89,203,192,292,155,329,484
228158,9,6,2,66,126,89,203,192,292,155,329,484
228158,10,7,1,37,63,41,157,100,198,78,220,298
228158,10,7,2,37,63,41,157,100,198,78,220,298
228158,11,8,1,41,62,42,149,103,191,83,211,294
228158,11,8,2,41,62,42,149,103,191,83,211,294
228158,12,9,1,11,18,16,45,29,61,27,63,90
228158,12,9,2,11,18,16,45,29,61,27,63,90
228158,13,10,1,1,0,4,0,1,4,5,0,5
228158,13,10,2,1,0,4,0,1,4,5,0,5
228246,1,412,1,4786,4518,1608,1461,9304,3069,6394,5979,12373
228246,1,112,2,3386,3230,121,90,6616,211,3507,3320,6827
228246,1,312,5,1400,1288,1487,1371,2688,2858,2887,2659,5546
228246,2,999,1,3884,3831,327,366,7715,693,4211,4197,8408
228246,2,999,2,3331,3183,100,69,6514,169,3431,3252,6683
228246,2,999,5,553,648,227,297,1201,524,780,945,1725
228246,3,1,1,18,29,4,1,47,5,22,30,52
228246,3,1,2,18,29,4,1,47,5,22,30,52
228246,4,2,1,1409,1464,4,11,2873,15,1413,1475,2888
228246,4,2,2,1406,1462,4,10,2868,14,1410,1472,2882
228246,4,2,5,3,2,0,1,5,1,3,3,6
228246,5,3,1,1571,1529,35,32,3100,67,1606,1561,3167
228246,5,3,2,1548,1496,29,25,3044,54,1577,1521,3098
228246,5,3,5,23,33,6,7,56,13,29,40,69
228246,6,4,1,886,809,284,322,1695,606,1170,1131,2301
228246,6,4,2,359,196,63,33,555,96,422,229,651
228246,6,4,5,527,613,221,289,1140,510,748,902,1650
228246,7,999,1,902,687,1281,1095,1589,2376,2183,1782,3965
228246,7,999,2,55,47,21,21,102,42,76,68,144
228246,7,999,5,847,640,1260,1074,1487,2334,2107,1714,3821
228246,8,5,1,508,352,520,424,860,944,1028,776,1804
228246,8,5,2,43,26,10,8,69,18,53,34,87
228246,8,5,5,465,326,510,416,791,926,975,742,1717
228246,9,6,1,200,132,300,203,332,503,500,335,835
228246,9,6,2,4,12,6,4,16,10,10,16,26
228246,9,6,5,196,120,294,199,316,493,490,319,809
228246,10,7,1,87,72,170,143,159,313,257,215,472
228246,10,7,2,5,5,1,1,10,2,6,6,12
228246,10,7,5,82,67,169,142,149,311,251,209,460
228246,11,8,1,80,92,178,196,172,374,258,288,546
228246,11,8,2,3,1,3,3,4,6,6,4,10
228246,11,8,5,77,91,175,193,168,368,252,284,536
228246,12,9,1,25,37,104,109,62,213,129,146,275
228246,12,9,2,0,2,1,4,2,5,1,6,7
228246,12,9,5,25,35,103,105,60,208,128,140,268
228246,13,10,1,2,2,9,20,4,29,11,22,33
228246,13,10,2,0,1,0,1,1,1,0,2,2
228246,13,10,5,2,1,9,19,3,28,11,20,31
228282,1,412,1,2,23,0,0,25,0,2,23,25
228282,1,112,2,2,23,0,0,25,0,2,23,25
228282,2,999,1,1,17,0,0,18,0,1,17,18
228282,2,999,2,1,17,0,0,18,0,1,17,18
228282,4,2,1,0,4,0,0,4,0,0,4,4
228282,4,2,2,0,4,0,0,4,0,0,4,4
228282,5,3,1,0,7,0,0,7,0,0,7,7
228282,5,3,2,0,7,0,0,7,0,0,7,7
228282,6,4,1,1,6,0,0,7,0,1,6,7
228282,6,4,2,1,6,0,0,7,0,1,6,7
228282,7,999,1,1,6,0,0,7,0,1,6,7
228282,7,999,2,1,6,0,0,7,0,1,6,7
228282,8,5,1,1,4,0,0,5,0,1,4,5
228282,8,5,2,1,4,0,0,5,0,1,4,5
228282,9,6,1,0,2,0,0,2,0,0,2,2
228282,9,6,2,0,2,0,0,2,0,0,2,2
228316,1,412,1,674,1121,1915,2770,1795,4685,2589,3891,6480
228316,1,112,2,674,1121,1915,2770,1795,4685,2589,3891,6480
228316,2,999,1,635,1001,1753,2315,1636,4068,2388,3316,5704
228316,2,999,2,635,1001,1753,2315,1636,4068,2388,3316,5704
228316,3,1,1,245,417,1299,1632,662,2931,1544,2049,3593
228316,3,1,2,245,417,1299,1632,662,2931,1544,2049,3593
228316,4,2,1,288,430,234,308,718,542,522,738,1260
228316,4,2,2,288,430,234,308,718,542,522,738,1260
228316,5,3,1,78,91,129,199,169,328,207,290,497
228316,5,3,2,78,91,129,199,169,328,207,290,497
228316,6,4,1,24,63,91,176,87,267,115,239,354
228316,6,4,2,24,63,91,176,87,267,115,239,354
228316,7,999,1,39,120,162,455,159,617,201,575,776
228316,7,999,2,39,120,162,455,159,617,201,575,776
228316,8,5,1,15,54,70,184,69,254,85,238,323
228316,8,5,2,15,54,70,184,69,254,85,238,323
228316,9,6,1,11,33,42,127,44,169,53,160,213
228316,9,6,2,11,33,42,127,44,169,53,160,213
228316,10,7,1,6,19,14,54,25,68,20,73,93
228316,10,7,2,6,19,14,54,25,68,20,73,93
228316,11,8,1,5,11,24,68,16,92,29,79,108
228316,11,8,2,5,11,24,68,16,92,29,79,108
228316,12,9,1,2,3,10,22,5,32,12,25,37
228316,12,9,2,2,3,10,22,5,32,12,25,37
228316,13,10,1,0,0,2,0,0,2,2,0,2
228316,13,10,2,0,0,2,0,0,2,2,0,2
228343,1,412,1,669,819,10,8,1488,18,679,827,1506
228343,1,112,2,669,819,10,8,1488,18,679,827,1506
228343,2,999,1,644,805,7,6,1449,13,651,811,1462
228343,2,999,2,644,805,7,6,1449,13,651,811,1462
228343,3,1,1,2,6,0,0,8,0,2,6,8
228343,3,1,2,2,6,0,0,8,0,2,6,8
228343,4,2,1,304,386,0,0,690,0,304,386,690
228343,4,2,2,304,386,0,0,690,0,304,386,690
228343,5,3,1,287,359,2,4,646,6,289,363,652
228343,5,3,2,287,359,2,4,646,6,289,363,652
228343,6,4,1,51,54,5,2,105,7,56,56,112
228343,6,4,2,51,54,5,2,105,7,56,56,112
228343,7,999,1,25,14,3,2,39,5,28,16,44
228343,7,999,2,25,14,3,2,39,5,28,16,44
228343,8,5,1,18,9,1,0,27,1,19,9,28
228343,8,5,2,18,9,1,0,27,1,19,9,28
228343,9,6,1,5,3,0,1,8,1,5,4,9
228343,9,6,2,5,3,0,1,8,1,5,4,9
228343,10,7,1,0,1,1,0,1,1,1,1,2
228343,10,7,2,0,1,1,0,1,1,1,1,2
228343,11,8,1,1,1,0,1,2,1,1,2,3
228343,11,8,2,1,1,0,1,2,1,1,2,3
228343,13,10,1,1,0,1,0,1,1,2,0,2
228343,13,10,2,1,0,1,0,1,1,2,0,2
228431,1,412,1,3347,6129,1106,2038,9476,3144,4453,8167,12620
228431,1,112,2,3178,5704,793,1312,8882,2105,3971,7016,10987
228431,1,312,5,169,425,313,726,594,1039,482,1151,1633
228431,2,999,1,3042,5440,700,1117,8482,1817,3742,6557,10299
228431,2,999,2,2961,5199,656,1005,8160,1661,3617,6204,9821
228431,2,999,5,81,241,44,112,322,156,125,353,478
228431,3,1,1,8,50,350,570,58,920,358,620,978
228431,3,1,2,8,50,350,570,58,920,358,620,978
228431,4,2,1,1135,2139,60,80,3274,140,1195,2219,3414
228431,4,2,2,1135,2139,60,80,3274,140,1195,2219,3414
228431,5,3,1,1228,2305,84,153,3533,237,1312,2458,3770
228431,5,3,2,1215,2274,82,148,3489,230,1297,2422,3719
228431,5,3,5,13,31,2,5,44,7,15,36,51
228431,6,4,1,671,946,206,314,1617,520,877,1260,2137
228431,6,4,2,603,736,164,207,1339,371,767,943,1710
228431,6,4,5,68,210,42,107,278,149,110,317,427
228431,7,999,1,305,689,406,921,994,1327,711,1610,2321
228431,7,999,2,217,505,137,307,722,444,354,812,1166
228431,7,999,5,88,184,269,614,272,883,357,798,1155
228431,8,5,1,163,313,163,309,476,472,326,622,948
228431,8,5,2,115,225,72,117,340,189,187,342,529
228431,8,5,5,48,88,91,192,136,283,139,280,419
228431,9,6,1,75,138,73,160,213,233,148,298,446
228431,9,6,2,54,109,18,55,163,73,72,164,236
228431,9,6,5,21,29,55,105,50,160,76,134,210
228431,10,7,1,26,115,61,148,141,209,87,263,350
228431,10,7,2,18,91,17,39,109,56,35,130,165
228431,10,7,5,8,24,44,109,32,153,52,133,185
228431,11,8,1,30,97,73,202,127,275,103,299,402
228431,11,8,2,23,64,22,61,87,83,45,125,170
228431,11,8,5,7,33,51,141,40,192,58,174,232
228431,12,9,1,11,26,29,100,37,129,40,126,166
228431,12,9,2,7,16,6,35,23,41,13,51,64
228431,12,9,5,4,10,23,65,14,88,27,75,102
228431,13,10,1,0,0,7,2,0,9,7,2,9
228431,13,10,2,0,0,2,0,0,2,2,0,2
228431,13,10,5,0,0,5,2,0,7,5,2,7
228459,1,412,1,11421,17796,3779,4816,29217,8595,15200,22612,37812
228459,1,112,2,10492,16044,3108,3549,26536,6657,13600,19593,33193
228459,1,312,5,929,1752,671,1267,2681,1938,1600,3019,4619
228459,2,999,1,9824,16075,2273,2772,25899,5045,12097,18847,30944
228459,2,999,2,9467,15222,2192,2548,24689,4740,11659,17770,29429
228459,2,999,5,357,853,81,224,1210,305,438,1077,1515
228459,3,1,1,35,127,2,10,162,12,37,137,174
228459,3,1,2,35,127,2,10,162,12,37,137,174
228459,4,2,1,3399,6768,346,536,10167,882,3745,7304,11049
228459,4,2,2,3399,6768,346,536,10167,882,3745,7304,11049
228459,5,3,1,3673,6135,721,899,9808,1620,4394,7034,11428
228459,5,3,2,3658,6054,720,891,9712,1611,4378,6945,11323
228459,5,3,5,15,81,1,8,96,9,16,89,105
228459,6,4,1,2717,3045,1204,1327,5762,2531,3921,4372,8293
228459,6,4,2,2375,2273,1124,1111,4648,2235,3499,3384,6883
228459,6,4,5,342,772,80,216,1114,296,422,988,1410
228459,7,999,1,1597,1721,1506,2044,3318,3550,3103,3765,6868
228459,7,999,2,1025,822,916,1001,1847,1917,1941,1823,3764
228459,7,999,5,572,899,590,1043,1471,1633,1162,1942,3104
228459,8,5,1,1010,1050,713,891,2060,1604,1723,1941,3664
228459,8,5,2,718,553,529,519,1271,1048,1247,1072,2319
228459,8,5,5,292,497,184,372,789,556,476,869,1345
228459,9,6,1,324,321,302,410,645,712,626,731,1357
228459,9,6,2,190,137,168,206,327,374,358,343,701
228459,9,6,5,134,184,134,204,318,338,268,388,656
228459,10,7,1,125,143,191,253,268,444,316,396,712
228459,10,7,2,59,57,88,100,116,188,147,157,304
228459,10,7,5,66,86,103,153,152,256,169,239,408
228459,11,8,1,111,154,203,318,265,521,314,472,786
228459,11,8,2,51,58,98,120,109,218,149,178,327
228459,11,8,5,60,96,105,198,156,303,165,294,459
228459,12,9,1,26,51,87,160,77,247,113,211,324
228459,12,9,2,7,17,30,51,24,81,37,68,105
228459,12,9,5,19,34,57,109,53,166,76,143,219
228459,13,10,1,1,2,10,12,3,22,11,14,25
228459,13,10,2,0,0,3,5,0,8,3,5,8
228459,13,10,5,1,2,7,7,3,14,8,9,17
228468,1,412,1,223,373,70,88,596,158,293,461,754
228468,1,112,2,223,371,68,83,594,151,291,454,745
228468,1,312,5,0,2,2,5,2,7,2,7,9
228468,2,999,1,197,312,50,60,509,110,247,372,619
228468,2,999,2,197,311,50,60,508,110,247,371,618
228468,2,999,5,0,1,0,0,1,0,0,1,1
228468,3,1,1,1,7,34,54,8,88,35,61,96
228468,3,1,2,1,7,34,54,8,88,35,61,96
228468,4,2,1,97,121,5,2,218,7,102,123,225
228468,4,2,2,97,121,5,2,218,7,102,123,225
228468,5,3,1,69,122,2,2,191,4,71,124,195
228468,5,3,2,69,122,2,2,191,4,71,124,195
228468,6,4,1,30,62,9,2,92,11,39,64,103
228468,6,4,2,30,61,9,2,91,11,39,63,102
228468,6,4,5,0,1,0,0,1,0,0,1,1
228468,7,999,1,26,61,20,28,87,48,46,89,135
228468,7,999,2,26,60,18,23,86,41,44,83,127
228468,7,999,5,0,1,2,5,1,7,2,6,8
228468,8,5,1,14,23,8,7,37,15,22,30,52
228468,8,5,2,14,22,8,7,36,15,22,29,51
228468,8,5,5,0,1,0,0,1,0,0,1,1
228468,9,6,1,6,16,3,3,22,6,9,19,28
228468,9,6,2,6,16,3,2,22,5,9,18,27
228468,9,6,5,0,0,0,1,0,1,0,1,1
228468,10,7,1,2,9,2,2,11,4,4,11,15
228468,10,7,2,2,9,1,2,11,3,3,11,14
228468,10,7,5,0,0,1,0,0,1,1,0,1
228468,11,8,1,4,9,4,9,13,13,8,18,26
228468,11,8,2,4,9,3,7,13,10,7,16,23
228468,11,8,5,0,0,1,2,0,3,1,2,3
228468,12,9,1,0,4,3,7,4,10,3,11,14
228468,12,9,2,0,4,3,5,4,8,3,9,12
228468,12,9,5,0,0,0,2,0,2,0,2,2
228501,1,412,1,551,703,305,786,1254,1091,856,1489,2345
228501,1,112,2,520,634,161,474,1154,635,681,1108,1789
228501,1,312,5,31,69,144,312,100,456,175,381,556
228501,2,999,1,464,536,106,238,1000,344,570,774,1344
228501,2,999,2,451,519,87,202,970,289,538,721,1259
228501,2,999,5,13,17,19,36,30,55,32,53,85
228501,3,1,1,0,1,17,27,1,44,17,28,45
228501,3,1,2,0,1,17,27,1,44,17,28,45
228501,4,2,1,159,149,12,22,308,34,171,171,342
228501,4,2,2,159,149,12,22,308,34,171,171,342
228501,5,3,1,169,207,16,46,376,62,185,253,438
228501,5,3,2,168,205,16,43,373,59,184,248,432
228501,5,3,5,1,2,0,3,3,3,1,5,6
228501,6,4,1,136,179,61,143,315,204,197,322,519
228501,6,4,2,124,164,42,110,288,152,166,274,440
228501,6,4,5,12,15,19,33,27,52,31,48,79
228501,7,999,1,87,167,199,548,254,747,286,715,1001
228501,7,999,2,69,115,74,272,184,346,143,387,530
228501,7,999,5,18,52,125,276,70,401,143,328,471
228501,8,5,1,48,71,69,164,119,233,117,235,352
228501,8,5,2,41,55,33,101,96,134,74,156,230
228501,8,5,5,7,16,36,63,23,99,43,79,122
228501,9,6,1,19,41,38,124,60,162,57,165,222
228501,9,6,2,13,30,19,65,43,84,32,95,127
228501,9,6,5,6,11,19,59,17,78,25,70,95
228501,10,7,1,8,22,23,102,30,125,31,124,155
228501,10,7,2,7,15,8,40,22,48,15,55,70
228501,10,7,5,1,7,15,62,8,77,16,69,85
228501,11,8,1,10,23,51,114,33,165,61,137,198
228501,11,8,2,7,11,10,49,18,59,17,60,77
228501,11,8,5,3,12,41,65,15,106,44,77,121
228501,12,9,1,2,9,16,43,11,59,18,52,70
228501,12,9,2,1,3,3,16,4,19,4,19,23
228501,12,9,5,1,6,13,27,7,40,14,33,47
228501,13,10,1,0,1,2,1,1,3,2,2,4
228501,13,10,2,0,1,1,1,1,2,1,2,3
228501,13,10,5,0,0,1,0,0,1,1,0,1
228529,1,412,1,3269,5746,1791,3210,9015,5001,5060,8956,14016
228529,1,112,2,3121,5433,1233,2106,8554,3339,4354,7539,11893
228529,1,312,5,148,313,558,1104,461,1662,706,1417,2123
228529,2,999,1,2887,5005,739,1342,7892,2081,3626,6347,9973
228529,2,999,2,2829,4874,622,1056,7703,1678,3451,5930,9381
228529,2,999,5,58,131,117,286,189,403,175,417,592
228529,3,1,1,13,39,1,0,52,1,14,39,53
228529,3,1,2,13,39,1,0,52,1,14,39,53
228529,4,2,1,1214,2326,104,161,3540,265,1318,2487,3805
228529,4,2,2,1214,2326,104,160,3540,264,1318,2486,3804
228529,4,2,5,0,0,0,1,0,1,0,1,1
228529,5,3,1,1015,1720,229,483,2735,712,1244,2203,3447
228529,5,3,2,1010,1705,221,451,2715,672,1231,2156,3387
228529,5,3,5,5,15,8,32,20,40,13,47,60
228529,6,4,1,645,920,405,698,1565,1103,1050,1618,2668
228529,6,4,2,592,804,296,445,1396,741,888,1249,2137
228529,6,4,5,53,116,109,253,169,362,162,369,531
228529,7,999,1,382,741,1052,1868,1123,2920,1434,2609,4043
228529,7,999,2,292,559,611,1050,851,1661,903,1609,2512
228529,7,999,5,90,182,441,818,272,1259,531,1000,1531
228529,8,5,1,183,345,324,610,528,934,507,955,1462
228529,8,5,2,156,287,191,353,443,544,347,640,987
228529,8,5,5,27,58,133,257,85,390,160,315,475
228529,9,6,1,75,139,213,387,214,600,288,526,814
228529,9,6,2,65,107,134,220,172,354,199,327,526
228529,9,6,5,10,32,79,167,42,246,89,199,288
228529,10,7,1,52,92,175,302,144,477,227,394,621
228529,10,7,2,32,68,100,167,100,267,132,235,367
228529,10,7,5,20,24,75,135,44,210,95,159,254
228529,11,8,1,51,125,235,382,176,617,286,507,793
228529,11,8,2,32,74,132,212,106,344,164,286,450
228529,11,8,5,19,51,103,170,70,273,122,221,343
228529,12,9,1,20,39,98,181,59,279,118,220,338
228529,12,9,2,7,22,52,93,29,145,59,115,174
228529,12,9,5,13,17,46,88,30,134,59,105,164
228529,13,10,1,1,1,7,6,2,13,8,7,15
228529,13,10,2,0,1,2,5,1,7,2,6,8
228529,13,10,5,1,0,5,1,1,6,6,1,7
228547,1,412,1,3720,4923,13179,21178,8643,34357,16899,26101,43000
228547,1,112,2,3720,4923,13179,21178,8643,34357,16899,26101,43000
228547,2,999,1,3000,4005,9651,13957,7005,23608,12651,17962,30613
228547,2,999,2,3000,4005,9651,13957,7005,23608,12651,17962,30613
228547,3,1,1,327,539,3223,5036,866,8259,3550,5575,9125
228547,3,1,2,327,539,3223,5036,866,8259,3550,5575,9125
228547,4,2,1,1516,2094,2328,3143,3610,5471,3844,5237,9081
228547,4,2,2,1516,2094,2328,3143,3610,5471,3844,5237,9081
228547,5,3,1,693,902,2277,3086,1595,5363,2970,3988,6958
228547,5,3,2,693,902,2277,3086,1595,5363,2970,3988,6958
228547,6,4,1,464,470,1823,2692,934,4515,2287,3162,5449
228547,6,4,2,464,470,1823,2692,934,4515,2287,3162,5449
228547,7,999,1,720,918,3528,7221,1638,10749,4248,8139,12387
228547,7,999,2,720,918,3528,7221,1638,10749,4248,8139,12387
228547,8,5,1,333,388,1424,2718,721,4142,1757,3106,4863
228547,8,5,2,333,388,1424,2718,721,4142,1757,3106,4863
228547,9,6,1,197,228,845,1672,425,2517,1042,1900,2942
228547,9,6,2,197,228,845,1672,425,2517,1042,1900,2942
228547,10,7,1,90,138,425,1135,228,1560,515,1273,1788
228547,10,7,2,90,138,425,1135,228,1560,515,1273,1788
228547,11,8,1,62,129,547,1140,191,1687,609,1269,1878
228547,11,8,2,62,129,547,1140,191,1687,609,1269,1878
228547,12,9,1,35,34,239,491,69,730,274,525,799
228547,12,9,2,35,34,239,491,69,730,274,525,799
228547,13,10,1,3,1,48,65,4,113,51,66,117
228547,13,10,2,3,1,48,65,4,113,51,66,117
228635,1,412,1,764,979,323,233,1743,556,1087,1212,2299
228635,1,312,5,764,979,323,233,1743,556,1087,1212,2299
228635,2,999,1,234,412,4,5,646,9,238,417,655
228635,2,999,5,234,412,4,5,646,9,238,417,655
228635,5,3,1,1,6,2,0,7,2,3,6,9
228635,5,3,5,1,6,2,0,7,2,3,6,9
228635,6,4,1,233,406,2,5,639,7,235,411,646
228635,6,4,5,233,406,2,5,639,7,235,411,646
228635,7,999,1,530,567,319,228,1097,547,849,795,1644
228635,7,999,5,530,567,319,228,1097,547,849,795,1644
228635,8,5,1,436,492,31,29,928,60,467,521,988
228635,8,5,5,436,492,31,29,928,60,467,521,988
228635,9,6,1,80,58,190,131,138,321,270,189,459
228635,9,6,5,80,58,190,131,138,321,270,189,459
228635,10,7,1,13,11,89,60,24,149,102,71,173
228635,10,7,5,13,11,89,60,24,149,102,71,173
228635,11,8,1,1,5,8,8,6,16,9,13,22
228635,11,8,5,1,5,8,8,6,16,9,13,22
228635,12,9,1,0,1,1,0,1,1,1,1,2
228635,12,9,5,0,1,1,0,1,1,1,1,2
228644,1,412,1,1126,1886,154,312,3012,466,1280,2198,3478
228644,1,112,2,185,529,52,38,714,90,237,567,804
228644,1,312,5,941,1357,102,274,2298,376,1043,1631,2674
228644,2,999,1,451,991,18,62,1442,80,469,1053,1522
228644,2,999,2,92,326,6,17,418,23,98,343,441
228644,2,999,5,359,665,12,45,1024,57,371,710,1081
228644,4,2,1,1,3,0,0,4,0,1,3,4
228644,4,2,2,1,3,0,0,4,0,1,3,4
228644,5,3,1,44,128,1,3,172,4,45,131,176
228644,5,3,2,31,101,0,0,132,0,31,101,132
228644,5,3,5,13,27,1,3,40,4,14,30,44
228644,6,4,1,406,860,17,59,1266,76,423,919,1342
228644,6,4,2,60,222,6,17,282,23,66,239,305
228644,6,4,5,346,638,11,42,984,53,357,680,1037
228644,7,999,1,675,895,136,250,1570,386,811,1145,1956
228644,7,999,2,93,203,46,21,296,67,139,224,363
228644,7,999,5,582,692,90,229,1274,319,672,921,1593
228644,8,5,1,474,633,38,87,1107,125,512,720,1232
228644,8,5,2,52,121,11,7,173,18,63,128,191
228644,8,5,5,422,512,27,80,934,107,449,592,1041
228644,9,6,1,131,135,49,45,266,94,180,180,360
228644,9,6,2,25,41,23,6,66,29,48,47,95
228644,9,6,5,106,94,26,39,200,65,132,133,265
228644,10,7,1,43,71,22,46,114,68,65,117,182
228644,10,7,2,11,19,5,3,30,8,16,22,38
228644,10,7,5,32,52,17,43,84,60,49,95,144
228644,11,8,1,20,47,15,49,67,64,35,96,131
228644,11,8,2,3,18,5,3,21,8,8,21,29
228644,11,8,5,17,29,10,46,46,56,27,75,102
228644,12,9,1,6,8,10,22,14,32,16,30,46
228644,12,9,2,2,4,1,2,6,3,3,6,9
228644,12,9,5,4,4,9,20,8,29,13,24,37
228644,13,10,1,1,1,2,1,2,3,3,2,5
228644,13,10,2,0,0,1,0,0,1,1,0,1
228644,13,10,5,1,1,1,1,2,2,2,2,4
228699,1,412,1,390,693,981,1746,1083,2727,1371,2439,3810
228699,1,112,2,390,693,981,1746,1083,2727,1371,2439,3810
228699,2,999,1,270,497,840,1229,767,2069,1110,1726,2836
228699,2,999,2,270,497,840,1229,767,2069,1110,1726,2836
228699,3,1,1,55,160,585,781,215,1366,640,941,1581
228699,3,1,2,55,160,585,781,215,1366,640,941,1581
228699,4,2,1,130,195,139,173,325,312,269,368,637
228699,4,2,2,130,195,139,173,325,312,269,368,637
228699,5,3,1,60,91,72,132,151,204,132,223,355
228699,5,3,2,60,91,72,132,151,204,132,223,355
228699,6,4,1,25,51,44,143,76,187,69,194,263
228699,6,4,2,25,51,44,143,76,187,69,194,263
228699,7,999,1,120,196,141,517,316,658,261,713,974
228699,7,999,2,120,196,141,517,316,658,261,713,974
228699,8,5,1,38,71,47,176,109,223,85,247,332
228699,8,5,2,38,71,47,176,109,223,85,247,332
228699,9,6,1,30,49,28,121,79,149,58,170,228
228699,9,6,2,30,49,28,121,79,149,58,170,228
228699,10,7,1,24,33,27,94,57,121,51,127,178
228699,10,7,2,24,33,27,94,57,121,51,127,178
228699,11,8,1,20,27,30,85,47,115,50,112,162
228699,11,8,2,20,27,30,85,47,115,50,112,162
228699,12,9,1,6,16,8,39,22,47,14,55,69
228699,12,9,2,6,16,8,39,22,47,14,55,69
228699,13,10,1,2,0,1,2,2,3,3,2,5
228699,13,10,2,2,0,1,2,2,3,3,2,5
228705,1,412,1,2477,2482,902,1071,4959,1973,3379,3553,6932
228705,1,112,2,2209,2171,590,705,4380,1295,2799,2876,5675
228705,1,312,5,268,311,312,366,579,678,580,677,1257
228705,2,999,1,2141,2059,559,647,4200,1206,2700,2706,5406
228705,2,999,2,2014,1920,489,557,3934,1046,2503,2477,4980
228705,2,999,5,127,139,70,90,266,160,197,229,426
228705,3,1,1,8,14,213,306,22,519,221,320,541
228705,3,1,2,8,14,213,306,22,519,221,320,541
228705,4,2,1,767,786,65,54,1553,119,832,840,1672
228705,4,2,2,767,786,65,54,1553,119,832,840,1672
228705,5,3,1,782,748,71,74,1530,145,853,822,1675
228705,5,3,2,779,739,69,69,1518,138,848,808,1656
228705,5,3,5,3,9,2,5,12,7,5,14,19
228705,6,4,1,584,511,210,213,1095,423,794,724,1518
228705,6,4,2,460,381,142,128,841,270,602,509,1111
228705,6,4,5,124,130,68,85,254,153,192,215,407
228705,7,999,1,336,423,343,424,759,767,679,847,1526
228705,7,999,2,195,251,101,148,446,249,296,399,695
228705,7,999,5,141,172,242,276,313,518,383,448,831
228705,8,5,1,218,211,161,153,429,314,379,364,743
228705,8,5,2,127,122,61,60,249,121,188,182,370
228705,8,5,5,91,89,100,93,180,193,191,182,373
228705,9,6,1,61,96,63,70,157,133,124,166,290
228705,9,6,2,36,65,18,29,101,47,54,94,148
228705,9,6,5,25,31,45,41,56,86,70,72,142
228705,10,7,1,26,51,43,69,77,112,69,120,189
228705,10,7,2,15,31,9,29,46,38,24,60,84
228705,10,7,5,11,20,34,40,31,74,45,60,105
228705,11,8,1,25,53,55,91,78,146,80,144,224
228705,11,8,2,15,26,7,22,41,29,22,48,70
228705,11,8,5,10,27,48,69,37,117,58,96,154
228705,12,9,1,5,11,20,33,16,53,25,44,69
228705,12,9,2,2,7,6,7,9,13,8,14,22
228705,12,9,5,3,4,14,26,7,40,17,30,47
228705,13,10,1,1,1,1,8,2,9,2,9,11
228705,13,10,2,0,0,0,1,0,1,0,1,1
228705,13,10,5,1,1,1,7,2,8,2,8,10
228723,1,412,1,32056,28864,5263,4235,60920,9498,37319,33099,70418
228723,1,112,2,25826,23616,3604,2522,49442,6126,29430,26138,55568
228723,1,312,5,6230,5248,1659,1713,11478,3372,7889,6961,14850
228723,2,999,1,27744,26023,3604,2643,53767,6247,31348,28666,60014
228723,2,999,2,25218,23365,3339,2362,48583,5701,28557,25727,54284
228723,2,999,5,2526,2658,265,281,5184,546,2791,2939,5730
228723,3,1,1,214,292,52,34,506,86,266,326,592
228723,3,1,2,214,292,52,34,506,86,266,326,592
228723,4,2,1,9844,10308,1419,782,20152,2201,11263,11090,22353
228723,4,2,2,9843,10306,1419,782,20149,2201,11262,11088,22350
228723,4,2,5,1,2,0,0,3,0,1,2,3
228723,5,3,1,11917,11386,807,858,23303,1665,12724,12244,24968
228723,5,3,2,11769,11131,803,832,22900,1635,12572,11963,24535
228723,5,3,5,148,255,4,26,403,30,152,281,433
228723,6,4,1,5769,4037,1326,969,9806,2295,7095,5006,12101
228723,6,4,2,3392,1636,1065,714,5028,1779,4457,2350,6807
228723,6,4,5,2377,2401,261,255,4778,516,2638,2656,5294
228723,7,999,1,4312,2841,1659,1592,7153,3251,5971,4433,10404
228723,7,999,2,608,251,265,160,859,425,873,411,1284
228723,7,999,5,3704,2590,1394,1432,6294,2826,5098,4022,9120
228723,8,5,1,2702,1888,634,516,4590,1150,3336,2404,5740
228723,8,5,2,419,162,173,83,581,256,592,245,837
228723,8,5,5,2283,1726,461,433,4009,894,2744,2159,4903
228723,9,6,1,981,591,365,346,1572,711,1346,937,2283
228723,9,6,2,118,45,56,34,163,90,174,79,253
228723,9,6,5,863,546,309,312,1409,621,1172,858,2030
228723,10,7,1,348,206,260,261,554,521,608,467,1075
228723,10,7,2,50,15,18,15,65,33,68,30,98
228723,10,7,5,298,191,242,246,489,488,540,437,977
228723,11,8,1,220,124,256,317,344,573,476,441,917
228723,11,8,2,19,24,12,14,43,26,31,38,69
228723,11,8,5,201,100,244,303,301,547,445,403,848
228723,12,9,1,55,31,123,144,86,267,178,175,353
228723,12,9,2,2,5,2,12,7,14,4,17,21
228723,12,9,5,53,26,121,132,79,253,174,158,332
228723,13,10,1,6,1,21,8,7,29,27,9,36
228723,13,10,2,0,0,4,2,0,6,4,2,6
228723,13,10,5,6,1,17,6,7,23,23,7,30
228769,1,412,1,10755,12904,6646,17767,23659,24413,17401,30671,48072
228769,1,112,2,8901,10869,4407,10887,19770,15294,13308,21756,35064
228769,1,312,5,1854,2035,2239,6880,3889,9119,4093,8915,13008
228769,2,999,1,7992,9261,2157,3040,17253,5197,10149,12301,22450
228769,2,999,2,7346,8573,1978,2742,15919,4720,9324,11315,20639
228769,2,999,5,646,688,179,298,1334,477,825,986,1811
228769,3,1,1,26,38,48,65,64,113,74,103,177
228769,3,1,2,26,38,48,65,64,113,74,103,177
228769,4,2,1,2423,3018,226,219,5441,445,2649,3237,5886
228769,4,2,2,2423,3018,226,219,5441,445,2649,3237,5886
228769,5,3,1,2678,3137,538,799,5815,1337,3216,3936,7152
228769,5,3,2,2666,3108,537,793,5774,1330,3203,3901,7104
228769,5,3,5,12,29,1,6,41,7,13,35,48
228769,6,4,1,2865,3068,1345,1957,5933,3302,4210,5025,9235
228769,6,4,2,2231,2409,1167,1665,4640,2832,3398,4074,7472
228769,6,4,5,634,659,178,292,1293,470,812,951,1763
228769,7,999,1,2763,3643,4489,14727,6406,19216,7252,18370,25622
228769,7,999,2,1555,2296,2429,8145,3851,10574,3984,10441,14425
228769,7,999,5,1208,1347,2060,6582,2555,8642,3268,7929,11197
228769,8,5,1,1603,1729,1638,3770,3332,5408,3241,5499,8740
228769,8,5,2,937,1056,1008,2230,1993,3238,1945,3286,5231
228769,8,5,5,666,673,630,1540,1339,2170,1296,2213,3509
228769,9,6,1,584,809,1002,3397,1393,4399,1586,4206,5792
228769,9,6,2,344,533,525,1880,877,2405,869,2413,3282
228769,9,6,5,240,276,477,1517,516,1994,717,1793,2510
228769,10,7,1,285,480,736,2693,765,3429,1021,3173,4194
228769,10,7,2,138,324,362,1462,462,1824,500,1786,2286
228769,10,7,5,147,156,374,1231,303,1605,521,1387,1908
228769,11,8,1,225,456,762,3436,681,4198,987,3892,4879
228769,11,8,2,104,291,362,1787,395,2149,466,2078,2544
228769,11,8,5,121,165,400,1649,286,2049,521,1814,2335
228769,12,9,1,63,162,328,1401,225,1729,391,1563,1954
228769,12,9,2,30,89,162,772,119,934,192,861,1053
228769,12,9,5,33,73,166,629,106,795,199,702,901
228769,13,10,1,3,7,23,30,10,53,26,37,63
228769,13,10,2,2,3,10,14,5,24,12,17,29
228769,13,10,5,1,4,13,16,5,29,14,20,34
228778,1,412,1,21393,25905,1601,1577,47298,3178,22994,27482,50476
228778,1,112,2,16390,21014,1326,1318,37404,2644,17716,22332,40048
228778,1,312,5,5003,4891,275,259,9894,534,5278,5150,10428
228778,2,999,1,17647,22498,1086,1120,40145,2206,18733,23618,42351
228778,2,999,2,16076,20766,1046,1087,36842,2133,17122,21853,38975
228778,2,999,5,1571,1732,40,33,3303,73,1611,1765,3376
228778,3,1,1,173,255,0,2,428,2,173,257,430
228778,3,1,2,173,255,0,2,428,2,173,257,430
228778,4,2,1,6919,9611,112,178,16530,290,7031,9789,16820
228778,4,2,2,6917,9609,112,178,16526,290,7029,9787,16816
228778,4,2,5,2,2,0,0,4,0,2,2,4
228778,5,3,1,7511,9701,440,495,17212,935,7951,10196,18147
228778,5,3,2,7430,9581,437,492,17011,929,7867,10073,17940
228778,5,3,5,81,120,3,3,201,6,84,123,207
228778,6,4,1,3044,2931,534,445,5975,979,3578,3376,6954
228778,6,4,2,1556,1321,497,415,2877,912,2053,1736,3789
228778,6,4,5,1488,1610,37,30,3098,67,1525,1640,3165
228778,7,999,1,3746,3407,515,457,7153,972,4261,3864,8125
228778,7,999,2,314,248,280,231,562,511,594,479,1073
228778,7,999,5,3432,3159,235,226,6591,461,3667,3385,7052
228778,8,5,1,2326,2136,227,194,4462,421,2553,2330,4883
228778,8,5,2,212,150,148,101,362,249,360,251,611
228778,8,5,5,2114,1986,79,93,4100,172,2193,2079,4272
228778,9,6,1,943,788,108,101,1731,209,1051,889,1940
228778,9,6,2,55,51,42,46,106,88,97,97,194
228778,9,6,5,888,737,66,55,1625,121,954,792,1746
228778,10,7,1,278,273,71,65,551,136,349,338,687
228778,10,7,2,19,26,25,26,45,51,44,52,96
228778,10,7,5,259,247,46,39,506,85,305,286,591
228778,11,8,1,156,165,64,57,321,121,220,222,442
228778,11,8,2,22,18,33,31,40,64,55,49,104
228778,11,8,5,134,147,31,26,281,57,165,173,338
228778,12,9,1,42,42,34,39,84,73,76,81,157
228778,12,9,2,6,3,22,26,9,48,28,29,57
228778,12,9,5,36,39,12,13,75,25,48,52,100
228778,13,10,1,1,3,11,1,4,12,12,4,16
228778,13,10,2,0,0,10,1,0,11,10,1,11
228778,13,10,5,1,3,1,0,4,1,2,3,5
228787,1,412,1,12815,10126,3293,2435,22941,5728,16108,12561,28669
228787,1,112,2,10024,7955,1933,1275,17979,3208,11957,9230,21187
228787,1,312,5,2791,2171,1360,1160,4962,2520,4151,3331,7482
228787,2,999,1,9966,8178,1462,966,18144,2428,11428,9144,20572
228787,2,999,2,9128,7283,1253,782,16411,2035,10381,8065,18446
228787,2,999,5,838,895,209,184,1733,393,1047,1079,2126
228787,3,1,1,23,27,2,0,50,2,25,27,52
228787,3,1,2,23,27,2,0,50,2,25,27,52
228787,4,2,1,2877,2280,148,85,5157,233,3025,2365,5390
228787,4,2,2,2876,2280,148,85,5156,233,3024,2365,5389
228787,4,2,5,1,0,0,0,1,0,1,0,1
228787,5,3,1,3958,3357,369,258,7315,627,4327,3615,7942
228787,5,3,2,3923,3306,366,255,7229,621,4289,3561,7850
228787,5,3,5,35,51,3,3,86,6,38,54,92
228787,6,4,1,3108,2514,943,623,5622,1566,4051,3137,7188
228787,6,4,2,2306,1670,737,442,3976,1179,3043,2112,5155
228787,6,4,5,802,844,206,181,1646,387,1008,1025,2033
228787,7,999,1,2849,1948,1831,1469,4797,3300,4680,3417,8097
228787,7,999,2,896,672,680,493,1568,1173,1576,1165,2741
228787,7,999,5,1953,1276,1151,976,3229,2127,3104,2252,5356
228787,8,5,1,1852,1226,894,635,3078,1529,2746,1861,4607
228787,8,5,2,624,434,414,258,1058,672,1038,692,1730
228787,8,5,5,1228,792,480,377,2020,857,1708,1169,2877
228787,9,6,1,652,417,373,298,1069,671,1025,715,1740
228787,9,6,2,182,136,144,101,318,245,326,237,563
228787,9,6,5,470,281,229,197,751,426,699,478,1177
228787,10,7,1,191,168,224,170,359,394,415,338,753
228787,10,7,2,57,52,67,51,109,118,124,103,227
228787,10,7,5,134,116,157,119,250,276,291,235,526
228787,11,8,1,124,106,218,221,230,439,342,327,669
228787,11,8,2,30,40,45,55,70,100,75,95,170
228787,11,8,5,94,66,173,166,160,339,267,232,499
228787,12,9,1,26,26,108,122,52,230,134,148,282
228787,12,9,2,3,10,10,26,13,36,13,36,49
228787,12,9,5,23,16,98,96,39,194,121,112,233
228787,13,10,1,4,5,14,23,9,37,18,28,46
228787,13,10,2,0,0,0,2,0,2,0,2,2
228787,13,10,5,4,5,14,21,9,35,18,26,44
228796,1,412,1,7243,8913,3729,4994,16156,8723,10972,13907,24879
228796,1,112,2,6545,8087,2795,3690,14632,6485,9340,11777,21117
228796,1,312,5,698,826,934,1304,1524,2238,1632,2130,3762
228796,2,999,1,5784,7430,1871,2333,13214,4204,7655,9763,17418
228796,2,999,2,5583,7095,1745,2176,12678,3921,7328,9271,16599
228796,2,999,5,201,335,126,157,536,283,327,492,819
228796,3,1,1,78,111,33,73,189,106,111,184,295
228796,3,1,2,78,110,33,73,188,106,111,183,294
228796,3,1,5,0,1,0,0,1,0,0,1,1
228796,4,2,1,2148,2976,352,420,5124,772,2500,3396,5896
228796,4,2,2,2148,2975,352,420,5123,772,2500,3395,5895
228796,4,2,5,0,1,0,0,1,0,0,1,1
228796,5,3,1,1857,2485,513,660,4342,1173,2370,3145,5515
228796,5,3,2,1846,2448,509,653,4294,1162,2355,3101,5456
228796,5,3,5,11,37,4,7,48,11,15,44,59
228796,6,4,1,1701,1858,973,1180,3559,2153,2674,3038,5712
228796,6,4,2,1511,1562,851,1030,3073,1881,2362,2592,4954
228796,6,4,5,190,296,122,150,486,272,312,446,758
228796,7,999,1,1459,1483,1858,2661,2942,4519,3317,4144,7461
228796,7,999,2,962,992,1050,1514,1954,2564,2012,2506,4518
228796,7,999,5,497,491,808,1147,988,1955,1305,1638,2943
228796,8,5,1,896,876,863,1136,1772,1999,1759,2012,3771
228796,8,5,2,622,624,576,768,1246,1344,1198,1392,2590
228796,8,5,5,274,252,287,368,526,655,561,620,1181
228796,9,6,1,308,294,419,572,602,991,727,866,1593
228796,9,6,2,182,190,236,330,372,566,418,520,938
228796,9,6,5,126,104,183,242,230,425,309,346,655
228796,10,7,1,135,150,237,347,285,584,372,497,869
228796,10,7,2,89,85,105,166,174,271,194,251,445
228796,10,7,5,46,65,132,181,111,313,178,246,424
228796,11,8,1,96,118,235,449,214,684,331,567,898
228796,11,8,2,55,69,101,201,124,302,156,270,426
228796,11,8,5,41,49,134,248,90,382,175,297,472
228796,12,9,1,21,45,92,151,66,243,113,196,309
228796,12,9,2,14,24,28,49,38,77,42,73,115
228796,12,9,5,7,21,64,102,28,166,71,123,194
228796,13,10,1,3,0,12,6,3,18,15,6,21
228796,13,10,2,0,0,4,0,0,4,4,0,4
228796,13,10,5,3,0,8,6,3,14,11,6,17
228802,1,412,1,2299,3420,1379,2683,5719,4062,3678,6103,9781
228802,1,112,2,2012,2822,894,1509,4834,2403,2906,4331,7237
228802,1,312,5,287,598,485,1174,885,1659,772,1772,2544
228802,2,999,1,1686,2558,542,916,4244,1458,2228,3474,5702
228802,2,999,2,1609,2369,508,821,3978,1329,2117,3190,5307
228802,2,999,5,77,189,34,95,266,129,111,284,395
228802,3,1,1,2,6,130,148,8,278,132,154,286
228802,3,1,2,2,6,130,148,8,278,132,154,286
228802,4,2,1,453,797,60,125,1250,185,513,922,1435
228802,4,2,2,453,796,60,125,1249,185,513,921,1434
228802,4,2,5,0,1,0,0,1,0,0,1,1
228802,5,3,1,634,919,79,209,1553,288,713,1128,1841
228802,5,3,2,627,898,79,207,1525,286,706,1105,1811
228802,5,3,5,7,21,0,2,28,2,7,23,30
228802,6,4,1,597,836,273,434,1433,707,870,1270,2140
228802,6,4,2,527,669,239,341,1196,580,766,1010,1776
228802,6,4,5,70,167,34,93,237,127,104,260,364
228802,7,999,1,613,862,837,1767,1475,2604,1450,2629,4079
228802,7,999,2,403,453,386,688,856,1074,789,1141,1930
228802,7,999,5,210,409,451,1079,619,1530,661,1488,2149
228802,8,5,1,349,418,281,541,767,822,630,959,1589
228802,8,5,2,254,229,163,264,483,427,417,493,910
228802,8,5,5,95,189,118,277,284,395,213,466,679
228802,9,6,1,131,180,167,342,311,509,298,522,820
228802,9,6,2,78,106,90,136,184,226,168,242,410
228802,9,6,5,53,74,77,206,127,283,130,280,410
228802,10,7,1,55,109,143,273,164,416,198,382,580
228802,10,7,2,28,48,61,95,76,156,89,143,232
228802,10,7,5,27,61,82,178,88,260,109,239,348
228802,11,8,1,61,123,166,419,184,585,227,542,769
228802,11,8,2,34,58,51,133,92,184,85,191,276
228802,11,8,5,27,65,115,286,92,401,142,351,493
228802,12,9,1,16,32,75,185,48,260,91,217,308
228802,12,9,2,9,12,19,57,21,76,28,69,97
228802,12,9,5,7,20,56,128,27,184,63,148,211
228802,13,10,1,1,0,5,7,1,12,6,7,13
228802,13,10,2,0,0,2,3,0,5,2,3,5
228802,13,10,5,1,0,3,4,1,7,4,4,8
228875,1,412,1,4510,6487,170,212,10997,382,4680,6699,11379
228875,1,112,2,3835,5613,126,130,9448,256,3961,5743,9704
228875,1,312,5,675,874,44,82,1549,126,719,956,1675
228875,2,999,1,3790,5790,102,83,9580,185,3892,5873,9765
228875,2,999,2,3629,5476,97,82,9105,179,3726,5558,9284
228875,2,999,5,161,314,5,1,475,6,166,315,481
228875,3,1,1,4,7,0,0,11,0,4,7,11
228875,3,1,2,4,7,0,0,11,0,4,7,11
228875,4,2,1,1256,2236,12,11,3492,23,1268,2247,3515
228875,4,2,2,1255,2236,12,11,3491,23,1267,2247,3514
228875,4,2,5,1,0,0,0,1,0,1,0,1
228875,5,3,1,1690,2504,27,31,4194,58,1717,2535,4252
228875,5,3,2,1690,2494,27,31,4184,58,1717,2525,4242
228875,5,3,5,0,10,0,0,10,0,0,10,10
228875,6,4,1,840,1043,63,41,1883,104,903,1084,1987
228875,6,4,2,680,739,58,40,1419,98,738,779,1517
228875,6,4,5,160,304,5,1,464,6,165,305,470
228875,7,999,1,720,697,68,129,1417,197,788,826,1614
228875,7,999,2,206,137,29,48,343,77,235,185,420
228875,7,999,5,514,560,39,81,1074,120,553,641,1194
228875,8,5,1,357,334,23,33,691,56,380,367,747
228875,8,5,2,131,74,10,14,205,24,141,88,229
228875,8,5,5,226,260,13,19,486,32,239,279,518
228875,9,6,1,180,173,19,25,353,44,199,198,397
228875,9,6,2,49,39,8,7,88,15,57,46,103
228875,9,6,5,131,134,11,18,265,29,142,152,294
228875,10,7,1,85,82,9,21,167,30,94,103,197
228875,10,7,2,15,10,4,6,25,10,19,16,35
228875,10,7,5,70,72,5,15,142,20,75,87,162
228875,11,8,1,77,76,7,32,153,39,84,108,192
228875,11,8,2,10,10,1,13,20,14,11,23,34
228875,11,8,5,67,66,6,19,133,25,73,85,158
228875,12,9,1,18,29,10,17,47,27,28,46,74
228875,12,9,2,1,4,6,8,5,14,7,12,19
228875,12,9,5,17,25,4,9,42,13,21,34,55
228875,13,10,1,3,3,0,1,6,1,3,4,7
228875,13,10,5,3,3,0,1,6,1,3,4,7
228981,1,412,1,656,779,21,43,1435,64,677,822,1499
228981,1,112,2,643,767,16,29,1410,45,659,796,1455
228981,1,312,5,13,12,5,14,25,19,18,26,44
228981,2,999,1,643,710,13,26,1353,39,656,736,1392
228981,2,999,2,630,700,9,21,1330,30,639,721,1360
228981,2,999,5,13,10,4,5,23,9,17,15,32
228981,3,1,1,0,4,4,10,4,14,4,14,18
228981,3,1,2,0,4,4,10,4,14,4,14,18
228981,4,2,1,274,278,0,2,552,2,274,280,554
228981,4,2,2,274,278,0,2,552,2,274,280,554
228981,5,3,1,245,278,1,3,523,4,246,281,527
228981,5,3,2,245,278,1,3,523,4,246,281,527
228981,6,4,1,124,150,8,11,274,19,132,161,293
228981,6,4,2,111,140,4,6,251,10,115,146,261
228981,6,4,5,13,10,4,5,23,9,17,15,32
228981,7,999,1,13,69,8,17,82,25,21,86,107
228981,7,999,2,13,67,7,8,80,15,20,75,95
228981,7,999,5,0,2,1,9,2,10,1,11,12
228981,8,5,1,8,33,4,7,41,11,12,40,52
228981,8,5,2,8,32,3,1,40,4,11,33,44
228981,8,5,5,0,1,1,6,1,7,1,7,8
228981,9,6,1,2,12,1,4,14,5,3,16,19
228981,9,6,2,2,11,1,2,13,3,3,13,16
228981,9,6,5,0,1,0,2,1,2,0,3,3
228981,10,7,1,0,8,0,2,8,2,0,10,10
228981,10,7,2,0,8,0,2,8,2,0,10,10
228981,11,8,1,3,15,2,4,18,6,5,19,24
228981,11,8,2,3,15,2,3,18,5,5,18,23
228981,11,8,5,0,0,0,1,0,1,0,1,1
228981,12,9,1,0,1,1,0,1,1,1,1,2
228981,12,9,2,0,1,1,0,1,1,1,1,2
229018,1,412,1,962,1157,1248,2163,2119,3411,2210,3320,5530
229018,1,112,2,905,1099,923,1569,2004,2492,1828,2668,4496
229018,1,312,5,57,58,325,594,115,919,382,652,1034
229018,2,999,1,807,900,631,1024,1707,1655,1438,1924,3362
229018,2,999,2,786,873,589,950,1659,1539,1375,1823,3198
229018,2,999,5,21,27,42,74,48,116,63,101,164
229018,3,1,1,17,5,274,529,22,803,291,534,825
229018,3,1,2,17,5,274,529,22,803,291,534,825
229018,4,2,1,359,411,51,80,770,131,410,491,901
229018,4,2,2,359,411,51,80,770,131,410,491,901
229018,5,3,1,251,283,102,153,534,255,353,436,789
229018,5,3,2,251,282,101,147,533,248,352,429,781
229018,5,3,5,0,1,1,6,1,7,1,7,8
229018,6,4,1,180,201,204,262,381,466,384,463,847
229018,6,4,2,159,175,163,194,334,357,322,369,691
229018,6,4,5,21,26,41,68,47,109,62,94,156
229018,7,999,1,155,245,616,1139,400,1755,771,1384,2155
229018,7,999,2,119,214,333,619,333,952,452,833,1285
229018,7,999,5,36,31,283,520,67,803,319,551,870
229018,8,5,1,74,117,180,353,191,533,254,470,724
229018,8,5,2,57,106,103,215,163,318,160,321,481
229018,8,5,5,17,11,77,138,28,215,94,149,243
229018,9,6,1,39,64,142,253,103,395,181,317,498
229018,9,6,2,31,54,82,146,85,228,113,200,313
229018,9,6,5,8,10,60,107,18,167,68,117,185
229018,10,7,1,21,38,105,215,59,320,126,253,379
229018,10,7,2,17,32,58,108,49,166,75,140,215
229018,10,7,5,4,6,47,107,10,154,51,113,164
229018,11,8,1,18,20,142,225,38,367,160,245,405
229018,11,8,2,12,18,69,108,30,177,81,126,207
229018,11,8,5,6,2,73,117,8,190,79,119,198
229018,12,9,1,3,6,42,87,9,129,45,93,138
229018,12,9,2,2,4,20,40,6,60,22,44,66
229018,12,9,5,1,2,22,47,3,69,23,49,72
229018,13,10,1,0,0,5,6,0,11,5,6,11
229018,13,10,2,0,0,1,2,0,3,1,2,3
229018,13,10,5,0,0,4,4,0,8,4,4,8
229018,14,11,1,0,12,1,0,12,1,1,12,13
229018,14,11,2,0,12,1,0,12,1,1,12,13
229027,1,412,1,11985,13268,4714,4775,25253,9489,16699,18043,34742
229027,1,112,2,10974,12044,3634,3307,23018,6941,14608,15351,29959
229027,1,312,5,1011,1224,1080,1468,2235,2548,2091,2692,4783
229027,2,999,1,9861,11542,2506,2521,21403,5027,12367,14063,26430
229027,2,999,2,9513,10961,2321,2240,20474,4561,11834,13201,25035
229027,2,999,5,348,581,185,281,929,466,533,862,1395
229027,3,1,1,79,112,138,159,191,297,217,271,488
229027,3,1,2,79,112,138,159,191,297,217,271,488
229027,4,2,1,3391,4436,571,600,7827,1171,3962,5036,8998
229027,4,2,2,3391,4436,571,600,7827,1171,3962,5036,8998
229027,5,3,1,3699,4467,580,590,8166,1170,4279,5057,9336
229027,5,3,2,3676,4417,577,581,8093,1158,4253,4998,9251
229027,5,3,5,23,50,3,9,73,12,26,59,85
229027,6,4,1,2692,2527,1217,1172,5219,2389,3909,3699,7608
229027,6,4,2,2367,1996,1035,900,4363,1935,3402,2896,6298
229027,6,4,5,325,531,182,272,856,454,507,803,1310
229027,7,999,1,2124,1726,2208,2254,3850,4462,4332,3980,8312
229027,7,999,2,1461,1083,1313,1067,2544,2380,2774,2150,4924
229027,7,999,5,663,643,895,1187,1306,2082,1558,1830,3388
229027,8,5,1,1203,974,1003,930,2177,1933,2206,1904,4110
229027,8,5,2,887,656,679,505,1543,1184,1566,1161,2727
229027,8,5,5,316,318,324,425,634,749,640,743,1383
229027,9,6,1,461,352,480,479,813,959,941,831,1772
229027,9,6,2,304,202,278,224,506,502,582,426,1008
229027,9,6,5,157,150,202,255,307,457,359,405,764
229027,10,7,1,224,189,291,302,413,593,515,491,1006
229027,10,7,2,142,111,150,131,253,281,292,242,534
229027,10,7,5,82,78,141,171,160,312,223,249,472
229027,11,8,1,176,168,298,364,344,662,474,532,1006
229027,11,8,2,102,96,151,136,198,287,253,232,485
229027,11,8,5,74,72,147,228,146,375,221,300,521
229027,12,9,1,54,43,122,165,97,287,176,208,384
229027,12,9,2,23,18,50,66,41,116,73,84,157
229027,12,9,5,31,25,72,99,56,171,103,124,227
229027,13,10,1,6,0,14,14,6,28,20,14,34
229027,13,10,2,3,0,5,5,3,10,8,5,13
229027,13,10,5,3,0,9,9,3,18,12,9,21
229115,1,412,1,16999,16253,3337,3733,33252,7070,20336,19986,40322
229115,1,112,2,14825,14185,2294,1965,29010,4259,17119,16150,33269
229115,1,312,5,2174,2068,1043,1768,4242,2811,3217,3836,7053
229115,2,999,1,14735,14409,1938,1699,29144,3637,16673,16108,32781
229115,2,999,2,13973,13513,1793,1465,27486,3258,15766,14978,30744
229115,2,999,5,762,896,145,234,1658,379,907,1130,2037
229115,3,1,1,91,134,258,402,225,660,349,536,885
229115,3,1,2,91,134,258,402,225,660,349,536,885
229115,4,2,1,5700,6418,284,240,12118,524,5984,6658,12642
229115,4,2,2,5696,6417,284,240,12113,524,5980,6657,12637
229115,4,2,5,4,1,0,0,5,0,4,1,5
229115,5,3,1,5726,5603,529,416,11329,945,6255,6019,12274
229115,5,3,2,5677,5493,517,403,11170,920,6194,5896,12090
229115,5,3,5,49,110,12,13,159,25,61,123,184
229115,6,4,1,3218,2254,867,641,5472,1508,4085,2895,6980
229115,6,4,2,2509,1469,734,420,3978,1154,3243,1889,5132
229115,6,4,5,709,785,133,221,1494,354,842,1006,1848
229115,7,999,1,2264,1844,1399,2034,4108,3433,3663,3878,7541
229115,7,999,2,852,672,501,500,1524,1001,1353,1172,2525
229115,7,999,5,1412,1172,898,1534,2584,2432,2310,2706,5016
229115,8,5,1,1270,969,527,612,2239,1139,1797,1581,3378
229115,8,5,2,563,375,277,201,938,478,840,576,1416
229115,8,5,5,707,594,250,411,1301,661,957,1005,1962
229115,9,6,1,560,401,271,393,961,664,831,794,1625
229115,9,6,2,173,129,100,116,302,216,273,245,518
229115,9,6,5,387,272,171,277,659,448,558,549,1107
229115,10,7,1,227,213,245,341,440,586,472,554,1026
229115,10,7,2,58,82,63,63,140,126,121,145,266
229115,10,7,5,169,131,182,278,300,460,351,409,760
229115,11,8,1,164,194,224,441,358,665,388,635,1023
229115,11,8,2,46,66,38,68,112,106,84,134,218
229115,11,8,5,118,128,186,373,246,559,304,501,805
229115,12,9,1,42,66,117,239,108,356,159,305,464
229115,12,9,2,12,20,21,51,32,72,33,71,104
229115,12,9,5,30,46,96,188,76,284,126,234,360
229115,13,10,1,1,1,15,8,2,23,16,9,25
229115,13,10,2,0,0,2,1,0,3,2,1,3
229115,13,10,5,1,1,13,7,2,20,14,8,22
229179,1,412,1,913,8334,1109,6077,9247,7186,2022,14411,16433
229179,1,112,2,650,6223,788,3003,6873,3791,1438,9226,10664
229179,1,312,5,263,2111,321,3074,2374,3395,584,5185,5769
229179,2,999,1,582,6157,685,2302,6739,2987,1267,8459,9726
229179,2,999,2,486,5206,664,1965,5692,2629,1150,7171,8321
229179,2,999,5,96,951,21,337,1047,358,117,1288,1405
229179,3,1,1,21,260,529,816,281,1345,550,1076,1626
229179,3,1,2,21,260,529,816,281,1345,550,1076,1626
229179,4,2,1,140,1962,21,148,2102,169,161,2110,2271
229179,4,2,2,140,1962,20,148,2102,168,160,2110,2270
229179,4,2,5,0,0,1,0,0,1,1,0,1
229179,5,3,1,166,1905,42,417,2071,459,208,2322,2530
229179,5,3,2,159,1809,42,406,1968,448,201,2215,2416
229179,5,3,5,7,96,0,11,103,11,7,107,114
229179,6,4,1,255,2030,93,921,2285,1014,348,2951,3299
229179,6,4,2,166,1175,73,595,1341,668,239,1770,2009
229179,6,4,5,89,855,20,326,944,346,109,1181,1290
229179,7,999,1,331,2177,424,3775,2508,4199,755,5952,6707
229179,7,999,2,164,1017,124,1038,1181,1162,288,2055,2343
229179,7,999,5,167,1160,300,2737,1327,3037,467,3897,4364
229179,8,5,1,181,1153,119,1223,1334,1342,300,2376,2676
229179,8,5,2,94,548,63,413,642,476,157,961,1118
229179,8,5,5,87,605,56,810,692,866,143,1415,1558
229179,9,6,1,73,457,102,814,530,916,175,1271,1446
229179,9,6,2,36,213,30,237,249,267,66,450,516
229179,9,6,5,37,244,72,577,281,649,109,821,930
229179,10,7,1,39,257,78,582,296,660,117,839,956
229179,10,7,2,18,125,12,135,143,147,30,260,290
229179,10,7,5,21,132,66,447,153,513,87,579,666
229179,11,8,1,26,245,87,789,271,876,113,1034,1147
229179,11,8,2,11,109,11,179,120,190,22,288,310
229179,11,8,5,15,136,76,610,151,686,91,746,837
229179,12,9,1,10,64,34,350,74,384,44,414,458
229179,12,9,2,5,22,8,66,27,74,13,88,101
229179,12,9,5,5,42,26,284,47,310,31,326,357
229179,13,10,1,2,1,4,17,3,21,6,18,24
229179,13,10,2,0,0,0,8,0,8,0,8,8
229179,13,10,5,2,1,4,9,3,13,6,10,16
229267,1,412,1,1220,1360,45,52,2580,97,1265,1412,2677
229267,1,112,2,1173,1284,25,22,2457,47,1198,1306,2504
229267,1,312,5,47,76,20,30,123,50,67,106,173
229267,2,999,1,1200,1333,22,17,2533,39,1222,1350,2572
229267,2,999,2,1169,1283,20,11,2452,31,1189,1294,2483
229267,2,999,5,31,50,2,6,81,8,33,56,89
229267,3,1,1,1,3,2,0,4,2,3,3,6
229267,3,1,2,1,3,2,0,4,2,3,3,6
229267,4,2,1,388,468,0,0,856,0,388,468,856
229267,4,2,2,388,468,0,0,856,0,388,468,856
229267,5,3,1,582,634,2,1,1216,3,584,635,1219
229267,5,3,2,582,634,2,1,1216,3,584,635,1219
229267,6,4,1,229,228,18,16,457,34,247,244,491
229267,6,4,2,198,178,16,10,376,26,214,188,402
229267,6,4,5,31,50,2,6,81,8,33,56,89
229267,7,999,1,20,27,23,35,47,58,43,62,105
229267,7,999,2,4,1,5,11,5,16,9,12,21
229267,7,999,5,16,26,18,24,42,42,34,50,84
229267,8,5,1,16,10,12,14,26,26,28,24,52
229267,8,5,2,4,1,2,3,5,5,6,4,10
229267,8,5,5,12,9,10,11,21,21,22,20,42
229267,9,6,1,2,5,3,6,7,9,5,11,16
229267,9,6,2,0,0,1,1,0,2,1,1,2
229267,9,6,5,2,5,2,5,7,7,4,10,14
229267,10,7,1,1,7,4,5,8,9,5,12,17
229267,10,7,2,0,0,0,1,0,1,0,1,1
229267,10,7,5,1,7,4,4,8,8,5,11,16
229267,11,8,1,1,5,2,7,6,9,3,12,15
229267,11,8,2,0,0,0,4,0,4,0,4,4
229267,11,8,5,1,5,2,3,6,5,3,8,11
229267,12,9,1,0,0,1,1,0,2,1,1,2
229267,12,9,2,0,0,1,0,0,1,1,0,1
229267,12,9,5,0,0,0,1,0,1,0,1,1
229267,13,10,1,0,0,1,2,0,3,1,2,3
229267,13,10,2,0,0,1,2,0,3,1,2,3
229337,1,412,1,1038,2794,290,1152,3832,1442,1328,3946,5274
229337,1,112,2,153,1010,42,188,1163,230,195,1198,1393
229337,1,312,5,885,1784,248,964,2669,1212,1133,2748,3881
229337,2,999,1,321,1427,18,84,1748,102,339,1511,1850
229337,2,999,2,70,715,11,45,785,56,81,760,841
229337,2,999,5,251,712,7,39,963,46,258,751,1009
229337,4,2,1,0,12,1,1,12,2,1,13,14
229337,4,2,2,0,11,1,1,11,2,1,12,13
229337,4,2,5,0,1,0,0,1,0,0,1,1
229337,5,3,1,33,393,1,4,426,5,34,397,431
229337,5,3,2,27,362,1,3,389,4,28,365,393
229337,5,3,5,6,31,0,1,37,1,6,32,38
229337,6,4,1,288,1022,16,79,1310,95,304,1101,1405
229337,6,4,2,43,342,9,41,385,50,52,383,435
229337,6,4,5,245,680,7,38,925,45,252,718,970
229337,7,999,1,717,1367,272,1068,2084,1340,989,2435,3424
229337,7,999,2,83,295,31,143,378,174,114,438,552
229337,7,999,5,634,1072,241,925,1706,1166,875,1997,2872
229337,8,5,1,464,859,52,287,1323,339,516,1146,1662
229337,8,5,2,36,135,9,37,171,46,45,172,217
229337,8,5,5,428,724,43,250,1152,293,471,974,1445
229337,9,6,1,137,230,54,299,367,353,191,529,720
229337,9,6,2,18,75,7,51,93,58,25,126,151
229337,9,6,5,119,155,47,248,274,295,166,403,569
229337,10,7,1,48,111,57,190,159,247,105,301,406
229337,10,7,2,10,41,9,20,51,29,19,61,80
229337,10,7,5,38,70,48,170,108,218,86,240,326
229337,11,8,1,48,126,78,220,174,298,126,346,472
229337,11,8,2,13,35,6,22,48,28,19,57,76
229337,11,8,5,35,91,72,198,126,270,107,289,396
229337,12,9,1,20,41,29,71,61,100,49,112,161
229337,12,9,2,6,9,0,13,15,13,6,22,28
229337,12,9,5,14,32,29,58,46,87,43,90,133
229337,13,10,1,0,0,2,1,0,3,2,1,3
229337,13,10,5,0,0,2,1,0,3,2,1,3
229355,1,412,1,2119,3485,2091,4054,5604,6145,4210,7539,11749
229355,1,112,2,2119,3485,2091,4054,5604,6145,4210,7539,11749
229355,2,999,1,1844,2906,1715,2880,4750,4595,3559,5786,9345
229355,2,999,2,1844,2906,1715,2880,4750,4595,3559,5786,9345
229355,3,1,1,74,180,851,1284,254,2135,925,1464,2389
229355,3,1,2,74,180,851,1284,254,2135,925,1464,2389
229355,4,2,1,1200,1860,358,592,3060,950,1558,2452,4010
229355,4,2,2,1200,1860,358,592,3060,950,1558,2452,4010
229355,5,3,1,435,584,295,544,1019,839,730,1128,1858
229355,5,3,2,435,584,295,544,1019,839,730,1128,1858
229355,6,4,1,135,282,211,460,417,671,346,742,1088
229355,6,4,2,135,282,211,460,417,671,346,742,1088
229355,7,999,1,275,579,376,1174,854,1550,651,1753,2404
229355,7,999,2,275,579,376,1174,854,1550,651,1753,2404
229355,8,5,1,110,254,148,455,364,603,258,709,967
229355,8,5,2,110,254,148,455,364,603,258,709,967
229355,9,6,1,72,131,102,284,203,386,174,415,589
229355,9,6,2,72,131,102,284,203,386,174,415,589
229355,10,7,1,39,85,51,181,124,232,90,266,356
229355,10,7,2,39,85,51,181,124,232,90,266,356
229355,11,8,1,35,73,54,182,108,236,89,255,344
229355,11,8,2,35,73,54,182,108,236,89,255,344
229355,12,9,1,19,36,18,67,55,85,37,103,140
229355,12,9,2,19,36,18,67,55,85,37,103,140
229355,13,10,1,0,0,3,5,0,8,3,5,8
229355,13,10,2,0,0,3,5,0,8,3,5,8
229504,1,412,1,305,505,632,1331,810,1963,937,1836,2773
229504,1,112,2,305,505,632,1331,810,1963,937,1836,2773
229504,2,999,1,228,371,484,849,599,1333,712,1220,1932
229504,2,999,2,228,371,484,849,599,1333,712,1220,1932
229504,3,1,1,2,4,212,337,6,549,214,341,555
229504,3,1,2,2,4,212,337,6,549,214,341,555
229504,4,2,1,117,182,151,209,299,360,268,391,659
229504,4,2,2,117,182,151,209,299,360,268,391,659
229504,5,3,1,71,116,74,140,187,214,145,256,401
229504,5,3,2,71,116,74,140,187,214,145,256,401
229504,6,4,1,38,69,47,163,107,210,85,232,317
229504,6,4,2,38,69,47,163,107,210,85,232,317
229504,7,999,1,77,134,148,482,211,630,225,616,841
229504,7,999,2,77,134,148,482,211,630,225,616,841
229504,8,5,1,30,52,54,172,82,226,84,224,308
229504,8,5,2,30,52,54,172,82,226,84,224,308
229504,9,6,1,16,27,45,131,43,176,61,158,219
229504,9,6,2,16,27,45,131,43,176,61,158,219
229504,10,7,1,15,26,23,80,41,103,38,106,144
229504,10,7,2,15,26,23,80,41,103,38,106,144
229504,11,8,1,14,21,20,77,35,97,34,98,132
229504,11,8,2,14,21,20,77,35,97,34,98,132
229504,12,9,1,2,7,5,22,9,27,7,29,36
229504,12,9,2,2,7,5,22,9,27,7,29,36
229504,13,10,1,0,1,1,0,1,1,1,1,2
229504,13,10,2,0,1,1,0,1,1,1,1,2
229780,1,412,1,1004,1036,905,1117,2040,2022,1909,2153,4062
229780,1,112,2,799,791,634,791,1590,1425,1433,1582,3015
229780,1,312,5,205,245,271,326,450,597,476,571,1047
229780,2,999,1,499,347,144,224,846,368,643,571,1214
229780,2,999,2,491,325,136,205,816,341,627,530,1157
229780,2,999,5,8,22,8,19,30,27,16,41,57
229780,3,1,1,22,10,54,90,32,144,76,100,176
229780,3,1,2,22,10,54,90,32,144,76,100,176
229780,4,2,1,228,121,14,11,349,25,242,132,374
229780,4,2,2,228,121,14,11,349,25,242,132,374
229780,5,3,1,153,98,19,30,251,49,172,128,300
229780,5,3,2,153,98,19,30,251,49,172,128,300
229780,6,4,1,96,118,57,93,214,150,153,211,364
229780,6,4,2,88,96,49,74,184,123,137,170,307
229780,6,4,5,8,22,8,19,30,27,16,41,57
229780,7,999,1,505,689,761,893,1194,1654,1266,1582,2848
229780,7,999,2,308,466,498,586,774,1084,806,1052,1858
229780,7,999,5,197,223,263,307,420,570,460,530,990
229780,8,5,1,84,161,109,165,245,274,193,326,519
229780,8,5,2,64,116,95,119,180,214,159,235,394
229780,8,5,5,20,45,14,46,65,60,34,91,125
229780,9,6,1,94,139,143,155,233,298,237,294,531
229780,9,6,2,62,109,109,122,171,231,171,231,402
229780,9,6,5,32,30,34,33,62,67,66,63,129
229780,10,7,1,94,130,150,183,224,333,244,313,557
229780,10,7,2,61,96,104,118,157,222,165,214,379
229780,10,7,5,33,34,46,65,67,111,79,99,178
229780,11,8,1,158,176,220,255,334,475,378,431,809
229780,11,8,2,87,99,124,151,186,275,211,250,461
229780,11,8,5,71,77,96,104,148,200,167,181,348
229780,12,9,1,73,81,134,130,154,264,207,211,418
229780,12,9,2,34,45,66,73,79,139,100,118,218
229780,12,9,5,39,36,68,57,75,125,107,93,200
229780,13,10,1,2,2,5,5,4,10,7,7,14
229780,13,10,2,0,1,0,3,1,3,0,4,4
229780,13,10,5,2,1,5,2,3,7,7,3,10
229814,1,412,1,2520,3721,1652,2143,6241,3795,4172,5864,10036
229814,1,112,2,2313,3308,745,960,5621,1705,3058,4268,7326
229814,1,312,5,207,413,907,1183,620,2090,1114,1596,2710
229814,2,999,1,2095,3038,461,577,5133,1038,2556,3615,6171
229814,2,999,2,2024,2872,364,430,4896,794,2388,3302,5690
229814,2,999,5,71,166,97,147,237,244,168,313,481
229814,3,1,1,8,14,2,8,22,10,10,22,32
229814,3,1,2,8,14,2,8,22,10,10,22,32
229814,4,2,1,801,1215,23,46,2016,69,824,1261,2085
229814,4,2,2,801,1214,23,46,2015,69,824,1260,2084
229814,4,2,5,0,1,0,0,1,0,0,1,1
229814,5,3,1,756,1167,115,163,1923,278,871,1330,2201
229814,5,3,2,749,1155,110,159,1904,269,859,1314,2173
229814,5,3,5,7,12,5,4,19,9,12,16,28
229814,6,4,1,530,642,321,360,1172,681,851,1002,1853
229814,6,4,2,466,489,229,217,955,446,695,706,1401
229814,6,4,5,64,153,92,143,217,235,156,296,452
229814,7,999,1,425,683,1190,1565,1108,2755,1615,2248,3863
229814,7,999,2,289,436,381,530,725,911,670,966,1636
229814,7,999,5,136,247,809,1035,383,1844,945,1282,2227
229814,8,5,1,209,278,332,441,487,773,541,719,1260
229814,8,5,2,146,192,121,174,338,295,267,366,633
229814,8,5,5,63,86,211,267,149,478,274,353,627
229814,9,6,1,82,167,282,343,249,625,364,510,874
229814,9,6,2,61,112,87,120,173,207,148,232,380
229814,9,6,5,21,55,195,223,76,418,216,278,494
229814,10,7,1,63,87,219,303,150,522,282,390,672
229814,10,7,2,41,53,65,97,94,162,106,150,256
229814,10,7,5,22,34,154,206,56,360,176,240,416
229814,11,8,1,50,101,273,357,151,630,323,458,781
229814,11,8,2,29,55,88,109,84,197,117,164,281
229814,11,8,5,21,46,185,248,67,433,206,294,500
229814,12,9,1,11,37,81,117,48,198,92,154,246
229814,12,9,2,4,11,20,29,15,49,24,40,64
229814,12,9,5,7,26,61,88,33,149,68,114,182
229814,13,10,1,10,13,3,4,23,7,13,17,30
229814,13,10,2,8,13,0,1,21,1,8,14,22
229814,13,10,5,2,0,3,3,2,6,5,3,8
229814,14,11,1,0,0,1,1,0,2,1,1,2
229814,14,11,5,0,0,1,1,0,2,1,1,2
229841,1,412,1,1158,1388,1361,2192,2546,3553,2519,3580,6099
229841,1,112,2,1158,1388,1361,2192,2546,3553,2519,3580,6099
229841,2,999,1,1071,1269,1117,1634,2340,2751,2188,2903,5091
229841,2,999,2,1071,1269,1117,1634,2340,2751,2188,2903,5091
229841,3,1,1,29,42,219,386,71,605,248,428,676
229841,3,1,2,29,42,219,386,71,605,248,428,676
229841,4,2,1,719,844,320,404,1563,724,1039,1248,2287
229841,4,2,2,719,844,320,404,1563,724,1039,1248,2287
229841,5,3,1,236,259,355,509,495,864,591,768,1359
229841,5,3,2,236,259,355,509,495,864,591,768,1359
229841,6,4,1,87,124,223,335,211,558,310,459,769
229841,6,4,2,87,124,223,335,211,558,310,459,769
229841,7,999,1,87,119,244,558,206,802,331,677,1008
229841,7,999,2,87,119,244,558,206,802,331,677,1008
229841,8,5,1,48,47,134,224,95,358,182,271,453
229841,8,5,2,48,47,134,224,95,358,182,271,453
229841,9,6,1,17,39,46,136,56,182,63,175,238
229841,9,6,2,17,39,46,136,56,182,63,175,238
229841,10,7,1,9,17,23,88,26,111,32,105,137
229841,10,7,2,9,17,23,88,26,111,32,105,137
229841,11,8,1,11,14,28,84,25,112,39,98,137
229841,11,8,2,11,14,28,84,25,112,39,98,137
229841,12,9,1,2,2,11,25,4,36,13,27,40
229841,12,9,2,2,2,11,25,4,36,13,27,40
229841,13,10,1,0,0,2,1,0,3,2,1,3
229841,13,10,2,0,0,2,1,0,3,2,1,3
230047,1,412,1,1052,1712,159,257,2764,416,1211,1969,3180
230047,1,112,2,1052,1712,159,257,2764,416,1211,1969,3180
230047,2,999,1,720,1381,94,170,2101,264,814,1551,2365
230047,2,999,2,720,1381,94,170,2101,264,814,1551,2365
230047,3,1,1,6,33,9,4,39,13,15,37,52
230047,3,1,2,6,33,9,4,39,13,15,37,52
230047,4,2,1,106,487,13,61,593,74,119,548,667
230047,4,2,2,106,487,13,61,593,74,119,548,667
230047,5,3,1,169,392,29,48,561,77,198,440,638
230047,5,3,2,169,392,29,48,561,77,198,440,638
230047,6,4,1,439,469,43,57,908,100,482,526,1008
230047,6,4,2,439,469,43,57,908,100,482,526,1008
230047,7,999,1,331,330,64,87,661,151,395,417,812
230047,7,999,2,331,330,64,87,661,151,395,417,812
230047,8,5,1,281,261,43,46,542,89,324,307,631
230047,8,5,2,281,261,43,46,542,89,324,307,631
230047,9,6,1,40,45,12,8,85,20,52,53,105
230047,9,6,2,40,45,12,8,85,20,52,53,105
230047,10,7,1,7,9,4,6,16,10,11,15,26
230047,10,7,2,7,9,4,6,16,10,11,15,26
230047,11,8,1,2,9,2,16,11,18,4,25,29
230047,11,8,2,2,9,2,16,11,18,4,25,29
230047,12,9,1,1,6,3,11,7,14,4,17,21
230047,12,9,2,1,6,3,11,7,14,4,17,21
230047,14,11,1,1,1,1,0,2,1,2,1,3
230047,14,11,2,1,1,1,0,2,1,2,1,3
230056,1,412,1,7,98,80,83,105,163,87,181,268
230056,1,112,2,7,98,80,83,105,163,87,181,268
230056,2,999,1,2,58,5,17,60,22,7,75,82
230056,2,999,2,2,58,5,17,60,22,7,75,82
230056,4,2,1,1,6,1,1,7,2,2,7,9
230056,4,2,2,1,6,1,1,7,2,2,7,9
230056,5,3,1,0,21,0,4,21,4,0,25,25
230056,5,3,2,0,21,0,4,21,4,0,25,25
230056,6,4,1,1,31,4,12,32,16,5,43,48
230056,6,4,2,1,31,4,12,32,16,5,43,48
230056,7,999,1,5,40,75,66,45,141,80,106,186
230056,7,999,2,5,40,75,66,45,141,80,106,186
230056,8,5,1,5,23,9,24,28,33,14,47,61
230056,8,5,2,5,23,9,24,28,33,14,47,61
230056,9,6,1,0,10,15,6,10,21,15,16,31
230056,9,6,2,0,10,15,6,10,21,15,16,31
230056,10,7,1,0,3,14,6,3,20,14,9,23
230056,10,7,2,0,3,14,6,3,20,14,9,23
230056,11,8,1,0,4,26,15,4,41,26,19,45
230056,11,8,2,0,4,26,15,4,41,26,19,45
230056,12,9,1,0,0,11,14,0,25,11,14,25
230056,12,9,2,0,0,11,14,0,25,11,14,25
230056,13,10,1,0,0,0,1,0,1,0,1,1
230056,13,10,2,0,0,0,1,0,1,0,1,1
230162,1,412,1,140,228,2255,1191,368,3446,2395,1419,3814
230162,1,112,2,140,228,2255,1191,368,3446,2395,1419,3814
230162,2,999,1,65,136,1635,858,201,2493,1700,994,2694
230162,2,999,2,65,136,1635,858,201,2493,1700,994,2694
230162,3,1,1,1,7,861,320,8,1181,862,327,1189
230162,3,1,2,1,7,861,320,8,1181,862,327,1189
230162,4,2,1,21,31,305,270,52,575,326,301,627
230162,4,2,2,21,31,305,270,52,575,326,301,627
230162,5,3,1,21,44,224,151,65,375,245,195,440
230162,5,3,2,21,44,224,151,65,375,245,195,440
230162,6,4,1,22,54,245,117,76,362,267,171,438
230162,6,4,2,22,54,245,117,76,362,267,171,438
230162,7,999,1,75,92,600,308,167,908,675,400,1075
230162,7,999,2,75,92,600,308,167,908,675,400,1075
230162,8,5,1,24,32,286,103,56,389,310,135,445
230162,8,5,2,24,32,286,103,56,389,310,135,445
230162,9,6,1,15,21,140,60,36,200,155,81,236
230162,9,6,2,15,21,140,60,36,200,155,81,236
230162,10,7,1,15,13,66,49,28,115,81,62,143
230162,10,7,2,15,13,66,49,28,115,81,62,143
230162,11,8,1,14,20,73,64,34,137,87,84,171
230162,11,8,2,14,20,73,64,34,137,87,84,171
230162,12,9,1,7,6,34,29,13,63,41,35,76
230162,12,9,2,7,6,34,29,13,63,41,35,76
230162,13,10,1,0,0,1,3,0,4,1,3,4
230162,13,10,2,0,0,1,3,0,4,1,3,4
230162,14,11,1,0,0,20,25,0,45,20,25,45
230162,14,11,2,0,0,20,25,0,45,20,25,45
230171,1,412,1,2995,4249,2077,2722,7244,4799,5072,6971,12043
230171,1,112,2,2981,4229,2071,2707,7210,4778,5052,6936,11988
230171,1,312,5,14,20,6,15,34,21,20,35,55
230171,2,999,1,2587,3829,1743,2166,6416,3909,4330,5995,10325
230171,2,999,2,2580,3820,1743,2164,6400,3907,4323,5984,10307
230171,2,999,5,7,9,0,2,16,2,7,11,18
230171,3,1,1,152,246,1166,1519,398,2685,1318,1765,3083
230171,3,1,2,152,246,1166,1519,398,2685,1318,1765,3083
230171,4,2,1,999,1979,195,220,2978,415,1194,2199,3393
230171,4,2,2,999,1979,195,220,2978,415,1194,2199,3393
230171,5,3,1,794,1027,155,227,1821,382,949,1254,2203
230171,5,3,2,793,1025,155,227,1818,382,948,1252,2200
230171,5,3,5,1,2,0,0,3,0,1,2,3
230171,6,4,1,642,577,227,200,1219,427,869,777,1646
230171,6,4,2,636,570,227,198,1206,425,863,768,1631
230171,6,4,5,6,7,0,2,13,2,6,9,15
230171,7,999,1,408,420,334,556,828,890,742,976,1718
230171,7,999,2,401,409,328,543,810,871,729,952,1681
230171,7,999,5,7,11,6,13,18,19,13,24,37
230171,8,5,1,274,186,162,187,460,349,436,373,809
230171,8,5,2,268,178,159,184,446,343,427,362,789
230171,8,5,5,6,8,3,3,14,6,9,11,20
230171,9,6,1,70,71,39,108,141,147,109,179,288
230171,9,6,2,70,70,39,106,140,145,109,176,285
230171,9,6,5,0,1,0,2,1,2,0,3,3
230171,10,7,1,34,67,47,80,101,127,81,147,228
230171,10,7,2,33,66,47,79,99,126,80,145,225
230171,10,7,5,1,1,0,1,2,1,1,2,3
230171,11,8,1,24,76,49,121,100,170,73,197,270
230171,11,8,2,24,75,47,117,99,164,71,192,263
230171,11,8,5,0,1,2,4,1,6,2,5,7
230171,12,9,1,4,20,21,46,24,67,25,66,91
230171,12,9,2,4,20,21,43,24,64,25,63,88
230171,12,9,5,0,0,0,3,0,3,0,3,3
230171,13,10,1,2,0,16,14,2,30,18,14,32
230171,13,10,2,2,0,15,14,2,29,17,14,31
230171,13,10,5,0,0,1,0,0,1,1,0,1
230214,1,412,1,16,106,26,155,122,181,42,261,303
230214,1,112,2,16,106,26,155,122,181,42,261,303
230214,2,999,1,10,68,14,92,78,106,24,160,184
230214,2,999,2,10,68,14,92,78,106,24,160,184
230214,3,1,1,0,1,0,0,1,0,0,1,1
230214,3,1,2,0,1,0,0,1,0,0,1,1
230214,4,2,1,4,21,1,32,25,33,5,53,58
230214,4,2,2,4,21,1,32,25,33,5,53,58
230214,5,3,1,1,33,3,29,34,32,4,62,66
230214,5,3,2,1,33,3,29,34,32,4,62,66
230214,6,4,1,5,13,10,31,18,41,15,44,59
230214,6,4,2,5,13,10,31,18,41,15,44,59
230214,7,999,1,6,38,12,63,44,75,18,101,119
230214,7,999,2,6,38,12,63,44,75,18,101,119
230214,8,5,1,4,17,7,38,21,45,11,55,66
230214,8,5,2,4,17,7,38,21,45,11,55,66
230214,9,6,1,0,11,4,15,11,19,4,26,30
230214,9,6,2,0,11,4,15,11,19,4,26,30
230214,10,7,1,0,5,1,6,5,7,1,11,12
230214,10,7,2,0,5,1,6,5,7,1,11,12
230214,11,8,1,1,4,0,3,5,3,1,7,8
230214,11,8,2,1,4,0,3,5,3,1,7,8
230214,12,9,1,1,1,0,1,2,1,1,2,3
230214,12,9,2,1,1,0,1,2,1,1,2,3
230418,1,412,1,630,489,357,353,1119,710,987,842,1829
230418,1,112,2,630,489,357,353,1119,710,987,842,1829
230418,2,999,1,439,345,205,197,784,402,644,542,1186
230418,2,999,2,439,345,205,197,784,402,644,542,1186
230418,3,1,1,0,1,1,0,1,1,1,1,2
230418,3,1,2,0,1,1,0,1,1,1,1,2
230418,4,2,1,39,72,20,40,111,60,59,112,171
230418,4,2,2,39,72,20,40,111,60,59,112,171
230418,5,3,1,158,120,64,55,278,119,222,175,397
230418,5,3,2,158,120,64,55,278,119,222,175,397
230418,6,4,1,242,152,120,102,394,222,362,254,616
230418,6,4,2,242,152,120,102,394,222,362,254,616
230418,7,999,1,191,144,152,156,335,308,343,300,643
230418,7,999,2,191,144,152,156,335,308,343,300,643
230418,8,5,1,129,84,90,60,213,150,219,144,363
230418,8,5,2,129,84,90,60,213,150,219,144,363
230418,9,6,1,34,17,27,18,51,45,61,35,96
230418,9,6,2,34,17,27,18,51,45,61,35,96
230418,10,7,1,16,15,13,15,31,28,29,30,59
230418,10,7,2,16,15,13,15,31,28,29,30,59
230418,11,8,1,11,19,15,37,30,52,26,56,82
230418,11,8,2,11,19,15,37,30,52,26,56,82
230418,12,9,1,1,8,5,26,9,31,6,34,40
230418,12,9,2,1,8,5,26,9,31,6,34,40
230418,13,10,1,0,1,2,0,1,2,2,1,3
230418,13,10,2,0,1,2,0,1,2,2,1,3
230597,1,412,1,1423,1763,1148,1466,3186,2614,2571,3229,5800
230597,1,112,2,1423,1763,1148,1466,3186,2614,2571,3229,5800
230597,2,999,1,1330,1665,999,1231,2995,2230,2329,2896,5225
230597,2,999,2,1330,1665,999,1231,2995,2230,2329,2896,5225
230597,3,1,1,52,72,673,899,124,1572,725,971,1696
230597,3,1,2,52,72,673,899,124,1572,725,971,1696
230597,4,2,1,528,1066,223,203,1594,426,751,1269,2020
230597,4,2,2,528,1066,223,203,1594,426,751,1269,2020
230597,5,3,1,477,393,42,69,870,111,519,462,981
230597,5,3,2,477,393,42,69,870,111,519,462,981
230597,6,4,1,273,134,61,60,407,121,334,194,528
230597,6,4,2,273,134,61,60,407,121,334,194,528
230597,7,999,1,93,97,125,209,190,334,218,306,524
230597,7,999,2,93,97,125,209,190,334,218,306,524
230597,8,5,1,55,36,34,45,91,79,89,81,170
230597,8,5,2,55,36,34,45,91,79,89,81,170
230597,9,6,1,12,26,27,35,38,62,39,61,100
230597,9,6,2,12,26,27,35,38,62,39,61,100
230597,10,7,1,8,10,16,37,18,53,24,47,71
230597,10,7,2,8,10,16,37,18,53,24,47,71
230597,11,8,1,11,16,33,61,27,94,44,77,121
230597,11,8,2,11,16,33,61,27,94,44,77,121
230597,12,9,1,6,9,8,27,15,35,14,36,50
230597,12,9,2,6,9,8,27,15,35,14,36,50
230597,13,10,1,1,0,7,4,1,11,8,4,12
230597,13,10,2,1,0,7,4,1,11,8,4,12
230597,14,11,1,0,1,24,26,1,50,24,27,51
230597,14,11,2,0,1,24,26,1,50,24,27,51
230603,1,412,1,3552,4489,1603,2938,8041,4541,5155,7427,12582
230603,1,112,2,3344,4308,1170,2427,7652,3597,4514,6735,11249
230603,1,312,5,208,181,433,511,389,944,641,692,1333
230603,2,999,1,2902,4034,662,946,6936,1608,3564,4980,8544
230603,2,999,2,2849,3969,630,898,6818,1528,3479,4867,8346
230603,2,999,5,53,65,32,48,118,80,85,113,198
230603,3,1,1,79,133,329,491,212,820,408,624,1032
230603,3,1,2,79,133,329,491,212,820,408,624,1032
230603,4,2,1,866,1911,110,142,2777,252,976,2053,3029
230603,4,2,2,866,1911,110,142,2777,252,976,2053,3029
230603,5,3,1,1057,1368,80,121,2425,201,1137,1489,2626
230603,5,3,2,1055,1362,78,120,2417,198,1133,1482,2615
230603,5,3,5,2,6,2,1,8,3,4,7,11
230603,6,4,1,900,622,143,192,1522,335,1043,814,1857
230603,6,4,2,849,563,113,145,1412,258,962,708,1670
230603,6,4,5,51,59,30,47,110,77,81,106,187
230603,7,999,1,650,455,941,1992,1105,2933,1591,2447,4038
230603,7,999,2,495,339,540,1529,834,2069,1035,1868,2903
230603,7,999,5,155,116,401,463,271,864,556,579,1135
230603,8,5,1,438,197,271,375,635,646,709,572,1281
230603,8,5,2,349,156,156,260,505,416,505,416,921
230603,8,5,5,89,41,115,115,130,230,204,156,360
230603,9,6,1,101,80,207,322,181,529,308,402,710
230603,9,6,2,79,58,105,252,137,357,184,310,494
230603,9,6,5,22,22,102,70,44,172,124,92,216
230603,10,7,1,60,62,165,322,122,487,225,384,609
230603,10,7,2,37,50,95,254,87,349,132,304,436
230603,10,7,5,23,12,70,68,35,138,93,80,173
230603,11,8,1,39,87,200,610,126,810,239,697,936
230603,11,8,2,25,58,114,462,83,576,139,520,659
230603,11,8,5,14,29,86,148,43,234,100,177,277
230603,12,9,1,11,29,90,352,40,442,101,381,482
230603,12,9,2,4,17,64,291,21,355,68,308,376
230603,12,9,5,7,12,26,61,19,87,33,73,106
230603,13,10,1,1,0,8,11,1,19,9,11,20
230603,13,10,2,1,0,6,10,1,16,7,10,17
230603,13,10,5,0,0,2,1,0,3,2,1,3
230728,1,412,1,8574,9634,3752,5731,18208,9483,12326,15365,27691
230728,1,112,2,8061,9056,2962,4568,17117,7530,11023,13624,24647
230728,1,312,5,513,578,790,1163,1091,1953,1303,1741,3044
230728,2,999,1,7253,8555,2281,3455,15808,5736,9534,12010,21544
230728,2,999,2,7134,8323,2212,3265,15457,5477,9346,11588,20934
230728,2,999,5,119,232,69,190,351,259,188,422,610
230728,3,1,1,65,104,1093,1905,169,2998,1158,2009,3167
230728,3,1,2,65,104,1093,1905,169,2998,1158,2009,3167
230728,4,2,1,1859,3676,321,447,5535,768,2180,4123,6303
230728,4,2,2,1859,3676,321,447,5535,768,2180,4123,6303
230728,5,3,1,2540,2882,286,429,5422,715,2826,3311,6137
230728,5,3,2,2538,2866,286,415,5404,701,2824,3281,6105
230728,5,3,5,2,16,0,14,18,14,2,30,32
230728,6,4,1,2789,1893,581,674,4682,1255,3370,2567,5937
230728,6,4,2,2672,1677,512,498,4349,1010,3184,2175,5359
230728,6,4,5,117,216,69,176,333,245,186,392,578
230728,7,999,1,1321,1079,1471,2276,2400,3747,2792,3355,6147
230728,7,999,2,927,733,750,1303,1660,2053,1677,2036,3713
230728,7,999,5,394,346,721,973,740,1694,1115,1319,2434
230728,8,5,1,942,532,691,717,1474,1408,1633,1249,2882
230728,8,5,2,696,326,402,364,1022,766,1098,690,1788
230728,8,5,5,246,206,289,353,452,642,535,559,1094
230728,9,6,1,198,212,314,462,410,776,512,674,1186
230728,9,6,2,115,149,125,290,264,415,240,439,679
230728,9,6,5,83,63,189,172,146,361,272,235,507
230728,10,7,1,97,138,195,396,235,591,292,534,826
230728,10,7,2,62,105,85,242,167,327,147,347,494
230728,10,7,5,35,33,110,154,68,264,145,187,332
230728,11,8,1,65,160,188,504,225,692,253,664,917
230728,11,8,2,42,125,102,309,167,411,144,434,578
230728,11,8,5,23,35,86,195,58,281,109,230,339
230728,12,9,1,17,37,74,189,54,263,91,226,317
230728,12,9,2,12,28,32,94,40,126,44,122,166
230728,12,9,5,5,9,42,95,14,137,47,104,151
230728,13,10,1,2,0,9,8,2,17,11,8,19
230728,13,10,2,0,0,4,4,0,8,4,4,8
230728,13,10,5,2,0,5,4,2,9,7,4,11
230746,1,412,1,3073,3787,8967,11466,6860,20433,12040,15253,27293
230746,1,112,2,3073,3787,8967,11466,6860,20433,12040,15253,27293
230746,2,999,1,2305,2940,6134,7796,5245,13930,8439,10736,19175
230746,2,999,2,2305,2940,6134,7796,5245,13930,8439,10736,19175
230746,3,1,1,201,277,2551,3511,478,6062,2752,3788,6540
230746,3,1,2,201,277,2551,3511,478,6062,2752,3788,6540
230746,4,2,1,920,1391,1223,1456,2311,2679,2143,2847,4990
230746,4,2,2,920,1391,1223,1456,2311,2679,2143,2847,4990
230746,5,3,1,629,730,1071,1366,1359,2437,1700,2096,3796
230746,5,3,2,629,730,1071,1366,1359,2437,1700,2096,3796
230746,6,4,1,555,542,1289,1463,1097,2752,1844,2005,3849
230746,6,4,2,555,542,1289,1463,1097,2752,1844,2005,3849
230746,7,999,1,768,747,2833,3670,1515,6503,3601,4417,8018
230746,7,999,2,768,747,2833,3670,1515,6503,3601,4417,8018
230746,8,5,1,442,417,1280,1539,859,2819,1722,1956,3678
230746,8,5,2,442,417,1280,1539,859,2819,1722,1956,3678
230746,9,6,1,159,179,691,754,338,1445,850,933,1783
230746,9,6,2,159,179,691,754,338,1445,850,933,1783
230746,10,7,1,88,12,347,476,100,823,435,488,923
230746,10,7,2,88,12,347,476,100,823,435,488,923
230746,11,8,1,62,103,337,577,165,914,399,680,1079
230746,11,8,2,62,103,337,577,165,914,399,680,1079
230746,12,9,1,13,34,111,254,47,365,124,288,412
230746,12,9,2,13,34,111,254,47,365,124,288,412
230746,13,10,1,4,2,67,70,6,137,71,72,143
230746,13,10,2,4,2,67,70,6,137,71,72,143
230746,14,11,1,0,100,0,0,100,0,0,100,100
230746,14,11,2,0,100,0,0,100,0,0,100,100
230764,1,412,1,13095,12310,3978,3698,25405,7676,17073,16008,33081
230764,1,112,2,9727,9022,3032,2862,18749,5894,12759,11884,24643
230764,1,312,5,3368,3288,946,836,6656,1782,4314,4124,8438
230764,2,999,1,9202,9221,1796,1698,18423,3494,10998,10919,21917
230764,2,999,2,8574,8247,1738,1643,16821,3381,10312,9890,20202
230764,2,999,5,628,974,58,55,1602,113,686,1029,1715
230764,3,1,1,79,115,133,163,194,296,212,278,490
230764,3,1,2,79,115,133,163,194,296,212,278,490
230764,4,2,1,3139,3685,263,298,6824,561,3402,3983,7385
230764,4,2,2,3139,3684,263,298,6823,561,3402,3982,7384
230764,4,2,5,0,1,0,0,1,0,0,1,1
230764,5,3,1,3210,3127,516,500,6337,1016,3726,3627,7353
230764,5,3,2,3193,3081,516,499,6274,1015,3709,3580,7289
230764,5,3,5,17,46,0,1,63,1,17,47,64
230764,6,4,1,2774,2294,884,737,5068,1621,3658,3031,6689
230764,6,4,2,2163,1367,826,683,3530,1509,2989,2050,5039
230764,6,4,5,611,927,58,54,1538,112,669,981,1650
230764,7,999,1,3892,3089,2180,2000,6981,4180,6072,5089,11161
230764,7,999,2,1152,775,1293,1219,1927,2512,2445,1994,4439
230764,7,999,5,2740,2314,887,781,5054,1668,3627,3095,6722
230764,8,5,1,2512,1800,982,742,4312,1724,3494,2542,6036
230764,8,5,2,817,471,683,503,1288,1186,1500,974,2474
230764,8,5,5,1695,1329,299,239,3024,538,1994,1568,3562
230764,9,6,1,837,568,555,433,1405,988,1392,1001,2393
230764,9,6,2,205,125,273,232,330,505,478,357,835
230764,9,6,5,632,443,282,201,1075,483,914,644,1558
230764,10,7,1,314,318,266,267,632,533,580,585,1165
230764,10,7,2,80,85,118,153,165,271,198,238,436
230764,10,7,5,234,233,148,114,467,262,382,347,729
230764,11,8,1,202,308,229,346,510,575,431,654,1085
230764,11,8,2,46,73,109,181,119,290,155,254,409
230764,11,8,5,156,235,120,165,391,285,276,400,676
230764,12,9,1,24,91,81,154,115,235,105,245,350
230764,12,9,2,3,18,48,93,21,141,51,111,162
230764,12,9,5,21,73,33,61,94,94,54,134,188
230764,13,10,1,3,4,67,58,7,125,70,62,132
230764,13,10,2,1,3,62,57,4,119,63,60,123
230764,13,10,5,2,1,5,1,3,6,7,2,9
230764,14,11,1,1,0,2,0,1,2,3,0,3
230764,14,11,2,1,0,1,0,1,1,2,0,2
230764,14,11,5,0,0,1,0,0,1,1,0,1
230782,1,412,1,5373,7058,7377,9788,12431,17165,12750,16846,29596
230782,1,112,2,5217,6825,7158,9485,12042,16643,12375,16310,28685
230782,1,312,5,156,233,219,303,389,522,375,536,911
230782,2,999,1,4137,5646,5756,7429,9783,13185,9893,13075,22968
230782,2,999,2,4114,5589,5743,7405,9703,13148,9857,12994,22851
230782,2,999,5,23,57,13,24,80,37,36,81,117
230782,3,1,1,485,689,4368,5622,1174,9990,4853,6311,11164
230782,3,1,2,485,689,4368,5622,1174,9990,4853,6311,11164
230782,4,2,1,1170,2153,461,500,3323,961,1631,2653,4284
230782,4,2,2,1170,2153,461,500,3323,961,1631,2653,4284
230782,5,3,1,1163,1501,352,565,2664,917,1515,2066,3581
230782,5,3,2,1162,1495,351,560,2657,911,1513,2055,3568
230782,5,3,5,1,6,1,5,7,6,2,11,13
230782,6,4,1,1319,1303,575,742,2622,1317,1894,2045,3939
230782,6,4,2,1297,1252,563,723,2549,1286,1860,1975,3835
230782,6,4,5,22,51,12,19,73,31,34,70,104
230782,7,999,1,1236,1412,1617,2355,2648,3972,2853,3767,6620
230782,7,999,2,1103,1236,1411,2076,2339,3487,2514,3312,5826
230782,7,999,5,133,176,206,279,309,485,339,455,794
230782,8,5,1,806,639,673,742,1445,1415,1479,1381,2860
230782,8,5,2,743,583,617,686,1326,1303,1360,1269,2629
230782,8,5,5,63,56,56,56,119,112,119,112,231
230782,9,6,1,235,291,374,459,526,833,609,750,1359
230782,9,6,2,202,254,322,412,456,734,524,666,1190
230782,9,6,5,33,37,52,47,70,99,85,84,169
230782,10,7,1,99,190,213,431,289,644,312,621,933
230782,10,7,2,84,163,176,388,247,564,260,551,811
230782,10,7,5,15,27,37,43,42,80,52,70,122
230782,11,8,1,84,236,249,511,320,760,333,747,1080
230782,11,8,2,64,195,202,420,259,622,266,615,881
230782,11,8,5,20,41,47,91,61,138,67,132,199
230782,12,9,1,12,56,84,191,68,275,96,247,343
230782,12,9,2,10,41,70,150,51,220,80,191,271
230782,12,9,5,2,15,14,41,17,55,16,56,72
230782,13,10,1,0,0,24,21,0,45,24,21,45
230782,13,10,2,0,0,24,20,0,44,24,20,44
230782,13,10,5,0,0,0,1,0,1,0,1,1
230782,14,11,1,0,0,4,4,0,8,4,4,8
230782,14,11,2,0,0,4,4,0,8,4,4,8
230807,1,412,1,602,1045,86,116,1647,202,688,1161,1849
230807,1,112,2,511,834,44,37,1345,81,555,871,1426
230807,1,312,5,91,211,42,79,302,121,133,290,423
230807,2,999,1,469,792,35,24,1261,59,504,816,1320
230807,2,999,2,459,752,30,18,1211,48,489,770,1259
230807,2,999,5,10,40,5,6,50,11,15,46,61
230807,3,1,1,2,4,2,0,6,2,4,4,8
230807,3,1,2,2,4,2,0,6,2,4,4,8
230807,4,2,1,117,217,2,2,334,4,119,219,338
230807,4,2,2,117,217,2,2,334,4,119,219,338
230807,5,3,1,239,386,7,6,625,13,246,392,638
230807,5,3,2,237,385,7,5,622,12,244,390,634
230807,5,3,5,2,1,0,1,3,1,2,2,4
230807,6,4,1,111,185,24,16,296,40,135,201,336
230807,6,4,2,103,146,19,11,249,30,122,157,279
230807,6,4,5,8,39,5,5,47,10,13,44,57
230807,7,999,1,133,253,51,91,386,142,184,344,528
230807,7,999,2,52,82,14,19,134,33,66,101,167
230807,7,999,5,81,171,37,72,252,109,118,243,361
230807,8,5,1,60,112,12,27,172,39,72,139,211
230807,8,5,2,32,39,5,4,71,9,37,43,80
230807,8,5,5,28,73,7,23,101,30,35,96,131
230807,9,6,1,40,66,13,20,106,33,53,86,139
230807,9,6,2,14,23,3,1,37,4,17,24,41
230807,9,6,5,26,43,10,19,69,29,36,62,98
230807,10,7,1,20,30,13,17,50,30,33,47,80
230807,10,7,2,2,10,3,4,12,7,5,14,19
230807,10,7,5,18,20,10,13,38,23,28,33,61
230807,11,8,1,10,38,11,21,48,32,21,59,80
230807,11,8,2,3,9,1,4,12,5,4,13,17
230807,11,8,5,7,29,10,17,36,27,17,46,63
230807,12,9,1,3,7,2,6,10,8,5,13,18
230807,12,9,2,1,1,2,6,2,8,3,7,10
230807,12,9,5,2,6,0,0,8,0,2,6,8
230807,14,11,1,0,0,0,1,0,1,0,1,1
230807,14,11,5,0,0,0,1,0,1,0,1,1
230816,1,412,1,217,491,41,50,708,91,258,541,799
230816,1,112,2,197,409,41,50,606,91,238,459,697
230816,1,312,5,20,82,0,0,102,0,20,82,102
230816,2,999,1,194,404,7,38,598,45,201,442,643
230816,2,999,2,194,401,7,38,595,45,201,439,640
230816,2,999,5,0,3,0,0,3,0,0,3,3
230816,3,1,1,4,7,4,18,11,22,8,25,33
230816,3,1,2,4,7,4,18,11,22,8,25,33
230816,4,2,1,68,154,0,7,222,7,68,161,229
230816,4,2,2,68,154,0,7,222,7,68,161,229
230816,5,3,1,89,185,2,9,274,11,91,194,285
230816,5,3,2,89,185,2,9,274,11,91,194,285
230816,6,4,1,33,58,1,4,91,5,34,62,96
230816,6,4,2,33,55,1,4,88,5,34,59,93
230816,6,4,5,0,3,0,0,3,0,0,3,3
230816,7,999,1,23,86,33,11,109,44,56,97,153
230816,7,999,2,3,8,33,11,11,44,36,19,55
230816,7,999,5,20,78,0,0,98,0,20,78,98
230816,8,5,1,5,12,3,5,17,8,8,17,25
230816,8,5,2,2,4,3,5,6,8,5,9,14
230816,8,5,5,3,8,0,0,11,0,3,8,11
230816,9,6,1,5,23,3,1,28,4,8,24,32
230816,9,6,2,0,1,3,1,1,4,3,2,5
230816,9,6,5,5,22,0,0,27,0,5,22,27
230816,10,7,1,1,8,7,1,9,8,8,9,17
230816,10,7,2,0,0,7,1,0,8,7,1,8
230816,10,7,5,1,8,0,0,9,0,1,8,9
230816,11,8,1,4,24,8,3,28,11,12,27,39
230816,11,8,2,1,3,8,3,4,11,9,6,15
230816,11,8,5,3,21,0,0,24,0,3,21,24
230816,12,9,1,7,15,9,1,22,10,16,16,32
230816,12,9,2,0,0,9,1,0,10,9,1,10
230816,12,9,5,7,15,0,0,22,0,7,15,22
230816,13,10,1,1,4,3,0,5,3,4,4,8
230816,13,10,2,0,0,3,0,0,3,3,0,3
230816,13,10,5,1,4,0,0,5,0,1,4,5
230816,14,11,1,0,1,1,1,1,2,1,2,3
230816,14,11,2,0,0,1,1,0,2,1,1,2
230816,14,11,5,0,1,0,0,1,0,0,1,1
230834,1,412,1,657,833,208,513,1490,721,865,1346,2211
230834,1,112,2,644,822,100,178,1466,278,744,1000,1744
230834,1,312,5,13,11,108,335,24,443,121,346,467
230834,2,999,1,614,758,99,142,1372,241,713,900,1613
230834,2,999,2,608,750,83,118,1358,201,691,868,1559
230834,2,999,5,6,8,16,24,14,40,22,32,54
230834,3,1,1,11,33,12,27,44,39,23,60,83
230834,3,1,2,11,33,12,27,44,39,23,60,83
230834,4,2,1,253,313,10,15,566,25,263,328,591
230834,4,2,2,253,313,10,15,566,25,263,328,591
230834,5,3,1,248,298,29,52,546,81,277,350,627
230834,5,3,2,247,298,29,52,545,81,276,350,626
230834,5,3,5,1,0,0,0,1,0,1,0,1
230834,6,4,1,102,114,48,48,216,96,150,162,312
230834,6,4,2,97,106,32,24,203,56,129,130,259
230834,6,4,5,5,8,16,24,13,40,21,32,53
230834,7,999,1,43,75,109,367,118,476,152,442,594
230834,7,999,2,36,72,17,60,108,77,53,132,185
230834,7,999,5,7,3,92,307,10,399,99,310,409
230834,8,5,1,24,28,26,57,52,83,50,85,135
230834,8,5,2,19,27,7,22,46,29,26,49,75
230834,8,5,5,5,1,19,35,6,54,24,36,60
230834,9,6,1,10,17,19,55,27,74,29,72,101
230834,9,6,2,9,17,6,14,26,20,15,31,46
230834,9,6,5,1,0,13,41,1,54,14,41,55
230834,10,7,1,6,12,15,57,18,72,21,69,90
230834,10,7,2,6,11,2,6,17,8,8,17,25
230834,10,7,5,0,1,13,51,1,64,13,52,65
230834,11,8,1,2,12,27,101,14,128,29,113,142
230834,11,8,2,1,12,2,10,13,12,3,22,25
230834,11,8,5,1,0,25,91,1,116,26,91,117
230834,12,9,1,1,6,20,92,7,112,21,98,119
230834,12,9,2,1,5,0,8,6,8,1,13,14
230834,12,9,5,0,1,20,84,1,104,20,85,105
230834,13,10,1,0,0,2,5,0,7,2,5,7
230834,13,10,5,0,0,2,5,0,7,2,5,7
230834,14,11,1,0,0,0,4,0,4,0,4,4
230834,14,11,5,0,0,0,4,0,4,0,4,4
230861,1,412,1,280,532,1241,3049,812,4290,1521,3581,5102
230861,1,112,2,280,532,1241,3049,812,4290,1521,3581,5102
230861,2,999,1,220,418,807,1618,638,2425,1027,2036,3063
230861,2,999,2,220,418,807,1618,638,2425,1027,2036,3063
230861,3,1,1,31,126,214,456,157,670,245,582,827
230861,3,1,2,31,126,214,456,157,670,245,582,827
230861,4,2,1,99,172,293,430,271,723,392,602,994
230861,4,2,2,99,172,293,430,271,723,392,602,994
230861,5,3,1,51,69,163,351,120,514,214,420,634
230861,5,3,2,51,69,163,351,120,514,214,420,634
230861,6,4,1,39,51,137,381,90,518,176,432,608
230861,6,4,2,39,51,137,381,90,518,176,432,608
230861,7,999,1,60,114,433,1430,174,1863,493,1544,2037
230861,7,999,2,60,114,433,1430,174,1863,493,1544,2037
230861,8,5,1,21,50,153,481,71,634,174,531,705
230861,8,5,2,21,50,153,481,71,634,174,531,705
230861,9,6,1,16,24,92,321,40,413,108,345,453
230861,9,6,2,16,24,92,321,40,413,108,345,453
230861,10,7,1,9,15,75,201,24,276,84,216,300
230861,10,7,2,9,15,75,201,24,276,84,216,300
230861,11,8,1,8,18,66,264,26,330,74,282,356
230861,11,8,2,8,18,66,264,26,330,74,282,356
230861,12,9,1,6,7,40,151,13,191,46,158,204
230861,12,9,2,6,7,40,151,13,191,46,158,204
230861,13,10,1,0,0,7,12,0,19,7,12,19
230861,13,10,2,0,0,7,12,0,19,7,12,19
230861,14,11,1,0,0,1,1,0,2,1,1,2
230861,14,11,2,0,0,1,1,0,2,1,1,2
230913,1,412,1,500,722,224,553,1222,777,724,1275,1999
230913,1,112,2,491,692,173,350,1183,523,664,1042,1706
230913,1,312,5,9,30,51,203,39,254,60,233,293
230913,2,999,1,448,587,91,161,1035,252,539,748,1287
230913,2,999,2,445,584,88,147,1029,235,533,731,1264
230913,2,999,5,3,3,3,14,6,17,6,17,23
230913,3,1,1,12,38,25,37,50,62,37,75,112
230913,3,1,2,12,38,25,37,50,62,37,75,112
230913,4,2,1,147,211,10,29,358,39,157,240,397
230913,4,2,2,147,211,10,29,358,39,157,240,397
230913,5,3,1,195,245,27,38,440,65,222,283,505
230913,5,3,2,195,245,27,38,440,65,222,283,505
230913,6,4,1,94,93,29,57,187,86,123,150,273
230913,6,4,2,91,90,26,43,181,69,117,133,250
230913,6,4,5,3,3,3,14,6,17,6,17,23
230913,7,999,1,52,135,133,392,187,525,185,527,712
230913,7,999,2,46,108,85,203,154,288,131,311,442
230913,7,999,5,6,27,48,189,33,237,54,216,270
230913,8,5,1,31,50,33,99,81,132,64,149,213
230913,8,5,2,30,42,25,51,72,76,55,93,148
230913,8,5,5,1,8,8,48,9,56,9,56,65
230913,9,6,1,6,33,22,93,39,115,28,126,154
230913,9,6,2,5,26,14,53,31,67,19,79,98
230913,9,6,5,1,7,8,40,8,48,9,47,56
230913,10,7,1,4,21,27,63,25,90,31,84,115
230913,10,7,2,3,15,17,35,18,52,20,50,70
230913,10,7,5,1,6,10,28,7,38,11,34,45
230913,11,8,1,5,25,30,89,30,119,35,114,149
230913,11,8,2,5,21,17,42,26,59,22,63,85
230913,11,8,5,0,4,13,47,4,60,13,51,64
230913,12,9,1,6,6,15,43,12,58,21,49,70
230913,12,9,2,3,4,8,18,7,26,11,22,33
230913,12,9,5,3,2,7,25,5,32,10,27,37
230913,13,10,1,0,0,6,5,0,11,6,5,11
230913,13,10,2,0,0,4,4,0,8,4,4,8
230913,13,10,5,0,0,2,1,0,3,2,1,3
230959,1,412,1,1185,1367,30,87,2552,117,1215,1454,2669
230959,1,112,2,1185,1367,15,13,2552,28,1200,1380,2580
230959,1,312,5,0,0,15,74,0,89,15,74,89
230959,2,999,1,1184,1366,13,10,2550,23,1197,1376,2573
230959,2,999,2,1184,1366,12,9,2550,21,1196,1375,2571
230959,2,999,5,0,0,1,1,0,2,1,1,2
230959,3,1,1,11,16,0,0,27,0,11,16,27
230959,3,1,2,11,16,0,0,27,0,11,16,27
230959,4,2,1,455,573,1,0,1028,1,456,573,1029
230959,4,2,2,455,573,1,0,1028,1,456,573,1029
230959,5,3,1,547,646,1,2,1193,3,548,648,1196
230959,5,3,2,547,646,1,2,1193,3,548,648,1196
230959,6,4,1,171,131,11,8,302,19,182,139,321
230959,6,4,2,171,131,10,7,302,17,181,138,319
230959,6,4,5,0,0,1,1,0,2,1,1,2
230959,7,999,1,1,1,17,75,2,92,18,76,94
230959,7,999,2,1,1,3,3,2,6,4,4,8
230959,7,999,5,0,0,14,72,0,86,14,72,86
230959,8,5,1,1,1,4,12,2,16,5,13,18
230959,8,5,2,1,1,2,3,2,5,3,4,7
230959,8,5,5,0,0,2,9,0,11,2,9,11
230959,9,6,1,0,0,0,7,0,7,0,7,7
230959,9,6,5,0,0,0,7,0,7,0,7,7
230959,10,7,1,0,0,8,11,0,19,8,11,19
230959,10,7,2,0,0,1,0,0,1,1,0,1
230959,10,7,5,0,0,7,11,0,18,7,11,18
230959,11,8,1,0,0,3,25,0,28,3,25,28
230959,11,8,5,0,0,3,25,0,28,3,25,28
230959,12,9,1,0,0,2,19,0,21,2,19,21
230959,12,9,5,0,0,2,19,0,21,2,19,21
230959,13,10,1,0,0,0,1,0,1,0,1,1
230959,13,10,5,0,0,0,1,0,1,0,1,1
230959,14,11,1,0,0,0,2,0,2,0,2,2
230959,14,11,2,0,0,0,1,0,1,0,1,1
230959,14,11,5,0,0,0,1,0,1,0,1,1
231059,1,412,1,715,828,52,129,1543,181,767,957,1724
231059,1,112,2,699,793,25,20,1492,45,724,813,1537
231059,1,312,5,16,35,27,109,51,136,43,144,187
231059,2,999,1,690,802,19,27,1492,46,709,829,1538
231059,2,999,2,688,787,19,18,1475,37,707,805,1512
231059,2,999,5,2,15,0,9,17,9,2,24,26
231059,3,1,1,2,4,7,8,6,15,9,12,21
231059,3,1,2,2,4,7,8,6,15,9,12,21
231059,4,2,1,276,363,0,2,639,2,276,365,641
231059,4,2,2,276,363,0,2,639,2,276,365,641
231059,5,3,1,330,380,2,5,710,7,332,385,717
231059,5,3,2,330,380,2,5,710,7,332,385,717
231059,6,4,1,82,55,10,12,137,22,92,67,159
231059,6,4,2,80,40,10,3,120,13,90,43,133
231059,6,4,5,2,15,0,9,17,9,2,24,26
231059,7,999,1,24,25,33,101,49,134,57,126,183
231059,7,999,2,11,6,6,1,17,7,17,7,24
231059,7,999,5,13,19,27,100,32,127,40,119,159
231059,8,5,1,16,14,10,26,30,36,26,40,66
231059,8,5,2,9,3,3,0,12,3,12,3,15
231059,8,5,5,7,11,7,26,18,33,14,37,51
231059,9,6,1,2,5,8,22,7,30,10,27,37
231059,9,6,2,0,2,2,1,2,3,2,3,5
231059,9,6,5,2,3,6,21,5,27,8,24,32
231059,10,7,1,2,2,5,17,4,22,7,19,26
231059,10,7,2,1,0,0,0,1,0,1,0,1
231059,10,7,5,1,2,5,17,3,22,6,19,25
231059,11,8,1,2,3,7,26,5,33,9,29,38
231059,11,8,2,1,1,0,0,2,0,1,1,2
231059,11,8,5,1,2,7,26,3,33,8,28,36
231059,12,9,1,1,1,3,10,2,13,4,11,15
231059,12,9,2,0,0,1,0,0,1,1,0,1
231059,12,9,5,1,1,2,10,2,12,3,11,14
231059,13,10,1,1,0,0,0,1,0,1,0,1
231059,13,10,5,1,0,0,0,1,0,1,0,1
231059,14,11,1,1,1,0,1,2,1,1,2,3
231059,14,11,2,0,0,0,1,0,1,0,1,1
231059,14,11,5,1,1,0,0,2,0,1,1,2
231165,1,412,1,456,375,295,394,831,689,751,769,1520
231165,1,112,2,454,375,293,394,829,687,747,769,1516
231165,1,312,5,2,0,2,0,2,2,4,0,4
231165,2,999,1,358,212,138,202,570,340,496,414,910
231165,2,999,2,357,212,138,202,569,340,495,414,909
231165,2,999,5,1,0,0,0,1,0,1,0,1
231165,3,1,1,25,20,40,90,45,130,65,110,175
231165,3,1,2,25,20,40,90,45,130,65,110,175
231165,4,2,1,151,76,31,22,227,53,182,98,280
231165,4,2,2,151,76,31,22,227,53,182,98,280
231165,5,3,1,125,55,32,44,180,76,157,99,256
231165,5,3,2,125,55,32,44,180,76,157,99,256
231165,6,4,1,57,61,35,46,118,81,92,107,199
231165,6,4,2,56,61,35,46,117,81,91,107,198
231165,6,4,5,1,0,0,0,1,0,1,0,1
231165,7,999,1,98,163,157,192,261,349,255,355,610
231165,7,999,2,97,163,155,192,260,347,252,355,607
231165,7,999,5,1,0,2,0,1,2,3,0,3
231165,8,5,1,46,71,47,51,117,98,93,122,215
231165,8,5,2,45,71,46,51,116,97,91,122,213
231165,8,5,5,1,0,1,0,1,1,2,0,2
231165,9,6,1,24,40,44,54,64,98,68,94,162
231165,9,6,2,24,40,43,54,64,97,67,94,161
231165,9,6,5,0,0,1,0,0,1,1,0,1
231165,10,7,1,12,23,21,27,35,48,33,50,83
231165,10,7,2,12,23,21,27,35,48,33,50,83
231165,11,8,1,9,21,30,43,30,73,39,64,103
231165,11,8,2,9,21,30,43,30,73,39,64,103
231165,12,9,1,7,7,14,17,14,31,21,24,45
231165,12,9,2,7,7,14,17,14,31,21,24,45
231165,13,10,1,0,1,1,0,1,1,1,1,2
231165,13,10,2,0,1,1,0,1,1,1,1,2
231174,1,412,1,4671,7172,548,901,11843,1449,5219,8073,13292
231174,1,112,2,4001,6234,389,512,10235,901,4390,6746,11136
231174,1,312,5,670,938,159,389,1608,548,829,1327,2156
231174,2,999,1,4122,6487,277,367,10609,644,4399,6854,11253
231174,2,999,2,3910,6166,255,297,10076,552,4165,6463,10628
231174,2,999,5,212,321,22,70,533,92,234,391,625
231174,3,1,1,46,117,46,60,163,106,92,177,269
231174,3,1,2,46,117,46,60,163,106,92,177,269
231174,4,2,1,1703,2984,49,44,4687,93,1752,3028,4780
231174,4,2,2,1703,2984,49,44,4687,93,1752,3028,4780
231174,5,3,1,1802,2789,69,77,4591,146,1871,2866,4737
231174,5,3,2,1789,2779,69,76,4568,145,1858,2855,4713
231174,5,3,5,13,10,0,1,23,1,13,11,24
231174,6,4,1,571,597,113,186,1168,299,684,783,1467
231174,6,4,2,372,286,91,117,658,208,463,403,866
231174,6,4,5,199,311,22,69,510,91,221,380,601
231174,7,999,1,549,685,270,534,1234,804,819,1219,2038
231174,7,999,2,91,68,134,215,159,349,225,283,508
231174,7,999,5,458,617,136,319,1075,455,594,936,1530
231174,8,5,1,369,469,98,178,838,276,467,647,1114
231174,8,5,2,59,39,53,61,98,114,112,100,212
231174,8,5,5,310,430,45,117,740,162,355,547,902
231174,9,6,1,118,128,56,99,246,155,174,227,401
231174,9,6,2,20,17,25,32,37,57,45,49,94
231174,9,6,5,98,111,31,67,209,98,129,178,307
231174,10,7,1,44,49,36,65,93,101,80,114,194
231174,10,7,2,6,6,11,30,12,41,17,36,53
231174,10,7,5,38,43,25,35,81,60,63,78,141
231174,11,8,1,16,25,36,96,41,132,52,121,173
231174,11,8,2,5,5,12,35,10,47,17,40,57
231174,11,8,5,11,20,24,61,31,85,35,81,116
231174,12,9,1,2,13,18,69,15,87,20,82,102
231174,12,9,2,1,0,11,32,1,43,12,32,44
231174,12,9,5,1,13,7,37,14,44,8,50,58
231174,13,10,1,0,1,26,27,1,53,26,28,54
231174,13,10,2,0,1,22,25,1,47,22,26,48
231174,13,10,5,0,0,4,2,0,6,4,2,6
231174,14,11,1,0,0,1,0,0,1,1,0,1
231174,14,11,5,0,0,1,0,0,1,1,0,1
231280,1,412,1,4,97,1,30,101,31,5,127,132
231280,1,112,2,4,97,1,30,101,31,5,127,132
231280,2,999,1,2,67,1,15,69,16,3,82,85
231280,2,999,2,2,67,1,15,69,16,3,82,85
231280,3,1,1,0,3,0,0,3,0,0,3,3
231280,3,1,2,0,3,0,0,3,0,0,3,3
231280,4,2,1,0,30,0,2,30,2,0,32,32
231280,4,2,2,0,30,0,2,30,2,0,32,32
231280,5,3,1,1,19,1,6,20,7,2,25,27
231280,5,3,2,1,19,1,6,20,7,2,25,27
231280,6,4,1,1,15,0,7,16,7,1,22,23
231280,6,4,2,1,15,0,7,16,7,1,22,23
231280,7,999,1,2,30,0,15,32,15,2,45,47
231280,7,999,2,2,30,0,15,32,15,2,45,47
231280,8,5,1,2,24,0,7,26,7,2,31,33
231280,8,5,2,2,24,0,7,26,7,2,31,33
231280,9,6,1,0,6,0,5,6,5,0,11,11
231280,9,6,2,0,6,0,5,6,5,0,11,11
231280,10,7,1,0,0,0,1,0,1,0,1,1
231280,10,7,2,0,0,0,1,0,1,0,1,1
231280,11,8,1,0,0,0,2,0,2,0,2,2
231280,11,8,2,0,0,0,2,0,2,0,2,2
231411,1,412,1,421,40,0,0,461,0,421,40,461
231411,1,112,2,421,40,0,0,461,0,421,40,461
231411,2,999,1,230,19,0,0,249,0,230,19,249
231411,2,999,2,230,19,0,0,249,0,230,19,249
231411,3,1,1,2,0,0,0,2,0,2,0,2
231411,3,1,2,2,0,0,0,2,0,2,0,2
231411,4,2,1,121,5,0,0,126,0,121,5,126
231411,4,2,2,121,5,0,0,126,0,121,5,126
231411,5,3,1,55,6,0,0,61,0,55,6,61
231411,5,3,2,55,6,0,0,61,0,55,6,61
231411,6,4,1,52,8,0,0,60,0,52,8,60
231411,6,4,2,52,8,0,0,60,0,52,8,60
231411,7,999,1,191,21,0,0,212,0,191,21,212
231411,7,999,2,191,21,0,0,212,0,191,21,212
231411,8,5,1,76,9,0,0,85,0,76,9,85
231411,8,5,2,76,9,0,0,85,0,76,9,85
231411,9,6,1,44,6,0,0,50,0,44,6,50
231411,9,6,2,44,6,0,0,50,0,44,6,50
231411,10,7,1,28,2,0,0,30,0,28,2,30
231411,10,7,2,28,2,0,0,30,0,28,2,30
231411,11,8,1,31,2,0,0,33,0,31,2,33
231411,11,8,2,31,2,0,0,33,0,31,2,33
231411,12,9,1,12,2,0,0,14,0,12,2,14
231411,12,9,2,12,2,0,0,14,0,12,2,14
231420,1,412,1,480,383,9,15,863,24,489,398,887
231420,1,112,2,480,383,9,15,863,24,489,398,887
231420,2,999,1,467,361,7,9,828,16,474,370,844
231420,2,999,2,467,361,7,9,828,16,474,370,844
231420,3,1,1,1,4,1,2,5,3,2,6,8
231420,3,1,2,1,4,1,2,5,3,2,6,8
231420,4,2,1,232,152,0,1,384,1,232,153,385
231420,4,2,2,232,152,0,1,384,1,232,153,385
231420,5,3,1,181,165,1,3,346,4,182,168,350
231420,5,3,2,181,165,1,3,346,4,182,168,350
231420,6,4,1,53,40,5,3,93,8,58,43,101
231420,6,4,2,53,40,5,3,93,8,58,43,101
231420,7,999,1,13,22,2,6,35,8,15,28,43
231420,7,999,2,13,22,2,6,35,8,15,28,43
231420,8,5,1,10,11,1,3,21,4,11,14,25
231420,8,5,2,10,11,1,3,21,4,11,14,25
231420,9,6,1,2,9,0,0,11,0,2,9,11
231420,9,6,2,2,9,0,0,11,0,2,9,11
231420,10,7,1,1,0,0,1,1,1,1,1,2
231420,10,7,2,1,0,0,1,1,1,1,1,2
231420,11,8,1,0,1,1,1,1,2,1,2,3
231420,11,8,2,0,1,1,1,1,2,1,2,3
231420,12,9,1,0,1,0,1,1,1,0,2,2
231420,12,9,2,0,1,0,1,1,1,0,2,2
231536,1,412,1,455,599,889,1519,1054,2408,1344,2118,3462
231536,1,112,2,455,599,889,1519,1054,2408,1344,2118,3462
231536,2,999,1,409,522,683,1048,931,1731,1092,1570,2662
231536,2,999,2,409,522,683,1048,931,1731,1092,1570,2662
231536,3,1,1,29,63,243,420,92,663,272,483,755
231536,3,1,2,29,63,243,420,92,663,272,483,755
231536,4,2,1,247,289,170,231,536,401,417,520,937
231536,4,2,2,247,289,170,231,536,401,417,520,937
231536,5,3,1,92,123,153,211,215,364,245,334,579
231536,5,3,2,92,123,153,211,215,364,245,334,579
231536,6,4,1,41,47,117,186,88,303,158,233,391
231536,6,4,2,41,47,117,186,88,303,158,233,391
231536,7,999,1,46,77,206,471,123,677,252,548,800
231536,7,999,2,46,77,206,471,123,677,252,548,800
231536,8,5,1,23,41,81,205,64,286,104,246,350
231536,8,5,2,23,41,81,205,64,286,104,246,350
231536,9,6,1,13,14,45,109,27,154,58,123,181
231536,9,6,2,13,14,45,109,27,154,58,123,181
231536,10,7,1,3,9,22,53,12,75,25,62,87
231536,10,7,2,3,9,22,53,12,75,25,62,87
231536,11,8,1,6,11,38,66,17,104,44,77,121
231536,11,8,2,6,11,38,66,17,104,44,77,121
231536,12,9,1,1,2,17,37,3,54,18,39,57
231536,12,9,2,1,2,17,37,3,54,18,39,57
231536,13,10,1,0,0,3,1,0,4,3,1,4
231536,13,10,2,0,0,3,1,0,4,3,1,4
231581,1,412,1,719,861,6,11,1580,17,725,872,1597
231581,1,112,2,700,839,6,7,1539,13,706,846,1552
231581,1,312,5,19,22,0,4,41,4,19,26,45
231581,2,999,1,711,855,6,8,1566,14,717,863,1580
231581,2,999,2,694,837,6,7,1531,13,700,844,1544
231581,2,999,5,17,18,0,1,35,1,17,19,36
231581,3,1,1,0,2,0,0,2,0,0,2,2
231581,3,1,2,0,2,0,0,2,0,0,2,2
231581,4,2,1,361,366,0,0,727,0,361,366,727
231581,4,2,2,361,366,0,0,727,0,361,366,727
231581,5,3,1,275,415,1,4,690,5,276,419,695
231581,5,3,2,274,415,1,4,689,5,275,419,694
231581,5,3,5,1,0,0,0,1,0,1,0,1
231581,6,4,1,75,72,5,4,147,9,80,76,156
231581,6,4,2,59,54,5,3,113,8,64,57,121
231581,6,4,5,16,18,0,1,34,1,16,19,35
231581,7,999,1,8,6,0,3,14,3,8,9,17
231581,7,999,2,6,2,0,0,8,0,6,2,8
231581,7,999,5,2,4,0,3,6,3,2,7,9
231581,8,5,1,5,5,0,2,10,2,5,7,12
231581,8,5,2,4,1,0,0,5,0,4,1,5
231581,8,5,5,1,4,0,2,5,2,1,6,7
231581,9,6,1,2,0,0,0,2,0,2,0,2
231581,9,6,2,1,0,0,0,1,0,1,0,1
231581,9,6,5,1,0,0,0,1,0,1,0,1
231581,10,7,1,1,0,0,0,1,0,1,0,1
231581,10,7,2,1,0,0,0,1,0,1,0,1
231581,11,8,1,0,1,0,1,1,1,0,2,2
231581,11,8,2,0,1,0,0,1,0,0,1,1
231581,11,8,5,0,0,0,1,0,1,0,1,1
231624,1,412,1,3329,4502,510,598,7831,1108,3839,5100,8939
231624,1,112,2,2524,3607,47,58,6131,105,2571,3665,6236
231624,1,312,5,805,895,463,540,1700,1003,1268,1435,2703
231624,2,999,1,2814,4016,71,96,6830,167,2885,4112,6997
231624,2,999,2,2482,3571,39,44,6053,83,2521,3615,6136
231624,2,999,5,332,445,32,52,777,84,364,497,861
231624,3,1,1,20,37,6,3,57,9,26,40,66
231624,3,1,2,20,37,6,3,57,9,26,40,66
231624,4,2,1,1095,1743,4,7,2838,11,1099,1750,2849
231624,4,2,2,1095,1743,4,7,2838,11,1099,1750,2849
231624,5,3,1,1209,1709,18,24,2918,42,1227,1733,2960
231624,5,3,2,1199,1677,17,24,2876,41,1216,1701,2917
231624,5,3,5,10,32,1,0,42,1,11,32,43
231624,6,4,1,490,527,43,62,1017,105,533,589,1122
231624,6,4,2,168,114,12,10,282,22,180,124,304
231624,6,4,5,322,413,31,52,735,83,353,465,818
231624,7,999,1,515,486,439,502,1001,941,954,988,1942
231624,7,999,2,42,36,8,14,78,22,50,50,100
231624,7,999,5,473,450,431,488,923,919,904,938,1842
231624,8,5,1,308,309,138,125,617,263,446,434,880
231624,8,5,2,27,28,0,6,55,6,27,34,61
231624,8,5,5,281,281,138,119,562,257,419,400,819
231624,9,6,1,125,97,123,99,222,222,248,196,444
231624,9,6,2,12,7,3,2,19,5,15,9,24
231624,9,6,5,113,90,120,97,203,217,233,187,420
231624,10,7,1,45,35,71,108,80,179,116,143,259
231624,10,7,2,3,0,1,1,3,2,4,1,5
231624,10,7,5,42,35,70,107,77,177,112,142,254
231624,11,8,1,26,32,82,107,58,189,108,139,247
231624,11,8,2,0,0,2,2,0,4,2,2,4
231624,11,8,5,26,32,80,105,58,185,106,137,243
231624,12,9,1,11,13,23,62,24,85,34,75,109
231624,12,9,2,0,1,1,2,1,3,1,3,4
231624,12,9,5,11,12,22,60,23,82,33,72,105
231624,13,10,1,0,0,2,1,0,3,2,1,3
231624,13,10,2,0,0,1,1,0,2,1,1,2
231624,13,10,5,0,0,1,0,0,1,1,0,1
231697,1,412,1,461,682,957,1270,1143,2227,1418,1952,3370
231697,1,112,2,461,682,957,1270,1143,2227,1418,1952,3370
231697,2,999,1,413,592,724,824,1005,1548,1137,1416,2553
231697,2,999,2,413,592,724,824,1005,1548,1137,1416,2553
231697,3,1,1,138,268,346,346,406,692,484,614,1098
231697,3,1,2,138,268,346,346,406,692,484,614,1098
231697,4,2,1,183,223,172,206,406,378,355,429,784
231697,4,2,2,183,223,172,206,406,378,355,429,784
231697,5,3,1,56,59,110,134,115,244,166,193,359
231697,5,3,2,56,59,110,134,115,244,166,193,359
231697,6,4,1,36,42,96,138,78,234,132,180,312
231697,6,4,2,36,42,96,138,78,234,132,180,312
231697,7,999,1,48,90,233,446,138,679,281,536,817
231697,7,999,2,48,90,233,446,138,679,281,536,817
231697,8,5,1,20,40,76,130,60,206,96,170,266
231697,8,5,2,20,40,76,130,60,206,96,170,266
231697,9,6,1,11,18,53,110,29,163,64,128,192
231697,9,6,2,11,18,53,110,29,163,64,128,192
231697,10,7,1,7,13,33,61,20,94,40,74,114
231697,10,7,2,7,13,33,61,20,94,40,74,114
231697,11,8,1,8,16,45,80,24,125,53,96,149
231697,11,8,2,8,16,45,80,24,125,53,96,149
231697,12,9,1,2,3,20,60,5,80,22,63,85
231697,12,9,2,2,3,20,60,5,80,22,63,85
231697,13,10,1,0,0,6,5,0,11,6,5,11
231697,13,10,2,0,0,6,5,0,11,6,5,11
231712,1,412,1,2111,2628,69,60,4739,129,2180,2688,4868
231712,1,112,2,2072,2581,54,51,4653,105,2126,2632,4758
231712,1,312,5,39,47,15,9,86,24,54,56,110
231712,2,999,1,2085,2611,48,43,4696,91,2133,2654,4787
231712,2,999,2,2047,2565,40,38,4612,78,2087,2603,4690
231712,2,999,5,38,46,8,5,84,13,46,51,97
231712,3,1,1,3,8,0,0,11,0,3,8,11
231712,3,1,2,3,8,0,0,11,0,3,8,11
231712,4,2,1,891,1222,8,3,2113,11,899,1225,2124
231712,4,2,2,891,1222,8,3,2113,11,899,1225,2124
231712,5,3,1,927,1169,12,15,2096,27,939,1184,2123
231712,5,3,2,925,1167,12,15,2092,27,937,1182,2119
231712,5,3,5,2,2,0,0,4,0,2,2,4
231712,6,4,1,264,212,28,25,476,53,292,237,529
231712,6,4,2,228,168,20,20,396,40,248,188,436
231712,6,4,5,36,44,8,5,80,13,44,49,93
231712,7,999,1,26,17,21,17,43,38,47,34,81
231712,7,999,2,25,16,14,13,41,27,39,29,68
231712,7,999,5,1,1,7,4,2,11,8,5,13
231712,8,5,1,19,12,15,9,31,24,34,21,55
231712,8,5,2,18,12,9,7,30,16,27,19,46
231712,8,5,5,1,0,6,2,1,8,7,2,9
231712,9,6,1,4,3,3,3,7,6,7,6,13
231712,9,6,2,4,3,2,2,7,4,6,5,11
231712,9,6,5,0,0,1,1,0,2,1,1,2
231712,10,7,1,2,2,0,1,4,1,2,3,5
231712,10,7,2,2,1,0,0,3,0,2,1,3
231712,10,7,5,0,1,0,1,1,1,0,2,2
231712,11,8,1,1,0,0,1,1,1,1,1,2
231712,11,8,2,1,0,0,1,1,1,1,1,2
231712,12,9,1,0,0,2,1,0,3,2,1,3
231712,12,9,2,0,0,2,1,0,3,2,1,3
231712,13,10,1,0,0,1,2,0,3,1,2,3
231712,13,10,2,0,0,1,2,0,3,1,2,3
231785,1,412,1,224,701,59,531,925,590,283,1232,1515
231785,1,112,2,224,701,59,531,925,590,283,1232,1515
231785,2,999,1,171,269,17,103,440,120,188,372,560
231785,2,999,2,171,269,17,103,440,120,188,372,560
231785,3,1,1,2,7,1,4,9,5,3,11,14
231785,3,1,2,2,7,1,4,9,5,3,11,14
231785,4,2,1,113,116,1,18,229,19,114,134,248
231785,4,2,2,113,116,1,18,229,19,114,134,248
231785,5,3,1,38,65,11,31,103,42,49,96,145
231785,5,3,2,38,65,11,31,103,42,49,96,145
231785,6,4,1,18,81,4,50,99,54,22,131,153
231785,6,4,2,18,81,4,50,99,54,22,131,153
231785,7,999,1,53,432,42,428,485,470,95,860,955
231785,7,999,2,53,432,42,428,485,470,95,860,955
231785,8,5,1,18,141,13,124,159,137,31,265,296
231785,8,5,2,18,141,13,124,159,137,31,265,296
231785,9,6,1,16,116,9,102,132,111,25,218,243
231785,9,6,2,16,116,9,102,132,111,25,218,243
231785,10,7,1,7,62,9,79,69,88,16,141,157
231785,10,7,2,7,62,9,79,69,88,16,141,157
231785,11,8,1,10,93,6,90,103,96,16,183,199
231785,11,8,2,10,93,6,90,103,96,16,183,199
231785,12,9,1,2,19,5,33,21,38,7,52,59
231785,12,9,2,2,19,5,33,21,38,7,52,59
231785,13,10,1,0,1,0,0,1,0,0,1,1
231785,13,10,2,0,1,0,0,1,0,0,1,1
231873,1,412,1,138,225,312,400,363,712,450,625,1075
231873,1,112,2,138,225,312,400,363,712,450,625,1075
231873,2,999,1,121,199,293,317,320,610,414,516,930
231873,2,999,2,121,199,293,317,320,610,414,516,930
231873,3,1,1,29,44,230,211,73,441,259,255,514
231873,3,1,2,29,44,230,211,73,441,259,255,514
231873,4,2,1,71,100,29,37,171,66,100,137,237
231873,4,2,2,71,100,29,37,171,66,100,137,237
231873,5,3,1,15,41,24,34,56,58,39,75,114
231873,5,3,2,15,41,24,34,56,58,39,75,114
231873,6,4,1,6,14,10,35,20,45,16,49,65
231873,6,4,2,6,14,10,35,20,45,16,49,65
231873,7,999,1,17,26,19,83,43,102,36,109,145
231873,7,999,2,17,26,19,83,43,102,36,109,145
231873,8,5,1,7,6,8,34,13,42,15,40,55
231873,8,5,2,7,6,8,34,13,42,15,40,55
231873,9,6,1,6,7,4,15,13,19,10,22,32
231873,9,6,2,6,7,4,15,13,19,10,22,32
231873,10,7,1,2,4,1,14,6,15,3,18,21
231873,10,7,2,2,4,1,14,6,15,3,18,21
231873,11,8,1,1,7,1,7,8,8,2,14,16
231873,11,8,2,1,7,1,7,8,8,2,14,16
231873,12,9,1,1,2,4,13,3,17,5,15,20
231873,12,9,2,1,2,4,13,3,17,5,15,20
231873,13,10,1,0,0,1,0,0,1,1,0,1
231873,13,10,2,0,0,1,0,0,1,1,0,1
231882,1,412,1,429,474,580,928,903,1508,1009,1402,2411
231882,1,112,2,429,474,580,928,903,1508,1009,1402,2411
231882,2,999,1,376,368,505,689,744,1194,881,1057,1938
231882,2,999,2,376,368,505,689,744,1194,881,1057,1938
231882,3,1,1,107,115,359,416,222,775,466,531,997
231882,3,1,2,107,115,359,416,222,775,466,531,997
231882,4,2,1,188,167,67,106,355,173,255,273,528
231882,4,2,2,188,167,67,106,355,173,255,273,528
231882,5,3,1,52,59,49,92,111,141,101,151,252
231882,5,3,2,52,59,49,92,111,141,101,151,252
231882,6,4,1,29,27,30,75,56,105,59,102,161
231882,6,4,2,29,27,30,75,56,105,59,102,161
231882,7,999,1,53,106,75,239,159,314,128,345,473
231882,7,999,2,53,106,75,239,159,314,128,345,473
231882,8,5,1,20,41,18,80,61,98,38,121,159
231882,8,5,2,20,41,18,80,61,98,38,121,159
231882,9,6,1,12,21,18,54,33,72,30,75,105
231882,9,6,2,12,21,18,54,33,72,30,75,105
231882,10,7,1,12,20,12,36,32,48,24,56,80
231882,10,7,2,12,20,12,36,32,48,24,56,80
231882,11,8,1,7,16,14,47,23,61,21,63,84
231882,11,8,2,7,16,14,47,23,61,21,63,84
231882,12,9,1,1,8,11,20,9,31,12,28,40
231882,12,9,2,1,8,11,20,9,31,12,28,40
231882,13,10,1,1,0,2,2,1,4,3,2,5
231882,13,10,2,1,0,2,2,1,4,3,2,5
231970,1,412,1,460,713,28,88,1173,116,488,801,1289
231970,1,312,5,460,713,28,88,1173,116,488,801,1289
231970,2,999,1,58,156,0,6,214,6,58,162,220
231970,2,999,5,58,156,0,6,214,6,58,162,220
231970,6,4,1,58,156,0,6,214,6,58,162,220
231970,6,4,5,58,156,0,6,214,6,58,162,220
231970,7,999,1,402,557,23,72,959,95,425,629,1054
231970,7,999,5,402,557,23,72,959,95,425,629,1054
231970,8,5,1,284,368,6,29,652,35,290,397,687
231970,8,5,5,284,368,6,29,652,35,290,397,687
231970,9,6,1,64,111,5,13,175,18,69,124,193
231970,9,6,5,64,111,5,13,175,18,69,124,193
231970,10,7,1,30,37,4,12,67,16,34,49,83
231970,10,7,5,30,37,4,12,67,16,34,49,83
231970,11,8,1,14,28,5,9,42,14,19,37,56
231970,11,8,5,14,28,5,9,42,14,19,37,56
231970,12,9,1,10,13,2,9,23,11,12,22,34
231970,12,9,5,10,13,2,9,23,11,12,22,34
231970,13,10,1,0,0,1,0,0,1,1,0,1
231970,13,10,5,0,0,1,0,0,1,1,0,1
231970,14,11,1,0,0,5,10,0,15,5,10,15
231970,14,11,5,0,0,5,10,0,15,5,10,15
232025,1,412,1,510,668,27,25,1178,52,537,693,1230
232025,1,112,2,436,469,26,25,905,51,462,494,956
232025,1,312,5,74,199,1,0,273,1,75,199,274
232025,2,999,1,458,573,25,24,1031,49,483,597,1080
232025,2,999,2,430,458,24,24,888,48,454,482,936
232025,2,999,5,28,115,1,0,143,1,29,115,144
232025,3,1,1,7,13,2,6,20,8,9,19,28
232025,3,1,2,7,13,2,6,20,8,9,19,28
232025,4,2,1,206,224,4,3,430,7,210,227,437
232025,4,2,2,206,224,4,3,430,7,210,227,437
232025,5,3,1,178,198,12,5,376,17,190,203,393
232025,5,3,2,178,193,12,5,371,17,190,198,388
232025,5,3,5,0,5,0,0,5,0,0,5,5
232025,6,4,1,67,138,7,10,205,17,74,148,222
232025,6,4,2,39,28,6,10,67,16,45,38,83
232025,6,4,5,28,110,1,0,138,1,29,110,139
232025,7,999,1,52,95,2,1,147,3,54,96,150
232025,7,999,2,6,11,2,1,17,3,8,12,20
232025,7,999,5,46,84,0,0,130,0,46,84,130
232025,8,5,1,42,81,1,0,123,1,43,81,124
232025,8,5,2,5,5,1,0,10,1,6,5,11
232025,8,5,5,37,76,0,0,113,0,37,76,113
232025,9,6,1,6,7,0,0,13,0,6,7,13
232025,9,6,2,0,1,0,0,1,0,0,1,1
232025,9,6,5,6,6,0,0,12,0,6,6,12
232025,10,7,1,2,3,1,0,5,1,3,3,6
232025,10,7,2,0,2,1,0,2,1,1,2,3
232025,10,7,5,2,1,0,0,3,0,2,1,3
232025,11,8,1,2,4,0,1,6,1,2,5,7
232025,11,8,2,1,3,0,1,4,1,1,4,5
232025,11,8,5,1,1,0,0,2,0,1,1,2
232043,1,412,1,357,558,107,372,915,479,464,930,1394
232043,1,112,2,324,488,30,54,812,84,354,542,896
232043,1,312,5,33,70,77,318,103,395,110,388,498
232043,2,999,1,318,460,15,22,778,37,333,482,815
232043,2,999,2,309,438,11,8,747,19,320,446,766
232043,2,999,5,9,22,4,14,31,18,13,36,49
232043,3,1,1,3,9,0,0,12,0,3,9,12
232043,3,1,2,3,9,0,0,12,0,3,9,12
232043,4,2,1,136,199,2,0,335,2,138,199,337
232043,4,2,2,136,199,2,0,335,2,138,199,337
232043,5,3,1,130,172,5,4,302,9,135,176,311
232043,5,3,2,130,171,5,4,301,9,135,175,310
232043,5,3,5,0,1,0,0,1,0,0,1,1
232043,6,4,1,49,80,8,18,129,26,57,98,155
232043,6,4,2,40,59,4,4,99,8,44,63,107
232043,6,4,5,9,21,4,14,30,18,13,35,48
232043,7,999,1,38,98,92,349,136,441,130,447,577
232043,7,999,2,14,50,19,46,64,65,33,96,129
232043,7,999,5,24,48,73,303,72,376,97,351,448
232043,8,5,1,12,42,10,46,54,56,22,88,110
232043,8,5,2,5,24,4,7,29,11,9,31,40
232043,8,5,5,7,18,6,39,25,45,13,57,70
232043,9,6,1,10,20,12,45,30,57,22,65,87
232043,9,6,2,5,14,3,3,19,6,8,17,25
232043,9,6,5,5,6,9,42,11,51,14,48,62
232043,10,7,1,6,10,16,67,16,83,22,77,99
232043,10,7,2,3,3,4,6,6,10,7,9,16
232043,10,7,5,3,7,12,61,10,73,15,68,83
232043,11,8,1,8,16,29,110,24,139,37,126,163
232043,11,8,2,1,6,4,18,7,22,5,24,29
232043,11,8,5,7,10,25,92,17,117,32,102,134
232043,12,9,1,1,9,23,78,10,101,24,87,111
232043,12,9,2,0,3,4,11,3,15,4,14,18
232043,12,9,5,1,6,19,67,7,86,20,73,93
232043,13,10,1,1,1,2,3,2,5,3,4,7
232043,13,10,2,0,0,0,1,0,1,0,1,1
232043,13,10,5,1,1,2,2,2,4,3,3,6
232043,14,11,1,1,0,0,1,1,1,1,1,2
232043,14,11,2,1,0,0,0,1,0,1,0,1
232043,14,11,5,0,0,0,1,0,1,0,1,1
232186,1,412,1,12703,13328,5636,6874,26031,12510,18339,20202,38541
232186,1,112,2,10756,10847,2942,2559,21603,5501,13698,13406,27104
232186,1,312,5,1947,2481,2694,4315,4428,7009,4641,6796,11437
232186,2,999,1,9941,10771,1932,1861,20712,3793,11873,12632,24505
232186,2,999,2,9351,9780,1606,1252,19131,2858,10957,11032,21989
232186,2,999,5,590,991,326,609,1581,935,916,1600,2516
232186,3,1,1,47,81,68,57,128,125,115,138,253
232186,3,1,2,47,81,68,57,128,125,115,138,253
232186,4,2,1,3007,3242,189,142,6249,331,3196,3384,6580
232186,4,2,2,3007,3242,188,142,6249,330,3195,3384,6579
232186,4,2,5,0,0,1,0,0,1,1,0,1
232186,5,3,1,3753,4196,402,320,7949,722,4155,4516,8671
232186,5,3,2,3733,4143,390,306,7876,696,4123,4449,8572
232186,5,3,5,20,53,12,14,73,26,32,67,99
232186,6,4,1,3134,3252,1273,1342,6386,2615,4407,4594,9001
232186,6,4,2,2564,2314,960,747,4878,1707,3524,3061,6585
232186,6,4,5,570,938,313,595,1508,908,883,1533,2416
232186,7,999,1,2762,2557,3695,5006,5319,8701,6457,7563,14020
232186,7,999,2,1405,1067,1335,1307,2472,2642,2740,2374,5114
232186,7,999,5,1357,1490,2360,3699,2847,6059,3717,5189,8906
232186,8,5,1,1683,1516,1449,1845,3199,3294,3132,3361,6493
232186,8,5,2,981,731,672,577,1712,1249,1653,1308,2961
232186,8,5,5,702,785,777,1268,1487,2045,1479,2053,3532
232186,9,6,1,599,529,803,1026,1128,1829,1402,1555,2957
232186,9,6,2,272,196,273,275,468,548,545,471,1016
232186,9,6,5,327,333,530,751,660,1281,857,1084,1941
232186,10,7,1,263,222,535,672,485,1207,798,894,1692
232186,10,7,2,83,64,170,143,147,313,253,207,460
232186,10,7,5,180,158,365,529,338,894,545,687,1232
232186,11,8,1,156,213,545,887,369,1432,701,1100,1801
232186,11,8,2,49,54,146,174,103,320,195,228,423
232186,11,8,5,107,159,399,713,266,1112,506,872,1378
232186,12,9,1,54,72,307,531,126,838,361,603,964
232186,12,9,2,18,20,52,117,38,169,70,137,207
232186,12,9,5,36,52,255,414,88,669,291,466,757
232186,13,10,1,7,5,56,45,12,101,63,50,113
232186,13,10,2,2,2,22,21,4,43,24,23,47
232186,13,10,5,5,3,34,24,8,58,39,27,66
232186,14,11,1,0,0,9,7,0,16,9,7,16
232186,14,11,2,0,0,1,0,0,1,1,0,1
232186,14,11,5,0,0,8,7,0,15,8,7,15
232195,1,412,1,935,1394,1887,3463,2329,5350,2822,4857,7679
232195,1,112,2,935,1394,1887,3463,2329,5350,2822,4857,7679
232195,2,999,1,825,1158,1534,2458,1983,3992,2359,3616,5975
232195,2,999,2,825,1158,1534,2458,1983,3992,2359,3616,5975
232195,3,1,1,77,167,686,1141,244,1827,763,1308,2071
232195,3,1,2,77,167,686,1141,244,1827,763,1308,2071
232195,4,2,1,485,656,349,513,1141,862,834,1169,2003
232195,4,2,2,485,656,349,513,1141,862,834,1169,2003
232195,5,3,1,179,233,281,432,412,713,460,665,1125
232195,5,3,2,179,233,281,432,412,713,460,665,1125
232195,6,4,1,84,102,218,372,186,590,302,474,776
232195,6,4,2,84,102,218,372,186,590,302,474,776
232195,7,999,1,110,236,353,1005,346,1358,463,1241,1704
232195,7,999,2,110,236,353,1005,346,1358,463,1241,1704
232195,8,5,1,50,103,160,374,153,534,210,477,687
232195,8,5,2,50,103,160,374,153,534,210,477,687
232195,9,6,1,25,57,79,219,82,298,104,276,380
232195,9,6,2,25,57,79,219,82,298,104,276,380
232195,10,7,1,14,32,37,141,46,178,51,173,224
232195,10,7,2,14,32,37,141,46,178,51,173,224
232195,11,8,1,16,28,50,175,44,225,66,203,269
232195,11,8,2,16,28,50,175,44,225,66,203,269
232195,12,9,1,4,15,25,93,19,118,29,108,137
232195,12,9,2,4,15,25,93,19,118,29,108,137
232195,13,10,1,1,1,2,3,2,5,3,4,7
232195,13,10,2,1,1,2,3,2,5,3,4,7
232256,1,412,1,872,4,5,0,876,5,877,4,881
232256,1,112,2,872,4,5,0,876,5,877,4,881
232256,2,999,1,867,4,3,0,871,3,870,4,874
232256,2,999,2,867,4,3,0,871,3,870,4,874
232256,4,2,1,229,1,0,0,230,0,229,1,230
232256,4,2,2,229,1,0,0,230,0,229,1,230
232256,5,3,1,422,3,0,0,425,0,422,3,425
232256,5,3,2,422,3,0,0,425,0,422,3,425
232256,6,4,1,216,0,3,0,216,3,219,0,219
232256,6,4,2,216,0,3,0,216,3,219,0,219
232256,7,999,1,5,0,2,0,5,2,7,0,7
232256,7,999,2,5,0,2,0,5,2,7,0,7
232256,8,5,1,5,0,0,0,5,0,5,0,5
232256,8,5,2,5,0,0,0,5,0,5,0,5
232256,11,8,1,0,0,1,0,0,1,1,0,1
232256,11,8,2,0,0,1,0,0,1,1,0,1
232256,12,9,1,0,0,1,0,0,1,1,0,1
232256,12,9,2,0,0,1,0,0,1,1,0,1
232414,1,412,1,1040,1436,1913,3370,2476,5283,2953,4806,7759
232414,1,112,2,1040,1436,1913,3370,2476,5283,2953,4806,7759
232414,2,999,1,866,1130,1218,1762,1996,2980,2084,2892,4976
232414,2,999,2,866,1130,1218,1762,1996,2980,2084,2892,4976
232414,3,1,1,199,376,269,418,575,687,468,794,1262
232414,3,1,2,199,376,269,418,575,687,468,794,1262
232414,4,2,1,389,419,331,371,808,702,720,790,1510
232414,4,2,2,389,419,331,371,808,702,720,790,1510
232414,5,3,1,170,192,322,462,362,784,492,654,1146
232414,5,3,2,170,192,322,462,362,784,492,654,1146
232414,6,4,1,108,143,296,511,251,807,404,654,1058
232414,6,4,2,108,143,296,511,251,807,404,654,1058
232414,7,999,1,174,306,695,1608,480,2303,869,1914,2783
232414,7,999,2,174,306,695,1608,480,2303,869,1914,2783
232414,8,5,1,74,146,298,580,220,878,372,726,1098
232414,8,5,2,74,146,298,580,220,878,372,726,1098
232414,9,6,1,54,59,161,355,113,516,215,414,629
232414,9,6,2,54,59,161,355,113,516,215,414,629
232414,10,7,1,14,40,90,237,54,327,104,277,381
232414,10,7,2,14,40,90,237,54,327,104,277,381
232414,11,8,1,25,51,87,263,76,350,112,314,426
232414,11,8,2,25,51,87,263,76,350,112,314,426
232414,12,9,1,6,10,53,162,16,215,59,172,231
232414,12,9,2,6,10,53,162,16,215,59,172,231
232414,13,10,1,1,0,6,11,1,17,7,11,18
232414,13,10,2,1,0,6,11,1,17,7,11,18
232450,1,412,1,915,1258,2999,4268,2173,7267,3914,5526,9440
232450,1,112,2,915,1258,2999,4268,2173,7267,3914,5526,9440
232450,2,999,1,785,1045,2420,3203,1830,5623,3205,4248,7453
232450,2,999,2,785,1045,2420,3203,1830,5623,3205,4248,7453
232450,3,1,1,86,138,1279,1739,224,3018,1365,1877,3242
232450,3,1,2,86,138,1279,1739,224,3018,1365,1877,3242
232450,4,2,1,427,605,465,512,1032,977,892,1117,2009
232450,4,2,2,427,605,465,512,1032,977,892,1117,2009
232450,5,3,1,178,190,365,482,368,847,543,672,1215
232450,5,3,2,178,190,365,482,368,847,543,672,1215
232450,6,4,1,94,112,311,470,206,781,405,582,987
232450,6,4,2,94,112,311,470,206,781,405,582,987
232450,7,999,1,130,213,579,1065,343,1644,709,1278,1987
232450,7,999,2,130,213,579,1065,343,1644,709,1278,1987
232450,8,5,1,66,124,246,421,190,667,312,545,857
232450,8,5,2,66,124,246,421,190,667,312,545,857
232450,9,6,1,34,33,128,242,67,370,162,275,437
232450,9,6,2,34,33,128,242,67,370,162,275,437
232450,10,7,1,14,24,71,128,38,199,85,152,237
232450,10,7,2,14,24,71,128,38,199,85,152,237
232450,11,8,1,9,25,86,188,34,274,95,213,308
232450,11,8,2,9,25,86,188,34,274,95,213,308
232450,12,9,1,7,7,44,78,14,122,51,85,136
232450,12,9,2,7,7,44,78,14,122,51,85,136
232450,13,10,1,0,0,4,8,0,12,4,8,12
232450,13,10,2,0,0,4,8,0,12,4,8,12
232557,1,412,1,21422,31548,17018,23361,52970,40379,38440,54909,93349
232557,1,112,2,12560,17608,7978,9842,30168,17820,20538,27450,47988
232557,1,312,5,8862,13940,9040,13519,22802,22559,17902,27459,45361
232557,2,999,1,8685,12915,1944,2986,21600,4930,10629,15901,26530
232557,2,999,2,7711,10677,1557,2029,18388,3586,9268,12706,21974
232557,2,999,5,974,2238,387,957,3212,1344,1361,3195,4556
232557,3,1,1,54,76,8,19,130,27,62,95,157
232557,3,1,2,54,76,8,19,130,27,62,95,157
232557,4,2,1,2395,3465,180,245,5860,425,2575,3710,6285
232557,4,2,2,2393,3459,179,244,5852,423,2572,3703,6275
232557,4,2,5,2,6,1,1,8,2,3,7,10
232557,5,3,1,3209,4605,455,614,7814,1069,3664,5219,8883
232557,5,3,2,3174,4475,445,583,7649,1028,3619,5058,8677
232557,5,3,5,35,130,10,31,165,41,45,161,206
232557,6,4,1,3027,4769,1301,2108,7796,3409,4328,6877,11205
232557,6,4,2,2090,2667,925,1183,4757,2108,3015,3850,6865
232557,6,4,5,937,2102,376,925,3039,1301,1313,3027,4340
232557,7,999,1,12676,18570,14737,19923,31246,34660,27413,38493,65906
232557,7,999,2,4812,6904,6193,7549,11716,13742,11005,14453,25458
232557,7,999,5,7864,11666,8544,12374,19530,20918,16408,24040,40448
232557,8,5,1,3291,5023,2873,4210,8314,7083,6164,9233,15397
232557,8,5,2,1628,2149,1498,1701,3777,3199,3126,3850,6976
232557,8,5,5,1663,2874,1375,2509,4537,3884,3038,5383,8421
232557,9,6,1,2340,3333,2775,3352,5673,6127,5115,6685,11800
232557,9,6,2,1079,1453,1250,1363,2532,2613,2329,2816,5145
232557,9,6,5,1261,1880,1525,1989,3141,3514,2786,3869,6655
232557,10,7,1,2080,2814,2661,3141,4894,5802,4741,5955,10696
232557,10,7,2,803,1130,1130,1182,1933,2312,1933,2312,4245
232557,10,7,5,1277,1684,1531,1959,2961,3490,2808,3643,6451
232557,11,8,1,2961,4514,3617,5126,7475,8743,6578,9640,16218
232557,11,8,2,898,1445,1383,1795,2343,3178,2281,3240,5521
232557,11,8,5,2063,3069,2234,3331,5132,5565,4297,6400,10697
232557,12,9,1,1839,2669,2551,3763,4508,6314,4390,6432,10822
232557,12,9,2,371,686,845,1364,1057,2209,1216,2050,3266
232557,12,9,5,1468,1983,1706,2399,3451,4105,3174,4382,7556
232557,13,10,1,165,217,260,331,382,591,425,548,973
232557,13,10,2,33,41,87,144,74,231,120,185,305
232557,13,10,5,132,176,173,187,308,360,305,363,668
232557,14,11,1,61,63,337,452,124,789,398,515,913
232557,14,11,2,37,27,228,264,64,492,265,291,556
232557,14,11,5,24,36,109,188,60,297,133,224,357
232566,1,412,1,1067,2483,361,930,3550,1291,1428,3413,4841
232566,1,112,2,1034,2285,204,417,3319,621,1238,2702,3940
232566,1,312,5,33,198,157,513,231,670,190,711,901
232566,2,999,1,1029,2393,202,308,3422,510,1231,2701,3932
232566,2,999,2,1014,2247,185,281,3261,466,1199,2528,3727
232566,2,999,5,15,146,17,27,161,44,32,173,205
232566,3,1,1,1,16,93,97,17,190,94,113,207
232566,3,1,2,1,16,93,97,17,190,94,113,207
232566,4,2,1,394,991,21,19,1385,40,415,1010,1425
232566,4,2,2,394,991,21,19,1385,40,415,1010,1425
232566,5,3,1,446,1024,30,66,1470,96,476,1090,1566
232566,5,3,2,446,1013,30,64,1459,94,476,1077,1553
232566,5,3,5,0,11,0,2,11,2,0,13,13
232566,6,4,1,188,362,58,126,550,184,246,488,734
232566,6,4,2,173,227,41,101,400,142,214,328,542
232566,6,4,5,15,135,17,25,150,42,32,160,192
232566,7,999,1,38,90,159,622,128,781,197,712,909
232566,7,999,2,20,38,19,136,58,155,39,174,213
232566,7,999,5,18,52,140,486,70,626,158,538,696
232566,8,5,1,19,44,41,165,63,206,60,209,269
232566,8,5,2,12,26,10,64,38,74,22,90,112
232566,8,5,5,7,18,31,101,25,132,38,119,157
232566,9,6,1,11,14,32,122,25,154,43,136,179
232566,9,6,2,5,7,2,31,12,33,7,38,45
232566,9,6,5,6,7,30,91,13,121,36,98,134
232566,10,7,1,4,11,30,107,15,137,34,118,152
232566,10,7,2,2,2,2,17,4,19,4,19,23
232566,10,7,5,2,9,28,90,11,118,30,99,129
232566,11,8,1,3,16,40,160,19,200,43,176,219
232566,11,8,2,1,1,5,16,2,21,6,17,23
232566,11,8,5,2,15,35,144,17,179,37,159,196
232566,12,9,1,1,5,16,66,6,82,17,71,88
232566,12,9,2,0,2,0,8,2,8,0,10,10
232566,12,9,5,1,3,16,58,4,74,17,61,78
232566,13,10,1,0,0,0,2,0,2,0,2,2
232566,13,10,5,0,0,0,2,0,2,0,2,2
232575,1,412,1,777,1112,1544,2904,1889,4448,2321,4016,6337
232575,1,112,2,777,1112,1544,2904,1889,4448,2321,4016,6337
232575,2,999,1,721,994,1325,2159,1715,3484,2046,3153,5199
232575,2,999,2,721,994,1325,2159,1715,3484,2046,3153,5199
232575,3,1,1,232,417,765,1224,649,1989,997,1641,2638
232575,3,1,2,232,417,765,1224,649,1989,997,1641,2638
232575,4,2,1,355,418,247,401,773,648,602,819,1421
232575,4,2,2,355,418,247,401,773,648,602,819,1421
232575,5,3,1,89,110,202,297,199,499,291,407,698
232575,5,3,2,89,110,202,297,199,499,291,407,698
232575,6,4,1,45,49,111,237,94,348,156,286,442
232575,6,4,2,45,49,111,237,94,348,156,286,442
232575,7,999,1,56,118,219,745,174,964,275,863,1138
232575,7,999,2,56,118,219,745,174,964,275,863,1138
232575,8,5,1,24,56,86,236,80,322,110,292,402
232575,8,5,2,24,56,86,236,80,322,110,292,402
232575,9,6,1,14,26,51,144,40,195,65,170,235
232575,9,6,2,14,26,51,144,40,195,65,170,235
232575,10,7,1,12,11,24,121,23,145,36,132,168
232575,10,7,2,12,11,24,121,23,145,36,132,168
232575,11,8,1,4,20,39,164,24,203,43,184,227
232575,11,8,2,4,20,39,164,24,203,43,184,227
232575,12,9,1,2,5,18,73,7,91,20,78,98
232575,12,9,2,2,5,18,73,7,91,20,78,98
232575,13,10,1,0,0,1,7,0,8,1,7,8
232575,13,10,2,0,0,1,7,0,8,1,7,8
232609,1,412,1,858,1375,175,284,2233,459,1033,1659,2692
232609,1,112,2,680,1084,31,27,1764,58,711,1111,1822
232609,1,312,5,178,291,144,257,469,401,322,548,870
232609,2,999,1,728,1192,27,48,1920,75,755,1240,1995
232609,2,999,2,650,1055,14,17,1705,31,664,1072,1736
232609,2,999,5,78,137,13,31,215,44,91,168,259
232609,3,1,1,26,36,3,4,62,7,29,40,69
232609,3,1,2,26,36,3,4,62,7,29,40,69
232609,4,2,1,288,514,1,3,802,4,289,517,806
232609,4,2,2,288,514,1,3,802,4,289,517,806
232609,5,3,1,276,451,7,5,727,12,283,456,739
232609,5,3,2,268,438,6,4,706,10,274,442,716
232609,5,3,5,8,13,1,1,21,2,9,14,23
232609,6,4,1,138,191,16,36,329,52,154,227,381
232609,6,4,2,68,67,4,6,135,10,72,73,145
232609,6,4,5,70,124,12,30,194,42,82,154,236
232609,7,999,1,130,183,148,236,313,384,278,419,697
232609,7,999,2,30,29,17,10,59,27,47,39,86
232609,7,999,5,100,154,131,226,254,357,231,380,611
232609,8,5,1,61,95,25,45,156,70,86,140,226
232609,8,5,2,17,16,9,3,33,12,26,19,45
232609,8,5,5,44,79,16,42,123,58,60,121,181
232609,9,6,1,27,29,22,46,56,68,49,75,124
232609,9,6,2,10,7,4,3,17,7,14,10,24
232609,9,6,5,17,22,18,43,39,61,35,65,100
232609,10,7,1,13,20,28,47,33,75,41,67,108
232609,10,7,2,2,4,1,0,6,1,3,4,7
232609,10,7,5,11,16,27,47,27,74,38,63,101
232609,11,8,1,14,30,42,63,44,105,56,93,149
232609,11,8,2,1,2,1,3,3,4,2,5,7
232609,11,8,5,13,28,41,60,41,101,54,88,142
232609,12,9,1,15,9,29,35,24,64,44,44,88
232609,12,9,2,0,0,0,1,0,1,0,1,1
232609,12,9,5,15,9,29,34,24,63,44,43,87
232609,13,10,1,0,0,2,0,0,2,2,0,2
232609,13,10,2,0,0,2,0,0,2,2,0,2
232672,1,412,1,321,1220,91,478,1541,569,412,1698,2110
232672,1,112,2,243,888,58,288,1131,346,301,1176,1477
232672,1,312,5,78,332,33,190,410,223,111,522,633
232672,2,999,1,237,850,25,86,1087,111,262,936,1198
232672,2,999,2,222,764,23,69,986,92,245,833,1078
232672,2,999,5,15,86,2,17,101,19,17,103,120
232672,3,1,1,0,30,6,7,30,13,6,37,43
232672,3,1,2,0,30,6,7,30,13,6,37,43
232672,4,2,1,59,209,8,10,268,18,67,219,286
232672,4,2,2,59,208,8,10,267,18,67,218,285
232672,4,2,5,0,1,0,0,1,0,0,1,1
232672,5,3,1,118,362,4,10,480,14,122,372,494
232672,5,3,2,117,362,4,10,479,14,121,372,493
232672,5,3,5,1,0,0,0,1,0,1,0,1
232672,6,4,1,60,249,7,59,309,66,67,308,375
232672,6,4,2,46,164,5,42,210,47,51,206,257
232672,6,4,5,14,85,2,17,99,19,16,102,118
232672,7,999,1,82,366,56,386,448,442,138,752,890
232672,7,999,2,19,124,32,214,143,246,51,338,389
232672,7,999,5,63,242,24,172,305,196,87,414,501
232672,8,5,1,51,229,16,126,280,142,67,355,422
232672,8,5,2,9,50,7,72,59,79,16,122,138
232672,8,5,5,42,179,9,54,221,63,51,233,284
232672,9,6,1,19,53,10,71,72,81,29,124,153
232672,9,6,2,6,29,3,40,35,43,9,69,78
232672,9,6,5,13,24,7,31,37,38,20,55,75
232672,10,7,1,7,31,8,59,38,67,15,90,105
232672,10,7,2,3,20,4,35,23,39,7,55,62
232672,10,7,5,4,11,4,24,15,28,8,35,43
232672,11,8,1,4,38,16,74,42,90,20,112,132
232672,11,8,2,0,21,12,43,21,55,12,64,76
232672,11,8,5,4,17,4,31,21,35,8,48,56
232672,12,9,1,1,15,4,53,16,57,5,68,73
232672,12,9,2,1,4,4,22,5,26,5,26,31
232672,12,9,5,0,11,0,31,11,31,0,42,42
232672,13,10,1,0,0,2,3,0,5,2,3,5
232672,13,10,2,0,0,2,2,0,4,2,2,4
232672,13,10,5,0,0,0,1,0,1,0,1,1
232672,14,11,1,2,4,10,6,6,16,12,10,22
232672,14,11,2,2,0,3,5,2,8,5,5,10
232672,14,11,5,0,4,7,1,4,8,7,5,12
232706,1,412,1,841,1713,257,483,2554,740,1098,2196,3294
232706,1,112,2,659,1202,64,116,1861,180,723,1318,2041
232706,1,312,5,182,511,193,367,693,560,375,878,1253
232706,2,999,1,609,1250,47,112,1859,159,656,1362,2018
232706,2,999,2,559,1015,35,71,1574,106,594,1086,1680
232706,2,999,5,50,235,12,41,285,53,62,276,338
232706,3,1,1,8,12,0,24,20,24,8,36,44
232706,3,1,2,8,12,0,24,20,24,8,36,44
232706,4,2,1,216,370,3,11,586,14,219,381,600
232706,4,2,2,216,370,3,11,586,14,219,381,600
232706,5,3,1,207,413,10,5,620,15,217,418,635
232706,5,3,2,204,410,10,5,614,15,214,415,629
232706,5,3,5,3,3,0,0,6,0,3,3,6
232706,6,4,1,178,455,34,72,633,106,212,527,739
232706,6,4,2,131,223,22,31,354,53,153,254,407
232706,6,4,5,47,232,12,41,279,53,59,273,332
232706,7,999,1,232,463,210,371,695,581,442,834,1276
232706,7,999,2,100,187,29,45,287,74,129,232,361
232706,7,999,5,132,276,181,326,408,507,313,602,915
232706,8,5,1,143,297,65,117,440,182,208,414,622
232706,8,5,2,67,129,19,22,196,41,86,151,237
232706,8,5,5,76,168,46,95,244,141,122,263,385
232706,9,6,1,47,86,37,75,133,112,84,161,245
232706,9,6,2,21,38,2,10,59,12,23,48,71
232706,9,6,5,26,48,35,65,74,100,61,113,174
232706,10,7,1,22,34,36,54,56,90,58,88,146
232706,10,7,2,9,9,6,4,18,10,15,13,28
232706,10,7,5,13,25,30,50,38,80,43,75,118
232706,11,8,1,14,32,41,71,46,112,55,103,158
232706,11,8,2,3,8,0,5,11,5,3,13,16
232706,11,8,5,11,24,41,66,35,107,52,90,142
232706,12,9,1,6,13,27,53,19,80,33,66,99
232706,12,9,2,0,2,2,4,2,6,2,6,8
232706,12,9,5,6,11,25,49,17,74,31,60,91
232706,13,10,1,0,1,4,1,1,5,4,2,6
232706,13,10,2,0,1,0,0,1,0,0,1,1
232706,13,10,5,0,0,4,1,0,5,4,1,5
232788,1,412,1,364,646,459,784,1010,1243,823,1430,2253
232788,1,112,2,364,646,459,784,1010,1243,823,1430,2253
232788,2,999,1,300,483,339,518,783,857,639,1001,1640
232788,2,999,2,300,483,339,518,783,857,639,1001,1640
232788,3,1,1,65,137,227,339,202,566,292,476,768
232788,3,1,2,65,137,227,339,202,566,292,476,768
232788,4,2,1,151,217,52,88,368,140,203,305,508
232788,4,2,2,151,217,52,88,368,140,203,305,508
232788,5,3,1,51,72,37,49,123,86,88,121,209
232788,5,3,2,51,72,37,49,123,86,88,121,209
232788,6,4,1,33,57,23,42,90,65,56,99,155
232788,6,4,2,33,57,23,42,90,65,56,99,155
232788,7,999,1,64,163,120,266,227,386,184,429,613
232788,7,999,2,64,163,120,266,227,386,184,429,613
232788,8,5,1,26,71,20,78,97,98,46,149,195
232788,8,5,2,26,71,20,78,97,98,46,149,195
232788,9,6,1,17,29,20,59,46,79,37,88,125
232788,9,6,2,17,29,20,59,46,79,37,88,125
232788,10,7,1,13,23,13,42,36,55,26,65,91
232788,10,7,2,13,23,13,42,36,55,26,65,91
232788,11,8,1,8,32,25,56,40,81,33,88,121
232788,11,8,2,8,32,25,56,40,81,33,88,121
232788,12,9,1,0,8,23,23,8,46,23,31,54
232788,12,9,2,0,8,23,23,8,46,23,31,54
232788,13,10,1,0,0,19,8,0,27,19,8,27
232788,13,10,2,0,0,19,8,0,27,19,8,27
232867,1,412,1,753,787,1278,1319,1540,2597,2031,2106,4137
232867,1,112,2,753,787,1278,1319,1540,2597,2031,2106,4137
232867,2,999,1,655,680,1067,1042,1335,2109,1722,1722,3444
232867,2,999,2,655,680,1067,1042,1335,2109,1722,1722,3444
232867,3,1,1,144,240,661,638,384,1299,805,878,1683
232867,3,1,2,144,240,661,638,384,1299,805,878,1683
232867,4,2,1,354,299,159,135,653,294,513,434,947
232867,4,2,2,354,299,159,135,653,294,513,434,947
232867,5,3,1,100,84,159,156,184,315,259,240,499
232867,5,3,2,100,84,159,156,184,315,259,240,499
232867,6,4,1,57,57,88,113,114,201,145,170,315
232867,6,4,2,57,57,88,113,114,201,145,170,315
232867,7,999,1,98,107,211,277,205,488,309,384,693
232867,7,999,2,98,107,211,277,205,488,309,384,693
232867,8,5,1,51,46,73,105,97,178,124,151,275
232867,8,5,2,51,46,73,105,97,178,124,151,275
232867,9,6,1,23,31,57,49,54,106,80,80,160
232867,9,6,2,23,31,57,49,54,106,80,80,160
232867,10,7,1,10,13,30,42,23,72,40,55,95
232867,10,7,2,10,13,30,42,23,72,40,55,95
232867,11,8,1,11,14,32,56,25,88,43,70,113
232867,11,8,2,11,14,32,56,25,88,43,70,113
232867,12,9,1,2,3,15,24,5,39,17,27,44
232867,12,9,2,2,3,15,24,5,39,17,27,44
232867,13,10,1,1,0,4,1,1,5,5,1,6
232867,13,10,2,1,0,4,1,1,5,5,1,6
232885,1,412,1,25,250,3,63,275,66,28,313,341
232885,1,112,2,21,198,3,53,219,56,24,251,275
232885,1,312,5,4,52,0,10,56,10,4,62,66
232885,2,999,1,6,94,1,6,100,7,7,100,107
232885,2,999,2,6,77,1,4,83,5,7,81,88
232885,2,999,5,0,17,0,2,17,2,0,19,19
232885,4,2,1,0,1,0,1,1,1,0,2,2
232885,4,2,2,0,1,0,1,1,1,0,2,2
232885,5,3,1,0,11,1,2,11,3,1,13,14
232885,5,3,2,0,11,1,2,11,3,1,13,14
232885,6,4,1,6,82,0,3,88,3,6,85,91
232885,6,4,2,6,65,0,1,71,1,6,66,72
232885,6,4,5,0,17,0,2,17,2,0,19,19
232885,7,999,1,19,156,2,57,175,59,21,213,234
232885,7,999,2,15,121,2,49,136,51,17,170,187
232885,7,999,5,4,35,0,8,39,8,4,43,47
232885,8,5,1,10,78,2,12,88,14,12,90,102
232885,8,5,2,9,63,2,12,72,14,11,75,86
232885,8,5,5,1,15,0,0,16,0,1,15,16
232885,9,6,1,4,40,0,13,44,13,4,53,57
232885,9,6,2,3,30,0,10,33,10,3,40,43
232885,9,6,5,1,10,0,3,11,3,1,13,14
232885,10,7,1,2,16,0,12,18,12,2,28,30
232885,10,7,2,1,11,0,10,12,10,1,21,22
232885,10,7,5,1,5,0,2,6,2,1,7,8
232885,11,8,1,3,15,0,11,18,11,3,26,29
232885,11,8,2,2,11,0,9,13,9,2,20,22
232885,11,8,5,1,4,0,2,5,2,1,6,7
232885,12,9,1,0,7,0,9,7,9,0,16,16
232885,12,9,2,0,6,0,8,6,8,0,14,14
232885,12,9,5,0,1,0,1,1,1,0,2,2
232946,1,412,1,7805,7746,16734,20588,15551,37322,24539,28334,52873
232946,1,112,2,7805,7746,16734,20588,15551,37322,24539,28334,52873
232946,2,999,1,6698,6305,12910,14381,13003,27291,19608,20686,40294
232946,2,999,2,6698,6305,12910,14381,13003,27291,19608,20686,40294
232946,3,1,1,401,410,5719,7183,811,12902,6120,7593,13713
232946,3,1,2,401,410,5719,7183,811,12902,6120,7593,13713
232946,4,2,1,3797,3538,2583,2541,7335,5124,6380,6079,12459
232946,4,2,2,3797,3538,2583,2541,7335,5124,6380,6079,12459
232946,5,3,1,1648,1523,2526,2272,3171,4798,4174,3795,7969
232946,5,3,2,1648,1523,2526,2272,3171,4798,4174,3795,7969
232946,6,4,1,852,834,2082,2385,1686,4467,2934,3219,6153
232946,6,4,2,852,834,2082,2385,1686,4467,2934,3219,6153
232946,7,999,1,1107,1441,3824,6207,2548,10031,4931,7648,12579
232946,7,999,2,1107,1441,3824,6207,2548,10031,4931,7648,12579
232946,8,5,1,587,709,1595,2281,1296,3876,2182,2990,5172
232946,8,5,2,587,709,1595,2281,1296,3876,2182,2990,5172
232946,9,6,1,251,341,859,1307,592,2166,1110,1648,2758
232946,9,6,2,251,341,859,1307,592,2166,1110,1648,2758
232946,10,7,1,147,173,504,876,320,1380,651,1049,1700
232946,10,7,2,147,173,504,876,320,1380,651,1049,1700
232946,11,8,1,84,166,517,1121,250,1638,601,1287,1888
232946,11,8,2,84,166,517,1121,250,1638,601,1287,1888
232946,12,9,1,33,48,304,574,81,878,337,622,959
232946,12,9,2,33,48,304,574,81,878,337,622,959
232946,13,10,1,5,4,45,48,9,93,50,52,102
232946,13,10,2,5,4,45,48,9,93,50,52,102
232982,1,412,1,7009,9396,3475,4406,16405,7881,10484,13802,24286
232982,1,112,2,6453,8287,2143,2739,14740,4882,8596,11026,19622
232982,1,312,5,556,1109,1332,1667,1665,2999,1888,2776,4664
232982,2,999,1,5725,7536,1014,1106,13261,2120,6739,8642,15381
232982,2,999,2,5550,7120,903,955,12670,1858,6453,8075,14528
232982,2,999,5,175,416,111,151,591,262,286,567,853
232982,3,1,1,113,187,4,6,300,10,117,193,310
232982,3,1,2,113,187,4,6,300,10,117,193,310
232982,4,2,1,2343,2949,123,117,5292,240,2466,3066,5532
232982,4,2,2,2343,2949,123,116,5292,239,2466,3065,5531
232982,4,2,5,0,0,0,1,0,1,0,1,1
232982,5,3,1,1995,2708,270,290,4703,560,2265,2998,5263
232982,5,3,2,1991,2689,265,281,4680,546,2256,2970,5226
232982,5,3,5,4,19,5,9,23,14,9,28,37
232982,6,4,1,1274,1692,617,693,2966,1310,1891,2385,4276
232982,6,4,2,1103,1295,511,552,2398,1063,1614,1847,3461
232982,6,4,5,171,397,106,141,568,247,277,538,815
232982,7,999,1,1284,1860,2461,3300,3144,5761,3745,5160,8905
232982,7,999,2,903,1167,1240,1784,2070,3024,2143,2951,5094
232982,7,999,5,381,693,1221,1516,1074,2737,1602,2209,3811
232982,8,5,1,686,951,852,1017,1637,1869,1538,1968,3506
232982,8,5,2,508,612,479,650,1120,1129,987,1262,2249
232982,8,5,5,178,339,373,367,517,740,551,706,1257
232982,9,6,1,308,457,592,769,765,1361,900,1226,2126
232982,9,6,2,214,299,297,447,513,744,511,746,1257
232982,9,6,5,94,158,295,322,252,617,389,480,869
232982,10,7,1,143,197,417,506,340,923,560,703,1263
232982,10,7,2,87,117,223,258,204,481,310,375,685
232982,10,7,5,56,80,194,248,136,442,250,328,578
232982,11,8,1,119,184,373,643,303,1016,492,827,1319
232982,11,8,2,79,106,178,281,185,459,257,387,644
232982,11,8,5,40,78,195,362,118,557,235,440,675
232982,12,9,1,28,68,215,353,96,568,243,421,664
232982,12,9,2,15,32,60,143,47,203,75,175,250
232982,12,9,5,13,36,155,210,49,365,168,246,414
232982,13,10,1,0,3,12,12,3,24,12,15,27
232982,13,10,2,0,1,3,5,1,8,3,6,9
232982,13,10,5,0,2,9,7,2,16,9,9,18
233019,1,412,1,447,579,394,630,1026,1024,841,1209,2050
233019,1,112,2,447,579,394,630,1026,1024,841,1209,2050
233019,2,999,1,414,490,318,407,904,725,732,897,1629
233019,2,999,2,414,490,318,407,904,725,732,897,1629
233019,3,1,1,92,161,134,146,253,280,226,307,533
233019,3,1,2,92,161,134,146,253,280,226,307,533
233019,4,2,1,230,233,84,92,463,176,314,325,639
233019,4,2,2,230,233,84,92,463,176,314,325,639
233019,5,3,1,67,64,54,106,131,160,121,170,291
233019,5,3,2,67,64,54,106,131,160,121,170,291
233019,6,4,1,25,32,46,63,57,109,71,95,166
233019,6,4,2,25,32,46,63,57,109,71,95,166
233019,7,999,1,33,89,76,223,122,299,109,312,421
233019,7,999,2,33,89,76,223,122,299,109,312,421
233019,8,5,1,15,35,27,77,50,104,42,112,154
233019,8,5,2,15,35,27,77,50,104,42,112,154
233019,9,6,1,8,27,14,45,35,59,22,72,94
233019,9,6,2,8,27,14,45,35,59,22,72,94
233019,10,7,1,2,13,16,36,15,52,18,49,67
233019,10,7,2,2,13,16,36,15,52,18,49,67
233019,11,8,1,8,11,11,42,19,53,19,53,72
233019,11,8,2,8,11,11,42,19,53,19,53,72
233019,12,9,1,0,3,7,23,3,30,7,26,33
233019,12,9,2,0,3,7,23,3,30,7,26,33
233019,13,10,1,0,0,1,0,0,1,1,0,1
233019,13,10,2,0,0,1,0,0,1,1,0,1
233037,1,412,1,147,189,269,632,336,901,416,821,1237
233037,1,112,2,147,189,269,632,336,901,416,821,1237
233037,2,999,1,131,153,247,471,284,718,378,624,1002
233037,2,999,2,131,153,247,471,284,718,378,624,1002
233037,3,1,1,32,55,199,364,87,563,231,419,650
233037,3,1,2,32,55,199,364,87,563,231,419,650
233037,4,2,1,73,62,25,45,135,70,98,107,205
233037,4,2,2,73,62,25,45,135,70,98,107,205
233037,5,3,1,23,27,14,38,50,52,37,65,102
233037,5,3,2,23,27,14,38,50,52,37,65,102
233037,6,4,1,3,9,9,24,12,33,12,33,45
233037,6,4,2,3,9,9,24,12,33,12,33,45
233037,7,999,1,16,36,22,161,52,183,38,197,235
233037,7,999,2,16,36,22,161,52,183,38,197,235
233037,8,5,1,8,7,9,42,15,51,17,49,66
233037,8,5,2,8,7,9,42,15,51,17,49,66
233037,9,6,1,2,8,0,31,10,31,2,39,41
233037,9,6,2,2,8,0,31,10,31,2,39,41
233037,10,7,1,2,6,1,33,8,34,3,39,42
233037,10,7,2,2,6,1,33,8,34,3,39,42
233037,11,8,1,3,13,8,34,16,42,11,47,58
233037,11,8,2,3,13,8,34,16,42,11,47,58
233037,12,9,1,1,2,4,19,3,23,5,21,26
233037,12,9,2,1,2,4,19,3,23,5,21,26
233037,13,10,1,0,0,0,2,0,2,0,2,2
233037,13,10,2,0,0,0,2,0,2,0,2,2
233116,1,412,1,545,688,1392,2239,1233,3631,1937,2927,4864
233116,1,112,2,545,688,1392,2239,1233,3631,1937,2927,4864
233116,2,999,1,480,587,1051,1532,1067,2583,1531,2119,3650
233116,2,999,2,480,587,1051,1532,1067,2583,1531,2119,3650
233116,3,1,1,96,204,609,733,300,1342,705,937,1642
233116,3,1,2,96,204,609,733,300,1342,705,937,1642
233116,4,2,1,254,265,197,308,519,505,451,573,1024
233116,4,2,2,254,265,197,308,519,505,451,573,1024
233116,5,3,1,94,70,143,263,164,406,237,333,570
233116,5,3,2,94,70,143,263,164,406,237,333,570
233116,6,4,1,36,48,102,228,84,330,138,276,414
233116,6,4,2,36,48,102,228,84,330,138,276,414
233116,7,999,1,65,101,341,707,166,1048,406,808,1214
233116,7,999,2,65,101,341,707,166,1048,406,808,1214
233116,8,5,1,27,42,125,259,69,384,152,301,453
233116,8,5,2,27,42,125,259,69,384,152,301,453
233116,9,6,1,24,25,79,161,49,240,103,186,289
233116,9,6,2,24,25,79,161,49,240,103,186,289
233116,10,7,1,4,13,56,112,17,168,60,125,185
233116,10,7,2,4,13,56,112,17,168,60,125,185
233116,11,8,1,8,18,55,112,26,167,63,130,193
233116,11,8,2,8,18,55,112,26,167,63,130,193
233116,12,9,1,2,3,25,55,5,80,27,58,85
233116,12,9,2,2,3,25,55,5,80,27,58,85
233116,13,10,1,0,0,1,8,0,9,1,8,9
233116,13,10,2,0,0,1,8,0,9,1,8,9
233277,1,412,1,2752,4746,508,2689,7498,3197,3260,7435,10695
233277,1,112,2,2585,4203,214,305,6788,519,2799,4508,7307
233277,1,312,5,167,543,294,2384,710,2678,461,2927,3388
233277,2,999,1,2492,4324,156,292,6816,448,2648,4616,7264
233277,2,999,2,2405,3975,140,176,6380,316,2545,4151,6696
233277,2,999,5,87,349,16,116,436,132,103,465,568
233277,3,1,1,35,93,16,10,128,26,51,103,154
233277,3,1,2,35,93,16,10,128,26,51,103,154
233277,4,2,1,844,1691,12,15,2535,27,856,1706,2562
233277,4,2,2,844,1691,12,15,2535,27,856,1706,2562
233277,5,3,1,1037,1676,27,62,2713,89,1064,1738,2802
233277,5,3,2,1034,1635,26,58,2669,84,1060,1693,2753
233277,5,3,5,3,41,1,4,44,5,4,45,49
233277,6,4,1,576,864,101,205,1440,306,677,1069,1746
233277,6,4,2,492,556,86,93,1048,179,578,649,1227
233277,6,4,5,84,308,15,112,392,127,99,420,519
233277,7,999,1,260,422,351,2393,682,2744,611,2815,3426
233277,7,999,2,180,228,73,129,408,202,253,357,610
233277,7,999,5,80,194,278,2264,274,2542,358,2458,2816
233277,8,5,1,170,284,86,400,454,486,256,684,940
233277,8,5,2,121,139,35,55,260,90,156,194,350
233277,8,5,5,49,145,51,345,194,396,100,490,590
233277,9,6,1,42,61,68,337,103,405,110,398,508
233277,9,6,2,30,37,19,20,67,39,49,57,106
233277,9,6,5,12,24,49,317,36,366,61,341,402
233277,10,7,1,24,32,60,365,56,425,84,397,481
233277,10,7,2,17,22,7,23,39,30,24,45,69
233277,10,7,5,7,10,53,342,17,395,60,352,412
233277,11,8,1,21,29,78,736,50,814,99,765,864
233277,11,8,2,12,21,8,24,33,32,20,45,65
233277,11,8,5,9,8,70,712,17,782,79,720,799
233277,12,9,1,3,14,54,532,17,586,57,546,603
233277,12,9,2,0,8,2,7,8,9,2,15,17
233277,12,9,5,3,6,52,525,9,577,55,531,586
233277,13,10,1,0,2,5,23,2,28,5,25,30
233277,13,10,2,0,1,2,0,1,2,2,1,3
233277,13,10,5,0,1,3,23,1,26,3,24,27
233277,14,11,1,0,0,1,4,0,5,1,4,5
233277,14,11,2,0,0,1,0,0,1,1,0,1
233277,14,11,5,0,0,0,4,0,4,0,4,4
233295,1,412,1,684,847,18,5,1531,23,702,852,1554
233295,1,112,2,684,847,18,5,1531,23,702,852,1554
233295,2,999,1,679,840,15,5,1519,20,694,845,1539
233295,2,999,2,679,840,15,5,1519,20,694,845,1539
233295,3,1,1,1,3,0,1,4,1,1,4,5
233295,3,1,2,1,3,0,1,4,1,1,4,5
233295,4,2,1,319,433,3,1,752,4,322,434,756
233295,4,2,2,319,433,3,1,752,4,322,434,756
233295,5,3,1,312,371,5,3,683,8,317,374,691
233295,5,3,2,312,371,5,3,683,8,317,374,691
233295,6,4,1,47,33,7,0,80,7,54,33,87
233295,6,4,2,47,33,7,0,80,7,54,33,87
233295,7,999,1,5,7,3,0,12,3,8,7,15
233295,7,999,2,5,7,3,0,12,3,8,7,15
233295,8,5,1,4,3,1,0,7,1,5,3,8
233295,8,5,2,4,3,1,0,7,1,5,3,8
233295,9,6,1,1,2,2,0,3,2,3,2,5
233295,9,6,2,1,2,2,0,3,2,3,2,5
233295,11,8,1,0,2,0,0,2,0,0,2,2
233295,11,8,2,0,2,0,0,2,0,0,2,2
233310,1,412,1,224,423,655,1327,647,1982,879,1750,2629
233310,1,112,2,224,423,655,1327,647,1982,879,1750,2629
233310,2,999,1,205,373,602,976,578,1578,807,1349,2156
233310,2,999,2,205,373,602,976,578,1578,807,1349,2156
233310,3,1,1,109,180,427,623,289,1050,536,803,1339
233310,3,1,2,109,180,427,623,289,1050,536,803,1339
233310,4,2,1,70,140,97,145,210,242,167,285,452
233310,4,2,2,70,140,97,145,210,242,167,285,452
233310,5,3,1,20,26,53,116,46,169,73,142,215
233310,5,3,2,20,26,53,116,46,169,73,142,215
233310,6,4,1,6,27,25,92,33,117,31,119,150
233310,6,4,2,6,27,25,92,33,117,31,119,150
233310,7,999,1,19,50,53,351,69,404,72,401,473
233310,7,999,2,19,50,53,351,69,404,72,401,473
233310,8,5,1,10,15,14,107,25,121,24,122,146
233310,8,5,2,10,15,14,107,25,121,24,122,146
233310,9,6,1,3,13,8,77,16,85,11,90,101
233310,9,6,2,3,13,8,77,16,85,11,90,101
233310,10,7,1,2,8,7,61,10,68,9,69,78
233310,10,7,2,2,8,7,61,10,68,9,69,78
233310,11,8,1,2,11,19,67,13,86,21,78,99
233310,11,8,2,2,11,19,67,13,86,21,78,99
233310,12,9,1,2,3,4,38,5,42,6,41,47
233310,12,9,2,2,3,4,38,5,42,6,41,47
233310,13,10,1,0,0,1,1,0,2,1,1,2
233310,13,10,2,0,0,1,1,0,2,1,1,2
233356,1,412,1,27,338,4,87,365,91,31,425,456
233356,1,112,2,27,338,4,87,365,91,31,425,456
233356,2,999,1,13,180,2,12,193,14,15,192,207
233356,2,999,2,13,180,2,12,193,14,15,192,207
233356,4,2,1,0,3,0,0,3,0,0,3,3
233356,4,2,2,0,3,0,0,3,0,0,3,3
233356,5,3,1,6,55,0,1,61,1,6,56,62
233356,5,3,2,6,55,0,1,61,1,6,56,62
233356,6,4,1,7,122,2,11,129,13,9,133,142
233356,6,4,2,7,122,2,11,129,13,9,133,142
233356,7,999,1,14,158,2,75,172,77,16,233,249
233356,7,999,2,14,158,2,75,172,77,16,233,249
233356,8,5,1,7,93,0,15,100,15,7,108,115
233356,8,5,2,7,93,0,15,100,15,7,108,115
233356,9,6,1,2,28,0,16,30,16,2,44,46
233356,9,6,2,2,28,0,16,30,16,2,44,46
233356,10,7,1,4,15,0,15,19,15,4,30,34
233356,10,7,2,4,15,0,15,19,15,4,30,34
233356,11,8,1,1,18,0,21,19,21,1,39,40
233356,11,8,2,1,18,0,21,19,21,1,39,40
233356,12,9,1,0,4,2,8,4,10,2,12,14
233356,12,9,2,0,4,2,8,4,10,2,12,14
233426,1,412,1,817,1066,16,21,1883,37,833,1087,1920
233426,1,112,2,817,1066,16,21,1883,37,833,1087,1920
233426,2,999,1,799,1055,12,15,1854,27,811,1070,1881
233426,2,999,2,799,1055,12,15,1854,27,811,1070,1881
233426,3,1,1,8,19,2,0,27,2,10,19,29
233426,3,1,2,8,19,2,0,27,2,10,19,29
233426,4,2,1,379,504,0,0,883,0,379,504,883
233426,4,2,2,379,504,0,0,883,0,379,504,883
233426,5,3,1,350,477,1,6,827,7,351,483,834
233426,5,3,2,350,477,1,6,827,7,351,483,834
233426,6,4,1,62,55,9,9,117,18,71,64,135
233426,6,4,2,62,55,9,9,117,18,71,64,135
233426,7,999,1,18,11,4,6,29,10,22,17,39
233426,7,999,2,18,11,4,6,29,10,22,17,39
233426,8,5,1,11,5,3,2,16,5,14,7,21
233426,8,5,2,11,5,3,2,16,5,14,7,21
233426,9,6,1,2,2,1,1,4,2,3,3,6
233426,9,6,2,2,2,1,1,4,2,3,3,6
233426,10,7,1,2,1,0,0,3,0,2,1,3
233426,10,7,2,2,1,0,0,3,0,2,1,3
233426,11,8,1,2,2,0,3,4,3,2,5,7
233426,11,8,2,2,2,0,3,4,3,2,5,7
233426,12,9,1,1,0,0,0,1,0,1,0,1
233426,12,9,2,1,0,0,0,1,0,1,0,1
233426,13,10,1,0,1,0,0,1,0,0,1,1
233426,13,10,2,0,1,0,0,1,0,0,1,1
233541,1,412,1,1076,1944,315,839,3020,1154,1391,2783,4174
233541,1,112,2,850,1247,59,111,2097,170,909,1358,2267
233541,1,312,5,226,697,256,728,923,984,482,1425,1907
233541,2,999,1,880,1432,77,174,2312,251,957,1606,2563
233541,2,999,2,798,1127,53,92,1925,145,851,1219,2070
233541,2,999,5,82,305,24,82,387,106,106,387,493
233541,3,1,1,1,8,19,75,9,94,20,83,103
233541,3,1,2,1,8,19,75,9,94,20,83,103
233541,4,2,1,415,506,7,7,921,14,422,513,935
233541,4,2,2,415,506,7,7,921,14,422,513,935
233541,5,3,1,297,472,4,1,769,5,301,473,774
233541,5,3,2,292,438,4,0,730,4,296,438,734
233541,5,3,5,5,34,0,1,39,1,5,35,40
233541,6,4,1,167,446,47,91,613,138,214,537,751
233541,6,4,2,90,175,23,10,265,33,113,185,298
233541,6,4,5,77,271,24,81,348,105,101,352,453
233541,7,999,1,196,512,238,663,708,901,434,1175,1609
233541,7,999,2,52,120,6,19,172,25,58,139,197
233541,7,999,5,144,392,232,644,536,876,376,1036,1412
233541,8,5,1,111,317,58,179,428,237,169,496,665
233541,8,5,2,26,67,2,5,93,7,28,72,100
233541,8,5,5,85,250,56,174,335,230,141,424,565
233541,9,6,1,46,94,36,97,140,133,82,191,273
233541,9,6,2,18,24,3,2,42,5,21,26,47
233541,9,6,5,28,70,33,95,98,128,61,165,226
233541,10,7,1,19,42,30,84,61,114,49,126,175
233541,10,7,2,5,13,0,2,18,2,5,15,20
233541,10,7,5,14,29,30,82,43,112,44,111,155
233541,11,8,1,16,46,73,185,62,258,89,231,320
233541,11,8,2,3,11,0,5,14,5,3,16,19
233541,11,8,5,13,35,73,180,48,253,86,215,301
233541,12,9,1,4,13,39,115,17,154,43,128,171
233541,12,9,2,0,5,1,4,5,5,1,9,10
233541,12,9,5,4,8,38,111,12,149,42,119,161
233541,13,10,1,0,0,2,3,0,5,2,3,5
233541,13,10,2,0,0,0,1,0,1,0,1,1
233541,13,10,5,0,0,2,2,0,4,2,2,4
233541,14,11,1,0,0,0,2,0,2,0,2,2
233541,14,11,5,0,0,0,2,0,2,0,2,2
233602,1,412,1,28,24,5,5,52,10,33,29,62
233602,1,112,2,28,24,5,5,52,10,33,29,62
233602,2,999,1,25,24,3,5,49,8,28,29,57
233602,2,999,2,25,24,3,5,49,8,28,29,57
233602,4,2,1,11,12,0,2,23,2,11,14,25
233602,4,2,2,11,12,0,2,23,2,11,14,25
233602,5,3,1,13,10,2,2,23,4,15,12,27
233602,5,3,2,13,10,2,2,23,4,15,12,27
233602,6,4,1,1,2,1,1,3,2,2,3,5
233602,6,4,2,1,2,1,1,3,2,2,3,5
233602,7,999,1,3,0,2,0,3,2,5,0,5
233602,7,999,2,3,0,2,0,3,2,5,0,5
233602,8,5,1,3,0,0,0,3,0,3,0,3
233602,8,5,2,3,0,0,0,3,0,3,0,3
233602,9,6,1,0,0,2,0,0,2,2,0,2
233602,9,6,2,0,0,2,0,0,2,2,0,2
233611,1,412,1,522,494,69,55,1016,124,591,549,1140
233611,1,112,2,522,494,69,55,1016,124,591,549,1140
233611,2,999,1,468,466,8,18,934,26,476,484,960
233611,2,999,2,468,466,8,18,934,26,476,484,960
233611,3,1,1,2,6,3,0,8,3,5,6,11
233611,3,1,2,2,6,3,0,8,3,5,6,11
233611,4,2,1,138,185,0,3,323,3,138,188,326
233611,4,2,2,138,185,0,3,323,3,138,188,326
233611,5,3,1,131,153,3,6,284,9,134,159,293
233611,5,3,2,131,153,3,6,284,9,134,159,293
233611,6,4,1,197,122,2,9,319,11,199,131,330
233611,6,4,2,197,122,2,9,319,11,199,131,330
233611,7,999,1,52,28,57,37,80,94,109,65,174
233611,7,999,2,52,28,57,37,80,94,109,65,174
233611,8,5,1,47,24,10,11,71,21,57,35,92
233611,8,5,2,47,24,10,11,71,21,57,35,92
233611,9,6,1,5,2,7,7,7,14,12,9,21
233611,9,6,2,5,2,7,7,7,14,12,9,21
233611,10,7,1,0,0,11,1,0,12,11,1,12
233611,10,7,2,0,0,11,1,0,12,11,1,12
233611,11,8,1,0,1,9,10,1,19,9,11,20
233611,11,8,2,0,1,9,10,1,19,9,11,20
233611,12,9,1,0,1,16,8,1,24,16,9,25
233611,12,9,2,0,1,16,8,1,24,16,9,25
233611,13,10,1,0,0,4,0,0,4,4,0,4
233611,13,10,2,0,0,4,0,0,4,4,0,4
233611,14,11,1,2,0,4,0,2,4,6,0,6
233611,14,11,2,2,0,4,0,2,4,6,0,6
233639,1,412,1,308,686,737,1392,994,2129,1045,2078,3123
233639,1,112,2,308,686,737,1392,994,2129,1045,2078,3123
233639,2,999,1,249,578,548,947,827,1495,797,1525,2322
233639,2,999,2,249,578,548,947,827,1495,797,1525,2322
233639,3,1,1,168,328,375,571,496,946,543,899,1442
233639,3,1,2,168,328,375,571,496,946,543,899,1442
233639,4,2,1,52,162,89,160,214,249,141,322,463
233639,4,2,2,52,162,89,160,214,249,141,322,463
233639,5,3,1,18,56,57,119,74,176,75,175,250
233639,5,3,2,18,56,57,119,74,176,75,175,250
233639,6,4,1,11,32,27,97,43,124,38,129,167
233639,6,4,2,11,32,27,97,43,124,38,129,167
233639,7,999,1,59,108,189,445,167,634,248,553,801
233639,7,999,2,59,108,189,445,167,634,248,553,801
233639,8,5,1,18,43,43,136,61,179,61,179,240
233639,8,5,2,18,43,43,136,61,179,61,179,240
233639,9,6,1,15,25,33,92,40,125,48,117,165
233639,9,6,2,15,25,33,92,40,125,48,117,165
233639,10,7,1,10,12,39,64,22,103,49,76,125
233639,10,7,2,10,12,39,64,22,103,49,76,125
233639,11,8,1,12,18,44,91,30,135,56,109,165
233639,11,8,2,12,18,44,91,30,135,56,109,165
233639,12,9,1,4,10,28,50,14,78,32,60,92
233639,12,9,2,4,10,28,50,14,78,32,60,92
233639,13,10,1,0,0,2,12,0,14,2,12,14
233639,13,10,2,0,0,2,12,0,14,2,12,14
233648,1,412,1,387,650,400,858,1037,1258,787,1508,2295
233648,1,112,2,387,650,400,858,1037,1258,787,1508,2295
233648,2,999,1,322,515,342,624,837,966,664,1139,1803
233648,2,999,2,322,515,342,624,837,966,664,1139,1803
233648,3,1,1,38,80,218,342,118,560,256,422,678
233648,3,1,2,38,80,218,342,118,560,256,422,678
233648,4,2,1,201,309,59,130,510,189,260,439,699
233648,4,2,2,201,309,59,130,510,189,260,439,699
233648,5,3,1,60,77,45,92,137,137,105,169,274
233648,5,3,2,60,77,45,92,137,137,105,169,274
233648,6,4,1,23,49,20,60,72,80,43,109,152
233648,6,4,2,23,49,20,60,72,80,43,109,152
233648,7,999,1,65,135,58,234,200,292,123,369,492
233648,7,999,2,65,135,58,234,200,292,123,369,492
233648,8,5,1,26,53,21,85,79,106,47,138,185
233648,8,5,2,26,53,21,85,79,106,47,138,185
233648,9,6,1,18,32,14,46,50,60,32,78,110
233648,9,6,2,18,32,14,46,50,60,32,78,110
233648,10,7,1,8,18,8,34,26,42,16,52,68
233648,10,7,2,8,18,8,34,26,42,16,52,68
233648,11,8,1,6,23,12,48,29,60,18,71,89
233648,11,8,2,6,23,12,48,29,60,18,71,89
233648,12,9,1,7,9,2,19,16,21,9,28,37
233648,12,9,2,7,9,2,19,16,21,9,28,37
233648,13,10,1,0,0,1,2,0,3,1,2,3
233648,13,10,2,0,0,1,2,0,3,1,2,3
233754,1,412,1,872,1119,1583,2682,1991,4265,2455,3801,6256
233754,1,112,2,872,1119,1583,2682,1991,4265,2455,3801,6256
233754,2,999,1,723,843,1126,1664,1566,2790,1849,2507,4356
233754,2,999,2,723,843,1126,1664,1566,2790,1849,2507,4356
233754,3,1,1,63,87,479,704,150,1183,542,791,1333
233754,3,1,2,63,87,479,704,150,1183,542,791,1333
233754,4,2,1,388,445,225,318,833,543,613,763,1376
233754,4,2,2,388,445,225,318,833,543,613,763,1376
233754,5,3,1,184,204,230,336,388,566,414,540,954
233754,5,3,2,184,204,230,336,388,566,414,540,954
233754,6,4,1,88,107,192,306,195,498,280,413,693
233754,6,4,2,88,107,192,306,195,498,280,413,693
233754,7,999,1,149,276,457,1018,425,1475,606,1294,1900
233754,7,999,2,149,276,457,1018,425,1475,606,1294,1900
233754,8,5,1,71,125,187,339,196,526,258,464,722
233754,8,5,2,71,125,187,339,196,526,258,464,722
233754,9,6,1,40,67,113,247,107,360,153,314,467
233754,9,6,2,40,67,113,247,107,360,153,314,467
233754,10,7,1,10,29,59,155,39,214,69,184,253
233754,10,7,2,10,29,59,155,39,214,69,184,253
233754,11,8,1,17,42,60,175,59,235,77,217,294
233754,11,8,2,17,42,60,175,59,235,77,217,294
233754,12,9,1,9,13,31,96,22,127,40,109,149
233754,12,9,2,9,13,31,96,22,127,40,109,149
233754,13,10,1,2,0,7,6,2,13,9,6,15
233754,13,10,2,2,0,7,6,2,13,9,6,15
233772,1,412,1,2387,3419,4180,6783,5806,10963,6567,10202,16769
233772,1,112,2,2387,3419,4180,6783,5806,10963,6567,10202,16769
233772,2,999,1,1774,2425,2575,3751,4199,6326,4349,6176,10525
233772,2,999,2,1774,2425,2575,3751,4199,6326,4349,6176,10525
233772,3,1,1,130,265,767,1188,395,1955,897,1453,2350
233772,3,1,2,130,265,767,1188,395,1955,897,1453,2350
233772,4,2,1,920,1208,640,794,2128,1434,1560,2002,3562
233772,4,2,2,920,1208,640,794,2128,1434,1560,2002,3562
233772,5,3,1,466,568,597,838,1034,1435,1063,1406,2469
233772,5,3,2,466,568,597,838,1034,1435,1063,1406,2469
233772,6,4,1,258,384,571,931,642,1502,829,1315,2144
233772,6,4,2,258,384,571,931,642,1502,829,1315,2144
233772,7,999,1,613,994,1605,3032,1607,4637,2218,4026,6244
233772,7,999,2,613,994,1605,3032,1607,4637,2218,4026,6244
233772,8,5,1,273,425,656,1065,698,1721,929,1490,2419
233772,8,5,2,273,425,656,1065,698,1721,929,1490,2419
233772,9,6,1,154,239,375,695,393,1070,529,934,1463
233772,9,6,2,154,239,375,695,393,1070,529,934,1463
233772,10,7,1,75,141,234,483,216,717,309,624,933
233772,10,7,2,75,141,234,483,216,717,309,624,933
233772,11,8,1,74,135,215,491,209,706,289,626,915
233772,11,8,2,74,135,215,491,209,706,289,626,915
233772,12,9,1,35,48,112,263,83,375,147,311,458
233772,12,9,2,35,48,112,263,83,375,147,311,458
233772,13,10,1,2,6,13,35,8,48,15,41,56
233772,13,10,2,2,6,13,35,8,48,15,41,56
233897,1,412,1,514,602,217,572,1116,789,731,1174,1905
233897,1,112,2,514,602,217,572,1116,789,731,1174,1905
233897,2,999,1,492,558,33,34,1050,67,525,592,1117
233897,2,999,2,492,558,33,34,1050,67,525,592,1117
233897,3,1,1,3,4,2,1,7,3,5,5,10
233897,3,1,2,3,4,2,1,7,3,5,5,10
233897,4,2,1,187,254,2,1,441,3,189,255,444
233897,4,2,2,187,254,2,1,441,3,189,255,444
233897,5,3,1,214,238,4,5,452,9,218,243,461
233897,5,3,2,214,238,4,5,452,9,218,243,461
233897,6,4,1,88,62,25,27,150,52,113,89,202
233897,6,4,2,88,62,25,27,150,52,113,89,202
233897,7,999,1,22,44,184,536,66,720,206,580,786
233897,7,999,2,22,44,184,536,66,720,206,580,786
233897,8,5,1,15,21,48,95,36,143,63,116,179
233897,8,5,2,15,21,48,95,36,143,63,116,179
233897,9,6,1,5,15,36,85,20,121,41,100,141
233897,9,6,2,5,15,36,85,20,121,41,100,141
233897,10,7,1,2,1,23,93,3,116,25,94,119
233897,10,7,2,2,1,23,93,3,116,25,94,119
233897,11,8,1,0,6,46,155,6,201,46,161,207
233897,11,8,2,0,6,46,155,6,201,46,161,207
233897,12,9,1,0,1,30,99,1,129,30,100,130
233897,12,9,2,0,1,30,99,1,129,30,100,130
233897,13,10,1,0,0,1,9,0,10,1,9,10
233897,13,10,2,0,0,1,9,0,10,1,9,10
233897,14,11,1,0,0,0,2,0,2,0,2,2
233897,14,11,2,0,0,0,2,0,2,0,2,2
233903,1,412,1,362,481,425,818,843,1243,787,1299,2086
233903,1,112,2,362,481,425,818,843,1243,787,1299,2086
233903,2,999,1,273,363,330,569,636,899,603,932,1535
233903,2,999,2,273,363,330,569,636,899,603,932,1535
233903,3,1,1,51,91,202,289,142,491,253,380,633
233903,3,1,2,51,91,202,289,142,491,253,380,633
233903,4,2,1,151,164,59,106,315,165,210,270,480
233903,4,2,2,151,164,59,106,315,165,210,270,480
233903,5,3,1,47,59,43,87,106,130,90,146,236
233903,5,3,2,47,59,43,87,106,130,90,146,236
233903,6,4,1,24,49,26,87,73,113,50,136,186
233903,6,4,2,24,49,26,87,73,113,50,136,186
233903,7,999,1,89,118,95,249,207,344,184,367,551
233903,7,999,2,89,118,95,249,207,344,184,367,551
233903,8,5,1,33,47,24,97,80,121,57,144,201
233903,8,5,2,33,47,24,97,80,121,57,144,201
233903,9,6,1,14,16,26,47,30,73,40,63,103
233903,9,6,2,14,16,26,47,30,73,40,63,103
233903,10,7,1,12,18,21,28,30,49,33,46,79
233903,10,7,2,12,18,21,28,30,49,33,46,79
233903,11,8,1,8,21,15,52,29,67,23,73,96
233903,11,8,2,8,21,15,52,29,67,23,73,96
233903,12,9,1,18,15,9,22,33,31,27,37,64
233903,12,9,2,18,15,9,22,33,31,27,37,64
233903,13,10,1,4,1,0,3,5,3,4,4,8
233903,13,10,2,4,1,0,3,5,3,4,4,8
233921,1,412,1,19226,14825,1832,1141,34051,2973,21058,15966,37024
233921,1,112,2,16518,12594,600,308,29112,908,17118,12902,30020
233921,1,312,5,2708,2231,1232,833,4939,2065,3940,3064,7004
233921,2,999,1,17132,13335,629,333,30467,962,17761,13668,31429
233921,2,999,2,16209,12478,498,255,28687,753,16707,12733,29440
233921,2,999,5,923,857,131,78,1780,209,1054,935,1989
233921,3,1,1,57,48,3,0,105,3,60,48,108
233921,3,1,2,57,48,3,0,105,3,60,48,108
233921,4,2,1,6825,5796,85,45,12621,130,6910,5841,12751
233921,4,2,2,6824,5795,85,45,12619,130,6909,5840,12749
233921,4,2,5,1,1,0,0,2,0,1,1,2
233921,5,3,1,7219,5757,147,113,12976,260,7366,5870,13236
233921,5,3,2,7179,5705,145,110,12884,255,7324,5815,13139
233921,5,3,5,40,52,2,3,92,5,42,55,97
233921,6,4,1,3031,1734,394,175,4765,569,3425,1909,5334
233921,6,4,2,2149,930,265,100,3079,365,2414,1030,3444
233921,6,4,5,882,804,129,75,1686,204,1011,879,1890
233921,7,999,1,2094,1490,1203,808,3584,2011,3297,2298,5595
233921,7,999,2,309,116,102,53,425,155,411,169,580
233921,7,999,5,1785,1374,1101,755,3159,1856,2886,2129,5015
233921,8,5,1,1321,965,400,266,2286,666,1721,1231,2952
233921,8,5,2,234,90,60,28,324,88,294,118,412
233921,8,5,5,1087,875,340,238,1962,578,1427,1113,2540
233921,9,6,1,507,284,277,167,791,444,784,451,1235
233921,9,6,2,58,11,24,11,69,35,82,22,104
233921,9,6,5,449,273,253,156,722,409,702,429,1131
233921,10,7,1,148,123,189,108,271,297,337,231,568
233921,10,7,2,15,11,8,6,26,14,23,17,40
233921,10,7,5,133,112,181,102,245,283,314,214,528
233921,11,8,1,88,83,238,162,171,400,326,245,571
233921,11,8,2,2,4,7,5,6,12,9,9,18
233921,11,8,5,86,79,231,157,165,388,317,236,553
233921,12,9,1,29,35,93,95,64,188,122,130,252
233921,12,9,2,0,0,3,1,0,4,3,1,4
233921,12,9,5,29,35,90,94,64,184,119,129,248
233921,13,10,1,1,0,6,10,1,16,7,10,17
233921,13,10,2,0,0,0,2,0,2,0,2,2
233921,13,10,5,1,0,6,8,1,14,7,8,15
233949,1,412,1,691,963,1630,2454,1654,4084,2321,3417,5738
233949,1,112,2,691,963,1630,2454,1654,4084,2321,3417,5738
233949,2,999,1,598,779,1295,1809,1377,3104,1893,2588,4481
233949,2,999,2,598,779,1295,1809,1377,3104,1893,2588,4481
233949,3,1,1,58,131,710,948,189,1658,768,1079,1847
233949,3,1,2,58,131,710,948,189,1658,768,1079,1847
233949,4,2,1,378,462,264,329,840,593,642,791,1433
233949,4,2,2,378,462,264,329,840,593,642,791,1433
233949,5,3,1,119,121,192,292,240,484,311,413,724
233949,5,3,2,119,121,192,292,240,484,311,413,724
233949,6,4,1,43,65,129,240,108,369,172,305,477
233949,6,4,2,43,65,129,240,108,369,172,305,477
233949,7,999,1,93,184,335,645,277,980,428,829,1257
233949,7,999,2,93,184,335,645,277,980,428,829,1257
233949,8,5,1,43,75,115,236,118,351,158,311,469
233949,8,5,2,43,75,115,236,118,351,158,311,469
233949,9,6,1,20,54,80,148,74,228,100,202,302
233949,9,6,2,20,54,80,148,74,228,100,202,302
233949,10,7,1,9,19,54,106,28,160,63,125,188
233949,10,7,2,9,19,54,106,28,160,63,125,188
233949,11,8,1,12,28,45,94,40,139,57,122,179
233949,11,8,2,12,28,45,94,40,139,57,122,179
233949,12,9,1,8,7,36,56,15,92,44,63,107
233949,12,9,2,8,7,36,56,15,92,44,63,107
233949,13,10,1,1,1,5,5,2,10,6,6,12
233949,13,10,2,1,1,5,5,2,10,6,6,12
234030,1,412,1,8785,14911,2088,3286,23696,5374,10873,18197,29070
234030,1,112,2,6957,11777,1387,1822,18734,3209,8344,13599,21943
234030,1,312,5,1828,3134,701,1464,4962,2165,2529,4598,7127
234030,2,999,1,7000,12599,1002,1339,19599,2341,8002,13938,21940
234030,2,999,2,6401,11222,915,1186,17623,2101,7316,12408,19724
234030,2,999,5,599,1377,87,153,1976,240,686,1530,2216
234030,3,1,1,42,96,106,131,138,237,148,227,375
234030,3,1,2,42,96,106,131,138,237,148,227,375
234030,4,2,1,2306,4689,131,146,6995,277,2437,4835,7272
234030,4,2,2,2306,4688,131,146,6994,277,2437,4834,7271
234030,4,2,5,0,1,0,0,1,0,0,1,1
234030,5,3,1,2705,4814,246,358,7519,604,2951,5172,8123
234030,5,3,2,2686,4754,244,356,7440,600,2930,5110,8040
234030,5,3,5,19,60,2,2,79,4,21,62,83
234030,6,4,1,1947,3000,519,704,4947,1223,2466,3704,6170
234030,6,4,2,1367,1684,434,553,3051,987,1801,2237,4038
234030,6,4,5,580,1316,85,151,1896,236,665,1467,2132
234030,7,999,1,1785,2312,1086,1947,4097,3033,2871,4259,7130
234030,7,999,2,556,555,472,636,1111,1108,1028,1191,2219
234030,7,999,5,1229,1757,614,1311,2986,1925,1843,3068,4911
234030,8,5,1,1150,1491,469,729,2641,1198,1619,2220,3839
234030,8,5,2,396,363,254,322,759,576,650,685,1335
234030,8,5,5,754,1128,215,407,1882,622,969,1535,2504
234030,9,6,1,373,438,227,404,811,631,600,842,1442
234030,9,6,2,104,101,86,102,205,188,190,203,393
234030,9,6,5,269,337,141,302,606,443,410,639,1049
234030,10,7,1,147,168,175,254,315,429,322,422,744
234030,10,7,2,34,45,64,73,79,137,98,118,216
234030,10,7,5,113,123,111,181,236,292,224,304,528
234030,11,8,1,89,136,142,361,225,503,231,497,728
234030,11,8,2,17,27,39,85,44,124,56,112,168
234030,11,8,5,72,109,103,276,181,379,175,385,560
234030,12,9,1,23,76,58,186,99,244,81,262,343
234030,12,9,2,4,17,19,48,21,67,23,65,88
234030,12,9,5,19,59,39,138,78,177,58,197,255
234030,13,10,1,3,3,15,13,6,28,18,16,34
234030,13,10,2,1,2,10,6,3,16,11,8,19
234030,13,10,5,2,1,5,7,3,12,7,8,15
234076,1,412,1,10574,12277,1007,1770,22851,2777,11581,14047,25628
234076,1,112,2,7195,9124,417,574,16319,991,7612,9698,17310
234076,1,312,5,3379,3153,590,1196,6532,1786,3969,4349,8318
234076,2,999,1,8071,10337,326,360,18408,686,8397,10697,19094
234076,2,999,2,7082,9064,222,242,16146,464,7304,9306,16610
234076,2,999,5,989,1273,104,118,2262,222,1093,1391,2484
234076,3,1,1,27,56,29,36,83,65,56,92,148
234076,3,1,2,27,56,29,36,83,65,56,92,148
234076,4,2,1,3029,4082,14,11,7111,25,3043,4093,7136
234076,4,2,2,3027,4082,14,11,7109,25,3041,4093,7134
234076,4,2,5,2,0,0,0,2,0,2,0,2
234076,5,3,1,3421,4470,72,87,7891,159,3493,4557,8050
234076,5,3,2,3365,4406,72,86,7771,158,3437,4492,7929
234076,5,3,5,56,64,0,1,120,1,56,65,121
234076,6,4,1,1594,1729,211,226,3323,437,1805,1955,3760
234076,6,4,2,663,520,107,109,1183,216,770,629,1399
234076,6,4,5,931,1209,104,117,2140,221,1035,1326,2361
234076,7,999,1,2503,1940,681,1410,4443,2091,3184,3350,6534
234076,7,999,2,113,60,195,332,173,527,308,392,700
234076,7,999,5,2390,1880,486,1078,4270,1564,2876,2958,5834
234076,8,5,1,1629,1356,204,370,2985,574,1833,1726,3559
234076,8,5,2,75,44,41,79,119,120,116,123,239
234076,8,5,5,1554,1312,163,291,2866,454,1717,1603,3320
234076,9,6,1,594,390,141,263,984,404,735,653,1388
234076,9,6,2,24,9,53,60,33,113,77,69,146
234076,9,6,5,570,381,88,203,951,291,658,584,1242
234076,10,7,1,162,95,116,245,257,361,278,340,618
234076,10,7,2,7,3,28,58,10,86,35,61,96
234076,10,7,5,155,92,88,187,247,275,243,279,522
234076,11,8,1,104,76,141,326,180,467,245,402,647
234076,11,8,2,6,3,44,73,9,117,50,76,126
234076,11,8,5,98,73,97,253,171,350,195,326,521
234076,12,9,1,13,23,56,179,36,235,69,202,271
234076,12,9,2,1,1,15,42,2,57,16,43,59
234076,12,9,5,12,22,41,137,34,178,53,159,212
234076,13,10,1,1,0,23,27,1,50,24,27,51
234076,13,10,2,0,0,14,20,0,34,14,20,34
234076,13,10,5,1,0,9,7,1,16,10,7,17
234155,1,412,1,1448,2281,109,182,3729,291,1557,2463,4020
234155,1,112,2,1375,2132,75,77,3507,152,1450,2209,3659
234155,1,312,5,73,149,34,105,222,139,107,254,361
234155,2,999,1,1286,2042,43,39,3328,82,1329,2081,3410
234155,2,999,2,1256,1982,42,33,3238,75,1298,2015,3313
234155,2,999,5,30,60,1,6,90,7,31,66,97
234155,3,1,1,4,10,0,0,14,0,4,10,14
234155,3,1,2,4,10,0,0,14,0,4,10,14
234155,4,2,1,480,847,6,7,1327,13,486,854,1340
234155,4,2,2,480,847,6,7,1327,13,486,854,1340
234155,5,3,1,446,786,9,10,1232,19,455,796,1251
234155,5,3,2,446,780,9,10,1226,19,455,790,1245
234155,5,3,5,0,6,0,0,6,0,0,6,6
234155,6,4,1,356,399,28,22,755,50,384,421,805
234155,6,4,2,326,345,27,16,671,43,353,361,714
234155,6,4,5,30,54,1,6,84,7,31,60,91
234155,7,999,1,135,206,63,133,341,196,198,339,537
234155,7,999,2,96,122,32,41,218,73,128,163,291
234155,7,999,5,39,84,31,92,123,123,70,176,246
234155,8,5,1,80,122,18,39,202,57,98,161,259
234155,8,5,2,57,71,9,12,128,21,66,83,149
234155,8,5,5,23,51,9,27,74,36,32,78,110
234155,9,6,1,25,37,16,24,62,40,41,61,102
234155,9,6,2,17,24,8,7,41,15,25,31,56
234155,9,6,5,8,13,8,17,21,25,16,30,46
234155,10,7,1,10,18,9,16,28,25,19,34,53
234155,10,7,2,6,11,6,4,17,10,12,15,27
234155,10,7,5,4,7,3,12,11,15,7,19,26
234155,11,8,1,14,15,12,32,29,44,26,47,73
234155,11,8,2,11,10,6,10,21,16,17,20,37
234155,11,8,5,3,5,6,22,8,28,9,27,36
234155,12,9,1,6,14,8,20,20,28,14,34,48
234155,12,9,2,5,6,3,6,11,9,8,12,20
234155,12,9,5,1,8,5,14,9,19,6,22,28
234155,13,10,1,0,0,0,2,0,2,0,2,2
234155,13,10,2,0,0,0,2,0,2,0,2,2
234155,14,11,1,27,33,3,10,60,13,30,43,73
234155,14,11,2,23,28,1,3,51,4,24,31,55
234155,14,11,5,4,5,2,7,9,9,6,12,18
234164,1,412,1,669,691,60,96,1360,156,729,787,1516
234164,1,112,2,514,555,54,86,1069,140,568,641,1209
234164,1,312,5,155,136,6,10,291,16,161,146,307
234164,2,999,1,493,510,34,34,1003,68,527,544,1071
234164,2,999,2,488,507,34,34,995,68,522,541,1063
234164,2,999,5,5,3,0,0,8,0,5,3,8
234164,3,1,1,1,3,0,0,4,0,1,3,4
234164,3,1,2,1,3,0,0,4,0,1,3,4
234164,4,2,1,199,221,9,11,420,20,208,232,440
234164,4,2,2,199,221,9,11,420,20,208,232,440
234164,5,3,1,162,185,3,5,347,8,165,190,355
234164,5,3,2,162,185,3,5,347,8,165,190,355
234164,6,4,1,131,101,22,18,232,40,153,119,272
234164,6,4,2,126,98,22,18,224,40,148,116,264
234164,6,4,5,5,3,0,0,8,0,5,3,8
234164,7,999,1,176,180,23,48,356,71,199,228,427
234164,7,999,2,26,48,17,38,74,55,43,86,129
234164,7,999,5,150,132,6,10,282,16,156,142,298
234164,8,5,1,36,38,8,12,74,20,44,50,94
234164,8,5,2,22,29,8,12,51,20,30,41,71
234164,8,5,5,14,9,0,0,23,0,14,9,23
234164,9,6,1,16,17,4,6,33,10,20,23,43
234164,9,6,2,1,8,4,6,9,10,5,14,19
234164,9,6,5,15,9,0,0,24,0,15,9,24
234164,10,7,1,14,13,1,4,27,5,15,17,32
234164,10,7,2,0,2,1,3,2,4,1,5,6
234164,10,7,5,14,11,0,1,25,1,14,12,26
234164,11,8,1,48,27,4,12,75,16,52,39,91
234164,11,8,2,3,4,4,10,7,14,7,14,21
234164,11,8,5,45,23,0,2,68,2,45,25,70
234164,12,9,1,52,71,5,11,123,16,57,82,139
234164,12,9,2,0,5,0,6,5,6,0,11,11
234164,12,9,5,52,66,5,5,118,10,57,71,128
234164,13,10,1,10,14,1,3,24,4,11,17,28
234164,13,10,2,0,0,0,1,0,1,0,1,1
234164,13,10,5,10,14,1,2,24,3,11,16,27
234164,14,11,1,0,1,3,14,1,17,3,15,18
234164,14,11,2,0,0,3,14,0,17,3,14,17
234164,14,11,5,0,1,0,0,1,0,0,1,1
234173,1,412,1,493,706,54,94,1199,148,547,800,1347
234173,1,112,2,488,700,28,58,1188,86,516,758,1274
234173,1,312,5,5,6,26,36,11,62,31,42,73
234173,2,999,1,464,636,15,25,1100,40,479,661,1140
234173,2,999,2,460,634,12,19,1094,31,472,653,1125
234173,2,999,5,4,2,3,6,6,9,7,8,15
234173,3,1,1,8,19,2,8,27,10,10,27,37
234173,3,1,2,8,19,2,8,27,10,10,27,37
234173,4,2,1,227,312,2,0,539,2,229,312,541
234173,4,2,2,227,312,2,0,539,2,229,312,541
234173,5,3,1,190,245,1,5,435,6,191,250,441
234173,5,3,2,189,245,1,4,434,5,190,249,439
234173,5,3,5,1,0,0,1,1,1,1,1,2
234173,6,4,1,39,60,10,12,99,22,49,72,121
234173,6,4,2,36,58,7,7,94,14,43,65,108
234173,6,4,5,3,2,3,5,5,8,6,7,13
234173,7,999,1,28,70,39,69,98,108,67,139,206
234173,7,999,2,27,66,16,39,93,55,43,105,148
234173,7,999,5,1,4,23,30,5,53,24,34,58
234173,8,5,1,13,26,9,23,39,32,22,49,71
234173,8,5,2,13,26,4,10,39,14,17,36,53
234173,8,5,5,0,0,5,13,0,18,5,13,18
234173,9,6,1,6,14,8,11,20,19,14,25,39
234173,9,6,2,5,12,3,8,17,11,8,20,28
234173,9,6,5,1,2,5,3,3,8,6,5,11
234173,10,7,1,3,13,7,10,16,17,10,23,33
234173,10,7,2,3,12,1,5,15,6,4,17,21
234173,10,7,5,0,1,6,5,1,11,6,6,12
234173,11,8,1,3,12,12,16,15,28,15,28,43
234173,11,8,2,3,11,6,11,14,17,9,22,31
234173,11,8,5,0,1,6,5,1,11,6,6,12
234173,12,9,1,3,5,2,9,8,11,5,14,19
234173,12,9,2,3,5,1,5,8,6,4,10,14
234173,12,9,5,0,0,1,4,0,5,1,4,5
234173,13,10,1,0,0,1,0,0,1,1,0,1
234173,13,10,2,0,0,1,0,0,1,1,0,1
234173,14,11,1,1,0,0,0,1,0,1,0,1
234173,14,11,2,1,0,0,0,1,0,1,0,1
234207,1,412,1,1078,1104,1,0,2182,1,1079,1104,2183
234207,1,112,2,893,928,1,0,1821,1,894,928,1822
234207,1,312,5,185,176,0,0,361,0,185,176,361
234207,2,999,1,973,1040,0,0,2013,0,973,1040,2013
234207,2,999,2,893,928,0,0,1821,0,893,928,1821
234207,2,999,5,80,112,0,0,192,0,80,112,192
234207,3,1,1,9,10,0,0,19,0,9,10,19
234207,3,1,2,9,10,0,0,19,0,9,10,19
234207,4,2,1,402,437,0,0,839,0,402,437,839
234207,4,2,2,402,437,0,0,839,0,402,437,839
234207,5,3,1,416,467,0,0,883,0,416,467,883
234207,5,3,2,415,463,0,0,878,0,415,463,878
234207,5,3,5,1,4,0,0,5,0,1,4,5
234207,6,4,1,146,126,0,0,272,0,146,126,272
234207,6,4,2,67,18,0,0,85,0,67,18,85
234207,6,4,5,79,108,0,0,187,0,79,108,187
234207,7,999,1,105,64,1,0,169,1,106,64,170
234207,7,999,2,0,0,1,0,0,1,1,0,1
234207,7,999,5,105,64,0,0,169,0,105,64,169
234207,8,5,1,83,56,0,0,139,0,83,56,139
234207,8,5,5,83,56,0,0,139,0,83,56,139
234207,9,6,1,15,7,0,0,22,0,15,7,22
234207,9,6,5,15,7,0,0,22,0,15,7,22
234207,10,7,1,6,0,1,0,6,1,7,0,7
234207,10,7,2,0,0,1,0,0,1,1,0,1
234207,10,7,5,6,0,0,0,6,0,6,0,6
234207,11,8,1,0,1,0,0,1,0,0,1,1
234207,11,8,5,0,1,0,0,1,0,0,1,1
234207,12,9,1,1,0,0,0,1,0,1,0,1
234207,12,9,5,1,0,0,0,1,0,1,0,1
234377,1,412,1,294,508,499,943,802,1442,793,1451,2244
234377,1,112,2,294,508,499,943,802,1442,793,1451,2244
234377,2,999,1,240,400,374,662,640,1036,614,1062,1676
234377,2,999,2,240,400,374,662,640,1036,614,1062,1676
234377,3,1,1,50,119,271,347,169,618,321,466,787
234377,3,1,2,50,119,271,347,169,618,321,466,787
234377,4,2,1,146,191,52,130,337,182,198,321,519
234377,4,2,2,146,191,52,130,337,182,198,321,519
234377,5,3,1,31,57,23,90,88,113,54,147,201
234377,5,3,2,31,57,23,90,88,113,54,147,201
234377,6,4,1,13,33,28,95,46,123,41,128,169
234377,6,4,2,13,33,28,95,46,123,41,128,169
234377,7,999,1,54,108,125,281,162,406,179,389,568
234377,7,999,2,54,108,125,281,162,406,179,389,568
234377,8,5,1,23,33,21,90,56,111,44,123,167
234377,8,5,2,23,33,21,90,56,111,44,123,167
234377,9,6,1,15,30,27,52,45,79,42,82,124
234377,9,6,2,15,30,27,52,45,79,42,82,124
234377,10,7,1,12,12,12,41,24,53,24,53,77
234377,10,7,2,12,12,12,41,24,53,24,53,77
234377,11,8,1,4,21,32,67,25,99,36,88,124
234377,11,8,2,4,21,32,67,25,99,36,88,124
234377,12,9,1,0,12,30,29,12,59,30,41,71
234377,12,9,2,0,12,30,29,12,59,30,41,71
234377,13,10,1,0,0,3,2,0,5,3,2,5
234377,13,10,2,0,0,3,2,0,5,3,2,5
234669,1,412,1,3034,3713,2326,3213,6747,5539,5360,6926,12286
234669,1,112,2,3034,3713,2326,3213,6747,5539,5360,6926,12286
234669,2,999,1,2592,2915,1637,1837,5507,3474,4229,4752,8981
234669,2,999,2,2592,2915,1637,1837,5507,3474,4229,4752,8981
234669,3,1,1,1026,1367,353,511,2393,864,1379,1878,3257
234669,3,1,2,1026,1367,353,511,2393,864,1379,1878,3257
234669,4,2,1,813,801,492,479,1614,971,1305,1280,2585
234669,4,2,2,813,801,492,479,1614,971,1305,1280,2585
234669,5,3,1,429,397,431,428,826,859,860,825,1685
234669,5,3,2,429,397,431,428,826,859,860,825,1685
234669,6,4,1,324,350,361,419,674,780,685,769,1454
234669,6,4,2,324,350,361,419,674,780,685,769,1454
234669,7,999,1,442,798,689,1376,1240,2065,1131,2174,3305
234669,7,999,2,442,798,689,1376,1240,2065,1131,2174,3305
234669,8,5,1,227,339,310,434,566,744,537,773,1310
234669,8,5,2,227,339,310,434,566,744,537,773,1310
234669,9,6,1,106,171,160,297,277,457,266,468,734
234669,9,6,2,106,171,160,297,277,457,266,468,734
234669,10,7,1,42,109,79,248,151,327,121,357,478
234669,10,7,2,42,109,79,248,151,327,121,357,478
234669,11,8,1,40,120,68,263,160,331,108,383,491
234669,11,8,2,40,120,68,263,160,331,108,383,491
234669,12,9,1,26,58,63,129,84,192,89,187,276
234669,12,9,2,26,58,63,129,84,192,89,187,276
234669,13,10,1,1,1,9,5,2,14,10,6,16
234669,13,10,2,1,1,9,5,2,14,10,6,16
234696,1,412,1,620,507,220,501,1127,721,840,1008,1848
234696,1,112,2,620,507,220,501,1127,721,840,1008,1848
234696,2,999,1,346,207,105,224,553,329,451,431,882
234696,2,999,2,346,207,105,224,553,329,451,431,882
234696,3,1,1,42,21,11,16,63,27,53,37,90
234696,3,1,2,42,21,11,16,63,27,53,37,90
234696,4,2,1,117,55,39,68,172,107,156,123,279
234696,4,2,2,117,55,39,68,172,107,156,123,279
234696,5,3,1,90,55,28,62,145,90,118,117,235
234696,5,3,2,90,55,28,62,145,90,118,117,235
234696,6,4,1,97,76,27,78,173,105,124,154,278
234696,6,4,2,97,76,27,78,173,105,124,154,278
234696,7,999,1,274,300,115,275,574,390,389,575,964
234696,7,999,2,274,300,115,275,574,390,389,575,964
234696,8,5,1,117,113,43,97,230,140,160,210,370
234696,8,5,2,117,113,43,97,230,140,160,210,370
234696,9,6,1,64,77,34,71,141,105,98,148,246
234696,9,6,2,64,77,34,71,141,105,98,148,246
234696,10,7,1,35,42,18,43,77,61,53,85,138
234696,10,7,2,35,42,18,43,77,61,53,85,138
234696,11,8,1,35,47,14,47,82,61,49,94,143
234696,11,8,2,35,47,14,47,82,61,49,94,143
234696,12,9,1,23,21,5,16,44,21,28,37,65
234696,12,9,2,23,21,5,16,44,21,28,37,65
234696,13,10,1,0,0,1,1,0,2,1,1,2
234696,13,10,2,0,0,1,1,0,2,1,1,2
234696,14,11,1,0,0,0,2,0,2,0,2,2
234696,14,11,2,0,0,0,2,0,2,0,2,2
234711,1,412,1,583,776,222,311,1359,533,805,1087,1892
234711,1,112,2,583,776,222,311,1359,533,805,1087,1892
234711,2,999,1,497,644,109,169,1141,278,606,813,1419
234711,2,999,2,497,644,109,169,1141,278,606,813,1419
234711,3,1,1,156,301,12,25,457,37,168,326,494
234711,3,1,2,156,301,12,25,457,37,168,326,494
234711,4,2,1,228,218,45,51,446,96,273,269,542
234711,4,2,2,228,218,45,51,446,96,273,269,542
234711,5,3,1,80,68,29,42,148,71,109,110,219
234711,5,3,2,80,68,29,42,148,71,109,110,219
234711,6,4,1,33,57,23,51,90,74,56,108,164
234711,6,4,2,33,57,23,51,90,74,56,108,164
234711,7,999,1,86,132,113,142,218,255,199,274,473
234711,7,999,2,86,132,113,142,218,255,199,274,473
234711,8,5,1,33,50,38,56,83,94,71,106,177
234711,8,5,2,33,50,38,56,83,94,71,106,177
234711,9,6,1,21,33,23,33,54,56,44,66,110
234711,9,6,2,21,33,23,33,54,56,44,66,110
234711,10,7,1,15,27,16,24,42,40,31,51,82
234711,10,7,2,15,27,16,24,42,40,31,51,82
234711,11,8,1,10,14,24,16,24,40,34,30,64
234711,11,8,2,10,14,24,16,24,40,34,30,64
234711,12,9,1,7,8,11,12,15,23,18,20,38
234711,12,9,2,7,8,11,12,15,23,18,20,38
234711,13,10,1,0,0,1,1,0,2,1,1,2
234711,13,10,2,0,0,1,1,0,2,1,1,2
234827,1,412,1,4346,5114,792,922,9460,1714,5138,6036,11174
234827,1,112,2,4253,4982,620,663,9235,1283,4873,5645,10518
234827,1,312,5,93,132,172,259,225,431,265,391,656
234827,2,999,1,3641,4246,376,396,7887,772,4017,4642,8659
234827,2,999,2,3615,4191,345,334,7806,679,3960,4525,8485
234827,2,999,5,26,55,31,62,81,93,57,117,174
234827,3,1,1,2,6,0,0,8,0,2,6,8
234827,3,1,2,2,6,0,0,8,0,2,6,8
234827,4,2,1,1136,1463,51,41,2599,92,1187,1504,2691
234827,4,2,2,1136,1463,51,41,2599,92,1187,1504,2691
234827,5,3,1,1458,1707,116,132,3165,248,1574,1839,3413
234827,5,3,2,1456,1698,114,127,3154,241,1570,1825,3395
234827,5,3,5,2,9,2,5,11,7,4,14,18
234827,6,4,1,1045,1070,209,223,2115,432,1254,1293,2547
234827,6,4,2,1021,1024,180,166,2045,346,1201,1190,2391
234827,6,4,5,24,46,29,57,70,86,53,103,156
234827,7,999,1,705,867,416,526,1572,942,1121,1393,2514
234827,7,999,2,638,790,275,329,1428,604,913,1119,2032
234827,7,999,5,67,77,141,197,144,338,208,274,482
234827,8,5,1,391,396,149,195,787,344,540,591,1131
234827,8,5,2,361,364,100,107,725,207,461,471,932
234827,8,5,5,30,32,49,88,62,137,79,120,199
234827,9,6,1,141,197,113,98,338,211,254,295,549
234827,9,6,2,127,182,81,68,309,149,208,250,458
234827,9,6,5,14,15,32,30,29,62,46,45,91
234827,10,7,1,75,102,58,82,177,140,133,184,317
234827,10,7,2,63,94,31,51,157,82,94,145,239
234827,10,7,5,12,8,27,31,20,58,39,39,78
234827,11,8,1,69,127,66,97,196,163,135,224,359
234827,11,8,2,63,111,45,65,174,110,108,176,284
234827,11,8,5,6,16,21,32,22,53,27,48,75
234827,12,9,1,29,44,27,50,73,77,56,94,150
234827,12,9,2,24,38,16,35,62,51,40,73,113
234827,12,9,5,5,6,11,15,11,26,16,21,37
234827,13,10,1,0,1,3,4,1,7,3,5,8
234827,13,10,2,0,1,2,3,1,5,2,4,6
234827,13,10,5,0,0,1,1,0,2,1,1,2
234827,14,11,1,0,1,0,0,1,0,0,1,1
234827,14,11,2,0,1,0,0,1,0,0,1,1
234845,1,412,1,586,864,298,566,1450,864,884,1430,2314
234845,1,112,2,586,864,298,566,1450,864,884,1430,2314
234845,2,999,1,442,645,153,206,1087,359,595,851,1446
234845,2,999,2,442,645,153,206,1087,359,595,851,1446
234845,3,1,1,132,232,35,50,364,85,167,282,449
234845,3,1,2,132,232,35,50,364,85,167,282,449
234845,4,2,1,197,261,41,59,458,100,238,320,558
234845,4,2,2,197,261,41,59,458,100,238,320,558
234845,5,3,1,75,82,49,46,157,95,124,128,252
234845,5,3,2,75,82,49,46,157,95,124,128,252
234845,6,4,1,38,70,28,51,108,79,66,121,187
234845,6,4,2,38,70,28,51,108,79,66,121,187
234845,7,999,1,144,219,144,359,363,503,288,578,866
234845,7,999,2,144,219,144,359,363,503,288,578,866
234845,8,5,1,38,53,30,100,91,130,68,153,221
234845,8,5,2,38,53,30,100,91,130,68,153,221
234845,9,6,1,29,57,32,70,86,102,61,127,188
234845,9,6,2,29,57,32,70,86,102,61,127,188
234845,10,7,1,30,42,30,58,72,88,60,100,160
234845,10,7,2,30,42,30,58,72,88,60,100,160
234845,11,8,1,36,46,23,43,82,66,59,89,148
234845,11,8,2,36,46,23,43,82,66,59,89,148
234845,12,9,1,11,20,11,47,31,58,22,67,89
234845,12,9,2,11,20,11,47,31,58,22,67,89
234845,13,10,1,0,1,18,41,1,59,18,42,60
234845,13,10,2,0,1,18,41,1,59,18,42,60
234845,14,11,1,0,0,1,1,0,2,1,1,2
234845,14,11,2,0,0,1,1,0,2,1,1,2
234915,1,412,1,124,144,732,1052,268,1784,856,1196,2052
234915,1,112,2,70,47,384,490,117,874,454,537,991
234915,1,312,5,54,97,348,562,151,910,402,659,1061
234915,2,999,1,17,25,153,235,42,388,170,260,430
234915,2,999,2,12,10,134,207,22,341,146,217,363
234915,2,999,5,5,15,19,28,20,47,24,43,67
234915,3,1,1,0,0,0,1,0,1,0,1,1
234915,3,1,2,0,0,0,1,0,1,0,1,1
234915,4,2,1,0,1,11,10,1,21,11,11,22
234915,4,2,2,0,1,11,10,1,21,11,11,22
234915,5,3,1,3,2,75,121,5,196,78,123,201
234915,5,3,2,3,1,75,120,4,195,78,121,199
234915,5,3,5,0,1,0,1,1,1,0,2,2
234915,6,4,1,14,22,67,103,36,170,81,125,206
234915,6,4,2,9,8,48,76,17,124,57,84,141
234915,6,4,5,5,14,19,27,19,46,24,41,65
234915,7,999,1,107,119,578,815,226,1393,685,934,1619
234915,7,999,2,58,37,249,282,95,531,307,319,626
234915,7,999,5,49,82,329,533,131,862,378,615,993
234915,8,5,1,43,40,125,178,83,303,168,218,386
234915,8,5,2,23,12,49,55,35,104,72,67,139
234915,8,5,5,20,28,76,123,48,199,96,151,247
234915,9,6,1,28,22,131,163,50,294,159,185,344
234915,9,6,2,19,11,61,47,30,108,80,58,138
234915,9,6,5,9,11,70,116,20,186,79,127,206
234915,10,7,1,17,17,97,129,34,226,114,146,260
234915,10,7,2,9,4,43,45,13,88,52,49,101
234915,10,7,5,8,13,54,84,21,138,62,97,159
234915,11,8,1,11,27,148,208,38,356,159,235,394
234915,11,8,2,5,7,67,80,12,147,72,87,159
234915,11,8,5,6,20,81,128,26,209,87,148,235
234915,12,9,1,8,13,71,128,21,199,79,141,220
234915,12,9,2,2,3,28,52,5,80,30,55,85
234915,12,9,5,6,10,43,76,16,119,49,86,135
234915,13,10,1,0,0,6,9,0,15,6,9,15
234915,13,10,2,0,0,1,3,0,4,1,3,4
234915,13,10,5,0,0,5,6,0,11,5,6,11
234915,14,11,1,0,0,1,2,0,3,1,2,3
234915,14,11,2,0,0,1,1,0,2,1,1,2
234915,14,11,5,0,0,0,1,0,1,0,1,1
234924,1,412,1,36,262,0,0,298,0,36,262,298
234924,1,112,2,36,262,0,0,298,0,36,262,298
234924,2,999,1,24,173,0,0,197,0,24,173,197
234924,2,999,2,24,173,0,0,197,0,24,173,197
234924,3,1,1,1,0,0,0,1,0,1,0,1
234924,3,1,2,1,0,0,0,1,0,1,0,1
234924,4,2,1,7,68,0,0,75,0,7,68,75
234924,4,2,2,7,68,0,0,75,0,7,68,75
234924,5,3,1,13,59,0,0,72,0,13,59,72
234924,5,3,2,13,59,0,0,72,0,13,59,72
234924,6,4,1,3,46,0,0,49,0,3,46,49
234924,6,4,2,3,46,0,0,49,0,3,46,49
234924,7,999,1,12,89,0,0,101,0,12,89,101
234924,7,999,2,12,89,0,0,101,0,12,89,101
234924,8,5,1,5,61,0,0,66,0,5,61,66
234924,8,5,2,5,61,0,0,66,0,5,61,66
234924,9,6,1,4,18,0,0,22,0,4,18,22
234924,9,6,2,4,18,0,0,22,0,4,18,22
234924,10,7,1,2,5,0,0,7,0,2,5,7
234924,10,7,2,2,5,0,0,7,0,2,5,7
234924,11,8,1,1,5,0,0,6,0,1,5,6
234924,11,8,2,1,5,0,0,6,0,1,5,6
234951,1,412,1,955,1007,246,1383,1962,1629,1201,2390,3591
234951,1,112,2,955,1007,246,1383,1962,1629,1201,2390,3591
234951,2,999,1,456,460,130,420,916,550,586,880,1466
234951,2,999,2,456,460,130,420,916,550,586,880,1466
234951,3,1,1,78,68,30,43,146,73,108,111,219
234951,3,1,2,78,68,30,43,146,73,108,111,219
234951,4,2,1,154,140,46,87,294,133,200,227,427
234951,4,2,2,154,140,46,87,294,133,200,227,427
234951,5,3,1,98,114,34,118,212,152,132,232,364
234951,5,3,2,98,114,34,118,212,152,132,232,364
234951,6,4,1,126,138,20,172,264,192,146,310,456
234951,6,4,2,126,138,20,172,264,192,146,310,456
234951,7,999,1,499,547,116,963,1046,1079,615,1510,2125
234951,7,999,2,499,547,116,963,1046,1079,615,1510,2125
234951,8,5,1,154,188,33,243,342,276,187,431,618
234951,8,5,2,154,188,33,243,342,276,187,431,618
234951,9,6,1,100,145,27,172,245,199,127,317,444
234951,9,6,2,100,145,27,172,245,199,127,317,444
234951,10,7,1,73,69,23,138,142,161,96,207,303
234951,10,7,2,73,69,23,138,142,161,96,207,303
234951,11,8,1,108,100,18,179,208,197,126,279,405
234951,11,8,2,108,100,18,179,208,197,126,279,405
234951,12,9,1,59,43,10,209,102,219,69,252,321
234951,12,9,2,59,43,10,209,102,219,69,252,321
234951,13,10,1,5,2,5,22,7,27,10,24,34
234951,13,10,2,5,2,5,22,7,27,10,24,34
234979,1,412,1,1466,2304,1471,1504,3770,2975,2937,3808,6745
234979,1,112,2,1466,2304,1471,1504,3770,2975,2937,3808,6745
234979,2,999,1,1209,1805,655,870,3014,1525,1864,2675,4539
234979,2,999,2,1209,1805,655,870,3014,1525,1864,2675,4539
234979,3,1,1,380,690,100,183,1070,283,480,873,1353
234979,3,1,2,380,690,100,183,1070,283,480,873,1353
234979,4,2,1,493,627,157,252,1120,409,650,879,1529
234979,4,2,2,493,627,157,252,1120,409,650,879,1529
234979,5,3,1,207,286,187,227,493,414,394,513,907
234979,5,3,2,207,286,187,227,493,414,394,513,907
234979,6,4,1,129,202,211,208,331,419,340,410,750
234979,6,4,2,129,202,211,208,331,419,340,410,750
234979,7,999,1,256,498,816,634,754,1450,1072,1132,2204
234979,7,999,2,256,498,816,634,754,1450,1072,1132,2204
234979,8,5,1,127,199,321,245,326,566,448,444,892
234979,8,5,2,127,199,321,245,326,566,448,444,892
234979,9,6,1,59,125,201,148,184,349,260,273,533
234979,9,6,2,59,125,201,148,184,349,260,273,533
234979,10,7,1,33,86,133,81,119,214,166,167,333
234979,10,7,2,33,86,133,81,119,214,166,167,333
234979,11,8,1,27,67,117,105,94,222,144,172,316
234979,11,8,2,27,67,117,105,94,222,144,172,316
234979,12,9,1,10,21,43,49,31,92,53,70,123
234979,12,9,2,10,21,43,49,31,92,53,70,123
234979,13,10,1,0,0,1,6,0,7,1,6,7
234979,13,10,2,0,0,1,6,0,7,1,6,7
234979,14,11,1,1,1,0,0,2,0,1,1,2
234979,14,11,2,1,1,0,0,2,0,1,1,2
235097,1,412,1,4050,5758,1026,1515,9808,2541,5076,7273,12349
235097,1,112,2,3753,4932,717,890,8685,1607,4470,5822,10292
235097,1,312,5,297,826,309,625,1123,934,606,1451,2057
235097,2,999,1,3161,4645,526,695,7806,1221,3687,5340,9027
235097,2,999,2,3079,4317,501,640,7396,1141,3580,4957,8537
235097,2,999,5,82,328,25,55,410,80,107,383,490
235097,3,1,1,221,358,179,323,579,502,400,681,1081
235097,3,1,2,221,358,178,323,579,501,399,681,1080
235097,3,1,5,0,0,1,0,0,1,1,0,1
235097,4,2,1,988,1660,69,79,2648,148,1057,1739,2796
235097,4,2,2,988,1660,69,79,2648,148,1057,1739,2796
235097,5,3,1,1038,1491,89,96,2529,185,1127,1587,2714
235097,5,3,2,1030,1450,86,93,2480,179,1116,1543,2659
235097,5,3,5,8,41,3,3,49,6,11,44,55
235097,6,4,1,914,1136,189,197,2050,386,1103,1333,2436
235097,6,4,2,840,849,168,145,1689,313,1008,994,2002
235097,6,4,5,74,287,21,52,361,73,95,339,434
235097,7,999,1,888,1113,500,820,2001,1320,1388,1933,3321
235097,7,999,2,674,615,216,250,1289,466,890,865,1755
235097,7,999,5,214,498,284,570,712,854,498,1068,1566
235097,8,5,1,497,543,184,262,1040,446,681,805,1486
235097,8,5,2,397,326,112,110,723,222,509,436,945
235097,8,5,5,100,217,72,152,317,224,172,369,541
235097,9,6,1,205,212,113,140,417,253,318,352,670
235097,9,6,2,160,119,45,46,279,91,205,165,370
235097,9,6,5,45,93,68,94,138,162,113,187,300
235097,10,7,1,79,140,70,129,219,199,149,269,418
235097,10,7,2,50,62,18,29,112,47,68,91,159
235097,10,7,5,29,78,52,100,107,152,81,178,259
235097,11,8,1,84,165,107,189,249,296,191,354,545
235097,11,8,2,53,84,32,39,137,71,85,123,208
235097,11,8,5,31,81,75,150,112,225,106,231,337
235097,12,9,1,21,51,26,96,72,122,47,147,194
235097,12,9,2,12,23,9,24,35,33,21,47,68
235097,12,9,5,9,28,17,72,37,89,26,100,126
235097,13,10,1,2,2,0,4,4,4,2,6,8
235097,13,10,2,2,1,0,2,3,2,2,3,5
235097,13,10,5,0,1,0,2,1,2,0,3,3
235097,14,11,1,1,0,0,0,1,0,1,0,1
235097,14,11,5,1,0,0,0,1,0,1,0,1
235103,1,412,1,1398,1637,1434,2076,3035,3510,2832,3713,6545
235103,1,112,2,1398,1637,1434,2076,3035,3510,2832,3713,6545
235103,2,999,1,1037,1161,867,902,2198,1769,1904,2063,3967
235103,2,999,2,1037,1161,867,902,2198,1769,1904,2063,3967
235103,3,1,1,306,402,295,388,708,683,601,790,1391
235103,3,1,2,306,402,295,388,708,683,601,790,1391
235103,4,2,1,409,432,225,209,841,434,634,641,1275
235103,4,2,2,409,432,225,209,841,434,634,641,1275
235103,5,3,1,197,197,201,153,394,354,398,350,748
235103,5,3,2,197,197,201,153,394,354,398,350,748
235103,6,4,1,125,130,146,152,255,298,271,282,553
235103,6,4,2,125,130,146,152,255,298,271,282,553
235103,7,999,1,347,475,554,1171,822,1725,901,1646,2547
235103,7,999,2,347,475,554,1171,822,1725,901,1646,2547
235103,8,5,1,135,137,150,218,272,368,285,355,640
235103,8,5,2,135,137,150,218,272,368,285,355,640
235103,9,6,1,77,94,135,265,171,400,212,359,571
235103,9,6,2,77,94,135,265,171,400,212,359,571
235103,10,7,1,39,84,99,259,123,358,138,343,481
235103,10,7,2,39,84,99,259,123,358,138,343,481
235103,11,8,1,56,99,101,267,155,368,157,366,523
235103,11,8,2,56,99,101,267,155,368,157,366,523
235103,12,9,1,38,56,57,147,94,204,95,203,298
235103,12,9,2,38,56,57,147,94,204,95,203,298
235103,13,10,1,2,5,12,15,7,27,14,20,34
235103,13,10,2,2,5,12,15,7,27,14,20,34
235103,14,11,1,14,1,13,3,15,16,27,4,31
235103,14,11,2,14,1,13,3,15,16,27,4,31
235149,1,412,1,1724,2362,1417,2077,4086,3494,3141,4439,7580
235149,1,112,2,1724,2362,1417,2077,4086,3494,3141,4439,7580
235149,2,999,1,1350,1776,897,1203,3126,2100,2247,2979,5226
235149,2,999,2,1350,1776,897,1203,3126,2100,2247,2979,5226
235149,3,1,1,426,693,154,289,1119,443,580,982,1562
235149,3,1,2,426,693,154,289,1119,443,580,982,1562
235149,4,2,1,541,640,289,363,1181,652,830,1003,1833
235149,4,2,2,541,640,289,363,1181,652,830,1003,1833
235149,5,3,1,207,274,240,311,481,551,447,585,1032
235149,5,3,2,207,274,240,311,481,551,447,585,1032
235149,6,4,1,176,169,214,240,345,454,390,409,799
235149,6,4,2,176,169,214,240,345,454,390,409,799
235149,7,999,1,374,582,519,873,956,1392,893,1455,2348
235149,7,999,2,374,582,519,873,956,1392,893,1455,2348
235149,8,5,1,147,199,206,277,346,483,353,476,829
235149,8,5,2,147,199,206,277,346,483,353,476,829
235149,9,6,1,95,143,116,214,238,330,211,357,568
235149,9,6,2,95,143,116,214,238,330,211,357,568
235149,10,7,1,46,97,72,144,143,216,118,241,359
235149,10,7,2,46,97,72,144,143,216,118,241,359
235149,11,8,1,53,100,76,146,153,222,129,246,375
235149,11,8,2,53,100,76,146,153,222,129,246,375
235149,12,9,1,29,40,47,84,69,131,76,124,200
235149,12,9,2,29,40,47,84,69,131,76,124,200
235149,13,10,1,4,3,2,8,7,10,6,11,17
235149,13,10,2,4,3,2,8,7,10,6,11,17
235149,14,11,1,0,4,1,1,4,2,1,5,6
235149,14,11,2,0,4,1,1,4,2,1,5,6
235167,1,412,1,757,1224,113,187,1981,300,870,1411,2281
235167,1,112,2,725,1143,81,131,1868,212,806,1274,2080
235167,1,312,5,32,81,32,56,113,88,64,137,201
235167,2,999,1,413,707,39,58,1120,97,452,765,1217
235167,2,999,2,411,701,36,54,1112,90,447,755,1202
235167,2,999,5,2,6,3,4,8,7,5,10,15
235167,3,1,1,2,6,0,0,8,0,2,6,8
235167,3,1,2,2,6,0,0,8,0,2,6,8
235167,4,2,1,101,210,5,8,311,13,106,218,324
235167,4,2,2,101,210,5,8,311,13,106,218,324
235167,5,3,1,157,263,13,18,420,31,170,281,451
235167,5,3,2,155,262,13,18,417,31,168,280,448
235167,5,3,5,2,1,0,0,3,0,2,1,3
235167,6,4,1,153,228,21,32,381,53,174,260,434
235167,6,4,2,153,223,18,28,376,46,171,251,422
235167,6,4,5,0,5,3,4,5,7,3,9,12
235167,7,999,1,344,517,74,129,861,203,418,646,1064
235167,7,999,2,314,442,45,77,756,122,359,519,878
235167,7,999,5,30,75,29,52,105,81,59,127,186
235167,8,5,1,137,207,15,26,344,41,152,233,385
235167,8,5,2,126,180,8,14,306,22,134,194,328
235167,8,5,5,11,27,7,12,38,19,18,39,57
235167,9,6,1,85,125,23,29,210,52,108,154,262
235167,9,6,2,76,107,13,15,183,28,89,122,211
235167,9,6,5,9,18,10,14,27,24,19,32,51
235167,10,7,1,57,66,14,15,123,29,71,81,152
235167,10,7,2,54,48,7,11,102,18,61,59,120
235167,10,7,5,3,18,7,4,21,11,10,22,32
235167,11,8,1,46,78,11,28,124,39,57,106,163
235167,11,8,2,40,66,8,16,106,24,48,82,130
235167,11,8,5,6,12,3,12,18,15,9,24,33
235167,12,9,1,19,37,6,23,56,29,25,60,85
235167,12,9,2,18,37,5,14,55,19,23,51,74
235167,12,9,5,1,0,1,9,1,10,2,9,11
235167,13,10,1,0,4,5,8,4,13,5,12,17
235167,13,10,2,0,4,4,7,4,11,4,11,15
235167,13,10,5,0,0,1,1,0,2,1,1,2
235237,1,412,1,1783,3348,1191,2007,5131,3198,2974,5355,8329
235237,1,112,2,1783,3348,1191,2007,5131,3198,2974,5355,8329
235237,2,999,1,1396,2567,601,971,3963,1572,1997,3538,5535
235237,2,999,2,1396,2567,601,971,3963,1572,1997,3538,5535
235237,3,1,1,566,1067,68,127,1633,195,634,1194,1828
235237,3,1,2,566,1067,68,127,1633,195,634,1194,1828
235237,4,2,1,474,804,179,236,1278,415,653,1040,1693
235237,4,2,2,474,804,179,236,1278,415,653,1040,1693
235237,5,3,1,213,376,178,315,589,493,391,691,1082
235237,5,3,2,213,376,178,315,589,493,391,691,1082
235237,6,4,1,143,320,176,293,463,469,319,613,932
235237,6,4,2,143,320,176,293,463,469,319,613,932
235237,7,999,1,387,781,588,1033,1168,1621,975,1814,2789
235237,7,999,2,387,781,588,1033,1168,1621,975,1814,2789
235237,8,5,1,162,306,208,348,468,556,370,654,1024
235237,8,5,2,162,306,208,348,468,556,370,654,1024
235237,9,6,1,80,174,131,217,254,348,211,391,602
235237,9,6,2,80,174,131,217,254,348,211,391,602
235237,10,7,1,47,133,89,177,180,266,136,310,446
235237,10,7,2,47,133,89,177,180,266,136,310,446
235237,11,8,1,72,120,79,186,192,265,151,306,457
235237,11,8,2,72,120,79,186,192,265,151,306,457
235237,12,9,1,24,46,76,94,70,170,100,140,240
235237,12,9,2,24,46,76,94,70,170,100,140,240
235237,13,10,1,2,2,5,11,4,16,7,13,20
235237,13,10,2,2,2,5,11,4,16,7,13,20
235237,14,11,1,0,0,2,3,0,5,2,3,5
235237,14,11,2,0,0,2,3,0,5,2,3,5
235316,1,412,1,2529,2902,581,1283,5431,1864,3110,4185,7295
235316,1,112,2,2225,2519,49,59,4744,108,2274,2578,4852
235316,1,312,5,304,383,532,1224,687,1756,836,1607,2443
235316,2,999,1,2318,2694,98,127,5012,225,2416,2821,5237
235316,2,999,2,2185,2501,43,45,4686,88,2228,2546,4774
235316,2,999,5,133,193,55,82,326,137,188,275,463
235316,3,1,1,11,18,2,3,29,5,13,21,34
235316,3,1,2,11,18,2,2,29,4,13,20,33
235316,3,1,5,0,0,0,1,0,1,0,1,1
235316,4,2,1,929,1167,4,5,2096,9,933,1172,2105
235316,4,2,2,929,1167,4,5,2096,9,933,1172,2105
235316,5,3,1,1070,1197,15,29,2267,44,1085,1226,2311
235316,5,3,2,1061,1181,12,27,2242,39,1073,1208,2281
235316,5,3,5,9,16,3,2,25,5,12,18,30
235316,6,4,1,308,312,77,90,620,167,385,402,787
235316,6,4,2,184,135,25,11,319,36,209,146,355
235316,6,4,5,124,177,52,79,301,131,176,256,432
235316,7,999,1,206,206,483,1156,412,1639,689,1362,2051
235316,7,999,2,35,17,6,14,52,20,41,31,72
235316,7,999,5,171,189,477,1142,360,1619,648,1331,1979
235316,8,5,1,124,125,101,222,249,323,225,347,572
235316,8,5,2,26,8,3,6,34,9,29,14,43
235316,8,5,5,98,117,98,216,215,314,196,333,529
235316,9,6,1,47,39,107,231,86,338,154,270,424
235316,9,6,2,3,4,0,0,7,0,3,4,7
235316,9,6,5,44,35,107,231,79,338,151,266,417
235316,10,7,1,17,12,95,206,29,301,112,218,330
235316,10,7,2,2,1,1,3,3,4,3,4,7
235316,10,7,5,15,11,94,203,26,297,109,214,323
235316,11,8,1,11,25,122,351,36,473,133,376,509
235316,11,8,2,3,4,1,1,7,2,4,5,9
235316,11,8,5,8,21,121,350,29,471,129,371,500
235316,12,9,1,7,5,52,138,12,190,59,143,202
235316,12,9,2,1,0,1,3,1,4,2,3,5
235316,12,9,5,6,5,51,135,11,186,57,140,197
235316,13,10,1,0,0,6,8,0,14,6,8,14
235316,13,10,2,0,0,0,1,0,1,0,1,1
235316,13,10,5,0,0,6,7,0,13,6,7,13
235316,14,11,1,5,2,0,0,7,0,5,2,7
235316,14,11,2,5,1,0,0,6,0,5,1,6
235316,14,11,5,0,1,0,0,1,0,0,1,1
235334,1,412,1,433,595,275,250,1028,525,708,845,1553
235334,1,112,2,433,595,275,250,1028,525,708,845,1553
235334,2,999,1,321,394,121,148,715,269,442,542,984
235334,2,999,2,321,394,121,148,715,269,442,542,984
235334,3,1,1,110,136,40,75,246,115,150,211,361
235334,3,1,2,110,136,40,75,246,115,150,211,361
235334,4,2,1,131,146,26,31,277,57,157,177,334
235334,4,2,2,131,146,26,31,277,57,157,177,334
235334,5,3,1,54,74,29,22,128,51,83,96,179
235334,5,3,2,54,74,29,22,128,51,83,96,179
235334,6,4,1,26,38,26,20,64,46,52,58,110
235334,6,4,2,26,38,26,20,64,46,52,58,110
235334,7,999,1,112,201,153,102,313,255,265,303,568
235334,7,999,2,112,201,153,102,313,255,265,303,568
235334,8,5,1,23,66,34,26,89,60,57,92,149
235334,8,5,2,23,66,34,26,89,60,57,92,149
235334,9,6,1,34,40,36,24,74,60,70,64,134
235334,9,6,2,34,40,36,24,74,60,70,64,134
235334,10,7,1,22,39,33,26,61,59,55,65,120
235334,10,7,2,22,39,33,26,61,59,55,65,120
235334,11,8,1,20,38,33,16,58,49,53,54,107
235334,11,8,2,20,38,33,16,58,49,53,54,107
235334,12,9,1,13,18,16,10,31,26,29,28,57
235334,12,9,2,13,18,16,10,31,26,29,28,57
235334,13,10,1,0,0,1,0,0,1,1,0,1
235334,13,10,2,0,0,1,0,0,1,1,0,1
235334,14,11,1,0,0,1,0,0,1,1,0,1
235334,14,11,2,0,0,1,0,0,1,1,0,1
235343,1,412,1,2341,2419,1235,1498,4760,2733,3576,3917,7493
235343,1,112,2,2341,2419,1235,1498,4760,2733,3576,3917,7493
235343,2,999,1,1899,1978,865,940,3877,1805,2764,2918,5682
235343,2,999,2,1899,1978,865,940,3877,1805,2764,2918,5682
235343,3,1,1,776,1058,159,253,1834,412,935,1311,2246
235343,3,1,2,776,1058,159,253,1834,412,935,1311,2246
235343,4,2,1,587,525,297,311,1112,608,884,836,1720
235343,4,2,2,587,525,297,311,1112,608,884,836,1720
235343,5,3,1,321,228,241,214,549,455,562,442,1004
235343,5,3,2,321,228,241,214,549,455,562,442,1004
235343,6,4,1,215,167,168,162,382,330,383,329,712
235343,6,4,2,215,167,168,162,382,330,383,329,712
235343,7,999,1,442,441,370,558,883,928,812,999,1811
235343,7,999,2,442,441,370,558,883,928,812,999,1811
235343,8,5,1,182,151,135,176,333,311,317,327,644
235343,8,5,2,182,151,135,176,333,311,317,327,644
235343,9,6,1,114,104,92,111,218,203,206,215,421
235343,9,6,2,114,104,92,111,218,203,206,215,421
235343,10,7,1,70,81,49,79,151,128,119,160,279
235343,10,7,2,70,81,49,79,151,128,119,160,279
235343,11,8,1,45,75,45,118,120,163,90,193,283
235343,11,8,2,45,75,45,118,120,163,90,193,283
235343,12,9,1,30,30,48,73,60,121,78,103,181
235343,12,9,2,30,30,48,73,60,121,78,103,181
235343,13,10,1,1,0,1,1,1,2,2,1,3
235343,13,10,2,1,0,1,1,1,2,2,1,3
235422,1,412,1,214,611,45,129,825,174,259,740,999
235422,1,112,2,167,524,32,89,691,121,199,613,812
235422,1,312,5,47,87,13,40,134,53,60,127,187
235422,2,999,1,125,364,21,59,489,80,146,423,569
235422,2,999,2,122,348,21,55,470,76,143,403,546
235422,2,999,5,3,16,0,4,19,4,3,20,23
235422,3,1,1,1,0,0,5,1,5,1,5,6
235422,3,1,2,1,0,0,5,1,5,1,5,6
235422,4,2,1,33,112,8,29,145,37,41,141,182
235422,4,2,2,33,112,8,29,145,37,41,141,182
235422,5,3,1,54,136,8,10,190,18,62,146,208
235422,5,3,2,54,135,8,9,189,17,62,144,206
235422,5,3,5,0,1,0,1,1,1,0,2,2
235422,6,4,1,37,116,5,15,153,20,42,131,173
235422,6,4,2,34,101,5,12,135,17,39,113,152
235422,6,4,5,3,15,0,3,18,3,3,18,21
235422,7,999,1,89,247,24,70,336,94,113,317,430
235422,7,999,2,45,176,11,34,221,45,56,210,266
235422,7,999,5,44,71,13,36,115,49,57,107,164
235422,8,5,1,40,124,7,9,164,16,47,133,180
235422,8,5,2,18,84,4,6,102,10,22,90,112
235422,8,5,5,22,40,3,3,62,6,25,43,68
235422,9,6,1,21,58,2,26,79,28,23,84,107
235422,9,6,2,9,46,0,16,55,16,9,62,71
235422,9,6,5,12,12,2,10,24,12,14,22,36
235422,10,7,1,16,30,5,14,46,19,21,44,65
235422,10,7,2,10,22,2,6,32,8,12,28,40
235422,10,7,5,6,8,3,8,14,11,9,16,25
235422,11,8,1,10,24,8,16,34,24,18,40,58
235422,11,8,2,6,18,5,4,24,9,11,22,33
235422,11,8,5,4,6,3,12,10,15,7,18,25
235422,12,9,1,2,11,2,5,13,7,4,16,20
235422,12,9,2,2,6,0,2,8,2,2,8,10
235422,12,9,5,0,5,2,3,5,5,2,8,10
235431,1,412,1,1253,1887,976,1713,3140,2689,2229,3600,5829
235431,1,112,2,1253,1887,976,1713,3140,2689,2229,3600,5829
235431,2,999,1,985,1400,577,860,2385,1437,1562,2260,3822
235431,2,999,2,985,1400,577,860,2385,1437,1562,2260,3822
235431,3,1,1,466,654,93,166,1120,259,559,820,1379
235431,3,1,2,466,654,93,166,1120,259,559,820,1379
235431,4,2,1,251,390,161,240,641,401,412,630,1042
235431,4,2,2,251,390,161,240,641,401,412,630,1042
235431,5,3,1,150,186,186,210,336,396,336,396,732
235431,5,3,2,150,186,186,210,336,396,336,396,732
235431,6,4,1,118,170,137,244,288,381,255,414,669
235431,6,4,2,118,170,137,244,288,381,255,414,669
235431,7,999,1,267,487,396,853,754,1249,663,1340,2003
235431,7,999,2,267,487,396,853,754,1249,663,1340,2003
235431,8,5,1,120,182,138,260,302,398,258,442,700
235431,8,5,2,120,182,138,260,302,398,258,442,700
235431,9,6,1,52,115,106,196,167,302,158,311,469
235431,9,6,2,52,115,106,196,167,302,158,311,469
235431,10,7,1,42,66,59,128,108,187,101,194,295
235431,10,7,2,42,66,59,128,108,187,101,194,295
235431,11,8,1,30,78,58,166,108,224,88,244,332
235431,11,8,2,30,78,58,166,108,224,88,244,332
235431,12,9,1,22,45,30,98,67,128,52,143,195
235431,12,9,2,22,45,30,98,67,128,52,143,195
235431,13,10,1,1,1,5,5,2,10,6,6,12
235431,13,10,2,1,1,5,5,2,10,6,6,12
235431,14,11,1,1,0,3,0,1,3,4,0,4
235431,14,11,2,1,0,3,0,1,3,4,0,4
235671,1,412,1,949,633,968,819,1582,1787,1917,1452,3369
235671,1,112,2,949,633,968,819,1582,1787,1917,1452,3369
235671,2,999,1,628,237,211,68,865,279,839,305,1144
235671,2,999,2,628,237,211,68,865,279,839,305,1144
235671,3,1,1,125,30,26,3,155,29,151,33,184
235671,3,1,2,125,30,26,3,155,29,151,33,184
235671,4,2,1,331,67,40,12,398,52,371,79,450
235671,4,2,2,331,67,40,12,398,52,371,79,450
235671,5,3,1,112,52,46,22,164,68,158,74,232
235671,5,3,2,112,52,46,22,164,68,158,74,232
235671,6,4,1,60,88,99,31,148,130,159,119,278
235671,6,4,2,60,88,99,31,148,130,159,119,278
235671,7,999,1,317,394,682,652,711,1334,999,1046,2045
235671,7,999,2,317,394,682,652,711,1334,999,1046,2045
235671,8,5,1,106,99,235,75,205,310,341,174,515
235671,8,5,2,106,99,235,75,205,310,341,174,515
235671,9,6,1,66,81,180,183,147,363,246,264,510
235671,9,6,2,66,81,180,183,147,363,246,264,510
235671,10,7,1,51,53,124,197,104,321,175,250,425
235671,10,7,2,51,53,124,197,104,321,175,250,425
235671,11,8,1,61,79,115,142,140,257,176,221,397
235671,11,8,2,61,79,115,142,140,257,176,221,397
235671,12,9,1,31,70,24,49,101,73,55,119,174
235671,12,9,2,31,70,24,49,101,73,55,119,174
235671,13,10,1,2,12,4,6,14,10,6,18,24
235671,13,10,2,2,12,4,6,14,10,6,18,24
235671,14,11,1,4,2,75,99,6,174,79,101,180
235671,14,11,2,4,2,75,99,6,174,79,101,180
235699,1,412,1,799,920,538,1062,1719,1600,1337,1982,3319
235699,1,112,2,799,920,538,1062,1719,1600,1337,1982,3319
235699,2,999,1,515,396,253,265,911,518,768,661,1429
235699,2,999,2,515,396,253,265,911,518,768,661,1429
235699,3,1,1,105,96,43,53,201,96,148,149,297
235699,3,1,2,105,96,43,53,201,96,148,149,297
235699,4,2,1,183,114,77,62,297,139,260,176,436
235699,4,2,2,183,114,77,62,297,139,260,176,436
235699,5,3,1,120,78,69,54,198,123,189,132,321
235699,5,3,2,120,78,69,54,198,123,189,132,321
235699,6,4,1,107,108,64,96,215,160,171,204,375
235699,6,4,2,107,108,64,96,215,160,171,204,375
235699,7,999,1,284,521,265,774,805,1039,549,1295,1844
235699,7,999,2,284,521,265,774,805,1039,549,1295,1844
235699,8,5,1,123,176,76,147,299,223,199,323,522
235699,8,5,2,123,176,76,147,299,223,199,323,522
235699,9,6,1,58,116,67,193,174,260,125,309,434
235699,9,6,2,58,116,67,193,174,260,125,309,434
235699,10,7,1,50,79,60,204,129,264,110,283,393
235699,10,7,2,50,79,60,204,129,264,110,283,393
235699,11,8,1,32,103,48,155,135,203,80,258,338
235699,11,8,2,32,103,48,155,135,203,80,258,338
235699,12,9,1,19,45,14,50,64,64,33,95,128
235699,12,9,2,19,45,14,50,64,64,33,95,128
235699,13,10,1,2,2,0,25,4,25,2,27,29
235699,13,10,2,2,2,0,25,4,25,2,27,29
235699,14,11,1,0,3,20,23,3,43,20,26,46
235699,14,11,2,0,3,20,23,3,43,20,26,46
235750,1,412,1,437,892,241,755,1329,996,678,1647,2325
235750,1,112,2,437,892,241,755,1329,996,678,1647,2325
235750,2,999,1,325,603,143,290,928,433,468,893,1361
235750,2,999,2,325,603,143,290,928,433,468,893,1361
235750,3,1,1,128,216,28,47,344,75,156,263,419
235750,3,1,2,128,216,28,47,344,75,156,263,419
235750,4,2,1,128,220,49,93,348,142,177,313,490
235750,4,2,2,128,220,49,93,348,142,177,313,490
235750,5,3,1,49,88,40,80,137,120,89,168,257
235750,5,3,2,49,88,40,80,137,120,89,168,257
235750,6,4,1,20,79,26,70,99,96,46,149,195
235750,6,4,2,20,79,26,70,99,96,46,149,195
235750,7,999,1,112,289,98,465,401,563,210,754,964
235750,7,999,2,112,289,98,465,401,563,210,754,964
235750,8,5,1,30,82,27,128,112,155,57,210,267
235750,8,5,2,30,82,27,128,112,155,57,210,267
235750,9,6,1,19,76,25,114,95,139,44,190,234
235750,9,6,2,19,76,25,114,95,139,44,190,234
235750,10,7,1,22,51,13,69,73,82,35,120,155
235750,10,7,2,22,51,13,69,73,82,35,120,155
235750,11,8,1,28,54,15,107,82,122,43,161,204
235750,11,8,2,28,54,15,107,82,122,43,161,204
235750,12,9,1,13,24,16,43,37,59,29,67,96
235750,12,9,2,13,24,16,43,37,59,29,67,96
235750,13,10,1,0,2,2,4,2,6,2,6,8
235750,13,10,2,0,2,2,4,2,6,2,6,8
236072,1,412,1,822,909,1244,2265,1731,3509,2066,3174,5240
236072,1,112,2,822,909,1244,2265,1731,3509,2066,3174,5240
236072,2,999,1,504,533,443,659,1037,1102,947,1192,2139
236072,2,999,2,504,533,443,659,1037,1102,947,1192,2139
236072,3,1,1,110,146,142,192,256,334,252,338,590
236072,3,1,2,110,146,142,192,256,334,252,338,590
236072,4,2,1,218,191,113,98,409,211,331,289,620
236072,4,2,2,218,191,113,98,409,211,331,289,620
236072,5,3,1,81,88,83,130,169,213,164,218,382
236072,5,3,2,81,88,83,130,169,213,164,218,382
236072,6,4,1,95,108,105,239,203,344,200,347,547
236072,6,4,2,95,108,105,239,203,344,200,347,547
236072,7,999,1,317,376,801,1604,693,2405,1118,1980,3098
236072,7,999,2,317,376,801,1604,693,2405,1118,1980,3098
236072,8,5,1,116,134,212,371,250,583,328,505,833
236072,8,5,2,116,134,212,371,250,583,328,505,833
236072,9,6,1,93,86,186,320,179,506,279,406,685
236072,9,6,2,93,86,186,320,179,506,279,406,685
236072,10,7,1,52,57,159,403,109,562,211,460,671
236072,10,7,2,52,57,159,403,109,562,211,460,671
236072,11,8,1,32,74,168,347,106,515,200,421,621
236072,11,8,2,32,74,168,347,106,515,200,421,621
236072,12,9,1,23,20,68,126,43,194,91,146,237
236072,12,9,2,23,20,68,126,43,194,91,146,237
236072,13,10,1,1,5,8,37,6,45,9,42,51
236072,13,10,2,1,5,8,37,6,45,9,42,51
236072,14,11,1,1,0,0,2,1,2,1,2,3
236072,14,11,2,1,0,0,2,1,2,1,2,3
236188,1,412,1,1555,1861,737,1204,3416,1941,2292,3065,5357
236188,1,112,2,1555,1861,737,1204,3416,1941,2292,3065,5357
236188,2,999,1,965,1244,385,536,2209,921,1350,1780,3130
236188,2,999,2,965,1244,385,536,2209,921,1350,1780,3130
236188,3,1,1,337,523,46,62,860,108,383,585,968
236188,3,1,2,337,523,46,62,860,108,383,585,968
236188,4,2,1,314,399,107,146,713,253,421,545,966
236188,4,2,2,314,399,107,146,713,253,421,545,966
236188,5,3,1,191,180,118,171,371,289,309,351,660
236188,5,3,2,191,180,118,171,371,289,309,351,660
236188,6,4,1,123,142,114,157,265,271,237,299,536
236188,6,4,2,123,142,114,157,265,271,237,299,536
236188,7,999,1,590,617,352,668,1207,1020,942,1285,2227
236188,7,999,2,590,617,352,668,1207,1020,942,1285,2227
236188,8,5,1,264,207,131,221,471,352,395,428,823
236188,8,5,2,264,207,131,221,471,352,395,428,823
236188,9,6,1,149,157,81,149,306,230,230,306,536
236188,9,6,2,149,157,81,149,306,230,230,306,536
236188,10,7,1,64,107,44,106,171,150,108,213,321
236188,10,7,2,64,107,44,106,171,150,108,213,321
236188,11,8,1,81,99,54,123,180,177,135,222,357
236188,11,8,2,81,99,54,123,180,177,135,222,357
236188,12,9,1,31,45,36,61,76,97,67,106,173
236188,12,9,2,31,45,36,61,76,97,67,106,173
236188,13,10,1,1,2,6,8,3,14,7,10,17
236188,13,10,2,1,2,6,8,3,14,7,10,17
236258,1,412,1,359,562,312,494,921,806,671,1056,1727
236258,1,112,2,359,562,312,494,921,806,671,1056,1727
236258,2,999,1,262,397,117,168,659,285,379,565,944
236258,2,999,2,262,397,117,168,659,285,379,565,944
236258,3,1,1,85,144,33,50,229,83,118,194,312
236258,3,1,2,85,144,33,50,229,83,118,194,312
236258,4,2,1,92,144,32,44,236,76,124,188,312
236258,4,2,2,92,144,32,44,236,76,124,188,312
236258,5,3,1,54,65,23,32,119,55,77,97,174
236258,5,3,2,54,65,23,32,119,55,77,97,174
236258,6,4,1,31,44,29,42,75,71,60,86,146
236258,6,4,2,31,44,29,42,75,71,60,86,146
236258,7,999,1,97,165,195,325,262,520,292,490,782
236258,7,999,2,97,165,195,325,262,520,292,490,782
236258,8,5,1,27,45,45,62,72,107,72,107,179
236258,8,5,2,27,45,45,62,72,107,72,107,179
236258,9,6,1,26,42,40,64,68,104,66,106,172
236258,9,6,2,26,42,40,64,68,104,66,106,172
236258,10,7,1,14,30,31,64,44,95,45,94,139
236258,10,7,2,14,30,31,64,44,95,45,94,139
236258,11,8,1,19,36,36,44,55,80,55,80,135
236258,11,8,2,19,36,36,44,55,80,55,80,135
236258,12,9,1,10,11,25,48,21,73,35,59,94
236258,12,9,2,10,11,25,48,21,73,35,59,94
236258,13,10,1,1,1,18,43,2,61,19,44,63
236258,13,10,2,1,1,18,43,2,61,19,44,63
236258,14,11,1,0,0,0,1,0,1,0,1,1
236258,14,11,2,0,0,0,1,0,1,0,1,1
236328,1,412,1,784,1267,42,37,2051,79,826,1304,2130
236328,1,112,2,741,1089,40,28,1830,68,781,1117,1898
236328,1,312,5,43,178,2,9,221,11,45,187,232
236328,2,999,1,749,1166,38,27,1915,65,787,1193,1980
236328,2,999,2,727,1079,38,26,1806,64,765,1105,1870
236328,2,999,5,22,87,0,1,109,1,22,88,110
236328,3,1,1,5,13,0,0,18,0,5,13,18
236328,3,1,2,5,13,0,0,18,0,5,13,18
236328,4,2,1,322,490,13,13,812,26,335,503,838
236328,4,2,2,322,490,13,13,812,26,335,503,838
236328,5,3,1,344,514,19,10,858,29,363,524,887
236328,5,3,2,342,512,19,10,854,29,361,522,883
236328,5,3,5,2,2,0,0,4,0,2,2,4
236328,6,4,1,78,149,6,4,227,10,84,153,237
236328,6,4,2,58,64,6,3,122,9,64,67,131
236328,6,4,5,20,85,0,1,105,1,20,86,106
236328,7,999,1,35,101,4,10,136,14,39,111,150
236328,7,999,2,14,10,2,2,24,4,16,12,28
236328,7,999,5,21,91,2,8,112,10,23,99,122
236328,8,5,1,18,61,1,2,79,3,19,63,82
236328,8,5,2,7,6,0,0,13,0,7,6,13
236328,8,5,5,11,55,1,2,66,3,12,57,69
236328,9,6,1,10,23,1,2,33,3,11,25,36
236328,9,6,2,3,3,0,0,6,0,3,3,6
236328,9,6,5,7,20,1,2,27,3,8,22,30
236328,10,7,1,2,11,0,0,13,0,2,11,13
236328,10,7,2,0,1,0,0,1,0,0,1,1
236328,10,7,5,2,10,0,0,12,0,2,10,12
236328,11,8,1,4,6,1,3,10,4,5,9,14
236328,11,8,2,4,0,1,1,4,2,5,1,6
236328,11,8,5,0,6,0,2,6,2,0,8,8
236328,12,9,1,1,0,1,3,1,4,2,3,5
236328,12,9,2,0,0,1,1,0,2,1,1,2
236328,12,9,5,1,0,0,2,1,2,1,2,3
236382,1,412,1,558,511,1602,543,1069,2145,2160,1054,3214
236382,1,112,2,558,511,1602,543,1069,2145,2160,1054,3214
236382,2,999,1,262,217,404,177,479,581,666,394,1060
236382,2,999,2,262,217,404,177,479,581,666,394,1060
236382,3,1,1,40,46,23,21,86,44,63,67,130
236382,3,1,2,40,46,23,21,86,44,63,67,130
236382,4,2,1,92,67,52,54,159,106,144,121,265
236382,4,2,2,92,67,52,54,159,106,144,121,265
236382,5,3,1,60,56,99,33,116,132,159,89,248
236382,5,3,2,60,56,99,33,116,132,159,89,248
236382,6,4,1,70,48,230,69,118,299,300,117,417
236382,6,4,2,70,48,230,69,118,299,300,117,417
236382,7,999,1,296,294,1198,366,590,1564,1494,660,2154
236382,7,999,2,296,294,1198,366,590,1564,1494,660,2154
236382,8,5,1,102,88,396,92,190,488,498,180,678
236382,8,5,2,102,88,396,92,190,488,498,180,678
236382,9,6,1,77,71,350,115,148,465,427,186,613
236382,9,6,2,77,71,350,115,148,465,427,186,613
236382,10,7,1,45,56,228,68,101,296,273,124,397
236382,10,7,2,45,56,228,68,101,296,273,124,397
236382,11,8,1,52,56,164,59,108,223,216,115,331
236382,11,8,2,52,56,164,59,108,223,216,115,331
236382,12,9,1,19,22,57,31,41,88,76,53,129
236382,12,9,2,19,22,57,31,41,88,76,53,129
236382,13,10,1,1,1,3,1,2,4,4,2,6
236382,13,10,2,1,1,3,1,2,4,4,2,6
236452,1,412,1,568,741,144,185,1309,329,712,926,1638
236452,1,112,2,542,711,74,67,1253,141,616,778,1394
236452,1,312,5,26,30,70,118,56,188,96,148,244
236452,2,999,1,398,636,22,29,1034,51,420,665,1085
236452,2,999,2,386,625,20,23,1011,43,406,648,1054
236452,2,999,5,12,11,2,6,23,8,14,17,31
236452,3,1,1,0,2,0,0,2,0,0,2,2
236452,3,1,2,0,2,0,0,2,0,0,2,2
236452,4,2,1,143,309,5,5,452,10,148,314,462
236452,4,2,2,142,309,5,5,451,10,147,314,461
236452,4,2,5,1,0,0,0,1,0,1,0,1
236452,5,3,1,178,238,3,9,416,12,181,247,428
236452,5,3,2,178,236,3,8,414,11,181,244,425
236452,5,3,5,0,2,0,1,2,1,0,3,3
236452,6,4,1,77,87,14,15,164,29,91,102,193
236452,6,4,2,66,78,12,10,144,22,78,88,166
236452,6,4,5,11,9,2,5,20,7,13,14,27
236452,7,999,1,170,104,122,156,274,278,292,260,552
236452,7,999,2,156,86,54,44,242,98,210,130,340
236452,7,999,5,14,18,68,112,32,180,82,130,212
236452,8,5,1,58,43,31,33,101,64,89,76,165
236452,8,5,2,57,37,16,12,94,28,73,49,122
236452,8,5,5,1,6,15,21,7,36,16,27,43
236452,9,6,1,58,31,27,31,89,58,85,62,147
236452,9,6,2,49,26,9,9,75,18,58,35,93
236452,9,6,5,9,5,18,22,14,40,27,27,54
236452,10,7,1,22,15,25,27,37,52,47,42,89
236452,10,7,2,19,12,12,6,31,18,31,18,49
236452,10,7,5,3,3,13,21,6,34,16,24,40
236452,11,8,1,25,11,23,47,36,70,48,58,106
236452,11,8,2,24,8,13,10,32,23,37,18,55
236452,11,8,5,1,3,10,37,4,47,11,40,51
236452,12,9,1,7,4,16,17,11,33,23,21,44
236452,12,9,2,7,3,4,6,10,10,11,9,20
236452,12,9,5,0,1,12,11,1,23,12,12,24
236452,13,10,1,0,0,0,1,0,1,0,1,1
236452,13,10,2,0,0,0,1,0,1,0,1,1
236452,14,11,1,0,1,0,0,1,0,0,1,1
236452,14,11,5,0,1,0,0,1,0,0,1,1
236504,1,412,1,843,742,2736,1003,1585,3739,3579,1745,5324
236504,1,112,2,843,742,2736,1003,1585,3739,3579,1745,5324
236504,2,999,1,560,558,857,354,1118,1211,1417,912,2329
236504,2,999,2,560,558,857,354,1118,1211,1417,912,2329
236504,3,1,1,150,207,87,62,357,149,237,269,506
236504,3,1,2,150,207,87,62,357,149,237,269,506
236504,4,2,1,218,193,182,96,411,278,400,289,689
236504,4,2,2,218,193,182,96,411,278,400,289,689
236504,5,3,1,92,71,214,89,163,303,306,160,466
236504,5,3,2,92,71,214,89,163,303,306,160,466
236504,6,4,1,100,87,374,107,187,481,474,194,668
236504,6,4,2,100,87,374,107,187,481,474,194,668
236504,7,999,1,283,184,1845,646,467,2491,2128,830,2958
236504,7,999,2,283,184,1845,646,467,2491,2128,830,2958
236504,8,5,1,121,86,634,166,207,800,755,252,1007
236504,8,5,2,121,86,634,166,207,800,755,252,1007
236504,9,6,1,62,42,522,167,104,689,584,209,793
236504,9,6,2,62,42,522,167,104,689,584,209,793
236504,10,7,1,45,26,366,160,71,526,411,186,597
236504,10,7,2,45,26,366,160,71,526,411,186,597
236504,11,8,1,32,22,258,115,54,373,290,137,427
236504,11,8,2,32,22,258,115,54,373,290,137,427
236504,12,9,1,18,8,63,35,26,98,81,43,124
236504,12,9,2,18,8,63,35,26,98,81,43,124
236504,13,10,1,5,0,2,3,5,5,7,3,10
236504,13,10,2,5,0,2,3,5,5,7,3,10
236504,14,11,1,0,0,34,3,0,37,34,3,37
236504,14,11,2,0,0,34,3,0,37,34,3,37
236513,1,412,1,1268,1800,1049,1646,3068,2695,2317,3446,5763
236513,1,112,2,1268,1800,1049,1646,3068,2695,2317,3446,5763
236513,2,999,1,841,1175,511,683,2016,1194,1352,1858,3210
236513,2,999,2,841,1175,511,683,2016,1194,1352,1858,3210
236513,3,1,1,186,287,121,180,473,301,307,467,774
236513,3,1,2,186,287,121,180,473,301,307,467,774
236513,4,2,1,294,390,116,139,684,255,410,529,939
236513,4,2,2,294,390,116,139,684,255,410,529,939
236513,5,3,1,192,245,102,133,437,235,294,378,672
236513,5,3,2,192,245,102,133,437,235,294,378,672
236513,6,4,1,169,253,172,231,422,403,341,484,825
236513,6,4,2,169,253,172,231,422,403,341,484,825
236513,7,999,1,422,623,534,954,1045,1488,956,1577,2533
236513,7,999,2,422,623,534,954,1045,1488,956,1577,2533
236513,8,5,1,173,256,189,291,429,480,362,547,909
236513,8,5,2,173,256,189,291,429,480,362,547,909
236513,9,6,1,113,166,130,242,279,372,243,408,651
236513,9,6,2,113,166,130,242,279,372,243,408,651
236513,10,7,1,61,81,89,185,142,274,150,266,416
236513,10,7,2,61,81,89,185,142,274,150,266,416
236513,11,8,1,49,86,93,168,135,261,142,254,396
236513,11,8,2,49,86,93,168,135,261,142,254,396
236513,12,9,1,24,34,29,58,58,87,53,92,145
236513,12,9,2,24,34,29,58,58,87,53,92,145
236513,13,10,1,2,0,4,10,2,14,6,10,16
236513,13,10,2,2,0,4,10,2,14,6,10,16
236513,14,11,1,5,2,4,9,7,13,9,11,20
236513,14,11,2,5,2,4,9,7,13,9,11,20
236577,1,412,1,941,2026,195,439,2967,634,1136,2465,3601
236577,1,112,2,843,1763,41,55,2606,96,884,1818,2702
236577,1,312,5,98,263,154,384,361,538,252,647,899
236577,2,999,1,675,1760,50,93,2435,143,725,1853,2578
236577,2,999,2,649,1680,25,38,2329,63,674,1718,2392
236577,2,999,5,26,80,25,55,106,80,51,135,186
236577,3,1,1,6,14,0,2,20,2,6,16,22
236577,3,1,2,6,14,0,0,20,0,6,14,20
236577,3,1,5,0,0,0,2,0,2,0,2,2
236577,4,2,1,317,783,3,7,1100,10,320,790,1110
236577,4,2,2,317,783,3,7,1100,10,320,790,1110
236577,5,3,1,220,718,6,10,938,16,226,728,954
236577,5,3,2,217,717,4,9,934,13,221,726,947
236577,5,3,5,3,1,2,1,4,3,5,2,7
236577,6,4,1,132,245,41,74,377,115,173,319,492
236577,6,4,2,109,166,18,22,275,40,127,188,315
236577,6,4,5,23,79,23,52,102,75,46,131,177
236577,7,999,1,166,266,145,346,432,491,311,612,923
236577,7,999,2,94,83,16,17,177,33,110,100,210
236577,7,999,5,72,183,129,329,255,458,201,512,713
236577,8,5,1,94,139,40,121,233,161,134,260,394
236577,8,5,2,60,50,8,9,110,17,68,59,127
236577,8,5,5,34,89,32,112,123,144,66,201,267
236577,9,6,1,39,45,33,90,84,123,72,135,207
236577,9,6,2,22,14,1,2,36,3,23,16,39
236577,9,6,5,17,31,32,88,48,120,49,119,168
236577,10,7,1,16,30,20,36,46,56,36,66,102
236577,10,7,2,7,10,1,2,17,3,8,12,20
236577,10,7,5,9,20,19,34,29,53,28,54,82
236577,11,8,1,13,40,34,52,53,86,47,92,139
236577,11,8,2,4,6,2,1,10,3,6,7,13
236577,11,8,5,9,34,32,51,43,83,41,85,126
236577,12,9,1,4,12,12,43,16,55,16,55,71
236577,12,9,2,1,3,0,1,4,1,1,4,5
236577,12,9,5,3,9,12,42,12,54,15,51,66
236577,13,10,1,0,0,6,4,0,10,6,4,10
236577,13,10,2,0,0,4,2,0,6,4,2,6
236577,13,10,5,0,0,2,2,0,4,2,2,4
236577,14,11,1,100,0,0,0,100,0,100,0,100
236577,14,11,2,100,0,0,0,100,0,100,0,100
236595,1,412,1,2103,3527,543,877,5630,1420,2646,4404,7050
236595,1,112,2,1603,2442,97,102,4045,199,1700,2544,4244
236595,1,312,5,500,1085,446,775,1585,1221,946,1860,2806
236595,2,999,1,1575,2657,136,186,4232,322,1711,2843,4554
236595,2,999,2,1465,2321,70,78,3786,148,1535,2399,3934
236595,2,999,5,110,336,66,108,446,174,176,444,620
236595,3,1,1,18,34,0,1,52,1,18,35,53
236595,3,1,2,18,34,0,1,52,1,18,35,53
236595,4,2,1,568,951,8,15,1519,23,576,966,1542
236595,4,2,2,568,950,8,15,1518,23,576,965,1541
236595,4,2,5,0,1,0,0,1,0,0,1,1
236595,5,3,1,664,1121,26,32,1785,58,690,1153,1843
236595,5,3,2,660,1094,23,25,1754,48,683,1119,1802
236595,5,3,5,4,27,3,7,31,10,7,34,41
236595,6,4,1,325,551,102,138,876,240,427,689,1116
236595,6,4,2,219,243,39,37,462,76,258,280,538
236595,6,4,5,106,308,63,101,414,164,169,409,578
236595,7,999,1,527,870,402,682,1397,1084,929,1552,2481
236595,7,999,2,137,121,22,16,258,38,159,137,296
236595,7,999,5,390,749,380,666,1139,1046,770,1415,2185
236595,8,5,1,291,475,139,252,766,391,430,727,1157
236595,8,5,2,92,66,6,2,158,8,98,68,166
236595,8,5,5,199,409,133,250,608,383,332,659,991
236595,9,6,1,127,208,107,165,335,272,234,373,607
236595,9,6,2,32,30,7,4,62,11,39,34,73
236595,9,6,5,95,178,100,161,273,261,195,339,534
236595,10,7,1,49,90,69,84,139,153,118,174,292
236595,10,7,2,5,15,4,4,20,8,9,19,28
236595,10,7,5,44,75,65,80,119,145,109,155,264
236595,11,8,1,45,80,62,124,125,186,107,204,311
236595,11,8,2,8,9,2,2,17,4,10,11,21
236595,11,8,5,37,71,60,122,108,182,97,193,290
236595,12,9,1,15,16,20,54,31,74,35,70,105
236595,12,9,2,0,1,3,4,1,7,3,5,8
236595,12,9,5,15,15,17,50,30,67,32,65,97
236595,13,10,1,0,1,5,3,1,8,5,4,9
236595,13,10,5,0,1,5,3,1,8,5,4,9
236595,14,11,1,1,0,5,9,1,14,6,9,15
236595,14,11,2,1,0,5,8,1,13,6,8,14
236595,14,11,5,0,0,0,1,0,1,0,1,1
236610,1,412,1,1199,1345,965,1873,2544,2838,2164,3218,5382
236610,1,112,2,1199,1345,965,1873,2544,2838,2164,3218,5382
236610,2,999,1,920,896,559,818,1816,1377,1479,1714,3193
236610,2,999,2,920,896,559,818,1816,1377,1479,1714,3193
236610,3,1,1,177,200,141,177,377,318,318,377,695
236610,3,1,2,177,200,141,177,377,318,318,377,695
236610,4,2,1,401,343,131,192,744,323,532,535,1067
236610,4,2,2,401,343,131,192,744,323,532,535,1067
236610,5,3,1,216,185,153,194,401,347,369,379,748
236610,5,3,2,216,185,153,194,401,347,369,379,748
236610,6,4,1,126,168,134,255,294,389,260,423,683
236610,6,4,2,126,168,134,255,294,389,260,423,683
236610,7,999,1,279,449,403,1044,728,1447,682,1493,2175
236610,7,999,2,279,449,403,1044,728,1447,682,1493,2175
236610,8,5,1,124,194,144,289,318,433,268,483,751
236610,8,5,2,124,194,144,289,318,433,268,483,751
236610,9,6,1,65,109,94,265,174,359,159,374,533
236610,9,6,2,65,109,94,265,174,359,159,374,533
236610,10,7,1,46,62,66,239,108,305,112,301,413
236610,10,7,2,46,62,66,239,108,305,112,301,413
236610,11,8,1,25,62,68,178,87,246,93,240,333
236610,11,8,2,25,62,68,178,87,246,93,240,333
236610,12,9,1,18,21,23,63,39,86,41,84,125
236610,12,9,2,18,21,23,63,39,86,41,84,125
236610,13,10,1,1,1,8,10,2,18,9,11,20
236610,13,10,2,1,1,8,10,2,18,9,11,20
236610,14,11,1,0,0,3,11,0,14,3,11,14
236610,14,11,2,0,0,3,11,0,14,3,11,14
236638,1,412,1,957,1400,937,933,2357,1870,1894,2333,4227
236638,1,112,2,957,1400,937,933,2357,1870,1894,2333,4227
236638,2,999,1,700,950,374,417,1650,791,1074,1367,2441
236638,2,999,2,700,950,374,417,1650,791,1074,1367,2441
236638,3,1,1,210,351,67,112,561,179,277,463,740
236638,3,1,2,210,351,67,112,561,179,277,463,740
236638,4,2,1,287,321,69,94,608,163,356,415,771
236638,4,2,2,287,321,69,94,608,163,356,415,771
236638,5,3,1,132,149,104,93,281,197,236,242,478
236638,5,3,2,132,149,104,93,281,197,236,242,478
236638,6,4,1,71,129,134,118,200,252,205,247,452
236638,6,4,2,71,129,134,118,200,252,205,247,452
236638,7,999,1,257,450,563,515,707,1078,820,965,1785
236638,7,999,2,257,450,563,515,707,1078,820,965,1785
236638,8,5,1,73,153,184,158,226,342,257,311,568
236638,8,5,2,73,153,184,158,226,342,257,311,568
236638,9,6,1,59,108,172,127,167,299,231,235,466
236638,9,6,2,59,108,172,127,167,299,231,235,466
236638,10,7,1,47,70,87,85,117,172,134,155,289
236638,10,7,2,47,70,87,85,117,172,134,155,289
236638,11,8,1,50,79,85,91,129,176,135,170,305
236638,11,8,2,50,79,85,91,129,176,135,170,305
236638,12,9,1,25,37,32,49,62,81,57,86,143
236638,12,9,2,25,37,32,49,62,81,57,86,143
236638,13,10,1,3,3,3,5,6,8,6,8,14
236638,13,10,2,3,3,3,5,6,8,6,8,14
236638,14,11,1,0,0,0,1,0,1,0,1,1
236638,14,11,2,0,0,0,1,0,1,0,1,1
236656,1,412,1,1180,1598,668,1219,2778,1887,1848,2817,4665
236656,1,112,2,1180,1598,668,1219,2778,1887,1848,2817,4665
236656,2,999,1,893,1173,434,624,2066,1058,1327,1797,3124
236656,2,999,2,893,1173,434,624,2066,1058,1327,1797,3124
236656,3,1,1,376,620,142,237,996,379,518,857,1375
236656,3,1,2,376,620,142,237,996,379,518,857,1375
236656,4,2,1,263,309,128,140,572,268,391,449,840
236656,4,2,2,263,309,128,140,572,268,391,449,840
236656,5,3,1,158,128,96,130,286,226,254,258,512
236656,5,3,2,158,128,96,130,286,226,254,258,512
236656,6,4,1,96,116,68,117,212,185,164,233,397
236656,6,4,2,96,116,68,117,212,185,164,233,397
236656,7,999,1,287,425,234,594,712,828,521,1019,1540
236656,7,999,2,287,425,234,594,712,828,521,1019,1540
236656,8,5,1,107,139,97,171,246,268,204,310,514
236656,8,5,2,107,139,97,171,246,268,204,310,514
236656,9,6,1,58,103,48,133,161,181,106,236,342
236656,9,6,2,58,103,48,133,161,181,106,236,342
236656,10,7,1,49,66,38,127,115,165,87,193,280
236656,10,7,2,49,66,38,127,115,165,87,193,280
236656,11,8,1,50,83,30,104,133,134,80,187,267
236656,11,8,2,50,83,30,104,133,134,80,187,267
236656,12,9,1,23,34,20,59,57,79,43,93,136
236656,12,9,2,23,34,20,59,57,79,43,93,136
236656,13,10,1,0,0,1,0,0,1,1,0,1
236656,13,10,2,0,0,1,0,0,1,1,0,1
236656,14,11,1,0,0,0,1,0,1,0,1,1
236656,14,11,2,0,0,0,1,0,1,0,1,1
236692,1,412,1,1661,2217,1290,1913,3878,3203,2951,4130,7081
236692,1,112,2,1661,2217,1290,1913,3878,3203,2951,4130,7081
236692,2,999,1,977,1271,463,624,2248,1087,1440,1895,3335
236692,2,999,2,977,1271,463,624,2248,1087,1440,1895,3335
236692,3,1,1,252,304,60,78,556,138,312,382,694
236692,3,1,2,252,304,60,78,556,138,312,382,694
236692,4,2,1,333,395,111,135,728,246,444,530,974
236692,4,2,2,333,395,111,135,728,246,444,530,974
236692,5,3,1,218,284,117,188,502,305,335,472,807
236692,5,3,2,218,284,117,188,502,305,335,472,807
236692,6,4,1,174,288,175,223,462,398,349,511,860
236692,6,4,2,174,288,175,223,462,398,349,511,860
236692,7,999,1,684,946,819,1287,1630,2106,1503,2233,3736
236692,7,999,2,684,946,819,1287,1630,2106,1503,2233,3736
236692,8,5,1,232,309,254,348,541,602,486,657,1143
236692,8,5,2,232,309,254,348,541,602,486,657,1143
236692,9,6,1,174,235,200,235,409,435,374,470,844
236692,9,6,2,174,235,200,235,409,435,374,470,844
236692,10,7,1,115,171,116,172,286,288,231,343,574
236692,10,7,2,115,171,116,172,286,288,231,343,574
236692,11,8,1,109,154,117,160,263,277,226,314,540
236692,11,8,2,109,154,117,160,263,277,226,314,540
236692,12,9,1,46,74,64,118,120,182,110,192,302
236692,12,9,2,46,74,64,118,120,182,110,192,302
236692,13,10,1,8,3,68,254,11,322,76,257,333
236692,13,10,2,8,3,68,254,11,322,76,257,333
236692,14,11,1,0,0,8,2,0,10,8,2,10
236692,14,11,2,0,0,8,2,0,10,8,2,10
236708,1,412,1,1140,1702,521,826,2842,1347,1661,2528,4189
236708,1,112,2,1140,1702,521,826,2842,1347,1661,2528,4189
236708,2,999,1,860,1233,345,452,2093,797,1205,1685,2890
236708,2,999,2,860,1233,345,452,2093,797,1205,1685,2890
236708,3,1,1,204,329,67,89,533,156,271,418,689
236708,3,1,2,204,329,67,89,533,156,271,418,689
236708,4,2,1,353,449,94,131,802,225,447,580,1027
236708,4,2,2,353,449,94,131,802,225,447,580,1027
236708,5,3,1,216,288,101,124,504,225,317,412,729
236708,5,3,2,216,288,101,124,504,225,317,412,729
236708,6,4,1,87,167,83,108,254,191,170,275,445
236708,6,4,2,87,167,83,108,254,191,170,275,445
236708,7,999,1,280,469,176,374,749,550,456,843,1299
236708,7,999,2,280,469,176,374,749,550,456,843,1299
236708,8,5,1,121,202,62,130,323,192,183,332,515
236708,8,5,2,121,202,62,130,323,192,183,332,515
236708,9,6,1,78,94,51,75,172,126,129,169,298
236708,9,6,2,78,94,51,75,172,126,129,169,298
236708,10,7,1,28,61,24,49,89,73,52,110,162
236708,10,7,2,28,61,24,49,89,73,52,110,162
236708,11,8,1,35,83,22,73,118,95,57,156,213
236708,11,8,2,35,83,22,73,118,95,57,156,213
236708,12,9,1,18,29,14,39,47,53,32,68,100
236708,12,9,2,18,29,14,39,47,53,32,68,100
236708,13,10,1,0,0,3,8,0,11,3,8,11
236708,13,10,2,0,0,3,8,0,11,3,8,11
236753,1,412,1,1282,2210,682,1649,3492,2331,1964,3859,5823
236753,1,112,2,1282,2210,682,1649,3492,2331,1964,3859,5823
236753,2,999,1,968,1404,431,754,2372,1185,1399,2158,3557
236753,2,999,2,968,1404,431,754,2372,1185,1399,2158,3557
236753,3,1,1,396,495,103,108,891,211,499,603,1102
236753,3,1,2,396,495,103,108,891,211,499,603,1102
236753,4,2,1,299,423,117,202,722,319,416,625,1041
236753,4,2,2,299,423,117,202,722,319,416,625,1041
236753,5,3,1,156,269,127,225,425,352,283,494,777
236753,5,3,2,156,269,127,225,425,352,283,494,777
236753,6,4,1,117,217,84,219,334,303,201,436,637
236753,6,4,2,117,217,84,219,334,303,201,436,637
236753,7,999,1,314,806,251,894,1120,1145,565,1700,2265
236753,7,999,2,314,806,251,894,1120,1145,565,1700,2265
236753,8,5,1,123,300,102,290,423,392,225,590,815
236753,8,5,2,123,300,102,290,423,392,225,590,815
236753,9,6,1,71,204,56,223,275,279,127,427,554
236753,9,6,2,71,204,56,223,275,279,127,427,554
236753,10,7,1,60,121,36,144,181,180,96,265,361
236753,10,7,2,60,121,36,144,181,180,96,265,361
236753,11,8,1,45,132,39,151,177,190,84,283,367
236753,11,8,2,45,132,39,151,177,190,84,283,367
236753,12,9,1,15,45,15,84,60,99,30,129,159
236753,12,9,2,15,45,15,84,60,99,30,129,159
236753,13,10,1,0,4,3,2,4,5,3,6,9
236753,13,10,2,0,4,3,2,4,5,3,6,9
236753,14,11,1,0,0,0,1,0,1,0,1,1
236753,14,11,2,0,0,0,1,0,1,0,1,1
236887,1,412,1,787,883,659,611,1670,1270,1446,1494,2940
236887,1,112,2,787,883,659,611,1670,1270,1446,1494,2940
236887,2,999,1,428,582,198,297,1010,495,626,879,1505
236887,2,999,2,428,582,198,297,1010,495,626,879,1505
236887,3,1,1,65,123,38,102,188,140,103,225,328
236887,3,1,2,65,123,38,102,188,140,103,225,328
236887,4,2,1,226,255,53,45,481,98,279,300,579
236887,4,2,2,226,255,53,45,481,98,279,300,579
236887,5,3,1,84,113,52,75,197,127,136,188,324
236887,5,3,2,84,113,52,75,197,127,136,188,324
236887,6,4,1,53,91,55,75,144,130,108,166,274
236887,6,4,2,53,91,55,75,144,130,108,166,274
236887,7,999,1,358,301,460,314,659,774,818,615,1433
236887,7,999,2,358,301,460,314,659,774,818,615,1433
236887,8,5,1,94,99,78,99,193,177,172,198,370
236887,8,5,2,94,99,78,99,193,177,172,198,370
236887,9,6,1,92,88,108,67,180,175,200,155,355
236887,9,6,2,92,88,108,67,180,175,200,155,355
236887,10,7,1,71,50,81,38,121,119,152,88,240
236887,10,7,2,71,50,81,38,121,119,152,88,240
236887,11,8,1,66,44,107,44,110,151,173,88,261
236887,11,8,2,66,44,107,44,110,151,173,88,261
236887,12,9,1,32,20,65,32,52,97,97,52,149
236887,12,9,2,32,20,65,32,52,97,97,52,149
236887,13,10,1,3,0,21,34,3,55,24,34,58
236887,13,10,2,3,0,21,34,3,55,24,34,58
236887,14,11,1,1,0,1,0,1,1,2,0,2
236887,14,11,2,1,0,1,0,1,1,2,0,2
236896,1,412,1,746,808,76,107,1554,183,822,915,1737
236896,1,112,2,720,677,66,82,1397,148,786,759,1545
236896,1,312,5,26,131,10,25,157,35,36,156,192
236896,2,999,1,695,677,54,65,1372,119,749,742,1491
236896,2,999,2,690,655,54,63,1345,117,744,718,1462
236896,2,999,5,5,22,0,2,27,2,5,24,29
236896,3,1,1,6,12,33,28,18,61,39,40,79
236896,3,1,2,6,12,33,28,18,61,39,40,79
236896,4,2,1,257,268,10,9,525,19,267,277,544
236896,4,2,2,257,268,10,9,525,19,267,277,544
236896,5,3,1,298,273,2,13,571,15,300,286,586
236896,5,3,2,298,270,2,13,568,15,300,283,583
236896,5,3,5,0,3,0,0,3,0,0,3,3
236896,6,4,1,134,124,9,15,258,24,143,139,282
236896,6,4,2,129,105,9,13,234,22,138,118,256
236896,6,4,5,5,19,0,2,24,2,5,21,26
236896,7,999,1,51,131,22,42,182,64,73,173,246
236896,7,999,2,30,22,12,19,52,31,42,41,83
236896,7,999,5,21,109,10,23,130,33,31,132,163
236896,8,5,1,26,61,8,10,87,18,34,71,105
236896,8,5,2,20,16,5,6,36,11,25,22,47
236896,8,5,5,6,45,3,4,51,7,9,49,58
236896,9,6,1,9,19,2,11,28,13,11,30,41
236896,9,6,2,5,2,1,2,7,3,6,4,10
236896,9,6,5,4,17,1,9,21,10,5,26,31
236896,10,7,1,6,20,4,6,26,10,10,26,36
236896,10,7,2,3,1,2,4,4,6,5,5,10
236896,10,7,5,3,19,2,2,22,4,5,21,26
236896,11,8,1,7,18,2,9,25,11,9,27,36
236896,11,8,2,2,3,1,6,5,7,3,9,12
236896,11,8,5,5,15,1,3,20,4,6,18,24
236896,12,9,1,3,13,5,6,16,11,8,19,27
236896,12,9,2,0,0,2,1,0,3,2,1,3
236896,12,9,5,3,13,3,5,16,8,6,18,24
236896,13,10,1,0,0,1,0,0,1,1,0,1
236896,13,10,2,0,0,1,0,0,1,1,0,1
236939,1,412,1,11818,14158,2397,2786,25976,5183,14215,16944,31159
236939,1,112,2,10194,12121,1366,1789,22315,3155,11560,13910,25470
236939,1,312,5,1624,2037,1031,997,3661,2028,2655,3034,5689
236939,2,999,1,9399,11545,902,1009,20944,1911,10301,12554,22855
236939,2,999,2,9024,10868,822,908,19892,1730,9846,11776,21622
236939,2,999,5,375,677,80,101,1052,181,455,778,1233
236939,3,1,1,58,157,58,116,215,174,116,273,389
236939,3,1,2,58,157,58,113,215,171,116,270,386
236939,3,1,5,0,0,0,3,0,3,0,3,3
236939,4,2,1,3280,4552,142,168,7832,310,3422,4720,8142
236939,4,2,2,3280,4550,142,168,7830,310,3422,4718,8140
236939,4,2,5,0,2,0,0,2,0,0,2,2
236939,5,3,1,3717,4530,249,280,8247,529,3966,4810,8776
236939,5,3,2,3700,4488,243,272,8188,515,3943,4760,8703
236939,5,3,5,17,42,6,8,59,14,23,50,73
236939,6,4,1,2344,2306,453,445,4650,898,2797,2751,5548
236939,6,4,2,1986,1673,379,355,3659,734,2365,2028,4393
236939,6,4,5,358,633,74,90,991,164,432,723,1155
236939,7,999,1,2419,2613,1495,1777,5032,3272,3914,4390,8304
236939,7,999,2,1170,1253,544,881,2423,1425,1714,2134,3848
236939,7,999,5,1249,1360,951,896,2609,1847,2200,2256,4456
236939,8,5,1,1381,1448,485,596,2829,1081,1866,2044,3910
236939,8,5,2,704,622,220,325,1326,545,924,947,1871
236939,8,5,5,677,826,265,271,1503,536,942,1097,2039
236939,9,6,1,579,592,391,387,1171,778,970,979,1949
236939,9,6,2,264,293,130,184,557,314,394,477,871
236939,9,6,5,315,299,261,203,614,464,576,502,1078
236939,10,7,1,234,266,273,301,500,574,507,567,1074
236939,10,7,2,107,156,76,150,263,226,183,306,489
236939,10,7,5,127,110,197,151,237,348,324,261,585
236939,11,8,1,187,237,248,341,424,589,435,578,1013
236939,11,8,2,79,140,84,151,219,235,163,291,454
236939,11,8,5,108,97,164,190,205,354,272,287,559
236939,12,9,1,38,66,92,144,104,236,130,210,340
236939,12,9,2,16,40,30,67,56,97,46,107,153
236939,12,9,5,22,26,62,77,48,139,84,103,187
236939,13,10,1,0,4,6,8,4,14,6,12,18
236939,13,10,2,0,2,4,4,2,8,4,6,10
236939,13,10,5,0,2,2,4,2,6,2,6,8
236975,1,412,1,822,1294,339,635,2116,974,1161,1929,3090
236975,1,112,2,822,1294,339,635,2116,974,1161,1929,3090
236975,2,999,1,672,1019,220,369,1691,589,892,1388,2280
236975,2,999,2,672,1019,220,369,1691,589,892,1388,2280
236975,3,1,1,240,417,65,96,657,161,305,513,818
236975,3,1,2,240,417,65,96,657,161,305,513,818
236975,4,2,1,275,339,59,94,614,153,334,433,767
236975,4,2,2,275,339,59,94,614,153,334,433,767
236975,5,3,1,100,150,50,81,250,131,150,231,381
236975,5,3,2,100,150,50,81,250,131,150,231,381
236975,6,4,1,57,113,46,98,170,144,103,211,314
236975,6,4,2,57,113,46,98,170,144,103,211,314
236975,7,999,1,150,275,119,265,425,384,269,540,809
236975,7,999,2,150,275,119,265,425,384,269,540,809
236975,8,5,1,49,129,48,96,178,144,97,225,322
236975,8,5,2,49,129,48,96,178,144,97,225,322
236975,9,6,1,36,71,26,60,107,86,62,131,193
236975,9,6,2,36,71,26,60,107,86,62,131,193
236975,10,7,1,30,31,15,37,61,52,45,68,113
236975,10,7,2,30,31,15,37,61,52,45,68,113
236975,11,8,1,23,33,19,44,56,63,42,77,119
236975,11,8,2,23,33,19,44,56,63,42,77,119
236975,12,9,1,12,10,10,22,22,32,22,32,54
236975,12,9,2,12,10,10,22,22,32,22,32,54
236975,13,10,1,0,1,1,6,1,7,1,7,8
236975,13,10,2,0,1,1,6,1,7,1,7,8
236975,14,11,1,0,0,0,1,0,1,0,1,1
236975,14,11,2,0,0,0,1,0,1,0,1,1
237011,1,412,1,5479,7910,935,873,13389,1808,6414,8783,15197
237011,1,112,2,5207,7415,839,733,12622,1572,6046,8148,14194
237011,1,312,5,272,495,96,140,767,236,368,635,1003
237011,2,999,1,4904,7141,688,640,12045,1328,5592,7781,13373
237011,2,999,2,4809,6948,672,615,11757,1287,5481,7563,13044
237011,2,999,5,95,193,16,25,288,41,111,218,329
237011,3,1,1,15,35,2,5,50,7,17,40,57
237011,3,1,2,15,35,2,5,50,7,17,40,57
237011,4,2,1,1770,2787,95,119,4557,214,1865,2906,4771
237011,4,2,2,1770,2787,95,119,4557,214,1865,2906,4771
237011,5,3,1,1996,3048,269,255,5044,524,2265,3303,5568
237011,5,3,2,1987,3023,269,255,5010,524,2256,3278,5534
237011,5,3,5,9,25,0,0,34,0,9,25,34
237011,6,4,1,1123,1271,322,261,2394,583,1445,1532,2977
237011,6,4,2,1037,1103,306,236,2140,542,1343,1339,2682
237011,6,4,5,86,168,16,25,254,41,102,193,295
237011,7,999,1,575,769,247,233,1344,480,822,1002,1824
237011,7,999,2,398,467,167,118,865,285,565,585,1150
237011,7,999,5,177,302,80,115,479,195,257,417,674
237011,8,5,1,339,395,125,110,734,235,464,505,969
237011,8,5,2,258,252,98,64,510,162,356,316,672
237011,8,5,5,81,143,27,46,224,73,108,189,297
237011,9,6,1,139,159,50,42,298,92,189,201,390
237011,9,6,2,92,96,33,19,188,52,125,115,240
237011,9,6,5,47,63,17,23,110,40,64,86,150
237011,10,7,1,45,80,27,24,125,51,72,104,176
237011,10,7,2,23,41,16,10,64,26,39,51,90
237011,10,7,5,22,39,11,14,61,25,33,53,86
237011,11,8,1,36,99,28,26,135,54,64,125,189
237011,11,8,2,20,67,12,11,87,23,32,78,110
237011,11,8,5,16,32,16,15,48,31,32,47,79
237011,12,9,1,15,34,11,25,49,36,26,59,85
237011,12,9,2,5,10,4,8,15,12,9,18,27
237011,12,9,5,10,24,7,17,34,24,17,41,58
237011,13,10,1,1,2,6,6,3,12,7,8,15
237011,13,10,2,0,1,4,6,1,10,4,7,11
237011,13,10,5,1,1,2,0,2,2,3,1,4
237057,1,412,1,527,761,38,34,1288,72,565,795,1360
237057,1,112,2,527,761,38,34,1288,72,565,795,1360
237057,2,999,1,523,758,35,33,1281,68,558,791,1349
237057,2,999,2,523,758,35,33,1281,68,558,791,1349
237057,3,1,1,6,11,8,5,17,13,14,16,30
237057,3,1,2,6,11,8,5,17,13,14,16,30
237057,4,2,1,199,305,13,15,504,28,212,320,532
237057,4,2,2,199,305,13,15,504,28,212,320,532
237057,5,3,1,270,402,8,9,672,17,278,411,689
237057,5,3,2,270,402,8,9,672,17,278,411,689
237057,6,4,1,48,40,6,4,88,10,54,44,98
237057,6,4,2,48,40,6,4,88,10,54,44,98
237057,7,999,1,4,3,2,0,7,2,6,3,9
237057,7,999,2,4,3,2,0,7,2,6,3,9
237057,8,5,1,1,2,0,0,3,0,1,2,3
237057,8,5,2,1,2,0,0,3,0,1,2,3
237057,9,6,1,1,1,1,0,2,1,2,1,3
237057,9,6,2,1,1,1,0,2,1,2,1,3
237057,11,8,1,2,0,1,0,2,1,3,0,3
237057,11,8,2,2,0,1,0,2,1,3,0,3
237057,14,11,1,0,0,1,1,0,2,1,1,2
237057,14,11,2,0,0,1,1,0,2,1,1,2
237066,1,412,1,982,1492,85,197,2474,282,1067,1689,2756
237066,1,112,2,922,1385,30,31,2307,61,952,1416,2368
237066,1,312,5,60,107,55,166,167,221,115,273,388
237066,2,999,1,908,1388,33,55,2296,88,941,1443,2384
237066,2,999,2,895,1345,26,27,2240,53,921,1372,2293
237066,2,999,5,13,43,7,28,56,35,20,71,91
237066,3,1,1,9,24,1,4,33,5,10,28,38
237066,3,1,2,9,24,1,4,33,5,10,28,38
237066,4,2,1,408,674,7,5,1082,12,415,679,1094
237066,4,2,2,408,674,7,5,1082,12,415,679,1094
237066,5,3,1,386,563,6,11,949,17,392,574,966
237066,5,3,2,386,558,6,10,944,16,392,568,960
237066,5,3,5,0,5,0,1,5,1,0,6,6
237066,6,4,1,105,127,19,35,232,54,124,162,286
237066,6,4,2,92,89,12,8,181,20,104,97,201
237066,6,4,5,13,38,7,27,51,34,20,65,85
237066,7,999,1,74,104,52,142,178,194,126,246,372
237066,7,999,2,27,40,4,4,67,8,31,44,75
237066,7,999,5,47,64,48,138,111,186,95,202,297
237066,8,5,1,31,47,13,45,78,58,44,92,136
237066,8,5,2,15,23,0,1,38,1,15,24,39
237066,8,5,5,16,24,13,44,40,57,29,68,97
237066,9,6,1,17,19,11,19,36,30,28,38,66
237066,9,6,2,6,6,1,0,12,1,7,6,13
237066,9,6,5,11,13,10,19,24,29,21,32,53
237066,10,7,1,11,15,7,23,26,30,18,38,56
237066,10,7,2,3,7,0,2,10,2,3,9,12
237066,10,7,5,8,8,7,21,16,28,15,29,44
237066,11,8,1,12,16,11,34,28,45,23,50,73
237066,11,8,2,3,3,2,0,6,2,5,3,8
237066,11,8,5,9,13,9,34,22,43,18,47,65
237066,12,9,1,2,7,9,19,9,28,11,26,37
237066,12,9,2,0,1,1,1,1,2,1,2,3
237066,12,9,5,2,6,8,18,8,26,10,24,34
237066,13,10,1,1,0,1,2,1,3,2,2,4
237066,13,10,5,1,0,1,2,1,3,2,2,4
237118,1,412,1,460,349,9,45,809,54,469,394,863
237118,1,112,2,419,294,9,44,713,53,428,338,766
237118,1,312,5,41,55,0,1,96,1,41,56,97
237118,2,999,1,426,317,4,9,743,13,430,326,756
237118,2,999,2,416,279,4,8,695,12,420,287,707
237118,2,999,5,10,38,0,1,48,1,10,39,49
237118,3,1,1,6,6,1,5,12,6,7,11,18
237118,3,1,2,6,6,1,5,12,6,7,11,18
237118,4,2,1,218,133,0,0,351,0,218,133,351
237118,4,2,2,218,133,0,0,351,0,218,133,351
237118,5,3,1,136,103,0,1,239,1,136,104,240
237118,5,3,2,136,102,0,1,238,1,136,103,239
237118,5,3,5,0,1,0,0,1,0,0,1,1
237118,6,4,1,66,75,3,3,141,6,69,78,147
237118,6,4,2,56,38,3,2,94,5,59,40,99
237118,6,4,5,10,37,0,1,47,1,10,38,48
237118,7,999,1,34,32,5,36,66,41,39,68,107
237118,7,999,2,3,15,5,36,18,41,8,51,59
237118,7,999,5,31,17,0,0,48,0,31,17,48
237118,8,5,1,13,20,1,8,33,9,14,28,42
237118,8,5,2,0,4,1,8,4,9,1,12,13
237118,8,5,5,13,16,0,0,29,0,13,16,29
237118,9,6,1,12,4,1,8,16,9,13,12,25
237118,9,6,2,2,3,1,8,5,9,3,11,14
237118,9,6,5,10,1,0,0,11,0,10,1,11
237118,10,7,1,5,5,0,7,10,7,5,12,17
237118,10,7,2,1,5,0,7,6,7,1,12,13
237118,10,7,5,4,0,0,0,4,0,4,0,4
237118,11,8,1,3,3,1,8,6,9,4,11,15
237118,11,8,2,0,3,1,8,3,9,1,11,12
237118,11,8,5,3,0,0,0,3,0,3,0,3
237118,12,9,1,1,0,2,5,1,7,3,5,8
237118,12,9,2,0,0,2,5,0,7,2,5,7
237118,12,9,5,1,0,0,0,1,0,1,0,1
237303,1,412,1,18,44,0,0,62,0,18,44,62
237303,1,112,2,18,44,0,0,62,0,18,44,62
237303,2,999,1,9,26,0,0,35,0,9,26,35
237303,2,999,2,9,26,0,0,35,0,9,26,35
237303,3,1,1,1,2,0,0,3,0,1,2,3
237303,3,1,2,1,2,0,0,3,0,1,2,3
237303,4,2,1,1,14,0,0,15,0,1,14,15
237303,4,2,2,1,14,0,0,15,0,1,14,15
237303,5,3,1,2,4,0,0,6,0,2,4,6
237303,5,3,2,2,4,0,0,6,0,2,4,6
237303,6,4,1,5,6,0,0,11,0,5,6,11
237303,6,4,2,5,6,0,0,11,0,5,6,11
237303,7,999,1,9,18,0,0,27,0,9,18,27
237303,7,999,2,9,18,0,0,27,0,9,18,27
237303,8,5,1,2,7,0,0,9,0,2,7,9
237303,8,5,2,2,7,0,0,9,0,2,7,9
237303,9,6,1,4,6,0,0,10,0,4,6,10
237303,9,6,2,4,6,0,0,10,0,4,6,10
237303,10,7,1,2,4,0,0,6,0,2,4,6
237303,10,7,2,2,4,0,0,6,0,2,4,6
237303,11,8,1,1,1,0,0,2,0,1,1,2
237303,11,8,2,1,1,0,0,2,0,1,1,2
237312,1,412,1,940,940,800,287,1880,1087,1740,1227,2967
237312,1,112,2,538,651,695,231,1189,926,1233,882,2115
237312,1,312,5,402,289,105,56,691,161,507,345,852
237312,2,999,1,504,612,47,74,1116,121,551,686,1237
237312,2,999,2,441,504,47,72,945,119,488,576,1064
237312,2,999,5,63,108,0,2,171,2,63,110,173
237312,3,1,1,3,2,14,22,5,36,17,24,41
237312,3,1,2,3,2,14,22,5,36,17,24,41
237312,4,2,1,186,229,2,7,415,9,188,236,424
237312,4,2,2,186,229,2,7,415,9,188,236,424
237312,5,3,1,164,213,5,12,377,17,169,225,394
237312,5,3,2,160,203,5,12,363,17,165,215,380
237312,5,3,5,4,10,0,0,14,0,4,10,14
237312,6,4,1,151,168,26,33,319,59,177,201,378
237312,6,4,2,92,70,26,31,162,57,118,101,219
237312,6,4,5,59,98,0,2,157,2,59,100,159
237312,7,999,1,436,328,753,213,764,966,1189,541,1730
237312,7,999,2,97,147,648,159,244,807,745,306,1051
237312,7,999,5,339,181,105,54,520,159,444,235,679
237312,8,5,1,90,127,137,53,217,190,227,180,407
237312,8,5,2,32,53,130,51,85,181,162,104,266
237312,8,5,5,58,74,7,2,132,9,65,76,141
237312,9,6,1,82,54,184,55,136,239,266,109,375
237312,9,6,2,20,34,166,52,54,218,186,86,272
237312,9,6,5,62,20,18,3,82,21,80,23,103
237312,10,7,1,105,55,211,28,160,239,316,83,399
237312,10,7,2,27,24,182,22,51,204,209,46,255
237312,10,7,5,78,31,29,6,109,35,107,37,144
237312,11,8,1,114,64,181,52,178,233,295,116,411
237312,11,8,2,14,25,154,30,39,184,168,55,223
237312,11,8,5,100,39,27,22,139,49,127,61,188
237312,12,9,1,43,28,38,23,71,61,81,51,132
237312,12,9,2,4,11,16,4,15,20,20,15,35
237312,12,9,5,39,17,22,19,56,41,61,36,97
237312,13,10,1,2,0,2,2,2,4,4,2,6
237312,13,10,5,2,0,2,2,2,4,4,2,6
237330,1,412,1,593,901,71,242,1494,313,664,1143,1807
237330,1,112,2,574,814,28,47,1388,75,602,861,1463
237330,1,312,5,19,87,43,195,106,238,62,282,344
237330,2,999,1,548,753,31,68,1301,99,579,821,1400
237330,2,999,2,541,711,19,26,1252,45,560,737,1297
237330,2,999,5,7,42,12,42,49,54,19,84,103
237330,3,1,1,2,4,0,4,6,4,2,8,10
237330,3,1,2,2,4,0,4,6,4,2,8,10
237330,4,2,1,243,327,2,1,570,3,245,328,573
237330,4,2,2,243,327,2,1,570,3,245,328,573
237330,5,3,1,204,282,7,8,486,15,211,290,501
237330,5,3,2,203,279,5,7,482,12,208,286,494
237330,5,3,5,1,3,2,1,4,3,3,4,7
237330,6,4,1,99,140,22,55,239,77,121,195,316
237330,6,4,2,93,101,12,14,194,26,105,115,220
237330,6,4,5,6,39,10,41,45,51,16,80,96
237330,7,999,1,45,148,40,174,193,214,85,322,407
237330,7,999,2,33,103,9,21,136,30,42,124,166
237330,7,999,5,12,45,31,153,57,184,43,198,241
237330,8,5,1,20,51,15,51,71,66,35,102,137
237330,8,5,2,15,35,1,5,50,6,16,40,56
237330,8,5,5,5,16,14,46,21,60,19,62,81
237330,9,6,1,9,41,7,36,50,43,16,77,93
237330,9,6,2,7,30,0,1,37,1,7,31,38
237330,9,6,5,2,11,7,35,13,42,9,46,55
237330,10,7,1,7,20,5,24,27,29,12,44,56
237330,10,7,2,5,14,1,2,19,3,6,16,22
237330,10,7,5,2,6,4,22,8,26,6,28,34
237330,11,8,1,8,30,8,51,38,59,16,81,97
237330,11,8,2,6,19,3,9,25,12,9,28,37
237330,11,8,5,2,11,5,42,13,47,7,53,60
237330,12,9,1,1,6,4,11,7,15,5,17,22
237330,12,9,2,0,5,3,3,5,6,3,8,11
237330,12,9,5,1,1,1,8,2,9,2,9,11
237330,13,10,1,0,0,1,1,0,2,1,1,2
237330,13,10,2,0,0,1,1,0,2,1,1,2
237358,1,412,1,282,409,17,30,691,47,299,439,738
237358,1,112,2,282,409,17,30,691,47,299,439,738
237358,2,999,1,264,374,14,25,638,39,278,399,677
237358,2,999,2,264,374,14,25,638,39,278,399,677
237358,3,1,1,2,3,10,20,5,30,12,23,35
237358,3,1,2,2,3,10,20,5,30,12,23,35
237358,4,2,1,113,176,4,0,289,4,117,176,293
237358,4,2,2,113,176,4,0,289,4,117,176,293
237358,5,3,1,99,157,0,1,256,1,99,158,257
237358,5,3,2,99,157,0,1,256,1,99,158,257
237358,6,4,1,50,38,0,4,88,4,50,42,92
237358,6,4,2,50,38,0,4,88,4,50,42,92
237358,7,999,1,18,35,3,5,53,8,21,40,61
237358,7,999,2,18,35,3,5,53,8,21,40,61
237358,8,5,1,14,17,1,0,31,1,15,17,32
237358,8,5,2,14,17,1,0,31,1,15,17,32
237358,9,6,1,1,11,2,2,12,4,3,13,16
237358,9,6,2,1,11,2,2,12,4,3,13,16
237358,10,7,1,1,3,0,1,4,1,1,4,5
237358,10,7,2,1,3,0,1,4,1,1,4,5
237358,11,8,1,2,4,0,1,6,1,2,5,7
237358,11,8,2,2,4,0,1,6,1,2,5,7
237358,12,9,1,0,0,0,1,0,1,0,1,1
237358,12,9,2,0,0,0,1,0,1,0,1,1
237473,1,412,1,67,40,0,0,107,0,67,40,107
237473,1,112,2,67,40,0,0,107,0,67,40,107
237473,2,999,1,42,13,0,0,55,0,42,13,55
237473,2,999,2,42,13,0,0,55,0,42,13,55
237473,4,2,1,20,2,0,0,22,0,20,2,22
237473,4,2,2,20,2,0,0,22,0,20,2,22
237473,5,3,1,14,2,0,0,16,0,14,2,16
237473,5,3,2,14,2,0,0,16,0,14,2,16
237473,6,4,1,8,9,0,0,17,0,8,9,17
237473,6,4,2,8,9,0,0,17,0,8,9,17
237473,7,999,1,25,26,0,0,51,0,25,26,51
237473,7,999,2,25,26,0,0,51,0,25,26,51
237473,8,5,1,9,12,0,0,21,0,9,12,21
237473,8,5,2,9,12,0,0,21,0,9,12,21
237473,9,6,1,8,6,0,0,14,0,8,6,14
237473,9,6,2,8,6,0,0,14,0,8,6,14
237473,10,7,1,4,1,0,0,5,0,4,1,5
237473,10,7,2,4,1,0,0,5,0,4,1,5
237473,11,8,1,2,4,0,0,6,0,2,4,6
237473,11,8,2,2,4,0,0,6,0,2,4,6
237473,12,9,1,2,3,0,0,5,0,2,3,5
237473,12,9,2,2,3,0,0,5,0,2,3,5
237473,14,11,1,0,1,0,0,1,0,0,1,1
237473,14,11,2,0,1,0,0,1,0,0,1,1
237525,1,412,1,3733,5256,1072,1897,8989,2969,4805,7153,11958
237525,1,112,2,2956,4046,713,1057,7002,1770,3669,5103,8772
237525,1,312,5,777,1210,359,840,1987,1199,1136,2050,3186
237525,2,999,1,2986,4234,587,900,7220,1487,3573,5134,8707
237525,2,999,2,2668,3667,551,828,6335,1379,3219,4495,7714
237525,2,999,5,318,567,36,72,885,108,354,639,993
237525,3,1,1,10,26,346,590,36,936,356,616,972
237525,3,1,2,10,26,346,590,36,936,356,616,972
237525,4,2,1,1079,1678,95,108,2757,203,1174,1786,2960
237525,4,2,2,1079,1678,95,108,2757,203,1174,1786,2960
237525,5,3,1,1045,1479,29,34,2524,63,1074,1513,2587
237525,5,3,2,1023,1433,28,34,2456,62,1051,1467,2518
237525,5,3,5,22,46,1,0,68,1,23,46,69
237525,6,4,1,852,1051,117,168,1903,285,969,1219,2188
237525,6,4,2,556,530,82,96,1086,178,638,626,1264
237525,6,4,5,296,521,35,72,817,107,331,593,924
237525,7,999,1,746,1022,485,997,1768,1482,1231,2019,3250
237525,7,999,2,287,379,162,229,666,391,449,608,1057
237525,7,999,5,459,643,323,768,1102,1091,782,1411,2193
237525,8,5,1,457,548,137,267,1005,404,594,815,1409
237525,8,5,2,159,177,57,81,336,138,216,258,474
237525,8,5,5,298,371,80,186,669,266,378,557,935
237525,9,6,1,135,189,105,180,324,285,240,369,609
237525,9,6,2,54,85,25,45,139,70,79,130,209
237525,9,6,5,81,104,80,135,185,215,161,239,400
237525,10,7,1,68,106,90,145,174,235,158,251,409
237525,10,7,2,32,38,28,29,70,57,60,67,127
237525,10,7,5,36,68,62,116,104,178,98,184,282
237525,11,8,1,58,137,94,275,195,369,152,412,564
237525,11,8,2,31,68,27,47,99,74,58,115,173
237525,11,8,5,27,69,67,228,96,295,94,297,391
237525,12,9,1,28,40,53,126,68,179,81,166,247
237525,12,9,2,11,11,22,27,22,49,33,38,71
237525,12,9,5,17,29,31,99,46,130,48,128,176
237525,13,10,1,0,2,6,4,2,10,6,6,12
237525,13,10,2,0,0,3,0,0,3,3,0,3
237525,13,10,5,0,2,3,4,2,7,3,6,9
237525,14,11,1,1,0,0,0,1,0,1,0,1
237525,14,11,2,1,0,0,0,1,0,1,0,1
237570,1,412,1,5,64,0,0,69,0,5,64,69
237570,1,112,2,5,64,0,0,69,0,5,64,69
237570,2,999,1,2,42,0,0,44,0,2,42,44
237570,2,999,2,2,42,0,0,44,0,2,42,44
237570,3,1,1,0,1,0,0,1,0,0,1,1
237570,3,1,2,0,1,0,0,1,0,0,1,1
237570,4,2,1,0,22,0,0,22,0,0,22,22
237570,4,2,2,0,22,0,0,22,0,0,22,22
237570,5,3,1,2,10,0,0,12,0,2,10,12
237570,5,3,2,2,10,0,0,12,0,2,10,12
237570,6,4,1,0,9,0,0,9,0,0,9,9
237570,6,4,2,0,9,0,0,9,0,0,9,9
237570,7,999,1,3,22,0,0,25,0,3,22,25
237570,7,999,2,3,22,0,0,25,0,3,22,25
237570,8,5,1,1,7,0,0,8,0,1,7,8
237570,8,5,2,1,7,0,0,8,0,1,7,8
237570,9,6,1,1,10,0,0,11,0,1,10,11
237570,9,6,2,1,10,0,0,11,0,1,10,11
237570,10,7,1,0,4,0,0,4,0,0,4,4
237570,10,7,2,0,4,0,0,4,0,0,4,4
237570,12,9,1,1,1,0,0,2,0,1,1,2
237570,12,9,2,1,1,0,0,2,0,1,1,2
237701,1,412,1,439,493,85,176,932,261,524,669,1193
237701,1,112,2,439,493,85,176,932,261,524,669,1193
237701,2,999,1,411,452,81,141,863,222,492,593,1085
237701,2,999,2,411,452,81,141,863,222,492,593,1085
237701,3,1,1,5,4,51,106,9,157,56,110,166
237701,3,1,2,5,4,51,106,9,157,56,110,166
237701,4,2,1,243,312,13,21,555,34,256,333,589
237701,4,2,2,243,312,13,21,555,34,256,333,589
237701,5,3,1,130,105,8,8,235,16,138,113,251
237701,5,3,2,130,105,8,8,235,16,138,113,251
237701,6,4,1,33,31,9,6,64,15,42,37,79
237701,6,4,2,33,31,9,6,64,15,42,37,79
237701,7,999,1,28,41,4,35,69,39,32,76,108
237701,7,999,2,28,41,4,35,69,39,32,76,108
237701,8,5,1,13,20,1,12,33,13,14,32,46
237701,8,5,2,13,20,1,12,33,13,14,32,46
237701,9,6,1,3,9,0,6,12,6,3,15,18
237701,9,6,2,3,9,0,6,12,6,3,15,18
237701,10,7,1,4,7,0,5,11,5,4,12,16
237701,10,7,2,4,7,0,5,11,5,4,12,16
237701,11,8,1,4,3,1,8,7,9,5,11,16
237701,11,8,2,4,3,1,8,7,9,5,11,16
237701,12,9,1,4,2,2,4,6,6,6,6,12
237701,12,9,2,4,2,2,4,6,6,6,6,12
237792,1,412,1,982,1400,234,543,2382,777,1216,1943,3159
237792,1,112,2,938,1317,176,285,2255,461,1114,1602,2716
237792,1,312,5,44,83,58,258,127,316,102,341,443
237792,2,999,1,870,1226,108,225,2096,333,978,1451,2429
237792,2,999,2,848,1198,102,197,2046,299,950,1395,2345
237792,2,999,5,22,28,6,28,50,34,28,56,84
237792,3,1,1,2,13,51,113,15,164,53,126,179
237792,3,1,2,2,13,51,113,15,164,53,126,179
237792,4,2,1,306,499,10,20,805,30,316,519,835
237792,4,2,2,306,499,10,20,805,30,316,519,835
237792,5,3,1,375,496,11,23,871,34,386,519,905
237792,5,3,2,373,495,11,23,868,34,384,518,902
237792,5,3,5,2,1,0,0,3,0,2,1,3
237792,6,4,1,187,218,36,69,405,105,223,287,510
237792,6,4,2,167,191,30,41,358,71,197,232,429
237792,6,4,5,20,27,6,28,47,34,26,55,81
237792,7,999,1,112,174,126,318,286,444,238,492,730
237792,7,999,2,90,119,74,88,209,162,164,207,371
237792,7,999,5,22,55,52,230,77,282,74,285,359
237792,8,5,1,63,77,32,64,140,96,95,141,236
237792,8,5,2,52,61,25,23,113,48,77,84,161
237792,8,5,5,11,16,7,41,27,48,18,57,75
237792,9,6,1,20,29,30,60,49,90,50,89,139
237792,9,6,2,17,17,17,15,34,32,34,32,66
237792,9,6,5,3,12,13,45,15,58,16,57,73
237792,10,7,1,15,29,21,54,44,75,36,83,119
237792,10,7,2,12,20,10,16,32,26,22,36,58
237792,10,7,5,3,9,11,38,12,49,14,47,61
237792,11,8,1,10,30,28,87,40,115,38,117,155
237792,11,8,2,7,18,13,21,25,34,20,39,59
237792,11,8,5,3,12,15,66,15,81,18,78,96
237792,12,9,1,2,9,14,49,11,63,16,58,74
237792,12,9,2,0,3,9,11,3,20,9,14,23
237792,12,9,5,2,6,5,38,8,43,7,44,51
237792,13,10,1,2,0,1,4,2,5,3,4,7
237792,13,10,2,2,0,0,2,2,2,2,2,4
237792,13,10,5,0,0,1,2,0,3,1,2,3
237817,1,412,1,322,718,146,288,1040,434,468,1006,1474
237817,1,112,2,322,718,146,288,1040,434,468,1006,1474
237817,2,999,1,257,523,105,196,780,301,362,719,1081
237817,2,999,2,257,523,105,196,780,301,362,719,1081
237817,3,1,1,3,11,40,90,14,130,43,101,144
237817,3,1,2,3,11,40,90,14,130,43,101,144
237817,4,2,1,143,315,17,29,458,46,160,344,504
237817,4,2,2,143,315,17,29,458,46,160,344,504
237817,5,3,1,76,116,21,54,192,75,97,170,267
237817,5,3,2,76,116,21,54,192,75,97,170,267
237817,6,4,1,35,81,27,23,116,50,62,104,166
237817,6,4,2,35,81,27,23,116,50,62,104,166
237817,7,999,1,65,195,41,92,260,133,106,287,393
237817,7,999,2,65,195,41,92,260,133,106,287,393
237817,8,5,1,24,76,16,29,100,45,40,105,145
237817,8,5,2,24,76,16,29,100,45,40,105,145
237817,9,6,1,11,33,11,17,44,28,22,50,72
237817,9,6,2,11,33,11,17,44,28,22,50,72
237817,10,7,1,13,27,6,20,40,26,19,47,66
237817,10,7,2,13,27,6,20,40,26,19,47,66
237817,11,8,1,11,48,5,15,59,20,16,63,79
237817,11,8,2,11,48,5,15,59,20,16,63,79
237817,12,9,1,6,11,2,10,17,12,8,21,29
237817,12,9,2,6,11,2,10,17,12,8,21,29
237817,13,10,1,0,0,1,1,0,2,1,1,2
237817,13,10,2,0,0,1,1,0,2,1,1,2
237899,1,412,1,710,850,816,1262,1560,2078,1526,2112,3638
237899,1,112,2,679,819,793,1211,1498,2004,1472,2030,3502
237899,1,312,5,31,31,23,51,62,74,54,82,136
237899,2,999,1,603,695,750,1138,1298,1888,1353,1833,3186
237899,2,999,2,585,687,745,1126,1272,1871,1330,1813,3143
237899,2,999,5,18,8,5,12,26,17,23,20,43
237899,3,1,1,26,45,559,939,71,1498,585,984,1569
237899,3,1,2,26,45,559,939,71,1498,585,984,1569
237899,4,2,1,234,242,82,115,476,197,316,357,673
237899,4,2,2,234,242,82,115,476,197,316,357,673
237899,5,3,1,193,256,73,48,449,121,266,304,570
237899,5,3,2,193,256,73,48,449,121,266,304,570
237899,6,4,1,150,152,36,36,302,72,186,188,374
237899,6,4,2,132,144,31,24,276,55,163,168,331
237899,6,4,5,18,8,5,12,26,17,23,20,43
237899,7,999,1,107,155,66,124,262,190,173,279,452
237899,7,999,2,94,132,48,85,226,133,142,217,359
237899,7,999,5,13,23,18,39,36,57,31,62,93
237899,8,5,1,46,60,15,23,106,38,61,83,144
237899,8,5,2,40,48,10,14,88,24,50,62,112
237899,8,5,5,6,12,5,9,18,14,11,21,32
237899,9,6,1,22,29,19,23,51,42,41,52,93
237899,9,6,2,19,24,15,18,43,33,34,42,76
237899,9,6,5,3,5,4,5,8,9,7,10,17
237899,10,7,1,17,29,8,22,46,30,25,51,76
237899,10,7,2,16,26,6,13,42,19,22,39,61
237899,10,7,5,1,3,2,9,4,11,3,12,15
237899,11,8,1,15,25,17,32,40,49,32,57,89
237899,11,8,2,14,23,11,21,37,32,25,44,69
237899,11,8,5,1,2,6,11,3,17,7,13,20
237899,12,9,1,7,12,5,19,19,24,12,31,43
237899,12,9,2,5,11,4,15,16,19,9,26,35
237899,12,9,5,2,1,1,4,3,5,3,5,8
237899,13,10,1,0,0,2,5,0,7,2,5,7
237899,13,10,2,0,0,2,4,0,6,2,4,6
237899,13,10,5,0,0,0,1,0,1,0,1,1
237905,1,412,1,11,53,0,0,64,0,11,53,64
237905,1,112,2,10,47,0,0,57,0,10,47,57
237905,1,312,5,1,6,0,0,7,0,1,6,7
237905,2,999,1,6,35,0,0,41,0,6,35,41
237905,2,999,2,5,29,0,0,34,0,5,29,34
237905,2,999,5,1,6,0,0,7,0,1,6,7
237905,4,2,1,0,5,0,0,5,0,0,5,5
237905,4,2,2,0,5,0,0,5,0,0,5,5
237905,5,3,1,4,13,0,0,17,0,4,13,17
237905,5,3,2,4,13,0,0,17,0,4,13,17
237905,6,4,1,2,17,0,0,19,0,2,17,19
237905,6,4,2,1,11,0,0,12,0,1,11,12
237905,6,4,5,1,6,0,0,7,0,1,6,7
237905,7,999,1,5,18,0,0,23,0,5,18,23
237905,7,999,2,5,18,0,0,23,0,5,18,23
237905,8,5,1,4,11,0,0,15,0,4,11,15
237905,8,5,2,4,11,0,0,15,0,4,11,15
237905,9,6,1,1,6,0,0,7,0,1,6,7
237905,9,6,2,1,6,0,0,7,0,1,6,7
237905,10,7,1,0,1,0,0,1,0,0,1,1
237905,10,7,2,0,1,0,0,1,0,0,1,1
237950,1,412,1,586,499,197,363,1085,560,783,862,1645
237950,1,112,2,586,499,197,363,1085,560,783,862,1645
237950,2,999,1,536,466,173,349,1002,522,709,815,1524
237950,2,999,2,536,466,173,349,1002,522,709,815,1524
237950,3,1,1,2,1,120,297,3,417,122,298,420
237950,3,1,2,2,1,120,297,3,417,122,298,420
237950,4,2,1,214,204,28,38,418,66,242,242,484
237950,4,2,2,214,204,28,38,418,66,242,242,484
237950,5,3,1,225,179,9,6,404,15,234,185,419
237950,5,3,2,225,179,9,6,404,15,234,185,419
237950,6,4,1,95,82,16,8,177,24,111,90,201
237950,6,4,2,95,82,16,8,177,24,111,90,201
237950,7,999,1,50,33,24,14,83,38,74,47,121
237950,7,999,2,50,33,24,14,83,38,74,47,121
237950,8,5,1,29,12,9,2,41,11,38,14,52
237950,8,5,2,29,12,9,2,41,11,38,14,52
237950,9,6,1,10,7,5,1,17,6,15,8,23
237950,9,6,2,10,7,5,1,17,6,15,8,23
237950,10,7,1,7,4,4,4,11,8,11,8,19
237950,10,7,2,7,4,4,4,11,8,11,8,19
237950,11,8,1,3,8,3,4,11,7,6,12,18
237950,11,8,2,3,8,3,4,11,7,6,12,18
237950,12,9,1,1,2,3,3,3,6,4,5,9
237950,12,9,2,1,2,3,3,3,6,4,5,9
237969,1,412,1,469,583,4,10,1052,14,473,593,1066
237969,1,112,2,448,523,3,5,971,8,451,528,979
237969,1,312,5,21,60,1,5,81,6,22,65,87
237969,2,999,1,454,528,3,5,982,8,457,533,990
237969,2,999,2,444,514,3,4,958,7,447,518,965
237969,2,999,5,10,14,0,1,24,1,10,15,25
237969,3,1,1,2,5,0,1,7,1,2,6,8
237969,3,1,2,2,5,0,1,7,1,2,6,8
237969,4,2,1,214,243,0,0,457,0,214,243,457
237969,4,2,2,214,243,0,0,457,0,214,243,457
237969,5,3,1,183,235,1,0,418,1,184,235,419
237969,5,3,2,183,235,1,0,418,1,184,235,419
237969,6,4,1,55,45,2,4,100,6,57,49,106
237969,6,4,2,45,31,2,3,76,5,47,34,81
237969,6,4,5,10,14,0,1,24,1,10,15,25
237969,7,999,1,15,54,1,5,69,6,16,59,75
237969,7,999,2,4,8,0,1,12,1,4,9,13
237969,7,999,5,11,46,1,4,57,5,12,50,62
237969,8,5,1,9,19,0,2,28,2,9,21,30
237969,8,5,2,2,3,0,1,5,1,2,4,6
237969,8,5,5,7,16,0,1,23,1,7,17,24
237969,9,6,1,3,12,0,2,15,2,3,14,17
237969,9,6,2,1,5,0,0,6,0,1,5,6
237969,9,6,5,2,7,0,2,9,2,2,9,11
237969,10,7,1,2,9,0,1,11,1,2,10,12
237969,10,7,5,2,9,0,1,11,1,2,10,12
237969,11,8,1,1,8,0,0,9,0,1,8,9
237969,11,8,2,1,0,0,0,1,0,1,0,1
237969,11,8,5,0,8,0,0,8,0,0,8,8
237969,12,9,1,0,3,0,0,3,0,0,3,3
237969,12,9,5,0,3,0,0,3,0,0,3,3
237969,13,10,1,0,3,1,0,3,1,1,3,4
237969,13,10,5,0,3,1,0,3,1,1,3,4
237969,14,11,1,0,1,0,0,1,0,0,1,1
237969,14,11,2,0,1,0,0,1,0,0,1,1
238032,1,412,1,11148,11794,1434,1893,22942,3327,12582,13687,26269
238032,1,112,2,9209,9517,756,1013,18726,1769,9965,10530,20495
238032,1,312,5,1939,2277,678,880,4216,1558,2617,3157,5774
238032,2,999,1,9780,10606,672,953,20386,1625,10452,11559,22011
238032,2,999,2,8909,9327,592,798,18236,1390,9501,10125,19626
238032,2,999,5,871,1279,80,155,2150,235,951,1434,2385
238032,3,1,1,25,36,242,483,61,725,267,519,786
238032,3,1,2,25,36,242,483,61,725,267,519,786
238032,4,2,1,3540,4272,67,77,7812,144,3607,4349,7956
238032,4,2,2,3539,4272,67,77,7811,144,3606,4349,7955
238032,4,2,5,1,0,0,0,1,0,1,0,1
238032,5,3,1,3752,4104,62,88,7856,150,3814,4192,8006
238032,5,3,2,3713,3994,60,84,7707,144,3773,4078,7851
238032,5,3,5,39,110,2,4,149,6,41,114,155
238032,6,4,1,2463,2194,301,305,4657,606,2764,2499,5263
238032,6,4,2,1632,1025,223,154,2657,377,1855,1179,3034
238032,6,4,5,831,1169,78,151,2000,229,909,1320,2229
238032,7,999,1,1368,1185,762,940,2553,1702,2130,2125,4255
238032,7,999,2,300,190,164,215,490,379,464,405,869
238032,7,999,5,1068,995,598,725,2063,1323,1666,1720,3386
238032,8,5,1,879,765,272,332,1644,604,1151,1097,2248
238032,8,5,2,227,106,83,75,333,158,310,181,491
238032,8,5,5,652,659,189,257,1311,446,841,916,1757
238032,9,6,1,278,222,188,189,500,377,466,411,877
238032,9,6,2,45,36,35,40,81,75,80,76,156
238032,9,6,5,233,186,153,149,419,302,386,335,721
238032,10,7,1,113,101,129,133,214,262,242,234,476
238032,10,7,2,14,21,21,30,35,51,35,51,86
238032,10,7,5,99,80,108,103,179,211,207,183,390
238032,11,8,1,77,78,113,177,155,290,190,255,445
238032,11,8,2,11,22,19,35,33,54,30,57,87
238032,11,8,5,66,56,94,142,122,236,160,198,358
238032,12,9,1,19,19,59,104,38,163,78,123,201
238032,12,9,2,3,5,6,34,8,40,9,39,48
238032,12,9,5,16,14,53,70,30,123,69,84,153
238032,13,10,1,2,0,1,5,2,6,3,5,8
238032,13,10,2,0,0,0,1,0,1,0,1,1
238032,13,10,5,2,0,1,4,2,5,3,4,7
238032,14,11,1,0,3,0,0,3,0,0,3,3
238032,14,11,5,0,3,0,0,3,0,0,3,3
238193,1,412,1,64,1317,47,448,1381,495,111,1765,1876
238193,1,112,2,14,850,14,221,864,235,28,1071,1099
238193,1,312,5,50,467,33,227,517,260,83,694,777
238193,2,999,1,15,815,6,98,830,104,21,913,934
238193,2,999,2,8,708,2,74,716,76,10,782,792
238193,2,999,5,7,107,4,24,114,28,11,131,142
238193,3,1,1,0,8,0,5,8,5,0,13,13
238193,3,1,2,0,8,0,5,8,5,0,13,13
238193,4,2,1,0,238,0,6,238,6,0,244,244
238193,4,2,2,0,238,0,6,238,6,0,244,244
238193,5,3,1,0,288,0,17,288,17,0,305,305
238193,5,3,2,0,283,0,17,283,17,0,300,300
238193,5,3,5,0,5,0,0,5,0,0,5,5
238193,6,4,1,15,281,6,70,296,76,21,351,372
238193,6,4,2,8,179,2,46,187,48,10,225,235
238193,6,4,5,7,102,4,24,109,28,11,126,137
238193,7,999,1,49,502,41,350,551,391,90,852,942
238193,7,999,2,6,142,12,147,148,159,18,289,307
238193,7,999,5,43,360,29,203,403,232,72,563,635
238193,8,5,1,12,196,11,110,208,121,23,306,329
238193,8,5,2,4,65,1,51,69,52,5,116,121
238193,8,5,5,8,131,10,59,139,69,18,190,208
238193,9,6,1,9,131,12,77,140,89,21,208,229
238193,9,6,2,1,44,4,36,45,40,5,80,85
238193,9,6,5,8,87,8,41,95,49,16,128,144
238193,10,7,1,7,70,5,57,77,62,12,127,139
238193,10,7,2,0,14,2,27,14,29,2,41,43
238193,10,7,5,7,56,3,30,63,33,10,86,96
238193,11,8,1,12,71,10,69,83,79,22,140,162
238193,11,8,2,1,13,3,23,14,26,4,36,40
238193,11,8,5,11,58,7,46,69,53,18,104,122
238193,12,9,1,8,34,3,37,42,40,11,71,82
238193,12,9,2,0,6,2,10,6,12,2,16,18
238193,12,9,5,8,28,1,27,36,28,9,55,64
238193,13,10,1,1,0,0,0,1,0,1,0,1
238193,13,10,5,1,0,0,0,1,0,1,0,1
238263,1,412,1,1681,1957,3830,5589,3638,9419,5511,7546,13057
238263,1,112,2,1677,1945,3824,5575,3622,9399,5501,7520,13021
238263,1,312,5,4,12,6,14,16,20,10,26,36
238263,2,999,1,1303,1480,2641,3244,2783,5885,3944,4724,8668
238263,2,999,2,1301,1478,2640,3241,2779,5881,3941,4719,8660
238263,2,999,5,2,2,1,3,4,4,3,5,8
238263,3,1,1,99,135,919,906,234,1825,1018,1041,2059
238263,3,1,2,99,135,919,906,234,1825,1018,1041,2059
238263,4,2,1,566,652,747,861,1218,1608,1313,1513,2826
238263,4,2,2,566,652,747,861,1218,1608,1313,1513,2826
238263,5,3,1,399,445,513,730,844,1243,912,1175,2087
238263,5,3,2,399,445,513,730,844,1243,912,1175,2087
238263,6,4,1,239,248,462,747,487,1209,701,995,1696
238263,6,4,2,237,246,461,744,483,1205,698,990,1688
238263,6,4,5,2,2,1,3,4,4,3,5,8
238263,7,999,1,377,477,1188,2345,854,3533,1565,2822,4387
238263,7,999,2,375,467,1183,2334,842,3517,1558,2801,4359
238263,7,999,5,2,10,5,11,12,16,7,21,28
238263,8,5,1,195,238,453,853,433,1306,648,1091,1739
238263,8,5,2,195,232,452,847,427,1299,647,1079,1726
238263,8,5,5,0,6,1,6,6,7,1,12,13
238263,9,6,1,80,114,284,553,194,837,364,667,1031
238263,9,6,2,79,110,282,551,189,833,361,661,1022
238263,9,6,5,1,4,2,2,5,4,3,6,9
238263,10,7,1,61,52,169,350,113,519,230,402,632
238263,10,7,2,61,52,169,350,113,519,230,402,632
238263,11,8,1,23,48,185,408,71,593,208,456,664
238263,11,8,2,22,48,184,406,70,590,206,454,660
238263,11,8,5,1,0,1,2,1,3,2,2,4
238263,12,9,1,18,23,88,177,41,265,106,200,306
238263,12,9,2,18,23,87,176,41,263,105,199,304
238263,12,9,5,0,0,1,1,0,2,1,1,2
238263,13,10,1,0,2,9,4,2,13,9,6,15
238263,13,10,2,0,2,9,4,2,13,9,6,15
238263,14,11,1,1,0,1,0,1,1,2,0,2
238263,14,11,2,1,0,1,0,1,1,2,0,2
238397,1,412,1,229,340,526,1137,569,1663,755,1477,2232
238397,1,112,2,229,340,526,1137,569,1663,755,1477,2232
238397,2,999,1,151,192,292,530,343,822,443,722,1165
238397,2,999,2,151,192,292,530,343,822,443,722,1165
238397,3,1,1,2,0,24,40,2,64,26,40,66
238397,3,1,2,2,0,24,40,2,64,26,40,66
238397,4,2,1,75,93,92,143,168,235,167,236,403
238397,4,2,2,75,93,92,143,168,235,167,236,403
238397,5,3,1,44,51,92,169,95,261,136,220,356
238397,5,3,2,44,51,92,169,95,261,136,220,356
238397,6,4,1,30,48,84,178,78,262,114,226,340
238397,6,4,2,30,48,84,178,78,262,114,226,340
238397,7,999,1,78,148,234,607,226,841,312,755,1067
238397,7,999,2,78,148,234,607,226,841,312,755,1067
238397,8,5,1,30,63,90,213,93,303,120,276,396
238397,8,5,2,30,63,90,213,93,303,120,276,396
238397,9,6,1,23,35,55,159,58,214,78,194,272
238397,9,6,2,23,35,55,159,58,214,78,194,272
238397,10,7,1,13,23,34,114,36,148,47,137,184
238397,10,7,2,13,23,34,114,36,148,47,137,184
238397,11,8,1,9,23,40,84,32,124,49,107,156
238397,11,8,2,9,23,40,84,32,124,49,107,156
238397,12,9,1,2,4,14,36,6,50,16,40,56
238397,12,9,2,2,4,14,36,6,50,16,40,56
238397,13,10,1,1,0,1,1,1,2,2,1,3
238397,13,10,2,1,0,1,1,1,2,2,1,3
238722,1,412,1,980,845,5221,4665,1825,9886,6201,5510,11711
238722,1,112,2,980,845,5221,4665,1825,9886,6201,5510,11711
238722,2,999,1,753,601,3639,3378,1354,7017,4392,3979,8371
238722,2,999,2,753,601,3639,3378,1354,7017,4392,3979,8371
238722,3,1,1,21,21,2096,2063,42,4159,2117,2084,4201
238722,3,1,2,21,21,2096,2063,42,4159,2117,2084,4201
238722,4,2,1,425,308,668,553,733,1221,1093,861,1954
238722,4,2,2,425,308,668,553,733,1221,1093,861,1954
238722,5,3,1,197,174,433,383,371,816,630,557,1187
238722,5,3,2,197,174,433,383,371,816,630,557,1187
238722,6,4,1,110,98,442,379,208,821,552,477,1029
238722,6,4,2,110,98,442,379,208,821,552,477,1029
238722,7,999,1,227,244,1578,1287,471,2865,1805,1531,3336
238722,7,999,2,227,244,1578,1287,471,2865,1805,1531,3336
238722,8,5,1,106,104,481,450,210,931,587,554,1141
238722,8,5,2,106,104,481,450,210,931,587,554,1141
238722,9,6,1,50,53,342,271,103,613,392,324,716
238722,9,6,2,50,53,342,271,103,613,392,324,716
238722,10,7,1,38,38,281,185,76,466,319,223,542
238722,10,7,2,38,38,281,185,76,466,319,223,542
238722,11,8,1,17,36,293,249,53,542,310,285,595
238722,11,8,2,17,36,293,249,53,542,310,285,595
238722,12,9,1,16,13,170,126,29,296,186,139,325
238722,12,9,2,16,13,170,126,29,296,186,139,325
238722,13,10,1,0,0,11,6,0,17,11,6,17
238722,13,10,2,0,0,11,6,0,17,11,6,17
238722,14,11,1,0,0,4,0,0,4,4,0,4
238722,14,11,2,0,0,4,0,0,4,4,0,4
238759,1,412,1,575,670,2814,3780,1245,6594,3389,4450,7839
238759,1,112,2,575,670,2814,3780,1245,6594,3389,4450,7839
238759,2,999,1,416,470,2130,2467,886,4597,2546,2937,5483
238759,2,999,2,416,470,2130,2467,886,4597,2546,2937,5483
238759,3,1,1,6,7,1328,1276,13,2604,1334,1283,2617
238759,3,1,2,6,7,1328,1276,13,2604,1334,1283,2617
238759,4,2,1,237,255,345,425,492,770,582,680,1262
238759,4,2,2,237,255,345,425,492,770,582,680,1262
238759,5,3,1,104,119,237,402,223,639,341,521,862
238759,5,3,2,104,119,237,402,223,639,341,521,862
238759,6,4,1,69,89,220,364,158,584,289,453,742
238759,6,4,2,69,89,220,364,158,584,289,453,742
238759,7,999,1,159,200,683,1311,359,1994,842,1511,2353
238759,7,999,2,159,200,683,1311,359,1994,842,1511,2353
238759,8,5,1,63,81,243,428,144,671,306,509,815
238759,8,5,2,63,81,243,428,144,671,306,509,815
238759,9,6,1,43,43,137,342,86,479,180,385,565
238759,9,6,2,43,43,137,342,86,479,180,385,565
238759,10,7,1,23,23,102,208,46,310,125,231,356
238759,10,7,2,23,23,102,208,46,310,125,231,356
238759,11,8,1,20,37,130,202,57,332,150,239,389
238759,11,8,2,20,37,130,202,57,332,150,239,389
238759,12,9,1,10,15,68,128,25,196,78,143,221
238759,12,9,2,10,15,68,128,25,196,78,143,221
238759,13,10,1,0,1,3,3,1,6,3,4,7
238759,13,10,2,0,1,3,3,1,6,3,4,7
238759,14,11,1,0,0,1,2,0,3,1,2,3
238759,14,11,2,0,0,1,2,0,3,1,2,3
238980,1,412,1,397,510,651,1195,907,1846,1048,1705,2753
238980,1,112,2,363,441,491,817,804,1308,854,1258,2112
238980,1,312,5,34,69,160,378,103,538,194,447,641
238980,2,999,1,305,354,235,349,659,584,540,703,1243
238980,2,999,2,297,344,230,341,641,571,527,685,1212
238980,2,999,5,8,10,5,8,18,13,13,18,31
238980,3,1,1,0,2,38,50,2,88,38,52,90
238980,3,1,2,0,2,38,50,2,88,38,52,90
238980,4,2,1,34,43,147,249,77,396,181,292,473
238980,4,2,2,34,43,147,249,77,396,181,292,473
238980,5,3,1,134,162,14,5,296,19,148,167,315
238980,5,3,2,134,162,14,5,296,19,148,167,315
238980,6,4,1,137,147,36,45,284,81,173,192,365
238980,6,4,2,129,137,31,37,266,68,160,174,334
238980,6,4,5,8,10,5,8,18,13,13,18,31
238980,7,999,1,91,155,409,837,246,1246,500,992,1492
238980,7,999,2,65,96,256,471,161,727,321,567,888
238980,7,999,5,26,59,153,366,85,519,179,425,604
238980,8,5,1,39,53,68,157,92,225,107,210,317
238980,8,5,2,31,30,41,73,61,114,72,103,175
238980,8,5,5,8,23,27,84,31,111,35,107,142
238980,9,6,1,26,48,97,157,74,254,123,205,328
238980,9,6,2,19,30,55,92,49,147,74,122,196
238980,9,6,5,7,18,42,65,25,107,49,83,132
238980,10,7,1,17,24,77,144,41,221,94,168,262
238980,10,7,2,12,17,56,80,29,136,68,97,165
238980,10,7,5,5,7,21,64,12,85,26,71,97
238980,11,8,1,6,20,108,262,26,370,114,282,396
238980,11,8,2,2,13,73,154,15,227,75,167,242
238980,11,8,5,4,7,35,108,11,143,39,115,154
238980,12,9,1,3,10,57,115,13,172,60,125,185
238980,12,9,2,1,6,29,71,7,100,30,77,107
238980,12,9,5,2,4,28,44,6,72,30,48,78
238980,13,10,1,0,0,2,2,0,4,2,2,4
238980,13,10,2,0,0,2,1,0,3,2,1,3
238980,13,10,5,0,0,0,1,0,1,0,1,1
238980,14,11,1,1,1,7,9,2,16,8,10,18
238980,14,11,2,1,1,5,5,2,10,6,6,12
238980,14,11,5,0,0,2,4,0,6,2,4,6
239008,1,412,1,266,264,843,1047,530,1890,1109,1311,2420
239008,1,112,2,266,264,843,1047,530,1890,1109,1311,2420
239008,2,999,1,190,182,419,478,372,897,609,660,1269
239008,2,999,2,190,182,419,478,372,897,609,660,1269
239008,3,1,1,1,3,175,160,4,335,176,163,339
239008,3,1,2,1,3,175,160,4,335,176,163,339
239008,4,2,1,104,81,88,99,185,187,192,180,372
239008,4,2,2,104,81,88,99,185,187,192,180,372
239008,5,3,1,53,52,77,95,105,172,130,147,277
239008,5,3,2,53,52,77,95,105,172,130,147,277
239008,6,4,1,32,46,79,124,78,203,111,170,281
239008,6,4,2,32,46,79,124,78,203,111,170,281
239008,7,999,1,76,82,422,568,158,990,498,650,1148
239008,7,999,2,76,82,422,568,158,990,498,650,1148
239008,8,5,1,36,25,120,196,61,316,156,221,377
239008,8,5,2,36,25,120,196,61,316,156,221,377
239008,9,6,1,17,12,105,120,29,225,122,132,254
239008,9,6,2,17,12,105,120,29,225,122,132,254
239008,10,7,1,9,14,77,90,23,167,86,104,190
239008,10,7,2,9,14,77,90,23,167,86,104,190
239008,11,8,1,11,19,83,115,30,198,94,134,228
239008,11,8,2,11,19,83,115,30,198,94,134,228
239008,12,9,1,2,12,33,46,14,79,35,58,93
239008,12,9,2,2,12,33,46,14,79,35,58,93
239008,13,10,1,1,0,4,1,1,5,5,1,6
239008,13,10,2,1,0,4,1,1,5,5,1,6
239008,14,11,1,0,0,2,1,0,3,2,1,3
239008,14,11,2,0,0,2,1,0,3,2,1,3
239017,1,412,1,619,774,24,13,1393,37,643,787,1430
239017,1,112,2,619,774,24,13,1393,37,643,787,1430
239017,2,999,1,617,772,23,10,1389,33,640,782,1422
239017,2,999,2,617,772,23,10,1389,33,640,782,1422
239017,3,1,1,4,7,2,0,11,2,6,7,13
239017,3,1,2,4,7,2,0,11,2,6,7,13
239017,4,2,1,264,373,6,3,637,9,270,376,646
239017,4,2,2,264,373,6,3,637,9,270,376,646
239017,5,3,1,257,340,10,5,597,15,267,345,612
239017,5,3,2,257,340,10,5,597,15,267,345,612
239017,6,4,1,92,52,5,2,144,7,97,54,151
239017,6,4,2,92,52,5,2,144,7,97,54,151
239017,7,999,1,2,2,1,3,4,4,3,5,8
239017,7,999,2,2,2,1,3,4,4,3,5,8
239017,8,5,1,1,1,1,2,2,3,2,3,5
239017,8,5,2,1,1,1,2,2,3,2,3,5
239017,10,7,1,1,1,0,1,2,1,1,2,3
239017,10,7,2,1,1,0,1,2,1,1,2,3
239105,1,412,1,4459,5800,585,706,10259,1291,5044,6506,11550
239105,1,112,2,3459,4256,169,140,7715,309,3628,4396,8024
239105,1,312,5,1000,1544,416,566,2544,982,1416,2110,3526
239105,2,999,1,3882,5146,204,216,9028,420,4086,5362,9448
239105,2,999,2,3430,4240,145,113,7670,258,3575,4353,7928
239105,2,999,5,452,906,59,103,1358,162,511,1009,1520
239105,3,1,1,16,21,39,33,37,72,55,54,109
239105,3,1,2,16,21,39,33,37,72,55,54,109
239105,4,2,1,1374,1853,27,17,3227,44,1401,1870,3271
239105,4,2,2,1374,1853,27,17,3227,44,1401,1870,3271
239105,5,3,1,1669,2114,38,37,3783,75,1707,2151,3858
239105,5,3,2,1648,2094,37,34,3742,71,1685,2128,3813
239105,5,3,5,21,20,1,3,41,4,22,23,45
239105,6,4,1,823,1158,100,129,1981,229,923,1287,2210
239105,6,4,2,392,272,42,29,664,71,434,301,735
239105,6,4,5,431,886,58,100,1317,158,489,986,1475
239105,7,999,1,577,654,381,490,1231,871,958,1144,2102
239105,7,999,2,29,16,24,27,45,51,53,43,96
239105,7,999,5,548,638,357,463,1186,820,905,1101,2006
239105,8,5,1,357,450,167,204,807,371,524,654,1178
239105,8,5,2,23,11,10,11,34,21,33,22,55
239105,8,5,5,334,439,157,193,773,350,491,632,1123
239105,9,6,1,133,116,95,107,249,202,228,223,451
239105,9,6,2,5,3,4,5,8,9,9,8,17
239105,9,6,5,128,113,91,102,241,193,219,215,434
239105,10,7,1,45,45,56,69,90,125,101,114,215
239105,10,7,2,1,2,3,3,3,6,4,5,9
239105,10,7,5,44,43,53,66,87,119,97,109,206
239105,11,8,1,37,35,49,67,72,116,86,102,188
239105,11,8,2,0,0,3,6,0,9,3,6,9
239105,11,8,5,37,35,46,61,72,107,83,96,179
239105,12,9,1,4,7,14,39,11,53,18,46,64
239105,12,9,2,0,0,4,1,0,5,4,1,5
239105,12,9,5,4,7,10,38,11,48,14,45,59
239105,13,10,1,1,1,0,4,2,4,1,5,6
239105,13,10,2,0,0,0,1,0,1,0,1,1
239105,13,10,5,1,1,0,3,2,3,1,4,5
239169,1,412,1,650,796,12,48,1446,60,662,844,1506
239169,1,312,5,650,796,12,48,1446,60,662,844,1506
239169,2,999,1,225,331,1,5,556,6,226,336,562
239169,2,999,5,225,331,1,5,556,6,226,336,562
239169,5,3,1,8,7,0,0,15,0,8,7,15
239169,5,3,5,8,7,0,0,15,0,8,7,15
239169,6,4,1,217,324,1,5,541,6,218,329,547
239169,6,4,5,217,324,1,5,541,6,218,329,547
239169,7,999,1,425,465,11,43,890,54,436,508,944
239169,7,999,5,425,465,11,43,890,54,436,508,944
239169,8,5,1,351,379,1,12,730,13,352,391,743
239169,8,5,5,351,379,1,12,730,13,352,391,743
239169,9,6,1,55,59,3,13,114,16,58,72,130
239169,9,6,5,55,59,3,13,114,16,58,72,130
239169,10,7,1,16,21,4,6,37,10,20,27,47
239169,10,7,5,16,21,4,6,37,10,20,27,47
239169,11,8,1,2,6,3,8,8,11,5,14,19
239169,11,8,5,2,6,3,8,8,11,5,14,19
239169,12,9,1,1,0,0,4,1,4,1,4,5
239169,12,9,5,1,0,0,4,1,4,1,4,5
239220,1,412,1,335,279,817,1217,614,2034,1152,1496,2648
239220,1,112,2,335,279,817,1217,614,2034,1152,1496,2648
239220,2,999,1,245,175,462,655,420,1117,707,830,1537
239220,2,999,2,245,175,462,655,420,1117,707,830,1537
239220,3,1,1,1,3,145,161,4,306,146,164,310
239220,3,1,2,1,3,145,161,4,306,146,164,310
239220,4,2,1,125,79,94,161,204,255,219,240,459
239220,4,2,2,125,79,94,161,204,255,219,240,459
239220,5,3,1,69,54,99,155,123,254,168,209,377
239220,5,3,2,69,54,99,155,123,254,168,209,377
239220,6,4,1,50,39,124,178,89,302,174,217,391
239220,6,4,2,50,39,124,178,89,302,174,217,391
239220,7,999,1,90,104,349,556,194,905,439,660,1099
239220,7,999,2,90,104,349,556,194,905,439,660,1099
239220,8,5,1,42,44,138,188,86,326,180,232,412
239220,8,5,2,42,44,138,188,86,326,180,232,412
239220,9,6,1,21,16,78,121,37,199,99,137,236
239220,9,6,2,21,16,78,121,37,199,99,137,236
239220,10,7,1,12,18,58,98,30,156,70,116,186
239220,10,7,2,12,18,58,98,30,156,70,116,186
239220,11,8,1,8,17,55,104,25,159,63,121,184
239220,11,8,2,8,17,55,104,25,159,63,121,184
239220,12,9,1,7,9,19,41,16,60,26,50,76
239220,12,9,2,7,9,19,41,16,60,26,50,76
239220,13,10,1,0,0,1,4,0,5,1,4,5
239220,13,10,2,0,0,1,4,0,5,1,4,5
239220,14,11,1,0,0,6,6,0,12,6,6,12
239220,14,11,2,0,0,6,6,0,12,6,6,12
239248,1,412,1,1649,1967,3481,5521,3616,9002,5130,7488,12618
239248,1,112,2,1649,1967,3481,5521,3616,9002,5130,7488,12618
239248,2,999,1,1128,1207,1572,2161,2335,3733,2700,3368,6068
239248,2,999,2,1128,1207,1572,2161,2335,3733,2700,3368,6068
239248,3,1,1,50,54,31,54,104,85,81,108,189
239248,3,1,2,50,54,31,54,104,85,81,108,189
239248,4,2,1,554,505,480,649,1059,1129,1034,1154,2188
239248,4,2,2,554,505,480,649,1059,1129,1034,1154,2188
239248,5,3,1,303,339,487,661,642,1148,790,1000,1790
239248,5,3,2,303,339,487,661,642,1148,790,1000,1790
239248,6,4,1,221,309,574,797,530,1371,795,1106,1901
239248,6,4,2,221,309,574,797,530,1371,795,1106,1901
239248,7,999,1,521,760,1898,3354,1281,5252,2419,4114,6533
239248,7,999,2,521,760,1898,3354,1281,5252,2419,4114,6533
239248,8,5,1,227,346,710,1148,573,1858,937,1494,2431
239248,8,5,2,227,346,710,1148,573,1858,937,1494,2431
239248,9,6,1,137,194,482,828,331,1310,619,1022,1641
239248,9,6,2,137,194,482,828,331,1310,619,1022,1641
239248,10,7,1,66,90,296,557,156,853,362,647,1009
239248,10,7,2,66,90,296,557,156,853,362,647,1009
239248,11,8,1,69,105,261,534,174,795,330,639,969
239248,11,8,2,69,105,261,534,174,795,330,639,969
239248,12,9,1,21,25,136,271,46,407,157,296,453
239248,12,9,2,21,25,136,271,46,407,157,296,453
239248,13,10,1,1,0,13,16,1,29,14,16,30
239248,13,10,2,1,0,13,16,1,29,14,16,30
239248,14,11,1,0,0,11,6,0,17,11,6,17
239248,14,11,2,0,0,11,6,0,17,11,6,17
239309,1,412,1,249,663,3,10,912,13,252,673,925
239309,1,112,2,249,663,3,10,912,13,252,673,925
239309,2,999,1,233,650,3,8,883,11,236,658,894
239309,2,999,2,233,650,3,8,883,11,236,658,894
239309,3,1,1,0,3,0,0,3,0,0,3,3
239309,3,1,2,0,3,0,0,3,0,0,3,3
239309,4,2,1,103,351,0,0,454,0,103,351,454
239309,4,2,2,103,351,0,0,454,0,103,351,454
239309,5,3,1,94,242,0,6,336,6,94,248,342
239309,5,3,2,94,242,0,6,336,6,94,248,342
239309,6,4,1,36,54,3,2,90,5,39,56,95
239309,6,4,2,36,54,3,2,90,5,39,56,95
239309,7,999,1,16,13,0,1,29,1,16,14,30
239309,7,999,2,16,13,0,1,29,1,16,14,30
239309,8,5,1,15,11,0,1,26,1,15,12,27
239309,8,5,2,15,11,0,1,26,1,15,12,27
239309,9,6,1,0,1,0,0,1,0,0,1,1
239309,9,6,2,0,1,0,0,1,0,0,1,1
239309,11,8,1,1,0,0,0,1,0,1,0,1
239309,11,8,2,1,0,0,0,1,0,1,0,1
239309,12,9,1,0,1,0,0,1,0,0,1,1
239309,12,9,2,0,1,0,0,1,0,0,1,1
239309,14,11,1,0,0,0,1,0,1,0,1,1
239309,14,11,2,0,0,0,1,0,1,0,1,1
239318,1,412,1,1769,693,143,68,2462,211,1912,761,2673
239318,1,112,2,1744,668,73,25,2412,98,1817,693,2510
239318,1,312,5,25,25,70,43,50,113,95,68,163
239318,2,999,1,1615,603,47,12,2218,59,1662,615,2277
239318,2,999,2,1607,597,38,11,2204,49,1645,608,2253
239318,2,999,5,8,6,9,1,14,10,17,7,24
239318,3,1,1,4,1,7,2,5,9,11,3,14
239318,3,1,2,4,1,7,2,5,9,11,3,14
239318,4,2,1,607,239,8,2,846,10,615,241,856
239318,4,2,2,607,239,8,2,846,10,615,241,856
239318,5,3,1,682,220,7,3,902,10,689,223,912
239318,5,3,2,682,220,6,3,902,9,688,223,911
239318,5,3,5,0,0,1,0,0,1,1,0,1
239318,6,4,1,322,143,25,5,465,30,347,148,495
239318,6,4,2,314,137,17,4,451,21,331,141,472
239318,6,4,5,8,6,8,1,14,9,16,7,23
239318,7,999,1,154,90,96,56,244,152,250,146,396
239318,7,999,2,137,71,35,14,208,49,172,85,257
239318,7,999,5,17,19,61,42,36,103,78,61,139
239318,8,5,1,99,54,33,20,153,53,132,74,206
239318,8,5,2,91,48,14,3,139,17,105,51,156
239318,8,5,5,8,6,19,17,14,36,27,23,50
239318,9,6,1,40,18,26,17,58,43,66,35,101
239318,9,6,2,35,13,8,6,48,14,43,19,62
239318,9,6,5,5,5,18,11,10,29,23,16,39
239318,10,7,1,5,10,21,10,15,31,26,20,46
239318,10,7,2,4,7,6,3,11,9,10,10,20
239318,10,7,5,1,3,15,7,4,22,16,10,26
239318,11,8,1,10,6,11,7,16,18,21,13,34
239318,11,8,2,7,2,6,2,9,8,13,4,17
239318,11,8,5,3,4,5,5,7,10,8,9,17
239318,12,9,1,0,2,4,1,2,5,4,3,7
239318,12,9,2,0,1,1,0,1,1,1,1,2
239318,12,9,5,0,1,3,1,1,4,3,2,5
239318,13,10,1,0,0,1,1,0,2,1,1,2
239318,13,10,5,0,0,1,1,0,2,1,1,2
239390,1,412,1,37,996,11,156,1033,167,48,1152,1200
239390,1,112,2,0,577,1,61,577,62,1,638,639
239390,1,312,5,37,419,10,95,456,105,47,514,561
239390,2,999,1,4,637,0,26,641,26,4,663,667
239390,2,999,2,0,503,0,20,503,20,0,523,523
239390,2,999,5,4,134,0,6,138,6,4,140,144
239390,3,1,1,0,0,0,3,0,3,0,3,3
239390,3,1,2,0,0,0,3,0,3,0,3,3
239390,4,2,1,0,170,0,5,170,5,0,175,175
239390,4,2,2,0,170,0,5,170,5,0,175,175
239390,5,3,1,0,209,0,5,209,5,0,214,214
239390,5,3,2,0,207,0,4,207,4,0,211,211
239390,5,3,5,0,2,0,1,2,1,0,3,3
239390,6,4,1,4,258,0,13,262,13,4,271,275
239390,6,4,2,0,126,0,8,126,8,0,134,134
239390,6,4,5,4,132,0,5,136,5,4,137,141
239390,7,999,1,33,359,11,120,392,131,44,479,523
239390,7,999,2,0,74,1,31,74,32,1,105,106
239390,7,999,5,33,285,10,89,318,99,43,374,417
239390,8,5,1,17,161,2,39,178,41,19,200,219
239390,8,5,2,0,26,0,12,26,12,0,38,38
239390,8,5,5,17,135,2,27,152,29,19,162,181
239390,9,6,1,6,64,1,20,70,21,7,84,91
239390,9,6,2,0,24,0,6,24,6,0,30,30
239390,9,6,5,6,40,1,14,46,15,7,54,61
239390,10,7,1,3,37,4,15,40,19,7,52,59
239390,10,7,2,0,10,0,5,10,5,0,15,15
239390,10,7,5,3,27,4,10,30,14,7,37,44
239390,11,8,1,4,58,3,24,62,27,7,82,89
239390,11,8,2,0,9,1,5,9,6,1,14,15
239390,11,8,5,4,49,2,19,53,21,6,68,74
239390,12,9,1,3,39,1,20,42,21,4,59,63
239390,12,9,2,0,5,0,3,5,3,0,8,8
239390,12,9,5,3,34,1,17,37,18,4,51,55
239390,13,10,1,0,0,0,2,0,2,0,2,2
239390,13,10,5,0,0,0,2,0,2,0,2,2
239390,14,11,1,0,0,0,10,0,10,0,10,10
239390,14,11,2,0,0,0,10,0,10,0,10,10
239424,1,412,1,57,12,30,7,69,37,87,19,106
239424,1,312,5,57,12,30,7,69,37,87,19,106
239424,2,999,1,3,0,0,0,3,0,3,0,3
239424,2,999,5,3,0,0,0,3,0,3,0,3
239424,6,4,1,3,0,0,0,3,0,3,0,3
239424,6,4,5,3,0,0,0,3,0,3,0,3
239424,7,999,1,54,12,30,7,66,37,84,19,103
239424,7,999,5,54,12,30,7,66,37,84,19,103
239424,8,5,1,14,1,1,0,15,1,15,1,16
239424,8,5,5,14,1,1,0,15,1,15,1,16
239424,9,6,1,11,1,4,1,12,5,15,2,17
239424,9,6,5,11,1,4,1,12,5,15,2,17
239424,10,7,1,7,1,7,3,8,10,14,4,18
239424,10,7,5,7,1,7,3,8,10,14,4,18
239424,11,8,1,6,3,8,0,9,8,14,3,17
239424,11,8,5,6,3,8,0,9,8,14,3,17
239424,12,9,1,15,4,5,2,19,7,20,6,26
239424,12,9,5,15,4,5,2,19,7,20,6,26
239424,13,10,1,1,2,5,1,3,6,6,3,9
239424,13,10,5,1,2,5,1,3,6,6,3,9
239442,1,412,1,101,158,340,637,259,977,441,795,1236
239442,1,112,2,101,158,340,637,259,977,441,795,1236
239442,2,999,1,71,104,251,388,175,639,322,492,814
239442,2,999,2,71,104,251,388,175,639,322,492,814
239442,3,1,1,0,2,126,155,2,281,126,157,283
239442,3,1,2,0,2,126,155,2,281,126,157,283
239442,4,2,1,42,60,62,116,102,178,104,176,280
239442,4,2,2,42,60,62,116,102,178,104,176,280
239442,5,3,1,24,30,38,64,54,102,62,94,156
239442,5,3,2,24,30,38,64,54,102,62,94,156
239442,6,4,1,5,12,25,53,17,78,30,65,95
239442,6,4,2,5,12,25,53,17,78,30,65,95
239442,7,999,1,30,54,89,249,84,338,119,303,422
239442,7,999,2,30,54,89,249,84,338,119,303,422
239442,8,5,1,10,17,32,90,27,122,42,107,149
239442,8,5,2,10,17,32,90,27,122,42,107,149
239442,9,6,1,6,12,21,45,18,66,27,57,84
239442,9,6,2,6,12,21,45,18,66,27,57,84
239442,10,7,1,7,6,14,26,13,40,21,32,53
239442,10,7,2,7,6,14,26,13,40,21,32,53
239442,11,8,1,4,14,12,58,18,70,16,72,88
239442,11,8,2,4,14,12,58,18,70,16,72,88
239442,12,9,1,3,5,10,30,8,40,13,35,48
239442,12,9,2,3,5,10,30,8,40,13,35,48
239460,1,412,1,522,690,1911,2816,1212,4727,2433,3506,5939
239460,1,112,2,522,690,1911,2816,1212,4727,2433,3506,5939
239460,2,999,1,399,503,1409,1954,902,3363,1808,2457,4265
239460,2,999,2,399,503,1409,1954,902,3363,1808,2457,4265
239460,3,1,1,20,23,771,929,43,1700,791,952,1743
239460,3,1,2,20,23,771,929,43,1700,791,952,1743
239460,4,2,1,177,264,405,547,441,952,582,811,1393
239460,4,2,2,177,264,405,547,441,952,582,811,1393
239460,5,3,1,121,147,118,242,268,360,239,389,628
239460,5,3,2,121,147,118,242,268,360,239,389,628
239460,6,4,1,81,69,115,236,150,351,196,305,501
239460,6,4,2,81,69,115,236,150,351,196,305,501
239460,7,999,1,123,183,482,860,306,1342,605,1043,1648
239460,7,999,2,123,183,482,860,306,1342,605,1043,1648
239460,8,5,1,55,72,153,281,127,434,208,353,561
239460,8,5,2,55,72,153,281,127,434,208,353,561
239460,9,6,1,28,42,121,198,70,319,149,240,389
239460,9,6,2,28,42,121,198,70,319,149,240,389
239460,10,7,1,22,26,77,138,48,215,99,164,263
239460,10,7,2,22,26,77,138,48,215,99,164,263
239460,11,8,1,14,28,94,156,42,250,108,184,292
239460,11,8,2,14,28,94,156,42,250,108,184,292
239460,12,9,1,4,15,36,86,19,122,40,101,141
239460,12,9,2,4,15,36,86,19,122,40,101,141
239460,13,10,1,0,0,1,1,0,2,1,1,2
239460,13,10,2,0,0,1,1,0,2,1,1,2
239460,14,11,1,0,4,20,2,4,22,20,6,26
239460,14,11,2,0,4,20,2,4,22,20,6,26
239488,1,412,1,1202,1157,3203,5201,2359,8404,4405,6358,10763
239488,1,112,2,1202,1157,3203,5201,2359,8404,4405,6358,10763
239488,2,999,1,911,801,2525,3279,1712,5804,3436,4080,7516
239488,2,999,2,911,801,2525,3279,1712,5804,3436,4080,7516
239488,3,1,1,50,70,1368,1488,120,2856,1418,1558,2976
239488,3,1,2,50,70,1368,1488,120,2856,1418,1558,2976
239488,4,2,1,437,340,693,798,777,1491,1130,1138,2268
239488,4,2,2,437,340,693,798,777,1491,1130,1138,2268
239488,5,3,1,261,230,257,484,491,741,518,714,1232
239488,5,3,2,261,230,257,484,491,741,518,714,1232
239488,6,4,1,163,161,207,509,324,716,370,670,1040
239488,6,4,2,163,161,207,509,324,716,370,670,1040
239488,7,999,1,291,356,678,1922,647,2600,969,2278,3247
239488,7,999,2,291,356,678,1922,647,2600,969,2278,3247
239488,8,5,1,118,144,229,657,262,886,347,801,1148
239488,8,5,2,118,144,229,657,262,886,347,801,1148
239488,9,6,1,82,83,158,436,165,594,240,519,759
239488,9,6,2,82,83,158,436,165,594,240,519,759
239488,10,7,1,46,50,123,295,96,418,169,345,514
239488,10,7,2,46,50,123,295,96,418,169,345,514
239488,11,8,1,34,58,117,358,92,475,151,416,567
239488,11,8,2,34,58,117,358,92,475,151,416,567
239488,12,9,1,9,19,46,169,28,215,55,188,243
239488,12,9,2,9,19,46,169,28,215,55,188,243
239488,13,10,1,2,2,5,7,4,12,7,9,16
239488,13,10,2,2,2,5,7,4,12,7,9,16
239512,1,412,1,258,287,5,20,545,25,263,307,570
239512,1,112,2,258,287,5,20,545,25,263,307,570
239512,2,999,1,249,276,5,19,525,24,254,295,549
239512,2,999,2,249,276,5,19,525,24,254,295,549
239512,3,1,1,2,4,2,14,6,16,4,18,22
239512,3,1,2,2,4,2,14,6,16,4,18,22
239512,4,2,1,94,134,0,0,228,0,94,134,228
239512,4,2,2,94,134,0,0,228,0,94,134,228
239512,5,3,1,109,117,0,2,226,2,109,119,228
239512,5,3,2,109,117,0,2,226,2,109,119,228
239512,6,4,1,44,21,3,3,65,6,47,24,71
239512,6,4,2,44,21,3,3,65,6,47,24,71
239512,7,999,1,9,11,0,1,20,1,9,12,21
239512,7,999,2,9,11,0,1,20,1,9,12,21
239512,8,5,1,7,5,0,1,12,1,7,6,13
239512,8,5,2,7,5,0,1,12,1,7,6,13
239512,9,6,1,1,3,0,0,4,0,1,3,4
239512,9,6,2,1,3,0,0,4,0,1,3,4
239512,10,7,1,0,2,0,0,2,0,0,2,2
239512,10,7,2,0,2,0,0,2,0,0,2,2
239512,11,8,1,1,1,0,0,2,0,1,1,2
239512,11,8,2,1,1,0,0,2,0,1,1,2
239716,1,412,1,760,1111,30,38,1871,68,790,1149,1939
239716,1,112,2,752,1099,10,6,1851,16,762,1105,1867
239716,1,312,5,8,12,20,32,20,52,28,44,72
239716,2,999,1,746,1100,10,5,1846,15,756,1105,1861
239716,2,999,2,745,1096,9,5,1841,14,754,1101,1855
239716,2,999,5,1,4,1,0,5,1,2,4,6
239716,3,1,1,1,1,5,2,2,7,6,3,9
239716,3,1,2,1,1,5,2,2,7,6,3,9
239716,4,2,1,330,543,0,0,873,0,330,543,873
239716,4,2,2,330,543,0,0,873,0,330,543,873
239716,5,3,1,344,524,0,1,868,1,344,525,869
239716,5,3,2,344,524,0,1,868,1,344,525,869
239716,6,4,1,71,32,5,2,103,7,76,34,110
239716,6,4,2,70,28,4,2,98,6,74,30,104
239716,6,4,5,1,4,1,0,5,1,2,4,6
239716,7,999,1,14,11,20,33,25,53,34,44,78
239716,7,999,2,7,3,1,1,10,2,8,4,12
239716,7,999,5,7,8,19,32,15,51,26,40,66
239716,8,5,1,8,4,5,9,12,14,13,13,26
239716,8,5,2,6,1,1,1,7,2,7,2,9
239716,8,5,5,2,3,4,8,5,12,6,11,17
239716,9,6,1,0,1,3,1,1,4,3,2,5
239716,9,6,5,0,1,3,1,1,4,3,2,5
239716,10,7,1,1,2,1,6,3,7,2,8,10
239716,10,7,5,1,2,1,6,3,7,2,8,10
239716,11,8,1,5,2,4,6,7,10,9,8,17
239716,11,8,2,1,1,0,0,2,0,1,1,2
239716,11,8,5,4,1,4,6,5,10,8,7,15
239716,12,9,1,0,2,6,9,2,15,6,11,17
239716,12,9,2,0,1,0,0,1,0,0,1,1
239716,12,9,5,0,1,6,9,1,15,6,10,16
239716,13,10,1,0,0,1,2,0,3,1,2,3
239716,13,10,5,0,0,1,2,0,3,1,2,3
239877,1,412,1,2,29,1,2,31,3,3,31,34
239877,1,112,2,2,29,1,2,31,3,3,31,34
239877,2,999,1,1,17,0,2,18,2,1,19,20
239877,2,999,2,1,17,0,2,18,2,1,19,20
239877,4,2,1,1,10,0,0,11,0,1,10,11
239877,4,2,2,1,10,0,0,11,0,1,10,11
239877,5,3,1,0,3,0,1,3,1,0,4,4
239877,5,3,2,0,3,0,1,3,1,0,4,4
239877,6,4,1,0,4,0,1,4,1,0,5,5
239877,6,4,2,0,4,0,1,4,1,0,5,5
239877,7,999,1,1,12,1,0,13,1,2,12,14
239877,7,999,2,1,12,1,0,13,1,2,12,14
239877,8,5,1,1,8,0,0,9,0,1,8,9
239877,8,5,2,1,8,0,0,9,0,1,8,9
239877,9,6,1,0,2,0,0,2,0,0,2,2
239877,9,6,2,0,2,0,0,2,0,0,2,2
239877,10,7,1,0,0,1,0,0,1,1,0,1
239877,10,7,2,0,0,1,0,0,1,1,0,1
239877,11,8,1,0,2,0,0,2,0,0,2,2
239877,11,8,2,0,2,0,0,2,0,0,2,2
240107,1,412,1,496,1413,165,442,1909,607,661,1855,2516
240107,1,112,2,371,1072,71,222,1443,293,442,1294,1736
240107,1,312,5,125,341,94,220,466,314,219,561,780
240107,2,999,1,358,984,25,66,1342,91,383,1050,1433
240107,2,999,2,332,940,23,59,1272,82,355,999,1354
240107,2,999,5,26,44,2,7,70,9,28,51,79
240107,3,1,1,4,7,5,4,11,9,9,11,20
240107,3,1,2,4,7,5,4,11,9,9,11,20
240107,4,2,1,126,380,1,9,506,10,127,389,516
240107,4,2,2,126,380,1,9,506,10,127,389,516
240107,5,3,1,131,404,1,2,535,3,132,406,538
240107,5,3,2,130,403,1,2,533,3,131,405,536
240107,5,3,5,1,1,0,0,2,0,1,1,2
240107,6,4,1,97,193,18,51,290,69,115,244,359
240107,6,4,2,72,150,16,44,222,60,88,194,282
240107,6,4,5,25,43,2,7,68,9,27,50,77
240107,7,999,1,138,429,140,376,567,516,278,805,1083
240107,7,999,2,39,132,48,163,171,211,87,295,382
240107,7,999,5,99,297,92,213,396,305,191,510,701
240107,8,5,1,39,128,27,87,167,114,66,215,281
240107,8,5,2,14,44,11,38,58,49,25,82,107
240107,8,5,5,25,84,16,49,109,65,41,133,174
240107,9,6,1,40,92,27,69,132,96,67,161,228
240107,9,6,2,6,22,8,30,28,38,14,52,66
240107,9,6,5,34,70,19,39,104,58,53,109,162
240107,10,7,1,21,59,25,54,80,79,46,113,159
240107,10,7,2,1,14,5,20,15,25,6,34,40
240107,10,7,5,20,45,20,34,65,54,40,79,119
240107,11,8,1,23,114,42,105,137,147,65,219,284
240107,11,8,2,12,39,14,43,51,57,26,82,108
240107,11,8,5,11,75,28,62,86,90,39,137,176
240107,12,9,1,14,34,18,58,48,76,32,92,124
240107,12,9,2,6,12,10,31,18,41,16,43,59
240107,12,9,5,8,22,8,27,30,35,16,49,65
240107,13,10,1,1,2,1,3,3,4,2,5,7
240107,13,10,2,0,1,0,1,1,1,0,2,2
240107,13,10,5,1,1,1,2,2,3,2,3,5
240189,1,412,1,4778,4672,1184,1355,9450,2539,5962,6027,11989
240189,1,112,2,4589,4357,684,793,8946,1477,5273,5150,10423
240189,1,312,5,189,315,500,562,504,1062,689,877,1566
240189,2,999,1,4444,4238,525,624,8682,1149,4969,4862,9831
240189,2,999,2,4370,4083,460,536,8453,996,4830,4619,9449
240189,2,999,5,74,155,65,88,229,153,139,243,382
240189,3,1,1,8,16,76,225,24,301,84,241,325
240189,3,1,2,8,16,76,225,24,301,84,241,325
240189,4,2,1,1727,1686,68,77,3413,145,1795,1763,3558
240189,4,2,2,1727,1686,68,77,3413,145,1795,1763,3558
240189,5,3,1,1816,1698,118,99,3514,217,1934,1797,3731
240189,5,3,2,1811,1691,117,95,3502,212,1928,1786,3714
240189,5,3,5,5,7,1,4,12,5,6,11,17
240189,6,4,1,893,838,263,223,1731,486,1156,1061,2217
240189,6,4,2,824,690,199,139,1514,338,1023,829,1852
240189,6,4,5,69,148,64,84,217,148,133,232,365
240189,7,999,1,334,434,659,731,768,1390,993,1165,2158
240189,7,999,2,219,274,224,257,493,481,443,531,974
240189,7,999,5,115,160,435,474,275,909,550,634,1184
240189,8,5,1,181,216,246,262,397,508,427,478,905
240189,8,5,2,135,150,90,97,285,187,225,247,472
240189,8,5,5,46,66,156,165,112,321,202,231,433
240189,9,6,1,74,83,166,150,157,316,240,233,473
240189,9,6,2,51,52,45,46,103,91,96,98,194
240189,9,6,5,23,31,121,104,54,225,144,135,279
240189,10,7,1,31,57,104,115,88,219,135,172,307
240189,10,7,2,18,31,40,55,49,95,58,86,144
240189,10,7,5,13,26,64,60,39,124,77,86,163
240189,11,8,1,34,55,104,138,89,242,138,193,331
240189,11,8,2,11,32,37,36,43,73,48,68,116
240189,11,8,5,23,23,67,102,46,169,90,125,215
240189,12,9,1,12,23,34,63,35,97,46,86,132
240189,12,9,2,3,9,9,21,12,30,12,30,42
240189,12,9,5,9,14,25,42,23,67,34,56,90
240189,13,10,1,2,0,5,3,2,8,7,3,10
240189,13,10,2,1,0,3,2,1,5,4,2,6
240189,13,10,5,1,0,2,1,1,3,3,1,4
240198,1,412,1,391,533,626,1268,924,1894,1017,1801,2818
240198,1,112,2,391,533,626,1268,924,1894,1017,1801,2818
240198,2,999,1,274,309,409,611,583,1020,683,920,1603
240198,2,999,2,274,309,409,611,583,1020,683,920,1603
240198,3,1,1,14,9,197,181,23,378,211,190,401
240198,3,1,2,14,9,197,181,23,378,211,190,401
240198,4,2,1,156,168,96,152,324,248,252,320,572
240198,4,2,2,156,168,96,152,324,248,252,320,572
240198,5,3,1,68,79,56,137,147,193,124,216,340
240198,5,3,2,68,79,56,137,147,193,124,216,340
240198,6,4,1,36,53,60,141,89,201,96,194,290
240198,6,4,2,36,53,60,141,89,201,96,194,290
240198,7,999,1,117,224,217,656,341,873,334,880,1214
240198,7,999,2,117,224,217,656,341,873,334,880,1214
240198,8,5,1,43,73,71,186,116,257,114,259,373
240198,8,5,2,43,73,71,186,116,257,114,259,373
240198,9,6,1,25,61,53,149,86,202,78,210,288
240198,9,6,2,25,61,53,149,86,202,78,210,288
240198,10,7,1,23,30,32,121,53,153,55,151,206
240198,10,7,2,23,30,32,121,53,153,55,151,206
240198,11,8,1,17,43,33,136,60,169,50,179,229
240198,11,8,2,17,43,33,136,60,169,50,179,229
240198,12,9,1,9,17,26,63,26,89,35,80,115
240198,12,9,2,9,17,26,63,26,89,35,80,115
240198,13,10,1,0,0,2,1,0,3,2,1,3
240198,13,10,2,0,0,2,1,0,3,2,1,3
240198,14,11,1,0,0,0,1,0,1,0,1,1
240198,14,11,2,0,0,0,1,0,1,0,1,1
240268,1,412,1,3628,5925,612,852,9553,1464,4240,6777,11017
240268,1,112,2,3616,5820,317,557,9436,874,3933,6377,10310
240268,1,312,5,12,105,295,295,117,590,307,400,707
240268,2,999,1,3500,5785,266,418,9285,684,3766,6203,9969
240268,2,999,2,3497,5738,253,400,9235,653,3750,6138,9888
240268,2,999,5,3,47,13,18,50,31,16,65,81
240268,3,1,1,12,30,42,107,42,149,54,137,191
240268,3,1,2,12,30,42,107,42,149,54,137,191
240268,4,2,1,1440,2579,31,73,4019,104,1471,2652,4123
240268,4,2,2,1440,2579,31,73,4019,104,1471,2652,4123
240268,5,3,1,1464,2478,85,98,3942,183,1549,2576,4125
240268,5,3,2,1464,2474,85,97,3938,182,1549,2571,4120
240268,5,3,5,0,4,0,1,4,1,0,5,5
240268,6,4,1,584,698,108,140,1282,248,692,838,1530
240268,6,4,2,581,655,95,123,1236,218,676,778,1454
240268,6,4,5,3,43,13,17,46,30,16,60,76
240268,7,999,1,128,140,346,434,268,780,474,574,1048
240268,7,999,2,119,82,64,157,201,221,183,239,422
240268,7,999,5,9,58,282,277,67,559,291,335,626
240268,8,5,1,97,71,117,142,168,259,214,213,427
240268,8,5,2,92,41,43,67,133,110,135,108,243
240268,8,5,5,5,30,74,75,35,149,79,105,184
240268,9,6,1,16,32,70,96,48,166,86,128,214
240268,9,6,2,14,16,10,29,30,39,24,45,69
240268,9,6,5,2,16,60,67,18,127,62,83,145
240268,10,7,1,8,12,62,85,20,147,70,97,167
240268,10,7,2,7,8,4,26,15,30,11,34,45
240268,10,7,5,1,4,58,59,5,117,59,63,122
240268,11,8,1,5,18,77,91,23,168,82,109,191
240268,11,8,2,4,13,6,25,17,31,10,38,48
240268,11,8,5,1,5,71,66,6,137,72,71,143
240268,12,9,1,2,7,20,20,9,40,22,27,49
240268,12,9,2,2,4,1,10,6,11,3,14,17
240268,12,9,5,0,3,19,10,3,29,19,13,32
240277,1,412,1,1791,3164,1154,2845,4955,3999,2945,6009,8954
240277,1,112,2,1759,3067,1014,2658,4826,3672,2773,5725,8498
240277,1,312,5,32,97,140,187,129,327,172,284,456
240277,2,999,1,1534,2774,634,1857,4308,2491,2168,4631,6799
240277,2,999,2,1520,2724,626,1827,4244,2453,2146,4551,6697
240277,2,999,5,14,50,8,30,64,38,22,80,102
240277,3,1,1,9,31,248,1212,40,1460,257,1243,1500
240277,3,1,2,9,31,248,1212,40,1460,257,1243,1500
240277,4,2,1,653,1235,121,251,1888,372,774,1486,2260
240277,4,2,2,653,1235,121,251,1888,372,774,1486,2260
240277,5,3,1,539,1071,117,134,1610,251,656,1205,1861
240277,5,3,2,537,1069,117,133,1606,250,654,1202,1856
240277,5,3,5,2,2,0,1,4,1,2,3,5
240277,6,4,1,333,437,148,260,770,408,481,697,1178
240277,6,4,2,321,389,140,231,710,371,461,620,1081
240277,6,4,5,12,48,8,29,60,37,20,77,97
240277,7,999,1,257,390,520,988,647,1508,777,1378,2155
240277,7,999,2,239,343,388,831,582,1219,627,1174,1801
240277,7,999,5,18,47,132,157,65,289,150,204,354
240277,8,5,1,139,170,160,293,309,453,299,463,762
240277,8,5,2,127,154,130,240,281,370,257,394,651
240277,8,5,5,12,16,30,53,28,83,42,69,111
240277,9,6,1,63,95,107,225,158,332,170,320,490
240277,9,6,2,61,82,83,193,143,276,144,275,419
240277,9,6,5,2,13,24,32,15,56,26,45,71
240277,10,7,1,32,52,90,179,84,269,122,231,353
240277,10,7,2,30,43,66,147,73,213,96,190,286
240277,10,7,5,2,9,24,32,11,56,26,41,67
240277,11,8,1,15,54,108,204,69,312,123,258,381
240277,11,8,2,14,48,76,175,62,251,90,223,313
240277,11,8,5,1,6,32,29,7,61,33,35,68
240277,12,9,1,8,18,48,86,26,134,56,104,160
240277,12,9,2,7,15,28,75,22,103,35,90,125
240277,12,9,5,1,3,20,11,4,31,21,14,35
240277,13,10,1,0,1,7,1,1,8,7,2,9
240277,13,10,2,0,1,5,1,1,6,5,2,7
240277,13,10,5,0,0,2,0,0,2,2,0,2
240329,1,412,1,3857,5415,582,677,9272,1259,4439,6092,10531
240329,1,112,2,3716,5147,359,340,8863,699,4075,5487,9562
240329,1,312,5,141,268,223,337,409,560,364,605,969
240329,2,999,1,3697,5283,317,370,8980,687,4014,5653,9667
240329,2,999,2,3633,5080,283,296,8713,579,3916,5376,9292
240329,2,999,5,64,203,34,74,267,108,98,277,375
240329,3,1,1,2,8,30,85,10,115,32,93,125
240329,3,1,2,2,8,30,85,10,115,32,93,125
240329,4,2,1,1509,2369,40,47,3878,87,1549,2416,3965
240329,4,2,2,1509,2369,40,47,3878,87,1549,2416,3965
240329,5,3,1,1558,2147,82,86,3705,168,1640,2233,3873
240329,5,3,2,1556,2144,82,86,3700,168,1638,2230,3868
240329,5,3,5,2,3,0,0,5,0,2,3,5
240329,6,4,1,628,759,165,152,1387,317,793,911,1704
240329,6,4,2,566,559,131,78,1125,209,697,637,1334
240329,6,4,5,62,200,34,74,262,108,96,274,370
240329,7,999,1,160,132,265,307,292,572,425,439,864
240329,7,999,2,83,67,76,44,150,120,159,111,270
240329,7,999,5,77,65,189,263,142,452,266,328,594
240329,8,5,1,106,79,117,134,185,251,223,213,436
240329,8,5,2,62,38,48,24,100,72,110,62,172
240329,8,5,5,44,41,69,110,85,179,113,151,264
240329,9,6,1,34,26,44,63,60,107,78,89,167
240329,9,6,2,14,15,12,9,29,21,26,24,50
240329,9,6,5,20,11,32,54,31,86,52,65,117
240329,10,7,1,10,16,40,43,26,83,50,59,109
240329,10,7,2,3,7,6,3,10,9,9,10,19
240329,10,7,5,7,9,34,40,16,74,41,49,90
240329,11,8,1,8,8,45,48,16,93,53,56,109
240329,11,8,2,4,5,7,4,9,11,11,9,20
240329,11,8,5,4,3,38,44,7,82,42,47,89
240329,12,9,1,2,3,18,19,5,37,20,22,42
240329,12,9,2,0,2,2,4,2,6,2,6,8
240329,12,9,5,2,1,16,15,3,31,18,16,34
240329,13,10,1,0,0,1,0,0,1,1,0,1
240329,13,10,2,0,0,1,0,0,1,1,0,1
240338,1,412,1,426,519,75,146,945,221,501,665,1166
240338,1,112,2,423,515,40,56,938,96,463,571,1034
240338,1,312,5,3,4,35,90,7,125,38,94,132
240338,2,999,1,409,503,30,49,912,79,439,552,991
240338,2,999,2,408,501,25,37,909,62,433,538,971
240338,2,999,5,1,2,5,12,3,17,6,14,20
240338,3,1,1,1,3,15,31,4,46,16,34,50
240338,3,1,2,1,3,15,31,4,46,16,34,50
240338,4,2,1,195,251,3,2,446,5,198,253,451
240338,4,2,2,195,251,3,2,446,5,198,253,451
240338,5,3,1,174,209,2,2,383,4,176,211,387
240338,5,3,2,174,209,2,2,383,4,176,211,387
240338,6,4,1,39,40,10,14,79,24,49,54,103
240338,6,4,2,38,38,5,2,76,7,43,40,83
240338,6,4,5,1,2,5,12,3,17,6,14,20
240338,7,999,1,17,16,45,97,33,142,62,113,175
240338,7,999,2,15,14,15,19,29,34,30,33,63
240338,7,999,5,2,2,30,78,4,108,32,80,112
240338,8,5,1,3,4,13,34,7,47,16,38,54
240338,8,5,2,3,3,3,2,6,5,6,5,11
240338,8,5,5,0,1,10,32,1,42,10,33,43
240338,9,6,1,6,6,9,19,12,28,15,25,40
240338,9,6,2,5,6,4,4,11,8,9,10,19
240338,9,6,5,1,0,5,15,1,20,6,15,21
240338,10,7,1,4,1,13,13,5,26,17,14,31
240338,10,7,2,3,1,4,6,4,10,7,7,14
240338,10,7,5,1,0,9,7,1,16,10,7,17
240338,11,8,1,3,3,9,24,6,33,12,27,39
240338,11,8,2,3,3,4,5,6,9,7,8,15
240338,11,8,5,0,0,5,19,0,24,5,19,24
240338,12,9,1,1,2,1,7,3,8,2,9,11
240338,12,9,2,1,1,0,2,2,2,1,3,4
240338,12,9,5,0,1,1,5,1,6,1,6,7
240365,1,412,1,3256,4887,2730,4441,8143,7171,5986,9328,15314
240365,1,112,2,3188,4675,2391,3814,7863,6205,5579,8489,14068
240365,1,312,5,68,212,339,627,280,966,407,839,1246
240365,2,999,1,2915,4430,2060,3569,7345,5629,4975,7999,12974
240365,2,999,2,2900,4368,2039,3502,7268,5541,4939,7870,12809
240365,2,999,5,15,62,21,67,77,88,36,129,165
240365,3,1,1,50,61,1449,2879,111,4328,1499,2940,4439
240365,3,1,2,50,61,1449,2879,111,4328,1499,2940,4439
240365,4,2,1,1185,1863,266,302,3048,568,1451,2165,3616
240365,4,2,2,1185,1863,266,302,3048,568,1451,2165,3616
240365,5,3,1,1074,1704,135,163,2778,298,1209,1867,3076
240365,5,3,2,1074,1700,135,161,2774,296,1209,1861,3070
240365,5,3,5,0,4,0,2,4,2,0,6,6
240365,6,4,1,606,802,210,225,1408,435,816,1027,1843
240365,6,4,2,591,744,189,160,1335,349,780,904,1684
240365,6,4,5,15,58,21,65,73,86,36,123,159
240365,7,999,1,336,456,669,872,792,1541,1005,1328,2333
240365,7,999,2,283,306,351,312,589,663,634,618,1252
240365,7,999,5,53,150,318,560,203,878,371,710,1081
240365,8,5,1,204,247,218,284,451,502,422,531,953
240365,8,5,2,175,173,130,108,348,238,305,281,586
240365,8,5,5,29,74,88,176,103,264,117,250,367
240365,9,6,1,67,86,179,198,153,377,246,284,530
240365,9,6,2,57,57,90,70,114,160,147,127,274
240365,9,6,5,10,29,89,128,39,217,99,157,256
240365,10,7,1,29,59,107,129,88,236,136,188,324
240365,10,7,2,23,33,59,49,56,108,82,82,164
240365,10,7,5,6,26,48,80,32,128,54,106,160
240365,11,8,1,28,52,128,188,80,316,156,240,396
240365,11,8,2,23,37,56,59,60,115,79,96,175
240365,11,8,5,5,15,72,129,20,201,77,144,221
240365,12,9,1,7,11,36,71,18,107,43,82,125
240365,12,9,2,4,5,15,24,9,39,19,29,48
240365,12,9,5,3,6,21,47,9,68,24,53,77
240365,13,10,1,1,1,1,2,2,3,2,3,5
240365,13,10,2,1,1,1,2,2,3,2,3,5
240365,14,11,1,5,1,1,0,6,1,6,1,7
240365,14,11,2,5,1,1,0,6,1,6,1,7
240374,1,412,1,1364,1745,617,726,3109,1343,1981,2471,4452
240374,1,112,2,1288,1659,367,477,2947,844,1655,2136,3791
240374,1,312,5,76,86,250,249,162,499,326,335,661
240374,2,999,1,1148,1506,220,301,2654,521,1368,1807,3175
240374,2,999,2,1115,1465,185,267,2580,452,1300,1732,3032
240374,2,999,5,33,41,35,34,74,69,68,75,143
240374,3,1,1,1,6,46,92,7,138,47,98,145
240374,3,1,2,1,6,46,92,7,138,47,98,145
240374,4,2,1,379,565,23,39,944,62,402,604,1006
240374,4,2,2,379,565,23,39,944,62,402,604,1006
240374,5,3,1,431,584,37,57,1015,94,468,641,1109
240374,5,3,2,430,582,37,57,1012,94,467,639,1106
240374,5,3,5,1,2,0,0,3,0,1,2,3
240374,6,4,1,337,351,114,113,688,227,451,464,915
240374,6,4,2,305,312,79,79,617,158,384,391,775
240374,6,4,5,32,39,35,34,71,69,67,73,140
240374,7,999,1,216,239,397,425,455,822,613,664,1277
240374,7,999,2,173,194,182,210,367,392,355,404,759
240374,7,999,5,43,45,215,215,88,430,258,260,518
240374,8,5,1,118,133,162,148,251,310,280,281,561
240374,8,5,2,104,107,93,73,211,166,197,180,377
240374,8,5,5,14,26,69,75,40,144,83,101,184
240374,9,6,1,41,46,84,89,87,173,125,135,260
240374,9,6,2,33,40,34,42,73,76,67,82,149
240374,9,6,5,8,6,50,47,14,97,58,53,111
240374,10,7,1,27,31,52,73,58,125,79,104,183
240374,10,7,2,15,26,23,33,41,56,38,59,97
240374,10,7,5,12,5,29,40,17,69,41,45,86
240374,11,8,1,22,17,71,83,39,154,93,100,193
240374,11,8,2,15,12,23,43,27,66,38,55,93
240374,11,8,5,7,5,48,40,12,88,55,45,100
240374,12,9,1,7,11,25,31,18,56,32,42,74
240374,12,9,2,5,8,9,18,13,27,14,26,40
240374,12,9,5,2,3,16,13,5,29,18,16,34
240374,13,10,1,1,1,3,1,2,4,4,2,6
240374,13,10,2,1,1,0,1,2,1,1,2,3
240374,13,10,5,0,0,3,0,0,3,3,0,3
240417,1,412,1,3353,2481,1022,1114,5834,2136,4375,3595,7970
240417,1,112,2,3287,2306,712,584,5593,1296,3999,2890,6889
240417,1,312,5,66,175,310,530,241,840,376,705,1081
240417,2,999,1,3108,2271,425,323,5379,748,3533,2594,6127
240417,2,999,2,3091,2161,409,282,5252,691,3500,2443,5943
240417,2,999,5,17,110,16,41,127,57,33,151,184
240417,3,1,1,5,5,7,7,10,14,12,12,24
240417,3,1,2,5,5,7,7,10,14,12,12,24
240417,4,2,1,1255,917,52,38,2172,90,1307,955,2262
240417,4,2,2,1255,917,52,38,2172,90,1307,955,2262
240417,5,3,1,1181,882,124,87,2063,211,1305,969,2274
240417,5,3,2,1181,874,124,87,2055,211,1305,961,2266
240417,5,3,5,0,8,0,0,8,0,0,8,8
240417,6,4,1,667,467,242,191,1134,433,909,658,1567
240417,6,4,2,650,365,226,150,1015,376,876,515,1391
240417,6,4,5,17,102,16,41,119,57,33,143,176
240417,7,999,1,245,210,597,791,455,1388,842,1001,1843
240417,7,999,2,196,145,303,302,341,605,499,447,946
240417,7,999,5,49,65,294,489,114,783,343,554,897
240417,8,5,1,152,106,164,225,258,389,316,331,647
240417,8,5,2,127,75,92,104,202,196,219,179,398
240417,8,5,5,25,31,72,121,56,193,97,152,249
240417,9,6,1,43,40,123,150,83,273,166,190,356
240417,9,6,2,34,30,62,57,64,119,96,87,183
240417,9,6,5,9,10,61,93,19,154,70,103,173
240417,10,7,1,20,28,112,127,48,239,132,155,287
240417,10,7,2,15,19,62,60,34,122,77,79,156
240417,10,7,5,5,9,50,67,14,117,55,76,131
240417,11,8,1,23,28,131,179,51,310,154,207,361
240417,11,8,2,17,16,57,60,33,117,74,76,150
240417,11,8,5,6,12,74,119,18,193,80,131,211
240417,12,9,1,7,8,61,106,15,167,68,114,182
240417,12,9,2,3,5,25,20,8,45,28,25,53
240417,12,9,5,4,3,36,86,7,122,40,89,129
240417,13,10,1,0,0,6,4,0,10,6,4,10
240417,13,10,2,0,0,5,1,0,6,5,1,6
240417,13,10,5,0,0,1,3,0,4,1,3,4
240426,1,412,1,632,1010,256,662,1642,918,888,1672,2560
240426,1,112,2,609,961,162,433,1570,595,771,1394,2165
240426,1,312,5,23,49,94,229,72,323,117,278,395
240426,2,999,1,529,764,84,208,1293,292,613,972,1585
240426,2,999,2,527,754,83,185,1281,268,610,939,1549
240426,2,999,5,2,10,1,23,12,24,3,33,36
240426,3,1,1,0,1,31,73,1,104,31,74,105
240426,3,1,2,0,1,31,73,1,104,31,74,105
240426,4,2,1,184,267,13,12,451,25,197,279,476
240426,4,2,2,184,267,13,12,451,25,197,279,476
240426,5,3,1,195,310,11,39,505,50,206,349,555
240426,5,3,2,195,310,11,39,505,50,206,349,555
240426,6,4,1,150,186,29,84,336,113,179,270,449
240426,6,4,2,148,176,28,61,324,89,176,237,413
240426,6,4,5,2,10,1,23,12,24,3,33,36
240426,7,999,1,103,246,172,454,349,626,275,700,975
240426,7,999,2,82,207,79,248,289,327,161,455,616
240426,7,999,5,21,39,93,206,60,299,114,245,359
240426,8,5,1,52,94,42,126,146,168,94,220,314
240426,8,5,2,44,80,28,68,124,96,72,148,220
240426,8,5,5,8,14,14,58,22,72,22,72,94
240426,9,6,1,23,61,41,81,84,122,64,142,206
240426,9,6,2,20,51,21,48,71,69,41,99,140
240426,9,6,5,3,10,20,33,13,53,23,43,66
240426,10,7,1,11,37,26,73,48,99,37,110,147
240426,10,7,2,5,31,9,39,36,48,14,70,84
240426,10,7,5,6,6,17,34,12,51,23,40,63
240426,11,8,1,14,46,42,124,60,166,56,170,226
240426,11,8,2,11,40,14,64,51,78,25,104,129
240426,11,8,5,3,6,28,60,9,88,31,66,97
240426,12,9,1,2,8,20,46,10,66,22,54,76
240426,12,9,2,1,5,6,26,6,32,7,31,38
240426,12,9,5,1,3,14,20,4,34,15,23,38
240426,13,10,1,1,0,1,4,1,5,2,4,6
240426,13,10,2,1,0,1,3,1,4,2,3,5
240426,13,10,5,0,0,0,1,0,1,0,1,1
240444,1,412,1,19037,20850,2322,2431,39887,4753,21359,23281,44640
240444,1,112,2,14352,15711,1362,1263,30063,2625,15714,16974,32688
240444,1,312,5,4685,5139,960,1168,9824,2128,5645,6307,11952
240444,2,999,1,15645,17614,1148,1056,33259,2204,16793,18670,35463
240444,2,999,2,14067,15523,977,819,29590,1796,15044,16342,31386
240444,2,999,5,1578,2091,171,237,3669,408,1749,2328,4077
240444,3,1,1,98,118,81,53,216,134,179,171,350
240444,3,1,2,98,118,81,53,216,134,179,171,350
240444,4,2,1,6286,7453,100,80,13739,180,6386,7533,13919
240444,4,2,2,6286,7450,98,80,13736,178,6384,7530,13914
240444,4,2,5,0,3,2,0,3,2,2,3,5
240444,5,3,1,6275,7036,360,371,13311,731,6635,7407,14042
240444,5,3,2,6205,6877,356,368,13082,724,6561,7245,13806
240444,5,3,5,70,159,4,3,229,7,74,162,236
240444,6,4,1,2986,3007,607,552,5993,1159,3593,3559,7152
240444,6,4,2,1478,1078,442,318,2556,760,1920,1396,3316
240444,6,4,5,1508,1929,165,234,3437,399,1673,2163,3836
240444,7,999,1,3392,3236,1174,1375,6628,2549,4566,4611,9177
240444,7,999,2,285,188,385,444,473,829,670,632,1302
240444,7,999,5,3107,3048,789,931,6155,1720,3896,3979,7875
240444,8,5,1,2256,2099,541,589,4355,1130,2797,2688,5485
240444,8,5,2,209,118,181,173,327,354,390,291,681
240444,8,5,5,2047,1981,360,416,4028,776,2407,2397,4804
240444,9,6,1,706,689,280,312,1395,592,986,1001,1987
240444,9,6,2,45,43,95,101,88,196,140,144,284
240444,9,6,5,661,646,185,211,1307,396,846,857,1703
240444,10,7,1,248,236,157,181,484,338,405,417,822
240444,10,7,2,19,2,48,51,21,99,67,53,120
240444,10,7,5,229,234,109,130,463,239,338,364,702
240444,11,8,1,142,154,135,188,296,323,277,342,619
240444,11,8,2,10,20,38,68,30,106,48,88,136
240444,11,8,5,132,134,97,120,266,217,229,254,483
240444,12,9,1,38,54,50,101,92,151,88,155,243
240444,12,9,2,2,5,16,47,7,63,18,52,70
240444,12,9,5,36,49,34,54,85,88,70,103,173
240444,13,10,1,2,4,11,4,6,15,13,8,21
240444,13,10,2,0,0,7,4,0,11,7,4,11
240444,13,10,5,2,4,4,0,6,4,6,4,10
240453,1,412,1,8593,10672,2288,3012,19265,5300,10881,13684,24565
240453,1,112,2,7570,9050,1567,1869,16620,3436,9137,10919,20056
240453,1,312,5,1023,1622,721,1143,2645,1864,1744,2765,4509
240453,2,999,1,6788,8786,949,1192,15574,2141,7737,9978,17715
240453,2,999,2,6522,8151,878,1054,14673,1932,7400,9205,16605
240453,2,999,5,266,635,71,138,901,209,337,773,1110
240453,3,1,1,22,32,157,268,54,425,179,300,479
240453,3,1,2,22,32,157,268,54,425,179,300,479
240453,4,2,1,2414,3100,145,203,5514,348,2559,3303,5862
240453,4,2,2,2414,3100,145,203,5514,348,2559,3303,5862
240453,5,3,1,2509,3355,207,229,5864,436,2716,3584,6300
240453,5,3,2,2497,3337,207,228,5834,435,2704,3565,6269
240453,5,3,5,12,18,0,1,30,1,12,19,31
240453,6,4,1,1843,2299,440,492,4142,932,2283,2791,5074
240453,6,4,2,1589,1682,369,355,3271,724,1958,2037,3995
240453,6,4,5,254,617,71,137,871,208,325,754,1079
240453,7,999,1,1805,1886,1339,1820,3691,3159,3144,3706,6850
240453,7,999,2,1048,899,689,815,1947,1504,1737,1714,3451
240453,7,999,5,757,987,650,1005,1744,1655,1407,1992,3399
240453,8,5,1,1072,1022,539,661,2094,1200,1611,1683,3294
240453,8,5,2,697,518,295,297,1215,592,992,815,1807
240453,8,5,5,375,504,244,364,879,608,619,868,1487
240453,9,6,1,394,417,328,425,811,753,722,842,1564
240453,9,6,2,206,196,154,166,402,320,360,362,722
240453,9,6,5,188,221,174,259,409,433,362,480,842
240453,10,7,1,170,221,212,257,391,469,382,478,860
240453,10,7,2,63,102,108,124,165,232,171,226,397
240453,10,7,5,107,119,104,133,226,237,211,252,463
240453,11,8,1,125,158,159,306,283,465,284,464,748
240453,11,8,2,61,61,81,143,122,224,142,204,346
240453,11,8,5,64,97,78,163,161,241,142,260,402
240453,12,9,1,39,64,93,163,103,256,132,227,359
240453,12,9,2,19,21,47,81,40,128,66,102,168
240453,12,9,5,20,43,46,82,63,128,66,125,191
240453,13,10,1,5,4,8,8,9,16,13,12,25
240453,13,10,2,2,1,4,4,3,8,6,5,11
240453,13,10,5,3,3,4,4,6,8,7,7,14
240462,1,412,1,3879,2216,884,568,6095,1452,4763,2784,7547
240462,1,112,2,3862,2191,526,313,6053,839,4388,2504,6892
240462,1,312,5,17,25,358,255,42,613,375,280,655
240462,2,999,1,3691,2129,338,203,5820,541,4029,2332,6361
240462,2,999,2,3686,2122,323,179,5808,502,4009,2301,6310
240462,2,999,5,5,7,15,24,12,39,20,31,51
240462,3,1,1,4,5,30,50,9,80,34,55,89
240462,3,1,2,4,5,30,50,9,80,34,55,89
240462,4,2,1,1422,903,25,26,2325,51,1447,929,2376
240462,4,2,2,1422,903,25,26,2325,51,1447,929,2376
240462,5,3,1,1461,890,96,47,2351,143,1557,937,2494
240462,5,3,2,1461,890,96,47,2351,143,1557,937,2494
240462,6,4,1,804,331,187,80,1135,267,991,411,1402
240462,6,4,2,799,324,172,56,1123,228,971,380,1351
240462,6,4,5,5,7,15,24,12,39,20,31,51
240462,7,999,1,188,87,546,365,275,911,734,452,1186
240462,7,999,2,176,69,203,134,245,337,379,203,582
240462,7,999,5,12,18,343,231,30,574,355,249,604
240462,8,5,1,122,55,168,105,177,273,290,160,450
240462,8,5,2,119,45,76,42,164,118,195,87,282
240462,8,5,5,3,10,92,63,13,155,95,73,168
240462,9,6,1,32,12,125,74,44,199,157,86,243
240462,9,6,2,30,8,47,26,38,73,77,34,111
240462,9,6,5,2,4,78,48,6,126,80,52,132
240462,10,7,1,19,9,83,55,28,138,102,64,166
240462,10,7,2,16,8,32,23,24,55,48,31,79
240462,10,7,5,3,1,51,32,4,83,54,33,87
240462,11,8,1,10,8,111,83,18,194,121,91,212
240462,11,8,2,7,6,35,22,13,57,42,28,70
240462,11,8,5,3,2,76,61,5,137,79,63,142
240462,12,9,1,5,3,52,44,8,96,57,47,104
240462,12,9,2,4,2,12,19,6,31,16,21,37
240462,12,9,5,1,1,40,25,2,65,41,26,67
240462,13,10,1,0,0,7,4,0,11,7,4,11
240462,13,10,2,0,0,1,2,0,3,1,2,3
240462,13,10,5,0,0,6,2,0,8,6,2,8
240471,1,412,1,1719,3287,320,529,5006,849,2039,3816,5855
240471,1,112,2,1653,3147,260,361,4800,621,1913,3508,5421
240471,1,312,5,66,140,60,168,206,228,126,308,434
240471,2,999,1,1558,3110,168,286,4668,454,1726,3396,5122
240471,2,999,2,1542,3054,161,249,4596,410,1703,3303,5006
240471,2,999,5,16,56,7,37,72,44,23,93,116
240471,3,1,1,5,6,28,76,11,104,33,82,115
240471,3,1,2,5,6,28,76,11,104,33,82,115
240471,4,2,1,564,1304,19,34,1868,53,583,1338,1921
240471,4,2,2,564,1304,19,34,1868,53,583,1338,1921
240471,5,3,1,644,1365,37,57,2009,94,681,1422,2103
240471,5,3,2,643,1359,37,56,2002,93,680,1415,2095
240471,5,3,5,1,6,0,1,7,1,1,7,8
240471,6,4,1,345,435,84,119,780,203,429,554,983
240471,6,4,2,330,385,77,83,715,160,407,468,875
240471,6,4,5,15,50,7,36,65,43,22,86,108
240471,7,999,1,161,177,152,243,338,395,313,420,733
240471,7,999,2,111,93,99,112,204,211,210,205,415
240471,7,999,5,50,84,53,131,134,184,103,215,318
240471,8,5,1,99,93,63,109,192,172,162,202,364
240471,8,5,2,72,58,42,41,130,83,114,99,213
240471,8,5,5,27,35,21,68,62,89,48,103,151
240471,9,6,1,32,33,35,48,65,83,67,81,148
240471,9,6,2,23,17,18,23,40,41,41,40,81
240471,9,6,5,9,16,17,25,25,42,26,41,67
240471,10,7,1,11,23,23,24,34,47,34,47,81
240471,10,7,2,5,5,14,13,10,27,19,18,37
240471,10,7,5,6,18,9,11,24,20,15,29,44
240471,11,8,1,14,23,19,49,37,68,33,72,105
240471,11,8,2,9,11,15,27,20,42,24,38,62
240471,11,8,5,5,12,4,22,17,26,9,34,43
240471,12,9,1,5,5,12,11,10,23,17,16,33
240471,12,9,2,2,2,10,6,4,16,12,8,20
240471,12,9,5,3,3,2,5,6,7,5,8,13
240471,13,10,1,0,0,0,2,0,2,0,2,2
240471,13,10,2,0,0,0,2,0,2,0,2,2
240480,1,412,1,2899,3717,637,1049,6616,1686,3536,4766,8302
240480,1,112,2,2847,3588,535,728,6435,1263,3382,4316,7698
240480,1,312,5,52,129,102,321,181,423,154,450,604
240480,2,999,1,2665,3523,427,580,6188,1007,3092,4103,7195
240480,2,999,2,2644,3422,413,543,6066,956,3057,3965,7022
240480,2,999,5,21,101,14,37,122,51,35,138,173
240480,3,1,1,4,5,129,210,9,339,133,215,348
240480,3,1,2,4,5,129,210,9,339,133,215,348
240480,4,2,1,1120,1573,88,101,2693,189,1208,1674,2882
240480,4,2,2,1120,1573,88,101,2693,189,1208,1674,2882
240480,5,3,1,1049,1370,89,91,2419,180,1138,1461,2599
240480,5,3,2,1047,1360,89,90,2407,179,1136,1450,2586
240480,5,3,5,2,10,0,1,12,1,2,11,13
240480,6,4,1,492,575,121,178,1067,299,613,753,1366
240480,6,4,2,473,484,107,142,957,249,580,626,1206
240480,6,4,5,19,91,14,36,110,50,33,127,160
240480,7,999,1,234,194,210,469,428,679,444,663,1107
240480,7,999,2,203,166,122,185,369,307,325,351,676
240480,7,999,5,31,28,88,284,59,372,119,312,431
240480,8,5,1,150,107,81,182,257,263,231,289,520
240480,8,5,2,133,91,57,76,224,133,190,167,357
240480,8,5,5,17,16,24,106,33,130,41,122,163
240480,9,6,1,55,44,47,81,99,128,102,125,227
240480,9,6,2,47,40,29,43,87,72,76,83,159
240480,9,6,5,8,4,18,38,12,56,26,42,68
240480,10,7,1,20,16,26,63,36,89,46,79,125
240480,10,7,2,17,11,14,27,28,41,31,38,69
240480,10,7,5,3,5,12,36,8,48,15,41,56
240480,11,8,1,7,23,37,98,30,135,44,121,165
240480,11,8,2,4,20,17,26,24,43,21,46,67
240480,11,8,5,3,3,20,72,6,92,23,75,98
240480,12,9,1,2,4,19,43,6,62,21,47,68
240480,12,9,2,2,4,5,12,6,17,7,16,23
240480,12,9,5,0,0,14,31,0,45,14,31,45
240480,13,10,1,0,0,0,2,0,2,0,2,2
240480,13,10,2,0,0,0,1,0,1,0,1,1
240480,13,10,5,0,0,0,1,0,1,0,1,1
240505,1,412,1,608,950,853,1140,1558,1993,1461,2090,3551
240505,1,112,2,608,950,853,1140,1558,1993,1461,2090,3551
240505,2,999,1,493,725,564,686,1218,1250,1057,1411,2468
240505,2,999,2,493,725,564,686,1218,1250,1057,1411,2468
240505,3,1,1,9,21,318,301,30,619,327,322,649
240505,3,1,2,9,21,318,301,30,619,327,322,649
240505,4,2,1,305,444,90,129,749,219,395,573,968
240505,4,2,2,305,444,90,129,749,219,395,573,968
240505,5,3,1,135,187,78,134,322,212,213,321,534
240505,5,3,2,135,187,78,134,322,212,213,321,534
240505,6,4,1,44,73,78,122,117,200,122,195,317
240505,6,4,2,44,73,78,122,117,200,122,195,317
240505,7,999,1,115,225,289,454,340,743,404,679,1083
240505,7,999,2,115,225,289,454,340,743,404,679,1083
240505,8,5,1,53,92,95,152,145,247,148,244,392
240505,8,5,2,53,92,95,152,145,247,148,244,392
240505,9,6,1,25,43,75,91,68,166,100,134,234
240505,9,6,2,25,43,75,91,68,166,100,134,234
240505,10,7,1,15,42,43,83,57,126,58,125,183
240505,10,7,2,15,42,43,83,57,126,58,125,183
240505,11,8,1,16,39,40,78,55,118,56,117,173
240505,11,8,2,16,39,40,78,55,118,56,117,173
240505,12,9,1,5,7,29,38,12,67,34,45,79
240505,12,9,2,5,7,29,38,12,67,34,45,79
240505,13,10,1,1,2,7,12,3,19,8,14,22
240505,13,10,2,1,2,7,12,3,19,8,14,22
240596,1,412,1,204,302,382,542,506,924,586,844,1430
240596,1,112,2,204,302,382,542,506,924,586,844,1430
240596,2,999,1,160,262,338,433,422,771,498,695,1193
240596,2,999,2,160,262,338,433,422,771,498,695,1193
240596,3,1,1,14,32,245,314,46,559,259,346,605
240596,3,1,2,14,32,245,314,46,559,259,346,605
240596,4,2,1,88,143,80,80,231,160,168,223,391
240596,4,2,2,88,143,80,80,231,160,168,223,391
240596,5,3,1,45,63,7,18,108,25,52,81,133
240596,5,3,2,45,63,7,18,108,25,52,81,133
240596,6,4,1,13,24,6,21,37,27,19,45,64
240596,6,4,2,13,24,6,21,37,27,19,45,64
240596,7,999,1,44,40,44,109,84,153,88,149,237
240596,7,999,2,44,40,44,109,84,153,88,149,237
240596,8,5,1,13,19,10,29,32,39,23,48,71
240596,8,5,2,13,19,10,29,32,39,23,48,71
240596,9,6,1,7,11,11,24,18,35,18,35,53
240596,9,6,2,7,11,11,24,18,35,18,35,53
240596,10,7,1,6,4,3,15,10,18,9,19,28
240596,10,7,2,6,4,3,15,10,18,9,19,28
240596,11,8,1,9,4,13,30,13,43,22,34,56
240596,11,8,2,9,4,13,30,13,43,22,34,56
240596,12,9,1,4,2,4,10,6,14,8,12,20
240596,12,9,2,4,2,4,10,6,14,8,12,20
240596,13,10,1,5,0,3,1,5,4,8,1,9
240596,13,10,2,5,0,3,1,5,4,8,1,9
240620,1,412,1,502,902,953,1481,1404,2434,1455,2383,3838
240620,1,112,2,502,902,953,1481,1404,2434,1455,2383,3838
240620,2,999,1,386,648,730,976,1034,1706,1116,1624,2740
240620,2,999,2,386,648,730,976,1034,1706,1116,1624,2740
240620,3,1,1,1,21,349,388,22,737,350,409,759
240620,3,1,2,1,21,349,388,22,737,350,409,759
240620,4,2,1,192,326,200,248,518,448,392,574,966
240620,4,2,2,192,326,200,248,518,448,392,574,966
240620,5,3,1,148,183,105,170,331,275,253,353,606
240620,5,3,2,148,183,105,170,331,275,253,353,606
240620,6,4,1,45,118,76,170,163,246,121,288,409
240620,6,4,2,45,118,76,170,163,246,121,288,409
240620,7,999,1,116,254,223,505,370,728,339,759,1098
240620,7,999,2,116,254,223,505,370,728,339,759,1098
240620,8,5,1,39,121,88,182,160,270,127,303,430
240620,8,5,2,39,121,88,182,160,270,127,303,430
240620,9,6,1,31,48,53,110,79,163,84,158,242
240620,9,6,2,31,48,53,110,79,163,84,158,242
240620,10,7,1,14,34,40,85,48,125,54,119,173
240620,10,7,2,14,34,40,85,48,125,54,119,173
240620,11,8,1,27,40,18,86,67,104,45,126,171
240620,11,8,2,27,40,18,86,67,104,45,126,171
240620,12,9,1,4,11,12,35,15,47,16,46,62
240620,12,9,2,4,11,12,35,15,47,16,46,62
240620,13,10,1,1,0,12,7,1,19,13,7,20
240620,13,10,2,1,0,12,7,1,19,13,7,20
240657,1,412,1,298,389,271,480,687,751,569,869,1438
240657,1,112,2,298,389,271,480,687,751,569,869,1438
240657,2,999,1,270,325,206,309,595,515,476,634,1110
240657,2,999,2,270,325,206,309,595,515,476,634,1110
240657,3,1,1,15,37,130,211,52,341,145,248,393
240657,3,1,2,15,37,130,211,52,341,145,248,393
240657,4,2,1,160,217,30,32,377,62,190,249,439
240657,4,2,2,160,217,30,32,377,62,190,249,439
240657,5,3,1,64,50,25,40,114,65,89,90,179
240657,5,3,2,64,50,25,40,114,65,89,90,179
240657,6,4,1,31,21,21,26,52,47,52,47,99
240657,6,4,2,31,21,21,26,52,47,52,47,99
240657,7,999,1,28,64,65,170,92,235,93,234,327
240657,7,999,2,28,64,65,170,92,235,93,234,327
240657,8,5,1,13,29,20,42,42,62,33,71,104
240657,8,5,2,13,29,20,42,42,62,33,71,104
240657,9,6,1,4,18,13,34,22,47,17,52,69
240657,9,6,2,4,18,13,34,22,47,17,52,69
240657,10,7,1,3,6,7,29,9,36,10,35,45
240657,10,7,2,3,6,7,29,9,36,10,35,45
240657,11,8,1,5,9,10,42,14,52,15,51,66
240657,11,8,2,5,9,10,42,14,52,15,51,66
240657,12,9,1,2,2,11,15,4,26,13,17,30
240657,12,9,2,2,2,11,15,4,26,13,17,30
240657,13,10,1,1,0,4,8,1,12,5,8,13
240657,13,10,2,1,0,4,8,1,12,5,8,13
240657,14,11,1,0,0,0,1,0,1,0,1,1
240657,14,11,2,0,0,0,1,0,1,0,1,1
240666,1,412,1,542,703,1418,1078,1245,2496,1960,1781,3741
240666,1,112,2,542,703,1418,1078,1245,2496,1960,1781,3741
240666,2,999,1,437,562,787,739,999,1526,1224,1301,2525
240666,2,999,2,437,562,787,739,999,1526,1224,1301,2525
240666,3,1,1,39,64,569,508,103,1077,608,572,1180
240666,3,1,2,39,64,569,508,103,1077,608,572,1180
240666,4,2,1,260,328,107,66,588,173,367,394,761
240666,4,2,2,260,328,107,66,588,173,367,394,761
240666,5,3,1,101,120,55,83,221,138,156,203,359
240666,5,3,2,101,120,55,83,221,138,156,203,359
240666,6,4,1,37,50,56,82,87,138,93,132,225
240666,6,4,2,37,50,56,82,87,138,93,132,225
240666,7,999,1,104,139,623,334,243,957,727,473,1200
240666,7,999,2,104,139,623,334,243,957,727,473,1200
240666,8,5,1,38,34,79,88,72,167,117,122,239
240666,8,5,2,38,34,79,88,72,167,117,122,239
240666,9,6,1,29,48,101,79,77,180,130,127,257
240666,9,6,2,29,48,101,79,77,180,130,127,257
240666,10,7,1,14,28,87,65,42,152,101,93,194
240666,10,7,2,14,28,87,65,42,152,101,93,194
240666,11,8,1,17,24,152,52,41,204,169,76,245
240666,11,8,2,17,24,152,52,41,204,169,76,245
240666,12,9,1,6,5,165,41,11,206,171,46,217
240666,12,9,2,6,5,165,41,11,206,171,46,217
240666,13,10,1,0,0,39,9,0,48,39,9,48
240666,13,10,2,0,0,39,9,0,48,39,9,48
240666,14,11,1,1,2,8,5,3,13,9,7,16
240666,14,11,2,1,2,8,5,3,13,9,7,16
240718,1,412,1,560,25,0,0,585,0,560,25,585
240718,1,112,2,560,25,0,0,585,0,560,25,585
240718,2,999,1,513,24,0,0,537,0,513,24,537
240718,2,999,2,513,24,0,0,537,0,513,24,537
240718,3,1,1,2,0,0,0,2,0,2,0,2
240718,3,1,2,2,0,0,0,2,0,2,0,2
240718,4,2,1,338,13,0,0,351,0,338,13,351
240718,4,2,2,338,13,0,0,351,0,338,13,351
240718,5,3,1,122,8,0,0,130,0,122,8,130
240718,5,3,2,122,8,0,0,130,0,122,8,130
240718,6,4,1,51,3,0,0,54,0,51,3,54
240718,6,4,2,51,3,0,0,54,0,51,3,54
240718,7,999,1,47,1,0,0,48,0,47,1,48
240718,7,999,2,47,1,0,0,48,0,47,1,48
240718,8,5,1,21,0,0,0,21,0,21,0,21
240718,8,5,2,21,0,0,0,21,0,21,0,21
240718,9,6,1,7,1,0,0,8,0,7,1,8
240718,9,6,2,7,1,0,0,8,0,7,1,8
240718,10,7,1,7,0,0,0,7,0,7,0,7
240718,10,7,2,7,0,0,0,7,0,7,0,7
240718,11,8,1,8,0,0,0,8,0,8,0,8
240718,11,8,2,8,0,0,0,8,0,8,0,8
240718,12,9,1,4,0,0,0,4,0,4,0,4
240718,12,9,2,4,0,0,0,4,0,4,0,4
240727,1,412,1,4545,4802,1001,1481,9347,2482,5546,6283,11829
240727,1,112,2,3790,3993,649,910,7783,1559,4439,4903,9342
240727,1,312,5,755,809,352,571,1564,923,1107,1380,2487
240727,2,999,1,3681,4028,338,443,7709,781,4019,4471,8490
240727,2,999,2,3417,3679,316,402,7096,718,3733,4081,7814
240727,2,999,5,264,349,22,41,613,63,286,390,676
240727,3,1,1,8,18,6,20,26,26,14,38,52
240727,3,1,2,8,18,6,20,26,26,14,38,52
240727,4,2,1,1194,1446,30,32,2640,62,1224,1478,2702
240727,4,2,2,1194,1446,30,32,2640,62,1224,1478,2702
240727,5,3,1,1466,1715,90,145,3181,235,1556,1860,3416
240727,5,3,2,1449,1673,90,141,3122,231,1539,1814,3353
240727,5,3,5,17,42,0,4,59,4,17,46,63
240727,6,4,1,1013,849,212,246,1862,458,1225,1095,2320
240727,6,4,2,766,542,190,209,1308,399,956,751,1707
240727,6,4,5,247,307,22,37,554,59,269,344,613
240727,7,999,1,864,774,663,1038,1638,1701,1527,1812,3339
240727,7,999,2,373,314,333,508,687,841,706,822,1528
240727,7,999,5,491,460,330,530,951,860,821,990,1811
240727,8,5,1,510,422,201,267,932,468,711,689,1400
240727,8,5,2,226,154,115,154,380,269,341,308,649
240727,8,5,5,284,268,86,113,552,199,370,381,751
240727,9,6,1,199,176,151,204,375,355,350,380,730
240727,9,6,2,81,76,74,101,157,175,155,177,332
240727,9,6,5,118,100,77,103,218,180,195,203,398
240727,10,7,1,73,84,109,191,157,300,182,275,457
240727,10,7,2,32,41,49,80,73,129,81,121,202
240727,10,7,5,41,43,60,111,84,171,101,154,255
240727,11,8,1,62,72,135,237,134,372,197,309,506
240727,11,8,2,24,36,62,107,60,169,86,143,229
240727,11,8,5,38,36,73,130,74,203,111,166,277
240727,12,9,1,17,17,57,129,34,186,74,146,220
240727,12,9,2,8,4,26,61,12,87,34,65,99
240727,12,9,5,9,13,31,68,22,99,40,81,121
240727,13,10,1,3,3,10,10,6,20,13,13,26
240727,13,10,2,2,3,7,5,5,12,9,8,17
240727,13,10,5,1,0,3,5,1,8,4,5,9
240754,1,412,1,1009,1514,387,539,2523,926,1396,2053,3449
240754,1,112,2,964,1439,329,386,2403,715,1293,1825,3118
240754,1,312,5,45,75,58,153,120,211,103,228,331
240754,2,999,1,828,1277,215,260,2105,475,1043,1537,2580
240754,2,999,2,819,1257,208,241,2076,449,1027,1498,2525
240754,2,999,5,9,20,7,19,29,26,16,39,55
240754,3,1,1,1,4,3,13,5,16,4,17,21
240754,3,1,2,1,4,3,13,5,16,4,17,21
240754,4,2,1,279,395,32,51,674,83,311,446,757
240754,4,2,2,279,395,32,51,674,83,311,446,757
240754,5,3,1,293,488,60,70,781,130,353,558,911
240754,5,3,2,293,488,60,70,781,130,353,558,911
240754,6,4,1,255,390,120,126,645,246,375,516,891
240754,6,4,2,246,370,113,107,616,220,359,477,836
240754,6,4,5,9,20,7,19,29,26,16,39,55
240754,7,999,1,181,234,172,279,415,451,353,513,866
240754,7,999,2,145,179,121,145,324,266,266,324,590
240754,7,999,5,36,55,51,134,91,185,87,189,276
240754,8,5,1,110,155,85,142,265,227,195,297,492
240754,8,5,2,86,125,72,76,211,148,158,201,359
240754,8,5,5,24,30,13,66,54,79,37,96,133
240754,9,6,1,37,42,49,63,79,112,86,105,191
240754,9,6,2,27,28,32,31,55,63,59,59,118
240754,9,6,5,10,14,17,32,24,49,27,46,73
240754,10,7,1,16,11,12,23,27,35,28,34,62
240754,10,7,2,15,8,7,11,23,18,22,19,41
240754,10,7,5,1,3,5,12,4,17,6,15,21
240754,11,8,1,8,18,13,33,26,46,21,51,72
240754,11,8,2,7,14,5,18,21,23,12,32,44
240754,11,8,5,1,4,8,15,5,23,9,19,28
240754,12,9,1,9,8,11,15,17,26,20,23,43
240754,12,9,2,9,4,5,7,13,12,14,11,25
240754,12,9,5,0,4,6,8,4,14,6,12,18
240754,13,10,1,1,0,2,3,1,5,3,3,6
240754,13,10,2,1,0,0,2,1,2,1,2,3
240754,13,10,5,0,0,2,1,0,3,2,1,3
240754,14,11,1,0,3,0,0,3,0,0,3,3
240754,14,11,2,0,3,0,0,3,0,0,3,3
240790,1,412,1,328,631,111,185,959,296,439,816,1255
240790,1,112,2,328,631,111,185,959,296,439,816,1255
240790,2,999,1,293,521,83,110,814,193,376,631,1007
240790,2,999,2,293,521,83,110,814,193,376,631,1007
240790,3,1,1,8,19,5,11,27,16,13,30,43
240790,3,1,2,8,19,5,11,27,16,13,30,43
240790,4,2,1,146,232,21,25,378,46,167,257,424
240790,4,2,2,146,232,21,25,378,46,167,257,424
240790,5,3,1,96,180,31,44,276,75,127,224,351
240790,5,3,2,96,180,31,44,276,75,127,224,351
240790,6,4,1,43,90,26,30,133,56,69,120,189
240790,6,4,2,43,90,26,30,133,56,69,120,189
240790,7,999,1,35,110,28,75,145,103,63,185,248
240790,7,999,2,35,110,28,75,145,103,63,185,248
240790,8,5,1,16,58,15,33,74,48,31,91,122
240790,8,5,2,16,58,15,33,74,48,31,91,122
240790,9,6,1,10,21,5,12,31,17,15,33,48
240790,9,6,2,10,21,5,12,31,17,15,33,48
240790,10,7,1,6,11,5,10,17,15,11,21,32
240790,10,7,2,6,11,5,10,17,15,11,21,32
240790,11,8,1,2,15,3,12,17,15,5,27,32
240790,11,8,2,2,15,3,12,17,15,5,27,32
240790,12,9,1,1,5,0,6,6,6,1,11,12
240790,12,9,2,1,5,0,6,6,6,1,11,12
240790,13,10,1,0,0,0,2,0,2,0,2,2
240790,13,10,2,0,0,0,2,0,2,0,2,2
241182,1,412,1,91,341,0,0,432,0,91,341,432
241182,1,112,2,91,341,0,0,432,0,91,341,432
241182,2,999,1,55,191,0,0,246,0,55,191,246
241182,2,999,2,55,191,0,0,246,0,55,191,246
241182,3,1,1,1,3,0,0,4,0,1,3,4
241182,3,1,2,1,3,0,0,4,0,1,3,4
241182,4,2,1,21,64,0,0,85,0,21,64,85
241182,4,2,2,21,64,0,0,85,0,21,64,85
241182,5,3,1,18,59,0,0,77,0,18,59,77
241182,5,3,2,18,59,0,0,77,0,18,59,77
241182,6,4,1,15,65,0,0,80,0,15,65,80
241182,6,4,2,15,65,0,0,80,0,15,65,80
241182,7,999,1,36,149,0,0,185,0,36,149,185
241182,7,999,2,36,149,0,0,185,0,36,149,185
241182,8,5,1,14,66,0,0,80,0,14,66,80
241182,8,5,2,14,66,0,0,80,0,14,66,80
241182,9,6,1,9,33,0,0,42,0,9,33,42
241182,9,6,2,9,33,0,0,42,0,9,33,42
241182,10,7,1,6,18,0,0,24,0,6,18,24
241182,10,7,2,6,18,0,0,24,0,6,18,24
241182,11,8,1,5,22,0,0,27,0,5,22,27
241182,11,8,2,5,22,0,0,27,0,5,22,27
241182,12,9,1,2,10,0,0,12,0,2,10,12
241182,12,9,2,2,10,0,0,12,0,2,10,12
241182,14,11,1,0,1,0,0,1,0,0,1,1
241182,14,11,2,0,1,0,0,1,0,0,1,1
241191,1,412,1,358,560,55,83,918,138,413,643,1056
241191,1,112,2,319,517,47,71,836,118,366,588,954
241191,1,312,5,39,43,8,12,82,20,47,55,102
241191,2,999,1,236,437,25,39,673,64,261,476,737
241191,2,999,2,236,434,25,39,670,64,261,473,734
241191,2,999,5,0,3,0,0,3,0,0,3,3
241191,3,1,1,1,1,0,0,2,0,1,1,2
241191,3,1,2,1,1,0,0,2,0,1,1,2
241191,4,2,1,41,92,3,5,133,8,44,97,141
241191,4,2,2,41,92,3,5,133,8,44,97,141
241191,5,3,1,93,169,10,16,262,26,103,185,288
241191,5,3,2,93,169,10,16,262,26,103,185,288
241191,6,4,1,101,175,12,18,276,30,113,193,306
241191,6,4,2,101,172,12,18,273,30,113,190,303
241191,6,4,5,0,3,0,0,3,0,0,3,3
241191,7,999,1,122,123,30,44,245,74,152,167,319
241191,7,999,2,83,83,22,32,166,54,105,115,220
241191,7,999,5,39,40,8,12,79,20,47,52,99
241191,8,5,1,59,61,13,11,120,24,72,72,144
241191,8,5,2,52,48,12,11,100,23,64,59,123
241191,8,5,5,7,13,1,0,20,1,8,13,21
241191,9,6,1,28,27,5,7,55,12,33,34,67
241191,9,6,2,15,13,5,6,28,11,20,19,39
241191,9,6,5,13,14,0,1,27,1,13,15,28
241191,10,7,1,16,11,5,6,27,11,21,17,38
241191,10,7,2,5,6,2,4,11,6,7,10,17
241191,10,7,5,11,5,3,2,16,5,14,7,21
241191,11,8,1,11,18,3,11,29,14,14,29,43
241191,11,8,2,7,11,1,7,18,8,8,18,26
241191,11,8,5,4,7,2,4,11,6,6,11,17
241191,12,9,1,7,6,4,9,13,13,11,15,26
241191,12,9,2,3,5,2,4,8,6,5,9,14
241191,12,9,5,4,1,2,5,5,7,6,6,12
241191,13,10,1,1,0,0,0,1,0,1,0,1
241191,13,10,2,1,0,0,0,1,0,1,0,1
241225,1,412,1,241,586,102,217,827,319,343,803,1146
241225,1,112,2,212,486,71,167,698,238,283,653,936
241225,1,312,5,29,100,31,50,129,81,60,150,210
241225,2,999,1,173,420,49,96,593,145,222,516,738
241225,2,999,2,166,405,49,95,571,144,215,500,715
241225,2,999,5,7,15,0,1,22,1,7,16,23
241225,3,1,1,0,1,0,0,1,0,0,1,1
241225,3,1,2,0,1,0,0,1,0,0,1,1
241225,4,2,1,62,168,6,12,230,18,68,180,248
241225,4,2,2,62,168,6,12,230,18,68,180,248
241225,5,3,1,53,162,21,35,215,56,74,197,271
241225,5,3,2,53,162,21,35,215,56,74,197,271
241225,6,4,1,58,89,22,49,147,71,80,138,218
241225,6,4,2,51,74,22,48,125,70,73,122,195
241225,6,4,5,7,15,0,1,22,1,7,16,23
241225,7,999,1,68,166,53,121,234,174,121,287,408
241225,7,999,2,46,81,22,72,127,94,68,153,221
241225,7,999,5,22,85,31,49,107,80,53,134,187
241225,8,5,1,32,63,14,37,95,51,46,100,146
241225,8,5,2,24,41,6,27,65,33,30,68,98
241225,8,5,5,8,22,8,10,30,18,16,32,48
241225,9,6,1,16,40,14,15,56,29,30,55,85
241225,9,6,2,10,17,7,7,27,14,17,24,41
241225,9,6,5,6,23,7,8,29,15,13,31,44
241225,10,7,1,4,22,6,21,26,27,10,43,53
241225,10,7,2,2,13,4,13,15,17,6,26,32
241225,10,7,5,2,9,2,8,11,10,4,17,21
241225,11,8,1,13,27,7,38,40,45,20,65,85
241225,11,8,2,8,9,3,21,17,24,11,30,41
241225,11,8,5,5,18,4,17,23,21,9,35,44
241225,12,9,1,3,14,8,7,17,15,11,21,32
241225,12,9,2,2,1,2,4,3,6,4,5,9
241225,12,9,5,1,13,6,3,14,9,7,16,23
241225,13,10,1,0,0,4,3,0,7,4,3,7
241225,13,10,5,0,0,4,3,0,7,4,3,7
241395,1,412,1,170,388,64,176,558,240,234,564,798
241395,1,112,2,121,239,24,35,360,59,145,274,419
241395,1,312,5,49,149,40,141,198,181,89,290,379
241395,2,999,1,97,211,10,15,308,25,107,226,333
241395,2,999,2,94,192,9,13,286,22,103,205,308
241395,2,999,5,3,19,1,2,22,3,4,21,25
241395,3,1,1,0,9,0,1,9,1,0,10,10
241395,3,1,2,0,9,0,1,9,1,0,10,10
241395,4,2,1,35,71,0,2,106,2,35,73,108
241395,4,2,2,35,71,0,2,106,2,35,73,108
241395,5,3,1,39,71,6,2,110,8,45,73,118
241395,5,3,2,39,71,6,2,110,8,45,73,118
241395,6,4,1,23,60,4,10,83,14,27,70,97
241395,6,4,2,20,41,3,8,61,11,23,49,72
241395,6,4,5,3,19,1,2,22,3,4,21,25
241395,7,999,1,72,177,54,161,249,215,126,338,464
241395,7,999,2,26,47,15,22,73,37,41,69,110
241395,7,999,5,46,130,39,139,176,178,85,269,354
241395,8,5,1,26,73,16,30,99,46,42,103,145
241395,8,5,2,13,24,6,4,37,10,19,28,47
241395,8,5,5,13,49,10,26,62,36,23,75,98
241395,9,6,1,18,36,11,51,54,62,29,87,116
241395,9,6,2,6,9,2,5,15,7,8,14,22
241395,9,6,5,12,27,9,46,39,55,21,73,94
241395,10,7,1,7,25,10,24,32,34,17,49,66
241395,10,7,2,1,8,5,4,9,9,6,12,18
241395,10,7,5,6,17,5,20,23,25,11,37,48
241395,11,8,1,15,32,9,45,47,54,24,77,101
241395,11,8,2,4,6,2,7,10,9,6,13,19
241395,11,8,5,11,26,7,38,37,45,18,64,82
241395,12,9,1,5,10,8,11,15,19,13,21,34
241395,12,9,2,2,0,0,2,2,2,2,2,4
241395,12,9,5,3,10,8,9,13,17,11,19,30
241395,13,10,1,1,1,0,0,2,0,1,1,2
241395,13,10,5,1,1,0,0,2,0,1,1,2
241395,14,11,1,1,0,0,0,1,0,1,0,1
241395,14,11,2,1,0,0,0,1,0,1,0,1
241410,1,412,1,1940,3426,398,850,5366,1248,2338,4276,6614
241410,1,112,2,1578,2704,226,381,4282,607,1804,3085,4889
241410,1,312,5,362,722,172,469,1084,641,534,1191,1725
241410,2,999,1,1549,2766,154,262,4315,416,1703,3028,4731
241410,2,999,2,1477,2602,148,250,4079,398,1625,2852,4477
241410,2,999,5,72,164,6,12,236,18,78,176,254
241410,3,1,1,57,111,12,18,168,30,69,129,198
241410,3,1,2,57,111,12,18,168,30,69,129,198
241410,4,2,1,606,1082,11,13,1688,24,617,1095,1712
241410,4,2,2,606,1082,11,13,1688,24,617,1095,1712
241410,5,3,1,540,1024,26,70,1564,96,566,1094,1660
241410,5,3,2,538,1020,26,70,1558,96,564,1090,1654
241410,5,3,5,2,4,0,0,6,0,2,4,6
241410,6,4,1,346,549,105,161,895,266,451,710,1161
241410,6,4,2,276,389,99,149,665,248,375,538,913
241410,6,4,5,70,160,6,12,230,18,76,172,248
241410,7,999,1,391,660,244,588,1051,832,635,1248,1883
241410,7,999,2,101,102,78,131,203,209,179,233,412
241410,7,999,5,290,558,166,457,848,623,456,1015,1471
241410,8,5,1,199,294,85,182,493,267,284,476,760
241410,8,5,2,56,51,45,69,107,114,101,120,221
241410,8,5,5,143,243,40,113,386,153,183,356,539
241410,9,6,1,75,126,47,136,201,183,122,262,384
241410,9,6,2,19,14,12,22,33,34,31,36,67
241410,9,6,5,56,112,35,114,168,149,91,226,317
241410,10,7,1,41,90,33,104,131,137,74,194,268
241410,10,7,2,12,16,7,15,28,22,19,31,50
241410,10,7,5,29,74,26,89,103,115,55,163,218
241410,11,8,1,48,113,56,110,161,166,104,223,327
241410,11,8,2,10,14,12,20,24,32,22,34,56
241410,11,8,5,38,99,44,90,137,134,82,189,271
241410,12,9,1,27,35,23,55,62,78,50,90,140
241410,12,9,2,4,7,2,5,11,7,6,12,18
241410,12,9,5,23,28,21,50,51,71,44,78,122
241410,13,10,1,1,2,0,1,3,1,1,3,4
241410,13,10,5,1,2,0,1,3,1,1,3,4
241720,1,412,1,214,419,90,117,633,207,304,536,840
241720,1,112,2,214,419,90,117,633,207,304,536,840
241720,2,999,1,135,272,36,47,407,83,171,319,490
241720,2,999,2,135,272,36,47,407,83,171,319,490
241720,3,1,1,4,10,0,0,14,0,4,10,14
241720,3,1,2,4,10,0,0,14,0,4,10,14
241720,4,2,1,40,87,5,5,127,10,45,92,137
241720,4,2,2,40,87,5,5,127,10,45,92,137
241720,5,3,1,46,103,5,18,149,23,51,121,172
241720,5,3,2,46,103,5,18,149,23,51,121,172
241720,6,4,1,45,72,26,24,117,50,71,96,167
241720,6,4,2,45,72,26,24,117,50,71,96,167
241720,7,999,1,79,147,54,70,226,124,133,217,350
241720,7,999,2,79,147,54,70,226,124,133,217,350
241720,8,5,1,20,53,15,20,73,35,35,73,108
241720,8,5,2,20,53,15,20,73,35,35,73,108
241720,9,6,1,16,26,14,19,42,33,30,45,75
241720,9,6,2,16,26,14,19,42,33,30,45,75
241720,10,7,1,21,32,6,9,53,15,27,41,68
241720,10,7,2,21,32,6,9,53,15,27,41,68
241720,11,8,1,15,21,14,17,36,31,29,38,67
241720,11,8,2,15,21,14,17,36,31,29,38,67
241720,12,9,1,6,15,5,5,21,10,11,20,31
241720,12,9,2,6,15,5,5,21,10,11,20,31
241720,13,10,1,1,0,0,0,1,0,1,0,1
241720,13,10,2,1,0,0,0,1,0,1,0,1
241739,1,412,1,1948,4165,941,1839,6113,2780,2889,6004,8893
241739,1,112,2,1496,3223,768,1516,4719,2284,2264,4739,7003
241739,1,312,5,452,942,173,323,1394,496,625,1265,1890
241739,2,999,1,1147,2492,427,817,3639,1244,1574,3309,4883
241739,2,999,2,1108,2410,424,808,3518,1232,1532,3218,4750
241739,2,999,5,39,82,3,9,121,12,42,91,133
241739,3,1,1,6,59,4,6,65,10,10,65,75
241739,3,1,2,6,59,4,6,65,10,10,65,75
241739,4,2,1,392,852,102,179,1244,281,494,1031,1525
241739,4,2,2,392,852,102,179,1244,281,494,1031,1525
241739,5,3,1,407,951,145,261,1358,406,552,1212,1764
241739,5,3,2,407,950,145,261,1357,406,552,1211,1763
241739,5,3,5,0,1,0,0,1,0,0,1,1
241739,6,4,1,342,630,176,371,972,547,518,1001,1519
241739,6,4,2,303,549,173,362,852,535,476,911,1387
241739,6,4,5,39,81,3,9,120,12,42,90,132
241739,7,999,1,798,1667,508,1017,2465,1525,1306,2684,3990
241739,7,999,2,386,810,339,704,1196,1043,725,1514,2239
241739,7,999,5,412,857,169,313,1269,482,581,1170,1751
241739,8,5,1,296,537,165,307,833,472,461,844,1305
241739,8,5,2,160,316,137,255,476,392,297,571,868
241739,8,5,5,136,221,28,52,357,80,164,273,437
241739,9,6,1,188,421,121,221,609,342,309,642,951
241739,9,6,2,93,198,78,157,291,235,171,355,526
241739,9,6,5,95,223,43,64,318,107,138,287,425
241739,10,7,1,132,277,93,177,409,270,225,454,679
241739,10,7,2,59,132,58,119,191,177,117,251,368
241739,10,7,5,73,145,35,58,218,93,108,203,311
241739,11,8,1,131,329,93,223,460,316,224,552,776
241739,11,8,2,56,126,50,133,182,183,106,259,365
241739,11,8,5,75,203,43,90,278,133,118,293,411
241739,12,9,1,45,100,31,87,145,118,76,187,263
241739,12,9,2,16,36,15,40,52,55,31,76,107
241739,12,9,5,29,64,16,47,93,63,45,111,156
241739,13,10,1,6,3,5,2,9,7,11,5,16
241739,13,10,2,2,2,1,0,4,1,3,2,5
241739,13,10,5,4,1,4,2,5,6,8,3,11
241739,14,11,1,3,6,6,5,9,11,9,11,20
241739,14,11,2,2,3,5,4,5,9,7,7,14
241739,14,11,5,1,3,1,1,4,2,2,4,6
241766,1,412,1,165,82,92,31,247,123,257,113,370
241766,1,112,2,160,79,91,30,239,121,251,109,360
241766,1,312,5,5,3,1,1,8,2,6,4,10
241766,2,999,1,139,76,63,22,215,85,202,98,300
241766,2,999,2,137,76,62,22,213,84,199,98,297
241766,2,999,5,2,0,1,0,2,1,3,0,3
241766,3,1,1,2,1,8,0,3,8,10,1,11
241766,3,1,2,2,1,8,0,3,8,10,1,11
241766,4,2,1,38,15,24,6,53,30,62,21,83
241766,4,2,2,38,15,24,6,53,30,62,21,83
241766,5,3,1,57,35,7,3,92,10,64,38,102
241766,5,3,2,57,35,7,3,92,10,64,38,102
241766,6,4,1,42,25,24,13,67,37,66,38,104
241766,6,4,2,40,25,23,13,65,36,63,38,101
241766,6,4,5,2,0,1,0,2,1,3,0,3
241766,7,999,1,23,5,18,5,28,23,41,10,51
241766,7,999,2,20,3,18,4,23,22,38,7,45
241766,7,999,5,3,2,0,1,5,1,3,3,6
241766,8,5,1,13,3,11,3,16,14,24,6,30
241766,8,5,2,11,2,11,3,13,14,22,5,27
241766,8,5,5,2,1,0,0,3,0,2,1,3
241766,9,6,1,3,2,3,1,5,4,6,3,9
241766,9,6,2,3,1,3,1,4,4,6,2,8
241766,9,6,5,0,1,0,0,1,0,0,1,1
241766,10,7,1,2,0,1,1,2,2,3,1,4
241766,10,7,2,2,0,1,0,2,1,3,0,3
241766,10,7,5,0,0,0,1,0,1,0,1,1
241766,11,8,1,3,0,2,0,3,2,5,0,5
241766,11,8,2,2,0,2,0,2,2,4,0,4
241766,11,8,5,1,0,0,0,1,0,1,0,1
241766,12,9,1,1,0,1,0,1,1,2,0,2
241766,12,9,2,1,0,1,0,1,1,2,0,2
241766,13,10,1,1,0,0,0,1,0,1,0,1
241766,13,10,2,1,0,0,0,1,0,1,0,1
241766,14,11,1,3,1,11,4,4,15,14,5,19
241766,14,11,2,3,0,11,4,3,15,14,4,18
241766,14,11,5,0,1,0,0,1,0,0,1,1
241836,1,412,1,140,300,166,356,440,522,306,656,962
241836,1,112,2,131,280,164,346,411,510,295,626,921
241836,1,312,5,9,20,2,10,29,12,11,30,41
241836,2,999,1,81,165,55,101,246,156,136,266,402
241836,2,999,2,80,162,55,101,242,156,135,263,398
241836,2,999,5,1,3,0,0,4,0,1,3,4
241836,3,1,1,2,6,1,6,8,7,3,12,15
241836,3,1,2,2,6,1,6,8,7,3,12,15
241836,4,2,1,43,67,12,25,110,37,55,92,147
241836,4,2,2,43,67,12,25,110,37,55,92,147
241836,5,3,1,23,58,24,35,81,59,47,93,140
241836,5,3,2,23,58,24,35,81,59,47,93,140
241836,6,4,1,13,34,18,35,47,53,31,69,100
241836,6,4,2,12,31,18,35,43,53,30,66,96
241836,6,4,5,1,3,0,0,4,0,1,3,4
241836,7,999,1,58,133,111,253,191,364,169,386,555
241836,7,999,2,51,116,109,243,167,352,160,359,519
241836,7,999,5,7,17,2,10,24,12,9,27,36
241836,8,5,1,13,39,16,47,52,63,29,86,115
241836,8,5,2,11,36,16,46,47,62,27,82,109
241836,8,5,5,2,3,0,1,5,1,2,4,6
241836,9,6,1,16,34,25,62,50,87,41,96,137
241836,9,6,2,13,27,24,58,40,82,37,85,122
241836,9,6,5,3,7,1,4,10,5,4,11,15
241836,10,7,1,13,24,25,53,37,78,38,77,115
241836,10,7,2,13,20,25,51,33,76,38,71,109
241836,10,7,5,0,4,0,2,4,2,0,6,6
241836,11,8,1,6,25,29,62,31,91,35,87,122
241836,11,8,2,6,23,29,59,29,88,35,82,117
241836,11,8,5,0,2,0,3,2,3,0,5,5
241836,12,9,1,10,11,16,29,21,45,26,40,66
241836,12,9,2,8,10,15,29,18,44,23,39,62
241836,12,9,5,2,1,1,0,3,1,3,1,4
241836,14,11,1,1,2,0,2,3,2,1,4,5
241836,14,11,2,0,2,0,2,2,2,0,4,4
241836,14,11,5,1,0,0,0,1,0,1,0,1
241906,1,412,1,85,233,0,0,318,0,85,233,318
241906,1,112,2,85,233,0,0,318,0,85,233,318
241906,2,999,1,76,213,0,0,289,0,76,213,289
241906,2,999,2,76,213,0,0,289,0,76,213,289
241906,3,1,1,18,46,0,0,64,0,18,46,64
241906,3,1,2,18,46,0,0,64,0,18,46,64
241906,4,2,1,44,102,0,0,146,0,44,102,146
241906,4,2,2,44,102,0,0,146,0,44,102,146
241906,5,3,1,5,40,0,0,45,0,5,40,45
241906,5,3,2,5,40,0,0,45,0,5,40,45
241906,6,4,1,9,25,0,0,34,0,9,25,34
241906,6,4,2,9,25,0,0,34,0,9,25,34
241906,7,999,1,9,20,0,0,29,0,9,20,29
241906,7,999,2,9,20,0,0,29,0,9,20,29
241906,8,5,1,5,8,0,0,13,0,5,8,13
241906,8,5,2,5,8,0,0,13,0,5,8,13
241906,9,6,1,3,3,0,0,6,0,3,3,6
241906,9,6,2,3,3,0,0,6,0,3,3,6
241906,10,7,1,1,4,0,0,5,0,1,4,5
241906,10,7,2,1,4,0,0,5,0,1,4,5
241906,11,8,1,0,5,0,0,5,0,0,5,5
241906,11,8,2,0,5,0,0,5,0,0,5,5
241951,1,412,1,90,193,40,82,283,122,130,275,405
241951,1,112,2,90,193,40,82,283,122,130,275,405
241951,2,999,1,84,181,26,57,265,83,110,238,348
241951,2,999,2,84,181,26,57,265,83,110,238,348
241951,3,1,1,2,10,0,0,12,0,2,10,12
241951,3,1,2,2,10,0,0,12,0,2,10,12
241951,4,2,1,29,74,0,0,103,0,29,74,103
241951,4,2,2,29,74,0,0,103,0,29,74,103
241951,5,3,1,27,76,6,20,103,26,33,96,129
241951,5,3,2,27,76,6,20,103,26,33,96,129
241951,6,4,1,26,21,20,37,47,57,46,58,104
241951,6,4,2,26,21,20,37,47,57,46,58,104
241951,7,999,1,6,12,14,25,18,39,20,37,57
241951,7,999,2,6,12,14,25,18,39,20,37,57
241951,8,5,1,4,9,8,14,13,22,12,23,35
241951,8,5,2,4,9,8,14,13,22,12,23,35
241951,9,6,1,0,0,3,6,0,9,3,6,9
241951,9,6,2,0,0,3,6,0,9,3,6,9
241951,10,7,1,1,0,2,0,1,2,3,0,3
241951,10,7,2,1,0,2,0,1,2,3,0,3
241951,11,8,1,0,1,0,4,1,4,0,5,5
241951,11,8,2,0,1,0,4,1,4,0,5,5
241951,12,9,1,1,2,1,0,3,1,2,2,4
241951,12,9,2,1,2,1,0,3,1,2,2,4
241951,13,10,1,0,0,0,1,0,1,0,1,1
241951,13,10,2,0,0,0,1,0,1,0,1,1
242112,1,412,1,133,238,41,76,371,117,174,314,488
242112,1,112,2,133,238,41,76,371,117,174,314,488
242112,2,999,1,82,154,19,35,236,54,101,189,290
242112,2,999,2,82,154,19,35,236,54,101,189,290
242112,3,1,1,9,13,0,0,22,0,9,13,22
242112,3,1,2,9,13,0,0,22,0,9,13,22
242112,4,2,1,46,78,9,9,124,18,55,87,142
242112,4,2,2,46,78,9,9,124,18,55,87,142
242112,5,3,1,17,33,4,11,50,15,21,44,65
242112,5,3,2,17,33,4,11,50,15,21,44,65
242112,6,4,1,10,30,6,15,40,21,16,45,61
242112,6,4,2,10,30,6,15,40,21,16,45,61
242112,7,999,1,51,84,22,41,135,63,73,125,198
242112,7,999,2,51,84,22,41,135,63,73,125,198
242112,8,5,1,9,29,5,6,38,11,14,35,49
242112,8,5,2,9,29,5,6,38,11,14,35,49
242112,9,6,1,5,18,2,18,23,20,7,36,43
242112,9,6,2,5,18,2,18,23,20,7,36,43
242112,10,7,1,11,14,4,6,25,10,15,20,35
242112,10,7,2,11,14,4,6,25,10,15,20,35
242112,11,8,1,17,20,6,11,37,17,23,31,54
242112,11,8,2,17,20,6,11,37,17,23,31,54
242112,12,9,1,9,3,5,0,12,5,14,3,17
242112,12,9,2,9,3,5,0,12,5,14,3,17
242130,1,412,1,45,130,12,40,175,52,57,170,227
242130,1,112,2,45,130,12,40,175,52,57,170,227
242130,2,999,1,36,81,8,27,117,35,44,108,152
242130,2,999,2,36,81,8,27,117,35,44,108,152
242130,4,2,1,19,25,0,1,44,1,19,26,45
242130,4,2,2,19,25,0,1,44,1,19,26,45
242130,5,3,1,13,40,5,14,53,19,18,54,72
242130,5,3,2,13,40,5,14,53,19,18,54,72
242130,6,4,1,4,16,3,12,20,15,7,28,35
242130,6,4,2,4,16,3,12,20,15,7,28,35
242130,7,999,1,9,49,4,13,58,17,13,62,75
242130,7,999,2,9,49,4,13,58,17,13,62,75
242130,8,5,1,6,21,3,5,27,8,9,26,35
242130,8,5,2,6,21,3,5,27,8,9,26,35
242130,9,6,1,1,9,1,1,10,2,2,10,12
242130,9,6,2,1,9,1,1,10,2,2,10,12
242130,10,7,1,1,9,0,1,10,1,1,10,11
242130,10,7,2,1,9,0,1,10,1,1,10,11
242130,11,8,1,1,7,0,6,8,6,1,13,14
242130,11,8,2,1,7,0,6,8,6,1,13,14
242130,12,9,1,0,3,0,0,3,0,0,3,3
242130,12,9,2,0,3,0,0,3,0,0,3,3
242149,1,412,1,56,175,21,72,231,93,77,247,324
242149,1,112,2,56,175,21,72,231,93,77,247,324
242149,2,999,1,36,84,9,33,120,42,45,117,162
242149,2,999,2,36,84,9,33,120,42,45,117,162
242149,3,1,1,1,3,0,0,4,0,1,3,4
242149,3,1,2,1,3,0,0,4,0,1,3,4
242149,4,2,1,22,38,2,9,60,11,24,47,71
242149,4,2,2,22,38,2,9,60,11,24,47,71
242149,5,3,1,6,19,6,14,25,20,12,33,45
242149,5,3,2,6,19,6,14,25,20,12,33,45
242149,6,4,1,7,24,1,10,31,11,8,34,42
242149,6,4,2,7,24,1,10,31,11,8,34,42
242149,7,999,1,20,91,12,39,111,51,32,130,162
242149,7,999,2,20,91,12,39,111,51,32,130,162
242149,8,5,1,9,26,2,7,35,9,11,33,44
242149,8,5,2,9,26,2,7,35,9,11,33,44
242149,9,6,1,3,22,2,11,25,13,5,33,38
242149,9,6,2,3,22,2,11,25,13,5,33,38
242149,10,7,1,1,10,1,5,11,6,2,15,17
242149,10,7,2,1,10,1,5,11,6,2,15,17
242149,11,8,1,3,23,4,10,26,14,7,33,40
242149,11,8,2,3,23,4,10,26,14,7,33,40
242149,12,9,1,4,9,3,5,13,8,7,14,21
242149,12,9,2,4,9,3,5,13,8,7,14,21
242149,13,10,1,0,1,0,1,1,1,0,2,2
242149,13,10,2,0,1,0,1,1,1,0,2,2
243106,1,412,1,1019,1222,93,110,2241,203,1112,1332,2444
243106,1,112,2,1019,1222,93,110,2241,203,1112,1332,2444
243106,2,999,1,984,1189,57,65,2173,122,1041,1254,2295
243106,2,999,2,984,1189,57,65,2173,122,1041,1254,2295
243106,3,1,1,1,0,0,0,1,0,1,0,1
243106,3,1,2,1,0,0,0,1,0,1,0,1
243106,4,2,1,244,284,0,0,528,0,244,284,528
243106,4,2,2,244,284,0,0,528,0,244,284,528
243106,5,3,1,428,507,13,6,935,19,441,513,954
243106,5,3,2,428,507,13,6,935,19,441,513,954
243106,6,4,1,311,398,44,59,709,103,355,457,812
243106,6,4,2,311,398,44,59,709,103,355,457,812
243106,7,999,1,35,33,36,45,68,81,71,78,149
243106,7,999,2,35,33,36,45,68,81,71,78,149
243106,8,5,1,31,27,28,29,58,57,59,56,115
243106,8,5,2,31,27,28,29,58,57,59,56,115
243106,9,6,1,4,3,4,8,7,12,8,11,19
243106,9,6,2,4,3,4,8,7,12,8,11,19
243106,10,7,1,0,2,1,1,2,2,1,3,4
243106,10,7,2,0,2,1,1,2,2,1,3,4
243106,11,8,1,0,0,3,5,0,8,3,5,8
243106,11,8,2,0,0,3,5,0,8,3,5,8
243106,12,9,1,0,1,0,2,1,2,0,3,3
243106,12,9,2,0,1,0,2,1,2,0,3,3
243115,1,412,1,1213,1984,113,104,3197,217,1326,2088,3414
243115,1,112,2,1213,1984,113,104,3197,217,1326,2088,3414
243115,2,999,1,1191,1943,69,65,3134,134,1260,2008,3268
243115,2,999,2,1191,1943,69,65,3134,134,1260,2008,3268
243115,3,1,1,3,9,0,0,12,0,3,9,12
243115,3,1,2,3,9,0,0,12,0,3,9,12
243115,4,2,1,480,781,3,3,1261,6,483,784,1267
243115,4,2,2,480,781,3,3,1261,6,483,784,1267
243115,5,3,1,417,727,15,10,1144,25,432,737,1169
243115,5,3,2,417,727,15,10,1144,25,432,737,1169
243115,6,4,1,291,426,51,52,717,103,342,478,820
243115,6,4,2,291,426,51,52,717,103,342,478,820
243115,7,999,1,22,41,44,39,63,83,66,80,146
243115,7,999,2,22,41,44,39,63,83,66,80,146
243115,8,5,1,19,29,35,25,48,60,54,54,108
243115,8,5,2,19,29,35,25,48,60,54,54,108
243115,9,6,1,3,4,4,7,7,11,7,11,18
243115,9,6,2,3,4,4,7,7,11,7,11,18
243115,10,7,1,0,2,1,1,2,2,1,3,4
243115,10,7,2,0,2,1,1,2,2,1,3,4
243115,11,8,1,0,6,3,4,6,7,3,10,13
243115,11,8,2,0,6,3,4,6,7,3,10,13
243115,12,9,1,0,0,1,2,0,3,1,2,3
243115,12,9,2,0,0,1,2,0,3,1,2,3
243142,1,412,1,674,1288,238,380,1962,618,912,1668,2580
243142,1,112,2,674,1288,238,380,1962,618,912,1668,2580
243142,2,999,1,655,1240,171,290,1895,461,826,1530,2356
243142,2,999,2,655,1240,171,290,1895,461,826,1530,2356
243142,3,1,1,61,91,1,1,152,2,62,92,154
243142,3,1,2,61,91,1,1,152,2,62,92,154
243142,4,2,1,319,614,18,33,933,51,337,647,984
243142,4,2,2,319,614,18,33,933,51,337,647,984
243142,5,3,1,195,424,75,132,619,207,270,556,826
243142,5,3,2,195,424,75,132,619,207,270,556,826
243142,6,4,1,80,111,77,124,191,201,157,235,392
243142,6,4,2,80,111,77,124,191,201,157,235,392
243142,7,999,1,19,48,67,90,67,157,86,138,224
243142,7,999,2,19,48,67,90,67,157,86,138,224
243142,8,5,1,12,30,38,44,42,82,50,74,124
243142,8,5,2,12,30,38,44,42,82,50,74,124
243142,9,6,1,2,5,6,11,7,17,8,16,24
243142,9,6,2,2,5,6,11,7,17,8,16,24
243142,10,7,1,0,6,6,8,6,14,6,14,20
243142,10,7,2,0,6,6,8,6,14,6,14,20
243142,11,8,1,4,4,10,16,8,26,14,20,34
243142,11,8,2,4,4,10,16,8,26,14,20,34
243142,12,9,1,1,2,7,10,3,17,8,12,20
243142,12,9,2,1,2,7,10,3,17,8,12,20
243142,13,10,1,0,1,0,1,1,1,0,2,2
243142,13,10,2,0,1,0,1,1,1,0,2,2
243151,1,412,1,908,1838,80,158,2746,238,988,1996,2984
243151,1,112,2,908,1838,80,158,2746,238,988,1996,2984
243151,2,999,1,821,1672,54,112,2493,166,875,1784,2659
243151,2,999,2,821,1672,54,112,2493,166,875,1784,2659
243151,3,1,1,2,6,0,0,8,0,2,6,8
243151,3,1,2,2,6,0,0,8,0,2,6,8
243151,4,2,1,299,632,1,4,931,5,300,636,936
243151,4,2,2,299,632,1,4,931,5,300,636,936
243151,5,3,1,296,617,12,19,913,31,308,636,944
243151,5,3,2,296,617,12,19,913,31,308,636,944
243151,6,4,1,224,417,41,89,641,130,265,506,771
243151,6,4,2,224,417,41,89,641,130,265,506,771
243151,7,999,1,17,22,26,45,39,71,43,67,110
243151,7,999,2,17,22,26,45,39,71,43,67,110
243151,8,5,1,14,15,19,31,29,50,33,46,79
243151,8,5,2,14,15,19,31,29,50,33,46,79
243151,9,6,1,2,2,5,6,4,11,7,8,15
243151,9,6,2,2,2,5,6,4,11,7,8,15
243151,10,7,1,0,3,1,3,3,4,1,6,7
243151,10,7,2,0,3,1,3,3,4,1,6,7
243151,11,8,1,1,1,1,3,2,4,2,4,6
243151,11,8,2,1,1,1,3,2,4,2,4,6
243151,12,9,1,0,1,0,2,1,2,0,3,3
243151,12,9,2,0,1,0,2,1,2,0,3,3
243151,14,11,1,70,144,0,1,214,1,70,145,215
243151,14,11,2,70,144,0,1,214,1,70,145,215
243179,1,412,1,943,1838,126,199,2781,325,1069,2037,3106
243179,1,112,2,943,1838,126,199,2781,325,1069,2037,3106
243179,2,999,1,921,1811,103,159,2732,262,1024,1970,2994
243179,2,999,2,921,1811,103,159,2732,262,1024,1970,2994
243179,3,1,1,4,13,1,1,17,2,5,14,19
243179,3,1,2,4,13,1,1,17,2,5,14,19
243179,4,2,1,429,854,3,8,1283,11,432,862,1294
243179,4,2,2,429,854,3,8,1283,11,432,862,1294
243179,5,3,1,305,600,29,34,905,63,334,634,968
243179,5,3,2,305,600,29,34,905,63,334,634,968
243179,6,4,1,183,344,70,116,527,186,253,460,713
243179,6,4,2,183,344,70,116,527,186,253,460,713
243179,7,999,1,22,27,23,40,49,63,45,67,112
243179,7,999,2,22,27,23,40,49,63,45,67,112
243179,8,5,1,18,19,17,22,37,39,35,41,76
243179,8,5,2,18,19,17,22,37,39,35,41,76
243179,9,6,1,0,5,2,6,5,8,2,11,13
243179,9,6,2,0,5,2,6,5,8,2,11,13
243179,10,7,1,2,1,1,7,3,8,3,8,11
243179,10,7,2,2,1,1,7,3,8,3,8,11
243179,11,8,1,1,2,1,4,3,5,2,6,8
243179,11,8,2,1,2,1,4,3,5,2,6,8
243179,12,9,1,1,0,2,1,1,3,3,1,4
243179,12,9,2,1,0,2,1,1,3,3,1,4
243188,1,412,1,233,263,30,28,496,58,263,291,554
243188,1,112,2,233,263,30,28,496,58,263,291,554
243188,2,999,1,225,251,20,17,476,37,245,268,513
243188,2,999,2,225,251,20,17,476,37,245,268,513
243188,3,1,1,1,2,0,0,3,0,1,2,3
243188,3,1,2,1,2,0,0,3,0,1,2,3
243188,4,2,1,124,127,4,1,251,5,128,128,256
243188,4,2,2,124,127,4,1,251,5,128,128,256
243188,5,3,1,61,77,7,3,138,10,68,80,148
243188,5,3,2,61,77,7,3,138,10,68,80,148
243188,6,4,1,39,45,9,13,84,22,48,58,106
243188,6,4,2,39,45,9,13,84,22,48,58,106
243188,7,999,1,8,12,10,11,20,21,18,23,41
243188,7,999,2,8,12,10,11,20,21,18,23,41
243188,8,5,1,4,8,5,5,12,10,9,13,22
243188,8,5,2,4,8,5,5,12,10,9,13,22
243188,9,6,1,2,2,2,2,4,4,4,4,8
243188,9,6,2,2,2,2,2,4,4,4,4,8
243188,10,7,1,1,0,0,2,1,2,1,2,3
243188,10,7,2,1,0,0,2,1,2,1,2,3
243188,11,8,1,1,1,0,1,2,1,1,2,3
243188,11,8,2,1,1,0,1,2,1,1,2,3
243188,12,9,1,0,1,2,1,1,3,2,2,4
243188,12,9,2,0,1,2,1,1,3,2,2,4
243188,13,10,1,0,0,1,0,0,1,1,0,1
243188,13,10,2,0,0,1,0,0,1,1,0,1
243203,1,412,1,699,1405,36,78,2104,114,735,1483,2218
243203,1,112,2,74,259,7,17,333,24,81,276,357
243203,1,312,5,625,1146,29,61,1771,90,654,1207,1861
243203,2,999,1,294,650,8,23,944,31,302,673,975
243203,2,999,2,57,216,5,14,273,19,62,230,292
243203,2,999,5,237,434,3,9,671,12,240,443,683
243203,3,1,1,0,1,0,0,1,0,0,1,1
243203,3,1,5,0,1,0,0,1,0,0,1,1
243203,4,2,1,6,19,0,0,25,0,6,19,25
243203,4,2,2,6,19,0,0,25,0,6,19,25
243203,5,3,1,28,138,1,4,166,5,29,142,171
243203,5,3,2,19,120,1,4,139,5,20,124,144
243203,5,3,5,9,18,0,0,27,0,9,18,27
243203,6,4,1,260,492,7,19,752,26,267,511,778
243203,6,4,2,32,77,4,10,109,14,36,87,123
243203,6,4,5,228,415,3,9,643,12,231,424,655
243203,7,999,1,405,755,28,55,1160,83,433,810,1243
243203,7,999,2,17,43,2,3,60,5,19,46,65
243203,7,999,5,388,712,26,52,1100,78,414,764,1178
243203,8,5,1,293,491,14,23,784,37,307,514,821
243203,8,5,2,12,26,1,3,38,4,13,29,42
243203,8,5,5,281,465,13,20,746,33,294,485,779
243203,9,6,1,58,121,6,13,179,19,64,134,198
243203,9,6,2,3,10,0,0,13,0,3,10,13
243203,9,6,5,55,111,6,13,166,19,61,124,185
243203,10,7,1,18,53,4,4,71,8,22,57,79
243203,10,7,2,0,2,1,0,2,1,1,2,3
243203,10,7,5,18,51,3,4,69,7,21,55,76
243203,11,8,1,22,65,3,11,87,14,25,76,101
243203,11,8,2,1,4,0,0,5,0,1,4,5
243203,11,8,5,21,61,3,11,82,14,24,72,96
243203,12,9,1,14,24,1,4,38,5,15,28,43
243203,12,9,2,1,1,0,0,2,0,1,1,2
243203,12,9,5,13,23,1,4,36,5,14,27,41
243203,13,10,1,0,1,0,0,1,0,0,1,1
243203,13,10,5,0,1,0,0,1,0,0,1,1
243212,1,412,1,932,1279,75,96,2211,171,1007,1375,2382
243212,1,112,2,932,1279,75,96,2211,171,1007,1375,2382
243212,2,999,1,911,1268,48,71,2179,119,959,1339,2298
243212,2,999,2,911,1268,48,71,2179,119,959,1339,2298
243212,3,1,1,76,90,2,2,166,4,78,92,170
243212,3,1,2,76,90,2,2,166,4,78,92,170
243212,4,2,1,411,488,2,3,899,5,413,491,904
243212,4,2,2,411,488,2,3,899,5,413,491,904
243212,5,3,1,254,458,12,13,712,25,266,471,737
243212,5,3,2,254,458,12,13,712,25,266,471,737
243212,6,4,1,170,232,32,53,402,85,202,285,487
243212,6,4,2,170,232,32,53,402,85,202,285,487
243212,7,999,1,21,10,27,25,31,52,48,35,83
243212,7,999,2,21,10,27,25,31,52,48,35,83
243212,8,5,1,17,6,24,17,23,41,41,23,64
243212,8,5,2,17,6,24,17,23,41,41,23,64
243212,9,6,1,2,2,1,1,4,2,3,3,6
243212,9,6,2,2,2,1,1,4,2,3,3,6
243212,10,7,1,1,1,2,5,2,7,3,6,9
243212,10,7,2,1,1,2,5,2,7,3,6,9
243212,11,8,1,1,1,0,1,2,1,1,2,3
243212,11,8,2,1,1,0,1,2,1,1,2,3
243212,12,9,1,0,0,0,1,0,1,0,1,1
243212,12,9,2,0,0,0,1,0,1,0,1,1
243212,14,11,1,0,1,0,0,1,0,0,1,1
243212,14,11,2,0,1,0,0,1,0,0,1,1
243221,1,412,1,4324,7541,775,1252,11865,2027,5099,8793,13892
243221,1,112,2,3434,6109,551,783,9543,1334,3985,6892,10877
243221,1,312,5,890,1432,224,469,2322,693,1114,1901,3015
243221,2,999,1,2929,5374,397,606,8303,1003,3326,5980,9306
243221,2,999,2,2718,4913,361,512,7631,873,3079,5425,8504
243221,2,999,5,211,461,36,94,672,130,247,555,802
243221,3,1,1,235,479,5,2,714,7,240,481,721
243221,3,1,2,235,479,5,2,714,7,240,481,721
243221,4,2,1,1183,2111,63,51,3294,114,1246,2162,3408
243221,4,2,2,1183,2111,63,51,3294,114,1246,2162,3408
243221,5,3,1,709,1338,77,105,2047,182,786,1443,2229
243221,5,3,2,699,1316,76,103,2015,179,775,1419,2194
243221,5,3,5,10,22,1,2,32,3,11,24,35
243221,6,4,1,802,1446,252,448,2248,700,1054,1894,2948
243221,6,4,2,601,1007,217,356,1608,573,818,1363,2181
243221,6,4,5,201,439,35,92,640,127,236,531,767
243221,7,999,1,784,1059,333,588,1843,921,1117,1647,2764
243221,7,999,2,110,92,147,213,202,360,257,305,562
243221,7,999,5,674,967,186,375,1641,561,860,1342,2202
243221,8,5,1,404,537,157,270,941,427,561,807,1368
243221,8,5,2,85,73,86,115,158,201,171,188,359
243221,8,5,5,319,464,71,155,783,226,390,619,1009
243221,9,6,1,155,196,65,91,351,156,220,287,507
243221,9,6,2,11,11,23,24,22,47,34,35,69
243221,9,6,5,144,185,42,67,329,109,186,252,438
243221,10,7,1,81,116,25,58,197,83,106,174,280
243221,10,7,2,6,3,8,22,9,30,14,25,39
243221,10,7,5,75,113,17,36,188,53,92,149,241
243221,11,8,1,90,132,51,85,222,136,141,217,358
243221,11,8,2,5,3,21,22,8,43,26,25,51
243221,11,8,5,85,129,30,63,214,93,115,192,307
243221,12,9,1,47,74,30,74,121,104,77,148,225
243221,12,9,2,3,2,6,25,5,31,9,27,36
243221,12,9,5,44,72,24,49,116,73,68,121,189
243221,13,10,1,7,4,5,10,11,15,12,14,26
243221,13,10,2,0,0,3,5,0,8,3,5,8
243221,13,10,5,7,4,2,5,11,7,9,9,18
243221,14,11,1,611,1108,45,58,1719,103,656,1166,1822
243221,14,11,2,606,1104,43,58,1710,101,649,1162,1811
243221,14,11,5,5,4,2,0,9,2,7,4,11
243346,1,412,1,1842,3585,827,1638,5427,2465,2669,5223,7892
243346,1,112,2,1604,2846,754,1370,4450,2124,2358,4216,6574
243346,1,312,5,238,739,73,268,977,341,311,1007,1318
243346,2,999,1,1269,2250,440,731,3519,1171,1709,2981,4690
243346,2,999,2,1249,2182,439,719,3431,1158,1688,2901,4589
243346,2,999,5,20,68,1,12,88,13,21,80,101
243346,3,1,1,29,50,8,9,79,17,37,59,96
243346,3,1,2,29,50,8,9,79,17,37,59,96
243346,4,2,1,524,844,93,144,1368,237,617,988,1605
243346,4,2,2,524,844,93,144,1368,237,617,988,1605
243346,5,3,1,426,783,166,236,1209,402,592,1019,1611
243346,5,3,2,426,782,166,236,1208,402,592,1018,1610
243346,5,3,5,0,1,0,0,1,0,0,1,1
243346,6,4,1,290,573,173,342,863,515,463,915,1378
243346,6,4,2,270,506,172,330,776,502,442,836,1278
243346,6,4,5,20,67,1,12,87,13,21,79,100
243346,7,999,1,573,1335,387,906,1908,1293,960,2241,3201
243346,7,999,2,355,664,315,650,1019,965,670,1314,1984
243346,7,999,5,218,671,72,256,889,328,290,927,1217
243346,8,5,1,215,463,158,298,678,456,373,761,1134
243346,8,5,2,149,244,144,235,393,379,293,479,772
243346,8,5,5,66,219,14,63,285,77,80,282,362
243346,9,6,1,114,258,74,199,372,273,188,457,645
243346,9,6,2,70,136,58,138,206,196,128,274,402
243346,9,6,5,44,122,16,61,166,77,60,183,243
243346,10,7,1,109,199,62,142,308,204,171,341,512
243346,10,7,2,72,103,49,102,175,151,121,205,326
243346,10,7,5,37,96,13,40,133,53,50,136,186
243346,11,8,1,109,313,66,193,422,259,175,506,681
243346,11,8,2,53,138,46,129,191,175,99,267,366
243346,11,8,5,56,175,20,64,231,84,76,239,315
243346,12,9,1,23,100,25,73,123,98,48,173,221
243346,12,9,2,10,41,18,45,51,63,28,86,114
243346,12,9,5,13,59,7,28,72,35,20,87,107
243346,13,10,1,3,2,2,1,5,3,5,3,8
243346,13,10,2,1,2,0,1,3,1,1,3,4
243346,13,10,5,2,0,2,0,2,2,4,0,4
243346,14,11,1,0,0,0,1,0,1,0,1,1
243346,14,11,2,0,0,0,1,0,1,0,1,1
243498,1,412,1,27,21,74,33,48,107,101,54,155
243498,1,312,5,27,21,74,33,48,107,101,54,155
243498,2,999,1,1,0,0,2,1,2,1,2,3
243498,2,999,5,1,0,0,2,1,2,1,2,3
243498,6,4,1,1,0,0,2,1,2,1,2,3
243498,6,4,5,1,0,0,2,1,2,1,2,3
243498,7,999,1,26,21,74,30,47,104,100,51,151
243498,7,999,5,26,21,74,30,47,104,100,51,151
243498,8,5,1,5,1,5,0,6,5,10,1,11
243498,8,5,5,5,1,5,0,6,5,10,1,11
243498,9,6,1,1,2,8,1,3,9,9,3,12
243498,9,6,5,1,2,8,1,3,9,9,3,12
243498,10,7,1,8,3,9,4,11,13,17,7,24
243498,10,7,5,8,3,9,4,11,13,17,7,24
243498,11,8,1,5,8,25,9,13,34,30,17,47
243498,11,8,5,5,8,25,9,13,34,30,17,47
243498,12,9,1,6,6,25,15,12,40,31,21,52
243498,12,9,5,6,6,25,15,12,40,31,21,52
243498,13,10,1,1,1,2,1,2,3,3,2,5
243498,13,10,5,1,1,2,1,2,3,3,2,5
243498,14,11,1,0,0,0,1,0,1,0,1,1
243498,14,11,5,0,0,0,1,0,1,0,1,1
243577,1,412,1,1497,642,1671,557,2139,2228,3168,1199,4367
243577,1,112,2,1264,513,1491,450,1777,1941,2755,963,3718
243577,1,312,5,233,129,180,107,362,287,413,236,649
243577,2,999,1,1170,480,953,285,1650,1238,2123,765,2888
243577,2,999,2,1140,469,944,280,1609,1224,2084,749,2833
243577,2,999,5,30,11,9,5,41,14,39,16,55
243577,3,1,1,58,17,15,14,75,29,73,31,104
243577,3,1,2,58,17,15,14,75,29,73,31,104
243577,4,2,1,554,210,166,47,764,213,720,257,977
243577,4,2,2,554,210,166,47,764,213,720,257,977
243577,5,3,1,308,144,323,93,452,416,631,237,868
243577,5,3,2,306,143,323,93,449,416,629,236,865
243577,5,3,5,2,1,0,0,3,0,2,1,3
243577,6,4,1,250,109,449,131,359,580,699,240,939
243577,6,4,2,222,99,440,126,321,566,662,225,887
243577,6,4,5,28,10,9,5,38,14,37,15,52
243577,7,999,1,327,162,717,272,489,989,1044,434,1478
243577,7,999,2,124,44,546,170,168,716,670,214,884
243577,7,999,5,203,118,171,102,321,273,374,220,594
243577,8,5,1,183,89,328,137,272,465,511,226,737
243577,8,5,2,76,28,275,95,104,370,351,123,474
243577,8,5,5,107,61,53,42,168,95,160,103,263
243577,9,6,1,74,40,179,71,114,250,253,111,364
243577,9,6,2,26,6,130,36,32,166,156,42,198
243577,9,6,5,48,34,49,35,82,84,97,69,166
243577,10,7,1,29,13,99,30,42,129,128,43,171
243577,10,7,2,7,4,62,19,11,81,69,23,92
243577,10,7,5,22,9,37,11,31,48,59,20,79
243577,11,8,1,31,19,86,31,50,117,117,50,167
243577,11,8,2,12,5,65,18,17,83,77,23,100
243577,11,8,5,19,14,21,13,33,34,40,27,67
243577,12,9,1,10,1,22,3,11,25,32,4,36
243577,12,9,2,3,1,12,2,4,14,15,3,18
243577,12,9,5,7,0,10,1,7,11,17,1,18
243577,13,10,1,0,0,3,0,0,3,3,0,3
243577,13,10,2,0,0,2,0,0,2,2,0,2
243577,13,10,5,0,0,1,0,0,1,1,0,1
243577,14,11,1,0,0,1,0,0,1,1,0,1
243577,14,11,2,0,0,1,0,0,1,1,0,1
243586,1,412,1,286,560,54,96,846,150,340,656,996
243586,1,112,2,263,516,50,73,779,123,313,589,902
243586,1,312,5,23,44,4,23,67,27,27,67,94
243586,2,999,1,228,443,29,41,671,70,257,484,741
243586,2,999,2,225,433,29,40,658,69,254,473,727
243586,2,999,5,3,10,0,1,13,1,3,11,14
243586,3,1,1,9,18,1,2,27,3,10,20,30
243586,3,1,2,9,18,1,2,27,3,10,20,30
243586,4,2,1,79,152,1,1,231,2,80,153,233
243586,4,2,2,79,152,1,1,231,2,80,153,233
243586,5,3,1,68,182,6,10,250,16,74,192,266
243586,5,3,2,68,182,6,10,250,16,74,192,266
243586,6,4,1,72,91,21,28,163,49,93,119,212
243586,6,4,2,69,81,21,27,150,48,90,108,198
243586,6,4,5,3,10,0,1,13,1,3,11,14
243586,7,999,1,58,117,25,55,175,80,83,172,255
243586,7,999,2,38,83,21,33,121,54,59,116,175
243586,7,999,5,20,34,4,22,54,26,24,56,80
243586,8,5,1,34,52,12,22,86,34,46,74,120
243586,8,5,2,24,34,10,17,58,27,34,51,85
243586,8,5,5,10,18,2,5,28,7,12,23,35
243586,9,6,1,12,21,6,10,33,16,18,31,49
243586,9,6,2,9,17,5,6,26,11,14,23,37
243586,9,6,5,3,4,1,4,7,5,4,8,12
243586,10,7,1,4,18,3,9,22,12,7,27,34
243586,10,7,2,1,15,2,6,16,8,3,21,24
243586,10,7,5,3,3,1,3,6,4,4,6,10
243586,11,8,1,6,18,0,9,24,9,6,27,33
243586,11,8,2,4,12,0,3,16,3,4,15,19
243586,11,8,5,2,6,0,6,8,6,2,12,14
243586,12,9,1,2,8,4,4,10,8,6,12,18
243586,12,9,2,0,5,4,1,5,5,4,6,10
243586,12,9,5,2,3,0,3,5,3,2,6,8
243586,13,10,1,0,0,0,1,0,1,0,1,1
243586,13,10,5,0,0,0,1,0,1,0,1,1
243601,1,412,1,3552,5966,1516,2519,9518,4035,5068,8485,13553
243601,1,112,2,2901,4576,1342,2077,7477,3419,4243,6653,10896
243601,1,312,5,651,1390,174,442,2041,616,825,1832,2657
243601,2,999,1,2503,3711,838,1045,6214,1883,3341,4756,8097
243601,2,999,2,2425,3525,832,1035,5950,1867,3257,4560,7817
243601,2,999,5,78,186,6,10,264,16,84,196,280
243601,3,1,1,42,86,6,10,128,16,48,96,144
243601,3,1,2,42,86,6,10,128,16,48,96,144
243601,4,2,1,975,1393,169,237,2368,406,1144,1630,2774
243601,4,2,2,975,1393,169,237,2368,406,1144,1630,2774
243601,5,3,1,803,1264,297,359,2067,656,1100,1623,2723
243601,5,3,2,802,1261,297,359,2063,656,1099,1620,2719
243601,5,3,5,1,3,0,0,4,0,1,3,4
243601,6,4,1,683,968,366,439,1651,805,1049,1407,2456
243601,6,4,2,606,785,360,429,1391,789,966,1214,2180
243601,6,4,5,77,183,6,10,260,16,83,193,276
243601,7,999,1,1043,2253,676,1467,3296,2143,1719,3720,5439
243601,7,999,2,470,1051,508,1036,1521,1544,978,2087,3065
243601,7,999,5,573,1202,168,431,1775,599,741,1633,2374
243601,8,5,1,371,768,249,446,1139,695,620,1214,1834
243601,8,5,2,202,390,213,338,592,551,415,728,1143
243601,8,5,5,169,378,36,108,547,144,205,486,691
243601,9,6,1,206,443,159,337,649,496,365,780,1145
243601,9,6,2,100,227,120,248,327,368,220,475,695
243601,9,6,5,106,216,39,89,322,128,145,305,450
243601,10,7,1,147,356,102,242,503,344,249,598,847
243601,10,7,2,61,184,68,170,245,238,129,354,483
243601,10,7,5,86,172,34,72,258,106,120,244,364
243601,11,8,1,217,534,122,303,751,425,339,837,1176
243601,11,8,2,89,201,81,212,290,293,170,413,583
243601,11,8,5,128,333,41,91,461,132,169,424,593
243601,12,9,1,100,149,41,130,249,171,141,279,420
243601,12,9,2,18,49,25,65,67,90,43,114,157
243601,12,9,5,82,100,16,65,182,81,98,165,263
243601,13,10,1,2,3,3,9,5,12,5,12,17
243601,13,10,2,0,0,1,3,0,4,1,3,4
243601,13,10,5,2,3,2,6,5,8,4,9,13
243601,14,11,1,6,2,2,7,8,9,8,9,17
243601,14,11,2,6,0,2,6,6,8,8,6,14
243601,14,11,5,0,2,0,1,2,1,0,3,3
243638,1,412,1,472,768,295,326,1240,621,767,1094,1861
243638,1,112,2,472,768,295,326,1240,621,767,1094,1861
243638,2,999,1,425,671,241,237,1096,478,666,908,1574
243638,2,999,2,425,671,241,237,1096,478,666,908,1574
243638,3,1,1,14,25,2,3,39,5,16,28,44
243638,3,1,2,14,25,2,3,39,5,16,28,44
243638,4,2,1,223,388,105,100,611,205,328,488,816
243638,4,2,2,223,388,105,100,611,205,328,488,816
243638,5,3,1,126,170,83,92,296,175,209,262,471
243638,5,3,2,126,170,83,92,296,175,209,262,471
243638,6,4,1,62,88,51,42,150,93,113,130,243
243638,6,4,2,62,88,51,42,150,93,113,130,243
243638,7,999,1,47,97,54,89,144,143,101,186,287
243638,7,999,2,47,97,54,89,144,143,101,186,287
243638,8,5,1,23,42,16,30,65,46,39,72,111
243638,8,5,2,23,42,16,30,65,46,39,72,111
243638,9,6,1,9,21,13,19,30,32,22,40,62
243638,9,6,2,9,21,13,19,30,32,22,40,62
243638,10,7,1,6,14,10,10,20,20,16,24,40
243638,10,7,2,6,14,10,10,20,20,16,24,40
243638,11,8,1,6,17,9,22,23,31,15,39,54
243638,11,8,2,6,17,9,22,23,31,15,39,54
243638,12,9,1,3,3,6,8,6,14,9,11,20
243638,12,9,2,3,3,6,8,6,14,9,11,20
243665,1,412,1,324,779,213,522,1103,735,537,1301,1838
243665,1,112,2,313,721,169,384,1034,553,482,1105,1587
243665,1,312,5,11,58,44,138,69,182,55,196,251
243665,2,999,1,281,621,121,203,902,324,402,824,1226
243665,2,999,2,278,602,114,196,880,310,392,798,1190
243665,2,999,5,3,19,7,7,22,14,10,26,36
243665,3,1,1,22,41,10,13,63,23,32,54,86
243665,3,1,2,21,41,10,13,62,23,31,54,85
243665,3,1,5,1,0,0,0,1,0,1,0,1
243665,4,2,1,126,252,41,53,378,94,167,305,472
243665,4,2,2,126,252,41,53,378,94,167,305,472
243665,5,3,1,82,191,28,47,273,75,110,238,348
243665,5,3,2,82,190,27,47,272,74,109,237,346
243665,5,3,5,0,1,1,0,1,1,1,1,2
243665,6,4,1,51,137,42,90,188,132,93,227,320
243665,6,4,2,49,119,36,83,168,119,85,202,287
243665,6,4,5,2,18,6,7,20,13,8,25,33
243665,7,999,1,43,157,92,319,200,411,135,476,611
243665,7,999,2,35,118,55,188,153,243,90,306,396
243665,7,999,5,8,39,37,131,47,168,45,170,215
243665,8,5,1,24,70,31,87,94,118,55,157,212
243665,8,5,2,23,52,24,64,75,88,47,116,163
243665,8,5,5,1,18,7,23,19,30,8,41,49
243665,9,6,1,7,35,14,49,42,63,21,84,105
243665,9,6,2,4,29,10,31,33,41,14,60,74
243665,9,6,5,3,6,4,18,9,22,7,24,31
243665,10,7,1,7,16,9,38,23,47,16,54,70
243665,10,7,2,5,13,6,24,18,30,11,37,48
243665,10,7,5,2,3,3,14,5,17,5,17,22
243665,11,8,1,4,18,15,67,22,82,19,85,104
243665,11,8,2,2,13,7,32,15,39,9,45,54
243665,11,8,5,2,5,8,35,7,43,10,40,50
243665,12,9,1,1,17,19,63,18,82,20,80,100
243665,12,9,2,1,10,6,29,11,35,7,39,46
243665,12,9,5,0,7,13,34,7,47,13,41,54
243665,13,10,1,0,1,4,15,1,19,4,16,20
243665,13,10,2,0,1,2,8,1,10,2,9,11
243665,13,10,5,0,0,2,7,0,9,2,7,9
243665,14,11,1,0,1,0,0,1,0,0,1,1
243665,14,11,2,0,1,0,0,1,0,0,1,1
243780,1,412,1,22793,16867,3921,3074,39660,6995,26714,19941,46655
243780,1,112,2,19353,14222,1195,936,33575,2131,20548,15158,35706
243780,1,312,5,3440,2645,2726,2138,6085,4864,6166,4783,10949
243780,2,999,1,20904,15674,1731,1140,36578,2871,22635,16814,39449
243780,2,999,2,19126,14137,967,632,33263,1599,20093,14769,34862
243780,2,999,5,1778,1537,764,508,3315,1272,2542,2045,4587
243780,3,1,1,4089,3071,53,55,7160,108,4142,3126,7268
243780,3,1,2,4088,3070,53,55,7158,108,4141,3125,7266
243780,3,1,5,1,1,0,0,2,0,1,1,2
243780,4,2,1,8872,6780,257,153,15652,410,9129,6933,16062
243780,4,2,2,8842,6727,255,153,15569,408,9097,6880,15977
243780,4,2,5,30,53,2,0,83,2,32,53,85
243780,5,3,1,5864,4454,516,325,10318,841,6380,4779,11159
243780,5,3,2,5412,4003,440,266,9415,706,5852,4269,10121
243780,5,3,5,452,451,76,59,903,135,528,510,1038
243780,6,4,1,2079,1369,905,607,3448,1512,2984,1976,4960
243780,6,4,2,784,337,219,158,1121,377,1003,495,1498
243780,6,4,5,1295,1032,686,449,2327,1135,1981,1481,3462
243780,7,999,1,1889,1193,2190,1934,3082,4124,4079,3127,7206
243780,7,999,2,227,85,228,304,312,532,455,389,844
243780,7,999,5,1662,1108,1962,1630,2770,3592,3624,2738,6362
243780,8,5,1,1282,827,1092,786,2109,1878,2374,1613,3987
243780,8,5,2,161,59,87,107,220,194,248,166,414
243780,8,5,5,1121,768,1005,679,1889,1684,2126,1447,3573
243780,9,6,1,398,222,494,410,620,904,892,632,1524
243780,9,6,2,44,13,58,67,57,125,102,80,182
243780,9,6,5,354,209,436,343,563,779,790,552,1342
243780,10,7,1,129,86,260,248,215,508,389,334,723
243780,10,7,2,12,5,31,35,17,66,43,40,83
243780,10,7,5,117,81,229,213,198,442,346,294,640
243780,11,8,1,57,46,241,337,103,578,298,383,681
243780,11,8,2,9,8,34,66,17,100,43,74,117
243780,11,8,5,48,38,207,271,86,478,255,309,564
243780,12,9,1,23,11,94,145,34,239,117,156,273
243780,12,9,2,1,0,16,27,1,43,17,27,44
243780,12,9,5,22,11,78,118,33,196,100,129,229
243780,13,10,1,0,1,9,8,1,17,9,9,18
243780,13,10,2,0,0,2,2,0,4,2,2,4
243780,13,10,5,0,1,7,6,1,13,7,7,14
243823,1,412,1,749,803,36,109,1552,145,785,912,1697
243823,1,112,2,108,228,31,95,336,126,139,323,462
243823,1,312,5,641,575,5,14,1216,19,646,589,1235
243823,2,999,1,240,310,7,33,550,40,247,343,590
243823,2,999,2,30,66,7,28,96,35,37,94,131
243823,2,999,5,210,244,0,5,454,5,210,249,459
243823,3,1,1,1,1,0,0,2,0,1,1,2
243823,3,1,2,1,1,0,0,2,0,1,1,2
243823,4,2,1,5,6,0,3,11,3,5,9,14
243823,4,2,2,4,5,0,3,9,3,4,8,12
243823,4,2,5,1,1,0,0,2,0,1,1,2
243823,5,3,1,20,26,3,6,46,9,23,32,55
243823,5,3,2,6,11,3,5,17,8,9,16,25
243823,5,3,5,14,15,0,1,29,1,14,16,30
243823,6,4,1,214,277,4,24,491,28,218,301,519
243823,6,4,2,19,49,4,20,68,24,23,69,92
243823,6,4,5,195,228,0,4,423,4,195,232,427
243823,7,999,1,509,493,29,76,1002,105,538,569,1107
243823,7,999,2,78,162,24,67,240,91,102,229,331
243823,7,999,5,431,331,5,9,762,14,436,340,776
243823,8,5,1,327,303,12,27,630,39,339,330,669
243823,8,5,2,27,74,9,25,101,34,36,99,135
243823,8,5,5,300,229,3,2,529,5,303,231,534
243823,9,6,1,93,101,6,19,194,25,99,120,219
243823,9,6,2,24,47,5,18,71,23,29,65,94
243823,9,6,5,69,54,1,1,123,2,70,55,125
243823,10,7,1,34,44,3,8,78,11,37,52,89
243823,10,7,2,9,21,3,6,30,9,12,27,39
243823,10,7,5,25,23,0,2,48,2,25,25,50
243823,11,8,1,36,35,7,17,71,24,43,52,95
243823,11,8,2,12,15,6,13,27,19,18,28,46
243823,11,8,5,24,20,1,4,44,5,25,24,49
243823,12,9,1,19,9,1,5,28,6,20,14,34
243823,12,9,2,6,4,1,5,10,6,7,9,16
243823,12,9,5,13,5,0,0,18,0,13,5,18
243823,13,10,1,0,1,0,0,1,0,0,1,1
243823,13,10,2,0,1,0,0,1,0,0,1,1
243832,1,412,1,203,501,203,442,704,645,406,943,1349
243832,1,112,2,172,455,192,421,627,613,364,876,1240
243832,1,312,5,31,46,11,21,77,32,42,67,109
243832,2,999,1,51,158,56,106,209,162,107,264,371
243832,2,999,2,50,155,56,105,205,161,106,260,366
243832,2,999,5,1,3,0,1,4,1,1,4,5
243832,3,1,1,0,1,1,0,1,1,1,1,2
243832,3,1,2,0,1,1,0,1,1,1,1,2
243832,4,2,1,12,57,13,16,69,29,25,73,98
243832,4,2,2,12,57,13,16,69,29,25,73,98
243832,5,3,1,14,55,8,29,69,37,22,84,106
243832,5,3,2,14,55,8,29,69,37,22,84,106
243832,6,4,1,25,45,34,61,70,95,59,106,165
243832,6,4,2,24,42,34,60,66,94,58,102,160
243832,6,4,5,1,3,0,1,4,1,1,4,5
243832,7,999,1,152,343,147,336,495,483,299,679,978
243832,7,999,2,122,300,136,316,422,452,258,616,874
243832,7,999,5,30,43,11,20,73,31,41,63,104
243832,8,5,1,32,79,29,72,111,101,61,151,212
243832,8,5,2,24,67,27,70,91,97,51,137,188
243832,8,5,5,8,12,2,2,20,4,10,14,24
243832,9,6,1,39,91,31,82,130,113,70,173,243
243832,9,6,2,34,79,29,78,113,107,63,157,220
243832,9,6,5,5,12,2,4,17,6,7,16,23
243832,10,7,1,29,53,28,65,82,93,57,118,175
243832,10,7,2,21,45,26,64,66,90,47,109,156
243832,10,7,5,8,8,2,1,16,3,10,9,19
243832,11,8,1,32,82,37,82,114,119,69,164,233
243832,11,8,2,23,74,35,75,97,110,58,149,207
243832,11,8,5,9,8,2,7,17,9,11,15,26
243832,12,9,1,19,37,21,35,56,56,40,72,112
243832,12,9,2,19,34,19,29,53,48,38,63,101
243832,12,9,5,0,3,2,6,3,8,2,9,11
243832,13,10,1,1,1,1,0,2,1,2,1,3
243832,13,10,2,1,1,0,0,2,0,1,1,2
243832,13,10,5,0,0,1,0,0,1,1,0,1
243841,1,412,1,76,294,13,48,370,61,89,342,431
243841,1,112,2,76,294,13,48,370,61,89,342,431
243841,2,999,1,39,117,8,19,156,27,47,136,183
243841,2,999,2,39,117,8,19,156,27,47,136,183
243841,3,1,1,1,0,0,0,1,0,1,0,1
243841,3,1,2,1,0,0,0,1,0,1,0,1
243841,4,2,1,7,21,1,1,28,2,8,22,30
243841,4,2,2,7,21,1,1,28,2,8,22,30
243841,5,3,1,21,51,4,10,72,14,25,61,86
243841,5,3,2,21,51,4,10,72,14,25,61,86
243841,6,4,1,10,45,3,8,55,11,13,53,66
243841,6,4,2,10,45,3,8,55,11,13,53,66
243841,7,999,1,37,177,5,29,214,34,42,206,248
243841,7,999,2,37,177,5,29,214,34,42,206,248
243841,8,5,1,9,68,2,12,77,14,11,80,91
243841,8,5,2,9,68,2,12,77,14,11,80,91
243841,9,6,1,8,36,1,9,44,10,9,45,54
243841,9,6,2,8,36,1,9,44,10,9,45,54
243841,10,7,1,8,24,1,1,32,2,9,25,34
243841,10,7,2,8,24,1,1,32,2,9,25,34
243841,11,8,1,7,37,1,4,44,5,8,41,49
243841,11,8,2,7,37,1,4,44,5,8,41,49
243841,12,9,1,5,8,0,3,13,3,5,11,16
243841,12,9,2,5,8,0,3,13,3,5,11,16
243841,13,10,1,0,4,0,0,4,0,0,4,4
243841,13,10,2,0,4,0,0,4,0,0,4,4
244437,1,412,1,2622,4002,3773,6986,6624,10759,6395,10988,17383
244437,1,112,2,2622,4002,3773,6986,6624,10759,6395,10988,17383
244437,2,999,1,2291,3389,2738,4086,5680,6824,5029,7475,12504
244437,2,999,2,2291,3389,2738,4086,5680,6824,5029,7475,12504
244437,3,1,1,124,216,673,830,340,1503,797,1046,1843
244437,3,1,2,124,216,673,830,340,1503,797,1046,1843
244437,4,2,1,1200,1829,674,935,3029,1609,1874,2764,4638
244437,4,2,2,1200,1829,674,935,3029,1609,1874,2764,4638
244437,5,3,1,632,921,808,1194,1553,2002,1440,2115,3555
244437,5,3,2,632,921,808,1194,1553,2002,1440,2115,3555
244437,6,4,1,335,423,583,1127,758,1710,918,1550,2468
244437,6,4,2,335,423,583,1127,758,1710,918,1550,2468
244437,7,999,1,331,613,1035,2900,944,3935,1366,3513,4879
244437,7,999,2,331,613,1035,2900,944,3935,1366,3513,4879
244437,8,5,1,199,284,449,1106,483,1555,648,1390,2038
244437,8,5,2,199,284,449,1106,483,1555,648,1390,2038
244437,9,6,1,85,143,248,679,228,927,333,822,1155
244437,9,6,2,85,143,248,679,228,927,333,822,1155
244437,10,7,1,25,106,132,412,131,544,157,518,675
244437,10,7,2,25,106,132,412,131,544,157,518,675
244437,11,8,1,16,61,130,473,77,603,146,534,680
244437,11,8,2,16,61,130,473,77,603,146,534,680
244437,12,9,1,5,16,47,196,21,243,52,212,264
244437,12,9,2,5,16,47,196,21,243,52,212,264
244437,13,10,1,1,3,29,34,4,63,30,37,67
244437,13,10,2,1,3,29,34,4,63,30,37,67
244446,1,412,1,255,361,673,1326,616,1999,928,1687,2615
244446,1,112,2,255,361,673,1326,616,1999,928,1687,2615
244446,2,999,1,144,162,413,678,306,1091,557,840,1397
244446,2,999,2,144,162,413,678,306,1091,557,840,1397
244446,3,1,1,14,23,157,324,37,481,171,347,518
244446,3,1,2,14,23,157,324,37,481,171,347,518
244446,4,2,1,62,52,96,147,114,243,158,199,357
244446,4,2,2,62,52,96,147,114,243,158,199,357
244446,5,3,1,33,38,82,90,71,172,115,128,243
244446,5,3,2,33,38,82,90,71,172,115,128,243
244446,6,4,1,35,49,78,117,84,195,113,166,279
244446,6,4,2,35,49,78,117,84,195,113,166,279
244446,7,999,1,111,199,260,648,310,908,371,847,1218
244446,7,999,2,111,199,260,648,310,908,371,847,1218
244446,8,5,1,30,68,69,149,98,218,99,217,316
244446,8,5,2,30,68,69,149,98,218,99,217,316
244446,9,6,1,28,52,58,134,80,192,86,186,272
244446,9,6,2,28,52,58,134,80,192,86,186,272
244446,10,7,1,32,33,40,114,65,154,72,147,219
244446,10,7,2,32,33,40,114,65,154,72,147,219
244446,11,8,1,13,32,65,164,45,229,78,196,274
244446,11,8,2,13,32,65,164,45,229,78,196,274
244446,12,9,1,7,14,24,82,21,106,31,96,127
244446,12,9,2,7,14,24,82,21,106,31,96,127
244446,13,10,1,1,0,4,5,1,9,5,5,10
244446,13,10,2,1,0,4,5,1,9,5,5,10
245281,1,412,1,50,33,0,0,83,0,50,33,83
245281,1,112,2,50,33,0,0,83,0,50,33,83
245281,2,999,1,21,11,0,0,32,0,21,11,32
245281,2,999,2,21,11,0,0,32,0,21,11,32
245281,4,2,1,2,1,0,0,3,0,2,1,3
245281,4,2,2,2,1,0,0,3,0,2,1,3
245281,5,3,1,9,7,0,0,16,0,9,7,16
245281,5,3,2,9,7,0,0,16,0,9,7,16
245281,6,4,1,10,3,0,0,13,0,10,3,13
245281,6,4,2,10,3,0,0,13,0,10,3,13
245281,7,999,1,29,22,0,0,51,0,29,22,51
245281,7,999,2,29,22,0,0,51,0,29,22,51
245281,8,5,1,18,10,0,0,28,0,18,10,28
245281,8,5,2,18,10,0,0,28,0,18,10,28
245281,9,6,1,5,4,0,0,9,0,5,4,9
245281,9,6,2,5,4,0,0,9,0,5,4,9
245281,10,7,1,4,5,0,0,9,0,4,5,9
245281,10,7,2,4,5,0,0,9,0,4,5,9
245281,11,8,1,2,3,0,0,5,0,2,3,5
245281,11,8,2,2,3,0,0,5,0,2,3,5
245953,1,412,1,565,1023,159,336,1588,495,724,1359,2083
245953,1,112,2,443,739,136,282,1182,418,579,1021,1600
245953,1,312,5,122,284,23,54,406,77,145,338,483
245953,2,999,1,203,261,55,95,464,150,258,356,614
245953,2,999,2,192,247,54,95,439,149,246,342,588
245953,2,999,5,11,14,1,0,25,1,12,14,26
245953,3,1,1,4,6,0,45,10,45,4,51,55
245953,3,1,2,4,6,0,45,10,45,4,51,55
245953,4,2,1,48,65,29,26,113,55,77,91,168
245953,4,2,2,48,65,29,26,113,55,77,91,168
245953,5,3,1,74,81,10,7,155,17,84,88,172
245953,5,3,2,74,81,10,7,155,17,84,88,172
245953,6,4,1,77,109,16,17,186,33,93,126,219
245953,6,4,2,66,95,15,17,161,32,81,112,193
245953,6,4,5,11,14,1,0,25,1,12,14,26
245953,7,999,1,362,762,101,234,1124,335,463,996,1459
245953,7,999,2,251,492,79,180,743,259,330,672,1002
245953,7,999,5,111,270,22,54,381,76,133,324,457
245953,8,5,1,73,143,31,42,216,73,104,185,289
245953,8,5,2,56,99,25,36,155,61,81,135,216
245953,8,5,5,17,44,6,6,61,12,23,50,73
245953,9,6,1,60,155,20,58,215,78,80,213,293
245953,9,6,2,44,110,20,48,154,68,64,158,222
245953,9,6,5,16,45,0,10,61,10,16,55,71
245953,10,7,1,77,141,13,36,218,49,90,177,267
245953,10,7,2,57,99,9,26,156,35,66,125,191
245953,10,7,5,20,42,4,10,62,14,24,52,76
245953,11,8,1,95,213,20,64,308,84,115,277,392
245953,11,8,2,65,131,15,45,196,60,80,176,256
245953,11,8,5,30,82,5,19,112,24,35,101,136
245953,12,9,1,49,105,14,28,154,42,63,133,196
245953,12,9,2,27,52,9,20,79,29,36,72,108
245953,12,9,5,22,53,5,8,75,13,27,61,88
245953,13,10,1,8,5,3,6,13,9,11,11,22
245953,13,10,2,2,1,1,5,3,6,3,6,9
245953,13,10,5,6,4,2,1,10,3,8,5,13
245953,14,11,1,0,0,3,7,0,10,3,7,10
245953,14,11,2,0,0,3,7,0,10,3,7,10
246345,1,412,1,24,40,22,45,64,67,46,85,131
246345,1,312,5,24,40,22,45,64,67,46,85,131
246345,2,999,1,1,1,1,1,2,2,2,2,4
246345,2,999,5,1,1,1,1,2,2,2,2,4
246345,6,4,1,1,1,1,1,2,2,2,2,4
246345,6,4,5,1,1,1,1,2,2,2,2,4
246345,7,999,1,23,39,21,44,62,65,44,83,127
246345,7,999,5,23,39,21,44,62,65,44,83,127
246345,8,5,1,1,4,1,2,5,3,2,6,8
246345,8,5,5,1,4,1,2,5,3,2,6,8
246345,9,6,1,2,5,1,5,7,6,3,10,13
246345,9,6,5,2,5,1,5,7,6,3,10,13
246345,10,7,1,2,4,2,1,6,3,4,5,9
246345,10,7,5,2,4,2,1,6,3,4,5,9
246345,11,8,1,5,12,7,9,17,16,12,21,33
246345,11,8,5,5,12,7,9,17,16,12,21,33
246345,12,9,1,7,11,7,18,18,25,14,29,43
246345,12,9,5,7,11,7,18,18,25,14,29,43
246345,13,10,1,6,3,3,9,9,12,9,12,21
246345,13,10,5,6,3,3,9,9,12,9,12,21
246354,1,412,1,755,1384,3540,5514,2139,9054,4295,6898,11193
246354,1,112,2,755,1384,3540,5514,2139,9054,4295,6898,11193
246354,2,999,1,677,1230,2708,4001,1907,6709,3385,5231,8616
246354,2,999,2,677,1230,2708,4001,1907,6709,3385,5231,8616
246354,3,1,1,215,332,945,1392,547,2337,1160,1724,2884
246354,3,1,2,215,332,945,1392,547,2337,1160,1724,2884
246354,4,2,1,337,633,801,1042,970,1843,1138,1675,2813
246354,4,2,2,337,633,801,1042,970,1843,1138,1675,2813
246354,5,3,1,96,187,572,880,283,1452,668,1067,1735
246354,5,3,2,96,187,572,880,283,1452,668,1067,1735
246354,6,4,1,29,78,390,687,107,1077,419,765,1184
246354,6,4,2,29,78,390,687,107,1077,419,765,1184
246354,7,999,1,78,154,832,1513,232,2345,910,1667,2577
246354,7,999,2,78,154,832,1513,232,2345,910,1667,2577
246354,8,5,1,29,60,390,611,89,1001,419,671,1090
246354,8,5,2,29,60,390,611,89,1001,419,671,1090
246354,9,6,1,23,41,179,391,64,570,202,432,634
246354,9,6,2,23,41,179,391,64,570,202,432,634
246354,10,7,1,11,22,120,215,33,335,131,237,368
246354,10,7,2,11,22,120,215,33,335,131,237,368
246354,11,8,1,10,23,111,215,33,326,121,238,359
246354,11,8,2,10,23,111,215,33,326,121,238,359
246354,12,9,1,4,8,30,77,12,107,34,85,119
246354,12,9,2,4,8,30,77,12,107,34,85,119
246354,13,10,1,1,0,2,4,1,6,3,4,7
246354,13,10,2,1,0,2,4,1,6,3,4,7
246813,1,412,1,322,550,1122,2300,872,3422,1444,2850,4294
246813,1,112,2,322,550,1122,2300,872,3422,1444,2850,4294
246813,2,999,1,239,385,825,1481,624,2306,1064,1866,2930
246813,2,999,2,239,385,825,1481,624,2306,1064,1866,2930
246813,3,1,1,13,23,187,389,36,576,200,412,612
246813,3,1,2,13,23,187,389,36,576,200,412,612
246813,4,2,1,85,143,238,396,228,634,323,539,862
246813,4,2,2,85,143,238,396,228,634,323,539,862
246813,5,3,1,95,121,221,359,216,580,316,480,796
246813,5,3,2,95,121,221,359,216,580,316,480,796
246813,6,4,1,46,98,179,337,144,516,225,435,660
246813,6,4,2,46,98,179,337,144,516,225,435,660
246813,7,999,1,83,165,297,819,248,1116,380,984,1364
246813,7,999,2,83,165,297,819,248,1116,380,984,1364
246813,8,5,1,39,79,134,308,118,442,173,387,560
246813,8,5,2,39,79,134,308,118,442,173,387,560
246813,9,6,1,16,37,69,208,53,277,85,245,330
246813,9,6,2,16,37,69,208,53,277,85,245,330
246813,10,7,1,15,17,33,123,32,156,48,140,188
246813,10,7,2,15,17,33,123,32,156,48,140,188
246813,11,8,1,9,24,41,115,33,156,50,139,189
246813,11,8,2,9,24,41,115,33,156,50,139,189
246813,12,9,1,3,7,18,63,10,81,21,70,91
246813,12,9,2,3,7,18,63,10,81,21,70,91
246813,13,10,1,1,1,2,2,2,4,3,3,6
246813,13,10,2,1,1,2,2,2,4,3,3,6
246895,1,412,1,108,231,57,128,339,185,165,359,524
246895,1,112,2,108,231,57,128,339,185,165,359,524
246895,2,999,1,66,149,28,66,215,94,94,215,309
246895,2,999,2,66,149,28,66,215,94,94,215,309
246895,3,1,1,0,0,8,13,0,21,8,13,21
246895,3,1,2,0,0,8,13,0,21,8,13,21
246895,4,2,1,23,32,10,18,55,28,33,50,83
246895,4,2,2,23,32,10,18,55,28,33,50,83
246895,5,3,1,24,59,3,9,83,12,27,68,95
246895,5,3,2,24,59,3,9,83,12,27,68,95
246895,6,4,1,19,58,7,26,77,33,26,84,110
246895,6,4,2,19,58,7,26,77,33,26,84,110
246895,7,999,1,42,82,29,62,124,91,71,144,215
246895,7,999,2,42,82,29,62,124,91,71,144,215
246895,8,5,1,13,30,10,25,43,35,23,55,78
246895,8,5,2,13,30,10,25,43,35,23,55,78
246895,9,6,1,9,18,8,9,27,17,17,27,44
246895,9,6,2,9,18,8,9,27,17,17,27,44
246895,10,7,1,7,17,1,10,24,11,8,27,35
246895,10,7,2,7,17,1,10,24,11,8,27,35
246895,11,8,1,7,12,6,12,19,18,13,24,37
246895,11,8,2,7,12,6,12,19,18,13,24,37
246895,12,9,1,6,5,2,5,11,7,8,10,18
246895,12,9,2,6,5,2,5,11,7,8,10,18
246895,13,10,1,0,0,2,1,0,3,2,1,3
246895,13,10,2,0,0,2,1,0,3,2,1,3
247162,1,412,1,15,16,21,24,31,45,36,40,76
247162,1,112,2,0,0,5,3,0,8,5,3,8
247162,1,312,5,15,16,16,21,31,37,31,37,68
247162,7,999,1,14,16,21,23,30,44,35,39,74
247162,7,999,2,0,0,5,3,0,8,5,3,8
247162,7,999,5,14,16,16,20,30,36,30,36,66
247162,8,5,1,0,0,2,0,0,2,2,0,2
247162,8,5,2,0,0,1,0,0,1,1,0,1
247162,8,5,5,0,0,1,0,0,1,1,0,1
247162,9,6,1,0,1,2,0,1,2,2,1,3
247162,9,6,2,0,0,1,0,0,1,1,0,1
247162,9,6,5,0,1,1,0,1,1,1,1,2
247162,10,7,1,1,1,0,1,2,1,1,2,3
247162,10,7,5,1,1,0,1,2,1,1,2,3
247162,11,8,1,4,4,7,7,8,14,11,11,22
247162,11,8,2,0,0,2,2,0,4,2,2,4
247162,11,8,5,4,4,5,5,8,10,9,9,18
247162,12,9,1,5,6,4,11,11,15,9,17,26
247162,12,9,2,0,0,0,1,0,1,0,1,1
247162,12,9,5,5,6,4,10,11,14,9,16,25
247162,13,10,1,4,4,6,4,8,10,10,8,18
247162,13,10,2,0,0,1,0,0,1,1,0,1
247162,13,10,5,4,4,5,4,8,9,9,8,17
247162,14,11,1,1,0,0,1,1,1,1,1,2
247162,14,11,5,1,0,0,1,1,1,1,1,2
247603,1,412,1,676,580,389,545,1256,934,1065,1125,2190
247603,1,112,2,676,580,389,545,1256,934,1065,1125,2190
247603,2,999,1,530,436,314,412,966,726,844,848,1692
247603,2,999,2,530,436,314,412,966,726,844,848,1692
247603,3,1,1,20,10,15,19,30,34,35,29,64
247603,3,1,2,20,10,15,19,30,34,35,29,64
247603,4,2,1,230,228,152,193,458,345,382,421,803
247603,4,2,2,230,228,152,193,458,345,382,421,803
247603,5,3,1,200,125,105,136,325,241,305,261,566
247603,5,3,2,200,125,105,136,325,241,305,261,566
247603,6,4,1,80,73,42,64,153,106,122,137,259
247603,6,4,2,80,73,42,64,153,106,122,137,259
247603,7,999,1,144,143,75,133,287,208,219,276,495
247603,7,999,2,144,143,75,133,287,208,219,276,495
247603,8,5,1,57,54,30,60,111,90,87,114,201
247603,8,5,2,57,54,30,60,111,90,87,114,201
247603,9,6,1,29,33,16,27,62,43,45,60,105
247603,9,6,2,29,33,16,27,62,43,45,60,105
247603,10,7,1,19,20,6,16,39,22,25,36,61
247603,10,7,2,19,20,6,16,39,22,25,36,61
247603,11,8,1,22,19,13,17,41,30,35,36,71
247603,11,8,2,22,19,13,17,41,30,35,36,71
247603,12,9,1,13,14,8,9,27,17,21,23,44
247603,12,9,2,13,14,8,9,27,17,21,23,44
247603,13,10,1,4,3,2,4,7,6,6,7,13
247603,13,10,2,4,3,2,4,7,6,6,7,13
247603,14,11,1,2,1,0,0,3,0,2,1,3
247603,14,11,2,2,1,0,0,3,0,2,1,3
247834,1,412,1,5119,5639,9993,14639,10758,24632,15112,20278,35390
247834,1,112,2,5119,5639,9993,14639,10758,24632,15112,20278,35390
247834,2,999,1,4481,4761,8151,11048,9242,19199,12632,15809,28441
247834,2,999,2,4481,4761,8151,11048,9242,19199,12632,15809,28441
247834,3,1,1,223,417,3422,5496,640,8918,3645,5913,9558
247834,3,1,2,223,417,3422,5496,640,8918,3645,5913,9558
247834,4,2,1,2725,2883,1835,2097,5608,3932,4560,4980,9540
247834,4,2,2,2725,2883,1835,2097,5608,3932,4560,4980,9540
247834,5,3,1,1048,980,1703,1899,2028,3602,2751,2879,5630
247834,5,3,2,1048,980,1703,1899,2028,3602,2751,2879,5630
247834,6,4,1,485,481,1191,1556,966,2747,1676,2037,3713
247834,6,4,2,485,481,1191,1556,966,2747,1676,2037,3713
247834,7,999,1,638,878,1842,3591,1516,5433,2480,4469,6949
247834,7,999,2,638,878,1842,3591,1516,5433,2480,4469,6949
247834,8,5,1,317,357,815,1281,674,2096,1132,1638,2770
247834,8,5,2,317,357,815,1281,674,2096,1132,1638,2770
247834,9,6,1,150,185,344,752,335,1096,494,937,1431
247834,9,6,2,150,185,344,752,335,1096,494,937,1431
247834,10,7,1,84,127,256,510,211,766,340,637,977
247834,10,7,2,84,127,256,510,211,766,340,637,977
247834,11,8,1,61,150,282,720,211,1002,343,870,1213
247834,11,8,2,61,150,282,720,211,1002,343,870,1213
247834,12,9,1,22,58,125,300,80,425,147,358,505
247834,12,9,2,22,58,125,300,80,425,147,358,505
247834,13,10,1,4,1,20,28,5,48,24,29,53
247834,13,10,2,4,1,20,28,5,48,24,29,53
247940,1,412,1,638,792,1147,1324,1430,2471,1785,2116,3901
247940,1,112,2,638,792,1147,1324,1430,2471,1785,2116,3901
247940,2,999,1,514,616,714,926,1130,1640,1228,1542,2770
247940,2,999,2,514,616,714,926,1130,1640,1228,1542,2770
247940,3,1,1,87,158,411,490,245,901,498,648,1146
247940,3,1,2,87,158,411,490,245,901,498,648,1146
247940,4,2,1,252,275,134,164,527,298,386,439,825
247940,4,2,2,252,275,134,164,527,298,386,439,825
247940,5,3,1,130,112,94,143,242,237,224,255,479
247940,5,3,2,130,112,94,143,242,237,224,255,479
247940,6,4,1,45,71,75,129,116,204,120,200,320
247940,6,4,2,45,71,75,129,116,204,120,200,320
247940,7,999,1,124,176,433,398,300,831,557,574,1131
247940,7,999,2,124,176,433,398,300,831,557,574,1131
247940,8,5,1,50,60,98,137,110,235,148,197,345
247940,8,5,2,50,60,98,137,110,235,148,197,345
247940,9,6,1,30,36,74,78,66,152,104,114,218
247940,9,6,2,30,36,74,78,66,152,104,114,218
247940,10,7,1,16,30,55,65,46,120,71,95,166
247940,10,7,2,16,30,55,65,46,120,71,95,166
247940,11,8,1,22,41,114,77,63,191,136,118,254
247940,11,8,2,22,41,114,77,63,191,136,118,254
247940,12,9,1,5,9,65,35,14,100,70,44,114
247940,12,9,2,5,9,65,35,14,100,70,44,114
247940,13,10,1,1,0,27,6,1,33,28,6,34
247940,13,10,2,1,0,27,6,1,33,28,6,34
248925,1,412,1,346,273,137,59,619,196,483,332,815
248925,1,112,2,346,273,137,59,619,196,483,332,815
248925,2,999,1,232,130,86,27,362,113,318,157,475
248925,2,999,2,232,130,86,27,362,113,318,157,475
248925,3,1,1,1,0,44,3,1,47,45,3,48
248925,3,1,2,1,0,44,3,1,47,45,3,48
248925,4,2,1,127,53,28,5,180,33,155,58,213
248925,4,2,2,127,53,28,5,180,33,155,58,213
248925,5,3,1,77,43,10,8,120,18,87,51,138
248925,5,3,2,77,43,10,8,120,18,87,51,138
248925,6,4,1,27,34,4,11,61,15,31,45,76
248925,6,4,2,27,34,4,11,61,15,31,45,76
248925,7,999,1,114,143,51,32,257,83,165,175,340
248925,7,999,2,114,143,51,32,257,83,165,175,340
248925,8,5,1,31,52,16,13,83,29,47,65,112
248925,8,5,2,31,52,16,13,83,29,47,65,112
248925,9,6,1,31,26,12,7,57,19,43,33,76
248925,9,6,2,31,26,12,7,57,19,43,33,76
248925,10,7,1,24,25,10,6,49,16,34,31,65
248925,10,7,2,24,25,10,6,49,16,34,31,65
248925,11,8,1,14,21,8,5,35,13,22,26,48
248925,11,8,2,14,21,8,5,35,13,22,26,48
248925,12,9,1,14,17,5,1,31,6,19,18,37
248925,12,9,2,14,17,5,1,31,6,19,18,37
248925,13,10,1,0,2,0,0,2,0,0,2,2
248925,13,10,2,0,2,0,0,2,0,0,2,2
248934,1,412,1,5528,8711,61,53,14239,114,5589,8764,14353
248934,1,112,2,5357,8512,61,53,13869,114,5418,8565,13983
248934,1,312,5,171,199,0,0,370,0,171,199,370
248934,2,999,1,1530,2687,32,27,4217,59,1562,2714,4276
248934,2,999,2,1519,2676,32,27,4195,59,1551,2703,4254
248934,2,999,5,11,11,0,0,22,0,11,11,22
248934,3,1,1,9,24,24,15,33,39,33,39,72
248934,3,1,2,9,24,24,15,33,39,33,39,72
248934,4,2,1,276,413,6,3,689,9,282,416,698
248934,4,2,2,276,413,6,3,689,9,282,416,698
248934,5,3,1,454,853,1,4,1307,5,455,857,1312
248934,5,3,2,453,851,1,4,1304,5,454,855,1309
248934,5,3,5,1,2,0,0,3,0,1,2,3
248934,6,4,1,791,1397,1,5,2188,6,792,1402,2194
248934,6,4,2,781,1388,1,5,2169,6,782,1393,2175
248934,6,4,5,10,9,0,0,19,0,10,9,19
248934,7,999,1,3998,6024,26,26,10022,52,4024,6050,10074
248934,7,999,2,3838,5836,26,26,9674,52,3864,5862,9726
248934,7,999,5,160,188,0,0,348,0,160,188,348
248934,8,5,1,1475,2267,7,6,3742,13,1482,2273,3755
248934,8,5,2,1435,2221,7,6,3656,13,1442,2227,3669
248934,8,5,5,40,46,0,0,86,0,40,46,86
248934,9,6,1,1041,1593,10,8,2634,18,1051,1601,2652
248934,9,6,2,1001,1544,10,8,2545,18,1011,1552,2563
248934,9,6,5,40,49,0,0,89,0,40,49,89
248934,10,7,1,635,1000,1,5,1635,6,636,1005,1641
248934,10,7,2,606,961,1,5,1567,6,607,966,1573
248934,10,7,5,29,39,0,0,68,0,29,39,68
248934,11,8,1,646,913,7,6,1559,13,653,919,1572
248934,11,8,2,604,878,7,6,1482,13,611,884,1495
248934,11,8,5,42,35,0,0,77,0,42,35,77
248934,12,9,1,197,244,1,1,441,2,198,245,443
248934,12,9,2,188,225,1,1,413,2,189,226,415
248934,12,9,5,9,19,0,0,28,0,9,19,28
248934,13,10,1,4,7,0,0,11,0,4,7,11
248934,13,10,2,4,7,0,0,11,0,4,7,11
248934,14,11,1,0,0,3,0,0,3,3,0,3
248934,14,11,2,0,0,3,0,0,3,3,0,3
249238,1,412,1,17,249,6,87,266,93,23,336,359
249238,1,112,2,17,249,6,87,266,93,23,336,359
249238,2,999,1,8,154,0,32,162,32,8,186,194
249238,2,999,2,8,154,0,32,162,32,8,186,194
249238,3,1,1,0,2,0,0,2,0,0,2,2
249238,3,1,2,0,2,0,0,2,0,0,2,2
249238,4,2,1,2,43,0,4,45,4,2,47,49
249238,4,2,2,2,43,0,4,45,4,2,47,49
249238,5,3,1,1,69,0,11,70,11,1,80,81
249238,5,3,2,1,69,0,11,70,11,1,80,81
249238,6,4,1,5,40,0,17,45,17,5,57,62
249238,6,4,2,5,40,0,17,45,17,5,57,62
249238,7,999,1,9,95,6,55,104,61,15,150,165
249238,7,999,2,9,95,6,55,104,61,15,150,165
249238,8,5,1,4,54,5,30,58,35,9,84,93
249238,8,5,2,4,54,5,30,58,35,9,84,93
249238,9,6,1,2,19,1,11,21,12,3,30,33
249238,9,6,2,2,19,1,11,21,12,3,30,33
249238,10,7,1,2,14,0,8,16,8,2,22,24
249238,10,7,2,2,14,0,8,16,8,2,22,24
249238,11,8,1,0,7,0,6,7,6,0,13,13
249238,11,8,2,0,7,0,6,7,6,0,13,13
249238,12,9,1,1,1,0,0,2,0,1,1,2
249238,12,9,2,1,1,0,0,2,0,1,1,2
250027,1,412,1,83,144,3,8,227,11,86,152,238
250027,1,112,2,83,144,3,8,227,11,86,152,238
250027,2,999,1,52,79,3,6,131,9,55,85,140
250027,2,999,2,52,79,3,6,131,9,55,85,140
250027,4,2,1,8,17,2,2,25,4,10,19,29
250027,4,2,2,8,17,2,2,25,4,10,19,29
250027,5,3,1,20,34,1,2,54,3,21,36,57
250027,5,3,2,20,34,1,2,54,3,21,36,57
250027,6,4,1,24,28,0,2,52,2,24,30,54
250027,6,4,2,24,28,0,2,52,2,24,30,54
250027,7,999,1,30,64,0,2,94,2,30,66,96
250027,7,999,2,30,64,0,2,94,2,30,66,96
250027,8,5,1,14,26,0,0,40,0,14,26,40
250027,8,5,2,14,26,0,0,40,0,14,26,40
250027,9,6,1,10,21,0,1,31,1,10,22,32
250027,9,6,2,10,21,0,1,31,1,10,22,32
250027,10,7,1,3,7,0,0,10,0,3,7,10
250027,10,7,2,3,7,0,0,10,0,3,7,10
250027,11,8,1,1,8,0,1,9,1,1,9,10
250027,11,8,2,1,8,0,1,9,1,1,9,10
250027,12,9,1,2,2,0,0,4,0,2,2,4
250027,12,9,2,2,2,0,0,4,0,2,2,4
250027,14,11,1,1,1,0,0,2,0,1,1,2
250027,14,11,2,1,1,0,0,2,0,1,1,2
251260,1,412,1,951,1068,757,1174,2019,1931,1708,2242,3950
251260,1,112,2,951,1068,757,1174,2019,1931,1708,2242,3950
251260,2,999,1,853,963,602,813,1816,1415,1455,1776,3231
251260,2,999,2,853,963,602,813,1816,1415,1455,1776,3231
251260,3,1,1,5,6,115,178,11,293,120,184,304
251260,3,1,2,5,6,115,178,11,293,120,184,304
251260,4,2,1,467,630,152,146,1097,298,619,776,1395
251260,4,2,2,467,630,152,146,1097,298,619,776,1395
251260,5,3,1,312,262,211,280,574,491,523,542,1065
251260,5,3,2,312,262,211,280,574,491,523,542,1065
251260,6,4,1,69,65,124,209,134,333,193,274,467
251260,6,4,2,69,65,124,209,134,333,193,274,467
251260,7,999,1,98,105,155,361,203,516,253,466,719
251260,7,999,2,98,105,155,361,203,516,253,466,719
251260,8,5,1,44,47,74,152,91,226,118,199,317
251260,8,5,2,44,47,74,152,91,226,118,199,317
251260,9,6,1,27,32,36,75,59,111,63,107,170
251260,9,6,2,27,32,36,75,59,111,63,107,170
251260,10,7,1,12,11,19,40,23,59,31,51,82
251260,10,7,2,12,11,19,40,23,59,31,51,82
251260,11,8,1,7,11,16,64,18,80,23,75,98
251260,11,8,2,7,11,16,64,18,80,23,75,98
251260,12,9,1,6,4,10,28,10,38,16,32,48
251260,12,9,2,6,4,10,28,10,38,16,32,48
251260,13,10,1,2,0,0,2,2,2,2,2,4
251260,13,10,2,2,0,0,2,2,2,2,2,4
260813,1,412,1,29,198,0,0,227,0,29,198,227
260813,1,112,2,29,198,0,0,227,0,29,198,227
260813,2,999,1,4,51,0,0,55,0,4,51,55
260813,2,999,2,4,51,0,0,55,0,4,51,55
260813,5,3,1,0,8,0,0,8,0,0,8,8
260813,5,3,2,0,8,0,0,8,0,0,8,8
260813,6,4,1,4,43,0,0,47,0,4,43,47
260813,6,4,2,4,43,0,0,47,0,4,43,47
260813,7,999,1,25,147,0,0,172,0,25,147,172
260813,7,999,2,25,147,0,0,172,0,25,147,172
260813,8,5,1,13,83,0,0,96,0,13,83,96
260813,8,5,2,13,83,0,0,96,0,13,83,96
260813,9,6,1,5,38,0,0,43,0,5,38,43
260813,9,6,2,5,38,0,0,43,0,5,38,43
260813,10,7,1,3,11,0,0,14,0,3,11,14
260813,10,7,2,3,11,0,0,14,0,3,11,14
260813,11,8,1,3,13,0,0,16,0,3,13,16
260813,11,8,2,3,13,0,0,16,0,3,13,16
260813,12,9,1,1,2,0,0,3,0,1,2,3
260813,12,9,2,1,2,0,0,3,0,1,2,3
260929,1,412,1,20,221,0,1,241,1,20,222,242
260929,1,112,2,20,221,0,1,241,1,20,222,242
260929,2,999,1,6,154,0,0,160,0,6,154,160
260929,2,999,2,6,154,0,0,160,0,6,154,160
260929,3,1,1,0,6,0,0,6,0,0,6,6
260929,3,1,2,0,6,0,0,6,0,0,6,6
260929,4,2,1,3,70,0,0,73,0,3,70,73
260929,4,2,2,3,70,0,0,73,0,3,70,73
260929,5,3,1,1,48,0,0,49,0,1,48,49
260929,5,3,2,1,48,0,0,49,0,1,48,49
260929,6,4,1,2,30,0,0,32,0,2,30,32
260929,6,4,2,2,30,0,0,32,0,2,30,32
260929,7,999,1,14,67,0,1,81,1,14,68,82
260929,7,999,2,14,67,0,1,81,1,14,68,82
260929,8,5,1,4,31,0,1,35,1,4,32,36
260929,8,5,2,4,31,0,1,35,1,4,32,36
260929,9,6,1,5,16,0,0,21,0,5,16,21
260929,9,6,2,5,16,0,0,21,0,5,16,21
260929,10,7,1,2,12,0,0,14,0,2,12,14
260929,10,7,2,2,12,0,0,14,0,2,12,14
260929,11,8,1,3,5,0,0,8,0,3,5,8
260929,11,8,2,3,5,0,0,8,0,3,5,8
260929,12,9,1,0,3,0,0,3,0,0,3,3
260929,12,9,2,0,3,0,0,3,0,0,3,3
262022,1,412,1,4,11,1,15,15,16,5,26,31
262022,1,312,5,4,11,1,15,15,16,5,26,31
262022,2,999,1,1,2,0,0,3,0,1,2,3
262022,2,999,5,1,2,0,0,3,0,1,2,3
262022,6,4,1,1,2,0,0,3,0,1,2,3
262022,6,4,5,1,2,0,0,3,0,1,2,3
262022,7,999,1,3,9,1,15,12,16,4,24,28
262022,7,999,5,3,9,1,15,12,16,4,24,28
262022,8,5,1,2,3,0,4,5,4,2,7,9
262022,8,5,5,2,3,0,4,5,4,2,7,9
262022,9,6,1,1,4,0,3,5,3,1,7,8
262022,9,6,5,1,4,0,3,5,3,1,7,8
262022,10,7,1,0,0,0,3,0,3,0,3,3
262022,10,7,5,0,0,0,3,0,3,0,3,3
262022,11,8,1,0,2,0,2,2,2,0,4,4
262022,11,8,5,0,2,0,2,2,2,0,4,4
262022,12,9,1,0,0,1,3,0,4,1,3,4
262022,12,9,5,0,0,1,3,0,4,1,3,4
262031,1,412,1,1329,1881,963,1841,3210,2804,2292,3722,6014
262031,1,112,2,1329,1881,963,1841,3210,2804,2292,3722,6014
262031,2,999,1,1246,1687,682,1089,2933,1771,1928,2776,4704
262031,2,999,2,1246,1687,682,1089,2933,1771,1928,2776,4704
262031,3,1,1,35,78,95,161,113,256,130,239,369
262031,3,1,2,35,78,95,161,113,256,130,239,369
262031,4,2,1,847,1149,181,244,1996,425,1028,1393,2421
262031,4,2,2,847,1149,181,244,1996,425,1028,1393,2421
262031,5,3,1,281,338,258,393,619,651,539,731,1270
262031,5,3,2,281,338,258,393,619,651,539,731,1270
262031,6,4,1,83,122,148,291,205,439,231,413,644
262031,6,4,2,83,122,148,291,205,439,231,413,644
262031,7,999,1,83,194,281,752,277,1033,364,946,1310
262031,7,999,2,83,194,281,752,277,1033,364,946,1310
262031,8,5,1,54,89,113,247,143,360,167,336,503
262031,8,5,2,54,89,113,247,143,360,167,336,503
262031,9,6,1,13,39,64,180,52,244,77,219,296
262031,9,6,2,13,39,64,180,52,244,77,219,296
262031,10,7,1,9,23,36,109,32,145,45,132,177
262031,10,7,2,9,23,36,109,32,145,45,132,177
262031,11,8,1,5,36,41,143,41,184,46,179,225
262031,11,8,2,5,36,41,143,41,184,46,179,225
262031,12,9,1,2,7,12,62,9,74,14,69,83
262031,12,9,2,2,7,12,62,9,74,14,69,83
262031,13,10,1,0,0,15,11,0,26,15,11,26
262031,13,10,2,0,0,15,11,0,26,15,11,26
262086,1,412,1,1336,2946,2081,4623,4282,6704,3417,7569,10986
262086,1,112,2,826,1264,1328,2696,2090,4024,2154,3960,6114
262086,1,312,5,510,1682,753,1927,2192,2680,1263,3609,4872
262086,2,999,1,150,415,200,458,565,658,350,873,1223
262086,2,999,2,125,258,182,387,383,569,307,645,952
262086,2,999,5,25,157,18,71,182,89,43,228,271
262086,3,1,1,0,0,24,31,0,55,24,31,55
262086,3,1,2,0,0,24,31,0,55,24,31,55
262086,4,2,1,3,13,12,24,16,36,15,37,52
262086,4,2,2,3,12,12,24,15,36,15,36,51
262086,4,2,5,0,1,0,0,1,0,0,1,1
262086,5,3,1,23,55,31,66,78,97,54,121,175
262086,5,3,2,23,55,31,66,78,97,54,121,175
262086,6,4,1,124,347,133,337,471,470,257,684,941
262086,6,4,2,99,191,115,266,290,381,214,457,671
262086,6,4,5,25,156,18,71,181,89,43,227,270
262086,7,999,1,1186,2531,1880,4164,3717,6044,3066,6695,9761
262086,7,999,2,701,1006,1145,2309,1707,3454,1846,3315,5161
262086,7,999,5,485,1525,735,1855,2010,2590,1220,3380,4600
262086,8,5,1,348,840,430,1069,1188,1499,778,1909,2687
262086,8,5,2,212,325,311,642,537,953,523,967,1490
262086,8,5,5,136,515,119,427,651,546,255,942,1197
262086,9,6,1,266,550,409,853,816,1262,675,1403,2078
262086,9,6,2,166,223,260,467,389,727,426,690,1116
262086,9,6,5,100,327,149,386,427,535,249,713,962
262086,10,7,1,216,392,353,697,608,1050,569,1089,1658
262086,10,7,2,126,143,230,366,269,596,356,509,865
262086,10,7,5,90,249,123,331,339,454,213,580,793
262086,11,8,1,267,511,464,980,778,1444,731,1491,2222
262086,11,8,2,155,216,242,545,371,787,397,761,1158
262086,11,8,5,112,295,222,435,407,657,334,730,1064
262086,12,9,1,85,231,215,545,316,760,300,776,1076
262086,12,9,2,40,97,98,279,137,377,138,376,514
262086,12,9,5,45,134,117,266,179,383,162,400,562
262086,13,10,1,4,7,9,20,11,29,13,27,40
262086,13,10,2,2,2,4,10,4,14,6,12,18
262086,13,10,5,2,5,5,10,7,15,7,15,22
262086,14,11,1,0,0,1,1,0,2,1,1,2
262086,14,11,2,0,0,1,0,0,1,1,0,1
262086,14,11,5,0,0,0,1,0,1,0,1,1
262129,1,412,1,237,437,1,0,674,1,238,437,675
262129,1,112,2,223,423,0,0,646,0,223,423,646
262129,1,312,5,14,14,1,0,28,1,15,14,29
262129,2,999,1,215,409,0,0,624,0,215,409,624
262129,2,999,2,209,404,0,0,613,0,209,404,613
262129,2,999,5,6,5,0,0,11,0,6,5,11
262129,3,1,1,1,3,0,0,4,0,1,3,4
262129,3,1,2,1,3,0,0,4,0,1,3,4
262129,4,2,1,81,152,0,0,233,0,81,152,233
262129,4,2,2,81,152,0,0,233,0,81,152,233
262129,5,3,1,88,201,0,0,289,0,88,201,289
262129,5,3,2,88,201,0,0,289,0,88,201,289
262129,6,4,1,45,53,0,0,98,0,45,53,98
262129,6,4,2,39,48,0,0,87,0,39,48,87
262129,6,4,5,6,5,0,0,11,0,6,5,11
262129,7,999,1,22,28,1,0,50,1,23,28,51
262129,7,999,2,14,19,0,0,33,0,14,19,33
262129,7,999,5,8,9,1,0,17,1,9,9,18
262129,8,5,1,16,17,1,0,33,1,17,17,34
262129,8,5,2,11,10,0,0,21,0,11,10,21
262129,8,5,5,5,7,1,0,12,1,6,7,13
262129,9,6,1,2,4,0,0,6,0,2,4,6
262129,9,6,2,1,3,0,0,4,0,1,3,4
262129,9,6,5,1,1,0,0,2,0,1,1,2
262129,10,7,1,2,2,0,0,4,0,2,2,4
262129,10,7,2,1,2,0,0,3,0,1,2,3
262129,10,7,5,1,0,0,0,1,0,1,0,1
262129,11,8,1,0,5,0,0,5,0,0,5,5
262129,11,8,2,0,4,0,0,4,0,0,4,4
262129,11,8,5,0,1,0,0,1,0,0,1,1
262129,12,9,1,1,0,0,0,1,0,1,0,1
262129,12,9,5,1,0,0,0,1,0,1,0,1
262129,13,10,1,1,0,0,0,1,0,1,0,1
262129,13,10,2,1,0,0,0,1,0,1,0,1
262341,1,412,1,558,71,0,0,629,0,558,71,629
262341,1,112,2,558,71,0,0,629,0,558,71,629
262341,2,999,1,426,50,0,0,476,0,426,50,476
262341,2,999,2,426,50,0,0,476,0,426,50,476
262341,3,1,1,11,3,0,0,14,0,11,3,14
262341,3,1,2,11,3,0,0,14,0,11,3,14
262341,4,2,1,166,21,0,0,187,0,166,21,187
262341,4,2,2,166,21,0,0,187,0,166,21,187
262341,5,3,1,132,13,0,0,145,0,132,13,145
262341,5,3,2,132,13,0,0,145,0,132,13,145
262341,6,4,1,117,13,0,0,130,0,117,13,130
262341,6,4,2,117,13,0,0,130,0,117,13,130
262341,7,999,1,132,21,0,0,153,0,132,21,153
262341,7,999,2,132,21,0,0,153,0,132,21,153
262341,8,5,1,86,12,0,0,98,0,86,12,98
262341,8,5,2,86,12,0,0,98,0,86,12,98
262341,9,6,1,23,6,0,0,29,0,23,6,29
262341,9,6,2,23,6,0,0,29,0,23,6,29
262341,10,7,1,9,2,0,0,11,0,9,2,11
262341,10,7,2,9,2,0,0,11,0,9,2,11
262341,11,8,1,9,1,0,0,10,0,9,1,10
262341,11,8,2,9,1,0,0,10,0,9,1,10
262341,12,9,1,5,0,0,0,5,0,5,0,5
262341,12,9,2,5,0,0,0,5,0,5,0,5
363165,1,412,1,165,128,375,359,293,734,540,487,1027
363165,1,112,2,165,128,375,359,293,734,540,487,1027
363165,2,999,1,93,54,366,353,147,719,459,407,866
363165,2,999,2,93,54,366,353,147,719,459,407,866
363165,3,1,1,0,0,218,235,0,453,218,235,453
363165,3,1,2,0,0,218,235,0,453,218,235,453
363165,4,2,1,35,16,128,110,51,238,163,126,289
363165,4,2,2,35,16,128,110,51,238,163,126,289
363165,5,3,1,28,13,15,6,41,21,43,19,62
363165,5,3,2,28,13,15,6,41,21,43,19,62
363165,6,4,1,30,25,5,2,55,7,35,27,62
363165,6,4,2,30,25,5,2,55,7,35,27,62
363165,7,999,1,64,69,8,6,133,14,72,75,147
363165,7,999,2,64,69,8,6,133,14,72,75,147
363165,8,5,1,27,29,4,1,56,5,31,30,61
363165,8,5,2,27,29,4,1,56,5,31,30,61
363165,9,6,1,16,15,2,1,31,3,18,16,34
363165,9,6,2,16,15,2,1,31,3,18,16,34
363165,10,7,1,6,6,0,2,12,2,6,8,14
363165,10,7,2,6,6,0,2,12,2,6,8,14
363165,11,8,1,13,17,1,2,30,3,14,19,33
363165,11,8,2,13,17,1,2,30,3,14,19,33
363165,12,9,1,2,2,1,0,4,1,3,2,5
363165,12,9,2,2,2,1,0,4,1,3,2,5
363165,14,11,1,8,5,1,0,13,1,9,5,14
363165,14,11,2,8,5,1,0,13,1,9,5,14
363633,1,412,1,100,153,171,296,253,467,271,449,720
363633,1,112,2,100,153,171,296,253,467,271,449,720
363633,2,999,1,85,127,114,177,212,291,199,304,503
363633,2,999,2,85,127,114,177,212,291,199,304,503
363633,3,1,1,0,4,55,78,4,133,55,82,137
363633,3,1,2,0,4,55,78,4,133,55,82,137
363633,4,2,1,50,72,23,36,122,59,73,108,181
363633,4,2,2,50,72,23,36,122,59,73,108,181
363633,5,3,1,25,35,20,28,60,48,45,63,108
363633,5,3,2,25,35,20,28,60,48,45,63,108
363633,6,4,1,10,16,16,35,26,51,26,51,77
363633,6,4,2,10,16,16,35,26,51,26,51,77
363633,7,999,1,15,26,57,119,41,176,72,145,217
363633,7,999,2,15,26,57,119,41,176,72,145,217
363633,8,5,1,8,10,25,38,18,63,33,48,81
363633,8,5,2,8,10,25,38,18,63,33,48,81
363633,9,6,1,2,7,11,23,9,34,13,30,43
363633,9,6,2,2,7,11,23,9,34,13,30,43
363633,10,7,1,1,4,10,18,5,28,11,22,33
363633,10,7,2,1,4,10,18,5,28,11,22,33
363633,11,8,1,4,3,5,15,7,20,9,18,27
363633,11,8,2,4,3,5,15,7,20,9,18,27
363633,12,9,1,0,2,3,11,2,14,3,13,16
363633,12,9,2,0,2,3,11,2,14,3,13,16
363633,13,10,1,0,0,3,14,0,17,3,14,17
363633,13,10,2,0,0,3,14,0,17,3,14,17
363721,1,412,1,31,70,45,75,101,120,76,145,221
363721,1,312,5,31,70,45,75,101,120,76,145,221
363721,2,999,1,3,30,0,3,33,3,3,33,36
363721,2,999,5,3,30,0,3,33,3,3,33,36
363721,5,3,1,1,1,0,0,2,0,1,1,2
363721,5,3,5,1,1,0,0,2,0,1,1,2
363721,6,4,1,2,29,0,3,31,3,2,32,34
363721,6,4,5,2,29,0,3,31,3,2,32,34
363721,7,999,1,28,40,45,72,68,117,73,112,185
363721,7,999,5,28,40,45,72,68,117,73,112,185
363721,8,5,1,17,29,12,23,46,35,29,52,81
363721,8,5,5,17,29,12,23,46,35,29,52,81
363721,9,6,1,4,3,14,20,7,34,18,23,41
363721,9,6,5,4,3,14,20,7,34,18,23,41
363721,10,7,1,2,5,8,13,7,21,10,18,28
363721,10,7,5,2,5,8,13,7,21,10,18,28
363721,11,8,1,1,2,10,11,3,21,11,13,24
363721,11,8,5,1,2,10,11,3,21,11,13,24
363721,12,9,1,3,1,1,5,4,6,4,6,10
363721,12,9,5,3,1,1,5,4,6,4,6,10
363721,13,10,1,1,0,0,0,1,0,1,0,1
363721,13,10,5,1,0,0,0,1,0,1,0,1
363916,1,412,1,27,87,10,18,114,28,37,105,142
363916,1,112,2,27,84,8,11,111,19,35,95,130
363916,1,312,5,0,3,2,7,3,9,2,10,12
363916,2,999,1,15,16,6,10,31,16,21,26,47
363916,2,999,2,15,15,4,6,30,10,19,21,40
363916,2,999,5,0,1,2,4,1,6,2,5,7
363916,4,2,1,7,2,0,0,9,0,7,2,9
363916,4,2,2,7,2,0,0,9,0,7,2,9
363916,5,3,1,5,12,4,6,17,10,9,18,27
363916,5,3,2,5,12,3,4,17,7,8,16,24
363916,5,3,5,0,0,1,2,0,3,1,2,3
363916,6,4,1,3,2,2,4,5,6,5,6,11
363916,6,4,2,3,1,1,2,4,3,4,3,7
363916,6,4,5,0,1,1,2,1,3,1,3,4
363916,7,999,1,11,71,4,7,82,11,15,78,93
363916,7,999,2,11,69,4,5,80,9,15,74,89
363916,7,999,5,0,2,0,2,2,2,0,4,4
363916,8,5,1,5,22,2,5,27,7,7,27,34
363916,8,5,2,5,20,2,4,25,6,7,24,31
363916,8,5,5,0,2,0,1,2,1,0,3,3
363916,9,6,1,6,25,2,2,31,4,8,27,35
363916,9,6,2,6,25,2,1,31,3,8,26,34
363916,9,6,5,0,0,0,1,0,1,0,1,1
363916,10,7,1,0,21,0,0,21,0,0,21,21
363916,10,7,2,0,21,0,0,21,0,0,21,21
363916,11,8,1,0,1,0,0,1,0,0,1,1
363916,11,8,2,0,1,0,0,1,0,0,1,1
363916,12,9,1,0,2,0,0,2,0,0,2,2
363916,12,9,2,0,2,0,0,2,0,0,2,2
363916,14,11,1,1,0,0,1,1,1,1,1,2
363916,14,11,2,1,0,0,0,1,0,1,0,1
363916,14,11,5,0,0,0,1,0,1,0,1,1
364016,1,412,1,994,1012,1786,2783,2006,4569,2780,3795,6575
364016,1,112,2,994,1012,1786,2783,2006,4569,2780,3795,6575
364016,2,999,1,859,852,1215,1672,1711,2887,2074,2524,4598
364016,2,999,2,859,852,1215,1672,1711,2887,2074,2524,4598
364016,3,1,1,21,33,268,423,54,691,289,456,745
364016,3,1,2,21,33,268,423,54,691,289,456,745
364016,4,2,1,526,524,356,417,1050,773,882,941,1823
364016,4,2,2,526,524,356,417,1050,773,882,941,1823
364016,5,3,1,182,192,345,404,374,749,527,596,1123
364016,5,3,2,182,192,345,404,374,749,527,596,1123
364016,6,4,1,130,103,246,428,233,674,376,531,907
364016,6,4,2,130,103,246,428,233,674,376,531,907
364016,7,999,1,135,160,568,1111,295,1679,703,1271,1974
364016,7,999,2,135,160,568,1111,295,1679,703,1271,1974
364016,8,5,1,80,74,231,385,154,616,311,459,770
364016,8,5,2,80,74,231,385,154,616,311,459,770
364016,9,6,1,28,41,113,248,69,361,141,289,430
364016,9,6,2,28,41,113,248,69,361,141,289,430
364016,10,7,1,12,15,86,140,27,226,98,155,253
364016,10,7,2,12,15,86,140,27,226,98,155,253
364016,11,8,1,11,26,78,174,37,252,89,200,289
364016,11,8,2,11,26,78,174,37,252,89,200,289
364016,12,9,1,4,4,48,124,8,172,52,128,180
364016,12,9,2,4,4,48,124,8,172,52,128,180
364016,13,10,1,0,0,12,40,0,52,12,40,52
364016,13,10,2,0,0,12,40,0,52,12,40,52
364016,14,11,1,0,0,3,0,0,3,3,0,3
364016,14,11,2,0,0,3,0,0,3,3,0,3
364025,1,412,1,1896,1901,4307,5291,3797,9598,6203,7192,13395
364025,1,112,2,1896,1901,4307,5291,3797,9598,6203,7192,13395
364025,2,999,1,1657,1655,3517,4186,3312,7703,5174,5841,11015
364025,2,999,2,1657,1655,3517,4186,3312,7703,5174,5841,11015
364025,3,1,1,215,302,1681,2311,517,3992,1896,2613,4509
364025,3,1,2,215,302,1681,2311,517,3992,1896,2613,4509
364025,4,2,1,856,942,675,719,1798,1394,1531,1661,3192
364025,4,2,2,856,942,675,719,1798,1394,1531,1661,3192
364025,5,3,1,394,289,649,636,683,1285,1043,925,1968
364025,5,3,2,394,289,649,636,683,1285,1043,925,1968
364025,6,4,1,192,122,512,520,314,1032,704,642,1346
364025,6,4,2,192,122,512,520,314,1032,704,642,1346
364025,7,999,1,239,246,788,1102,485,1890,1027,1348,2375
364025,7,999,2,239,246,788,1102,485,1890,1027,1348,2375
364025,8,5,1,126,110,367,396,236,763,493,506,999
364025,8,5,2,126,110,367,396,236,763,493,506,999
364025,9,6,1,69,53,166,231,122,397,235,284,519
364025,9,6,2,69,53,166,231,122,397,235,284,519
364025,10,7,1,22,38,85,162,60,247,107,200,307
364025,10,7,2,22,38,85,162,60,247,107,200,307
364025,11,8,1,19,36,101,190,55,291,120,226,346
364025,11,8,2,19,36,101,190,55,291,120,226,346
364025,12,9,1,3,9,46,103,12,149,49,112,161
364025,12,9,2,3,9,46,103,12,149,49,112,161
364025,13,10,1,0,0,23,20,0,43,23,20,43
364025,13,10,2,0,0,23,20,0,43,23,20,43
364025,14,11,1,0,0,2,3,0,5,2,3,5
364025,14,11,2,0,0,2,3,0,5,2,3,5
365383,1,412,1,7,133,0,0,140,0,7,133,140
365383,1,112,2,7,133,0,0,140,0,7,133,140
365383,2,999,1,5,42,0,0,47,0,5,42,47
365383,2,999,2,5,42,0,0,47,0,5,42,47
365383,3,1,1,0,1,0,0,1,0,0,1,1
365383,3,1,2,0,1,0,0,1,0,0,1,1
365383,4,2,1,1,10,0,0,11,0,1,10,11
365383,4,2,2,1,10,0,0,11,0,1,10,11
365383,5,3,1,2,9,0,0,11,0,2,9,11
365383,5,3,2,2,9,0,0,11,0,2,9,11
365383,6,4,1,2,22,0,0,24,0,2,22,24
365383,6,4,2,2,22,0,0,24,0,2,22,24
365383,7,999,1,2,91,0,0,93,0,2,91,93
365383,7,999,2,2,91,0,0,93,0,2,91,93
365383,8,5,1,1,31,0,0,32,0,1,31,32
365383,8,5,2,1,31,0,0,32,0,1,31,32
365383,9,6,1,0,31,0,0,31,0,0,31,31
365383,9,6,2,0,31,0,0,31,0,0,31,31
365383,10,7,1,0,13,0,0,13,0,0,13,13
365383,10,7,2,0,13,0,0,13,0,0,13,13
365383,11,8,1,1,12,0,0,13,0,1,12,13
365383,11,8,2,1,12,0,0,13,0,1,12,13
365383,12,9,1,0,4,0,0,4,0,0,4,4
365383,12,9,2,0,4,0,0,4,0,0,4,4
366003,1,412,1,43,101,83,86,144,169,126,187,313
366003,1,112,2,36,88,57,62,124,119,93,150,243
366003,1,312,5,7,13,26,24,20,50,33,37,70
366003,2,999,1,12,11,11,15,23,26,23,26,49
366003,2,999,2,12,11,11,13,23,24,23,24,47
366003,2,999,5,0,0,0,2,0,2,0,2,2
366003,3,1,1,0,0,4,10,0,14,4,10,14
366003,3,1,2,0,0,4,10,0,14,4,10,14
366003,4,2,1,1,1,1,1,2,2,2,2,4
366003,4,2,2,1,1,1,1,2,2,2,2,4
366003,5,3,1,3,5,2,1,8,3,5,6,11
366003,5,3,2,3,5,2,1,8,3,5,6,11
366003,6,4,1,8,5,4,3,13,7,12,8,20
366003,6,4,2,8,5,4,1,13,5,12,6,18
366003,6,4,5,0,0,0,2,0,2,0,2,2
366003,7,999,1,31,90,72,71,121,143,103,161,264
366003,7,999,2,24,77,46,49,101,95,70,126,196
366003,7,999,5,7,13,26,22,20,48,33,35,68
366003,8,5,1,9,15,8,6,24,14,17,21,38
366003,8,5,2,8,13,7,4,21,11,15,17,32
366003,8,5,5,1,2,1,2,3,3,2,4,6
366003,9,6,1,6,15,10,9,21,19,16,24,40
366003,9,6,2,5,12,5,8,17,13,10,20,30
366003,9,6,5,1,3,5,1,4,6,6,4,10
366003,10,7,1,5,16,18,10,21,28,23,26,49
366003,10,7,2,2,14,12,5,16,17,14,19,33
366003,10,7,5,3,2,6,5,5,11,9,7,16
366003,11,8,1,8,36,18,20,44,38,26,56,82
366003,11,8,2,7,31,10,15,38,25,17,46,63
366003,11,8,5,1,5,8,5,6,13,9,10,19
366003,12,9,1,3,7,17,22,10,39,20,29,49
366003,12,9,2,2,6,11,13,8,24,13,19,32
366003,12,9,5,1,1,6,9,2,15,7,10,17
366003,13,10,1,0,1,1,4,1,5,1,5,6
366003,13,10,2,0,1,1,4,1,5,1,5,6
366252,1,412,1,2504,1197,294,570,3701,864,2798,1767,4565
366252,1,112,2,2504,1197,294,570,3701,864,2798,1767,4565
366252,2,999,1,2301,1037,153,265,3338,418,2454,1302,3756
366252,2,999,2,2301,1037,153,265,3338,418,2454,1302,3756
366252,3,1,1,27,20,2,6,47,8,29,26,55
366252,3,1,2,27,20,2,6,47,8,29,26,55
366252,4,2,1,1091,495,29,38,1586,67,1120,533,1653
366252,4,2,2,1091,495,29,38,1586,67,1120,533,1653
366252,5,3,1,862,373,54,93,1235,147,916,466,1382
366252,5,3,2,862,373,54,93,1235,147,916,466,1382
366252,6,4,1,321,149,68,128,470,196,389,277,666
366252,6,4,2,321,149,68,128,470,196,389,277,666
366252,7,999,1,196,157,135,302,353,437,331,459,790
366252,7,999,2,196,157,135,302,353,437,331,459,790
366252,8,5,1,116,82,53,118,198,171,169,200,369
366252,8,5,2,116,82,53,118,198,171,169,200,369
366252,9,6,1,36,29,35,63,65,98,71,92,163
366252,9,6,2,36,29,35,63,65,98,71,92,163
366252,10,7,1,25,18,16,49,43,65,41,67,108
366252,10,7,2,25,18,16,49,43,65,41,67,108
366252,11,8,1,13,25,24,50,38,74,37,75,112
366252,11,8,2,13,25,24,50,38,74,37,75,112
366252,12,9,1,5,3,7,22,8,29,12,25,37
366252,12,9,2,5,3,7,22,8,29,12,25,37
366252,13,10,1,1,0,0,0,1,0,1,0,1
366252,13,10,2,1,0,0,0,1,0,1,0,1
366252,14,11,1,7,3,6,3,10,9,13,6,19
366252,14,11,2,7,3,6,3,10,9,13,6,19
366368,1,412,1,36,60,0,1,96,1,36,61,97
366368,1,312,5,36,60,0,1,96,1,36,61,97
366368,2,999,1,8,20,0,0,28,0,8,20,28
366368,2,999,5,8,20,0,0,28,0,8,20,28
366368,4,2,1,0,1,0,0,1,0,0,1,1
366368,4,2,5,0,1,0,0,1,0,0,1,1
366368,6,4,1,8,19,0,0,27,0,8,19,27
366368,6,4,5,8,19,0,0,27,0,8,19,27
366368,7,999,1,20,40,0,0,60,0,20,40,60
366368,7,999,5,20,40,0,0,60,0,20,40,60
366368,8,5,1,9,18,0,0,27,0,9,18,27
366368,8,5,5,9,18,0,0,27,0,9,18,27
366368,9,6,1,7,13,0,0,20,0,7,13,20
366368,9,6,5,7,13,0,0,20,0,7,13,20
366368,10,7,1,1,3,0,0,4,0,1,3,4
366368,10,7,5,1,3,0,0,4,0,1,3,4
366368,11,8,1,1,2,0,0,3,0,1,2,3
366368,11,8,5,1,2,0,0,3,0,1,2,3
366368,12,9,1,2,3,0,0,5,0,2,3,5
366368,12,9,5,2,3,0,0,5,0,2,3,5
366368,13,10,1,0,1,0,0,1,0,0,1,1
366368,13,10,5,0,1,0,0,1,0,0,1,1
366368,14,11,1,8,0,0,1,8,1,8,1,9
366368,14,11,5,8,0,0,1,8,1,8,1,9
366395,1,412,1,5249,5862,4593,6866,11111,11459,9842,12728,22570
366395,1,112,2,5249,5862,4593,6866,11111,11459,9842,12728,22570
366395,2,999,1,4813,5137,3704,4772,9950,8476,8517,9909,18426
366395,2,999,2,4813,5137,3704,4772,9950,8476,8517,9909,18426
366395,3,1,1,419,530,1830,2550,949,4380,2249,3080,5329
366395,3,1,2,419,530,1830,2550,949,4380,2249,3080,5329
366395,4,2,1,2906,2971,553,541,5877,1094,3459,3512,6971
366395,4,2,2,2906,2971,553,541,5877,1094,3459,3512,6971
366395,5,3,1,1064,1105,759,797,2169,1556,1823,1902,3725
366395,5,3,2,1064,1105,759,797,2169,1556,1823,1902,3725
366395,6,4,1,424,531,562,884,955,1446,986,1415,2401
366395,6,4,2,424,531,562,884,955,1446,986,1415,2401
366395,7,999,1,436,725,889,2094,1161,2983,1325,2819,4144
366395,7,999,2,436,725,889,2094,1161,2983,1325,2819,4144
366395,8,5,1,249,360,426,915,609,1341,675,1275,1950
366395,8,5,2,249,360,426,915,609,1341,675,1275,1950
366395,9,6,1,101,158,189,451,259,640,290,609,899
366395,9,6,2,101,158,189,451,259,640,290,609,899
366395,10,7,1,38,97,104,259,135,363,142,356,498
366395,10,7,2,38,97,104,259,135,363,142,356,498
366395,11,8,1,31,88,124,311,119,435,155,399,554
366395,11,8,2,31,88,124,311,119,435,155,399,554
366395,12,9,1,17,22,43,152,39,195,60,174,234
366395,12,9,2,17,22,43,152,39,195,60,174,234
366395,13,10,1,0,0,3,6,0,9,3,6,9
366395,13,10,2,0,0,3,6,0,9,3,6,9
366401,1,412,1,1270,1248,2389,3098,2518,5487,3659,4346,8005
366401,1,112,2,1270,1248,2389,3098,2518,5487,3659,4346,8005
366401,2,999,1,1092,1058,1662,1720,2150,3382,2754,2778,5532
366401,2,999,2,1092,1058,1662,1720,2150,3382,2754,2778,5532
366401,3,1,1,40,50,143,178,90,321,183,228,411
366401,3,1,2,40,50,143,178,90,321,183,228,411
366401,4,2,1,650,682,557,517,1332,1074,1207,1199,2406
366401,4,2,2,650,682,557,517,1332,1074,1207,1199,2406
366401,5,3,1,288,233,527,553,521,1080,815,786,1601
366401,5,3,2,288,233,527,553,521,1080,815,786,1601
366401,6,4,1,114,93,435,472,207,907,549,565,1114
366401,6,4,2,114,93,435,472,207,907,549,565,1114
366401,7,999,1,178,190,727,1378,368,2105,905,1568,2473
366401,7,999,2,178,190,727,1378,368,2105,905,1568,2473
366401,8,5,1,103,86,333,465,189,798,436,551,987
366401,8,5,2,103,86,333,465,189,798,436,551,987
366401,9,6,1,37,45,132,232,82,364,169,277,446
366401,9,6,2,37,45,132,232,82,364,169,277,446
366401,10,7,1,17,19,87,170,36,257,104,189,293
366401,10,7,2,17,19,87,170,36,257,104,189,293
366401,11,8,1,10,25,94,292,35,386,104,317,421
366401,11,8,2,10,25,94,292,35,386,104,317,421
366401,12,9,1,10,14,63,196,24,259,73,210,283
366401,12,9,2,10,14,63,196,24,259,73,210,283
366401,13,10,1,1,1,18,23,2,41,19,24,43
366401,13,10,2,1,1,18,23,2,41,19,24,43
366465,1,412,1,260,553,421,919,813,1340,681,1472,2153
366465,1,112,2,260,553,421,919,813,1340,681,1472,2153
366465,2,999,1,211,341,300,591,552,891,511,932,1443
366465,2,999,2,211,341,300,591,552,891,511,932,1443
366465,3,1,1,15,7,89,148,22,237,104,155,259
366465,3,1,2,15,7,89,148,22,237,104,155,259
366465,4,2,1,68,115,76,180,183,256,144,295,439
366465,4,2,2,68,115,76,180,183,256,144,295,439
366465,5,3,1,74,108,68,139,182,207,142,247,389
366465,5,3,2,74,108,68,139,182,207,142,247,389
366465,6,4,1,54,111,67,124,165,191,121,235,356
366465,6,4,2,54,111,67,124,165,191,121,235,356
366465,7,999,1,49,212,121,328,261,449,170,540,710
366465,7,999,2,49,212,121,328,261,449,170,540,710
366465,8,5,1,22,93,51,109,115,160,73,202,275
366465,8,5,2,22,93,51,109,115,160,73,202,275
366465,9,6,1,12,54,28,79,66,107,40,133,173
366465,9,6,2,12,54,28,79,66,107,40,133,173
366465,10,7,1,9,19,14,52,28,66,23,71,94
366465,10,7,2,9,19,14,52,28,66,23,71,94
366465,11,8,1,2,36,17,61,38,78,19,97,116
366465,11,8,2,2,36,17,61,38,78,19,97,116
366465,12,9,1,3,9,11,27,12,38,14,36,50
366465,12,9,2,3,9,11,27,12,38,14,36,50
366465,13,10,1,1,1,0,0,2,0,1,1,2
366465,13,10,2,1,1,0,0,2,0,1,1,2
366535,1,412,1,66,182,0,0,248,0,66,182,248
366535,1,112,2,66,182,0,0,248,0,66,182,248
366535,2,999,1,26,70,0,0,96,0,26,70,96
366535,2,999,2,26,70,0,0,96,0,26,70,96
366535,4,2,1,2,18,0,0,20,0,2,18,20
366535,4,2,2,2,18,0,0,20,0,2,18,20
366535,5,3,1,11,20,0,0,31,0,11,20,31
366535,5,3,2,11,20,0,0,31,0,11,20,31
366535,6,4,1,13,32,0,0,45,0,13,32,45
366535,6,4,2,13,32,0,0,45,0,13,32,45
366535,7,999,1,40,109,0,0,149,0,40,109,149
366535,7,999,2,40,109,0,0,149,0,40,109,149
366535,8,5,1,12,50,0,0,62,0,12,50,62
366535,8,5,2,12,50,0,0,62,0,12,50,62
366535,9,6,1,12,21,0,0,33,0,12,21,33
366535,9,6,2,12,21,0,0,33,0,12,21,33
366535,10,7,1,6,18,0,0,24,0,6,18,24
366535,10,7,2,6,18,0,0,24,0,6,18,24
366535,11,8,1,9,15,0,0,24,0,9,15,24
366535,11,8,2,9,15,0,0,24,0,9,15,24
366535,12,9,1,1,5,0,0,6,0,1,5,6
366535,12,9,2,1,5,0,0,6,0,1,5,6
366535,14,11,1,0,3,0,0,3,0,0,3,3
366535,14,11,2,0,3,0,0,3,0,0,3,3
366553,1,412,1,244,804,11,66,1048,77,255,870,1125
366553,1,112,2,244,804,11,66,1048,77,255,870,1125
366553,2,999,1,124,340,5,22,464,27,129,362,491
366553,2,999,2,124,340,5,22,464,27,129,362,491
366553,4,2,1,25,58,0,1,83,1,25,59,84
366553,4,2,2,25,58,0,1,83,1,25,59,84
366553,5,3,1,43,116,1,4,159,5,44,120,164
366553,5,3,2,43,116,1,4,159,5,44,120,164
366553,6,4,1,56,166,4,17,222,21,60,183,243
366553,6,4,2,56,166,4,17,222,21,60,183,243
366553,7,999,1,120,464,6,44,584,50,126,508,634
366553,7,999,2,120,464,6,44,584,50,126,508,634
366553,8,5,1,54,207,2,17,261,19,56,224,280
366553,8,5,2,54,207,2,17,261,19,56,224,280
366553,9,6,1,28,118,0,9,146,9,28,127,155
366553,9,6,2,28,118,0,9,146,9,28,127,155
366553,10,7,1,13,46,1,6,59,7,14,52,66
366553,10,7,2,13,46,1,6,59,7,14,52,66
366553,11,8,1,16,59,2,7,75,9,18,66,84
366553,11,8,2,16,59,2,7,75,9,18,66,84
366553,12,9,1,9,33,1,5,42,6,10,38,48
366553,12,9,2,9,33,1,5,42,6,10,38,48
366553,13,10,1,0,1,0,0,1,0,0,1,1
366553,13,10,2,0,1,0,0,1,0,0,1,1
366571,1,412,1,5,17,0,0,22,0,5,17,22
366571,1,112,2,5,17,0,0,22,0,5,17,22
366571,2,999,1,3,15,0,0,18,0,3,15,18
366571,2,999,2,3,15,0,0,18,0,3,15,18
366571,5,3,1,0,5,0,0,5,0,0,5,5
366571,5,3,2,0,5,0,0,5,0,0,5,5
366571,6,4,1,3,10,0,0,13,0,3,10,13
366571,6,4,2,3,10,0,0,13,0,3,10,13
366571,7,999,1,2,2,0,0,4,0,2,2,4
366571,7,999,2,2,2,0,0,4,0,2,2,4
366571,8,5,1,1,0,0,0,1,0,1,0,1
366571,8,5,2,1,0,0,0,1,0,1,0,1
366571,10,7,1,1,0,0,0,1,0,1,0,1
366571,10,7,2,1,0,0,0,1,0,1,0,1
366571,11,8,1,0,2,0,0,2,0,0,2,2
366571,11,8,2,0,2,0,0,2,0,0,2,2
366605,1,412,1,6,22,2,3,28,5,8,25,33
366605,1,312,5,6,22,2,3,28,5,8,25,33
366605,2,999,1,0,1,0,0,1,0,0,1,1
366605,2,999,5,0,1,0,0,1,0,0,1,1
366605,6,4,1,0,1,0,0,1,0,0,1,1
366605,6,4,5,0,1,0,0,1,0,0,1,1
366605,7,999,1,6,21,2,3,27,5,8,24,32
366605,7,999,5,6,21,2,3,27,5,8,24,32
366605,8,5,1,1,3,2,0,4,2,3,3,6
366605,8,5,5,1,3,2,0,4,2,3,3,6
366605,9,6,1,3,9,0,0,12,0,3,9,12
366605,9,6,5,3,9,0,0,12,0,3,9,12
366605,10,7,1,0,2,0,2,2,2,0,4,4
366605,10,7,5,0,2,0,2,2,2,0,4,4
366605,11,8,1,1,5,0,0,6,0,1,5,6
366605,11,8,5,1,5,0,0,6,0,1,5,6
366605,12,9,1,1,2,0,1,3,1,1,3,4
366605,12,9,5,1,2,0,1,3,1,1,3,4
366623,1,412,1,9,19,128,104,28,232,137,123,260
366623,1,112,2,9,19,128,104,28,232,137,123,260
366623,2,999,1,7,11,127,104,18,231,134,115,249
366623,2,999,2,7,11,127,104,18,231,134,115,249
366623,3,1,1,1,1,96,80,2,176,97,81,178
366623,3,1,2,1,1,96,80,2,176,97,81,178
366623,4,2,1,4,4,30,23,8,53,34,27,61
366623,4,2,2,4,4,30,23,8,53,34,27,61
366623,5,3,1,0,2,0,1,2,1,0,3,3
366623,5,3,2,0,2,0,1,2,1,0,3,3
366623,6,4,1,2,4,1,0,6,1,3,4,7
366623,6,4,2,2,4,1,0,6,1,3,4,7
366623,7,999,1,1,8,1,0,9,1,2,8,10
366623,7,999,2,1,8,1,0,9,1,2,8,10
366623,8,5,1,0,4,0,0,4,0,0,4,4
366623,8,5,2,0,4,0,0,4,0,0,4,4
366623,9,6,1,0,1,1,0,1,1,1,1,2
366623,9,6,2,0,1,1,0,1,1,1,1,2
366623,10,7,1,1,2,0,0,3,0,1,2,3
366623,10,7,2,1,2,0,0,3,0,1,2,3
366623,12,9,1,0,1,0,0,1,0,0,1,1
366623,12,9,2,0,1,0,0,1,0,0,1,1
366623,14,11,1,1,0,0,0,1,0,1,0,1
366623,14,11,2,1,0,0,0,1,0,1,0,1
366711,1,412,1,4890,8470,1332,1675,13360,3007,6222,10145,16367
366711,1,112,2,4609,7772,1214,1445,12381,2659,5823,9217,15040
366711,1,312,5,281,698,118,230,979,348,399,928,1327
366711,2,999,1,3764,6939,727,853,10703,1580,4491,7792,12283
366711,2,999,2,3703,6688,704,830,10391,1534,4407,7518,11925
366711,2,999,5,61,251,23,23,312,46,84,274,358
366711,3,1,1,58,133,3,5,191,8,61,138,199
366711,3,1,2,58,133,3,5,191,8,61,138,199
366711,4,2,1,1290,2408,126,140,3698,266,1416,2548,3964
366711,4,2,2,1290,2407,126,140,3697,266,1416,2547,3963
366711,4,2,5,0,1,0,0,1,0,0,1,1
366711,5,3,1,1236,2568,194,217,3804,411,1430,2785,4215
366711,5,3,2,1235,2557,194,217,3792,411,1429,2774,4203
366711,5,3,5,1,11,0,0,12,0,1,11,12
366711,6,4,1,1180,1830,404,491,3010,895,1584,2321,3905
366711,6,4,2,1120,1591,381,468,2711,849,1501,2059,3560
366711,6,4,5,60,239,23,23,299,46,83,262,345
366711,7,999,1,1126,1531,605,822,2657,1427,1731,2353,4084
366711,7,999,2,906,1084,510,615,1990,1125,1416,1699,3115
366711,7,999,5,220,447,95,207,667,302,315,654,969
366711,8,5,1,692,907,326,413,1599,739,1018,1320,2338
366711,8,5,2,600,687,281,341,1287,622,881,1028,1909
366711,8,5,5,92,220,45,72,312,117,137,292,429
366711,9,6,1,245,303,146,191,548,337,391,494,885
366711,9,6,2,183,208,120,135,391,255,303,343,646
366711,9,6,5,62,95,26,56,157,82,88,151,239
366711,10,7,1,91,124,67,92,215,159,158,216,374
366711,10,7,2,67,84,55,61,151,116,122,145,267
366711,10,7,5,24,40,12,31,64,43,36,71,107
366711,11,8,1,69,149,41,86,218,127,110,235,345
366711,11,8,2,42,85,33,50,127,83,75,135,210
366711,11,8,5,27,64,8,36,91,44,35,100,135
366711,12,9,1,29,47,21,37,76,58,50,84,134
366711,12,9,2,14,19,17,26,33,43,31,45,76
366711,12,9,5,15,28,4,11,43,15,19,39,58
366711,13,10,1,0,1,4,3,1,7,4,4,8
366711,13,10,2,0,1,4,2,1,6,4,3,7
366711,13,10,5,0,0,0,1,0,1,0,1,1
367431,1,412,1,3,20,0,0,23,0,3,20,23
367431,1,112,2,3,20,0,0,23,0,3,20,23
367431,2,999,1,2,13,0,0,15,0,2,13,15
367431,2,999,2,2,13,0,0,15,0,2,13,15
367431,3,1,1,0,1,0,0,1,0,0,1,1
367431,3,1,2,0,1,0,0,1,0,0,1,1
367431,4,2,1,2,7,0,0,9,0,2,7,9
367431,4,2,2,2,7,0,0,9,0,2,7,9
367431,5,3,1,0,2,0,0,2,0,0,2,2
367431,5,3,2,0,2,0,0,2,0,0,2,2
367431,6,4,1,0,3,0,0,3,0,0,3,3
367431,6,4,2,0,3,0,0,3,0,0,3,3
367431,7,999,1,1,7,0,0,8,0,1,7,8
367431,7,999,2,1,7,0,0,8,0,1,7,8
367431,8,5,1,0,5,0,0,5,0,0,5,5
367431,8,5,2,0,5,0,0,5,0,0,5,5
367431,9,6,1,1,2,0,0,3,0,1,2,3
367431,9,6,2,1,2,0,0,3,0,1,2,3
367884,1,412,1,159,303,97,141,462,238,256,444,700
367884,1,112,2,144,246,83,122,390,205,227,368,595
367884,1,312,5,15,57,14,19,72,33,29,76,105
367884,2,999,1,29,51,23,26,80,49,52,77,129
367884,2,999,2,29,46,23,26,75,49,52,72,124
367884,2,999,5,0,5,0,0,5,0,0,5,5
367884,4,2,1,5,6,4,3,11,7,9,9,18
367884,4,2,2,5,6,4,3,11,7,9,9,18
367884,5,3,1,9,18,8,7,27,15,17,25,42
367884,5,3,2,9,18,8,7,27,15,17,25,42
367884,6,4,1,15,27,11,16,42,27,26,43,69
367884,6,4,2,15,22,11,16,37,27,26,38,64
367884,6,4,5,0,5,0,0,5,0,0,5,5
367884,7,999,1,130,252,74,115,382,189,204,367,571
367884,7,999,2,115,200,60,96,315,156,175,296,471
367884,7,999,5,15,52,14,19,67,33,29,71,100
367884,8,5,1,54,78,16,37,132,53,70,115,185
367884,8,5,2,48,62,14,34,110,48,62,96,158
367884,8,5,5,6,16,2,3,22,5,8,19,27
367884,9,6,1,36,51,25,23,87,48,61,74,135
367884,9,6,2,32,42,21,17,74,38,53,59,112
367884,9,6,5,4,9,4,6,13,10,8,15,23
367884,10,7,1,12,42,10,15,54,25,22,57,79
367884,10,7,2,10,36,9,12,46,21,19,48,67
367884,10,7,5,2,6,1,3,8,4,3,9,12
367884,11,8,1,20,64,16,32,84,48,36,96,132
367884,11,8,2,19,48,12,25,67,37,31,73,104
367884,11,8,5,1,16,4,7,17,11,5,23,28
367884,12,9,1,8,17,7,8,25,15,15,25,40
367884,12,9,2,6,12,4,8,18,12,10,20,30
367884,12,9,5,2,5,3,0,7,3,5,5,10
367954,1,412,1,1378,3005,57,271,4383,328,1435,3276,4711
367954,1,312,5,1378,3005,57,271,4383,328,1435,3276,4711
367954,2,999,1,207,790,3,15,997,18,210,805,1015
367954,2,999,5,207,790,3,15,997,18,210,805,1015
367954,5,3,1,1,7,0,0,8,0,1,7,8
367954,5,3,5,1,7,0,0,8,0,1,7,8
367954,6,4,1,206,783,3,15,989,18,209,798,1007
367954,6,4,5,206,783,3,15,989,18,209,798,1007
367954,7,999,1,1171,2215,54,256,3386,310,1225,2471,3696
367954,7,999,5,1171,2215,54,256,3386,310,1225,2471,3696
367954,8,5,1,782,1463,10,49,2245,59,792,1512,2304
367954,8,5,5,782,1463,10,49,2245,59,792,1512,2304
367954,9,6,1,263,355,12,37,618,49,275,392,667
367954,9,6,5,263,355,12,37,618,49,275,392,667
367954,10,7,1,68,140,8,40,208,48,76,180,256
367954,10,7,5,68,140,8,40,208,48,76,180,256
367954,11,8,1,38,165,15,72,203,87,53,237,290
367954,11,8,5,38,165,15,72,203,87,53,237,290
367954,12,9,1,19,91,7,55,110,62,26,146,172
367954,12,9,5,19,91,7,55,110,62,26,146,172
367954,13,10,1,1,1,2,3,2,5,3,4,7
367954,13,10,5,1,1,2,3,2,5,3,4,7
368036,1,412,1,1,16,0,0,17,0,1,16,17
368036,1,112,2,1,16,0,0,17,0,1,16,17
368036,2,999,1,1,9,0,0,10,0,1,9,10
368036,2,999,2,1,9,0,0,10,0,1,9,10
368036,4,2,1,0,1,0,0,1,0,0,1,1
368036,4,2,2,0,1,0,0,1,0,0,1,1
368036,5,3,1,0,4,0,0,4,0,0,4,4
368036,5,3,2,0,4,0,0,4,0,0,4,4
368036,6,4,1,1,4,0,0,5,0,1,4,5
368036,6,4,2,1,4,0,0,5,0,1,4,5
368036,7,999,1,0,7,0,0,7,0,0,7,7
368036,7,999,2,0,7,0,0,7,0,0,7,7
368036,8,5,1,0,2,0,0,2,0,0,2,2
368036,8,5,2,0,2,0,0,2,0,0,2,2
368036,9,6,1,0,3,0,0,3,0,0,3,3
368036,9,6,2,0,3,0,0,3,0,0,3,3
368036,10,7,1,0,1,0,0,1,0,0,1,1
368036,10,7,2,0,1,0,0,1,0,0,1,1
368036,11,8,1,0,1,0,0,1,0,0,1,1
368036,11,8,2,0,1,0,0,1,0,0,1,1
368230,1,412,1,3,68,1,24,71,25,4,92,96
368230,1,112,2,3,68,1,24,71,25,4,92,96
368230,2,999,1,0,47,1,14,47,15,1,61,62
368230,2,999,2,0,47,1,14,47,15,1,61,62
368230,4,2,1,0,18,1,2,18,3,1,20,21
368230,4,2,2,0,18,1,2,18,3,1,20,21
368230,5,3,1,0,17,0,4,17,4,0,21,21
368230,5,3,2,0,17,0,4,17,4,0,21,21
368230,6,4,1,0,12,0,8,12,8,0,20,20
368230,6,4,2,0,12,0,8,12,8,0,20,20
368230,7,999,1,3,21,0,10,24,10,3,31,34
368230,7,999,2,3,21,0,10,24,10,3,31,34
368230,8,5,1,1,11,0,6,12,6,1,17,18
368230,8,5,2,1,11,0,6,12,6,1,17,18
368230,9,6,1,0,5,0,3,5,3,0,8,8
368230,9,6,2,0,5,0,3,5,3,0,8,8
368230,10,7,1,2,2,0,0,4,0,2,2,4
368230,10,7,2,2,2,0,0,4,0,2,2,4
368230,11,8,1,0,3,0,1,3,1,0,4,4
368230,11,8,2,0,3,0,1,3,1,0,4,4
368911,1,412,1,92,201,421,1078,293,1499,513,1279,1792
368911,1,112,2,92,201,421,1078,293,1499,513,1279,1792
368911,2,999,1,65,113,345,777,178,1122,410,890,1300
368911,2,999,2,65,113,345,777,178,1122,410,890,1300
368911,3,1,1,1,5,153,318,6,471,154,323,477
368911,3,1,2,1,5,153,318,6,471,154,323,477
368911,4,2,1,22,28,113,197,50,310,135,225,360
368911,4,2,2,22,28,113,197,50,310,135,225,360
368911,5,3,1,25,45,50,139,70,189,75,184,259
368911,5,3,2,25,45,50,139,70,189,75,184,259
368911,6,4,1,17,35,29,123,52,152,46,158,204
368911,6,4,2,17,35,29,123,52,152,46,158,204
368911,7,999,1,27,88,76,301,115,377,103,389,492
368911,7,999,2,27,88,76,301,115,377,103,389,492
368911,8,5,1,15,31,27,108,46,135,42,139,181
368911,8,5,2,15,31,27,108,46,135,42,139,181
368911,9,6,1,3,26,13,81,29,94,16,107,123
368911,9,6,2,3,26,13,81,29,94,16,107,123
368911,10,7,1,4,15,13,50,19,63,17,65,82
368911,10,7,2,4,15,13,50,19,63,17,65,82
368911,11,8,1,4,14,12,46,18,58,16,60,76
368911,11,8,2,4,14,12,46,18,58,16,60,76
368911,12,9,1,1,2,8,16,3,24,9,18,27
368911,12,9,2,1,2,8,16,3,24,9,18,27
368911,13,10,1,0,0,3,0,0,3,3,0,3
368911,13,10,2,0,0,3,0,0,3,3,0,3
369950,1,412,1,87,14,0,0,101,0,87,14,101
369950,1,112,2,87,14,0,0,101,0,87,14,101
369950,2,999,1,5,0,0,0,5,0,5,0,5
369950,2,999,2,5,0,0,0,5,0,5,0,5
369950,6,4,1,5,0,0,0,5,0,5,0,5
369950,6,4,2,5,0,0,0,5,0,5,0,5
369950,7,999,1,82,14,0,0,96,0,82,14,96
369950,7,999,2,82,14,0,0,96,0,82,14,96
369950,8,5,1,15,1,0,0,16,0,15,1,16
369950,8,5,2,15,1,0,0,16,0,15,1,16
369950,9,6,1,24,7,0,0,31,0,24,7,31
369950,9,6,2,24,7,0,0,31,0,24,7,31
369950,10,7,1,16,3,0,0,19,0,16,3,19
369950,10,7,2,16,3,0,0,19,0,16,3,19
369950,11,8,1,21,3,0,0,24,0,21,3,24
369950,11,8,2,21,3,0,0,24,0,21,3,24
369950,12,9,1,6,0,0,0,6,0,6,0,6
369950,12,9,2,6,0,0,0,6,0,6,0,6
372082,1,412,1,16,44,0,13,60,13,16,57,73
372082,1,112,2,16,44,0,13,60,13,16,57,73
372082,2,999,1,5,18,0,1,23,1,5,19,24
372082,2,999,2,5,18,0,1,23,1,5,19,24
372082,4,2,1,1,5,0,0,6,0,1,5,6
372082,4,2,2,1,5,0,0,6,0,1,5,6
372082,5,3,1,4,11,0,0,15,0,4,11,15
372082,5,3,2,4,11,0,0,15,0,4,11,15
372082,6,4,1,0,2,0,1,2,1,0,3,3
372082,6,4,2,0,2,0,1,2,1,0,3,3
372082,7,999,1,11,25,0,12,36,12,11,37,48
372082,7,999,2,11,25,0,12,36,12,11,37,48
372082,8,5,1,1,10,0,2,11,2,1,12,13
372082,8,5,2,1,10,0,2,11,2,1,12,13
372082,9,6,1,5,5,0,2,10,2,5,7,12
372082,9,6,2,5,5,0,2,10,2,5,7,12
372082,10,7,1,3,4,0,0,7,0,3,4,7
372082,10,7,2,3,4,0,0,7,0,3,4,7
372082,11,8,1,1,5,0,5,6,5,1,10,11
372082,11,8,2,1,5,0,5,6,5,1,10,11
372082,12,9,1,1,1,0,3,2,3,1,4,5
372082,12,9,2,1,1,0,3,2,3,1,4,5
372082,14,11,1,0,1,0,0,1,0,0,1,1
372082,14,11,2,0,1,0,0,1,0,0,1,1
372356,1,412,1,8,150,0,0,158,0,8,150,158
372356,1,112,2,8,150,0,0,158,0,8,150,158
372356,2,999,1,5,97,0,0,102,0,5,97,102
372356,2,999,2,5,97,0,0,102,0,5,97,102
372356,3,1,1,0,1,0,0,1,0,0,1,1
372356,3,1,2,0,1,0,0,1,0,0,1,1
372356,4,2,1,2,33,0,0,35,0,2,33,35
372356,4,2,2,2,33,0,0,35,0,2,33,35
372356,5,3,1,3,27,0,0,30,0,3,27,30
372356,5,3,2,3,27,0,0,30,0,3,27,30
372356,6,4,1,0,36,0,0,36,0,0,36,36
372356,6,4,2,0,36,0,0,36,0,0,36,36
372356,7,999,1,3,53,0,0,56,0,3,53,56
372356,7,999,2,3,53,0,0,56,0,3,53,56
372356,8,5,1,0,29,0,0,29,0,0,29,29
372356,8,5,2,0,29,0,0,29,0,0,29,29
372356,9,6,1,2,17,0,0,19,0,2,17,19
372356,9,6,2,2,17,0,0,19,0,2,17,19
372356,10,7,1,1,6,0,0,7,0,1,6,7
372356,10,7,2,1,6,0,0,7,0,1,6,7
372356,11,8,1,0,1,0,0,1,0,0,1,1
372356,11,8,2,0,1,0,0,1,0,0,1,1
374024,1,412,1,0,4,50,213,4,263,50,217,267
374024,1,312,5,0,4,50,213,4,263,50,217,267
374024,2,999,1,0,1,3,28,1,31,3,29,32
374024,2,999,5,0,1,3,28,1,31,3,29,32
374024,5,3,1,0,0,0,1,0,1,0,1,1
374024,5,3,5,0,0,0,1,0,1,0,1,1
374024,6,4,1,0,1,3,27,1,30,3,28,31
374024,6,4,5,0,1,3,27,1,30,3,28,31
374024,7,999,1,0,3,47,179,3,226,47,182,229
374024,7,999,5,0,3,47,179,3,226,47,182,229
374024,8,5,1,0,0,10,62,0,72,10,62,72
374024,8,5,5,0,0,10,62,0,72,10,62,72
374024,9,6,1,0,0,7,31,0,38,7,31,38
374024,9,6,5,0,0,7,31,0,38,7,31,38
374024,10,7,1,0,1,9,28,1,37,9,29,38
374024,10,7,5,0,1,9,28,1,37,9,29,38
374024,11,8,1,0,1,8,41,1,49,8,42,50
374024,11,8,5,0,1,8,41,1,49,8,42,50
374024,12,9,1,0,1,12,17,1,29,12,18,30
374024,12,9,5,0,1,12,17,1,29,12,18,30
374024,13,10,1,0,0,1,0,0,1,1,0,1
374024,13,10,5,0,0,1,0,0,1,1,0,1
374024,14,11,1,0,0,0,6,0,6,0,6,6
374024,14,11,5,0,0,0,6,0,6,0,6,6
374574,1,412,1,84,400,22,204,484,226,106,604,710
374574,1,112,2,84,400,22,204,484,226,106,604,710
374574,2,999,1,59,250,13,76,309,89,72,326,398
374574,2,999,2,59,250,13,76,309,89,72,326,398
374574,3,1,1,17,55,0,4,72,4,17,59,76
374574,3,1,2,17,55,0,4,72,4,17,59,76
374574,4,2,1,12,66,2,9,78,11,14,75,89
374574,4,2,2,12,66,2,9,78,11,14,75,89
374574,5,3,1,16,61,5,26,77,31,21,87,108
374574,5,3,2,16,61,5,26,77,31,21,87,108
374574,6,4,1,14,68,6,37,82,43,20,105,125
374574,6,4,2,14,68,6,37,82,43,20,105,125
374574,7,999,1,25,149,9,128,174,137,34,277,311
374574,7,999,2,25,149,9,128,174,137,34,277,311
374574,8,5,1,13,71,4,48,84,52,17,119,136
374574,8,5,2,13,71,4,48,84,52,17,119,136
374574,9,6,1,3,34,3,36,37,39,6,70,76
374574,9,6,2,3,34,3,36,37,39,6,70,76
374574,10,7,1,3,14,1,28,17,29,4,42,46
374574,10,7,2,3,14,1,28,17,29,4,42,46
374574,11,8,1,6,24,0,15,30,15,6,39,45
374574,11,8,2,6,24,0,15,30,15,6,39,45
374574,12,9,1,0,6,1,1,6,2,1,7,8
374574,12,9,2,0,6,1,1,6,2,1,7,8
374574,14,11,1,0,1,0,0,1,0,0,1,1
374574,14,11,2,0,1,0,0,1,0,0,1,1
375407,1,412,1,18,81,5,13,99,18,23,94,117
375407,1,112,2,18,81,5,13,99,18,23,94,117
375407,2,999,1,5,33,2,5,38,7,7,38,45
375407,2,999,2,5,33,2,5,38,7,7,38,45
375407,4,2,1,3,7,0,2,10,2,3,9,12
375407,4,2,2,3,7,0,2,10,2,3,9,12
375407,5,3,1,0,13,1,2,13,3,1,15,16
375407,5,3,2,0,13,1,2,13,3,1,15,16
375407,6,4,1,2,13,1,1,15,2,3,14,17
375407,6,4,2,2,13,1,1,15,2,3,14,17
375407,7,999,1,13,48,3,8,61,11,16,56,72
375407,7,999,2,13,48,3,8,61,11,16,56,72
375407,8,5,1,2,19,1,3,21,4,3,22,25
375407,8,5,2,2,19,1,3,21,4,3,22,25
375407,9,6,1,2,9,0,1,11,1,2,10,12
375407,9,6,2,2,9,0,1,11,1,2,10,12
375407,10,7,1,2,9,1,4,11,5,3,13,16
375407,10,7,2,2,9,1,4,11,5,3,13,16
375407,11,8,1,7,8,0,0,15,0,7,8,15
375407,11,8,2,7,8,0,0,15,0,7,8,15
375407,12,9,1,0,3,1,0,3,1,1,3,4
375407,12,9,2,0,3,1,0,3,1,1,3,4
375416,1,412,1,114,287,0,0,401,0,114,287,401
375416,1,112,2,114,287,0,0,401,0,114,287,401
375416,2,999,1,28,102,0,0,130,0,28,102,130
375416,2,999,2,28,102,0,0,130,0,28,102,130
375416,4,2,1,4,10,0,0,14,0,4,10,14
375416,4,2,2,4,10,0,0,14,0,4,10,14
375416,5,3,1,7,27,0,0,34,0,7,27,34
375416,5,3,2,7,27,0,0,34,0,7,27,34
375416,6,4,1,17,65,0,0,82,0,17,65,82
375416,6,4,2,17,65,0,0,82,0,17,65,82
375416,7,999,1,86,185,0,0,271,0,86,185,271
375416,7,999,2,86,185,0,0,271,0,86,185,271
375416,8,5,1,33,92,0,0,125,0,33,92,125
375416,8,5,2,33,92,0,0,125,0,33,92,125
375416,9,6,1,24,51,0,0,75,0,24,51,75
375416,9,6,2,24,51,0,0,75,0,24,51,75
375416,10,7,1,11,22,0,0,33,0,11,22,33
375416,10,7,2,11,22,0,0,33,0,11,22,33
375416,11,8,1,14,15,0,0,29,0,14,15,29
375416,11,8,2,14,15,0,0,29,0,14,15,29
375416,12,9,1,4,5,0,0,9,0,4,5,9
375416,12,9,2,4,5,0,0,9,0,4,5,9
375984,1,412,1,7,137,2,40,144,42,9,177,186
375984,1,112,2,7,137,2,40,144,42,9,177,186
375984,2,999,1,2,113,0,19,115,19,2,132,134
375984,2,999,2,2,113,0,19,115,19,2,132,134
375984,4,2,1,1,46,0,4,47,4,1,50,51
375984,4,2,2,1,46,0,4,47,4,1,50,51
375984,5,3,1,1,45,0,8,46,8,1,53,54
375984,5,3,2,1,45,0,8,46,8,1,53,54
375984,6,4,1,0,22,0,7,22,7,0,29,29
375984,6,4,2,0,22,0,7,22,7,0,29,29
375984,7,999,1,5,24,2,21,29,23,7,45,52
375984,7,999,2,5,24,2,21,29,23,7,45,52
375984,8,5,1,3,7,0,10,10,10,3,17,20
375984,8,5,2,3,7,0,10,10,10,3,17,20
375984,9,6,1,0,10,0,6,10,6,0,16,16
375984,9,6,2,0,10,0,6,10,6,0,16,16
375984,10,7,1,1,4,2,3,5,5,3,7,10
375984,10,7,2,1,4,2,3,5,5,3,7,10
375984,11,8,1,1,3,0,1,4,1,1,4,5
375984,11,8,2,1,3,0,1,4,1,1,4,5
375984,13,10,1,0,0,0,1,0,1,0,1,1
375984,13,10,2,0,0,0,1,0,1,0,1,1
376224,1,412,1,33,117,1,26,150,27,34,143,177
376224,1,112,2,33,117,1,26,150,27,34,143,177
376224,2,999,1,23,79,1,13,102,14,24,92,116
376224,2,999,2,23,79,1,13,102,14,24,92,116
376224,3,1,1,1,2,0,0,3,0,1,2,3
376224,3,1,2,1,2,0,0,3,0,1,2,3
376224,4,2,1,7,40,0,3,47,3,7,43,50
376224,4,2,2,7,40,0,3,47,3,7,43,50
376224,5,3,1,11,23,1,5,34,6,12,28,40
376224,5,3,2,11,23,1,5,34,6,12,28,40
376224,6,4,1,4,14,0,5,18,5,4,19,23
376224,6,4,2,4,14,0,5,18,5,4,19,23
376224,7,999,1,10,38,0,13,48,13,10,51,61
376224,7,999,2,10,38,0,13,48,13,10,51,61
376224,8,5,1,7,15,0,5,22,5,7,20,27
376224,8,5,2,7,15,0,5,22,5,7,20,27
376224,9,6,1,2,15,0,4,17,4,2,19,21
376224,9,6,2,2,15,0,4,17,4,2,19,21
376224,10,7,1,1,6,0,1,7,1,1,7,8
376224,10,7,2,1,6,0,1,7,1,1,7,8
376224,11,8,1,0,1,0,1,1,1,0,2,2
376224,11,8,2,0,1,0,1,1,1,0,2,2
376224,12,9,1,0,1,0,2,1,2,0,3,3
376224,12,9,2,0,1,0,2,1,2,0,3,3
376242,1,412,1,64,30,0,0,94,0,64,30,94
376242,1,112,2,64,30,0,0,94,0,64,30,94
376242,2,999,1,58,22,0,0,80,0,58,22,80
376242,2,999,2,58,22,0,0,80,0,58,22,80
376242,3,1,1,20,7,0,0,27,0,20,7,27
376242,3,1,2,20,7,0,0,27,0,20,7,27
376242,4,2,1,32,11,0,0,43,0,32,11,43
376242,4,2,2,32,11,0,0,43,0,32,11,43
376242,5,3,1,5,1,0,0,6,0,5,1,6
376242,5,3,2,5,1,0,0,6,0,5,1,6
376242,6,4,1,1,3,0,0,4,0,1,3,4
376242,6,4,2,1,3,0,0,4,0,1,3,4
376242,7,999,1,6,8,0,0,14,0,6,8,14
376242,7,999,2,6,8,0,0,14,0,6,8,14
376242,8,5,1,0,4,0,0,4,0,0,4,4
376242,8,5,2,0,4,0,0,4,0,0,4,4
376242,9,6,1,2,4,0,0,6,0,2,4,6
376242,9,6,2,2,4,0,0,6,0,2,4,6
376242,10,7,1,2,0,0,0,2,0,2,0,2
376242,10,7,2,2,0,0,0,2,0,2,0,2
376242,11,8,1,2,0,0,0,2,0,2,0,2
376242,11,8,2,2,0,0,0,2,0,2,0,2
376288,1,412,1,30,59,0,0,89,0,30,59,89
376288,1,112,2,30,59,0,0,89,0,30,59,89
376288,2,999,1,17,26,0,0,43,0,17,26,43
376288,2,999,2,17,26,0,0,43,0,17,26,43
376288,3,1,1,3,3,0,0,6,0,3,3,6
376288,3,1,2,3,3,0,0,6,0,3,3,6
376288,4,2,1,4,7,0,0,11,0,4,7,11
376288,4,2,2,4,7,0,0,11,0,4,7,11
376288,5,3,1,7,6,0,0,13,0,7,6,13
376288,5,3,2,7,6,0,0,13,0,7,6,13
376288,6,4,1,3,10,0,0,13,0,3,10,13
376288,6,4,2,3,10,0,0,13,0,3,10,13
376288,7,999,1,13,33,0,0,46,0,13,33,46
376288,7,999,2,13,33,0,0,46,0,13,33,46
376288,8,5,1,2,7,0,0,9,0,2,7,9
376288,8,5,2,2,7,0,0,9,0,2,7,9
376288,9,6,1,5,5,0,0,10,0,5,5,10
376288,9,6,2,5,5,0,0,10,0,5,5,10
376288,10,7,1,3,7,0,0,10,0,3,7,10
376288,10,7,2,3,7,0,0,10,0,3,7,10
376288,11,8,1,1,6,0,0,7,0,1,6,7
376288,11,8,2,1,6,0,0,7,0,1,6,7
376288,12,9,1,1,5,0,0,6,0,1,5,6
376288,12,9,2,1,5,0,0,6,0,1,5,6
376288,13,10,1,1,3,0,0,4,0,1,3,4
376288,13,10,2,1,3,0,0,4,0,1,3,4
376330,1,412,1,50,179,0,0,229,0,50,179,229
376330,1,112,2,50,179,0,0,229,0,50,179,229
376330,2,999,1,38,83,0,0,121,0,38,83,121
376330,2,999,2,38,83,0,0,121,0,38,83,121
376330,4,2,1,6,17,0,0,23,0,6,17,23
376330,4,2,2,6,17,0,0,23,0,6,17,23
376330,5,3,1,22,30,0,0,52,0,22,30,52
376330,5,3,2,22,30,0,0,52,0,22,30,52
376330,6,4,1,10,36,0,0,46,0,10,36,46
376330,6,4,2,10,36,0,0,46,0,10,36,46
376330,7,999,1,12,96,0,0,108,0,12,96,108
376330,7,999,2,12,96,0,0,108,0,12,96,108
376330,8,5,1,8,33,0,0,41,0,8,33,41
376330,8,5,2,8,33,0,0,41,0,8,33,41
376330,9,6,1,0,25,0,0,25,0,0,25,25
376330,9,6,2,0,25,0,0,25,0,0,25,25
376330,10,7,1,4,16,0,0,20,0,4,16,20
376330,10,7,2,4,16,0,0,20,0,4,16,20
376330,11,8,1,0,21,0,0,21,0,0,21,21
376330,11,8,2,0,21,0,0,21,0,0,21,21
376330,13,10,1,0,1,0,0,1,0,0,1,1
376330,13,10,2,0,1,0,0,1,0,0,1,1
376385,1,412,1,38,70,0,0,108,0,38,70,108
376385,1,112,2,38,70,0,0,108,0,38,70,108
376385,2,999,1,22,29,0,0,51,0,22,29,51
376385,2,999,2,22,29,0,0,51,0,22,29,51
376385,4,2,1,11,12,0,0,23,0,11,12,23
376385,4,2,2,11,12,0,0,23,0,11,12,23
376385,5,3,1,6,11,0,0,17,0,6,11,17
376385,5,3,2,6,11,0,0,17,0,6,11,17
376385,6,4,1,5,6,0,0,11,0,5,6,11
376385,6,4,2,5,6,0,0,11,0,5,6,11
376385,7,999,1,16,41,0,0,57,0,16,41,57
376385,7,999,2,16,41,0,0,57,0,16,41,57
376385,8,5,1,3,7,0,0,10,0,3,7,10
376385,8,5,2,3,7,0,0,10,0,3,7,10
376385,9,6,1,5,11,0,0,16,0,5,11,16
376385,9,6,2,5,11,0,0,16,0,5,11,16
376385,10,7,1,1,11,0,0,12,0,1,11,12
376385,10,7,2,1,11,0,0,12,0,1,11,12
376385,11,8,1,5,8,0,0,13,0,5,8,13
376385,11,8,2,5,8,0,0,13,0,5,8,13
376385,12,9,1,2,4,0,0,6,0,2,4,6
376385,12,9,2,2,4,0,0,6,0,2,4,6
376631,1,412,1,1,15,3,1,16,4,4,16,20
376631,1,112,2,1,15,3,1,16,4,4,16,20
376631,2,999,1,1,14,2,1,15,3,3,15,18
376631,2,999,2,1,14,2,1,15,3,3,15,18
376631,4,2,1,0,5,2,1,5,3,2,6,8
376631,4,2,2,0,5,2,1,5,3,2,6,8
376631,5,3,1,1,7,0,0,8,0,1,7,8
376631,5,3,2,1,7,0,0,8,0,1,7,8
376631,6,4,1,0,2,0,0,2,0,0,2,2
376631,6,4,2,0,2,0,0,2,0,0,2,2
376631,7,999,1,0,1,1,0,1,1,1,1,2
376631,7,999,2,0,1,1,0,1,1,1,1,2
376631,8,5,1,0,1,1,0,1,1,1,1,2
376631,8,5,2,0,1,1,0,1,1,1,1,2
377111,1,412,1,93,279,0,0,372,0,93,279,372
377111,1,112,2,93,279,0,0,372,0,93,279,372
377111,2,999,1,32,103,0,0,135,0,32,103,135
377111,2,999,2,32,103,0,0,135,0,32,103,135
377111,4,2,1,4,18,0,0,22,0,4,18,22
377111,4,2,2,4,18,0,0,22,0,4,18,22
377111,5,3,1,9,32,0,0,41,0,9,32,41
377111,5,3,2,9,32,0,0,41,0,9,32,41
377111,6,4,1,19,53,0,0,72,0,19,53,72
377111,6,4,2,19,53,0,0,72,0,19,53,72
377111,7,999,1,61,176,0,0,237,0,61,176,237
377111,7,999,2,61,176,0,0,237,0,61,176,237
377111,8,5,1,24,79,0,0,103,0,24,79,103
377111,8,5,2,24,79,0,0,103,0,24,79,103
377111,9,6,1,14,35,0,0,49,0,14,35,49
377111,9,6,2,14,35,0,0,49,0,14,35,49
377111,10,7,1,8,27,0,0,35,0,8,27,35
377111,10,7,2,8,27,0,0,35,0,8,27,35
377111,11,8,1,12,26,0,0,38,0,12,26,38
377111,11,8,2,12,26,0,0,38,0,12,26,38
377111,12,9,1,3,9,0,0,12,0,3,9,12
377111,12,9,2,3,9,0,0,12,0,3,9,12
377272,1,412,1,4,19,0,0,23,0,4,19,23
377272,1,112,2,4,19,0,0,23,0,4,19,23
377272,2,999,1,2,9,0,0,11,0,2,9,11
377272,2,999,2,2,9,0,0,11,0,2,9,11
377272,4,2,1,0,3,0,0,3,0,0,3,3
377272,4,2,2,0,3,0,0,3,0,0,3,3
377272,5,3,1,2,4,0,0,6,0,2,4,6
377272,5,3,2,2,4,0,0,6,0,2,4,6
377272,6,4,1,0,2,0,0,2,0,0,2,2
377272,6,4,2,0,2,0,0,2,0,0,2,2
377272,7,999,1,2,10,0,0,12,0,2,10,12
377272,7,999,2,2,10,0,0,12,0,2,10,12
377272,8,5,1,2,5,0,0,7,0,2,5,7
377272,8,5,2,2,5,0,0,7,0,2,5,7
377272,9,6,1,0,5,0,0,5,0,0,5,5
377272,9,6,2,0,5,0,0,5,0,0,5,5
377281,1,412,1,8,77,0,0,85,0,8,77,85
377281,1,112,2,8,77,0,0,85,0,8,77,85
377281,2,999,1,3,39,0,0,42,0,3,39,42
377281,2,999,2,3,39,0,0,42,0,3,39,42
377281,4,2,1,0,17,0,0,17,0,0,17,17
377281,4,2,2,0,17,0,0,17,0,0,17,17
377281,5,3,1,1,13,0,0,14,0,1,13,14
377281,5,3,2,1,13,0,0,14,0,1,13,14
377281,6,4,1,2,9,0,0,11,0,2,9,11
377281,6,4,2,2,9,0,0,11,0,2,9,11
377281,7,999,1,5,38,0,0,43,0,5,38,43
377281,7,999,2,5,38,0,0,43,0,5,38,43
377281,8,5,1,3,23,0,0,26,0,3,23,26
377281,8,5,2,3,23,0,0,26,0,3,23,26
377281,9,6,1,2,15,0,0,17,0,2,15,17
377281,9,6,2,2,15,0,0,17,0,2,15,17
377643,1,412,1,7,98,0,0,105,0,7,98,105
377643,1,112,2,7,98,0,0,105,0,7,98,105
377643,2,999,1,2,59,0,0,61,0,2,59,61
377643,2,999,2,2,59,0,0,61,0,2,59,61
377643,4,2,1,1,15,0,0,16,0,1,15,16
377643,4,2,2,1,15,0,0,16,0,1,15,16
377643,5,3,1,1,20,0,0,21,0,1,20,21
377643,5,3,2,1,20,0,0,21,0,1,20,21
377643,6,4,1,0,24,0,0,24,0,0,24,24
377643,6,4,2,0,24,0,0,24,0,0,24,24
377643,7,999,1,5,39,0,0,44,0,5,39,44
377643,7,999,2,5,39,0,0,44,0,5,39,44
377643,8,5,1,2,11,0,0,13,0,2,11,13
377643,8,5,2,2,11,0,0,13,0,2,11,13
377643,9,6,1,2,15,0,0,17,0,2,15,17
377643,9,6,2,2,15,0,0,17,0,2,15,17
377643,10,7,1,1,4,0,0,5,0,1,4,5
377643,10,7,2,1,4,0,0,5,0,1,4,5
377643,11,8,1,0,5,0,0,5,0,0,5,5
377643,11,8,2,0,5,0,0,5,0,0,5,5
377643,12,9,1,0,4,0,0,4,0,0,4,4
377643,12,9,2,0,4,0,0,4,0,0,4,4
377722,1,412,1,26,398,0,0,424,0,26,398,424
377722,1,112,2,26,398,0,0,424,0,26,398,424
377722,2,999,1,12,215,0,0,227,0,12,215,227
377722,2,999,2,12,215,0,0,227,0,12,215,227
377722,4,2,1,2,53,0,0,55,0,2,53,55
377722,4,2,2,2,53,0,0,55,0,2,53,55
377722,5,3,1,5,67,0,0,72,0,5,67,72
377722,5,3,2,5,67,0,0,72,0,5,67,72
377722,6,4,1,5,95,0,0,100,0,5,95,100
377722,6,4,2,5,95,0,0,100,0,5,95,100
377722,7,999,1,14,183,0,0,197,0,14,183,197
377722,7,999,2,14,183,0,0,197,0,14,183,197
377722,8,5,1,9,96,0,0,105,0,9,96,105
377722,8,5,2,9,96,0,0,105,0,9,96,105
377722,9,6,1,5,41,0,0,46,0,5,41,46
377722,9,6,2,5,41,0,0,46,0,5,41,46
377722,10,7,1,0,22,0,0,22,0,0,22,22
377722,10,7,2,0,22,0,0,22,0,0,22,22
377722,11,8,1,0,16,0,0,16,0,0,16,16
377722,11,8,2,0,16,0,0,16,0,0,16,16
377722,12,9,1,0,7,0,0,7,0,0,7,7
377722,12,9,2,0,7,0,0,7,0,0,7,7
377722,13,10,1,0,1,0,0,1,0,0,1,1
377722,13,10,2,0,1,0,0,1,0,0,1,1
378956,1,412,1,658,53,0,0,711,0,658,53,711
378956,1,112,2,658,53,0,0,711,0,658,53,711
378956,2,999,1,307,29,0,0,336,0,307,29,336
378956,2,999,2,307,29,0,0,336,0,307,29,336
378956,3,1,1,2,0,0,0,2,0,2,0,2
378956,3,1,2,2,0,0,0,2,0,2,0,2
378956,4,2,1,83,3,0,0,86,0,83,3,86
378956,4,2,2,83,3,0,0,86,0,83,3,86
378956,5,3,1,111,10,0,0,121,0,111,10,121
378956,5,3,2,111,10,0,0,121,0,111,10,121
378956,6,4,1,111,16,0,0,127,0,111,16,127
378956,6,4,2,111,16,0,0,127,0,111,16,127
378956,7,999,1,346,24,0,0,370,0,346,24,370
378956,7,999,2,346,24,0,0,370,0,346,24,370
378956,8,5,1,170,13,0,0,183,0,170,13,183
378956,8,5,2,170,13,0,0,183,0,170,13,183
378956,9,6,1,89,6,0,0,95,0,89,6,95
378956,9,6,2,89,6,0,0,95,0,89,6,95
378956,10,7,1,40,2,0,0,42,0,40,2,42
378956,10,7,2,40,2,0,0,42,0,40,2,42
378956,11,8,1,33,3,0,0,36,0,33,3,36
378956,11,8,2,33,3,0,0,36,0,33,3,36
378956,12,9,1,14,0,0,0,14,0,14,0,14
378956,12,9,2,14,0,0,0,14,0,14,0,14
378956,14,11,1,5,0,0,0,5,0,5,0,5
378956,14,11,2,5,0,0,0,5,0,5,0,5
379621,1,412,1,2,23,0,0,25,0,2,23,25
379621,1,112,2,2,23,0,0,25,0,2,23,25
379621,2,999,1,0,7,0,0,7,0,0,7,7
379621,2,999,2,0,7,0,0,7,0,0,7,7
379621,5,3,1,0,3,0,0,3,0,0,3,3
379621,5,3,2,0,3,0,0,3,0,0,3,3
379621,6,4,1,0,4,0,0,4,0,0,4,4
379621,6,4,2,0,4,0,0,4,0,0,4,4
379621,7,999,1,2,16,0,0,18,0,2,16,18
379621,7,999,2,2,16,0,0,18,0,2,16,18
379621,8,5,1,1,6,0,0,7,0,1,6,7
379621,8,5,2,1,6,0,0,7,0,1,6,7
379621,9,6,1,0,3,0,0,3,0,0,3,3
379621,9,6,2,0,3,0,0,3,0,0,3,3
379621,10,7,1,0,3,0,0,3,0,0,3,3
379621,10,7,2,0,3,0,0,3,0,0,3,3
379621,11,8,1,1,4,0,0,5,0,1,4,5
379621,11,8,2,1,4,0,0,5,0,1,4,5
380359,1,412,1,32,130,51,225,162,276,83,355,438
380359,1,112,2,32,130,51,225,162,276,83,355,438
380359,2,999,1,16,52,31,67,68,98,47,119,166
380359,2,999,2,16,52,31,67,68,98,47,119,166
380359,3,1,1,0,0,3,9,0,12,3,9,12
380359,3,1,2,0,0,3,9,0,12,3,9,12
380359,4,2,1,6,12,10,11,18,21,16,23,39
380359,4,2,2,6,12,10,11,18,21,16,23,39
380359,5,3,1,4,14,6,21,18,27,10,35,45
380359,5,3,2,4,14,6,21,18,27,10,35,45
380359,6,4,1,6,26,12,26,32,38,18,52,70
380359,6,4,2,6,26,12,26,32,38,18,52,70
380359,7,999,1,16,78,20,158,94,178,36,236,272
380359,7,999,2,16,78,20,158,94,178,36,236,272
380359,8,5,1,5,15,5,34,20,39,10,49,59
380359,8,5,2,5,15,5,34,20,39,10,49,59
380359,9,6,1,5,17,4,27,22,31,9,44,53
380359,9,6,2,5,17,4,27,22,31,9,44,53
380359,10,7,1,2,19,2,22,21,24,4,41,45
380359,10,7,2,2,19,2,22,21,24,4,41,45
380359,11,8,1,4,19,2,30,23,32,6,49,55
380359,11,8,2,4,19,2,30,23,32,6,49,55
380359,12,9,1,0,6,6,39,6,45,6,45,51
380359,12,9,2,0,6,6,39,6,45,6,45,51
380359,13,10,1,0,2,1,6,2,7,1,8,9
380359,13,10,2,0,2,1,6,2,7,1,8,9
380465,1,412,1,16,18,0,0,34,0,16,18,34
380465,1,112,2,7,4,0,0,11,0,7,4,11
380465,1,312,5,9,14,0,0,23,0,9,14,23
380465,2,999,1,1,0,0,0,1,0,1,0,1
380465,2,999,2,1,0,0,0,1,0,1,0,1
380465,6,4,1,1,0,0,0,1,0,1,0,1
380465,6,4,2,1,0,0,0,1,0,1,0,1
380465,7,999,1,15,18,0,0,33,0,15,18,33
380465,7,999,2,6,4,0,0,10,0,6,4,10
380465,7,999,5,9,14,0,0,23,0,9,14,23
380465,8,5,1,4,4,0,0,8,0,4,4,8
380465,8,5,2,1,1,0,0,2,0,1,1,2
380465,8,5,5,3,3,0,0,6,0,3,3,6
380465,9,6,1,0,5,0,0,5,0,0,5,5
380465,9,6,2,0,1,0,0,1,0,0,1,1
380465,9,6,5,0,4,0,0,4,0,0,4,4
380465,10,7,1,3,0,0,0,3,0,3,0,3
380465,10,7,2,1,0,0,0,1,0,1,0,1
380465,10,7,5,2,0,0,0,2,0,2,0,2
380465,11,8,1,5,6,0,0,11,0,5,6,11
380465,11,8,2,2,2,0,0,4,0,2,2,4
380465,11,8,5,3,4,0,0,7,0,3,4,7
380465,12,9,1,3,3,0,0,6,0,3,3,6
380465,12,9,2,2,0,0,0,2,0,2,0,2
380465,12,9,5,1,3,0,0,4,0,1,3,4
382258,1,412,1,9,44,14,18,53,32,23,62,85
382258,1,112,2,9,44,14,18,53,32,23,62,85
382258,2,999,1,3,17,9,4,20,13,12,21,33
382258,2,999,2,3,17,9,4,20,13,12,21,33
382258,4,2,1,2,5,3,1,7,4,5,6,11
382258,4,2,2,2,5,3,1,7,4,5,6,11
382258,5,3,1,0,6,1,2,6,3,1,8,9
382258,5,3,2,0,6,1,2,6,3,1,8,9
382258,6,4,1,1,6,5,1,7,6,6,7,13
382258,6,4,2,1,6,5,1,7,6,6,7,13
382258,7,999,1,6,27,5,14,33,19,11,41,52
382258,7,999,2,6,27,5,14,33,19,11,41,52
382258,8,5,1,0,8,4,4,8,8,4,12,16
382258,8,5,2,0,8,4,4,8,8,4,12,16
382258,9,6,1,2,5,1,2,7,3,3,7,10
382258,9,6,2,2,5,1,2,7,3,3,7,10
382258,10,7,1,2,7,0,2,9,2,2,9,11
382258,10,7,2,2,7,0,2,9,2,2,9,11
382258,11,8,1,2,6,0,3,8,3,2,9,11
382258,11,8,2,2,6,0,3,8,3,2,9,11
382258,12,9,1,0,1,0,3,1,3,0,4,4
382258,12,9,2,0,1,0,3,1,3,0,4,4
383190,1,412,1,448,502,474,1006,950,1480,922,1508,2430
383190,1,112,2,448,502,474,1006,950,1480,922,1508,2430
383190,2,999,1,332,354,306,588,686,894,638,942,1580
383190,2,999,2,332,354,306,588,686,894,638,942,1580
383190,3,1,1,33,33,121,260,66,381,154,293,447
383190,3,1,2,33,33,121,260,66,381,154,293,447
383190,4,2,1,182,188,84,127,370,211,266,315,581
383190,4,2,2,182,188,84,127,370,211,266,315,581
383190,5,3,1,88,81,52,109,169,161,140,190,330
383190,5,3,2,88,81,52,109,169,161,140,190,330
383190,6,4,1,29,52,49,92,81,141,78,144,222
383190,6,4,2,29,52,49,92,81,141,78,144,222
383190,7,999,1,116,148,168,418,264,586,284,566,850
383190,7,999,2,116,148,168,418,264,586,284,566,850
383190,8,5,1,42,54,55,100,96,155,97,154,251
383190,8,5,2,42,54,55,100,96,155,97,154,251
383190,9,6,1,21,37,42,127,58,169,63,164,227
383190,9,6,2,21,37,42,127,58,169,63,164,227
383190,10,7,1,16,26,23,63,42,86,39,89,128
383190,10,7,2,16,26,23,63,42,86,39,89,128
383190,11,8,1,23,22,23,63,45,86,46,85,131
383190,11,8,2,23,22,23,63,45,86,46,85,131
383190,12,9,1,12,9,19,48,21,67,31,57,88
383190,12,9,2,12,9,19,48,21,67,31,57,88
383190,13,10,1,2,0,6,17,2,23,8,17,25
383190,13,10,2,2,0,6,17,2,23,8,17,25
383312,1,412,1,25,50,0,0,75,0,25,50,75
383312,1,112,2,25,50,0,0,75,0,25,50,75
383312,2,999,1,16,33,0,0,49,0,16,33,49
383312,2,999,2,16,33,0,0,49,0,16,33,49
383312,4,2,1,11,21,0,0,32,0,11,21,32
383312,4,2,2,11,21,0,0,32,0,11,21,32
383312,5,3,1,3,7,0,0,10,0,3,7,10
383312,5,3,2,3,7,0,0,10,0,3,7,10
383312,6,4,1,2,5,0,0,7,0,2,5,7
383312,6,4,2,2,5,0,0,7,0,2,5,7
383312,7,999,1,9,14,0,0,23,0,9,14,23
383312,7,999,2,9,14,0,0,23,0,9,14,23
383312,8,5,1,5,6,0,0,11,0,5,6,11
383312,8,5,2,5,6,0,0,11,0,5,6,11
383312,9,6,1,2,1,0,0,3,0,2,1,3
383312,9,6,2,2,1,0,0,3,0,2,1,3
383312,10,7,1,0,3,0,0,3,0,0,3,3
383312,10,7,2,0,3,0,0,3,0,0,3,3
383312,11,8,1,2,2,0,0,4,0,2,2,4
383312,11,8,2,2,2,0,0,4,0,2,2,4
383312,12,9,1,0,2,0,0,2,0,0,2,2
383312,12,9,2,0,2,0,0,2,0,0,2,2
383312,14,11,1,0,3,0,0,3,0,0,3,3
383312,14,11,2,0,3,0,0,3,0,0,3,3
383765,1,412,1,0,92,1,43,92,44,1,135,136
383765,1,112,2,0,92,1,43,92,44,1,135,136
383765,2,999,1,0,46,0,17,46,17,0,63,63
383765,2,999,2,0,46,0,17,46,17,0,63,63
383765,4,2,1,0,12,0,2,12,2,0,14,14
383765,4,2,2,0,12,0,2,12,2,0,14,14
383765,5,3,1,0,22,0,5,22,5,0,27,27
383765,5,3,2,0,22,0,5,22,5,0,27,27
383765,6,4,1,0,12,0,10,12,10,0,22,22
383765,6,4,2,0,12,0,10,12,10,0,22,22
383765,7,999,1,0,46,1,26,46,27,1,72,73
383765,7,999,2,0,46,1,26,46,27,1,72,73
383765,8,5,1,0,18,0,12,18,12,0,30,30
383765,8,5,2,0,18,0,12,18,12,0,30,30
383765,9,6,1,0,15,1,6,15,7,1,21,22
383765,9,6,2,0,15,1,6,15,7,1,21,22
383765,10,7,1,0,11,0,4,11,4,0,15,15
383765,10,7,2,0,11,0,4,11,4,0,15,15
383765,11,8,1,0,2,0,2,2,2,0,4,4
383765,11,8,2,0,2,0,2,2,2,0,4,4
383765,12,9,1,0,0,0,2,0,2,0,2,2
383765,12,9,2,0,0,0,2,0,2,0,2,2
383996,1,412,1,74,91,167,221,165,388,241,312,553
383996,1,112,2,74,91,167,221,165,388,241,312,553
383996,2,999,1,47,53,114,144,100,258,161,197,358
383996,2,999,2,47,53,114,144,100,258,161,197,358
383996,3,1,1,4,7,79,104,11,183,83,111,194
383996,3,1,2,4,7,79,104,11,183,83,111,194
383996,4,2,1,26,33,24,16,59,40,50,49,99
383996,4,2,2,26,33,24,16,59,40,50,49,99
383996,5,3,1,12,4,3,14,16,17,15,18,33
383996,5,3,2,12,4,3,14,16,17,15,18,33
383996,6,4,1,5,9,8,10,14,18,13,19,32
383996,6,4,2,5,9,8,10,14,18,13,19,32
383996,7,999,1,27,38,52,77,65,129,79,115,194
383996,7,999,2,27,38,52,77,65,129,79,115,194
383996,8,5,1,5,14,11,19,19,30,16,33,49
383996,8,5,2,5,14,11,19,19,30,16,33,49
383996,9,6,1,10,7,13,19,17,32,23,26,49
383996,9,6,2,10,7,13,19,17,32,23,26,49
383996,10,7,1,7,7,6,13,14,19,13,20,33
383996,10,7,2,7,7,6,13,14,19,13,20,33
383996,11,8,1,4,9,10,13,13,23,14,22,36
383996,11,8,2,4,9,10,13,13,23,14,22,36
383996,12,9,1,1,1,12,13,2,25,13,14,27
383996,12,9,2,1,1,12,13,2,25,13,14,27
383996,14,11,1,0,0,1,0,0,1,1,0,1
383996,14,11,2,0,0,1,0,0,1,1,0,1
384254,1,412,1,263,152,8,4,415,12,271,156,427
384254,1,112,2,263,152,8,4,415,12,271,156,427
384254,2,999,1,241,139,5,3,380,8,246,142,388
384254,2,999,2,241,139,5,3,380,8,246,142,388
384254,3,1,1,0,2,0,0,2,0,0,2,2
384254,3,1,2,0,2,0,0,2,0,0,2,2
384254,4,2,1,65,49,0,0,114,0,65,49,114
384254,4,2,2,65,49,0,0,114,0,65,49,114
384254,5,3,1,105,55,0,3,160,3,105,58,163
384254,5,3,2,105,55,0,3,160,3,105,58,163
384254,6,4,1,71,33,5,0,104,5,76,33,109
384254,6,4,2,71,33,5,0,104,5,76,33,109
384254,7,999,1,22,13,2,1,35,3,24,14,38
384254,7,999,2,22,13,2,1,35,3,24,14,38
384254,8,5,1,18,13,1,1,31,2,19,14,33
384254,8,5,2,18,13,1,1,31,2,19,14,33
384254,9,6,1,2,0,1,0,2,1,3,0,3
384254,9,6,2,2,0,1,0,2,1,3,0,3
384254,11,8,1,2,0,0,0,2,0,2,0,2
384254,11,8,2,2,0,0,0,2,0,2,0,2
384254,14,11,1,0,0,1,0,0,1,1,0,1
384254,14,11,2,0,0,1,0,0,1,1,0,1
384333,1,412,1,986,1695,2196,3891,2681,6087,3182,5586,8768
384333,1,112,2,986,1695,2196,3891,2681,6087,3182,5586,8768
384333,2,999,1,842,1449,1681,2628,2291,4309,2523,4077,6600
384333,2,999,2,842,1449,1681,2628,2291,4309,2523,4077,6600
384333,3,1,1,49,101,466,796,150,1262,515,897,1412
384333,3,1,2,49,101,466,796,150,1262,515,897,1412
384333,4,2,1,493,823,424,654,1316,1078,917,1477,2394
384333,4,2,2,493,823,424,654,1316,1078,917,1477,2394
384333,5,3,1,213,356,454,656,569,1110,667,1012,1679
384333,5,3,2,213,356,454,656,569,1110,667,1012,1679
384333,6,4,1,87,169,337,522,256,859,424,691,1115
384333,6,4,2,87,169,337,522,256,859,424,691,1115
384333,7,999,1,144,246,514,1263,390,1777,658,1509,2167
384333,7,999,2,144,246,514,1263,390,1777,658,1509,2167
384333,8,5,1,67,109,231,470,176,701,298,579,877
384333,8,5,2,67,109,231,470,176,701,298,579,877
384333,9,6,1,45,67,116,312,112,428,161,379,540
384333,9,6,2,45,67,116,312,112,428,161,379,540
384333,10,7,1,14,32,66,213,46,279,80,245,325
384333,10,7,2,14,32,66,213,46,279,80,245,325
384333,11,8,1,10,28,71,185,38,256,81,213,294
384333,11,8,2,10,28,71,185,38,256,81,213,294
384333,12,9,1,7,10,23,74,17,97,30,84,114
384333,12,9,2,7,10,23,74,17,97,30,84,114
384333,13,10,1,1,0,7,9,1,16,8,9,17
384333,13,10,2,1,0,7,9,1,16,8,9,17
384333,14,11,1,0,0,1,0,0,1,1,0,1
384333,14,11,2,0,0,1,0,0,1,1,0,1
384342,1,412,1,718,896,1158,1713,1614,2871,1876,2609,4485
384342,1,112,2,718,896,1158,1713,1614,2871,1876,2609,4485
384342,2,999,1,637,750,917,1195,1387,2112,1554,1945,3499
384342,2,999,2,637,750,917,1195,1387,2112,1554,1945,3499
384342,3,1,1,8,12,321,462,20,783,329,474,803
384342,3,1,2,8,12,321,462,20,783,329,474,803
384342,4,2,1,365,490,223,273,855,496,588,763,1351
384342,4,2,2,365,490,223,273,855,496,588,763,1351
384342,5,3,1,203,181,208,251,384,459,411,432,843
384342,5,3,2,203,181,208,251,384,459,411,432,843
384342,6,4,1,61,67,165,209,128,374,226,276,502
384342,6,4,2,61,67,165,209,128,374,226,276,502
384342,7,999,1,81,146,241,518,227,759,322,664,986
384342,7,999,2,81,146,241,518,227,759,322,664,986
384342,8,5,1,35,65,85,177,100,262,120,242,362
384342,8,5,2,35,65,85,177,100,262,120,242,362
384342,9,6,1,18,22,59,112,40,171,77,134,211
384342,9,6,2,18,22,59,112,40,171,77,134,211
384342,10,7,1,16,27,32,83,43,115,48,110,158
384342,10,7,2,16,27,32,83,43,115,48,110,158
384342,11,8,1,10,26,36,104,36,140,46,130,176
384342,11,8,2,10,26,36,104,36,140,46,130,176
384342,12,9,1,1,6,20,32,7,52,21,38,59
384342,12,9,2,1,6,20,32,7,52,21,38,59
384342,13,10,1,1,0,9,10,1,19,10,10,20
384342,13,10,2,1,0,9,10,1,19,10,10,20
385415,1,412,1,479,560,4,5,1039,9,483,565,1048
385415,1,312,5,479,560,4,5,1039,9,483,565,1048
385415,2,999,1,225,307,0,0,532,0,225,307,532
385415,2,999,5,225,307,0,0,532,0,225,307,532
385415,4,2,1,1,0,0,0,1,0,1,0,1
385415,4,2,5,1,0,0,0,1,0,1,0,1
385415,5,3,1,16,42,0,0,58,0,16,42,58
385415,5,3,5,16,42,0,0,58,0,16,42,58
385415,6,4,1,208,265,0,0,473,0,208,265,473
385415,6,4,5,208,265,0,0,473,0,208,265,473
385415,7,999,1,254,252,4,5,506,9,258,257,515
385415,7,999,5,254,252,4,5,506,9,258,257,515
385415,8,5,1,206,194,0,1,400,1,206,195,401
385415,8,5,5,206,194,0,1,400,1,206,195,401
385415,9,6,1,40,42,0,0,82,0,40,42,82
385415,9,6,5,40,42,0,0,82,0,40,42,82
385415,10,7,1,6,14,0,0,20,0,6,14,20
385415,10,7,5,6,14,0,0,20,0,6,14,20
385415,11,8,1,2,2,0,0,4,0,2,2,4
385415,11,8,5,2,2,0,0,4,0,2,2,4
385415,12,9,1,0,0,4,4,0,8,4,4,8
385415,12,9,5,0,0,4,4,0,8,4,4,8
385415,14,11,1,0,1,0,0,1,0,0,1,1
385415,14,11,5,0,1,0,0,1,0,0,1,1
393861,1,412,1,77,322,1,20,399,21,78,342,420
393861,1,112,2,77,322,1,20,399,21,78,342,420
393861,2,999,1,13,52,1,2,65,3,14,54,68
393861,2,999,2,13,52,1,2,65,3,14,54,68
393861,3,1,1,0,1,0,0,1,0,0,1,1
393861,3,1,2,0,1,0,0,1,0,0,1,1
393861,4,2,1,1,7,0,2,8,2,1,9,10
393861,4,2,2,1,7,0,2,8,2,1,9,10
393861,5,3,1,7,15,1,0,22,1,8,15,23
393861,5,3,2,7,15,1,0,22,1,8,15,23
393861,6,4,1,5,29,0,0,34,0,5,29,34
393861,6,4,2,5,29,0,0,34,0,5,29,34
393861,7,999,1,64,270,0,18,334,18,64,288,352
393861,7,999,2,64,270,0,18,334,18,64,288,352
393861,8,5,1,11,56,0,9,67,9,11,65,76
393861,8,5,2,11,56,0,9,67,9,11,65,76
393861,9,6,1,17,60,0,5,77,5,17,65,82
393861,9,6,2,17,60,0,5,77,5,17,65,82
393861,10,7,1,10,60,0,1,70,1,10,61,71
393861,10,7,2,10,60,0,1,70,1,10,61,71
393861,11,8,1,19,68,0,2,87,2,19,70,89
393861,11,8,2,19,68,0,2,87,2,19,70,89
393861,12,9,1,7,25,0,1,32,1,7,26,33
393861,12,9,2,7,25,0,1,32,1,7,26,33
393861,13,10,1,0,1,0,0,1,0,0,1,1
393861,13,10,2,0,1,0,0,1,0,0,1,1
399911,1,412,1,136,267,0,0,403,0,136,267,403
399911,1,112,2,133,259,0,0,392,0,133,259,392
399911,1,312,5,3,8,0,0,11,0,3,8,11
399911,2,999,1,131,261,0,0,392,0,131,261,392
399911,2,999,2,131,259,0,0,390,0,131,259,390
399911,2,999,5,0,2,0,0,2,0,0,2,2
399911,3,1,1,5,3,0,0,8,0,5,3,8
399911,3,1,2,5,3,0,0,8,0,5,3,8
399911,4,2,1,42,98,0,0,140,0,42,98,140
399911,4,2,2,42,98,0,0,140,0,42,98,140
399911,5,3,1,63,129,0,0,192,0,63,129,192
399911,5,3,2,63,129,0,0,192,0,63,129,192
399911,6,4,1,21,31,0,0,52,0,21,31,52
399911,6,4,2,21,29,0,0,50,0,21,29,50
399911,6,4,5,0,2,0,0,2,0,0,2,2
399911,7,999,1,5,6,0,0,11,0,5,6,11
399911,7,999,2,2,0,0,0,2,0,2,0,2
399911,7,999,5,3,6,0,0,9,0,3,6,9
399911,8,5,1,5,3,0,0,8,0,5,3,8
399911,8,5,2,2,0,0,0,2,0,2,0,2
399911,8,5,5,3,3,0,0,6,0,3,3,6
399911,9,6,1,0,1,0,0,1,0,0,1,1
399911,9,6,5,0,1,0,0,1,0,0,1,1
399911,10,7,1,0,1,0,0,1,0,0,1,1
399911,10,7,5,0,1,0,0,1,0,0,1,1
399911,11,8,1,0,1,0,0,1,0,0,1,1
399911,11,8,5,0,1,0,0,1,0,0,1,1
400187,1,412,1,34,260,11,159,294,170,45,419,464
400187,1,112,2,34,260,11,159,294,170,45,419,464
400187,2,999,1,4,71,2,52,75,54,6,123,129
400187,2,999,2,4,71,2,52,75,54,6,123,129
400187,3,1,1,0,1,0,1,1,1,0,2,2
400187,3,1,2,0,1,0,1,1,1,0,2,2
400187,4,2,1,0,16,1,6,16,7,1,22,23
400187,4,2,2,0,16,1,6,16,7,1,22,23
400187,5,3,1,1,19,0,13,20,13,1,32,33
400187,5,3,2,1,19,0,13,20,13,1,32,33
400187,6,4,1,3,35,1,32,38,33,4,67,71
400187,6,4,2,3,35,1,32,38,33,4,67,71
400187,7,999,1,30,189,9,107,219,116,39,296,335
400187,7,999,2,30,189,9,107,219,116,39,296,335
400187,8,5,1,2,51,1,36,53,37,3,87,90
400187,8,5,2,2,51,1,36,53,37,3,87,90
400187,9,6,1,7,37,1,25,44,26,8,62,70
400187,9,6,2,7,37,1,25,44,26,8,62,70
400187,10,7,1,7,29,2,18,36,20,9,47,56
400187,10,7,2,7,29,2,18,36,20,9,47,56
400187,11,8,1,9,45,3,19,54,22,12,64,76
400187,11,8,2,9,45,3,19,54,22,12,64,76
400187,12,9,1,5,27,2,9,32,11,7,36,43
400187,12,9,2,5,27,2,9,32,11,7,36,43
403469,1,412,1,126,140,399,597,266,996,525,737,1262
403469,1,112,2,126,140,399,597,266,996,525,737,1262
403469,2,999,1,121,117,261,345,238,606,382,462,844
403469,2,999,2,121,117,261,345,238,606,382,462,844
403469,3,1,1,3,14,175,247,17,422,178,261,439
403469,3,1,2,3,14,175,247,17,422,178,261,439
403469,4,2,1,76,70,61,55,146,116,137,125,262
403469,4,2,2,76,70,61,55,146,116,137,125,262
403469,5,3,1,39,20,17,27,59,44,56,47,103
403469,5,3,2,39,20,17,27,59,44,56,47,103
403469,6,4,1,3,13,8,16,16,24,11,29,40
403469,6,4,2,3,13,8,16,16,24,11,29,40
403469,7,999,1,5,23,138,252,28,390,143,275,418
403469,7,999,2,5,23,138,252,28,390,143,275,418
403469,8,5,1,3,10,19,49,13,68,22,59,81
403469,8,5,2,3,10,19,49,13,68,22,59,81
403469,9,6,1,0,5,20,35,5,55,20,40,60
403469,9,6,2,0,5,20,35,5,55,20,40,60
403469,10,7,1,1,5,18,38,6,56,19,43,62
403469,10,7,2,1,5,18,38,6,56,19,43,62
403469,11,8,1,0,2,36,52,2,88,36,54,90
403469,11,8,2,0,2,36,52,2,88,36,54,90
403469,12,9,1,1,1,36,70,2,106,37,71,108
403469,12,9,2,1,1,36,70,2,106,37,71,108
403469,13,10,1,0,0,9,8,0,17,9,8,17
403469,13,10,2,0,0,9,8,0,17,9,8,17
403478,1,412,1,162,231,126,204,393,330,288,435,723
403478,1,112,2,162,231,126,204,393,330,288,435,723
403478,2,999,1,148,180,101,142,328,243,249,322,571
403478,2,999,2,148,180,101,142,328,243,249,322,571
403478,3,1,1,5,16,71,96,21,167,76,112,188
403478,3,1,2,5,16,71,96,21,167,76,112,188
403478,4,2,1,105,125,18,30,230,48,123,155,278
403478,4,2,2,105,125,18,30,230,48,123,155,278
403478,5,3,1,32,25,10,3,57,13,42,28,70
403478,5,3,2,32,25,10,3,57,13,42,28,70
403478,6,4,1,6,14,2,13,20,15,8,27,35
403478,6,4,2,6,14,2,13,20,15,8,27,35
403478,7,999,1,14,51,25,62,65,87,39,113,152
403478,7,999,2,14,51,25,62,65,87,39,113,152
403478,8,5,1,4,14,6,16,18,22,10,30,40
403478,8,5,2,4,14,6,16,18,22,10,30,40
403478,9,6,1,6,14,6,12,20,18,12,26,38
403478,9,6,2,6,14,6,12,20,18,12,26,38
403478,10,7,1,2,8,3,5,10,8,5,13,18
403478,10,7,2,2,8,3,5,10,8,5,13,18
403478,11,8,1,2,12,5,15,14,20,7,27,34
403478,11,8,2,2,12,5,15,14,20,7,27,34
403478,12,9,1,0,3,3,11,3,14,3,14,17
403478,12,9,2,0,3,3,11,3,14,3,14,17
403478,13,10,1,0,0,2,3,0,5,2,3,5
403478,13,10,2,0,0,2,3,0,5,2,3,5
403487,1,412,1,202,230,1334,456,432,1790,1536,686,2222
403487,1,112,2,202,230,1334,456,432,1790,1536,686,2222
403487,2,999,1,190,196,180,168,386,348,370,364,734
403487,2,999,2,190,196,180,168,386,348,370,364,734
403487,3,1,1,3,8,70,82,11,152,73,90,163
403487,3,1,2,3,8,70,82,11,152,73,90,163
403487,4,2,1,146,158,33,32,304,65,179,190,369
403487,4,2,2,146,158,33,32,304,65,179,190,369
403487,5,3,1,35,20,35,20,55,55,70,40,110
403487,5,3,2,35,20,35,20,55,55,70,40,110
403487,6,4,1,6,10,42,34,16,76,48,44,92
403487,6,4,2,6,10,42,34,16,76,48,44,92
403487,7,999,1,12,34,1154,288,46,1442,1166,322,1488
403487,7,999,2,12,34,1154,288,46,1442,1166,322,1488
403487,8,5,1,5,13,108,37,18,145,113,50,163
403487,8,5,2,5,13,108,37,18,145,113,50,163
403487,9,6,1,2,8,156,37,10,193,158,45,203
403487,9,6,2,2,8,156,37,10,193,158,45,203
403487,10,7,1,2,8,192,31,10,223,194,39,233
403487,10,7,2,2,8,192,31,10,223,194,39,233
403487,11,8,1,1,4,338,66,5,404,339,70,409
403487,11,8,2,1,4,338,66,5,404,339,70,409
403487,12,9,1,2,1,334,109,3,443,336,110,446
403487,12,9,2,2,1,334,109,3,443,336,110,446
403487,13,10,1,0,0,26,8,0,34,26,8,34
403487,13,10,2,0,0,26,8,0,34,26,8,34
404426,1,412,1,443,436,1029,1381,879,2410,1472,1817,3289
404426,1,112,2,443,436,1029,1381,879,2410,1472,1817,3289
404426,2,999,1,333,338,780,989,671,1769,1113,1327,2440
404426,2,999,2,333,338,780,989,671,1769,1113,1327,2440
404426,3,1,1,5,21,269,391,26,660,274,412,686
404426,3,1,2,5,21,269,391,26,660,274,412,686
404426,4,2,1,182,200,287,321,382,608,469,521,990
404426,4,2,2,182,200,287,321,382,608,469,521,990
404426,5,3,1,111,88,131,154,199,285,242,242,484
404426,5,3,2,111,88,131,154,199,285,242,242,484
404426,6,4,1,35,29,93,123,64,216,128,152,280
404426,6,4,2,35,29,93,123,64,216,128,152,280
404426,7,999,1,110,98,249,392,208,641,359,490,849
404426,7,999,2,110,98,249,392,208,641,359,490,849
404426,8,5,1,74,49,113,181,123,294,187,230,417
404426,8,5,2,74,49,113,181,123,294,187,230,417
404426,9,6,1,15,25,54,97,40,151,69,122,191
404426,9,6,2,15,25,54,97,40,151,69,122,191
404426,10,7,1,12,7,40,45,19,85,52,52,104
404426,10,7,2,12,7,40,45,19,85,52,52,104
404426,11,8,1,6,13,29,44,19,73,35,57,92
404426,11,8,2,6,13,29,44,19,73,35,57,92
404426,12,9,1,3,4,12,21,7,33,15,25,40
404426,12,9,2,3,4,12,21,7,33,15,25,40
404426,13,10,1,0,0,1,4,0,5,1,4,5
404426,13,10,2,0,0,1,4,0,5,1,4,5
404684,1,412,1,87,202,0,0,289,0,87,202,289
404684,1,112,2,87,202,0,0,289,0,87,202,289
404684,2,999,1,76,152,0,0,228,0,76,152,228
404684,2,999,2,76,152,0,0,228,0,76,152,228
404684,3,1,1,4,3,0,0,7,0,4,3,7
404684,3,1,2,4,3,0,0,7,0,4,3,7
404684,4,2,1,41,62,0,0,103,0,41,62,103
404684,4,2,2,41,62,0,0,103,0,41,62,103
404684,5,3,1,23,60,0,0,83,0,23,60,83
404684,5,3,2,23,60,0,0,83,0,23,60,83
404684,6,4,1,8,27,0,0,35,0,8,27,35
404684,6,4,2,8,27,0,0,35,0,8,27,35
404684,7,999,1,11,50,0,0,61,0,11,50,61
404684,7,999,2,11,50,0,0,61,0,11,50,61
404684,8,5,1,8,18,0,0,26,0,8,18,26
404684,8,5,2,8,18,0,0,26,0,8,18,26
404684,9,6,1,2,13,0,0,15,0,2,13,15
404684,9,6,2,2,13,0,0,15,0,2,13,15
404684,10,7,1,1,8,0,0,9,0,1,8,9
404684,10,7,2,1,8,0,0,9,0,1,8,9
404684,11,8,1,0,10,0,0,10,0,0,10,10
404684,11,8,2,0,10,0,0,10,0,0,10,10
404684,12,9,1,0,1,0,0,1,0,0,1,1
404684,12,9,2,0,1,0,0,1,0,0,1,1
404994,1,412,1,906,1674,79,306,2580,385,985,1980,2965
404994,1,112,2,906,1674,79,306,2580,385,985,1980,2965
404994,2,999,1,571,446,31,50,1017,81,602,496,1098
404994,2,999,2,571,446,31,50,1017,81,602,496,1098
404994,3,1,1,0,2,0,0,2,0,0,2,2
404994,3,1,2,0,2,0,0,2,0,0,2,2
404994,4,2,1,210,64,1,4,274,5,211,68,279
404994,4,2,2,210,64,1,4,274,5,211,68,279
404994,5,3,1,228,134,16,11,362,27,244,145,389
404994,5,3,2,228,134,16,11,362,27,244,145,389
404994,6,4,1,133,246,14,35,379,49,147,281,428
404994,6,4,2,133,246,14,35,379,49,147,281,428
404994,7,999,1,335,1228,48,254,1563,302,383,1482,1865
404994,7,999,2,335,1228,48,254,1563,302,383,1482,1865
404994,8,5,1,140,435,15,77,575,92,155,512,667
404994,8,5,2,140,435,15,77,575,92,155,512,667
404994,9,6,1,102,330,14,61,432,75,116,391,507
404994,9,6,2,102,330,14,61,432,75,116,391,507
404994,10,7,1,36,206,7,45,242,52,43,251,294
404994,10,7,2,36,206,7,45,242,52,43,251,294
404994,11,8,1,43,201,8,53,244,61,51,254,305
404994,11,8,2,43,201,8,53,244,61,51,254,305
404994,12,9,1,14,53,4,18,67,22,18,71,89
404994,12,9,2,14,53,4,18,67,22,18,71,89
404994,13,10,1,0,3,0,0,3,0,0,3,3
404994,13,10,2,0,3,0,0,3,0,0,3,3
404994,14,11,1,0,0,0,2,0,2,0,2,2
404994,14,11,2,0,0,0,2,0,2,0,2,2
405872,1,412,1,471,538,678,1373,1009,2051,1149,1911,3060
405872,1,112,2,471,538,678,1373,1009,2051,1149,1911,3060
405872,2,999,1,423,489,525,974,912,1499,948,1463,2411
405872,2,999,2,423,489,525,974,912,1499,948,1463,2411
405872,3,1,1,11,18,196,423,29,619,207,441,648
405872,3,1,2,11,18,196,423,29,619,207,441,648
405872,4,2,1,292,367,126,192,659,318,418,559,977
405872,4,2,2,292,367,126,192,659,318,418,559,977
405872,5,3,1,104,77,125,187,181,312,229,264,493
405872,5,3,2,104,77,125,187,181,312,229,264,493
405872,6,4,1,16,27,78,172,43,250,94,199,293
405872,6,4,2,16,27,78,172,43,250,94,199,293
405872,7,999,1,48,49,153,399,97,552,201,448,649
405872,7,999,2,48,49,153,399,97,552,201,448,649
405872,8,5,1,26,23,68,139,49,207,94,162,256
405872,8,5,2,26,23,68,139,49,207,94,162,256
405872,9,6,1,10,12,31,85,22,116,41,97,138
405872,9,6,2,10,12,31,85,22,116,41,97,138
405872,10,7,1,6,6,18,64,12,82,24,70,94
405872,10,7,2,6,6,18,64,12,82,24,70,94
405872,11,8,1,5,6,23,65,11,88,28,71,99
405872,11,8,2,5,6,23,65,11,88,28,71,99
405872,12,9,1,1,2,11,41,3,52,12,43,55
405872,12,9,2,1,2,11,41,3,52,12,43,55
405872,13,10,1,0,0,2,5,0,7,2,5,7
405872,13,10,2,0,0,2,5,0,7,2,5,7
405997,1,412,1,7,6,0,0,13,0,7,6,13
405997,1,112,2,7,6,0,0,13,0,7,6,13
405997,7,999,1,7,6,0,0,13,0,7,6,13
405997,7,999,2,7,6,0,0,13,0,7,6,13
405997,8,5,1,2,0,0,0,2,0,2,0,2
405997,8,5,2,2,0,0,0,2,0,2,0,2
405997,9,6,1,3,2,0,0,5,0,3,2,5
405997,9,6,2,3,2,0,0,5,0,3,2,5
405997,10,7,1,2,3,0,0,5,0,2,3,5
405997,10,7,2,2,3,0,0,5,0,2,3,5
405997,11,8,1,0,1,0,0,1,0,0,1,1
405997,11,8,2,0,1,0,0,1,0,0,1,1
406361,1,412,1,2,17,0,0,19,0,2,17,19
406361,1,112,2,2,17,0,0,19,0,2,17,19
406361,2,999,1,1,5,0,0,6,0,1,5,6
406361,2,999,2,1,5,0,0,6,0,1,5,6
406361,4,2,1,1,3,0,0,4,0,1,3,4
406361,4,2,2,1,3,0,0,4,0,1,3,4
406361,5,3,1,0,1,0,0,1,0,0,1,1
406361,5,3,2,0,1,0,0,1,0,0,1,1
406361,6,4,1,0,1,0,0,1,0,0,1,1
406361,6,4,2,0,1,0,0,1,0,0,1,1
406361,7,999,1,1,12,0,0,13,0,1,12,13
406361,7,999,2,1,12,0,0,13,0,1,12,13
406361,8,5,1,0,4,0,0,4,0,0,4,4
406361,8,5,2,0,4,0,0,4,0,0,4,4
406361,9,6,1,0,2,0,0,2,0,0,2,2
406361,9,6,2,0,2,0,0,2,0,0,2,2
406361,10,7,1,0,5,0,0,5,0,0,5,5
406361,10,7,2,0,5,0,0,5,0,0,5,5
406361,11,8,1,1,1,0,0,2,0,1,1,2
406361,11,8,2,1,1,0,0,2,0,1,1,2
406486,1,412,1,12,31,15,47,43,62,27,78,105
406486,1,112,2,12,31,15,47,43,62,27,78,105
406486,2,999,1,5,11,3,15,16,18,8,26,34
406486,2,999,2,5,11,3,15,16,18,8,26,34
406486,4,2,1,1,2,1,1,3,2,2,3,5
406486,4,2,2,1,2,1,1,3,2,2,3,5
406486,5,3,1,0,1,1,4,1,5,1,5,6
406486,5,3,2,0,1,1,4,1,5,1,5,6
406486,6,4,1,4,8,1,10,12,11,5,18,23
406486,6,4,2,4,8,1,10,12,11,5,18,23
406486,7,999,1,7,19,12,32,26,44,19,51,70
406486,7,999,2,7,19,12,32,26,44,19,51,70
406486,8,5,1,5,5,6,14,10,20,11,19,30
406486,8,5,2,5,5,6,14,10,20,11,19,30
406486,9,6,1,1,4,2,8,5,10,3,12,15
406486,9,6,2,1,4,2,8,5,10,3,12,15
406486,10,7,1,0,1,0,1,1,1,0,2,2
406486,10,7,2,0,1,0,1,1,1,0,2,2
406486,11,8,1,0,5,3,9,5,12,3,14,17
406486,11,8,2,0,5,3,9,5,12,3,14,17
406486,12,9,1,1,4,1,0,5,1,2,4,6
406486,12,9,2,1,4,1,0,5,1,2,4,6
406486,14,11,1,0,1,0,0,1,0,0,1,1
406486,14,11,2,0,1,0,0,1,0,0,1,1
407179,1,412,1,0,58,1,17,58,18,1,75,76
407179,1,112,2,0,58,1,17,58,18,1,75,76
407179,2,999,1,0,40,0,5,40,5,0,45,45
407179,2,999,2,0,40,0,5,40,5,0,45,45
407179,4,2,1,0,14,0,0,14,0,0,14,14
407179,4,2,2,0,14,0,0,14,0,0,14,14
407179,5,3,1,0,14,0,1,14,1,0,15,15
407179,5,3,2,0,14,0,1,14,1,0,15,15
407179,6,4,1,0,12,0,4,12,4,0,16,16
407179,6,4,2,0,12,0,4,12,4,0,16,16
407179,7,999,1,0,18,1,12,18,13,1,30,31
407179,7,999,2,0,18,1,12,18,13,1,30,31
407179,8,5,1,0,11,0,6,11,6,0,17,17
407179,8,5,2,0,11,0,6,11,6,0,17,17
407179,9,6,1,0,3,0,3,3,3,0,6,6
407179,9,6,2,0,3,0,3,3,3,0,6,6
407179,10,7,1,0,2,0,1,2,1,0,3,3
407179,10,7,2,0,2,0,1,2,1,0,3,3
407179,11,8,1,0,0,0,2,0,2,0,2,2
407179,11,8,2,0,0,0,2,0,2,0,2,2
407179,12,9,1,0,2,1,0,2,1,1,2,3
407179,12,9,2,0,2,1,0,2,1,1,2,3
407461,1,412,1,88,25,0,0,113,0,88,25,113
407461,1,112,2,88,25,0,0,113,0,88,25,113
407461,2,999,1,31,15,0,0,46,0,31,15,46
407461,2,999,2,31,15,0,0,46,0,31,15,46
407461,4,2,1,10,4,0,0,14,0,10,4,14
407461,4,2,2,10,4,0,0,14,0,10,4,14
407461,5,3,1,8,6,0,0,14,0,8,6,14
407461,5,3,2,8,6,0,0,14,0,8,6,14
407461,6,4,1,13,5,0,0,18,0,13,5,18
407461,6,4,2,13,5,0,0,18,0,13,5,18
407461,7,999,1,56,10,0,0,66,0,56,10,66
407461,7,999,2,56,10,0,0,66,0,56,10,66
407461,8,5,1,21,4,0,0,25,0,21,4,25
407461,8,5,2,21,4,0,0,25,0,21,4,25
407461,9,6,1,9,4,0,0,13,0,9,4,13
407461,9,6,2,9,4,0,0,13,0,9,4,13
407461,10,7,1,10,1,0,0,11,0,10,1,11
407461,10,7,2,10,1,0,0,11,0,10,1,11
407461,11,8,1,12,0,0,0,12,0,12,0,12
407461,11,8,2,12,0,0,0,12,0,12,0,12
407461,12,9,1,3,1,0,0,4,0,3,1,4
407461,12,9,2,3,1,0,0,4,0,3,1,4
407461,13,10,1,1,0,0,0,1,0,1,0,1
407461,13,10,2,1,0,0,0,1,0,1,0,1
407461,14,11,1,1,0,0,0,1,0,1,0,1
407461,14,11,2,1,0,0,0,1,0,1,0,1
407470,1,412,1,4,111,0,28,115,28,4,139,143
407470,1,112,2,4,111,0,28,115,28,4,139,143
407470,2,999,1,1,61,0,13,62,13,1,74,75
407470,2,999,2,1,61,0,13,62,13,1,74,75
407470,4,2,1,1,24,0,3,25,3,1,27,28
407470,4,2,2,1,24,0,3,25,3,1,27,28
407470,5,3,1,0,18,0,3,18,3,0,21,21
407470,5,3,2,0,18,0,3,18,3,0,21,21
407470,6,4,1,0,19,0,7,19,7,0,26,26
407470,6,4,2,0,19,0,7,19,7,0,26,26
407470,7,999,1,3,50,0,15,53,15,3,65,68
407470,7,999,2,3,50,0,15,53,15,3,65,68
407470,8,5,1,2,22,0,6,24,6,2,28,30
407470,8,5,2,2,22,0,6,24,6,2,28,30
407470,9,6,1,1,11,0,5,12,5,1,16,17
407470,9,6,2,1,11,0,5,12,5,1,16,17
407470,10,7,1,0,8,0,3,8,3,0,11,11
407470,10,7,2,0,8,0,3,8,3,0,11,11
407470,11,8,1,0,9,0,0,9,0,0,9,9
407470,11,8,2,0,9,0,0,9,0,0,9,9
407470,12,9,1,0,0,0,1,0,1,0,1,1
407470,12,9,2,0,0,0,1,0,1,0,1,1
407577,1,412,1,19,74,6,9,93,15,25,83,108
407577,1,112,2,19,74,6,9,93,15,25,83,108
407577,2,999,1,12,49,4,4,61,8,16,53,69
407577,2,999,2,12,49,4,4,61,8,16,53,69
407577,4,2,1,3,10,2,1,13,3,5,11,16
407577,4,2,2,3,10,2,1,13,3,5,11,16
407577,5,3,1,6,22,0,1,28,1,6,23,29
407577,5,3,2,6,22,0,1,28,1,6,23,29
407577,6,4,1,3,17,2,2,20,4,5,19,24
407577,6,4,2,3,17,2,2,20,4,5,19,24
407577,7,999,1,7,24,1,5,31,6,8,29,37
407577,7,999,2,7,24,1,5,31,6,8,29,37
407577,8,5,1,3,8,0,3,11,3,3,11,14
407577,8,5,2,3,8,0,3,11,3,3,11,14
407577,9,6,1,1,7,0,0,8,0,1,7,8
407577,9,6,2,1,7,0,0,8,0,1,7,8
407577,10,7,1,0,6,0,1,6,1,0,7,7
407577,10,7,2,0,6,0,1,6,1,0,7,7
407577,11,8,1,3,3,1,1,6,2,4,4,8
407577,11,8,2,3,3,1,1,6,2,4,4,8
407577,14,11,1,0,1,1,0,1,1,1,1,2
407577,14,11,2,0,1,1,0,1,1,1,1,2
407610,1,412,1,2,4,23,18,6,41,25,22,47
407610,1,112,2,2,4,23,18,6,41,25,22,47
407610,2,999,1,1,3,7,9,4,16,8,12,20
407610,2,999,2,1,3,7,9,4,16,8,12,20
407610,3,1,1,0,0,1,3,0,4,1,3,4
407610,3,1,2,0,0,1,3,0,4,1,3,4
407610,4,2,1,0,1,1,1,1,2,1,2,3
407610,4,2,2,0,1,1,1,1,2,1,2,3
407610,5,3,1,1,1,3,1,2,4,4,2,6
407610,5,3,2,1,1,3,1,2,4,4,2,6
407610,6,4,1,0,1,2,4,1,6,2,5,7
407610,6,4,2,0,1,2,4,1,6,2,5,7
407610,7,999,1,1,1,16,9,2,25,17,10,27
407610,7,999,2,1,1,16,9,2,25,17,10,27
407610,8,5,1,0,0,1,1,0,2,1,1,2
407610,8,5,2,0,0,1,1,0,2,1,1,2
407610,9,6,1,1,0,2,1,1,3,3,1,4
407610,9,6,2,1,0,2,1,1,3,3,1,4
407610,10,7,1,0,0,6,0,0,6,6,0,6
407610,10,7,2,0,0,6,0,0,6,6,0,6
407610,11,8,1,0,0,2,3,0,5,2,3,5
407610,11,8,2,0,0,2,3,0,5,2,3,5
407610,12,9,1,0,1,4,2,1,6,4,3,7
407610,12,9,2,0,1,4,2,1,6,4,3,7
407610,13,10,1,0,0,1,2,0,3,1,2,3
407610,13,10,2,0,0,1,2,0,3,1,2,3
407629,1,412,1,2054,2282,0,0,4336,0,2054,2282,4336
407629,1,112,2,2,5,0,0,7,0,2,5,7
407629,1,312,5,2052,2277,0,0,4329,0,2052,2277,4329
407629,2,999,1,695,1028,0,0,1723,0,695,1028,1723
407629,2,999,2,1,2,0,0,3,0,1,2,3
407629,2,999,5,694,1026,0,0,1720,0,694,1026,1720
407629,4,2,1,1,3,0,0,4,0,1,3,4
407629,4,2,5,1,3,0,0,4,0,1,3,4
407629,5,3,1,45,101,0,0,146,0,45,101,146
407629,5,3,5,45,101,0,0,146,0,45,101,146
407629,6,4,1,649,924,0,0,1573,0,649,924,1573
407629,6,4,2,1,2,0,0,3,0,1,2,3
407629,6,4,5,648,922,0,0,1570,0,648,922,1570
407629,7,999,1,1359,1254,0,0,2613,0,1359,1254,2613
407629,7,999,2,1,3,0,0,4,0,1,3,4
407629,7,999,5,1358,1251,0,0,2609,0,1358,1251,2609
407629,8,5,1,1024,935,0,0,1959,0,1024,935,1959
407629,8,5,5,1024,935,0,0,1959,0,1024,935,1959
407629,9,6,1,199,187,0,0,386,0,199,187,386
407629,9,6,2,1,1,0,0,2,0,1,1,2
407629,9,6,5,198,186,0,0,384,0,198,186,384
407629,10,7,1,79,70,0,0,149,0,79,70,149
407629,10,7,5,79,70,0,0,149,0,79,70,149
407629,11,8,1,48,49,0,0,97,0,48,49,97
407629,11,8,2,0,2,0,0,2,0,0,2,2
407629,11,8,5,48,47,0,0,95,0,48,47,95
407629,12,9,1,9,13,0,0,22,0,9,13,22
407629,12,9,5,9,13,0,0,22,0,9,13,22
407735,1,412,1,2,59,0,0,61,0,2,59,61
407735,1,112,2,2,59,0,0,61,0,2,59,61
407735,2,999,1,2,44,0,0,46,0,2,44,46
407735,2,999,2,2,44,0,0,46,0,2,44,46
407735,4,2,1,1,22,0,0,23,0,1,22,23
407735,4,2,2,1,22,0,0,23,0,1,22,23
407735,5,3,1,1,17,0,0,18,0,1,17,18
407735,5,3,2,1,17,0,0,18,0,1,17,18
407735,6,4,1,0,5,0,0,5,0,0,5,5
407735,6,4,2,0,5,0,0,5,0,0,5,5
407735,7,999,1,0,15,0,0,15,0,0,15,15
407735,7,999,2,0,15,0,0,15,0,0,15,15
407735,8,5,1,0,8,0,0,8,0,0,8,8
407735,8,5,2,0,8,0,0,8,0,0,8,8
407735,9,6,1,0,5,0,0,5,0,0,5,5
407735,9,6,2,0,5,0,0,5,0,0,5,5
407735,10,7,1,0,1,0,0,1,0,0,1,1
407735,10,7,2,0,1,0,0,1,0,0,1,1
407735,11,8,1,0,1,0,0,1,0,0,1,1
407735,11,8,2,0,1,0,0,1,0,0,1,1
407832,1,412,1,50,24,90,38,74,128,140,62,202
407832,1,112,2,50,24,90,38,74,128,140,62,202
407832,2,999,1,37,12,55,20,49,75,92,32,124
407832,2,999,2,37,12,55,20,49,75,92,32,124
407832,4,2,1,12,8,16,4,20,20,28,12,40
407832,4,2,2,12,8,16,4,20,20,28,12,40
407832,5,3,1,17,2,23,6,19,29,40,8,48
407832,5,3,2,17,2,23,6,19,29,40,8,48
407832,6,4,1,8,2,16,10,10,26,24,12,36
407832,6,4,2,8,2,16,10,10,26,24,12,36
407832,7,999,1,13,12,35,18,25,53,48,30,78
407832,7,999,2,13,12,35,18,25,53,48,30,78
407832,8,5,1,10,4,13,6,14,19,23,10,33
407832,8,5,2,10,4,13,6,14,19,23,10,33
407832,9,6,1,3,4,6,3,7,9,9,7,16
407832,9,6,2,3,4,6,3,7,9,9,7,16
407832,10,7,1,0,2,6,4,2,10,6,6,12
407832,10,7,2,0,2,6,4,2,10,6,6,12
407832,11,8,1,0,2,6,3,2,9,6,5,11
407832,11,8,2,0,2,6,3,2,9,6,5,11
407832,12,9,1,0,0,4,2,0,6,4,2,6
407832,12,9,2,0,0,4,2,0,6,4,2,6
408066,1,412,1,42,99,15,33,141,48,57,132,189
408066,1,112,2,42,99,15,33,141,48,57,132,189
408066,2,999,1,28,76,8,24,104,32,36,100,136
408066,2,999,2,28,76,8,24,104,32,36,100,136
408066,4,2,1,9,38,3,5,47,8,12,43,55
408066,4,2,2,9,38,3,5,47,8,12,43,55
408066,5,3,1,12,25,2,7,37,9,14,32,46
408066,5,3,2,12,25,2,7,37,9,14,32,46
408066,6,4,1,7,13,3,12,20,15,10,25,35
408066,6,4,2,7,13,3,12,20,15,10,25,35
408066,7,999,1,14,23,7,9,37,16,21,32,53
408066,7,999,2,14,23,7,9,37,16,21,32,53
408066,8,5,1,6,17,2,2,23,4,8,19,27
408066,8,5,2,6,17,2,2,23,4,8,19,27
408066,9,6,1,4,3,1,3,7,4,5,6,11
408066,9,6,2,4,3,1,3,7,4,5,6,11
408066,10,7,1,3,0,4,3,3,7,7,3,10
408066,10,7,2,3,0,4,3,3,7,7,3,10
408066,11,8,1,1,2,0,1,3,1,1,3,4
408066,11,8,2,1,2,0,1,3,1,1,3,4
408066,12,9,1,0,1,0,0,1,0,0,1,1
408066,12,9,2,0,1,0,0,1,0,0,1,1
408844,1,412,1,802,1939,325,1107,2741,1432,1127,3046,4173
408844,1,112,2,776,1883,278,939,2659,1217,1054,2822,3876
408844,1,312,5,26,56,47,168,82,215,73,224,297
408844,2,999,1,365,638,86,293,1003,379,451,931,1382
408844,2,999,2,361,629,85,289,990,374,446,918,1364
408844,2,999,5,4,9,1,4,13,5,5,13,18
408844,3,1,1,0,8,0,1,8,1,0,9,9
408844,3,1,2,0,8,0,1,8,1,0,9,9
408844,4,2,1,79,151,7,24,230,31,86,175,261
408844,4,2,2,79,151,7,24,230,31,86,175,261
408844,5,3,1,119,187,29,84,306,113,148,271,419
408844,5,3,2,119,187,29,84,306,113,148,271,419
408844,6,4,1,167,292,50,184,459,234,217,476,693
408844,6,4,2,163,283,49,180,446,229,212,463,675
408844,6,4,5,4,9,1,4,13,5,5,13,18
408844,7,999,1,437,1301,239,814,1738,1053,676,2115,2791
408844,7,999,2,415,1254,193,650,1669,843,608,1904,2512
408844,7,999,5,22,47,46,164,69,210,68,211,279
408844,8,5,1,182,417,75,242,599,317,257,659,916
408844,8,5,2,174,399,74,217,573,291,248,616,864
408844,8,5,5,8,18,1,25,26,26,9,43,52
408844,9,6,1,95,322,52,204,417,256,147,526,673
408844,9,6,2,87,312,47,166,399,213,134,478,612
408844,9,6,5,8,10,5,38,18,43,13,48,61
408844,10,7,1,72,213,35,140,285,175,107,353,460
408844,10,7,2,69,206,29,114,275,143,98,320,418
408844,10,7,5,3,7,6,26,10,32,9,33,42
408844,11,8,1,62,253,51,172,315,223,113,425,538
408844,11,8,2,60,244,27,121,304,148,87,365,452
408844,11,8,5,2,9,24,51,11,75,26,60,86
408844,12,9,1,25,93,24,55,118,79,49,148,197
408844,12,9,2,24,90,14,31,114,45,38,121,159
408844,12,9,5,1,3,10,24,4,34,11,27,38
408844,13,10,1,1,3,2,1,4,3,3,4,7
408844,13,10,2,1,3,2,1,4,3,3,4,7
409193,1,412,1,144,6,0,0,150,0,144,6,150
409193,1,112,2,144,6,0,0,150,0,144,6,150
409193,2,999,1,65,0,0,0,65,0,65,0,65
409193,2,999,2,65,0,0,0,65,0,65,0,65
409193,3,1,1,10,0,0,0,10,0,10,0,10
409193,3,1,2,10,0,0,0,10,0,10,0,10
409193,4,2,1,36,0,0,0,36,0,36,0,36
409193,4,2,2,36,0,0,0,36,0,36,0,36
409193,5,3,1,10,0,0,0,10,0,10,0,10
409193,5,3,2,10,0,0,0,10,0,10,0,10
409193,6,4,1,9,0,0,0,9,0,9,0,9
409193,6,4,2,9,0,0,0,9,0,9,0,9
409193,7,999,1,79,6,0,0,85,0,79,6,85
409193,7,999,2,79,6,0,0,85,0,79,6,85
409193,8,5,1,17,3,0,0,20,0,17,3,20
409193,8,5,2,17,3,0,0,20,0,17,3,20
409193,9,6,1,10,1,0,0,11,0,10,1,11
409193,9,6,2,10,1,0,0,11,0,10,1,11
409193,10,7,1,17,0,0,0,17,0,17,0,17
409193,10,7,2,17,0,0,0,17,0,17,0,17
409193,11,8,1,25,1,0,0,26,0,25,1,26
409193,11,8,2,25,1,0,0,26,0,25,1,26
409193,12,9,1,10,1,0,0,11,0,10,1,11
409193,12,9,2,10,1,0,0,11,0,10,1,11
409254,1,412,1,4,88,9,356,92,365,13,444,457
409254,1,312,5,4,88,9,356,92,365,13,444,457
409254,2,999,1,0,25,0,41,25,41,0,66,66
409254,2,999,5,0,25,0,41,25,41,0,66,66
409254,5,3,1,0,1,0,4,1,4,0,5,5
409254,5,3,5,0,1,0,4,1,4,0,5,5
409254,6,4,1,0,24,0,37,24,37,0,61,61
409254,6,4,5,0,24,0,37,24,37,0,61,61
409254,7,999,1,4,63,9,315,67,324,13,378,391
409254,7,999,5,4,63,9,315,67,324,13,378,391
409254,8,5,1,2,35,3,90,37,93,5,125,130
409254,8,5,5,2,35,3,90,37,93,5,125,130
409254,9,6,1,2,13,3,59,15,62,5,72,77
409254,9,6,5,2,13,3,59,15,62,5,72,77
409254,10,7,1,0,5,2,52,5,54,2,57,59
409254,10,7,5,0,5,2,52,5,54,2,57,59
409254,11,8,1,0,5,1,65,5,66,1,70,71
409254,11,8,5,0,5,1,65,5,66,1,70,71
409254,12,9,1,0,4,0,47,4,47,0,51,51
409254,12,9,5,0,4,0,47,4,47,0,51,51
409254,13,10,1,0,1,0,2,1,2,0,3,3
409254,13,10,5,0,1,0,2,1,2,0,3,3
409698,1,412,1,2212,4128,505,564,6340,1069,2717,4692,7409
409698,1,112,2,2036,3667,420,386,5703,806,2456,4053,6509
409698,1,312,5,176,461,85,178,637,263,261,639,900
409698,2,999,1,1708,3220,241,243,4928,484,1949,3463,5412
409698,2,999,2,1686,3115,230,215,4801,445,1916,3330,5246
409698,2,999,5,22,105,11,28,127,39,33,133,166
409698,3,1,1,13,42,4,1,55,5,17,43,60
409698,3,1,2,13,42,4,1,55,5,17,43,60
409698,4,2,1,554,1097,51,34,1651,85,605,1131,1736
409698,4,2,2,554,1097,51,34,1651,85,605,1131,1736
409698,5,3,1,628,1196,68,65,1824,133,696,1261,1957
409698,5,3,2,626,1192,68,64,1818,132,694,1256,1950
409698,5,3,5,2,4,0,1,6,1,2,5,7
409698,6,4,1,513,885,118,143,1398,261,631,1028,1659
409698,6,4,2,493,784,107,116,1277,223,600,900,1500
409698,6,4,5,20,101,11,27,121,38,31,128,159
409698,7,999,1,504,908,264,321,1412,585,768,1229,1997
409698,7,999,2,350,552,190,171,902,361,540,723,1263
409698,7,999,5,154,356,74,150,510,224,228,506,734
409698,8,5,1,289,519,109,140,808,249,398,659,1057
409698,8,5,2,230,327,86,68,557,154,316,395,711
409698,8,5,5,59,192,23,72,251,95,82,264,346
409698,9,6,1,106,187,71,61,293,132,177,248,425
409698,9,6,2,63,108,53,39,171,92,116,147,263
409698,9,6,5,43,79,18,22,122,40,61,101,162
409698,10,7,1,47,84,43,38,131,81,90,122,212
409698,10,7,2,24,49,25,17,73,42,49,66,115
409698,10,7,5,23,35,18,21,58,39,41,56,97
409698,11,8,1,43,84,30,50,127,80,73,134,207
409698,11,8,2,27,47,19,27,74,46,46,74,120
409698,11,8,5,16,37,11,23,53,34,27,60,87
409698,12,9,1,17,33,9,30,50,39,26,63,89
409698,12,9,2,4,20,5,19,24,24,9,39,48
409698,12,9,5,13,13,4,11,26,15,17,24,41
409698,13,10,1,2,1,2,2,3,4,4,3,7
409698,13,10,2,2,1,2,1,3,3,4,2,6
409698,13,10,5,0,0,0,1,0,1,0,1,1
411684,1,412,1,39,95,0,0,134,0,39,95,134
411684,1,112,2,39,95,0,0,134,0,39,95,134
411684,2,999,1,9,25,0,0,34,0,9,25,34
411684,2,999,2,9,25,0,0,34,0,9,25,34
411684,4,2,1,1,2,0,0,3,0,1,2,3
411684,4,2,2,1,2,0,0,3,0,1,2,3
411684,5,3,1,4,6,0,0,10,0,4,6,10
411684,5,3,2,4,6,0,0,10,0,4,6,10
411684,6,4,1,4,17,0,0,21,0,4,17,21
411684,6,4,2,4,17,0,0,21,0,4,17,21
411684,7,999,1,30,70,0,0,100,0,30,70,100
411684,7,999,2,30,70,0,0,100,0,30,70,100
411684,8,5,1,8,29,0,0,37,0,8,29,37
411684,8,5,2,8,29,0,0,37,0,8,29,37
411684,9,6,1,8,10,0,0,18,0,8,10,18
411684,9,6,2,8,10,0,0,18,0,8,10,18
411684,10,7,1,5,17,0,0,22,0,5,17,22
411684,10,7,2,5,17,0,0,22,0,5,17,22
411684,11,8,1,7,12,0,0,19,0,7,12,19
411684,11,8,2,7,12,0,0,19,0,7,12,19
411684,12,9,1,2,2,0,0,4,0,2,2,4
411684,12,9,2,2,2,0,0,4,0,2,2,4
412535,1,412,1,3,14,0,0,17,0,3,14,17
412535,1,112,2,3,14,0,0,17,0,3,14,17
412535,2,999,1,1,5,0,0,6,0,1,5,6
412535,2,999,2,1,5,0,0,6,0,1,5,6
412535,5,3,1,1,3,0,0,4,0,1,3,4
412535,5,3,2,1,3,0,0,4,0,1,3,4
412535,6,4,1,0,2,0,0,2,0,0,2,2
412535,6,4,2,0,2,0,0,2,0,0,2,2
412535,7,999,1,2,9,0,0,11,0,2,9,11
412535,7,999,2,2,9,0,0,11,0,2,9,11
412535,8,5,1,0,3,0,0,3,0,0,3,3
412535,8,5,2,0,3,0,0,3,0,0,3,3
412535,9,6,1,2,1,0,0,3,0,2,1,3
412535,9,6,2,2,1,0,0,3,0,2,1,3
412535,10,7,1,0,4,0,0,4,0,0,4,4
412535,10,7,2,0,4,0,0,4,0,0,4,4
412535,11,8,1,0,1,0,0,1,0,0,1,1
412535,11,8,2,0,1,0,0,1,0,0,1,1
412599,1,412,1,204,434,0,0,638,0,204,434,638
412599,1,112,2,204,434,0,0,638,0,204,434,638
412599,2,999,1,53,195,0,0,248,0,53,195,248
412599,2,999,2,53,195,0,0,248,0,53,195,248
412599,3,1,1,0,2,0,0,2,0,0,2,2
412599,3,1,2,0,2,0,0,2,0,0,2,2
412599,4,2,1,11,30,0,0,41,0,11,30,41
412599,4,2,2,11,30,0,0,41,0,11,30,41
412599,5,3,1,21,49,0,0,70,0,21,49,70
412599,5,3,2,21,49,0,0,70,0,21,49,70
412599,6,4,1,21,114,0,0,135,0,21,114,135
412599,6,4,2,21,114,0,0,135,0,21,114,135
412599,7,999,1,150,233,0,0,383,0,150,233,383
412599,7,999,2,150,233,0,0,383,0,150,233,383
412599,8,5,1,52,114,0,0,166,0,52,114,166
412599,8,5,2,52,114,0,0,166,0,52,114,166
412599,9,6,1,43,57,0,0,100,0,43,57,100
412599,9,6,2,43,57,0,0,100,0,43,57,100
412599,10,7,1,22,27,0,0,49,0,22,27,49
412599,10,7,2,22,27,0,0,49,0,22,27,49
412599,11,8,1,24,30,0,0,54,0,24,30,54
412599,11,8,2,24,30,0,0,54,0,24,30,54
412599,12,9,1,9,5,0,0,14,0,9,5,14
412599,12,9,2,9,5,0,0,14,0,9,5,14
412599,14,11,1,1,6,0,0,7,0,1,6,7
412599,14,11,2,1,6,0,0,7,0,1,6,7
413617,1,412,1,16,43,33,81,59,114,49,124,173
413617,1,112,2,16,43,33,81,59,114,49,124,173
413617,2,999,1,9,18,17,27,27,44,26,45,71
413617,2,999,2,9,18,17,27,27,44,26,45,71
413617,3,1,1,4,5,7,14,9,21,11,19,30
413617,3,1,2,4,5,7,14,9,21,11,19,30
413617,4,2,1,1,4,3,4,5,7,4,8,12
413617,4,2,2,1,4,3,4,5,7,4,8,12
413617,5,3,1,1,4,3,3,5,6,4,7,11
413617,5,3,2,1,4,3,3,5,6,4,7,11
413617,6,4,1,3,5,4,6,8,10,7,11,18
413617,6,4,2,3,5,4,6,8,10,7,11,18
413617,7,999,1,7,25,16,54,32,70,23,79,102
413617,7,999,2,7,25,16,54,32,70,23,79,102
413617,8,5,1,2,9,4,17,11,21,6,26,32
413617,8,5,2,2,9,4,17,11,21,6,26,32
413617,9,6,1,1,3,4,10,4,14,5,13,18
413617,9,6,2,1,3,4,10,4,14,5,13,18
413617,10,7,1,1,5,4,6,6,10,5,11,16
413617,10,7,2,1,5,4,6,6,10,5,11,16
413617,11,8,1,3,5,3,12,8,15,6,17,23
413617,11,8,2,3,5,3,12,8,15,6,17,23
413617,12,9,1,0,3,1,9,3,10,1,12,13
413617,12,9,2,0,3,1,9,3,10,1,12,13
413778,1,412,1,6,149,7,94,155,101,13,243,256
413778,1,112,2,6,149,7,94,155,101,13,243,256
413778,2,999,1,1,45,0,9,46,9,1,54,55
413778,2,999,2,1,45,0,9,46,9,1,54,55
413778,4,2,1,0,3,0,0,3,0,0,3,3
413778,4,2,2,0,3,0,0,3,0,0,3,3
413778,5,3,1,1,14,0,0,15,0,1,14,15
413778,5,3,2,1,14,0,0,15,0,1,14,15
413778,6,4,1,0,28,0,9,28,9,0,37,37
413778,6,4,2,0,28,0,9,28,9,0,37,37
413778,7,999,1,5,104,7,85,109,92,12,189,201
413778,7,999,2,5,104,7,85,109,92,12,189,201
413778,8,5,1,4,45,4,16,49,20,8,61,69
413778,8,5,2,4,45,4,16,49,20,8,61,69
413778,9,6,1,0,17,1,25,17,26,1,42,43
413778,9,6,2,0,17,1,25,17,26,1,42,43
413778,10,7,1,0,16,1,15,16,16,1,31,32
413778,10,7,2,0,16,1,15,16,16,1,31,32
413778,11,8,1,1,12,1,15,13,16,2,27,29
413778,11,8,2,1,12,1,15,13,16,2,27,29
413778,12,9,1,0,13,0,14,13,14,0,27,27
413778,12,9,2,0,13,0,14,13,14,0,27,27
413778,13,10,1,0,1,0,0,1,0,0,1,1
413778,13,10,2,0,1,0,0,1,0,0,1,1
413945,1,412,1,5,60,0,0,65,0,5,60,65
413945,1,112,2,5,60,0,0,65,0,5,60,65
413945,2,999,1,2,47,0,0,49,0,2,47,49
413945,2,999,2,2,47,0,0,49,0,2,47,49
413945,4,2,1,0,11,0,0,11,0,0,11,11
413945,4,2,2,0,11,0,0,11,0,0,11,11
413945,5,3,1,1,13,0,0,14,0,1,13,14
413945,5,3,2,1,13,0,0,14,0,1,13,14
413945,6,4,1,1,23,0,0,24,0,1,23,24
413945,6,4,2,1,23,0,0,24,0,1,23,24
413945,7,999,1,3,13,0,0,16,0,3,13,16
413945,7,999,2,3,13,0,0,16,0,3,13,16
413945,8,5,1,2,8,0,0,10,0,2,8,10
413945,8,5,2,2,8,0,0,10,0,2,8,10
413945,9,6,1,1,2,0,0,3,0,1,2,3
413945,9,6,2,1,2,0,0,3,0,1,2,3
413945,10,7,1,0,1,0,0,1,0,0,1,1
413945,10,7,2,0,1,0,0,1,0,0,1,1
413945,11,8,1,0,2,0,0,2,0,0,2,2
413945,11,8,2,0,2,0,0,2,0,0,2,2
414823,1,412,1,211,382,30,53,593,83,241,435,676
414823,1,112,2,208,372,28,51,580,79,236,423,659
414823,1,312,5,3,10,2,2,13,4,5,12,17
414823,2,999,1,193,352,20,42,545,62,213,394,607
414823,2,999,2,191,345,20,42,536,62,211,387,598
414823,2,999,5,2,7,0,0,9,0,2,7,9
414823,3,1,1,0,1,0,0,1,0,0,1,1
414823,3,1,2,0,1,0,0,1,0,0,1,1
414823,4,2,1,58,104,2,2,162,4,60,106,166
414823,4,2,2,58,104,2,2,162,4,60,106,166
414823,5,3,1,95,189,11,31,284,42,106,220,326
414823,5,3,2,95,189,11,31,284,42,106,220,326
414823,6,4,1,40,58,7,9,98,16,47,67,114
414823,6,4,2,38,51,7,9,89,16,45,60,105
414823,6,4,5,2,7,0,0,9,0,2,7,9
414823,7,999,1,18,29,9,10,47,19,27,39,66
414823,7,999,2,17,26,8,8,43,16,25,34,59
414823,7,999,5,1,3,1,2,4,3,2,5,7
414823,8,5,1,13,20,8,8,33,16,21,28,49
414823,8,5,2,13,18,7,7,31,14,20,25,45
414823,8,5,5,0,2,1,1,2,2,1,3,4
414823,9,6,1,4,5,1,1,9,2,5,6,11
414823,9,6,2,3,4,1,1,7,2,4,5,9
414823,9,6,5,1,1,0,0,2,0,1,1,2
414823,10,7,1,1,2,0,0,3,0,1,2,3
414823,10,7,2,1,2,0,0,3,0,1,2,3
414823,11,8,1,0,2,0,0,2,0,0,2,2
414823,11,8,2,0,2,0,0,2,0,0,2,2
414823,12,9,1,0,0,0,1,0,1,0,1,1
414823,12,9,5,0,0,0,1,0,1,0,1,1
414823,14,11,1,0,1,1,1,1,2,1,2,3
414823,14,11,2,0,1,0,1,1,1,0,2,2
414823,14,11,5,0,0,1,0,0,1,1,0,1
414911,1,412,1,281,381,589,1205,662,1794,870,1586,2456
414911,1,112,2,281,381,589,1205,662,1794,870,1586,2456
414911,2,999,1,229,317,533,1006,546,1539,762,1323,2085
414911,2,999,2,229,317,533,1006,546,1539,762,1323,2085
414911,3,1,1,26,38,409,754,64,1163,435,792,1227
414911,3,1,2,26,38,409,754,64,1163,435,792,1227
414911,4,2,1,107,178,69,116,285,185,176,294,470
414911,4,2,2,107,178,69,116,285,185,176,294,470
414911,5,3,1,65,66,28,79,131,107,93,145,238
414911,5,3,2,65,66,28,79,131,107,93,145,238
414911,6,4,1,31,35,27,57,66,84,58,92,150
414911,6,4,2,31,35,27,57,66,84,58,92,150
414911,7,999,1,52,64,52,189,116,241,104,253,357
414911,7,999,2,52,64,52,189,116,241,104,253,357
414911,8,5,1,22,16,14,80,38,94,36,96,132
414911,8,5,2,22,16,14,80,38,94,36,96,132
414911,9,6,1,15,18,14,40,33,54,29,58,87
414911,9,6,2,15,18,14,40,33,54,29,58,87
414911,10,7,1,8,11,8,27,19,35,16,38,54
414911,10,7,2,8,11,8,27,19,35,16,38,54
414911,11,8,1,6,17,12,30,23,42,18,47,65
414911,11,8,2,6,17,12,30,23,42,18,47,65
414911,12,9,1,1,2,4,12,3,16,5,14,19
414911,12,9,2,1,2,4,12,3,16,5,14,19
414911,14,11,1,0,0,4,10,0,14,4,10,14
414911,14,11,2,0,0,4,10,0,14,4,10,14
415039,1,412,1,1,51,0,13,52,13,1,64,65
415039,1,112,2,1,51,0,13,52,13,1,64,65
415039,2,999,1,0,38,0,9,38,9,0,47,47
415039,2,999,2,0,38,0,9,38,9,0,47,47
415039,3,1,1,0,1,0,0,1,0,0,1,1
415039,3,1,2,0,1,0,0,1,0,0,1,1
415039,4,2,1,0,19,0,2,19,2,0,21,21
415039,4,2,2,0,19,0,2,19,2,0,21,21
415039,5,3,1,0,10,0,4,10,4,0,14,14
415039,5,3,2,0,10,0,4,10,4,0,14,14
415039,6,4,1,0,8,0,3,8,3,0,11,11
415039,6,4,2,0,8,0,3,8,3,0,11,11
415039,7,999,1,1,13,0,4,14,4,1,17,18
415039,7,999,2,1,13,0,4,14,4,1,17,18
415039,8,5,1,0,4,0,1,4,1,0,5,5
415039,8,5,2,0,4,0,1,4,1,0,5,5
415039,9,6,1,0,4,0,0,4,0,0,4,4
415039,9,6,2,0,4,0,0,4,0,0,4,4
415039,10,7,1,1,1,0,0,2,0,1,1,2
415039,10,7,2,1,1,0,0,2,0,1,1,2
415039,11,8,1,0,2,0,3,2,3,0,5,5
415039,11,8,2,0,2,0,3,2,3,0,5,5
415039,12,9,1,0,2,0,0,2,0,0,2,2
415039,12,9,2,0,2,0,0,2,0,0,2,2
416801,1,412,1,73,207,16,62,280,78,89,269,358
416801,1,112,2,69,196,11,52,265,63,80,248,328
416801,1,312,5,4,11,5,10,15,15,9,21,30
416801,2,999,1,28,105,4,25,133,29,32,130,162
416801,2,999,2,27,99,4,25,126,29,31,124,155
416801,2,999,5,1,6,0,0,7,0,1,6,7
416801,4,2,1,1,0,0,0,1,0,1,0,1
416801,4,2,2,1,0,0,0,1,0,1,0,1
416801,5,3,1,7,31,1,5,38,6,8,36,44
416801,5,3,2,7,30,1,5,37,6,8,35,43
416801,5,3,5,0,1,0,0,1,0,0,1,1
416801,6,4,1,20,74,3,20,94,23,23,94,117
416801,6,4,2,19,69,3,20,88,23,22,89,111
416801,6,4,5,1,5,0,0,6,0,1,5,6
416801,7,999,1,45,102,12,37,147,49,57,139,196
416801,7,999,2,42,97,7,27,139,34,49,124,173
416801,7,999,5,3,5,5,10,8,15,8,15,23
416801,8,5,1,22,49,6,19,71,25,28,68,96
416801,8,5,2,21,46,4,18,67,22,25,64,89
416801,8,5,5,1,3,2,1,4,3,3,4,7
416801,9,6,1,10,26,1,8,36,9,11,34,45
416801,9,6,2,8,25,0,5,33,5,8,30,38
416801,9,6,5,2,1,1,3,3,4,3,4,7
416801,10,7,1,5,18,3,1,23,4,8,19,27
416801,10,7,2,5,17,1,0,22,1,6,17,23
416801,10,7,5,0,1,2,1,1,3,2,2,4
416801,11,8,1,6,7,1,6,13,7,7,13,20
416801,11,8,2,6,7,1,4,13,5,7,11,18
416801,11,8,5,0,0,0,2,0,2,0,2,2
416801,12,9,1,2,2,1,3,4,4,3,5,8
416801,12,9,2,2,2,1,0,4,1,3,2,5
416801,12,9,5,0,0,0,3,0,3,0,3,3
417008,1,412,1,10,154,0,0,164,0,10,154,164
417008,1,112,2,10,154,0,0,164,0,10,154,164
417008,2,999,1,5,111,0,0,116,0,5,111,116
417008,2,999,2,5,111,0,0,116,0,5,111,116
417008,3,1,1,0,1,0,0,1,0,0,1,1
417008,3,1,2,0,1,0,0,1,0,0,1,1
417008,4,2,1,1,48,0,0,49,0,1,48,49
417008,4,2,2,1,48,0,0,49,0,1,48,49
417008,5,3,1,2,37,0,0,39,0,2,37,39
417008,5,3,2,2,37,0,0,39,0,2,37,39
417008,6,4,1,2,25,0,0,27,0,2,25,27
417008,6,4,2,2,25,0,0,27,0,2,25,27
417008,7,999,1,5,43,0,0,48,0,5,43,48
417008,7,999,2,5,43,0,0,48,0,5,43,48
417008,8,5,1,3,30,0,0,33,0,3,30,33
417008,8,5,2,3,30,0,0,33,0,3,30,33
417008,9,6,1,2,5,0,0,7,0,2,5,7
417008,9,6,2,2,5,0,0,7,0,2,5,7
417008,10,7,1,0,7,0,0,7,0,0,7,7
417008,10,7,2,0,7,0,0,7,0,0,7,7
417008,11,8,1,0,1,0,0,1,0,0,1,1
417008,11,8,2,0,1,0,0,1,0,0,1,1
417734,1,412,1,6,66,16,115,72,131,22,181,203
417734,1,112,2,6,66,16,115,72,131,22,181,203
417734,2,999,1,2,27,8,57,29,65,10,84,94
417734,2,999,2,2,27,8,57,29,65,10,84,94
417734,4,2,1,0,5,2,10,5,12,2,15,17
417734,4,2,2,0,5,2,10,5,12,2,15,17
417734,5,3,1,0,10,3,26,10,29,3,36,39
417734,5,3,2,0,10,3,26,10,29,3,36,39
417734,6,4,1,2,12,3,21,14,24,5,33,38
417734,6,4,2,2,12,3,21,14,24,5,33,38
417734,7,999,1,4,39,8,58,43,66,12,97,109
417734,7,999,2,4,39,8,58,43,66,12,97,109
417734,8,5,1,2,18,2,20,20,22,4,38,42
417734,8,5,2,2,18,2,20,20,22,4,38,42
417734,9,6,1,1,12,4,16,13,20,5,28,33
417734,9,6,2,1,12,4,16,13,20,5,28,33
417734,10,7,1,1,5,2,11,6,13,3,16,19
417734,10,7,2,1,5,2,11,6,13,3,16,19
417734,11,8,1,0,3,0,10,3,10,0,13,13
417734,11,8,2,0,3,0,10,3,10,0,13,13
417734,12,9,1,0,1,0,1,1,1,0,2,2
417734,12,9,2,0,1,0,1,1,1,0,2,2
417752,1,412,1,14,18,1,0,32,1,15,18,33
417752,1,112,2,14,18,1,0,32,1,15,18,33
417752,2,999,1,10,18,0,0,28,0,10,18,28
417752,2,999,2,10,18,0,0,28,0,10,18,28
417752,4,2,1,2,2,0,0,4,0,2,2,4
417752,4,2,2,2,2,0,0,4,0,2,2,4
417752,5,3,1,4,8,0,0,12,0,4,8,12
417752,5,3,2,4,8,0,0,12,0,4,8,12
417752,6,4,1,4,8,0,0,12,0,4,8,12
417752,6,4,2,4,8,0,0,12,0,4,8,12
417752,7,999,1,4,0,1,0,4,1,5,0,5
417752,7,999,2,4,0,1,0,4,1,5,0,5
417752,8,5,1,2,0,0,0,2,0,2,0,2
417752,8,5,2,2,0,0,0,2,0,2,0,2
417752,9,6,1,0,0,1,0,0,1,1,0,1
417752,9,6,2,0,0,1,0,0,1,1,0,1
417752,11,8,1,1,0,0,0,1,0,1,0,1
417752,11,8,2,1,0,0,0,1,0,1,0,1
417752,12,9,1,1,0,0,0,1,0,1,0,1
417752,12,9,2,1,0,0,0,1,0,1,0,1
418029,1,412,1,2,41,0,0,43,0,2,41,43
418029,1,112,2,2,41,0,0,43,0,2,41,43
418029,2,999,1,1,16,0,0,17,0,1,16,17
418029,2,999,2,1,16,0,0,17,0,1,16,17
418029,4,2,1,1,4,0,0,5,0,1,4,5
418029,4,2,2,1,4,0,0,5,0,1,4,5
418029,5,3,1,0,5,0,0,5,0,0,5,5
418029,5,3,2,0,5,0,0,5,0,0,5,5
418029,6,4,1,0,7,0,0,7,0,0,7,7
418029,6,4,2,0,7,0,0,7,0,0,7,7
418029,7,999,1,1,25,0,0,26,0,1,25,26
418029,7,999,2,1,25,0,0,26,0,1,25,26
418029,8,5,1,0,11,0,0,11,0,0,11,11
418029,8,5,2,0,11,0,0,11,0,0,11,11
418029,9,6,1,1,6,0,0,7,0,1,6,7
418029,9,6,2,1,6,0,0,7,0,1,6,7
418029,11,8,1,0,5,0,0,5,0,0,5,5
418029,11,8,2,0,5,0,0,5,0,0,5,5
418029,12,9,1,0,3,0,0,3,0,0,3,3
418029,12,9,2,0,3,0,0,3,0,0,3,3
418065,1,412,1,16,169,6,43,185,49,22,212,234
418065,1,112,2,16,169,6,43,185,49,22,212,234
418065,2,999,1,7,76,4,16,83,20,11,92,103
418065,2,999,2,7,76,4,16,83,20,11,92,103
418065,4,2,1,4,26,0,4,30,4,4,30,34
418065,4,2,2,4,26,0,4,30,4,4,30,34
418065,5,3,1,1,17,2,3,18,5,3,20,23
418065,5,3,2,1,17,2,3,18,5,3,20,23
418065,6,4,1,2,33,2,9,35,11,4,42,46
418065,6,4,2,2,33,2,9,35,11,4,42,46
418065,7,999,1,9,93,2,26,102,28,11,119,130
418065,7,999,2,9,93,2,26,102,28,11,119,130
418065,8,5,1,4,40,1,9,44,10,5,49,54
418065,8,5,2,4,40,1,9,44,10,5,49,54
418065,9,6,1,3,24,0,4,27,4,3,28,31
418065,9,6,2,3,24,0,4,27,4,3,28,31
418065,10,7,1,1,13,0,4,14,4,1,17,18
418065,10,7,2,1,13,0,4,14,4,1,17,18
418065,11,8,1,1,12,1,7,13,8,2,19,21
418065,11,8,2,1,12,1,7,13,8,2,19,21
418065,12,9,1,0,4,0,2,4,2,0,6,6
418065,12,9,2,0,4,0,2,4,2,0,6,6
418065,14,11,1,0,0,0,1,0,1,0,1,1
418065,14,11,2,0,0,0,1,0,1,0,1,1
418083,1,412,1,10,35,0,0,45,0,10,35,45
418083,1,112,2,10,35,0,0,45,0,10,35,45
418083,2,999,1,4,14,0,0,18,0,4,14,18
418083,2,999,2,4,14,0,0,18,0,4,14,18
418083,4,2,1,0,3,0,0,3,0,0,3,3
418083,4,2,2,0,3,0,0,3,0,0,3,3
418083,5,3,1,0,1,0,0,1,0,0,1,1
418083,5,3,2,0,1,0,0,1,0,0,1,1
418083,6,4,1,4,10,0,0,14,0,4,10,14
418083,6,4,2,4,10,0,0,14,0,4,10,14
418083,7,999,1,6,21,0,0,27,0,6,21,27
418083,7,999,2,6,21,0,0,27,0,6,21,27
418083,8,5,1,0,10,0,0,10,0,0,10,10
418083,8,5,2,0,10,0,0,10,0,0,10,10
418083,9,6,1,3,7,0,0,10,0,3,7,10
418083,9,6,2,3,7,0,0,10,0,3,7,10
418083,10,7,1,1,1,0,0,2,0,1,1,2
418083,10,7,2,1,1,0,0,2,0,1,1,2
418083,11,8,1,2,3,0,0,5,0,2,3,5
418083,11,8,2,2,3,0,0,5,0,2,3,5
418445,1,412,1,1,18,0,0,19,0,1,18,19
418445,1,112,2,1,18,0,0,19,0,1,18,19
418445,2,999,1,0,11,0,0,11,0,0,11,11
418445,2,999,2,0,11,0,0,11,0,0,11,11
418445,4,2,1,0,2,0,0,2,0,0,2,2
418445,4,2,2,0,2,0,0,2,0,0,2,2
418445,5,3,1,0,5,0,0,5,0,0,5,5
418445,5,3,2,0,5,0,0,5,0,0,5,5
418445,6,4,1,0,4,0,0,4,0,0,4,4
418445,6,4,2,0,4,0,0,4,0,0,4,4
418445,7,999,1,1,7,0,0,8,0,1,7,8
418445,7,999,2,1,7,0,0,8,0,1,7,8
418445,8,5,1,0,4,0,0,4,0,0,4,4
418445,8,5,2,0,4,0,0,4,0,0,4,4
418445,9,6,1,1,0,0,0,1,0,1,0,1
418445,9,6,2,1,0,0,0,1,0,1,0,1
418445,10,7,1,0,1,0,0,1,0,0,1,1
418445,10,7,2,0,1,0,0,1,0,0,1,1
418445,11,8,1,0,1,0,0,1,0,0,1,1
418445,11,8,2,0,1,0,0,1,0,0,1,1
418445,12,9,1,0,1,0,0,1,0,0,1,1
418445,12,9,2,0,1,0,0,1,0,0,1,1
418481,1,412,1,1,17,0,0,18,0,1,17,18
418481,1,112,2,1,17,0,0,18,0,1,17,18
418481,2,999,1,0,10,0,0,10,0,0,10,10
418481,2,999,2,0,10,0,0,10,0,0,10,10
418481,4,2,1,0,6,0,0,6,0,0,6,6
418481,4,2,2,0,6,0,0,6,0,0,6,6
418481,5,3,1,0,3,0,0,3,0,0,3,3
418481,5,3,2,0,3,0,0,3,0,0,3,3
418481,6,4,1,0,1,0,0,1,0,0,1,1
418481,6,4,2,0,1,0,0,1,0,0,1,1
418481,7,999,1,1,7,0,0,8,0,1,7,8
418481,7,999,2,1,7,0,0,8,0,1,7,8
418481,8,5,1,0,3,0,0,3,0,0,3,3
418481,8,5,2,0,3,0,0,3,0,0,3,3
418481,9,6,1,0,4,0,0,4,0,0,4,4
418481,9,6,2,0,4,0,0,4,0,0,4,4
418481,12,9,1,1,0,0,0,1,0,1,0,1
418481,12,9,2,1,0,0,0,1,0,1,0,1
418533,1,412,1,23,203,25,97,226,122,48,300,348
418533,1,112,2,23,203,25,97,226,122,48,300,348
418533,2,999,1,17,117,12,36,134,48,29,153,182
418533,2,999,2,17,117,12,36,134,48,29,153,182
418533,3,1,1,1,0,0,0,1,0,1,0,1
418533,3,1,2,1,0,0,0,1,0,1,0,1
418533,4,2,1,7,40,6,7,47,13,13,47,60
418533,4,2,2,7,40,6,7,47,13,13,47,60
418533,5,3,1,4,37,2,11,41,13,6,48,54
418533,5,3,2,4,37,2,11,41,13,6,48,54
418533,6,4,1,5,40,4,18,45,22,9,58,67
418533,6,4,2,5,40,4,18,45,22,9,58,67
418533,7,999,1,6,86,13,56,92,69,19,142,161
418533,7,999,2,6,86,13,56,92,69,19,142,161
418533,8,5,1,2,37,4,28,39,32,6,65,71
418533,8,5,2,2,37,4,28,39,32,6,65,71
418533,9,6,1,0,25,5,9,25,14,5,34,39
418533,9,6,2,0,25,5,9,25,14,5,34,39
418533,10,7,1,0,11,1,7,11,8,1,18,19
418533,10,7,2,0,11,1,7,11,8,1,18,19
418533,11,8,1,4,13,3,7,17,10,7,20,27
418533,11,8,2,4,13,3,7,17,10,7,20,27
418533,12,9,1,0,0,0,5,0,5,0,5,5
418533,12,9,2,0,0,0,5,0,5,0,5,5
418533,14,11,1,0,0,0,5,0,5,0,5,5
418533,14,11,2,0,0,0,5,0,5,0,5,5
418588,1,412,1,3,17,0,0,20,0,3,17,20
418588,1,112,2,3,17,0,0,20,0,3,17,20
418588,2,999,1,2,6,0,0,8,0,2,6,8
418588,2,999,2,2,6,0,0,8,0,2,6,8
418588,4,2,1,0,4,0,0,4,0,0,4,4
418588,4,2,2,0,4,0,0,4,0,0,4,4
418588,5,3,1,1,2,0,0,3,0,1,2,3
418588,5,3,2,1,2,0,0,3,0,1,2,3
418588,6,4,1,1,0,0,0,1,0,1,0,1
418588,6,4,2,1,0,0,0,1,0,1,0,1
418588,7,999,1,1,11,0,0,12,0,1,11,12
418588,7,999,2,1,11,0,0,12,0,1,11,12
418588,8,5,1,0,2,0,0,2,0,0,2,2
418588,8,5,2,0,2,0,0,2,0,0,2,2
418588,9,6,1,1,4,0,0,5,0,1,4,5
418588,9,6,2,1,4,0,0,5,0,1,4,5
418588,10,7,1,0,1,0,0,1,0,0,1,1
418588,10,7,2,0,1,0,0,1,0,0,1,1
418588,11,8,1,0,4,0,0,4,0,0,4,4
418588,11,8,2,0,4,0,0,4,0,0,4,4
418913,1,412,1,8,17,0,0,25,0,8,17,25
418913,1,112,2,8,17,0,0,25,0,8,17,25
418913,2,999,1,3,7,0,0,10,0,3,7,10
418913,2,999,2,3,7,0,0,10,0,3,7,10
418913,4,2,1,0,2,0,0,2,0,0,2,2
418913,4,2,2,0,2,0,0,2,0,0,2,2
418913,5,3,1,2,2,0,0,4,0,2,2,4
418913,5,3,2,2,2,0,0,4,0,2,2,4
418913,6,4,1,1,3,0,0,4,0,1,3,4
418913,6,4,2,1,3,0,0,4,0,1,3,4
418913,7,999,1,5,10,0,0,15,0,5,10,15
418913,7,999,2,5,10,0,0,15,0,5,10,15
418913,8,5,1,1,2,0,0,3,0,1,2,3
418913,8,5,2,1,2,0,0,3,0,1,2,3
418913,9,6,1,2,3,0,0,5,0,2,3,5
418913,9,6,2,2,3,0,0,5,0,2,3,5
418913,10,7,1,2,2,0,0,4,0,2,2,4
418913,10,7,2,2,2,0,0,4,0,2,2,4
418913,11,8,1,0,2,0,0,2,0,0,2,2
418913,11,8,2,0,2,0,0,2,0,0,2,2
418913,12,9,1,0,1,0,0,1,0,0,1,1
418913,12,9,2,0,1,0,0,1,0,0,1,1
419235,1,412,1,33,96,0,0,129,0,33,96,129
419235,1,112,2,33,96,0,0,129,0,33,96,129
419235,2,999,1,10,53,0,0,63,0,10,53,63
419235,2,999,2,10,53,0,0,63,0,10,53,63
419235,3,1,1,0,1,0,0,1,0,0,1,1
419235,3,1,2,0,1,0,0,1,0,0,1,1
419235,4,2,1,3,15,0,0,18,0,3,15,18
419235,4,2,2,3,15,0,0,18,0,3,15,18
419235,5,3,1,2,16,0,0,18,0,2,16,18
419235,5,3,2,2,16,0,0,18,0,2,16,18
419235,6,4,1,5,21,0,0,26,0,5,21,26
419235,6,4,2,5,21,0,0,26,0,5,21,26
419235,7,999,1,23,43,0,0,66,0,23,43,66
419235,7,999,2,23,43,0,0,66,0,23,43,66
419235,8,5,1,9,20,0,0,29,0,9,20,29
419235,8,5,2,9,20,0,0,29,0,9,20,29
419235,9,6,1,4,15,0,0,19,0,4,15,19
419235,9,6,2,4,15,0,0,19,0,4,15,19
419235,10,7,1,5,5,0,0,10,0,5,5,10
419235,10,7,2,5,5,0,0,10,0,5,5,10
419235,11,8,1,4,2,0,0,6,0,4,2,6
419235,11,8,2,4,2,0,0,6,0,4,2,6
419235,12,9,1,1,1,0,0,2,0,1,1,2
419235,12,9,2,1,1,0,0,2,0,1,1,2
419280,1,412,1,0,19,0,10,19,10,0,29,29
419280,1,112,2,0,19,0,10,19,10,0,29,29
419280,2,999,1,0,14,0,6,14,6,0,20,20
419280,2,999,2,0,14,0,6,14,6,0,20,20
419280,3,1,1,0,1,0,0,1,0,0,1,1
419280,3,1,2,0,1,0,0,1,0,0,1,1
419280,4,2,1,0,7,0,2,7,2,0,9,9
419280,4,2,2,0,7,0,2,7,2,0,9,9
419280,5,3,1,0,2,0,3,2,3,0,5,5
419280,5,3,2,0,2,0,3,2,3,0,5,5
419280,6,4,1,0,4,0,1,4,1,0,5,5
419280,6,4,2,0,4,0,1,4,1,0,5,5
419280,7,999,1,0,5,0,4,5,4,0,9,9
419280,7,999,2,0,5,0,4,5,4,0,9,9
419280,8,5,1,0,2,0,1,2,1,0,3,3
419280,8,5,2,0,2,0,1,2,1,0,3,3
419280,9,6,1,0,2,0,0,2,0,0,2,2
419280,9,6,2,0,2,0,0,2,0,0,2,2
419280,10,7,1,0,1,0,2,1,2,0,3,3
419280,10,7,2,0,1,0,2,1,2,0,3,3
419280,11,8,1,0,0,0,1,0,1,0,1,1
419280,11,8,2,0,0,0,1,0,1,0,1,1
419332,1,412,1,2,0,6,1,2,7,8,1,9
419332,1,112,2,2,0,6,1,2,7,8,1,9
419332,2,999,1,1,0,1,1,1,2,2,1,3
419332,2,999,2,1,0,1,1,1,2,2,1,3
419332,4,2,1,1,0,0,1,1,1,1,1,2
419332,4,2,2,1,0,0,1,1,1,1,1,2
419332,5,3,1,0,0,1,0,0,1,1,0,1
419332,5,3,2,0,0,1,0,0,1,1,0,1
419332,7,999,1,1,0,5,0,1,5,6,0,6
419332,7,999,2,1,0,5,0,1,5,6,0,6
419332,8,5,1,0,0,2,0,0,2,2,0,2
419332,8,5,2,0,0,2,0,0,2,2,0,2
419332,11,8,1,0,0,1,0,0,1,1,0,1
419332,11,8,2,0,0,1,0,0,1,1,0,1
419332,12,9,1,0,0,2,0,0,2,2,0,2
419332,12,9,2,0,0,2,0,0,2,2,0,2
419332,13,10,1,1,0,0,0,1,0,1,0,1
419332,13,10,2,1,0,0,0,1,0,1,0,1
420042,1,412,1,83,34,0,0,117,0,83,34,117
420042,1,112,2,75,32,0,0,107,0,75,32,107
420042,1,312,5,8,2,0,0,10,0,8,2,10
420042,2,999,1,2,4,0,0,6,0,2,4,6
420042,2,999,2,2,4,0,0,6,0,2,4,6
420042,4,2,1,0,2,0,0,2,0,0,2,2
420042,4,2,2,0,2,0,0,2,0,0,2,2
420042,6,4,1,2,2,0,0,4,0,2,2,4
420042,6,4,2,2,2,0,0,4,0,2,2,4
420042,7,999,1,81,30,0,0,111,0,81,30,111
420042,7,999,2,73,28,0,0,101,0,73,28,101
420042,7,999,5,8,2,0,0,10,0,8,2,10
420042,8,5,1,10,8,0,0,18,0,10,8,18
420042,8,5,2,9,8,0,0,17,0,9,8,17
420042,8,5,5,1,0,0,0,1,0,1,0,1
420042,9,6,1,17,9,0,0,26,0,17,9,26
420042,9,6,2,17,9,0,0,26,0,17,9,26
420042,10,7,1,18,5,0,0,23,0,18,5,23
420042,10,7,2,16,5,0,0,21,0,16,5,21
420042,10,7,5,2,0,0,0,2,0,2,0,2
420042,11,8,1,17,6,0,0,23,0,17,6,23
420042,11,8,2,16,4,0,0,20,0,16,4,20
420042,11,8,5,1,2,0,0,3,0,1,2,3
420042,12,9,1,19,2,0,0,21,0,19,2,21
420042,12,9,2,15,2,0,0,17,0,15,2,17
420042,12,9,5,4,0,0,0,4,0,4,0,4
420246,1,412,1,79,392,5,33,471,38,84,425,509
420246,1,312,5,79,392,5,33,471,38,84,425,509
420246,2,999,1,10,73,0,1,83,1,10,74,84
420246,2,999,5,10,73,0,1,83,1,10,74,84
420246,5,3,1,0,5,0,0,5,0,0,5,5
420246,5,3,5,0,5,0,0,5,0,0,5,5
420246,6,4,1,10,68,0,1,78,1,10,69,79
420246,6,4,5,10,68,0,1,78,1,10,69,79
420246,7,999,1,69,319,5,32,388,37,74,351,425
420246,7,999,5,69,319,5,32,388,37,74,351,425
420246,8,5,1,31,147,0,5,178,5,31,152,183
420246,8,5,5,31,147,0,5,178,5,31,152,183
420246,9,6,1,14,70,1,9,84,10,15,79,94
420246,9,6,5,14,70,1,9,84,10,15,79,94
420246,10,7,1,14,39,2,4,53,6,16,43,59
420246,10,7,5,14,39,2,4,53,6,16,43,59
420246,11,8,1,9,45,1,13,54,14,10,58,68
420246,11,8,5,9,45,1,13,54,14,10,58,68
420246,12,9,1,0,17,1,1,17,2,1,18,19
420246,12,9,5,0,17,1,1,17,2,1,18,19
420246,13,10,1,1,1,0,0,2,0,1,1,2
420246,13,10,5,1,1,0,0,2,0,1,1,2
420343,1,412,1,688,21,183,5,709,188,871,26,897
420343,1,112,2,688,21,183,5,709,188,871,26,897
420343,2,999,1,573,13,99,2,586,101,672,15,687
420343,2,999,2,573,13,99,2,586,101,672,15,687
420343,3,1,1,343,4,16,0,347,16,359,4,363
420343,3,1,2,343,4,16,0,347,16,359,4,363
420343,4,2,1,105,5,26,0,110,26,131,5,136
420343,4,2,2,105,5,26,0,110,26,131,5,136
420343,5,3,1,67,3,23,1,70,24,90,4,94
420343,5,3,2,67,3,23,1,70,24,90,4,94
420343,6,4,1,58,1,34,1,59,35,92,2,94
420343,6,4,2,58,1,34,1,59,35,92,2,94
420343,7,999,1,115,8,84,3,123,87,199,11,210
420343,7,999,2,115,8,84,3,123,87,199,11,210
420343,8,5,1,52,4,28,2,56,30,80,6,86
420343,8,5,2,52,4,28,2,56,30,80,6,86
420343,9,6,1,36,2,20,0,38,20,56,2,58
420343,9,6,2,36,2,20,0,38,20,56,2,58
420343,10,7,1,13,0,12,1,13,13,25,1,26
420343,10,7,2,13,0,12,1,13,13,25,1,26
420343,11,8,1,10,1,15,0,11,15,25,1,26
420343,11,8,2,10,1,15,0,11,15,25,1,26
420343,12,9,1,3,1,9,0,4,9,12,1,13
420343,12,9,2,3,1,9,0,4,9,12,1,13
420343,13,10,1,1,0,0,0,1,0,1,0,1
420343,13,10,2,1,0,0,0,1,0,1,0,1
420398,1,412,1,1625,2234,5942,8741,3859,14683,7567,10975,18542
420398,1,112,2,1625,2234,5942,8741,3859,14683,7567,10975,18542
420398,2,999,1,1442,2010,4542,6557,3452,11099,5984,8567,14551
420398,2,999,2,1442,2010,4542,6557,3452,11099,5984,8567,14551
420398,3,1,1,79,139,1530,2641,218,4171,1609,2780,4389
420398,3,1,2,79,139,1530,2641,218,4171,1609,2780,4389
420398,4,2,1,860,1225,1196,1410,2085,2606,2056,2635,4691
420398,4,2,2,860,1225,1196,1410,2085,2606,2056,2635,4691
420398,5,3,1,338,484,1027,1401,822,2428,1365,1885,3250
420398,5,3,2,338,484,1027,1401,822,2428,1365,1885,3250
420398,6,4,1,165,162,789,1105,327,1894,954,1267,2221
420398,6,4,2,165,162,789,1105,327,1894,954,1267,2221
420398,7,999,1,183,224,1400,2184,407,3584,1583,2408,3991
420398,7,999,2,183,224,1400,2184,407,3584,1583,2408,3991
420398,8,5,1,111,115,656,950,226,1606,767,1065,1832
420398,8,5,2,111,115,656,950,226,1606,767,1065,1832
420398,9,6,1,29,46,348,523,75,871,377,569,946
420398,9,6,2,29,46,348,523,75,871,377,569,946
420398,10,7,1,23,26,191,288,49,479,214,314,528
420398,10,7,2,23,26,191,288,49,479,214,314,528
420398,11,8,1,15,29,150,312,44,462,165,341,506
420398,11,8,2,15,29,150,312,44,462,165,341,506
420398,12,9,1,5,8,50,105,13,155,55,113,168
420398,12,9,2,5,8,50,105,13,155,55,113,168
420398,13,10,1,0,0,5,6,0,11,5,6,11
420398,13,10,2,0,0,5,6,0,11,5,6,11
420431,1,412,1,110,273,527,925,383,1452,637,1198,1835
420431,1,112,2,110,273,527,925,383,1452,637,1198,1835
420431,2,999,1,64,106,331,460,170,791,395,566,961
420431,2,999,2,64,106,331,460,170,791,395,566,961
420431,3,1,1,3,1,95,130,4,225,98,131,229
420431,3,1,2,3,1,95,130,4,225,98,131,229
420431,4,2,1,31,22,110,117,53,227,141,139,280
420431,4,2,2,31,22,110,117,53,227,141,139,280
420431,5,3,1,16,37,71,94,53,165,87,131,218
420431,5,3,2,16,37,71,94,53,165,87,131,218
420431,6,4,1,14,46,55,119,60,174,69,165,234
420431,6,4,2,14,46,55,119,60,174,69,165,234
420431,7,999,1,46,167,196,465,213,661,242,632,874
420431,7,999,2,46,167,196,465,213,661,242,632,874
420431,8,5,1,11,65,53,135,76,188,64,200,264
420431,8,5,2,11,65,53,135,76,188,64,200,264
420431,9,6,1,10,33,43,98,43,141,53,131,184
420431,9,6,2,10,33,43,98,43,141,53,131,184
420431,10,7,1,8,27,38,85,35,123,46,112,158
420431,10,7,2,8,27,38,85,35,123,46,112,158
420431,11,8,1,11,28,43,98,39,141,54,126,180
420431,11,8,2,11,28,43,98,39,141,54,126,180
420431,12,9,1,5,11,17,42,16,59,22,53,75
420431,12,9,2,5,11,17,42,16,59,22,53,75
420431,13,10,1,1,3,2,7,4,9,3,10,13
420431,13,10,2,1,3,2,7,4,9,3,10,13
420440,1,412,1,112,237,427,799,349,1226,539,1036,1575
420440,1,112,2,112,237,427,799,349,1226,539,1036,1575
420440,2,999,1,86,159,349,534,245,883,435,693,1128
420440,2,999,2,86,159,349,534,245,883,435,693,1128
420440,3,1,1,4,6,203,279,10,482,207,285,492
420440,3,1,2,4,6,203,279,10,482,207,285,492
420440,4,2,1,41,80,65,82,121,147,106,162,268
420440,4,2,2,41,80,65,82,121,147,106,162,268
420440,5,3,1,25,42,49,94,67,143,74,136,210
420440,5,3,2,25,42,49,94,67,143,74,136,210
420440,6,4,1,16,31,32,79,47,111,48,110,158
420440,6,4,2,16,31,32,79,47,111,48,110,158
420440,7,999,1,26,77,78,265,103,343,104,342,446
420440,7,999,2,26,77,78,265,103,343,104,342,446
420440,8,5,1,13,32,32,76,45,108,45,108,153
420440,8,5,2,13,32,32,76,45,108,45,108,153
420440,9,6,1,7,20,15,50,27,65,22,70,92
420440,9,6,2,7,20,15,50,27,65,22,70,92
420440,10,7,1,1,10,17,45,11,62,18,55,73
420440,10,7,2,1,10,17,45,11,62,18,55,73
420440,11,8,1,5,8,10,63,13,73,15,71,86
420440,11,8,2,5,8,10,63,13,73,15,71,86
420440,12,9,1,0,7,4,29,7,33,4,36,40
420440,12,9,2,0,7,4,29,7,33,4,36,40
420440,13,10,1,0,0,0,2,0,2,0,2,2
420440,13,10,2,0,0,0,2,0,2,0,2,2
420440,14,11,1,0,1,0,0,1,0,0,1,1
420440,14,11,2,0,1,0,0,1,0,0,1,1
420538,1,412,1,183,336,320,432,519,752,503,768,1271
420538,1,112,2,183,336,320,432,519,752,503,768,1271
420538,2,999,1,134,218,254,281,352,535,388,499,887
420538,2,999,2,134,218,254,281,352,535,388,499,887
420538,3,1,1,4,17,156,187,21,343,160,204,364
420538,3,1,2,4,17,156,187,21,343,160,204,364
420538,4,2,1,86,118,54,40,204,94,140,158,298
420538,4,2,2,86,118,54,40,204,94,140,158,298
420538,5,3,1,25,39,27,20,64,47,52,59,111
420538,5,3,2,25,39,27,20,64,47,52,59,111
420538,6,4,1,19,44,17,34,63,51,36,78,114
420538,6,4,2,19,44,17,34,63,51,36,78,114
420538,7,999,1,49,118,66,151,167,217,115,269,384
420538,7,999,2,49,118,66,151,167,217,115,269,384
420538,8,5,1,18,39,22,38,57,60,40,77,117
420538,8,5,2,18,39,22,38,57,60,40,77,117
420538,9,6,1,10,25,18,31,35,49,28,56,84
420538,9,6,2,10,25,18,31,35,49,28,56,84
420538,10,7,1,11,20,7,22,31,29,18,42,60
420538,10,7,2,11,20,7,22,31,29,18,42,60
420538,11,8,1,7,24,11,41,31,52,18,65,83
420538,11,8,2,7,24,11,41,31,52,18,65,83
420538,12,9,1,2,9,7,13,11,20,9,22,31
420538,12,9,2,2,9,7,13,11,20,9,22,31
420538,13,10,1,1,1,1,6,2,7,2,7,9
420538,13,10,2,1,1,1,6,2,7,2,7,9
420556,1,412,1,103,237,133,352,340,485,236,589,825
420556,1,112,2,103,237,133,352,340,485,236,589,825
420556,2,999,1,76,179,100,187,255,287,176,366,542
420556,2,999,2,76,179,100,187,255,287,176,366,542
420556,3,1,1,15,38,45,70,53,115,60,108,168
420556,3,1,2,15,38,45,70,53,115,60,108,168
420556,4,2,1,43,90,27,46,133,73,70,136,206
420556,4,2,2,43,90,27,46,133,73,70,136,206
420556,5,3,1,9,29,17,40,38,57,26,69,95
420556,5,3,2,9,29,17,40,38,57,26,69,95
420556,6,4,1,9,22,11,31,31,42,20,53,73
420556,6,4,2,9,22,11,31,31,42,20,53,73
420556,7,999,1,27,58,33,165,85,198,60,223,283
420556,7,999,2,27,58,33,165,85,198,60,223,283
420556,8,5,1,11,23,6,53,34,59,17,76,93
420556,8,5,2,11,23,6,53,34,59,17,76,93
420556,9,6,1,7,9,11,39,16,50,18,48,66
420556,9,6,2,7,9,11,39,16,50,18,48,66
420556,10,7,1,5,14,9,24,19,33,14,38,52
420556,10,7,2,5,14,9,24,19,33,14,38,52
420556,11,8,1,4,7,5,33,11,38,9,40,49
420556,11,8,2,4,7,5,33,11,38,9,40,49
420556,12,9,1,0,4,1,15,4,16,1,19,20
420556,12,9,2,0,4,1,15,4,16,1,19,20
420556,13,10,1,0,1,1,1,1,2,1,2,3
420556,13,10,2,0,1,1,1,1,2,1,2,3
420723,1,412,1,54,99,128,216,153,344,182,315,497
420723,1,112,2,54,99,128,216,153,344,182,315,497
420723,2,999,1,39,78,89,161,117,250,128,239,367
420723,2,999,2,39,78,89,161,117,250,128,239,367
420723,3,1,1,9,17,45,86,26,131,54,103,157
420723,3,1,2,9,17,45,86,26,131,54,103,157
420723,4,2,1,18,44,28,52,62,80,46,96,142
420723,4,2,2,18,44,28,52,62,80,46,96,142
420723,5,3,1,8,10,8,11,18,19,16,21,37
420723,5,3,2,8,10,8,11,18,19,16,21,37
420723,6,4,1,4,7,8,12,11,20,12,19,31
420723,6,4,2,4,7,8,12,11,20,12,19,31
420723,7,999,1,15,21,39,55,36,94,54,76,130
420723,7,999,2,15,21,39,55,36,94,54,76,130
420723,8,5,1,3,10,11,12,13,23,14,22,36
420723,8,5,2,3,10,11,12,13,23,14,22,36
420723,9,6,1,7,6,13,13,13,26,20,19,39
420723,9,6,2,7,6,13,13,13,26,20,19,39
420723,10,7,1,1,2,6,7,3,13,7,9,16
420723,10,7,2,1,2,6,7,3,13,7,9,16
420723,11,8,1,4,2,7,15,6,22,11,17,28
420723,11,8,2,4,2,7,15,6,22,11,17,28
420723,12,9,1,0,1,2,8,1,10,2,9,11
420723,12,9,2,0,1,2,8,1,10,2,9,11
421610,1,412,1,4,100,0,1,104,1,4,101,105
421610,1,112,2,4,100,0,1,104,1,4,101,105
421610,2,999,1,2,58,0,1,60,1,2,59,61
421610,2,999,2,2,58,0,1,60,1,2,59,61
421610,4,2,1,1,24,0,1,25,1,1,25,26
421610,4,2,2,1,24,0,1,25,1,1,25,26
421610,5,3,1,1,22,0,0,23,0,1,22,23
421610,5,3,2,1,22,0,0,23,0,1,22,23
421610,6,4,1,0,12,0,0,12,0,0,12,12
421610,6,4,2,0,12,0,0,12,0,0,12,12
421610,7,999,1,2,33,0,0,35,0,2,33,35
421610,7,999,2,2,33,0,0,35,0,2,33,35
421610,8,5,1,1,15,0,0,16,0,1,15,16
421610,8,5,2,1,15,0,0,16,0,1,15,16
421610,9,6,1,0,7,0,0,7,0,0,7,7
421610,9,6,2,0,7,0,0,7,0,0,7,7
421610,10,7,1,1,7,0,0,8,0,1,7,8
421610,10,7,2,1,7,0,0,8,0,1,7,8
421610,11,8,1,0,3,0,0,3,0,0,3,3
421610,11,8,2,0,3,0,0,3,0,0,3,3
421610,12,9,1,0,1,0,0,1,0,0,1,1
421610,12,9,2,0,1,0,0,1,0,0,1,1
421610,14,11,1,0,9,0,0,9,0,0,9,9
421610,14,11,2,0,9,0,0,9,0,0,9,9
421665,1,412,1,1,6,0,3,7,3,1,9,10
421665,1,112,2,1,6,0,3,7,3,1,9,10
421665,2,999,1,1,5,0,2,6,2,1,7,8
421665,2,999,2,1,5,0,2,6,2,1,7,8
421665,4,2,1,0,5,0,1,5,1,0,6,6
421665,4,2,2,0,5,0,1,5,1,0,6,6
421665,5,3,1,0,0,0,1,0,1,0,1,1
421665,5,3,2,0,0,0,1,0,1,0,1,1
421665,6,4,1,1,0,0,0,1,0,1,0,1
421665,6,4,2,1,0,0,0,1,0,1,0,1
421665,7,999,1,0,1,0,1,1,1,0,2,2
421665,7,999,2,0,1,0,1,1,1,0,2,2
421665,8,5,1,0,0,0,1,0,1,0,1,1
421665,8,5,2,0,0,0,1,0,1,0,1,1
421665,9,6,1,0,1,0,0,1,0,0,1,1
421665,9,6,2,0,1,0,0,1,0,0,1,1
421717,1,412,1,9,14,0,0,23,0,9,14,23
421717,1,112,2,9,14,0,0,23,0,9,14,23
421717,2,999,1,1,3,0,0,4,0,1,3,4
421717,2,999,2,1,3,0,0,4,0,1,3,4
421717,4,2,1,0,1,0,0,1,0,0,1,1
421717,4,2,2,0,1,0,0,1,0,0,1,1
421717,5,3,1,0,2,0,0,2,0,0,2,2
421717,5,3,2,0,2,0,0,2,0,0,2,2
421717,6,4,1,1,0,0,0,1,0,1,0,1
421717,6,4,2,1,0,0,0,1,0,1,0,1
421717,7,999,1,8,11,0,0,19,0,8,11,19
421717,7,999,2,8,11,0,0,19,0,8,11,19
421717,8,5,1,5,5,0,0,10,0,5,5,10
421717,8,5,2,5,5,0,0,10,0,5,5,10
421717,9,6,1,1,2,0,0,3,0,1,2,3
421717,9,6,2,1,2,0,0,3,0,1,2,3
421717,10,7,1,2,2,0,0,4,0,2,2,4
421717,10,7,2,2,2,0,0,4,0,2,2,4
421717,11,8,1,0,2,0,0,2,0,0,2,2
421717,11,8,2,0,2,0,0,2,0,0,2,2
423643,1,412,1,1661,2182,36,48,3843,84,1697,2230,3927
423643,1,312,5,1661,2182,36,48,3843,84,1697,2230,3927
423643,2,999,1,334,841,3,6,1175,9,337,847,1184
423643,2,999,5,334,841,3,6,1175,9,337,847,1184
423643,4,2,1,1,1,0,0,2,0,1,1,2
423643,4,2,5,1,1,0,0,2,0,1,1,2
423643,5,3,1,8,22,1,0,30,1,9,22,31
423643,5,3,5,8,22,1,0,30,1,9,22,31
423643,6,4,1,325,818,2,6,1143,8,327,824,1151
423643,6,4,5,325,818,2,6,1143,8,327,824,1151
423643,7,999,1,1327,1341,33,42,2668,75,1360,1383,2743
423643,7,999,5,1327,1341,33,42,2668,75,1360,1383,2743
423643,8,5,1,957,1062,6,19,2019,25,963,1081,2044
423643,8,5,5,957,1062,6,19,2019,25,963,1081,2044
423643,9,6,1,285,186,13,9,471,22,298,195,493
423643,9,6,5,285,186,13,9,471,22,298,195,493
423643,10,7,1,58,60,8,5,118,13,66,65,131
423643,10,7,5,58,60,8,5,118,13,66,65,131
423643,11,8,1,25,31,3,8,56,11,28,39,67
423643,11,8,5,25,31,3,8,56,11,28,39,67
423643,12,9,1,2,2,3,1,4,4,5,3,8
423643,12,9,5,2,2,3,1,4,4,5,3,8
423652,1,412,1,54,136,62,165,190,227,116,301,417
423652,1,112,2,54,136,62,165,190,227,116,301,417
423652,2,999,1,38,79,43,101,117,144,81,180,261
423652,2,999,2,38,79,43,101,117,144,81,180,261
423652,3,1,1,6,7,19,36,13,55,25,43,68
423652,3,1,2,6,7,19,36,13,55,25,43,68
423652,4,2,1,22,42,14,30,64,44,36,72,108
423652,4,2,2,22,42,14,30,64,44,36,72,108
423652,5,3,1,5,17,8,17,22,25,13,34,47
423652,5,3,2,5,17,8,17,22,25,13,34,47
423652,6,4,1,5,13,2,18,18,20,7,31,38
423652,6,4,2,5,13,2,18,18,20,7,31,38
423652,7,999,1,16,57,19,64,73,83,35,121,156
423652,7,999,2,16,57,19,64,73,83,35,121,156
423652,8,5,1,9,26,8,20,35,28,17,46,63
423652,8,5,2,9,26,8,20,35,28,17,46,63
423652,9,6,1,2,14,7,12,16,19,9,26,35
423652,9,6,2,2,14,7,12,16,19,9,26,35
423652,10,7,1,4,11,0,9,15,9,4,20,24
423652,10,7,2,4,11,0,9,15,9,4,20,24
423652,11,8,1,1,2,1,10,3,11,2,12,14
423652,11,8,2,1,2,1,10,3,11,2,12,14
423652,12,9,1,0,4,2,10,4,12,2,14,16
423652,12,9,2,0,4,2,10,4,12,2,14,16
423652,13,10,1,0,0,1,3,0,4,1,3,4
423652,13,10,2,0,0,1,3,0,4,1,3,4
426314,1,412,1,3815,957,7663,1469,4772,9132,11478,2426,13904
426314,1,112,2,2390,421,6472,1045,2811,7517,8862,1466,10328
426314,1,312,5,1425,536,1191,424,1961,1615,2616,960,3576
426314,2,999,1,597,226,1151,335,823,1486,1748,561,2309
426314,2,999,2,487,142,1090,300,629,1390,1577,442,2019
426314,2,999,5,110,84,61,35,194,96,171,119,290
426314,3,1,1,7,7,79,36,14,115,86,43,129
426314,3,1,2,7,7,79,36,14,115,86,43,129
426314,4,2,1,51,13,87,36,64,123,138,49,187
426314,4,2,2,51,13,87,36,64,123,138,49,187
426314,5,3,1,116,42,238,78,158,316,354,120,474
426314,5,3,2,111,35,234,77,146,311,345,112,457
426314,5,3,5,5,7,4,1,12,5,9,8,17
426314,6,4,1,423,164,747,185,587,932,1170,349,1519
426314,6,4,2,318,87,690,151,405,841,1008,238,1246
426314,6,4,5,105,77,57,34,182,91,162,111,273
426314,7,999,1,3218,731,6511,1134,3949,7645,9729,1865,11594
426314,7,999,2,1903,279,5382,745,2182,6127,7285,1024,8309
426314,7,999,5,1315,452,1129,389,1767,1518,2444,841,3285
426314,8,5,1,1047,310,1717,401,1357,2118,2764,711,3475
426314,8,5,2,719,129,1495,283,848,1778,2214,412,2626
426314,8,5,5,328,181,222,118,509,340,550,299,849
426314,9,6,1,828,178,1848,289,1006,2137,2676,467,3143
426314,9,6,2,518,71,1559,210,589,1769,2077,281,2358
426314,9,6,5,310,107,289,79,417,368,599,186,785
426314,10,7,1,596,118,1463,197,714,1660,2059,315,2374
426314,10,7,2,322,46,1250,123,368,1373,1572,169,1741
426314,10,7,5,274,72,213,74,346,287,487,146,633
426314,11,8,1,553,94,1110,177,647,1287,1663,271,1934
426314,11,8,2,275,24,848,95,299,943,1123,119,1242
426314,11,8,5,278,70,262,82,348,344,540,152,692
426314,12,9,1,191,28,366,70,219,436,557,98,655
426314,12,9,2,68,8,226,34,76,260,294,42,336
426314,12,9,5,123,20,140,36,143,176,263,56,319
426314,13,10,1,3,3,7,0,6,7,10,3,13
426314,13,10,2,1,1,4,0,2,4,5,1,6
426314,13,10,5,2,2,3,0,4,3,5,2,7
426314,14,11,1,0,0,1,0,0,1,1,0,1
426314,14,11,5,0,0,1,0,0,1,1,0,1
427308,1,412,1,4,135,0,0,139,0,4,135,139
427308,1,112,2,4,135,0,0,139,0,4,135,139
427308,2,999,1,0,11,0,0,11,0,0,11,11
427308,2,999,2,0,11,0,0,11,0,0,11,11
427308,5,3,1,0,4,0,0,4,0,0,4,4
427308,5,3,2,0,4,0,0,4,0,0,4,4
427308,6,4,1,0,7,0,0,7,0,0,7,7
427308,6,4,2,0,7,0,0,7,0,0,7,7
427308,7,999,1,3,112,0,0,115,0,3,112,115
427308,7,999,2,3,112,0,0,115,0,3,112,115
427308,8,5,1,0,17,0,0,17,0,0,17,17
427308,8,5,2,0,17,0,0,17,0,0,17,17
427308,9,6,1,0,34,0,0,34,0,0,34,34
427308,9,6,2,0,34,0,0,34,0,0,34,34
427308,10,7,1,1,17,0,0,18,0,1,17,18
427308,10,7,2,1,17,0,0,18,0,1,17,18
427308,11,8,1,1,37,0,0,38,0,1,37,38
427308,11,8,2,1,37,0,0,38,0,1,37,38
427308,12,9,1,1,7,0,0,8,0,1,7,8
427308,12,9,2,1,7,0,0,8,0,1,7,8
427308,14,11,1,1,12,0,0,13,0,1,12,13
427308,14,11,2,1,12,0,0,13,0,1,12,13
428055,1,412,1,39,151,0,0,190,0,39,151,190
428055,1,112,2,39,151,0,0,190,0,39,151,190
428055,2,999,1,22,96,0,0,118,0,22,96,118
428055,2,999,2,22,96,0,0,118,0,22,96,118
428055,3,1,1,7,15,0,0,22,0,7,15,22
428055,3,1,2,7,15,0,0,22,0,7,15,22
428055,4,2,1,6,35,0,0,41,0,6,35,41
428055,4,2,2,6,35,0,0,41,0,6,35,41
428055,5,3,1,7,18,0,0,25,0,7,18,25
428055,5,3,2,7,18,0,0,25,0,7,18,25
428055,6,4,1,2,28,0,0,30,0,2,28,30
428055,6,4,2,2,28,0,0,30,0,2,28,30
428055,7,999,1,17,55,0,0,72,0,17,55,72
428055,7,999,2,17,55,0,0,72,0,17,55,72
428055,8,5,1,11,16,0,0,27,0,11,16,27
428055,8,5,2,11,16,0,0,27,0,11,16,27
428055,9,6,1,3,14,0,0,17,0,3,14,17
428055,9,6,2,3,14,0,0,17,0,3,14,17
428055,10,7,1,2,13,0,0,15,0,2,13,15
428055,10,7,2,2,13,0,0,15,0,2,13,15
428055,11,8,1,0,10,0,0,10,0,0,10,10
428055,11,8,2,0,10,0,0,10,0,0,10,10
428055,12,9,1,1,2,0,0,3,0,1,2,3
428055,12,9,2,1,2,0,0,3,0,1,2,3
428259,1,412,1,4,33,70,130,37,200,74,163,237
428259,1,112,2,3,23,22,57,26,79,25,80,105
428259,1,312,5,1,10,48,73,11,121,49,83,132
428259,2,999,1,1,8,8,10,9,18,9,18,27
428259,2,999,2,1,8,6,8,9,14,7,16,23
428259,2,999,5,0,0,2,2,0,4,2,2,4
428259,4,2,1,0,1,1,0,1,1,1,1,2
428259,4,2,2,0,1,1,0,1,1,1,1,2
428259,5,3,1,0,3,0,1,3,1,0,4,4
428259,5,3,2,0,3,0,1,3,1,0,4,4
428259,6,4,1,1,4,7,9,5,16,8,13,21
428259,6,4,2,1,4,5,7,5,12,6,11,17
428259,6,4,5,0,0,2,2,0,4,2,2,4
428259,7,999,1,3,25,62,120,28,182,65,145,210
428259,7,999,2,2,15,16,49,17,65,18,64,82
428259,7,999,5,1,10,46,71,11,117,47,81,128
428259,8,5,1,0,10,27,47,10,74,27,57,84
428259,8,5,2,0,7,2,12,7,14,2,19,21
428259,8,5,5,0,3,25,35,3,60,25,38,63
428259,9,6,1,0,1,15,24,1,39,15,25,40
428259,9,6,2,0,0,1,11,0,12,1,11,12
428259,9,6,5,0,1,14,13,1,27,14,14,28
428259,10,7,1,3,4,9,15,7,24,12,19,31
428259,10,7,2,2,3,5,7,5,12,7,10,17
428259,10,7,5,1,1,4,8,2,12,5,9,14
428259,11,8,1,0,6,11,23,6,34,11,29,40
428259,11,8,2,0,4,8,12,4,20,8,16,24
428259,11,8,5,0,2,3,11,2,14,3,13,16
428259,12,9,1,0,4,0,11,4,11,0,15,15
428259,12,9,2,0,1,0,7,1,7,0,8,8
428259,12,9,5,0,3,0,4,3,4,0,7,7
429094,1,412,1,18,80,4,33,98,37,22,113,135
429094,1,312,5,18,80,4,33,98,37,22,113,135
429094,2,999,1,0,4,0,1,4,1,0,5,5
429094,2,999,5,0,4,0,1,4,1,0,5,5
429094,6,4,1,0,4,0,1,4,1,0,5,5
429094,6,4,5,0,4,0,1,4,1,0,5,5
429094,7,999,1,18,76,4,31,94,35,22,107,129
429094,7,999,5,18,76,4,31,94,35,22,107,129
429094,8,5,1,4,21,1,7,25,8,5,28,33
429094,8,5,5,4,21,1,7,25,8,5,28,33
429094,9,6,1,4,19,0,3,23,3,4,22,26
429094,9,6,5,4,19,0,3,23,3,4,22,26
429094,10,7,1,4,10,0,1,14,1,4,11,15
429094,10,7,5,4,10,0,1,14,1,4,11,15
429094,11,8,1,4,18,2,14,22,16,6,32,38
429094,11,8,5,4,18,2,14,22,16,6,32,38
429094,12,9,1,2,8,1,6,10,7,3,14,17
429094,12,9,5,2,8,1,6,10,7,3,14,17
429094,14,11,1,0,0,0,1,0,1,0,1,1
429094,14,11,5,0,0,0,1,0,1,0,1,1
430227,1,412,1,2,61,1,17,63,18,3,78,81
430227,1,112,2,2,61,1,17,63,18,3,78,81
430227,2,999,1,2,30,0,5,32,5,2,35,37
430227,2,999,2,2,30,0,5,32,5,2,35,37
430227,4,2,1,0,7,0,1,7,1,0,8,8
430227,4,2,2,0,7,0,1,7,1,0,8,8
430227,5,3,1,1,13,0,2,14,2,1,15,16
430227,5,3,2,1,13,0,2,14,2,1,15,16
430227,6,4,1,1,10,0,2,11,2,1,12,13
430227,6,4,2,1,10,0,2,11,2,1,12,13
430227,7,999,1,0,31,1,12,31,13,1,43,44
430227,7,999,2,0,31,1,12,31,13,1,43,44
430227,8,5,1,0,17,1,8,17,9,1,25,26
430227,8,5,2,0,17,1,8,17,9,1,25,26
430227,9,6,1,0,6,0,3,6,3,0,9,9
430227,9,6,2,0,6,0,3,6,3,0,9,9
430227,10,7,1,0,4,0,1,4,1,0,5,5
430227,10,7,2,0,4,0,1,4,1,0,5,5
430227,11,8,1,0,3,0,0,3,0,0,3,3
430227,11,8,2,0,3,0,0,3,0,0,3,3
430227,12,9,1,0,1,0,0,1,0,0,1,1
430227,12,9,2,0,1,0,0,1,0,0,1,1
430564,1,412,1,2,3,5,10,5,15,7,13,20
430564,1,112,2,2,3,5,10,5,15,7,13,20
430564,2,999,1,0,2,1,0,2,1,1,2,3
430564,2,999,2,0,2,1,0,2,1,1,2,3
430564,6,4,1,0,2,1,0,2,1,1,2,3
430564,6,4,2,0,2,1,0,2,1,1,2,3
430564,7,999,1,2,1,4,10,3,14,6,11,17
430564,7,999,2,2,1,4,10,3,14,6,11,17
430564,8,5,1,1,1,1,1,2,2,2,2,4
430564,8,5,2,1,1,1,1,2,2,2,2,4
430564,9,6,1,1,0,0,2,1,2,1,2,3
430564,9,6,2,1,0,0,2,1,2,1,2,3
430564,10,7,1,0,0,0,4,0,4,0,4,4
430564,10,7,2,0,0,0,4,0,4,0,4,4
430564,11,8,1,0,0,1,3,0,4,1,3,4
430564,11,8,2,0,0,1,3,0,4,1,3,4
430564,12,9,1,0,0,2,0,0,2,2,0,2
430564,12,9,2,0,0,2,0,0,2,2,0,2
430704,1,412,1,29,65,2,8,94,10,31,73,104
430704,1,112,2,8,17,0,3,25,3,8,20,28
430704,1,312,5,21,48,2,5,69,7,23,53,76
430704,2,999,1,4,11,0,1,15,1,4,12,16
430704,2,999,2,2,3,0,1,5,1,2,4,6
430704,2,999,5,2,8,0,0,10,0,2,8,10
430704,5,3,1,1,0,0,1,1,1,1,1,2
430704,5,3,2,1,0,0,1,1,1,1,1,2
430704,6,4,1,3,11,0,0,14,0,3,11,14
430704,6,4,2,1,3,0,0,4,0,1,3,4
430704,6,4,5,2,8,0,0,10,0,2,8,10
430704,7,999,1,25,54,2,7,79,9,27,61,88
430704,7,999,2,6,14,0,2,20,2,6,16,22
430704,7,999,5,19,40,2,5,59,7,21,45,66
430704,8,5,1,3,10,0,2,13,2,3,12,15
430704,8,5,2,1,2,0,1,3,1,1,3,4
430704,8,5,5,2,8,0,1,10,1,2,9,11
430704,9,6,1,7,12,1,0,19,1,8,12,20
430704,9,6,2,2,4,0,0,6,0,2,4,6
430704,9,6,5,5,8,1,0,13,1,6,8,14
430704,10,7,1,6,6,0,2,12,2,6,8,14
430704,10,7,2,1,1,0,1,2,1,1,2,3
430704,10,7,5,5,5,0,1,10,1,5,6,11
430704,11,8,1,2,18,0,2,20,2,2,20,22
430704,11,8,2,1,4,0,0,5,0,1,4,5
430704,11,8,5,1,14,0,2,15,2,1,16,17
430704,12,9,1,6,6,0,1,12,1,6,7,13
430704,12,9,2,0,2,0,0,2,0,0,2,2
430704,12,9,5,6,4,0,1,10,1,6,5,11
430704,13,10,1,1,2,1,0,3,1,2,2,4
430704,13,10,2,1,1,0,0,2,0,1,1,2
430704,13,10,5,0,1,1,0,1,1,1,1,2
430908,1,412,1,11,21,0,9,32,9,11,30,41
430908,1,112,2,11,21,0,9,32,9,11,30,41
430908,2,999,1,4,10,0,3,14,3,4,13,17
430908,2,999,2,4,10,0,3,14,3,4,13,17
430908,4,2,1,0,3,0,0,3,0,0,3,3
430908,4,2,2,0,3,0,0,3,0,0,3,3
430908,5,3,1,2,6,0,3,8,3,2,9,11
430908,5,3,2,2,6,0,3,8,3,2,9,11
430908,6,4,1,2,1,0,0,3,0,2,1,3
430908,6,4,2,2,1,0,0,3,0,2,1,3
430908,7,999,1,7,11,0,6,18,6,7,17,24
430908,7,999,2,7,11,0,6,18,6,7,17,24
430908,8,5,1,2,4,0,2,6,2,2,6,8
430908,8,5,2,2,4,0,2,6,2,2,6,8
430908,9,6,1,0,3,0,2,3,2,0,5,5
430908,9,6,2,0,3,0,2,3,2,0,5,5
430908,10,7,1,0,0,0,1,0,1,0,1,1
430908,10,7,2,0,0,0,1,0,1,0,1,1
430908,11,8,1,2,4,0,1,6,1,2,5,7
430908,11,8,2,2,4,0,1,6,1,2,5,7
430908,12,9,1,3,0,0,0,3,0,3,0,3
430908,12,9,2,3,0,0,0,3,0,3,0,3
430935,1,412,1,338,82,141,58,420,199,479,140,619
430935,1,112,2,338,82,141,58,420,199,479,140,619
430935,2,999,1,298,74,113,42,372,155,411,116,527
430935,2,999,2,298,74,113,42,372,155,411,116,527
430935,3,1,1,3,1,2,0,4,2,5,1,6
430935,3,1,2,3,1,2,0,4,2,5,1,6
430935,4,2,1,126,29,24,15,155,39,150,44,194
430935,4,2,2,126,29,24,15,155,39,150,44,194
430935,5,3,1,115,30,46,16,145,62,161,46,207
430935,5,3,2,115,30,46,16,145,62,161,46,207
430935,6,4,1,54,14,41,11,68,52,95,25,120
430935,6,4,2,54,14,41,11,68,52,95,25,120
430935,7,999,1,40,8,28,16,48,44,68,24,92
430935,7,999,2,40,8,28,16,48,44,68,24,92
430935,8,5,1,17,3,15,6,20,21,32,9,41
430935,8,5,2,17,3,15,6,20,21,32,9,41
430935,9,6,1,8,3,4,4,11,8,12,7,19
430935,9,6,2,8,3,4,4,11,8,12,7,19
430935,10,7,1,7,2,1,4,9,5,8,6,14
430935,10,7,2,7,2,1,4,9,5,8,6,14
430935,11,8,1,7,0,4,2,7,6,11,2,13
430935,11,8,2,7,0,4,2,7,6,11,2,13
430935,12,9,1,1,0,3,0,1,3,4,0,4
430935,12,9,2,1,0,3,0,1,3,4,0,4
430935,13,10,1,0,0,1,0,0,1,1,0,1
430935,13,10,2,0,0,1,0,0,1,1,0,1
432223,1,412,1,5,6,0,0,11,0,5,6,11
432223,1,112,2,5,6,0,0,11,0,5,6,11
432223,7,999,1,5,6,0,0,11,0,5,6,11
432223,7,999,2,5,6,0,0,11,0,5,6,11
432223,8,5,1,0,1,0,0,1,0,0,1,1
432223,8,5,2,0,1,0,0,1,0,0,1,1
432223,9,6,1,2,1,0,0,3,0,2,1,3
432223,9,6,2,2,1,0,0,3,0,2,1,3
432223,10,7,1,1,1,0,0,2,0,1,1,2
432223,10,7,2,1,1,0,0,2,0,1,1,2
432223,11,8,1,2,3,0,0,5,0,2,3,5
432223,11,8,2,2,3,0,0,5,0,2,3,5
433101,1,412,1,44,496,11,267,540,278,55,763,818
433101,1,112,2,44,496,11,267,540,278,55,763,818
433101,2,999,1,18,277,4,121,295,125,22,398,420
433101,2,999,2,18,277,4,121,295,125,22,398,420
433101,3,1,1,5,64,0,17,69,17,5,81,86
433101,3,1,2,5,64,0,17,69,17,5,81,86
433101,4,2,1,3,73,2,33,76,35,5,106,111
433101,4,2,2,3,73,2,33,76,35,5,106,111
433101,5,3,1,5,58,1,28,63,29,6,86,92
433101,5,3,2,5,58,1,28,63,29,6,86,92
433101,6,4,1,5,82,1,43,87,44,6,125,131
433101,6,4,2,5,82,1,43,87,44,6,125,131
433101,7,999,1,26,219,7,146,245,153,33,365,398
433101,7,999,2,26,219,7,146,245,153,33,365,398
433101,8,5,1,7,100,2,51,107,53,9,151,160
433101,8,5,2,7,100,2,51,107,53,9,151,160
433101,9,6,1,8,49,1,35,57,36,9,84,93
433101,9,6,2,8,49,1,35,57,36,9,84,93
433101,10,7,1,6,33,0,21,39,21,6,54,60
433101,10,7,2,6,33,0,21,39,21,6,54,60
433101,11,8,1,3,34,4,35,37,39,7,69,76
433101,11,8,2,3,34,4,35,37,39,7,69,76
433101,12,9,1,2,3,0,4,5,4,2,7,9
433101,12,9,2,2,3,0,4,5,4,2,7,9
433387,1,412,1,51388,96478,0,0,147866,0,51388,96478,147866
433387,1,112,2,38976,65943,0,0,104919,0,38976,65943,104919
433387,1,312,5,12412,30535,0,0,42947,0,12412,30535,42947
433387,2,999,1,4632,8921,0,0,13553,0,4632,8921,13553
433387,2,999,2,4194,7315,0,0,11509,0,4194,7315,11509
433387,2,999,5,438,1606,0,0,2044,0,438,1606,2044
433387,3,1,1,15,9,0,0,24,0,15,9,24
433387,3,1,2,15,9,0,0,24,0,15,9,24
433387,4,2,1,188,401,0,0,589,0,188,401,589
433387,4,2,2,187,399,0,0,586,0,187,399,586
433387,4,2,5,1,2,0,0,3,0,1,2,3
433387,5,3,1,899,1648,0,0,2547,0,899,1648,2547
433387,5,3,2,882,1613,0,0,2495,0,882,1613,2495
433387,5,3,5,17,35,0,0,52,0,17,35,52
433387,6,4,1,3530,6863,0,0,10393,0,3530,6863,10393
433387,6,4,2,3110,5294,0,0,8404,0,3110,5294,8404
433387,6,4,5,420,1569,0,0,1989,0,420,1569,1989
433387,7,999,1,46752,87550,0,0,134302,0,46752,87550,134302
433387,7,999,2,34779,58623,0,0,93402,0,34779,58623,93402
433387,7,999,5,11973,28927,0,0,40900,0,11973,28927,40900
433387,8,5,1,11127,18092,0,0,29219,0,11127,18092,29219
433387,8,5,2,8868,12388,0,0,21256,0,8868,12388,21256
433387,8,5,5,2259,5704,0,0,7963,0,2259,5704,7963
433387,9,6,1,11976,18751,0,0,30727,0,11976,18751,30727
433387,9,6,2,9176,13185,0,0,22361,0,9176,13185,22361
433387,9,6,5,2800,5566,0,0,8366,0,2800,5566,8366
433387,10,7,1,9298,16846,0,0,26144,0,9298,16846,26144
433387,10,7,2,6945,11640,0,0,18585,0,6945,11640,18585
433387,10,7,5,2353,5206,0,0,7559,0,2353,5206,7559
433387,11,8,1,10473,23456,0,0,33929,0,10473,23456,33929
433387,11,8,2,7335,15203,0,0,22538,0,7335,15203,22538
433387,11,8,5,3138,8253,0,0,11391,0,3138,8253,11391
433387,12,9,1,3794,10242,0,0,14036,0,3794,10242,14036
433387,12,9,2,2411,6122,0,0,8533,0,2411,6122,8533
433387,12,9,5,1383,4120,0,0,5503,0,1383,4120,5503
433387,13,10,1,84,163,0,0,247,0,84,163,247
433387,13,10,2,44,85,0,0,129,0,44,85,129
433387,13,10,5,40,78,0,0,118,0,40,78,118
433387,14,11,1,4,7,0,0,11,0,4,7,11
433387,14,11,2,3,5,0,0,8,0,3,5,8
433387,14,11,5,1,2,0,0,3,0,1,2,3
433420,1,412,1,237,37,0,0,274,0,237,37,274
433420,1,112,2,233,36,0,0,269,0,233,36,269
433420,1,312,5,4,1,0,0,5,0,4,1,5
433420,2,999,1,169,30,0,0,199,0,169,30,199
433420,2,999,2,168,30,0,0,198,0,168,30,198
433420,2,999,5,1,0,0,0,1,0,1,0,1
433420,3,1,1,2,0,0,0,2,0,2,0,2
433420,3,1,2,2,0,0,0,2,0,2,0,2
433420,4,2,1,59,11,0,0,70,0,59,11,70
433420,4,2,2,59,11,0,0,70,0,59,11,70
433420,5,3,1,52,12,0,0,64,0,52,12,64
433420,5,3,2,52,12,0,0,64,0,52,12,64
433420,6,4,1,56,7,0,0,63,0,56,7,63
433420,6,4,2,55,7,0,0,62,0,55,7,62
433420,6,4,5,1,0,0,0,1,0,1,0,1
433420,7,999,1,68,7,0,0,75,0,68,7,75
433420,7,999,2,65,6,0,0,71,0,65,6,71
433420,7,999,5,3,1,0,0,4,0,3,1,4
433420,8,5,1,41,5,0,0,46,0,41,5,46
433420,8,5,2,40,4,0,0,44,0,40,4,44
433420,8,5,5,1,1,0,0,2,0,1,1,2
433420,9,6,1,15,0,0,0,15,0,15,0,15
433420,9,6,2,14,0,0,0,14,0,14,0,14
433420,9,6,5,1,0,0,0,1,0,1,0,1
433420,10,7,1,5,0,0,0,5,0,5,0,5
433420,10,7,2,5,0,0,0,5,0,5,0,5
433420,11,8,1,4,2,0,0,6,0,4,2,6
433420,11,8,2,4,2,0,0,6,0,4,2,6
433420,12,9,1,3,0,0,0,3,0,3,0,3
433420,12,9,2,2,0,0,0,2,0,2,0,2
433420,12,9,5,1,0,0,0,1,0,1,0,1
433660,1,412,1,4960,6807,1511,2080,11767,3591,6471,8887,15358
433660,1,112,2,4784,6314,1254,1519,11098,2773,6038,7833,13871
433660,1,312,5,176,493,257,561,669,818,433,1054,1487
433660,2,999,1,4503,6267,898,1161,10770,2059,5401,7428,12829
433660,2,999,2,4441,6035,859,1050,10476,1909,5300,7085,12385
433660,2,999,5,62,232,39,111,294,150,101,343,444
433660,3,1,1,76,153,1,1,229,2,77,154,231
433660,3,1,2,76,153,1,1,229,2,77,154,231
433660,4,2,1,1572,2426,94,135,3998,229,1666,2561,4227
433660,4,2,2,1572,2425,94,135,3997,229,1666,2560,4226
433660,4,2,5,0,1,0,0,1,0,0,1,1
433660,5,3,1,1790,2553,267,423,4343,690,2057,2976,5033
433660,5,3,2,1786,2539,266,416,4325,682,2052,2955,5007
433660,5,3,5,4,14,1,7,18,8,5,21,26
433660,6,4,1,1065,1135,536,602,2200,1138,1601,1737,3338
433660,6,4,2,1007,918,498,498,1925,996,1505,1416,2921
433660,6,4,5,58,217,38,104,275,142,96,321,417
433660,7,999,1,457,539,610,915,996,1525,1067,1454,2521
433660,7,999,2,343,278,392,465,621,857,735,743,1478
433660,7,999,5,114,261,218,450,375,668,332,711,1043
433660,8,5,1,328,328,334,394,656,728,662,722,1384
433660,8,5,2,259,175,246,245,434,491,505,420,925
433660,8,5,5,69,153,88,149,222,237,157,302,459
433660,9,6,1,78,100,115,195,178,310,193,295,488
433660,9,6,2,50,48,69,85,98,154,119,133,252
433660,9,6,5,28,52,46,110,80,156,74,162,236
433660,10,7,1,29,45,63,119,74,182,92,164,256
433660,10,7,2,20,23,34,46,43,80,54,69,123
433660,10,7,5,9,22,29,73,31,102,38,95,133
433660,11,8,1,18,48,58,132,66,190,76,180,256
433660,11,8,2,11,25,26,55,36,81,37,80,117
433660,11,8,5,7,23,32,77,30,109,39,100,139
433660,12,9,1,3,15,35,74,18,109,38,89,127
433660,12,9,2,2,5,15,33,7,48,17,38,55
433660,12,9,5,1,10,20,41,11,61,21,51,72
433660,13,10,1,1,3,5,1,4,6,6,4,10
433660,13,10,2,1,2,2,1,3,3,3,3,6
433660,13,10,5,0,1,3,0,1,3,3,1,4
433660,14,11,1,0,1,3,4,1,7,3,5,8
433660,14,11,2,0,1,3,4,1,7,3,5,8
434016,1,412,1,10,41,17,45,51,62,27,86,113
434016,1,112,2,10,41,17,45,51,62,27,86,113
434016,2,999,1,4,19,10,26,23,36,14,45,59
434016,2,999,2,4,19,10,26,23,36,14,45,59
434016,3,1,1,1,6,5,7,7,12,6,13,19
434016,3,1,2,1,6,5,7,7,12,6,13,19
434016,4,2,1,1,3,2,5,4,7,3,8,11
434016,4,2,2,1,3,2,5,4,7,3,8,11
434016,5,3,1,1,6,2,6,7,8,3,12,15
434016,5,3,2,1,6,2,6,7,8,3,12,15
434016,6,4,1,1,4,1,8,5,9,2,12,14
434016,6,4,2,1,4,1,8,5,9,2,12,14
434016,7,999,1,5,22,7,19,27,26,12,41,53
434016,7,999,2,5,22,7,19,27,26,12,41,53
434016,8,5,1,0,7,2,5,7,7,2,12,14
434016,8,5,2,0,7,2,5,7,7,2,12,14
434016,9,6,1,2,4,4,8,6,12,6,12,18
434016,9,6,2,2,4,4,8,6,12,6,12,18
434016,10,7,1,1,3,0,2,4,2,1,5,6
434016,10,7,2,1,3,0,2,4,2,1,5,6
434016,11,8,1,0,6,1,3,6,4,1,9,10
434016,11,8,2,0,6,1,3,6,4,1,9,10
434016,12,9,1,2,2,0,1,4,1,2,3,5
434016,12,9,2,2,2,0,1,4,1,2,3,5
434016,14,11,1,1,0,0,0,1,0,1,0,1
434016,14,11,2,1,0,0,0,1,0,1,0,1
434061,1,412,1,1505,1882,828,1640,3387,2468,2333,3522,5855
434061,1,112,2,1505,1882,828,1640,3387,2468,2333,3522,5855
434061,2,999,1,1180,1251,584,800,2431,1384,1764,2051,3815
434061,2,999,2,1180,1251,584,800,2431,1384,1764,2051,3815
434061,3,1,1,175,156,105,174,331,279,280,330,610
434061,3,1,2,175,156,105,174,331,279,280,330,610
434061,4,2,1,509,544,173,212,1053,385,682,756,1438
434061,4,2,2,509,544,173,212,1053,385,682,756,1438
434061,5,3,1,322,320,170,179,642,349,492,499,991
434061,5,3,2,322,320,170,179,642,349,492,499,991
434061,6,4,1,174,231,136,235,405,371,310,466,776
434061,6,4,2,174,231,136,235,405,371,310,466,776
434061,7,999,1,325,631,244,840,956,1084,569,1471,2040
434061,7,999,2,325,631,244,840,956,1084,569,1471,2040
434061,8,5,1,163,239,111,283,402,394,274,522,796
434061,8,5,2,163,239,111,283,402,394,274,522,796
434061,9,6,1,81,189,59,238,270,297,140,427,567
434061,9,6,2,81,189,59,238,270,297,140,427,567
434061,10,7,1,41,99,28,144,140,172,69,243,312
434061,10,7,2,41,99,28,144,140,172,69,243,312
434061,11,8,1,32,86,31,132,118,163,63,218,281
434061,11,8,2,32,86,31,132,118,163,63,218,281
434061,12,9,1,8,17,14,43,25,57,22,60,82
434061,12,9,2,8,17,14,43,25,57,22,60,82
434061,13,10,1,0,1,1,0,1,1,1,1,2
434061,13,10,2,0,1,1,0,1,1,1,1,2
434159,1,412,1,373,123,0,0,496,0,373,123,496
434159,1,112,2,373,123,0,0,496,0,373,123,496
434159,2,999,1,133,41,0,0,174,0,133,41,174
434159,2,999,2,133,41,0,0,174,0,133,41,174
434159,4,2,1,41,4,0,0,45,0,41,4,45
434159,4,2,2,41,4,0,0,45,0,41,4,45
434159,5,3,1,41,19,0,0,60,0,41,19,60
434159,5,3,2,41,19,0,0,60,0,41,19,60
434159,6,4,1,51,18,0,0,69,0,51,18,69
434159,6,4,2,51,18,0,0,69,0,51,18,69
434159,7,999,1,240,82,0,0,322,0,240,82,322
434159,7,999,2,240,82,0,0,322,0,240,82,322
434159,8,5,1,80,44,0,0,124,0,80,44,124
434159,8,5,2,80,44,0,0,124,0,80,44,124
434159,9,6,1,77,22,0,0,99,0,77,22,99
434159,9,6,2,77,22,0,0,99,0,77,22,99
434159,10,7,1,33,9,0,0,42,0,33,9,42
434159,10,7,2,33,9,0,0,42,0,33,9,42
434159,11,8,1,28,6,0,0,34,0,28,6,34
434159,11,8,2,28,6,0,0,34,0,28,6,34
434159,12,9,1,22,1,0,0,23,0,22,1,23
434159,12,9,2,22,1,0,0,23,0,22,1,23
434274,1,412,1,7,49,5,22,56,27,12,71,83
434274,1,112,2,7,49,5,22,56,27,12,71,83
434274,2,999,1,4,24,2,5,28,7,6,29,35
434274,2,999,2,4,24,2,5,28,7,6,29,35
434274,5,3,1,0,10,0,0,10,0,0,10,10
434274,5,3,2,0,10,0,0,10,0,0,10,10
434274,6,4,1,4,14,2,5,18,7,6,19,25
434274,6,4,2,4,14,2,5,18,7,6,19,25
434274,7,999,1,3,18,3,17,21,20,6,35,41
434274,7,999,2,3,18,3,17,21,20,6,35,41
434274,8,5,1,1,10,3,12,11,15,4,22,26
434274,8,5,2,1,10,3,12,11,15,4,22,26
434274,9,6,1,2,8,0,5,10,5,2,13,15
434274,9,6,2,2,8,0,5,10,5,2,13,15
434274,14,11,1,0,7,0,0,7,0,0,7,7
434274,14,11,2,0,7,0,0,7,0,0,7,7
434469,1,412,1,0,16,0,0,16,0,0,16,16
434469,1,112,2,0,16,0,0,16,0,0,16,16
434469,2,999,1,0,4,0,0,4,0,0,4,4
434469,2,999,2,0,4,0,0,4,0,0,4,4
434469,4,2,1,0,2,0,0,2,0,0,2,2
434469,4,2,2,0,2,0,0,2,0,0,2,2
434469,5,3,1,0,1,0,0,1,0,0,1,1
434469,5,3,2,0,1,0,0,1,0,0,1,1
434469,6,4,1,0,1,0,0,1,0,0,1,1
434469,6,4,2,0,1,0,0,1,0,0,1,1
434469,7,999,1,0,12,0,0,12,0,0,12,12
434469,7,999,2,0,12,0,0,12,0,0,12,12
434469,8,5,1,0,2,0,0,2,0,0,2,2
434469,8,5,2,0,2,0,0,2,0,0,2,2
434469,9,6,1,0,2,0,0,2,0,0,2,2
434469,9,6,2,0,2,0,0,2,0,0,2,2
434469,10,7,1,0,2,0,0,2,0,0,2,2
434469,10,7,2,0,2,0,0,2,0,0,2,2
434469,11,8,1,0,3,0,0,3,0,0,3,3
434469,11,8,2,0,3,0,0,3,0,0,3,3
434469,12,9,1,0,3,0,0,3,0,0,3,3
434469,12,9,2,0,3,0,0,3,0,0,3,3
434672,1,412,1,2185,2716,4064,8608,4901,12672,6249,11324,17573
434672,1,112,2,2185,2716,4064,8608,4901,12672,6249,11324,17573
434672,2,999,1,1794,2083,2561,4069,3877,6630,4355,6152,10507
434672,2,999,2,1794,2083,2561,4069,3877,6630,4355,6152,10507
434672,3,1,1,33,58,499,976,91,1475,532,1034,1566
434672,3,1,2,33,58,499,976,91,1475,532,1034,1566
434672,4,2,1,1002,1161,720,860,2163,1580,1722,2021,3743
434672,4,2,2,1002,1161,720,860,2163,1580,1722,2021,3743
434672,5,3,1,525,555,707,1007,1080,1714,1232,1562,2794
434672,5,3,2,525,555,707,1007,1080,1714,1232,1562,2794
434672,6,4,1,234,309,635,1226,543,1861,869,1535,2404
434672,6,4,2,234,309,635,1226,543,1861,869,1535,2404
434672,7,999,1,391,633,1503,4539,1024,6042,1894,5172,7066
434672,7,999,2,391,633,1503,4539,1024,6042,1894,5172,7066
434672,8,5,1,184,257,546,1607,441,2153,730,1864,2594
434672,8,5,2,184,257,546,1607,441,2153,730,1864,2594
434672,9,6,1,102,147,352,1081,249,1433,454,1228,1682
434672,9,6,2,102,147,352,1081,249,1433,454,1228,1682
434672,10,7,1,41,104,210,663,145,873,251,767,1018
434672,10,7,2,41,104,210,663,145,873,251,767,1018
434672,11,8,1,42,91,228,742,133,970,270,833,1103
434672,11,8,2,42,91,228,742,133,970,270,833,1103
434672,12,9,1,22,33,152,400,55,552,174,433,607
434672,12,9,2,22,33,152,400,55,552,174,433,607
434672,13,10,1,0,1,15,46,1,61,15,47,62
434672,13,10,2,0,1,15,46,1,61,15,47,62
434751,1,412,1,31,64,7,39,95,46,38,103,141
434751,1,112,2,31,64,7,39,95,46,38,103,141
434751,2,999,1,11,27,2,11,38,13,13,38,51
434751,2,999,2,11,27,2,11,38,13,13,38,51
434751,3,1,1,0,1,0,0,1,0,0,1,1
434751,3,1,2,0,1,0,0,1,0,0,1,1
434751,4,2,1,4,9,1,2,13,3,5,11,16
434751,4,2,2,4,9,1,2,13,3,5,11,16
434751,5,3,1,3,8,1,5,11,6,4,13,17
434751,5,3,2,3,8,1,5,11,6,4,13,17
434751,6,4,1,4,9,0,4,13,4,4,13,17
434751,6,4,2,4,9,0,4,13,4,4,13,17
434751,7,999,1,20,36,5,24,56,29,25,60,85
434751,7,999,2,20,36,5,24,56,29,25,60,85
434751,8,5,1,6,13,1,4,19,5,7,17,24
434751,8,5,2,6,13,1,4,19,5,7,17,24
434751,9,6,1,4,4,1,8,8,9,5,12,17
434751,9,6,2,4,4,1,8,8,9,5,12,17
434751,10,7,1,3,6,0,1,9,1,3,7,10
434751,10,7,2,3,6,0,1,9,1,3,7,10
434751,11,8,1,6,7,0,3,13,3,6,10,16
434751,11,8,2,6,7,0,3,13,3,6,10,16
434751,12,9,1,1,5,2,6,6,8,3,11,14
434751,12,9,2,1,5,2,6,6,8,3,11,14
434751,13,10,1,0,1,1,2,1,3,1,3,4
434751,13,10,2,0,1,1,2,1,3,1,3,4
434751,14,11,1,0,1,0,4,1,4,0,5,5
434751,14,11,2,0,1,0,4,1,4,0,5,5
435000,1,412,1,340,552,18,72,892,90,358,624,982
435000,1,112,2,4,18,0,7,22,7,4,25,29
435000,1,312,5,336,534,18,65,870,83,354,599,953
435000,2,999,1,156,343,3,21,499,24,159,364,523
435000,2,999,2,1,8,0,1,9,1,1,9,10
435000,2,999,5,155,335,3,20,490,23,158,355,513
435000,5,3,1,3,21,0,1,24,1,3,22,25
435000,5,3,2,0,3,0,0,3,0,0,3,3
435000,5,3,5,3,18,0,1,21,1,3,19,22
435000,6,4,1,153,322,3,20,475,23,156,342,498
435000,6,4,2,1,5,0,1,6,1,1,6,7
435000,6,4,5,152,317,3,19,469,22,155,336,491
435000,7,999,1,184,209,15,51,393,66,199,260,459
435000,7,999,2,3,10,0,6,13,6,3,16,19
435000,7,999,5,181,199,15,45,380,60,196,244,440
435000,8,5,1,154,177,8,18,331,26,162,195,357
435000,8,5,2,2,4,0,2,6,2,2,6,8
435000,8,5,5,152,173,8,16,325,24,160,189,349
435000,9,6,1,18,23,3,13,41,16,21,36,57
435000,9,6,2,1,5,0,3,6,3,1,8,9
435000,9,6,5,17,18,3,10,35,13,20,28,48
435000,10,7,1,10,7,1,9,17,10,11,16,27
435000,10,7,2,0,1,0,0,1,0,0,1,1
435000,10,7,5,10,6,1,9,16,10,11,15,26
435000,11,8,1,2,1,2,8,3,10,4,9,13
435000,11,8,2,0,0,0,1,0,1,0,1,1
435000,11,8,5,2,1,2,7,3,9,4,8,12
435000,12,9,1,0,1,1,3,1,4,1,4,5
435000,12,9,5,0,1,1,3,1,4,1,4,5
436261,1,412,1,9,38,1,3,47,4,10,41,51
436261,1,312,5,9,38,1,3,47,4,10,41,51
436261,2,999,1,0,1,0,0,1,0,0,1,1
436261,2,999,5,0,1,0,0,1,0,0,1,1
436261,5,3,1,0,1,0,0,1,0,0,1,1
436261,5,3,5,0,1,0,0,1,0,0,1,1
436261,7,999,1,9,37,1,3,46,4,10,40,50
436261,7,999,5,9,37,1,3,46,4,10,40,50
436261,8,5,1,1,14,1,3,15,4,2,17,19
436261,8,5,5,1,14,1,3,15,4,2,17,19
436261,9,6,1,4,6,0,0,10,0,4,6,10
436261,9,6,5,4,6,0,0,10,0,4,6,10
436261,10,7,1,1,9,0,0,10,0,1,9,10
436261,10,7,5,1,9,0,0,10,0,1,9,10
436261,11,8,1,2,5,0,0,7,0,2,5,7
436261,11,8,5,2,5,0,0,7,0,2,5,7
436261,12,9,1,1,3,0,0,4,0,1,3,4
436261,12,9,5,1,3,0,0,4,0,1,3,4
436818,1,412,1,343,446,28,36,789,64,371,482,853
436818,1,112,2,343,446,28,36,789,64,371,482,853
436818,2,999,1,325,411,19,19,736,38,344,430,774
436818,2,999,2,325,411,19,19,736,38,344,430,774
436818,3,1,1,35,52,2,2,87,4,37,54,91
436818,3,1,2,35,52,2,2,87,4,37,54,91
436818,4,2,1,206,227,2,5,433,7,208,232,440
436818,4,2,2,206,227,2,5,433,7,208,232,440
436818,5,3,1,61,98,10,1,159,11,71,99,170
436818,5,3,2,61,98,10,1,159,11,71,99,170
436818,6,4,1,23,34,5,11,57,16,28,45,73
436818,6,4,2,23,34,5,11,57,16,28,45,73
436818,7,999,1,18,35,9,17,53,26,27,52,79
436818,7,999,2,18,35,9,17,53,26,27,52,79
436818,8,5,1,9,19,4,5,28,9,13,24,37
436818,8,5,2,9,19,4,5,28,9,13,24,37
436818,9,6,1,4,5,0,5,9,5,4,10,14
436818,9,6,2,4,5,0,5,9,5,4,10,14
436818,10,7,1,2,4,2,4,6,6,4,8,12
436818,10,7,2,2,4,2,4,6,6,4,8,12
436818,11,8,1,1,6,1,1,7,2,2,7,9
436818,11,8,2,1,6,1,1,7,2,2,7,9
436818,12,9,1,2,0,1,1,2,2,3,1,4
436818,12,9,2,2,0,1,1,2,2,3,1,4
436818,13,10,1,0,1,1,1,1,2,1,2,3
436818,13,10,2,0,1,1,1,1,2,1,2,3
436827,1,412,1,241,274,26,23,515,49,267,297,564
436827,1,112,2,241,274,26,23,515,49,267,297,564
436827,2,999,1,229,249,17,15,478,32,246,264,510
436827,2,999,2,229,249,17,15,478,32,246,264,510
436827,3,1,1,14,14,0,0,28,0,14,14,28
436827,3,1,2,14,14,0,0,28,0,14,14,28
436827,4,2,1,162,159,7,6,321,13,169,165,334
436827,4,2,2,162,159,7,6,321,13,169,165,334
436827,5,3,1,43,45,3,6,88,9,46,51,97
436827,5,3,2,43,45,3,6,88,9,46,51,97
436827,6,4,1,10,31,7,3,41,10,17,34,51
436827,6,4,2,10,31,7,3,41,10,17,34,51
436827,7,999,1,12,25,9,8,37,17,21,33,54
436827,7,999,2,12,25,9,8,37,17,21,33,54
436827,8,5,1,6,13,4,1,19,5,10,14,24
436827,8,5,2,6,13,4,1,19,5,10,14,24
436827,9,6,1,3,2,2,1,5,3,5,3,8
436827,9,6,2,3,2,2,1,5,3,5,3,8
436827,10,7,1,0,5,2,2,5,4,2,7,9
436827,10,7,2,0,5,2,2,5,4,2,7,9
436827,11,8,1,2,5,0,0,7,0,2,5,7
436827,11,8,2,2,5,0,0,7,0,2,5,7
436827,12,9,1,0,0,1,3,0,4,1,3,4
436827,12,9,2,0,0,1,3,0,4,1,3,4
436827,13,10,1,1,0,0,1,1,1,1,1,2
436827,13,10,2,1,0,0,1,1,1,1,1,2
436836,1,412,1,1011,1101,140,102,2112,242,1151,1203,2354
436836,1,112,2,1011,1101,140,102,2112,242,1151,1203,2354
436836,2,999,1,956,1039,100,68,1995,168,1056,1107,2163
436836,2,999,2,956,1039,100,68,1995,168,1056,1107,2163
436836,3,1,1,75,100,4,4,175,8,79,104,183
436836,3,1,2,75,100,4,4,175,8,79,104,183
436836,4,2,1,531,560,28,20,1091,48,559,580,1139
436836,4,2,2,531,560,28,20,1091,48,559,580,1139
436836,5,3,1,246,289,28,21,535,49,274,310,584
436836,5,3,2,246,289,28,21,535,49,274,310,584
436836,6,4,1,104,90,40,23,194,63,144,113,257
436836,6,4,2,104,90,40,23,194,63,144,113,257
436836,7,999,1,55,62,40,34,117,74,95,96,191
436836,7,999,2,55,62,40,34,117,74,95,96,191
436836,8,5,1,34,39,20,14,73,34,54,53,107
436836,8,5,2,34,39,20,14,73,34,54,53,107
436836,9,6,1,13,15,11,7,28,18,24,22,46
436836,9,6,2,13,15,11,7,28,18,24,22,46
436836,10,7,1,2,3,2,4,5,6,4,7,11
436836,10,7,2,2,3,2,4,5,6,4,7,11
436836,11,8,1,4,4,4,4,8,8,8,8,16
436836,11,8,2,4,4,4,4,8,8,8,8,16
436836,12,9,1,2,1,1,3,3,4,3,4,7
436836,12,9,2,2,1,1,3,3,4,3,4,7
436836,13,10,1,0,0,2,2,0,4,2,2,4
436836,13,10,2,0,0,2,2,0,4,2,2,4
438586,1,412,1,307,742,158,258,1049,416,465,1000,1465
438586,1,112,2,297,706,127,182,1003,309,424,888,1312
438586,1,312,5,10,36,31,76,46,107,41,112,153
438586,2,999,1,40,142,47,37,182,84,87,179,266
438586,2,999,2,40,142,46,36,182,82,86,178,264
438586,2,999,5,0,0,1,1,0,2,1,1,2
438586,4,2,1,6,15,7,11,21,18,13,26,39
438586,4,2,2,6,15,7,11,21,18,13,26,39
438586,5,3,1,15,47,15,13,62,28,30,60,90
438586,5,3,2,15,47,15,13,62,28,30,60,90
438586,6,4,1,19,80,25,13,99,38,44,93,137
438586,6,4,2,19,80,24,12,99,36,43,92,135
438586,6,4,5,0,0,1,1,0,2,1,1,2
438586,7,999,1,267,600,111,221,867,332,378,821,1199
438586,7,999,2,257,564,81,146,821,227,338,710,1048
438586,7,999,5,10,36,30,75,46,105,40,111,151
438586,8,5,1,69,154,29,45,223,74,98,199,297
438586,8,5,2,67,147,25,39,214,64,92,186,278
438586,8,5,5,2,7,4,6,9,10,6,13,19
438586,9,6,1,75,139,25,51,214,76,100,190,290
438586,9,6,2,71,134,19,39,205,58,90,173,263
438586,9,6,5,4,5,6,12,9,18,10,17,27
438586,10,7,1,42,99,13,34,141,47,55,133,188
438586,10,7,2,40,94,8,21,134,29,48,115,163
438586,10,7,5,2,5,5,13,7,18,7,18,25
438586,11,8,1,53,127,31,54,180,85,84,181,265
438586,11,8,2,52,112,22,23,164,45,74,135,209
438586,11,8,5,1,15,9,31,16,40,10,46,56
438586,12,9,1,26,78,13,34,104,47,39,112,151
438586,12,9,2,25,74,7,24,99,31,32,98,130
438586,12,9,5,1,4,6,10,5,16,7,14,21
438586,13,10,1,2,3,0,3,5,3,2,6,8
438586,13,10,2,2,3,0,0,5,0,2,3,5
438586,13,10,5,0,0,0,3,0,3,0,3,3
438708,1,412,1,37,91,76,170,128,246,113,261,374
438708,1,112,2,37,91,76,170,128,246,113,261,374
438708,2,999,1,24,53,65,119,77,184,89,172,261
438708,2,999,2,24,53,65,119,77,184,89,172,261
438708,3,1,1,1,8,40,76,9,116,41,84,125
438708,3,1,2,1,8,40,76,9,116,41,84,125
438708,4,2,1,8,22,18,22,30,40,26,44,70
438708,4,2,2,8,22,18,22,30,40,26,44,70
438708,5,3,1,8,16,3,8,24,11,11,24,35
438708,5,3,2,8,16,3,8,24,11,11,24,35
438708,6,4,1,7,7,4,13,14,17,11,20,31
438708,6,4,2,7,7,4,13,14,17,11,20,31
438708,7,999,1,13,38,11,51,51,62,24,89,113
438708,7,999,2,13,38,11,51,51,62,24,89,113
438708,8,5,1,5,9,2,15,14,17,7,24,31
438708,8,5,2,5,9,2,15,14,17,7,24,31
438708,9,6,1,5,16,3,8,21,11,8,24,32
438708,9,6,2,5,16,3,8,21,11,8,24,32
438708,10,7,1,1,5,3,8,6,11,4,13,17
438708,10,7,2,1,5,3,8,6,11,4,13,17
438708,11,8,1,1,7,2,11,8,13,3,18,21
438708,11,8,2,1,7,2,11,8,13,3,18,21
438708,12,9,1,1,1,1,9,2,10,2,10,12
438708,12,9,2,1,1,1,9,2,10,2,10,12
439190,1,412,1,693,758,567,579,1451,1146,1260,1337,2597
439190,1,112,2,693,758,567,579,1451,1146,1260,1337,2597
439190,2,999,1,602,686,434,429,1288,863,1036,1115,2151
439190,2,999,2,602,686,434,429,1288,863,1036,1115,2151
439190,3,1,1,211,314,76,128,525,204,287,442,729
439190,3,1,2,211,314,76,128,525,204,287,442,729
439190,4,2,1,211,249,114,121,460,235,325,370,695
439190,4,2,2,211,249,114,121,460,235,325,370,695
439190,5,3,1,121,79,151,105,200,256,272,184,456
439190,5,3,2,121,79,151,105,200,256,272,184,456
439190,6,4,1,59,44,93,75,103,168,152,119,271
439190,6,4,2,59,44,93,75,103,168,152,119,271
439190,7,999,1,91,72,133,150,163,283,224,222,446
439190,7,999,2,91,72,133,150,163,283,224,222,446
439190,8,5,1,54,41,69,65,95,134,123,106,229
439190,8,5,2,54,41,69,65,95,134,123,106,229
439190,9,6,1,22,14,34,33,36,67,56,47,103
439190,9,6,2,22,14,34,33,36,67,56,47,103
439190,10,7,1,6,6,12,20,12,32,18,26,44
439190,10,7,2,6,6,12,20,12,32,18,26,44
439190,11,8,1,8,8,13,17,16,30,21,25,46
439190,11,8,2,8,8,13,17,16,30,21,25,46
439190,12,9,1,1,3,4,13,4,17,5,16,21
439190,12,9,2,1,3,4,13,4,17,5,16,21
439190,13,10,1,0,0,1,2,0,3,1,2,3
439190,13,10,2,0,0,1,2,0,3,1,2,3
439288,1,412,1,119,213,33,32,332,65,152,245,397
439288,1,112,2,111,201,32,31,312,63,143,232,375
439288,1,312,5,8,12,1,1,20,2,9,13,22
439288,2,999,1,90,181,16,23,271,39,106,204,310
439288,2,999,2,89,180,16,22,269,38,105,202,307
439288,2,999,5,1,1,0,1,2,1,1,2,3
439288,4,2,1,27,77,1,8,104,9,28,85,113
439288,4,2,2,27,77,1,8,104,9,28,85,113
439288,5,3,1,42,81,8,9,123,17,50,90,140
439288,5,3,2,42,81,8,9,123,17,50,90,140
439288,6,4,1,21,23,7,6,44,13,28,29,57
439288,6,4,2,20,22,7,5,42,12,27,27,54
439288,6,4,5,1,1,0,1,2,1,1,2,3
439288,7,999,1,29,30,17,9,59,26,46,39,85
439288,7,999,2,22,20,16,9,42,25,38,29,67
439288,7,999,5,7,10,1,0,17,1,8,10,18
439288,8,5,1,11,17,8,5,28,13,19,22,41
439288,8,5,2,10,14,8,5,24,13,18,19,37
439288,8,5,5,1,3,0,0,4,0,1,3,4
439288,9,6,1,7,5,1,1,12,2,8,6,14
439288,9,6,2,5,2,1,1,7,2,6,3,9
439288,9,6,5,2,3,0,0,5,0,2,3,5
439288,10,7,1,7,3,5,1,10,6,12,4,16
439288,10,7,2,3,3,5,1,6,6,8,4,12
439288,10,7,5,4,0,0,0,4,0,4,0,4
439288,11,8,1,4,3,3,1,7,4,7,4,11
439288,11,8,2,4,1,2,1,5,3,6,2,8
439288,11,8,5,0,2,1,0,2,1,1,2,3
439288,12,9,1,0,2,0,1,2,1,0,3,3
439288,12,9,2,0,0,0,1,0,1,0,1,1
439288,12,9,5,0,2,0,0,2,0,0,2,2
439288,14,11,1,0,2,0,0,2,0,0,2,2
439288,14,11,2,0,1,0,0,1,0,0,1,1
439288,14,11,5,0,1,0,0,1,0,0,1,1
439367,1,412,1,273,701,0,0,974,0,273,701,974
439367,1,112,2,273,701,0,0,974,0,273,701,974
439367,2,999,1,53,211,0,0,264,0,53,211,264
439367,2,999,2,53,211,0,0,264,0,53,211,264
439367,4,2,1,5,18,0,0,23,0,5,18,23
439367,4,2,2,5,18,0,0,23,0,5,18,23
439367,5,3,1,13,52,0,0,65,0,13,52,65
439367,5,3,2,13,52,0,0,65,0,13,52,65
439367,6,4,1,35,141,0,0,176,0,35,141,176
439367,6,4,2,35,141,0,0,176,0,35,141,176
439367,7,999,1,219,490,0,0,709,0,219,490,709
439367,7,999,2,219,490,0,0,709,0,219,490,709
439367,8,5,1,114,257,0,0,371,0,114,257,371
439367,8,5,2,114,257,0,0,371,0,114,257,371
439367,9,6,1,54,124,0,0,178,0,54,124,178
439367,9,6,2,54,124,0,0,178,0,54,124,178
439367,10,7,1,26,59,0,0,85,0,26,59,85
439367,10,7,2,26,59,0,0,85,0,26,59,85
439367,11,8,1,18,37,0,0,55,0,18,37,55
439367,11,8,2,18,37,0,0,55,0,18,37,55
439367,12,9,1,7,12,0,0,19,0,7,12,19
439367,12,9,2,7,12,0,0,19,0,7,12,19
439367,13,10,1,0,1,0,0,1,0,0,1,1
439367,13,10,2,0,1,0,0,1,0,0,1,1
439367,14,11,1,1,0,0,0,1,0,1,0,1
439367,14,11,2,1,0,0,0,1,0,1,0,1
439394,1,412,1,15,64,0,0,79,0,15,64,79
439394,1,312,5,15,64,0,0,79,0,15,64,79
439394,2,999,1,0,2,0,0,2,0,0,2,2
439394,2,999,5,0,2,0,0,2,0,0,2,2
439394,6,4,1,0,2,0,0,2,0,0,2,2
439394,6,4,5,0,2,0,0,2,0,0,2,2
439394,7,999,1,15,49,0,0,64,0,15,49,64
439394,7,999,5,15,49,0,0,64,0,15,49,64
439394,8,5,1,3,14,0,0,17,0,3,14,17
439394,8,5,5,3,14,0,0,17,0,3,14,17
439394,9,6,1,3,8,0,0,11,0,3,8,11
439394,9,6,5,3,8,0,0,11,0,3,8,11
439394,10,7,1,4,13,0,0,17,0,4,13,17
439394,10,7,5,4,13,0,0,17,0,4,13,17
439394,11,8,1,5,8,0,0,13,0,5,8,13
439394,11,8,5,5,8,0,0,13,0,5,8,13
439394,12,9,1,0,6,0,0,6,0,0,6,6
439394,12,9,5,0,6,0,0,6,0,0,6,6
439394,14,11,1,0,13,0,0,13,0,0,13,13
439394,14,11,5,0,13,0,0,13,0,0,13,13
439844,1,412,1,1,54,0,0,55,0,1,54,55
439844,1,112,2,1,54,0,0,55,0,1,54,55
439844,2,999,1,0,42,0,0,42,0,0,42,42
439844,2,999,2,0,42,0,0,42,0,0,42,42
439844,4,2,1,0,17,0,0,17,0,0,17,17
439844,4,2,2,0,17,0,0,17,0,0,17,17
439844,5,3,1,0,15,0,0,15,0,0,15,15
439844,5,3,2,0,15,0,0,15,0,0,15,15
439844,6,4,1,0,10,0,0,10,0,0,10,10
439844,6,4,2,0,10,0,0,10,0,0,10,10
439844,7,999,1,1,12,0,0,13,0,1,12,13
439844,7,999,2,1,12,0,0,13,0,1,12,13
439844,8,5,1,0,6,0,0,6,0,0,6,6
439844,8,5,2,0,6,0,0,6,0,0,6,6
439844,9,6,1,1,3,0,0,4,0,1,3,4
439844,9,6,2,1,3,0,0,4,0,1,3,4
439844,10,7,1,0,2,0,0,2,0,0,2,2
439844,10,7,2,0,2,0,0,2,0,0,2,2
439844,11,8,1,0,1,0,0,1,0,0,1,1
439844,11,8,2,0,1,0,0,1,0,0,1,1
440031,1,412,1,230,391,4,6,621,10,234,397,631
440031,1,312,5,230,391,4,6,621,10,234,397,631
440031,2,999,1,92,171,0,0,263,0,92,171,263
440031,2,999,5,92,171,0,0,263,0,92,171,263
440031,5,3,1,4,11,0,0,15,0,4,11,15
440031,5,3,5,4,11,0,0,15,0,4,11,15
440031,6,4,1,88,160,0,0,248,0,88,160,248
440031,6,4,5,88,160,0,0,248,0,88,160,248
440031,7,999,1,137,220,4,6,357,10,141,226,367
440031,7,999,5,137,220,4,6,357,10,141,226,367
440031,8,5,1,110,170,3,4,280,7,113,174,287
440031,8,5,5,110,170,3,4,280,7,113,174,287
440031,9,6,1,19,35,1,1,54,2,20,36,56
440031,9,6,5,19,35,1,1,54,2,20,36,56
440031,10,7,1,5,8,0,1,13,1,5,9,14
440031,10,7,5,5,8,0,1,13,1,5,9,14
440031,11,8,1,3,6,0,0,9,0,3,6,9
440031,11,8,5,3,6,0,0,9,0,3,6,9
440031,12,9,1,0,1,0,0,1,0,0,1,1
440031,12,9,5,0,1,0,0,1,0,0,1,1
440031,14,11,1,1,0,0,0,1,0,1,0,1
440031,14,11,5,1,0,0,0,1,0,1,0,1
440101,1,412,1,4,45,0,57,49,57,4,102,106
440101,1,112,2,4,45,0,57,49,57,4,102,106
440101,2,999,1,2,32,0,24,34,24,2,56,58
440101,2,999,2,2,32,0,24,34,24,2,56,58
440101,3,1,1,0,0,0,1,0,1,0,1,1
440101,3,1,2,0,0,0,1,0,1,0,1,1
440101,4,2,1,0,8,0,10,8,10,0,18,18
440101,4,2,2,0,8,0,10,8,10,0,18,18
440101,5,3,1,2,14,0,9,16,9,2,23,25
440101,5,3,2,2,14,0,9,16,9,2,23,25
440101,6,4,1,0,10,0,4,10,4,0,14,14
440101,6,4,2,0,10,0,4,10,4,0,14,14
440101,7,999,1,2,13,0,33,15,33,2,46,48
440101,7,999,2,2,13,0,33,15,33,2,46,48
440101,8,5,1,0,7,0,13,7,13,0,20,20
440101,8,5,2,0,7,0,13,7,13,0,20,20
440101,9,6,1,0,4,0,9,4,9,0,13,13
440101,9,6,2,0,4,0,9,4,9,0,13,13
440101,10,7,1,2,1,0,2,3,2,2,3,5
440101,10,7,2,2,1,0,2,3,2,2,3,5
440101,11,8,1,0,1,0,7,1,7,0,8,8
440101,11,8,2,0,1,0,7,1,7,0,8,8
440101,12,9,1,0,0,0,2,0,2,0,2,2
440101,12,9,2,0,0,0,2,0,2,0,2,2
440271,1,412,1,74,55,0,0,129,0,74,55,129
440271,1,112,2,74,55,0,0,129,0,74,55,129
440271,2,999,1,19,20,0,0,39,0,19,20,39
440271,2,999,2,19,20,0,0,39,0,19,20,39
440271,4,2,1,3,4,0,0,7,0,3,4,7
440271,4,2,2,3,4,0,0,7,0,3,4,7
440271,5,3,1,7,5,0,0,12,0,7,5,12
440271,5,3,2,7,5,0,0,12,0,7,5,12
440271,6,4,1,9,11,0,0,20,0,9,11,20
440271,6,4,2,9,11,0,0,20,0,9,11,20
440271,7,999,1,55,35,0,0,90,0,55,35,90
440271,7,999,2,55,35,0,0,90,0,55,35,90
440271,8,5,1,17,21,0,0,38,0,17,21,38
440271,8,5,2,17,21,0,0,38,0,17,21,38
440271,9,6,1,12,9,0,0,21,0,12,9,21
440271,9,6,2,12,9,0,0,21,0,12,9,21
440271,10,7,1,13,3,0,0,16,0,13,3,16
440271,10,7,2,13,3,0,0,16,0,13,3,16
440271,11,8,1,10,2,0,0,12,0,10,2,12
440271,11,8,2,10,2,0,0,12,0,10,2,12
440271,12,9,1,3,0,0,0,3,0,3,0,3
440271,12,9,2,3,0,0,0,3,0,3,0,3
440402,1,412,1,303,464,377,797,767,1174,680,1261,1941
440402,1,112,2,303,464,377,797,767,1174,680,1261,1941
440402,2,999,1,251,315,291,536,566,827,542,851,1393
440402,2,999,2,251,315,291,536,566,827,542,851,1393
440402,3,1,1,11,15,133,266,26,399,144,281,425
440402,3,1,2,11,15,133,266,26,399,144,281,425
440402,4,2,1,144,139,61,75,283,136,205,214,419
440402,4,2,2,144,139,61,75,283,136,205,214,419
440402,5,3,1,61,94,54,92,155,146,115,186,301
440402,5,3,2,61,94,54,92,155,146,115,186,301
440402,6,4,1,35,67,43,103,102,146,78,170,248
440402,6,4,2,35,67,43,103,102,146,78,170,248
440402,7,999,1,52,149,86,261,201,347,138,410,548
440402,7,999,2,52,149,86,261,201,347,138,410,548
440402,8,5,1,21,61,32,96,82,128,53,157,210
440402,8,5,2,21,61,32,96,82,128,53,157,210
440402,9,6,1,9,47,20,68,56,88,29,115,144
440402,9,6,2,9,47,20,68,56,88,29,115,144
440402,10,7,1,6,19,11,37,25,48,17,56,73
440402,10,7,2,6,19,11,37,25,48,17,56,73
440402,11,8,1,7,19,15,46,26,61,22,65,87
440402,11,8,2,7,19,15,46,26,61,22,65,87
440402,12,9,1,9,3,8,13,12,21,17,16,33
440402,12,9,2,9,3,8,13,12,21,17,16,33
440402,13,10,1,0,0,0,1,0,1,0,1,1
440402,13,10,2,0,0,0,1,0,1,0,1,1
440749,1,412,1,12,3,74,29,15,103,86,32,118
440749,1,112,2,12,3,74,29,15,103,86,32,118
440749,2,999,1,2,0,25,19,2,44,27,19,46
440749,2,999,2,2,0,25,19,2,44,27,19,46
440749,5,3,1,2,0,6,7,2,13,8,7,15
440749,5,3,2,2,0,6,7,2,13,8,7,15
440749,6,4,1,0,0,19,12,0,31,19,12,31
440749,6,4,2,0,0,19,12,0,31,19,12,31
440749,7,999,1,10,3,49,10,13,59,59,13,72
440749,7,999,2,10,3,49,10,13,59,59,13,72
440749,8,5,1,7,2,26,4,9,30,33,6,39
440749,8,5,2,7,2,26,4,9,30,33,6,39
440749,9,6,1,2,1,9,1,3,10,11,2,13
440749,9,6,2,2,1,9,1,3,10,11,2,13
440749,10,7,1,1,0,12,4,1,16,13,4,17
440749,10,7,2,1,0,12,4,1,16,13,4,17
440749,11,8,1,0,0,2,1,0,3,2,1,3
440749,11,8,2,0,0,2,1,0,3,2,1,3
440828,1,412,1,291,333,299,451,624,750,590,784,1374
440828,1,112,2,268,252,248,282,520,530,516,534,1050
440828,1,312,5,23,81,51,169,104,220,74,250,324
440828,2,999,1,200,212,155,190,412,345,355,402,757
440828,2,999,2,199,192,151,181,391,332,350,373,723
440828,2,999,5,1,20,4,9,21,13,5,29,34
440828,3,1,1,3,4,1,2,7,3,4,6,10
440828,3,1,2,3,4,1,2,7,3,4,6,10
440828,4,2,1,81,93,34,43,174,77,115,136,251
440828,4,2,2,81,93,34,43,174,77,115,136,251
440828,5,3,1,64,66,49,68,130,117,113,134,247
440828,5,3,2,64,65,49,68,129,117,113,133,246
440828,5,3,5,0,1,0,0,1,0,0,1,1
440828,6,4,1,52,49,71,77,101,148,123,126,249
440828,6,4,2,51,30,67,68,81,135,118,98,216
440828,6,4,5,1,19,4,9,20,13,5,28,33
440828,7,999,1,91,121,144,261,212,405,235,382,617
440828,7,999,2,69,60,97,101,129,198,166,161,327
440828,7,999,5,22,61,47,160,83,207,69,221,290
440828,8,5,1,50,56,51,63,106,114,101,119,220
440828,8,5,2,43,28,47,46,71,93,90,74,164
440828,8,5,5,7,28,4,17,35,21,11,45,56
440828,9,6,1,19,23,34,50,42,84,53,73,126
440828,9,6,2,14,11,27,21,25,48,41,32,73
440828,9,6,5,5,12,7,29,17,36,12,41,53
440828,10,7,1,10,21,21,51,31,72,31,72,103
440828,10,7,2,8,12,13,13,20,26,21,25,46
440828,10,7,5,2,9,8,38,11,46,10,47,57
440828,11,8,1,9,15,27,61,24,88,36,76,112
440828,11,8,2,4,8,6,11,12,17,10,19,29
440828,11,8,5,5,7,21,50,12,71,26,57,83
440828,12,9,1,0,6,9,36,6,45,9,42,51
440828,12,9,2,0,1,3,10,1,13,3,11,14
440828,12,9,5,0,5,6,26,5,32,6,31,37
440828,13,10,1,3,0,2,0,3,2,5,0,5
440828,13,10,2,0,0,1,0,0,1,1,0,1
440828,13,10,5,3,0,1,0,3,1,4,0,4
441238,1,412,1,35,55,0,0,90,0,35,55,90
441238,1,312,5,35,55,0,0,90,0,35,55,90
441238,2,999,1,9,6,0,0,15,0,9,6,15
441238,2,999,5,9,6,0,0,15,0,9,6,15
441238,5,3,1,1,1,0,0,2,0,1,1,2
441238,5,3,5,1,1,0,0,2,0,1,1,2
441238,6,4,1,8,5,0,0,13,0,8,5,13
441238,6,4,5,8,5,0,0,13,0,8,5,13
441238,7,999,1,26,49,0,0,75,0,26,49,75
441238,7,999,5,26,49,0,0,75,0,26,49,75
441238,8,5,1,12,29,0,0,41,0,12,29,41
441238,8,5,5,12,29,0,0,41,0,12,29,41
441238,9,6,1,10,20,0,0,30,0,10,20,30
441238,9,6,5,10,20,0,0,30,0,10,20,30
441238,10,7,1,4,0,0,0,4,0,4,0,4
441238,10,7,5,4,0,0,0,4,0,4,0,4
441371,1,412,1,254,6794,12,64,7048,76,266,6858,7124
441371,1,112,2,254,6794,12,64,7048,76,266,6858,7124
441371,2,999,1,55,1192,0,24,1247,24,55,1216,1271
441371,2,999,2,55,1192,0,24,1247,24,55,1216,1271
441371,4,2,1,2,49,0,0,51,0,2,49,51
441371,4,2,2,2,49,0,0,51,0,2,49,51
441371,5,3,1,18,311,0,2,329,2,18,313,331
441371,5,3,2,18,311,0,2,329,2,18,313,331
441371,6,4,1,35,832,0,22,867,22,35,854,889
441371,6,4,2,35,832,0,22,867,22,35,854,889
441371,7,999,1,199,5602,12,40,5801,52,211,5642,5853
441371,7,999,2,199,5602,12,40,5801,52,211,5642,5853
441371,8,5,1,43,1650,8,25,1693,33,51,1675,1726
441371,8,5,2,43,1650,8,25,1693,33,51,1675,1726
441371,9,6,1,47,1363,2,4,1410,6,49,1367,1416
441371,9,6,2,47,1363,2,4,1410,6,49,1367,1416
441371,10,7,1,42,916,2,6,958,8,44,922,966
441371,10,7,2,42,916,2,6,958,8,44,922,966
441371,11,8,1,39,1150,0,5,1189,5,39,1155,1194
441371,11,8,2,39,1150,0,5,1189,5,39,1155,1194
441371,12,9,1,26,492,0,0,518,0,26,492,518
441371,12,9,2,26,492,0,0,518,0,26,492,518
441371,13,10,1,2,31,0,0,33,0,2,31,33
441371,13,10,2,2,31,0,0,33,0,2,31,33
441487,1,412,1,3,44,0,5,47,5,3,49,52
441487,1,112,2,3,44,0,5,47,5,3,49,52
441487,2,999,1,3,17,0,1,20,1,3,18,21
441487,2,999,2,3,17,0,1,20,1,3,18,21
441487,4,2,1,1,4,0,1,5,1,1,5,6
441487,4,2,2,1,4,0,1,5,1,1,5,6
441487,5,3,1,0,7,0,0,7,0,0,7,7
441487,5,3,2,0,7,0,0,7,0,0,7,7
441487,6,4,1,2,6,0,0,8,0,2,6,8
441487,6,4,2,2,6,0,0,8,0,2,6,8
441487,7,999,1,0,27,0,3,27,3,0,30,30
441487,7,999,2,0,27,0,3,27,3,0,30,30
441487,8,5,1,0,10,0,3,10,3,0,13,13
441487,8,5,2,0,10,0,3,10,3,0,13,13
441487,9,6,1,0,8,0,0,8,0,0,8,8
441487,9,6,2,0,8,0,0,8,0,0,8,8
441487,10,7,1,0,4,0,0,4,0,0,4,4
441487,10,7,2,0,4,0,0,4,0,0,4,4
441487,11,8,1,0,3,0,0,3,0,0,3,3
441487,11,8,2,0,3,0,0,3,0,0,3,3
441487,12,9,1,0,2,0,0,2,0,0,2,2
441487,12,9,2,0,2,0,0,2,0,0,2,2
441487,14,11,1,0,0,0,1,0,1,0,1,1
441487,14,11,2,0,0,0,1,0,1,0,1,1
441900,1,412,1,409,1690,1469,3721,2099,5190,1878,5411,7289
441900,1,112,2,406,1673,1467,3672,2079,5139,1873,5345,7218
441900,1,312,5,3,17,2,49,20,51,5,66,71
441900,2,999,1,289,1267,1113,2453,1556,3566,1402,3720,5122
441900,2,999,2,289,1262,1113,2450,1551,3563,1402,3712,5114
441900,2,999,5,0,5,0,3,5,3,0,8,8
441900,3,1,1,11,57,854,1628,68,2482,865,1685,2550
441900,3,1,2,11,57,854,1628,68,2482,865,1685,2550
441900,4,2,1,120,552,103,187,672,290,223,739,962
441900,4,2,2,120,552,103,187,672,290,223,739,962
441900,5,3,1,78,387,60,260,465,320,138,647,785
441900,5,3,2,78,387,60,260,465,320,138,647,785
441900,6,4,1,80,271,96,378,351,474,176,649,825
441900,6,4,2,80,266,96,375,346,471,176,641,817
441900,6,4,5,0,5,0,3,5,3,0,8,8
441900,7,999,1,120,423,356,1268,543,1624,476,1691,2167
441900,7,999,2,117,411,354,1222,528,1576,471,1633,2104
441900,7,999,5,3,12,2,46,15,48,5,58,63
441900,8,5,1,51,207,107,423,258,530,158,630,788
441900,8,5,2,51,202,107,411,253,518,158,613,771
441900,8,5,5,0,5,0,12,5,12,0,17,17
441900,9,6,1,34,95,102,290,129,392,136,385,521
441900,9,6,2,34,94,102,283,128,385,136,377,513
441900,9,6,5,0,1,0,7,1,7,0,8,8
441900,10,7,1,16,55,47,225,71,272,63,280,343
441900,10,7,2,14,52,47,220,66,267,61,272,333
441900,10,7,5,2,3,0,5,5,5,2,8,10
441900,11,8,1,16,52,70,226,68,296,86,278,364
441900,11,8,2,16,49,68,212,65,280,84,261,345
441900,11,8,5,0,3,2,14,3,16,2,17,19
441900,12,9,1,3,14,27,99,17,126,30,113,143
441900,12,9,2,2,14,27,91,16,118,29,105,134
441900,12,9,5,1,0,0,8,1,8,1,8,9
441900,13,10,1,0,0,3,5,0,8,3,5,8
441900,13,10,2,0,0,3,5,0,8,3,5,8
441937,1,412,1,1986,3880,666,914,5866,1580,2652,4794,7446
441937,1,112,2,1912,3719,534,782,5631,1316,2446,4501,6947
441937,1,312,5,74,161,132,132,235,264,206,293,499
441937,2,999,1,1472,3164,273,411,4636,684,1745,3575,5320
441937,2,999,2,1458,3105,263,396,4563,659,1721,3501,5222
441937,2,999,5,14,59,10,15,73,25,24,74,98
441937,3,1,1,22,38,0,5,60,5,22,43,65
441937,3,1,2,22,38,0,5,60,5,22,43,65
441937,4,2,1,369,902,26,43,1271,69,395,945,1340
441937,4,2,2,369,902,26,43,1271,69,395,945,1340
441937,5,3,1,507,1153,63,99,1660,162,570,1252,1822
441937,5,3,2,507,1150,62,99,1657,161,569,1249,1818
441937,5,3,5,0,3,1,0,3,1,1,3,4
441937,6,4,1,574,1071,184,264,1645,448,758,1335,2093
441937,6,4,2,560,1015,175,249,1575,424,735,1264,1999
441937,6,4,5,14,56,9,15,70,24,23,71,94
441937,7,999,1,514,716,393,503,1230,896,907,1219,2126
441937,7,999,2,454,614,271,386,1068,657,725,1000,1725
441937,7,999,5,60,102,122,117,162,239,182,219,401
441937,8,5,1,343,467,234,276,810,510,577,743,1320
441937,8,5,2,314,405,176,230,719,406,490,635,1125
441937,8,5,5,29,62,58,46,91,104,87,108,195
441937,9,6,1,108,134,81,109,242,190,189,243,432
441937,9,6,2,92,117,48,75,209,123,140,192,332
441937,9,6,5,16,17,33,34,33,67,49,51,100
441937,10,7,1,36,52,40,47,88,87,76,99,175
441937,10,7,2,27,41,21,35,68,56,48,76,124
441937,10,7,5,9,11,19,12,20,31,28,23,51
441937,11,8,1,21,46,24,44,67,68,45,90,135
441937,11,8,2,16,36,15,30,52,45,31,66,97
441937,11,8,5,5,10,9,14,15,23,14,24,38
441937,12,9,1,5,16,13,24,21,37,18,40,58
441937,12,9,2,4,14,10,15,18,25,14,29,43
441937,12,9,5,1,2,3,9,3,12,4,11,15
441937,13,10,1,1,1,1,3,2,4,2,4,6
441937,13,10,2,1,1,1,1,2,2,2,2,4
441937,13,10,5,0,0,0,2,0,2,0,2,2
442064,1,412,1,22,87,6,9,109,15,28,96,124
442064,1,312,5,22,87,6,9,109,15,28,96,124
442064,2,999,1,0,3,0,0,3,0,0,3,3
442064,2,999,5,0,3,0,0,3,0,0,3,3
442064,6,4,1,0,3,0,0,3,0,0,3,3
442064,6,4,5,0,3,0,0,3,0,0,3,3
442064,7,999,1,22,84,6,9,106,15,28,93,121
442064,7,999,5,22,84,6,9,106,15,28,93,121
442064,8,5,1,2,15,1,0,17,1,3,15,18
442064,8,5,5,2,15,1,0,17,1,3,15,18
442064,9,6,1,3,19,1,0,22,1,4,19,23
442064,9,6,5,3,19,1,0,22,1,4,19,23
442064,10,7,1,5,17,0,2,22,2,5,19,24
442064,10,7,5,5,17,0,2,22,2,5,19,24
442064,11,8,1,7,18,1,1,25,2,8,19,27
442064,11,8,5,7,18,1,1,25,2,8,19,27
442064,12,9,1,4,14,2,3,18,5,6,17,23
442064,12,9,5,4,14,2,3,18,5,6,17,23
442064,13,10,1,1,1,1,3,2,4,2,4,6
442064,13,10,5,1,1,1,3,2,4,2,4,6
442073,1,412,1,126,347,52,165,473,217,178,512,690
442073,1,112,2,126,347,52,165,473,217,178,512,690
442073,2,999,1,89,215,29,55,304,84,118,270,388
442073,2,999,2,89,215,29,55,304,84,118,270,388
442073,3,1,1,31,81,6,6,112,12,37,87,124
442073,3,1,2,31,81,6,6,112,12,37,87,124
442073,4,2,1,21,49,9,9,70,18,30,58,88
442073,4,2,2,21,49,9,9,70,18,30,58,88
442073,5,3,1,16,33,6,15,49,21,22,48,70
442073,5,3,2,16,33,6,15,49,21,22,48,70
442073,6,4,1,21,52,8,25,73,33,29,77,106
442073,6,4,2,21,52,8,25,73,33,29,77,106
442073,7,999,1,37,132,23,110,169,133,60,242,302
442073,7,999,2,37,132,23,110,169,133,60,242,302
442073,8,5,1,16,63,12,26,79,38,28,89,117
442073,8,5,2,16,63,12,26,79,38,28,89,117
442073,9,6,1,8,27,3,34,35,37,11,61,72
442073,9,6,2,8,27,3,34,35,37,11,61,72
442073,10,7,1,6,18,2,26,24,28,8,44,52
442073,10,7,2,6,18,2,26,24,28,8,44,52
442073,11,8,1,4,19,2,21,23,23,6,40,46
442073,11,8,2,4,19,2,21,23,23,6,40,46
442073,12,9,1,3,5,4,3,8,7,7,8,15
442073,12,9,2,3,5,4,3,8,7,7,8,15
442161,1,412,1,0,2,0,0,2,0,0,2,2
442161,1,112,2,0,2,0,0,2,0,0,2,2
442161,7,999,1,0,2,0,0,2,0,0,2,2
442161,7,999,2,0,2,0,0,2,0,0,2,2
442161,10,7,1,0,1,0,0,1,0,0,1,1
442161,10,7,2,0,1,0,0,1,0,0,1,1
442161,11,8,1,0,1,0,0,1,0,0,1,1
442161,11,8,2,0,1,0,0,1,0,0,1,1
442240,1,412,1,45,231,33,141,276,174,78,372,450
442240,1,112,2,45,231,33,141,276,174,78,372,450
442240,2,999,1,25,154,12,62,179,74,37,216,253
442240,2,999,2,25,154,12,62,179,74,37,216,253
442240,4,2,1,8,44,2,11,52,13,10,55,65
442240,4,2,2,8,44,2,11,52,13,10,55,65
442240,5,3,1,6,53,4,22,59,26,10,75,85
442240,5,3,2,6,53,4,22,59,26,10,75,85
442240,6,4,1,11,57,6,29,68,35,17,86,103
442240,6,4,2,11,57,6,29,68,35,17,86,103
442240,7,999,1,20,77,21,79,97,100,41,156,197
442240,7,999,2,20,77,21,79,97,100,41,156,197
442240,8,5,1,12,49,15,49,61,64,27,98,125
442240,8,5,2,12,49,15,49,61,64,27,98,125
442240,9,6,1,4,18,5,15,22,20,9,33,42
442240,9,6,2,4,18,5,15,22,20,9,33,42
442240,10,7,1,4,2,1,8,6,9,5,10,15
442240,10,7,2,4,2,1,8,6,9,5,10,15
442240,11,8,1,0,6,0,5,6,5,0,11,11
442240,11,8,2,0,6,0,5,6,5,0,11,11
442240,12,9,1,0,2,0,2,2,2,0,4,4
442240,12,9,2,0,2,0,2,2,2,0,4,4
442295,1,412,1,128,144,5,9,272,14,133,153,286
442295,1,312,5,128,144,5,9,272,14,133,153,286
442295,2,999,1,52,63,0,1,115,1,52,64,116
442295,2,999,5,52,63,0,1,115,1,52,64,116
442295,5,3,1,2,3,0,0,5,0,2,3,5
442295,5,3,5,2,3,0,0,5,0,2,3,5
442295,6,4,1,50,60,0,1,110,1,50,61,111
442295,6,4,5,50,60,0,1,110,1,50,61,111
442295,7,999,1,76,81,5,8,157,13,81,89,170
442295,7,999,5,76,81,5,8,157,13,81,89,170
442295,8,5,1,51,44,1,6,95,7,52,50,102
442295,8,5,5,51,44,1,6,95,7,52,50,102
442295,9,6,1,7,17,0,1,24,1,7,18,25
442295,9,6,5,7,17,0,1,24,1,7,18,25
442295,10,7,1,8,9,3,0,17,3,11,9,20
442295,10,7,5,8,9,3,0,17,3,11,9,20
442295,11,8,1,7,5,0,0,12,0,7,5,12
442295,11,8,5,7,5,0,0,12,0,7,5,12
442295,12,9,1,3,6,1,1,9,2,4,7,11
442295,12,9,5,3,6,1,1,9,2,4,7,11
442329,1,412,1,896,83,0,0,979,0,896,83,979
442329,1,112,2,896,83,0,0,979,0,896,83,979
442329,2,999,1,594,44,0,0,638,0,594,44,638
442329,2,999,2,594,44,0,0,638,0,594,44,638
442329,3,1,1,7,1,0,0,8,0,7,1,8
442329,3,1,2,7,1,0,0,8,0,7,1,8
442329,4,2,1,346,20,0,0,366,0,346,20,366
442329,4,2,2,346,20,0,0,366,0,346,20,366
442329,5,3,1,126,9,0,0,135,0,126,9,135
442329,5,3,2,126,9,0,0,135,0,126,9,135
442329,6,4,1,115,14,0,0,129,0,115,14,129
442329,6,4,2,115,14,0,0,129,0,115,14,129
442329,7,999,1,302,39,0,0,341,0,302,39,341
442329,7,999,2,302,39,0,0,341,0,302,39,341
442329,8,5,1,141,19,0,0,160,0,141,19,160
442329,8,5,2,141,19,0,0,160,0,141,19,160
442329,9,6,1,78,8,0,0,86,0,78,8,86
442329,9,6,2,78,8,0,0,86,0,78,8,86
442329,10,7,1,27,6,0,0,33,0,27,6,33
442329,10,7,2,27,6,0,0,33,0,27,6,33
442329,11,8,1,45,4,0,0,49,0,45,4,49
442329,11,8,2,45,4,0,0,49,0,45,4,49
442329,12,9,1,11,2,0,0,13,0,11,2,13
442329,12,9,2,11,2,0,0,13,0,11,2,13
442523,1,412,1,28,57,2,6,85,8,30,63,93
442523,1,112,2,28,57,2,6,85,8,30,63,93
442523,2,999,1,26,53,0,3,79,3,26,56,82
442523,2,999,2,26,53,0,3,79,3,26,56,82
442523,4,2,1,12,35,0,0,47,0,12,35,47
442523,4,2,2,12,35,0,0,47,0,12,35,47
442523,5,3,1,11,15,0,1,26,1,11,16,27
442523,5,3,2,11,15,0,1,26,1,11,16,27
442523,6,4,1,3,3,0,2,6,2,3,5,8
442523,6,4,2,3,3,0,2,6,2,3,5,8
442523,7,999,1,2,4,2,3,6,5,4,7,11
442523,7,999,2,2,4,2,3,6,5,4,7,11
442523,8,5,1,2,3,0,2,5,2,2,5,7
442523,8,5,2,2,3,0,2,5,2,2,5,7
442523,9,6,1,0,0,1,0,0,1,1,0,1
442523,9,6,2,0,0,1,0,0,1,1,0,1
442523,10,7,1,0,0,1,0,0,1,1,0,1
442523,10,7,2,0,0,1,0,0,1,1,0,1
442523,12,9,1,0,1,0,1,1,1,0,2,2
442523,12,9,2,0,1,0,1,1,1,0,2,2
442569,1,412,1,1495,1500,1820,1650,2995,3470,3315,3150,6465
442569,1,112,2,1063,1101,1663,1492,2164,3155,2726,2593,5319
442569,1,312,5,432,399,157,158,831,315,589,557,1146
442569,2,999,1,139,174,168,231,313,399,307,405,712
442569,2,999,2,131,160,167,226,291,393,298,386,684
442569,2,999,5,8,14,1,5,22,6,9,19,28
442569,3,1,1,1,1,1,0,2,1,2,1,3
442569,3,1,2,1,1,1,0,2,1,2,1,3
442569,4,2,1,9,8,21,32,17,53,30,40,70
442569,4,2,2,9,8,21,32,17,53,30,40,70
442569,5,3,1,38,40,44,63,78,107,82,103,185
442569,5,3,2,38,40,44,63,78,107,82,103,185
442569,6,4,1,91,125,102,136,216,238,193,261,454
442569,6,4,2,83,111,101,131,194,232,184,242,426
442569,6,4,5,8,14,1,5,22,6,9,19,28
442569,7,999,1,1356,1326,1652,1419,2682,3071,3008,2745,5753
442569,7,999,2,932,941,1496,1266,1873,2762,2428,2207,4635
442569,7,999,5,424,385,156,153,809,309,580,538,1118
442569,8,5,1,211,274,258,315,485,573,469,589,1058
442569,8,5,2,172,220,245,298,392,543,417,518,935
442569,8,5,5,39,54,13,17,93,30,52,71,123
442569,9,6,1,304,262,361,302,566,663,665,564,1229
442569,9,6,2,234,201,337,275,435,612,571,476,1047
442569,9,6,5,70,61,24,27,131,51,94,88,182
442569,10,7,1,285,243,387,259,528,646,672,502,1174
442569,10,7,2,189,173,351,227,362,578,540,400,940
442569,10,7,5,96,70,36,32,166,68,132,102,234
442569,11,8,1,393,336,419,345,729,764,812,681,1493
442569,11,8,2,235,215,361,293,450,654,596,508,1104
442569,11,8,5,158,121,58,52,279,110,216,173,389
442569,12,9,1,160,201,217,185,361,402,377,386,763
442569,12,9,2,100,125,194,164,225,358,294,289,583
442569,12,9,5,60,76,23,21,136,44,83,97,180
442569,13,10,1,3,10,10,13,13,23,13,23,36
442569,13,10,2,2,7,8,9,9,17,10,16,26
442569,13,10,5,1,3,2,4,4,6,3,7,10
442781,1,412,1,49,156,148,490,205,638,197,646,843
442781,1,112,2,49,156,148,490,205,638,197,646,843
442781,2,999,1,26,63,60,125,89,185,86,188,274
442781,2,999,2,26,63,60,125,89,185,86,188,274
442781,3,1,1,0,1,7,14,1,21,7,15,22
442781,3,1,2,0,1,7,14,1,21,7,15,22
442781,4,2,1,14,23,20,34,37,54,34,57,91
442781,4,2,2,14,23,20,34,37,54,34,57,91
442781,5,3,1,5,14,14,29,19,43,19,43,62
442781,5,3,2,5,14,14,29,19,43,19,43,62
442781,6,4,1,7,25,19,48,32,67,26,73,99
442781,6,4,2,7,25,19,48,32,67,26,73,99
442781,7,999,1,23,93,86,364,116,450,109,457,566
442781,7,999,2,23,93,86,364,116,450,109,457,566
442781,8,5,1,7,32,18,78,39,96,25,110,135
442781,8,5,2,7,32,18,78,39,96,25,110,135
442781,9,6,1,9,28,16,93,37,109,25,121,146
442781,9,6,2,9,28,16,93,37,109,25,121,146
442781,10,7,1,3,13,23,57,16,80,26,70,96
442781,10,7,2,3,13,23,57,16,80,26,70,96
442781,11,8,1,4,15,18,84,19,102,22,99,121
442781,11,8,2,4,15,18,84,19,102,22,99,121
442781,12,9,1,0,5,8,43,5,51,8,48,56
442781,12,9,2,0,5,8,43,5,51,8,48,56
442781,13,10,1,0,0,3,9,0,12,3,9,12
442781,13,10,2,0,0,3,9,0,12,3,9,12
442781,14,11,1,0,0,2,1,0,3,2,1,3
442781,14,11,2,0,0,2,1,0,3,2,1,3
442806,1,412,1,1004,1119,0,0,2123,0,1004,1119,2123
442806,1,312,5,1004,1119,0,0,2123,0,1004,1119,2123
442806,2,999,1,264,401,0,0,665,0,264,401,665
442806,2,999,5,264,401,0,0,665,0,264,401,665
442806,5,3,1,2,1,0,0,3,0,2,1,3
442806,5,3,5,2,1,0,0,3,0,2,1,3
442806,6,4,1,262,400,0,0,662,0,262,400,662
442806,6,4,5,262,400,0,0,662,0,262,400,662
442806,7,999,1,740,718,0,0,1458,0,740,718,1458
442806,7,999,5,740,718,0,0,1458,0,740,718,1458
442806,8,5,1,642,656,0,0,1298,0,642,656,1298
442806,8,5,5,642,656,0,0,1298,0,642,656,1298
442806,9,6,1,74,56,0,0,130,0,74,56,130
442806,9,6,5,74,56,0,0,130,0,74,56,130
442806,10,7,1,17,5,0,0,22,0,17,5,22
442806,10,7,5,17,5,0,0,22,0,17,5,22
442806,11,8,1,7,1,0,0,8,0,7,1,8
442806,11,8,5,7,1,0,0,8,0,7,1,8
443100,1,412,1,29,17,0,0,46,0,29,17,46
443100,1,112,2,29,17,0,0,46,0,29,17,46
443100,2,999,1,11,10,0,0,21,0,11,10,21
443100,2,999,2,11,10,0,0,21,0,11,10,21
443100,3,1,1,1,0,0,0,1,0,1,0,1
443100,3,1,2,1,0,0,0,1,0,1,0,1
443100,4,2,1,4,4,0,0,8,0,4,4,8
443100,4,2,2,4,4,0,0,8,0,4,4,8
443100,5,3,1,5,3,0,0,8,0,5,3,8
443100,5,3,2,5,3,0,0,8,0,5,3,8
443100,6,4,1,1,3,0,0,4,0,1,3,4
443100,6,4,2,1,3,0,0,4,0,1,3,4
443100,7,999,1,18,7,0,0,25,0,18,7,25
443100,7,999,2,18,7,0,0,25,0,18,7,25
443100,8,5,1,2,2,0,0,4,0,2,2,4
443100,8,5,2,2,2,0,0,4,0,2,2,4
443100,9,6,1,4,1,0,0,5,0,4,1,5
443100,9,6,2,4,1,0,0,5,0,4,1,5
443100,10,7,1,8,2,0,0,10,0,8,2,10
443100,10,7,2,8,2,0,0,10,0,8,2,10
443100,11,8,1,3,1,0,0,4,0,3,1,4
443100,11,8,2,3,1,0,0,4,0,3,1,4
443100,12,9,1,1,1,0,0,2,0,1,1,2
443100,12,9,2,1,1,0,0,2,0,1,1,2
443207,1,412,1,135,3,0,0,138,0,135,3,138
443207,1,112,2,135,3,0,0,138,0,135,3,138
443207,2,999,1,52,1,0,0,53,0,52,1,53
443207,2,999,2,52,1,0,0,53,0,52,1,53
443207,3,1,1,3,0,0,0,3,0,3,0,3
443207,3,1,2,3,0,0,0,3,0,3,0,3
443207,4,2,1,11,0,0,0,11,0,11,0,11
443207,4,2,2,11,0,0,0,11,0,11,0,11
443207,5,3,1,13,1,0,0,14,0,13,1,14
443207,5,3,2,13,1,0,0,14,0,13,1,14
443207,6,4,1,25,0,0,0,25,0,25,0,25
443207,6,4,2,25,0,0,0,25,0,25,0,25
443207,7,999,1,83,2,0,0,85,0,83,2,85
443207,7,999,2,83,2,0,0,85,0,83,2,85
443207,8,5,1,31,0,0,0,31,0,31,0,31
443207,8,5,2,31,0,0,0,31,0,31,0,31
443207,9,6,1,15,1,0,0,16,0,15,1,16
443207,9,6,2,15,1,0,0,16,0,15,1,16
443207,10,7,1,14,0,0,0,14,0,14,0,14
443207,10,7,2,14,0,0,0,14,0,14,0,14
443207,11,8,1,19,1,0,0,20,0,19,1,20
443207,11,8,2,19,1,0,0,20,0,19,1,20
443207,12,9,1,4,0,0,0,4,0,4,0,4
443207,12,9,2,4,0,0,0,4,0,4,0,4
443331,1,412,1,462,1682,49,220,2144,269,511,1902,2413
443331,1,112,2,462,1682,49,220,2144,269,511,1902,2413
443331,2,999,1,238,848,21,109,1086,130,259,957,1216
443331,2,999,2,238,848,21,109,1086,130,259,957,1216
443331,3,1,1,0,11,0,1,11,1,0,12,12
443331,3,1,2,0,11,0,1,11,1,0,12,12
443331,4,2,1,32,111,2,15,143,17,34,126,160
443331,4,2,2,32,111,2,15,143,17,34,126,160
443331,5,3,1,83,286,10,27,369,37,93,313,406
443331,5,3,2,83,286,10,27,369,37,93,313,406
443331,6,4,1,123,440,9,66,563,75,132,506,638
443331,6,4,2,123,440,9,66,563,75,132,506,638
443331,7,999,1,224,834,28,111,1058,139,252,945,1197
443331,7,999,2,224,834,28,111,1058,139,252,945,1197
443331,8,5,1,131,474,11,69,605,80,142,543,685
443331,8,5,2,131,474,11,69,605,80,142,543,685
443331,9,6,1,50,196,9,28,246,37,59,224,283
443331,9,6,2,50,196,9,28,246,37,59,224,283
443331,10,7,1,22,93,8,3,115,11,30,96,126
443331,10,7,2,22,93,8,3,115,11,30,96,126
443331,11,8,1,16,61,0,10,77,10,16,71,87
443331,11,8,2,16,61,0,10,77,10,16,71,87
443331,12,9,1,5,10,0,1,15,1,5,11,16
443331,12,9,2,5,10,0,1,15,1,5,11,16
443492,1,412,1,427,518,231,437,945,668,658,955,1613
443492,1,112,2,427,518,231,437,945,668,658,955,1613
443492,2,999,1,342,398,193,365,740,558,535,763,1298
443492,2,999,2,342,398,193,365,740,558,535,763,1298
443492,3,1,1,5,6,93,220,11,313,98,226,324
443492,3,1,2,5,6,93,220,11,313,98,226,324
443492,4,2,1,174,176,54,90,350,144,228,266,494
443492,4,2,2,174,176,54,90,350,144,228,266,494
443492,5,3,1,108,139,24,27,247,51,132,166,298
443492,5,3,2,108,139,24,27,247,51,132,166,298
443492,6,4,1,55,77,22,28,132,50,77,105,182
443492,6,4,2,55,77,22,28,132,50,77,105,182
443492,7,999,1,85,120,38,72,205,110,123,192,315
443492,7,999,2,85,120,38,72,205,110,123,192,315
443492,8,5,1,27,46,17,26,73,43,44,72,116
443492,8,5,2,27,46,17,26,73,43,44,72,116
443492,9,6,1,18,26,7,19,44,26,25,45,70
443492,9,6,2,18,26,7,19,44,26,25,45,70
443492,10,7,1,8,21,5,8,29,13,13,29,42
443492,10,7,2,8,21,5,8,29,13,13,29,42
443492,11,8,1,26,19,8,11,45,19,34,30,64
443492,11,8,2,26,19,8,11,45,19,34,30,64
443492,12,9,1,6,8,1,8,14,9,7,16,23
443492,12,9,2,6,8,1,8,14,9,7,16,23
443641,1,412,1,1,47,3,86,48,89,4,133,137
443641,1,112,2,1,47,3,86,48,89,4,133,137
443641,2,999,1,0,28,2,58,28,60,2,86,88
443641,2,999,2,0,28,2,58,28,60,2,86,88
443641,3,1,1,0,0,0,1,0,1,0,1,1
443641,3,1,2,0,0,0,1,0,1,0,1,1
443641,4,2,1,0,9,0,26,9,26,0,35,35
443641,4,2,2,0,9,0,26,9,26,0,35,35
443641,5,3,1,0,9,1,15,9,16,1,24,25
443641,5,3,2,0,9,1,15,9,16,1,24,25
443641,6,4,1,0,10,1,16,10,17,1,26,27
443641,6,4,2,0,10,1,16,10,17,1,26,27
443641,7,999,1,1,19,1,28,20,29,2,47,49
443641,7,999,2,1,19,1,28,20,29,2,47,49
443641,8,5,1,1,10,0,17,11,17,1,27,28
443641,8,5,2,1,10,0,17,11,17,1,27,28
443641,9,6,1,0,4,1,5,4,6,1,9,10
443641,9,6,2,0,4,1,5,4,6,1,9,10
443641,10,7,1,0,3,0,4,3,4,0,7,7
443641,10,7,2,0,3,0,4,3,4,0,7,7
443641,11,8,1,0,2,0,1,2,1,0,3,3
443641,11,8,2,0,2,0,1,2,1,0,3,3
443641,12,9,1,0,0,0,1,0,1,0,1,1
443641,12,9,2,0,0,0,1,0,1,0,1,1
444219,1,412,1,1017,1167,3130,4228,2184,7358,4147,5395,9542
444219,1,112,2,1017,1167,3130,4228,2184,7358,4147,5395,9542
444219,2,999,1,908,971,1953,2419,1879,4372,2861,3390,6251
444219,2,999,2,908,971,1953,2419,1879,4372,2861,3390,6251
444219,3,1,1,34,63,166,274,97,440,200,337,537
444219,3,1,2,34,63,166,274,97,440,200,337,537
444219,4,2,1,593,664,668,818,1257,1486,1261,1482,2743
444219,4,2,2,593,664,668,818,1257,1486,1261,1482,2743
444219,5,3,1,218,177,651,740,395,1391,869,917,1786
444219,5,3,2,218,177,651,740,395,1391,869,917,1786
444219,6,4,1,63,67,468,587,130,1055,531,654,1185
444219,6,4,2,63,67,468,587,130,1055,531,654,1185
444219,7,999,1,109,196,1177,1809,305,2986,1286,2005,3291
444219,7,999,2,109,196,1177,1809,305,2986,1286,2005,3291
444219,8,5,1,40,62,381,625,102,1006,421,687,1108
444219,8,5,2,40,62,381,625,102,1006,421,687,1108
444219,9,6,1,24,45,242,377,69,619,266,422,688
444219,9,6,2,24,45,242,377,69,619,266,422,688
444219,10,7,1,14,29,175,279,43,454,189,308,497
444219,10,7,2,14,29,175,279,43,454,189,308,497
444219,11,8,1,16,38,205,319,54,524,221,357,578
444219,11,8,2,16,38,205,319,54,524,221,357,578
444219,12,9,1,13,18,149,179,31,328,162,197,359
444219,12,9,2,13,18,149,179,31,328,162,197,359
444219,13,10,1,2,4,25,30,6,55,27,34,61
444219,13,10,2,2,4,25,30,6,55,27,34,61
444282,1,412,1,0,51,1,23,51,24,1,74,75
444282,1,112,2,0,51,1,23,51,24,1,74,75
444282,2,999,1,0,24,1,12,24,13,1,36,37
444282,2,999,2,0,24,1,12,24,13,1,36,37
444282,4,2,1,0,9,0,3,9,3,0,12,12
444282,4,2,2,0,9,0,3,9,3,0,12,12
444282,5,3,1,0,8,1,3,8,4,1,11,12
444282,5,3,2,0,8,1,3,8,4,1,11,12
444282,6,4,1,0,7,0,6,7,6,0,13,13
444282,6,4,2,0,7,0,6,7,6,0,13,13
444282,7,999,1,0,27,0,11,27,11,0,38,38
444282,7,999,2,0,27,0,11,27,11,0,38,38
444282,8,5,1,0,16,0,3,16,3,0,19,19
444282,8,5,2,0,16,0,3,16,3,0,19,19
444282,9,6,1,0,7,0,4,7,4,0,11,11
444282,9,6,2,0,7,0,4,7,4,0,11,11
444282,10,7,1,0,2,0,1,2,1,0,3,3
444282,10,7,2,0,2,0,1,2,1,0,3,3
444282,11,8,1,0,1,0,3,1,3,0,4,4
444282,11,8,2,0,1,0,3,1,3,0,4,4
444282,12,9,1,0,1,0,0,1,0,0,1,1
444282,12,9,2,0,1,0,0,1,0,0,1,1
444291,1,412,1,1,46,1,26,47,27,2,72,74
444291,1,112,2,1,46,1,26,47,27,2,72,74
444291,2,999,1,1,32,0,13,33,13,1,45,46
444291,2,999,2,1,32,0,13,33,13,1,45,46
444291,4,2,1,1,18,0,5,19,5,1,23,24
444291,4,2,2,1,18,0,5,19,5,1,23,24
444291,5,3,1,0,10,0,2,10,2,0,12,12
444291,5,3,2,0,10,0,2,10,2,0,12,12
444291,6,4,1,0,4,0,6,4,6,0,10,10
444291,6,4,2,0,4,0,6,4,6,0,10,10
444291,7,999,1,0,14,1,13,14,14,1,27,28
444291,7,999,2,0,14,1,13,14,14,1,27,28
444291,8,5,1,0,10,0,6,10,6,0,16,16
444291,8,5,2,0,10,0,6,10,6,0,16,16
444291,9,6,1,0,2,1,4,2,5,1,6,7
444291,9,6,2,0,2,1,4,2,5,1,6,7
444291,10,7,1,0,0,0,2,0,2,0,2,2
444291,10,7,2,0,0,0,2,0,2,0,2,2
444291,11,8,1,0,2,0,1,2,1,0,3,3
444291,11,8,2,0,2,0,1,2,1,0,3,3
444307,1,412,1,1,62,0,15,63,15,1,77,78
444307,1,112,2,1,62,0,15,63,15,1,77,78
444307,2,999,1,1,35,0,8,36,8,1,43,44
444307,2,999,2,1,35,0,8,36,8,1,43,44
444307,4,2,1,1,13,0,2,14,2,1,15,16
444307,4,2,2,1,13,0,2,14,2,1,15,16
444307,5,3,1,0,14,0,3,14,3,0,17,17
444307,5,3,2,0,14,0,3,14,3,0,17,17
444307,6,4,1,0,8,0,3,8,3,0,11,11
444307,6,4,2,0,8,0,3,8,3,0,11,11
444307,7,999,1,0,27,0,7,27,7,0,34,34
444307,7,999,2,0,27,0,7,27,7,0,34,34
444307,8,5,1,0,15,0,2,15,2,0,17,17
444307,8,5,2,0,15,0,2,15,2,0,17,17
444307,9,6,1,0,5,0,1,5,1,0,6,6
444307,9,6,2,0,5,0,1,5,1,0,6,6
444307,10,7,1,0,3,0,2,3,2,0,5,5
444307,10,7,2,0,3,0,2,3,2,0,5,5
444307,11,8,1,0,4,0,2,4,2,0,6,6
444307,11,8,2,0,4,0,2,4,2,0,6,6
444486,1,412,1,17,310,5,54,327,59,22,364,386
444486,1,112,2,17,310,5,54,327,59,22,364,386
444486,2,999,1,8,201,2,26,209,28,10,227,237
444486,2,999,2,8,201,2,26,209,28,10,227,237
444486,4,2,1,1,77,0,4,78,4,1,81,82
444486,4,2,2,1,77,0,4,78,4,1,81,82
444486,5,3,1,5,65,2,9,70,11,7,74,81
444486,5,3,2,5,65,2,9,70,11,7,74,81
444486,6,4,1,2,59,0,13,61,13,2,72,74
444486,6,4,2,2,59,0,13,61,13,2,72,74
444486,7,999,1,9,109,3,28,118,31,12,137,149
444486,7,999,2,9,109,3,28,118,31,12,137,149
444486,8,5,1,2,52,1,11,54,12,3,63,66
444486,8,5,2,2,52,1,11,54,12,3,63,66
444486,9,6,1,4,31,2,7,35,9,6,38,44
444486,9,6,2,4,31,2,7,35,9,6,38,44
444486,10,7,1,1,8,0,3,9,3,1,11,12
444486,10,7,2,1,8,0,3,9,3,1,11,12
444486,11,8,1,2,14,0,7,16,7,2,21,23
444486,11,8,2,2,14,0,7,16,7,2,21,23
444486,12,9,1,0,4,0,0,4,0,0,4,4
444486,12,9,2,0,4,0,0,4,0,0,4,4
444556,1,412,1,297,313,0,0,610,0,297,313,610
444556,1,112,2,297,313,0,0,610,0,297,313,610
444556,2,999,1,196,233,0,0,429,0,196,233,429
444556,2,999,2,196,233,0,0,429,0,196,233,429
444556,3,1,1,3,4,0,0,7,0,3,4,7
444556,3,1,2,3,4,0,0,7,0,3,4,7
444556,4,2,1,97,129,0,0,226,0,97,129,226
444556,4,2,2,97,129,0,0,226,0,97,129,226
444556,5,3,1,60,47,0,0,107,0,60,47,107
444556,5,3,2,60,47,0,0,107,0,60,47,107
444556,6,4,1,36,53,0,0,89,0,36,53,89
444556,6,4,2,36,53,0,0,89,0,36,53,89
444556,7,999,1,101,80,0,0,181,0,101,80,181
444556,7,999,2,101,80,0,0,181,0,101,80,181
444556,8,5,1,44,35,0,0,79,0,44,35,79
444556,8,5,2,44,35,0,0,79,0,44,35,79
444556,9,6,1,25,11,0,0,36,0,25,11,36
444556,9,6,2,25,11,0,0,36,0,25,11,36
444556,10,7,1,12,11,0,0,23,0,12,11,23
444556,10,7,2,12,11,0,0,23,0,12,11,23
444556,11,8,1,11,18,0,0,29,0,11,18,29
444556,11,8,2,11,18,0,0,29,0,11,18,29
444556,12,9,1,8,5,0,0,13,0,8,5,13
444556,12,9,2,8,5,0,0,13,0,8,5,13
444556,13,10,1,1,0,0,0,1,0,1,0,1
444556,13,10,2,1,0,0,0,1,0,1,0,1
445027,1,412,1,5410,8197,552,1256,13607,1808,5962,9453,15415
445027,1,112,2,4255,7216,425,934,11471,1359,4680,8150,12830
445027,1,312,5,1155,981,127,322,2136,449,1282,1303,2585
445027,2,999,1,560,1257,54,178,1817,232,614,1435,2049
445027,2,999,2,545,1230,53,175,1775,228,598,1405,2003
445027,2,999,5,15,27,1,3,42,4,16,30,46
445027,3,1,1,0,2,0,0,2,0,0,2,2
445027,3,1,2,0,2,0,0,2,0,0,2,2
445027,4,2,1,39,110,9,28,149,37,48,138,186
445027,4,2,2,39,110,9,28,149,37,48,138,186
445027,5,3,1,159,394,12,47,553,59,171,441,612
445027,5,3,2,158,392,12,47,550,59,170,439,609
445027,5,3,5,1,2,0,0,3,0,1,2,3
445027,6,4,1,362,751,33,103,1113,136,395,854,1249
445027,6,4,2,348,726,32,100,1074,132,380,826,1206
445027,6,4,5,14,25,1,3,39,4,15,28,43
445027,7,999,1,4850,6940,498,1078,11790,1576,5348,8018,13366
445027,7,999,2,3710,5986,372,759,9696,1131,4082,6745,10827
445027,7,999,5,1140,954,126,319,2094,445,1266,1273,2539
445027,8,5,1,903,1490,89,184,2393,273,992,1674,2666
445027,8,5,2,831,1387,69,155,2218,224,900,1542,2442
445027,8,5,5,72,103,20,29,175,49,92,132,224
445027,9,6,1,1079,1444,106,205,2523,311,1185,1649,2834
445027,9,6,2,915,1307,89,161,2222,250,1004,1468,2472
445027,9,6,5,164,137,17,44,301,61,181,181,362
445027,10,7,1,1007,1335,99,189,2342,288,1106,1524,2630
445027,10,7,2,762,1151,82,135,1913,217,844,1286,2130
445027,10,7,5,245,184,17,54,429,71,262,238,500
445027,11,8,1,1204,1655,120,283,2859,403,1324,1938,3262
445027,11,8,2,802,1343,80,182,2145,262,882,1525,2407
445027,11,8,5,402,312,40,101,714,141,442,413,855
445027,12,9,1,620,938,76,203,1558,279,696,1141,1837
445027,12,9,2,376,742,48,123,1118,171,424,865,1289
445027,12,9,5,244,196,28,80,440,108,272,276,548
445027,13,10,1,37,78,8,14,115,22,45,92,137
445027,13,10,2,24,56,4,3,80,7,28,59,87
445027,13,10,5,13,22,4,11,35,15,17,33,50
445133,1,412,1,62,97,29,33,159,62,91,130,221
445133,1,112,2,52,91,25,22,143,47,77,113,190
445133,1,312,5,10,6,4,11,16,15,14,17,31
445133,2,999,1,13,18,5,4,31,9,18,22,40
445133,2,999,2,13,18,5,4,31,9,18,22,40
445133,4,2,1,0,1,1,0,1,1,1,1,2
445133,4,2,2,0,1,1,0,1,1,1,1,2
445133,5,3,1,4,7,1,2,11,3,5,9,14
445133,5,3,2,4,7,1,2,11,3,5,9,14
445133,6,4,1,9,10,3,2,19,5,12,12,24
445133,6,4,2,9,10,3,2,19,5,12,12,24
445133,7,999,1,49,79,24,29,128,53,73,108,181
445133,7,999,2,39,73,20,18,112,38,59,91,150
445133,7,999,5,10,6,4,11,16,15,14,17,31
445133,8,5,1,13,21,6,8,34,14,19,29,48
445133,8,5,2,7,20,3,3,27,6,10,23,33
445133,8,5,5,6,1,3,5,7,8,9,6,15
445133,9,6,1,10,12,5,4,22,9,15,16,31
445133,9,6,2,8,11,5,2,19,7,13,13,26
445133,9,6,5,2,1,0,2,3,2,2,3,5
445133,10,7,1,12,11,5,5,23,10,17,16,33
445133,10,7,2,10,10,4,5,20,9,14,15,29
445133,10,7,5,2,1,1,0,3,1,3,1,4
445133,11,8,1,7,24,7,7,31,14,14,31,45
445133,11,8,2,7,21,7,5,28,12,14,26,40
445133,11,8,5,0,3,0,2,3,2,0,5,5
445133,12,9,1,7,10,1,3,17,4,8,13,21
445133,12,9,2,7,10,1,2,17,3,8,12,20
445133,12,9,5,0,0,0,1,0,1,0,1,1
445133,13,10,1,0,1,0,2,1,2,0,3,3
445133,13,10,2,0,1,0,1,1,1,0,2,2
445133,13,10,5,0,0,0,1,0,1,0,1,1
445188,1,412,1,4259,4672,53,34,8931,87,4312,4706,9018
445188,1,112,2,3863,4331,50,32,8194,82,3913,4363,8276
445188,1,312,5,396,341,3,2,737,5,399,343,742
445188,2,999,1,3830,4315,44,29,8145,73,3874,4344,8218
445188,2,999,2,3758,4248,43,29,8006,72,3801,4277,8078
445188,2,999,5,72,67,1,0,139,1,73,67,140
445188,3,1,1,130,162,0,1,292,1,130,163,293
445188,3,1,2,130,162,0,1,292,1,130,163,293
445188,4,2,1,1652,1966,9,10,3618,19,1661,1976,3637
445188,4,2,2,1652,1966,9,10,3618,19,1661,1976,3637
445188,5,3,1,1483,1776,13,7,3259,20,1496,1783,3279
445188,5,3,2,1482,1772,13,7,3254,20,1495,1779,3274
445188,5,3,5,1,4,0,0,5,0,1,4,5
445188,6,4,1,565,411,22,11,976,33,587,422,1009
445188,6,4,2,494,348,21,11,842,32,515,359,874
445188,6,4,5,71,63,1,0,134,1,72,63,135
445188,7,999,1,429,357,9,5,786,14,438,362,800
445188,7,999,2,105,83,7,3,188,10,112,86,198
445188,7,999,5,324,274,2,2,598,4,326,276,602
445188,8,5,1,266,204,6,3,470,9,272,207,479
445188,8,5,2,82,52,5,2,134,7,87,54,141
445188,8,5,5,184,152,1,1,336,2,185,153,338
445188,9,6,1,111,89,1,1,200,2,112,90,202
445188,9,6,2,17,14,1,0,31,1,18,14,32
445188,9,6,5,94,75,0,1,169,1,94,76,170
445188,10,7,1,31,28,1,1,59,2,32,29,61
445188,10,7,2,6,7,0,1,13,1,6,8,14
445188,10,7,5,25,21,1,0,46,1,26,21,47
445188,11,8,1,12,25,1,0,37,1,13,25,38
445188,11,8,2,0,6,1,0,6,1,1,6,7
445188,11,8,5,12,19,0,0,31,0,12,19,31
445188,12,9,1,9,9,0,0,18,0,9,9,18
445188,12,9,2,0,3,0,0,3,0,0,3,3
445188,12,9,5,9,6,0,0,15,0,9,6,15
445188,13,10,1,0,2,0,0,2,0,0,2,2
445188,13,10,2,0,1,0,0,1,0,0,1,1
445188,13,10,5,0,1,0,0,1,0,0,1,1
445203,1,412,1,38,309,0,0,347,0,38,309,347
445203,1,112,2,38,309,0,0,347,0,38,309,347
445203,2,999,1,17,148,0,0,165,0,17,148,165
445203,2,999,2,17,148,0,0,165,0,17,148,165
445203,4,2,1,5,22,0,0,27,0,5,22,27
445203,4,2,2,5,22,0,0,27,0,5,22,27
445203,5,3,1,10,62,0,0,72,0,10,62,72
445203,5,3,2,10,62,0,0,72,0,10,62,72
445203,6,4,1,2,64,0,0,66,0,2,64,66
445203,6,4,2,2,64,0,0,66,0,2,64,66
445203,7,999,1,21,161,0,0,182,0,21,161,182
445203,7,999,2,21,161,0,0,182,0,21,161,182
445203,8,5,1,8,92,0,0,100,0,8,92,100
445203,8,5,2,8,92,0,0,100,0,8,92,100
445203,9,6,1,7,30,0,0,37,0,7,30,37
445203,9,6,2,7,30,0,0,37,0,7,30,37
445203,10,7,1,3,13,0,0,16,0,3,13,16
445203,10,7,2,3,13,0,0,16,0,3,13,16
445203,11,8,1,3,22,0,0,25,0,3,22,25
445203,11,8,2,3,22,0,0,25,0,3,22,25
445203,12,9,1,0,4,0,0,4,0,0,4,4
445203,12,9,2,0,4,0,0,4,0,0,4,4
445212,1,412,1,22,127,19,95,149,114,41,222,263
445212,1,112,2,22,127,19,95,149,114,41,222,263
445212,2,999,1,9,92,12,53,101,65,21,145,166
445212,2,999,2,9,92,12,53,101,65,21,145,166
445212,3,1,1,0,2,0,0,2,0,0,2,2
445212,3,1,2,0,2,0,0,2,0,0,2,2
445212,4,2,1,5,35,2,11,40,13,7,46,53
445212,4,2,2,5,35,2,11,40,13,7,46,53
445212,5,3,1,2,26,4,21,28,25,6,47,53
445212,5,3,2,2,26,4,21,28,25,6,47,53
445212,6,4,1,2,29,6,21,31,27,8,50,58
445212,6,4,2,2,29,6,21,31,27,8,50,58
445212,7,999,1,13,35,7,42,48,49,20,77,97
445212,7,999,2,13,35,7,42,48,49,20,77,97
445212,8,5,1,8,22,4,30,30,34,12,52,64
445212,8,5,2,8,22,4,30,30,34,12,52,64
445212,9,6,1,3,6,1,9,9,10,4,15,19
445212,9,6,2,3,6,1,9,9,10,4,15,19
445212,10,7,1,1,4,2,2,5,4,3,6,9
445212,10,7,2,1,4,2,2,5,4,3,6,9
445212,11,8,1,0,3,0,1,3,1,0,4,4
445212,11,8,2,0,3,0,1,3,1,0,4,4
445212,12,9,1,1,0,0,0,1,0,1,0,1
445212,12,9,2,1,0,0,0,1,0,1,0,1
445249,1,412,1,79,266,0,0,345,0,79,266,345
445249,1,112,2,79,266,0,0,345,0,79,266,345
445249,2,999,1,24,121,0,0,145,0,24,121,145
445249,2,999,2,24,121,0,0,145,0,24,121,145
445249,3,1,1,0,1,0,0,1,0,0,1,1
445249,3,1,2,0,1,0,0,1,0,0,1,1
445249,4,2,1,2,18,0,0,20,0,2,18,20
445249,4,2,2,2,18,0,0,20,0,2,18,20
445249,5,3,1,11,30,0,0,41,0,11,30,41
445249,5,3,2,11,30,0,0,41,0,11,30,41
445249,6,4,1,11,72,0,0,83,0,11,72,83
445249,6,4,2,11,72,0,0,83,0,11,72,83
445249,7,999,1,55,143,0,0,198,0,55,143,198
445249,7,999,2,55,143,0,0,198,0,55,143,198
445249,8,5,1,20,69,0,0,89,0,20,69,89
445249,8,5,2,20,69,0,0,89,0,20,69,89
445249,9,6,1,10,38,0,0,48,0,10,38,48
445249,9,6,2,10,38,0,0,48,0,10,38,48
445249,10,7,1,11,19,0,0,30,0,11,19,30
445249,10,7,2,11,19,0,0,30,0,11,19,30
445249,11,8,1,11,16,0,0,27,0,11,16,27
445249,11,8,2,11,16,0,0,27,0,11,16,27
445249,12,9,1,3,1,0,0,4,0,3,1,4
445249,12,9,2,3,1,0,0,4,0,3,1,4
445249,14,11,1,0,2,0,0,2,0,0,2,2
445249,14,11,2,0,2,0,0,2,0,0,2,2
445267,1,412,1,222,816,749,1642,1038,2391,971,2458,3429
445267,1,112,2,198,757,698,1470,955,2168,896,2227,3123
445267,1,312,5,24,59,51,172,83,223,75,231,306
445267,2,999,1,105,374,552,978,479,1530,657,1352,2009
445267,2,999,2,97,356,545,956,453,1501,642,1312,1954
445267,2,999,5,8,18,7,22,26,29,15,40,55
445267,3,1,1,4,9,378,670,13,1048,382,679,1061
445267,3,1,2,4,9,378,670,13,1048,382,679,1061
445267,4,2,1,5,19,90,130,24,220,95,149,244
445267,4,2,2,5,19,90,130,24,220,95,149,244
445267,5,3,1,45,145,27,62,190,89,72,207,279
445267,5,3,2,45,145,27,60,190,87,72,205,277
445267,5,3,5,0,0,0,2,0,2,0,2,2
445267,6,4,1,51,201,57,116,252,173,108,317,425
445267,6,4,2,43,183,50,96,226,146,93,279,372
445267,6,4,5,8,18,7,20,26,27,15,38,53
445267,7,999,1,117,442,195,664,559,859,312,1106,1418
445267,7,999,2,101,401,151,514,502,665,252,915,1167
445267,7,999,5,16,41,44,150,57,194,60,191,251
445267,8,5,1,46,159,61,170,205,231,107,329,436
445267,8,5,2,37,143,44,139,180,183,81,282,363
445267,8,5,5,9,16,17,31,25,48,26,47,73
445267,9,6,1,31,96,44,142,127,186,75,238,313
445267,9,6,2,29,89,37,115,118,152,66,204,270
445267,9,6,5,2,7,7,27,9,34,9,34,43
445267,10,7,1,23,79,30,124,102,154,53,203,256
445267,10,7,2,22,75,20,97,97,117,42,172,214
445267,10,7,5,1,4,10,27,5,37,11,31,42
445267,11,8,1,13,81,39,161,94,200,52,242,294
445267,11,8,2,12,71,33,117,83,150,45,188,233
445267,11,8,5,1,10,6,44,11,50,7,54,61
445267,12,9,1,4,27,21,65,31,86,25,92,117
445267,12,9,2,1,23,17,45,24,62,18,68,86
445267,12,9,5,3,4,4,20,7,24,7,24,31
445267,13,10,1,0,0,0,2,0,2,0,2,2
445267,13,10,2,0,0,0,1,0,1,0,1,1
445267,13,10,5,0,0,0,1,0,1,0,1,1
445267,14,11,1,0,0,2,0,0,2,2,0,2
445267,14,11,2,0,0,2,0,0,2,2,0,2
445300,1,412,1,6,5,0,0,11,0,6,5,11
445300,1,112,2,6,5,0,0,11,0,6,5,11
445300,7,999,1,6,5,0,0,11,0,6,5,11
445300,7,999,2,6,5,0,0,11,0,6,5,11
445300,8,5,1,1,3,0,0,4,0,1,3,4
445300,8,5,2,1,3,0,0,4,0,1,3,4
445300,9,6,1,2,2,0,0,4,0,2,2,4
445300,9,6,2,2,2,0,0,4,0,2,2,4
445300,11,8,1,3,0,0,0,3,0,3,0,3
445300,11,8,2,3,0,0,0,3,0,3,0,3
445498,1,412,1,31,0,0,0,31,0,31,0,31
445498,1,112,2,31,0,0,0,31,0,31,0,31
445498,2,999,1,12,0,0,0,12,0,12,0,12
445498,2,999,2,12,0,0,0,12,0,12,0,12
445498,3,1,1,1,0,0,0,1,0,1,0,1
445498,3,1,2,1,0,0,0,1,0,1,0,1
445498,4,2,1,5,0,0,0,5,0,5,0,5
445498,4,2,2,5,0,0,0,5,0,5,0,5
445498,5,3,1,2,0,0,0,2,0,2,0,2
445498,5,3,2,2,0,0,0,2,0,2,0,2
445498,6,4,1,4,0,0,0,4,0,4,0,4
445498,6,4,2,4,0,0,0,4,0,4,0,4
445498,7,999,1,19,0,0,0,19,0,19,0,19
445498,7,999,2,19,0,0,0,19,0,19,0,19
445498,8,5,1,3,0,0,0,3,0,3,0,3
445498,8,5,2,3,0,0,0,3,0,3,0,3
445498,9,6,1,4,0,0,0,4,0,4,0,4
445498,9,6,2,4,0,0,0,4,0,4,0,4
445498,10,7,1,4,0,0,0,4,0,4,0,4
445498,10,7,2,4,0,0,0,4,0,4,0,4
445498,11,8,1,3,0,0,0,3,0,3,0,3
445498,11,8,2,3,0,0,0,3,0,3,0,3
445498,12,9,1,5,0,0,0,5,0,5,0,5
445498,12,9,2,5,0,0,0,5,0,5,0,5
445708,1,412,1,464,862,27,43,1326,70,491,905,1396
445708,1,112,2,463,858,27,43,1321,70,490,901,1391
445708,1,312,5,1,4,0,0,5,0,1,4,5
445708,2,999,1,440,836,21,37,1276,58,461,873,1334
445708,2,999,2,440,832,21,37,1272,58,461,869,1330
445708,2,999,5,0,4,0,0,4,0,0,4,4
445708,3,1,1,7,16,0,0,23,0,7,16,23
445708,3,1,2,7,16,0,0,23,0,7,16,23
445708,4,2,1,220,468,4,7,688,11,224,475,699
445708,4,2,2,220,468,4,7,688,11,224,475,699
445708,5,3,1,158,300,11,18,458,29,169,318,487
445708,5,3,2,158,299,11,18,457,29,169,317,486
445708,5,3,5,0,1,0,0,1,0,0,1,1
445708,6,4,1,55,52,6,12,107,18,61,64,125
445708,6,4,2,55,49,6,12,104,18,61,61,122
445708,6,4,5,0,3,0,0,3,0,0,3,3
445708,7,999,1,20,22,5,6,42,11,25,28,53
445708,7,999,2,19,22,5,6,41,11,24,28,52
445708,7,999,5,1,0,0,0,1,0,1,0,1
445708,8,5,1,8,14,2,5,22,7,10,19,29
445708,8,5,2,8,14,2,5,22,7,10,19,29
445708,9,6,1,8,5,1,0,13,1,9,5,14
445708,9,6,2,8,5,1,0,13,1,9,5,14
445708,10,7,1,1,1,0,0,2,0,1,1,2
445708,10,7,2,0,1,0,0,1,0,0,1,1
445708,10,7,5,1,0,0,0,1,0,1,0,1
445708,11,8,1,1,1,2,1,2,3,3,2,5
445708,11,8,2,1,1,2,1,2,3,3,2,5
445708,12,9,1,2,1,0,0,3,0,2,1,3
445708,12,9,2,2,1,0,0,3,0,2,1,3
445708,14,11,1,4,4,1,0,8,1,5,4,9
445708,14,11,2,4,4,1,0,8,1,5,4,9
445869,1,412,1,106,173,35,78,279,113,141,251,392
445869,1,312,5,106,173,35,78,279,113,141,251,392
445869,2,999,1,7,21,0,3,28,3,7,24,31
445869,2,999,5,7,21,0,3,28,3,7,24,31
445869,6,4,1,7,21,0,3,28,3,7,24,31
445869,6,4,5,7,21,0,3,28,3,7,24,31
445869,7,999,1,99,152,35,75,251,110,134,227,361
445869,7,999,5,99,152,35,75,251,110,134,227,361
445869,8,5,1,20,63,5,23,83,28,25,86,111
445869,8,5,5,20,63,5,23,83,28,25,86,111
445869,9,6,1,25,24,7,12,49,19,32,36,68
445869,9,6,5,25,24,7,12,49,19,32,36,68
445869,10,7,1,20,12,9,5,32,14,29,17,46
445869,10,7,5,20,12,9,5,32,14,29,17,46
445869,11,8,1,23,26,6,19,49,25,29,45,74
445869,11,8,5,23,26,6,19,49,25,29,45,74
445869,12,9,1,11,24,7,16,35,23,18,40,58
445869,12,9,5,11,24,7,16,35,23,18,40,58
445869,13,10,1,0,3,1,0,3,1,1,3,4
445869,13,10,5,0,3,1,0,3,1,1,3,4
445911,1,412,1,183,355,92,166,538,258,275,521,796
445911,1,112,2,183,355,92,166,538,258,275,521,796
445911,2,999,1,144,220,55,78,364,133,199,298,497
445911,2,999,2,144,220,55,78,364,133,199,298,497
445911,3,1,1,61,79,12,8,140,20,73,87,160
445911,3,1,2,61,79,12,8,140,20,73,87,160
445911,4,2,1,33,46,11,16,79,27,44,62,106
445911,4,2,2,33,46,11,16,79,27,44,62,106
445911,5,3,1,28,39,18,24,67,42,46,63,109
445911,5,3,2,28,39,18,24,67,42,46,63,109
445911,6,4,1,22,56,14,30,78,44,36,86,122
445911,6,4,2,22,56,14,30,78,44,36,86,122
445911,7,999,1,39,135,37,88,174,125,76,223,299
445911,7,999,2,39,135,37,88,174,125,76,223,299
445911,8,5,1,16,60,19,37,76,56,35,97,132
445911,8,5,2,16,60,19,37,76,56,35,97,132
445911,9,6,1,9,31,10,23,40,33,19,54,73
445911,9,6,2,9,31,10,23,40,33,19,54,73
445911,10,7,1,5,24,4,11,29,15,9,35,44
445911,10,7,2,5,24,4,11,29,15,9,35,44
445911,11,8,1,6,16,4,11,22,15,10,27,37
445911,11,8,2,6,16,4,11,22,15,10,27,37
445911,12,9,1,3,4,0,5,7,5,3,9,12
445911,12,9,2,3,4,0,5,7,5,3,9,12
445911,13,10,1,0,0,0,1,0,1,0,1,1
445911,13,10,2,0,0,0,1,0,1,0,1,1
446233,1,412,1,97,72,10,14,169,24,107,86,193
446233,1,112,2,97,72,9,14,169,23,106,86,192
446233,1,312,5,0,0,1,0,0,1,1,0,1
446233,2,999,1,89,61,6,12,150,18,95,73,168
446233,2,999,2,89,61,6,12,150,18,95,73,168
446233,3,1,1,5,1,1,1,6,2,6,2,8
446233,3,1,2,5,1,1,1,6,2,6,2,8
446233,4,2,1,42,32,1,3,74,4,43,35,78
446233,4,2,2,42,32,1,3,74,4,43,35,78
446233,5,3,1,28,21,3,3,49,6,31,24,55
446233,5,3,2,28,21,3,3,49,6,31,24,55
446233,6,4,1,14,7,1,5,21,6,15,12,27
446233,6,4,2,14,7,1,5,21,6,15,12,27
446233,7,999,1,8,11,4,2,19,6,12,13,25
446233,7,999,2,8,11,3,2,19,5,11,13,24
446233,7,999,5,0,0,1,0,0,1,1,0,1
446233,8,5,1,3,5,0,0,8,0,3,5,8
446233,8,5,2,3,5,0,0,8,0,3,5,8
446233,9,6,1,4,1,2,1,5,3,6,2,8
446233,9,6,2,4,1,2,1,5,3,6,2,8
446233,10,7,1,1,2,0,0,3,0,1,2,3
446233,10,7,2,1,2,0,0,3,0,1,2,3
446233,11,8,1,0,2,0,0,2,0,0,2,2
446233,11,8,2,0,2,0,0,2,0,0,2,2
446233,12,9,1,0,1,2,1,1,3,2,2,4
446233,12,9,2,0,1,1,1,1,2,1,2,3
446233,12,9,5,0,0,1,0,0,1,1,0,1
446288,1,412,1,1,38,2,23,39,25,3,61,64
446288,1,112,2,1,38,2,23,39,25,3,61,64
446288,2,999,1,1,28,2,19,29,21,3,47,50
446288,2,999,2,1,28,2,19,29,21,3,47,50
446288,4,2,1,1,13,0,4,14,4,1,17,18
446288,4,2,2,1,13,0,4,14,4,1,17,18
446288,5,3,1,0,10,0,9,10,9,0,19,19
446288,5,3,2,0,10,0,9,10,9,0,19,19
446288,6,4,1,0,5,2,6,5,8,2,11,13
446288,6,4,2,0,5,2,6,5,8,2,11,13
446288,7,999,1,0,10,0,4,10,4,0,14,14
446288,7,999,2,0,10,0,4,10,4,0,14,14
446288,8,5,1,0,7,0,0,7,0,0,7,7
446288,8,5,2,0,7,0,0,7,0,0,7,7
446288,9,6,1,0,3,0,2,3,2,0,5,5
446288,9,6,2,0,3,0,2,3,2,0,5,5
446288,10,7,1,0,0,0,1,0,1,0,1,1
446288,10,7,2,0,0,0,1,0,1,0,1,1
446288,11,8,1,0,0,0,1,0,1,0,1,1
446288,11,8,2,0,0,0,1,0,1,0,1,1
446552,1,412,1,893,819,0,0,1712,0,893,819,1712
446552,1,112,2,893,819,0,0,1712,0,893,819,1712
446552,2,999,1,363,469,0,0,832,0,363,469,832
446552,2,999,2,363,469,0,0,832,0,363,469,832
446552,3,1,1,0,3,0,0,3,0,0,3,3
446552,3,1,2,0,3,0,0,3,0,0,3,3
446552,4,2,1,72,98,0,0,170,0,72,98,170
446552,4,2,2,72,98,0,0,170,0,72,98,170
446552,5,3,1,139,188,0,0,327,0,139,188,327
446552,5,3,2,139,188,0,0,327,0,139,188,327
446552,6,4,1,152,180,0,0,332,0,152,180,332
446552,6,4,2,152,180,0,0,332,0,152,180,332
446552,7,999,1,530,350,0,0,880,0,530,350,880
446552,7,999,2,530,350,0,0,880,0,530,350,880
446552,8,5,1,208,173,0,0,381,0,208,173,381
446552,8,5,2,208,173,0,0,381,0,208,173,381
446552,9,6,1,137,66,0,0,203,0,137,66,203
446552,9,6,2,137,66,0,0,203,0,137,66,203
446552,10,7,1,82,45,0,0,127,0,82,45,127
446552,10,7,2,82,45,0,0,127,0,82,45,127
446552,11,8,1,76,42,0,0,118,0,76,42,118
446552,11,8,2,76,42,0,0,118,0,76,42,118
446552,12,9,1,25,23,0,0,48,0,25,23,48
446552,12,9,2,25,23,0,0,48,0,25,23,48
446552,13,10,1,2,1,0,0,3,0,2,1,3
446552,13,10,2,2,1,0,0,3,0,2,1,3
446774,1,412,1,343,577,961,2031,920,2992,1304,2608,3912
446774,1,112,2,343,577,961,2031,920,2992,1304,2608,3912
446774,2,999,1,274,421,391,540,695,931,665,961,1626
446774,2,999,2,274,421,391,540,695,931,665,961,1626
446774,3,1,1,33,67,121,179,100,300,154,246,400
446774,3,1,2,33,67,121,179,100,300,154,246,400
446774,4,2,1,138,187,96,135,325,231,234,322,556
446774,4,2,2,138,187,96,135,325,231,234,322,556
446774,5,3,1,69,96,78,120,165,198,147,216,363
446774,5,3,2,69,96,78,120,165,198,147,216,363
446774,6,4,1,34,71,96,106,105,202,130,177,307
446774,6,4,2,34,71,96,106,105,202,130,177,307
446774,7,999,1,69,156,570,1491,225,2061,639,1647,2286
446774,7,999,2,69,156,570,1491,225,2061,639,1647,2286
446774,8,5,1,24,44,110,162,68,272,134,206,340
446774,8,5,2,24,44,110,162,68,272,134,206,340
446774,9,6,1,15,41,86,144,56,230,101,185,286
446774,9,6,2,15,41,86,144,56,230,101,185,286
446774,10,7,1,8,28,53,144,36,197,61,172,233
446774,10,7,2,8,28,53,144,36,197,61,172,233
446774,11,8,1,12,37,110,353,49,463,122,390,512
446774,11,8,2,12,37,110,353,49,463,122,390,512
446774,12,9,1,8,6,175,600,14,775,183,606,789
446774,12,9,2,8,6,175,600,14,775,183,606,789
446774,13,10,1,2,0,36,88,2,124,38,88,126
446774,13,10,2,2,0,36,88,2,124,38,88,126
447148,1,412,1,3,83,5,47,86,52,8,130,138
447148,1,112,2,3,83,5,47,86,52,8,130,138
447148,2,999,1,1,58,1,23,59,24,2,81,83
447148,2,999,2,1,58,1,23,59,24,2,81,83
447148,4,2,1,0,27,0,5,27,5,0,32,32
447148,4,2,2,0,27,0,5,27,5,0,32,32
447148,5,3,1,0,22,0,11,22,11,0,33,33
447148,5,3,2,0,22,0,11,22,11,0,33,33
447148,6,4,1,1,9,1,7,10,8,2,16,18
447148,6,4,2,1,9,1,7,10,8,2,16,18
447148,7,999,1,2,25,4,24,27,28,6,49,55
447148,7,999,2,2,25,4,24,27,28,6,49,55
447148,8,5,1,1,8,3,11,9,14,4,19,23
447148,8,5,2,1,8,3,11,9,14,4,19,23
447148,9,6,1,0,5,1,4,5,5,1,9,10
447148,9,6,2,0,5,1,4,5,5,1,9,10
447148,10,7,1,0,4,0,5,4,5,0,9,9
447148,10,7,2,0,4,0,5,4,5,0,9,9
447148,11,8,1,0,7,0,4,7,4,0,11,11
447148,11,8,2,0,7,0,4,7,4,0,11,11
447148,12,9,1,1,1,0,0,2,0,1,1,2
447148,12,9,2,1,1,0,0,2,0,1,1,2
447166,1,412,1,2,27,1,16,29,17,3,43,46
447166,1,112,2,2,27,1,16,29,17,3,43,46
447166,2,999,1,2,17,1,5,19,6,3,22,25
447166,2,999,2,2,17,1,5,19,6,3,22,25
447166,4,2,1,1,7,0,2,8,2,1,9,10
447166,4,2,2,1,7,0,2,8,2,1,9,10
447166,5,3,1,0,7,1,0,7,1,1,7,8
447166,5,3,2,0,7,1,0,7,1,1,7,8
447166,6,4,1,1,3,0,3,4,3,1,6,7
447166,6,4,2,1,3,0,3,4,3,1,6,7
447166,7,999,1,0,10,0,11,10,11,0,21,21
447166,7,999,2,0,10,0,11,10,11,0,21,21
447166,8,5,1,0,3,0,5,3,5,0,8,8
447166,8,5,2,0,3,0,5,3,5,0,8,8
447166,9,6,1,0,3,0,4,3,4,0,7,7
447166,9,6,2,0,3,0,4,3,4,0,7,7
447166,10,7,1,0,3,0,0,3,0,0,3,3
447166,10,7,2,0,3,0,0,3,0,0,3,3
447166,11,8,1,0,1,0,2,1,2,0,3,3
447166,11,8,2,0,1,0,2,1,2,0,3,3
447175,1,412,1,2,43,0,20,45,20,2,63,65
447175,1,112,2,2,43,0,20,45,20,2,63,65
447175,2,999,1,1,22,0,7,23,7,1,29,30
447175,2,999,2,1,22,0,7,23,7,1,29,30
447175,4,2,1,1,6,0,2,7,2,1,8,9
447175,4,2,2,1,6,0,2,7,2,1,8,9
447175,5,3,1,0,6,0,0,6,0,0,6,6
447175,5,3,2,0,6,0,0,6,0,0,6,6
447175,6,4,1,0,10,0,5,10,5,0,15,15
447175,6,4,2,0,10,0,5,10,5,0,15,15
447175,7,999,1,1,21,0,13,22,13,1,34,35
447175,7,999,2,1,21,0,13,22,13,1,34,35
447175,8,5,1,1,12,0,8,13,8,1,20,21
447175,8,5,2,1,12,0,8,13,8,1,20,21
447175,9,6,1,0,2,0,3,2,3,0,5,5
447175,9,6,2,0,2,0,3,2,3,0,5,5
447175,10,7,1,0,3,0,2,3,2,0,5,5
447175,10,7,2,0,3,0,2,3,2,0,5,5
447175,11,8,1,0,4,0,0,4,0,0,4,4
447175,11,8,2,0,4,0,0,4,0,0,4,4
447263,1,412,1,149,990,42,248,1139,290,191,1238,1429
447263,1,112,2,127,899,40,243,1026,283,167,1142,1309
447263,1,312,5,22,91,2,5,113,7,24,96,120
447263,2,999,1,45,390,17,119,435,136,62,509,571
447263,2,999,2,42,369,17,116,411,133,59,485,544
447263,2,999,5,3,21,0,3,24,3,3,24,27
447263,3,1,1,1,0,0,1,1,1,1,1,2
447263,3,1,2,1,0,0,1,1,1,1,1,2
447263,4,2,1,0,44,1,26,44,27,1,70,71
447263,4,2,2,0,44,1,26,44,27,1,70,71
447263,5,3,1,11,110,5,40,121,45,16,150,166
447263,5,3,2,11,110,5,40,121,45,16,150,166
447263,6,4,1,33,236,11,52,269,63,44,288,332
447263,6,4,2,30,215,11,49,245,60,41,264,305
447263,6,4,5,3,21,0,3,24,3,3,24,27
447263,7,999,1,104,600,25,129,704,154,129,729,858
447263,7,999,2,85,530,23,127,615,150,108,657,765
447263,7,999,5,19,70,2,2,89,4,21,72,93
447263,8,5,1,52,264,12,71,316,83,64,335,399
447263,8,5,2,42,234,11,70,276,81,53,304,357
447263,8,5,5,10,30,1,1,40,2,11,31,42
447263,9,6,1,27,109,6,24,136,30,33,133,166
447263,9,6,2,21,96,6,23,117,29,27,119,146
447263,9,6,5,6,13,0,1,19,1,6,14,20
447263,10,7,1,11,87,3,16,98,19,14,103,117
447263,10,7,2,9,76,3,16,85,19,12,92,104
447263,10,7,5,2,11,0,0,13,0,2,11,13
447263,11,8,1,9,121,4,13,130,17,13,134,147
447263,11,8,2,8,106,3,13,114,16,11,119,130
447263,11,8,5,1,15,1,0,16,1,2,15,17
447263,12,9,1,5,19,0,5,24,5,5,24,29
447263,12,9,2,5,18,0,5,23,5,5,23,28
447263,12,9,5,0,1,0,0,1,0,0,1,1
447689,1,412,1,3070,4550,1702,2305,7620,4007,4772,6855,11627
447689,1,112,2,3070,4550,1702,2305,7620,4007,4772,6855,11627
447689,2,999,1,2636,3902,1247,1654,6538,2901,3883,5556,9439
447689,2,999,2,2636,3902,1247,1654,6538,2901,3883,5556,9439
447689,3,1,1,38,74,105,202,112,307,143,276,419
447689,3,1,2,38,74,105,202,112,307,143,276,419
447689,4,2,1,1123,1667,328,406,2790,734,1451,2073,3524
447689,4,2,2,1123,1667,328,406,2790,734,1451,2073,3524
447689,5,3,1,808,1203,386,522,2011,908,1194,1725,2919
447689,5,3,2,808,1203,386,522,2011,908,1194,1725,2919
447689,6,4,1,667,958,428,524,1625,952,1095,1482,2577
447689,6,4,2,667,958,428,524,1625,952,1095,1482,2577
447689,7,999,1,434,648,455,651,1082,1106,889,1299,2188
447689,7,999,2,434,648,455,651,1082,1106,889,1299,2188
447689,8,5,1,297,376,272,309,673,581,569,685,1254
447689,8,5,2,297,376,272,309,673,581,569,685,1254
447689,9,6,1,70,109,83,115,179,198,153,224,377
447689,9,6,2,70,109,83,115,179,198,153,224,377
447689,10,7,1,30,67,36,75,97,111,66,142,208
447689,10,7,2,30,67,36,75,97,111,66,142,208
447689,11,8,1,29,70,48,101,99,149,77,171,248
447689,11,8,2,29,70,48,101,99,149,77,171,248
447689,12,9,1,7,25,12,45,32,57,19,70,89
447689,12,9,2,7,25,12,45,32,57,19,70,89
447689,13,10,1,1,1,4,6,2,10,5,7,12
447689,13,10,2,1,1,4,6,2,10,5,7,12
447698,1,412,1,23,78,6,25,101,31,29,103,132
447698,1,312,5,23,78,6,25,101,31,29,103,132
447698,2,999,1,0,3,0,1,3,1,0,4,4
447698,2,999,5,0,3,0,1,3,1,0,4,4
447698,6,4,1,0,3,0,1,3,1,0,4,4
447698,6,4,5,0,3,0,1,3,1,0,4,4
447698,7,999,1,23,75,6,24,98,30,29,99,128
447698,7,999,5,23,75,6,24,98,30,29,99,128
447698,8,5,1,5,18,0,6,23,6,5,24,29
447698,8,5,5,5,18,0,6,23,6,5,24,29
447698,9,6,1,3,12,0,4,15,4,3,16,19
447698,9,6,5,3,12,0,4,15,4,3,16,19
447698,10,7,1,3,12,2,4,15,6,5,16,21
447698,10,7,5,3,12,2,4,15,6,5,16,21
447698,11,8,1,7,17,2,5,24,7,9,22,31
447698,11,8,5,7,17,2,5,24,7,9,22,31
447698,12,9,1,4,16,2,4,20,6,6,20,26
447698,12,9,5,4,16,2,4,20,6,6,20,26
447698,13,10,1,1,0,0,1,1,1,1,1,2
447698,13,10,5,1,0,0,1,1,1,1,1,2
447892,1,412,1,11,56,6,52,67,58,17,108,125
447892,1,112,2,11,56,6,52,67,58,17,108,125
447892,2,999,1,3,29,0,22,32,22,3,51,54
447892,2,999,2,3,29,0,22,32,22,3,51,54
447892,3,1,1,0,1,0,0,1,0,0,1,1
447892,3,1,2,0,1,0,0,1,0,0,1,1
447892,4,2,1,1,5,0,2,6,2,1,7,8
447892,4,2,2,1,5,0,2,6,2,1,7,8
447892,5,3,1,1,5,0,1,6,1,1,6,7
447892,5,3,2,1,5,0,1,6,1,1,6,7
447892,6,4,1,1,18,0,19,19,19,1,37,38
447892,6,4,2,1,18,0,19,19,19,1,37,38
447892,7,999,1,8,27,6,30,35,36,14,57,71
447892,7,999,2,8,27,6,30,35,36,14,57,71
447892,8,5,1,5,15,2,17,20,19,7,32,39
447892,8,5,2,5,15,2,17,20,19,7,32,39
447892,9,6,1,3,9,1,10,12,11,4,19,23
447892,9,6,2,3,9,1,10,12,11,4,19,23
447892,10,7,1,0,2,2,3,2,5,2,5,7
447892,10,7,2,0,2,2,3,2,5,2,5,7
447892,11,8,1,0,0,1,0,0,1,1,0,1
447892,11,8,2,0,0,1,0,0,1,1,0,1
447892,12,9,1,0,1,0,0,1,0,0,1,1
447892,12,9,2,0,1,0,0,1,0,0,1,1
447999,1,412,1,45,128,0,0,173,0,45,128,173
447999,1,112,2,45,128,0,0,173,0,45,128,173
447999,2,999,1,11,44,0,0,55,0,11,44,55
447999,2,999,2,11,44,0,0,55,0,11,44,55
447999,4,2,1,1,4,0,0,5,0,1,4,5
447999,4,2,2,1,4,0,0,5,0,1,4,5
447999,5,3,1,2,15,0,0,17,0,2,15,17
447999,5,3,2,2,15,0,0,17,0,2,15,17
447999,6,4,1,8,25,0,0,33,0,8,25,33
447999,6,4,2,8,25,0,0,33,0,8,25,33
447999,7,999,1,34,84,0,0,118,0,34,84,118
447999,7,999,2,34,84,0,0,118,0,34,84,118
447999,8,5,1,13,30,0,0,43,0,13,30,43
447999,8,5,2,13,30,0,0,43,0,13,30,43
447999,9,6,1,11,23,0,0,34,0,11,23,34
447999,9,6,2,11,23,0,0,34,0,11,23,34
447999,10,7,1,5,12,0,0,17,0,5,12,17
447999,10,7,2,5,12,0,0,17,0,5,12,17
447999,11,8,1,3,13,0,0,16,0,3,13,16
447999,11,8,2,3,13,0,0,16,0,3,13,16
447999,12,9,1,2,6,0,0,8,0,2,6,8
447999,12,9,2,2,6,0,0,8,0,2,6,8
448196,1,412,1,16,87,0,21,103,21,16,108,124
448196,1,112,2,16,87,0,21,103,21,16,108,124
448196,2,999,1,5,33,0,3,38,3,5,36,41
448196,2,999,2,5,33,0,3,38,3,5,36,41
448196,4,2,1,2,6,0,2,8,2,2,8,10
448196,4,2,2,2,6,0,2,8,2,2,8,10
448196,5,3,1,0,11,0,0,11,0,0,11,11
448196,5,3,2,0,11,0,0,11,0,0,11,11
448196,6,4,1,3,16,0,1,19,1,3,17,20
448196,6,4,2,3,16,0,1,19,1,3,17,20
448196,7,999,1,11,54,0,18,65,18,11,72,83
448196,7,999,2,11,54,0,18,65,18,11,72,83
448196,8,5,1,4,20,0,7,24,7,4,27,31
448196,8,5,2,4,20,0,7,24,7,4,27,31
448196,9,6,1,4,19,0,2,23,2,4,21,25
448196,9,6,2,4,19,0,2,23,2,4,21,25
448196,10,7,1,3,7,0,5,10,5,3,12,15
448196,10,7,2,3,7,0,5,10,5,3,12,15
448196,11,8,1,0,8,0,3,8,3,0,11,11
448196,11,8,2,0,8,0,3,8,3,0,11,11
448196,12,9,1,0,0,0,1,0,1,0,1,1
448196,12,9,2,0,0,0,1,0,1,0,1,1
448220,1,412,1,4,129,0,0,133,0,4,129,133
448220,1,112,2,4,129,0,0,133,0,4,129,133
448220,2,999,1,1,97,0,0,98,0,1,97,98
448220,2,999,2,1,97,0,0,98,0,1,97,98
448220,4,2,1,1,26,0,0,27,0,1,26,27
448220,4,2,2,1,26,0,0,27,0,1,26,27
448220,5,3,1,0,42,0,0,42,0,0,42,42
448220,5,3,2,0,42,0,0,42,0,0,42,42
448220,6,4,1,0,29,0,0,29,0,0,29,29
448220,6,4,2,0,29,0,0,29,0,0,29,29
448220,7,999,1,3,32,0,0,35,0,3,32,35
448220,7,999,2,3,32,0,0,35,0,3,32,35
448220,8,5,1,0,20,0,0,20,0,0,20,20
448220,8,5,2,0,20,0,0,20,0,0,20,20
448220,9,6,1,2,5,0,0,7,0,2,5,7
448220,9,6,2,2,5,0,0,7,0,2,5,7
448220,10,7,1,1,3,0,0,4,0,1,3,4
448220,10,7,2,1,3,0,0,4,0,1,3,4
448220,11,8,1,0,4,0,0,4,0,0,4,4
448220,11,8,2,0,4,0,0,4,0,0,4,4
448594,1,412,1,422,769,907,1834,1191,2741,1329,2603,3932
448594,1,112,2,422,769,907,1834,1191,2741,1329,2603,3932
448594,2,999,1,346,579,644,1111,925,1755,990,1690,2680
448594,2,999,2,346,579,644,1111,925,1755,990,1690,2680
448594,3,1,1,7,22,156,316,29,472,163,338,501
448594,3,1,2,7,22,156,316,29,472,163,338,501
448594,4,2,1,207,344,192,307,551,499,399,651,1050
448594,4,2,2,207,344,192,307,551,499,399,651,1050
448594,5,3,1,91,113,170,261,204,431,261,374,635
448594,5,3,2,91,113,170,261,204,431,261,374,635
448594,6,4,1,41,100,126,227,141,353,167,327,494
448594,6,4,2,41,100,126,227,141,353,167,327,494
448594,7,999,1,76,190,263,723,266,986,339,913,1252
448594,7,999,2,76,190,263,723,266,986,339,913,1252
448594,8,5,1,37,82,115,313,119,428,152,395,547
448594,8,5,2,37,82,115,313,119,428,152,395,547
448594,9,6,1,14,49,61,167,63,228,75,216,291
448594,9,6,2,14,49,61,167,63,228,75,216,291
448594,10,7,1,8,29,34,120,37,154,42,149,191
448594,10,7,2,8,29,34,120,37,154,42,149,191
448594,11,8,1,11,23,32,97,34,129,43,120,163
448594,11,8,2,11,23,32,97,34,129,43,120,163
448594,12,9,1,6,7,20,25,13,45,26,32,58
448594,12,9,2,6,7,20,25,13,45,26,32,58
448594,13,10,1,0,0,1,1,0,2,1,1,2
448594,13,10,2,0,0,1,1,0,2,1,1,2
448619,1,412,1,19,222,14,218,241,232,33,440,473
448619,1,112,2,19,222,14,218,241,232,33,440,473
448619,2,999,1,8,71,2,19,79,21,10,90,100
448619,2,999,2,8,71,2,19,79,21,10,90,100
448619,4,2,1,0,4,0,3,4,3,0,7,7
448619,4,2,2,0,4,0,3,4,3,0,7,7
448619,5,3,1,2,22,1,2,24,3,3,24,27
448619,5,3,2,2,22,1,2,24,3,3,24,27
448619,6,4,1,6,45,1,14,51,15,7,59,66
448619,6,4,2,6,45,1,14,51,15,7,59,66
448619,7,999,1,11,151,12,191,162,203,23,342,365
448619,7,999,2,11,151,12,191,162,203,23,342,365
448619,8,5,1,3,40,1,46,43,47,4,86,90
448619,8,5,2,3,40,1,46,43,47,4,86,90
448619,9,6,1,3,36,2,50,39,52,5,86,91
448619,9,6,2,3,36,2,50,39,52,5,86,91
448619,10,7,1,1,20,2,37,21,39,3,57,60
448619,10,7,2,1,20,2,37,21,39,3,57,60
448619,11,8,1,1,36,4,35,37,39,5,71,76
448619,11,8,2,1,36,4,35,37,39,5,71,76
448619,12,9,1,3,19,3,23,22,26,6,42,48
448619,12,9,2,3,19,3,23,22,26,6,42,48
448619,14,11,1,0,0,0,8,0,8,0,8,8
448619,14,11,2,0,0,0,8,0,8,0,8,8
448673,1,412,1,91,979,124,1244,1070,1368,215,2223,2438
448673,1,112,2,89,960,123,1235,1049,1358,212,2195,2407
448673,1,312,5,2,19,1,9,21,10,3,28,31
448673,2,999,1,24,253,24,220,277,244,48,473,521
448673,2,999,2,24,251,24,220,275,244,48,471,519
448673,2,999,5,0,2,0,0,2,0,0,2,2
448673,3,1,1,0,1,0,0,1,0,0,1,1
448673,3,1,2,0,1,0,0,1,0,0,1,1
448673,4,2,1,5,26,5,14,31,19,10,40,50
448673,4,2,2,5,26,5,14,31,19,10,40,50
448673,5,3,1,7,76,6,55,83,61,13,131,144
448673,5,3,2,7,76,6,55,83,61,13,131,144
448673,6,4,1,12,150,13,151,162,164,25,301,326
448673,6,4,2,12,148,13,151,160,164,25,299,324
448673,6,4,5,0,2,0,0,2,0,0,2,2
448673,7,999,1,67,726,100,1024,793,1124,167,1750,1917
448673,7,999,2,65,709,99,1015,774,1114,164,1724,1888
448673,7,999,5,2,17,1,9,19,10,3,26,29
448673,8,5,1,33,251,34,305,284,339,67,556,623
448673,8,5,2,32,247,34,303,279,337,66,550,616
448673,8,5,5,1,4,0,2,5,2,1,6,7
448673,9,6,1,11,165,22,254,176,276,33,419,452
448673,9,6,2,11,161,21,251,172,272,32,412,444
448673,9,6,5,0,4,1,3,4,4,1,7,8
448673,10,7,1,10,138,17,187,148,204,27,325,352
448673,10,7,2,9,137,17,185,146,202,26,322,348
448673,10,7,5,1,1,0,2,2,2,1,3,4
448673,11,8,1,10,149,18,209,159,227,28,358,386
448673,11,8,2,10,142,18,207,152,225,28,349,377
448673,11,8,5,0,7,0,2,7,2,0,9,9
448673,12,9,1,3,23,9,69,26,78,12,92,104
448673,12,9,2,3,22,9,69,25,78,12,91,103
448673,12,9,5,0,1,0,0,1,0,0,1,1
448691,1,412,1,0,11,33,141,11,174,33,152,185
448691,1,312,5,0,11,33,141,11,174,33,152,185
448691,2,999,1,0,1,0,5,1,5,0,6,6
448691,2,999,5,0,1,0,5,1,5,0,6,6
448691,5,3,1,0,0,0,1,0,1,0,1,1
448691,5,3,5,0,0,0,1,0,1,0,1,1
448691,6,4,1,0,1,0,4,1,4,0,5,5
448691,6,4,5,0,1,0,4,1,4,0,5,5
448691,7,999,1,0,10,33,134,10,167,33,144,177
448691,7,999,5,0,10,33,134,10,167,33,144,177
448691,8,5,1,0,2,5,16,2,21,5,18,23
448691,8,5,5,0,2,5,16,2,21,5,18,23
448691,9,6,1,0,1,3,20,1,23,3,21,24
448691,9,6,5,0,1,3,20,1,23,3,21,24
448691,10,7,1,0,2,2,18,2,20,2,20,22
448691,10,7,5,0,2,2,18,2,20,2,20,22
448691,11,8,1,0,3,13,31,3,44,13,34,47
448691,11,8,5,0,3,13,31,3,44,13,34,47
448691,12,9,1,0,2,10,43,2,53,10,45,55
448691,12,9,5,0,2,10,43,2,53,10,45,55
448691,13,10,1,0,0,0,6,0,6,0,6,6
448691,13,10,5,0,0,0,6,0,6,0,6,6
448691,14,11,1,0,0,0,2,0,2,0,2,2
448691,14,11,5,0,0,0,2,0,2,0,2,2
448798,1,412,1,4,140,0,0,144,0,4,140,144
448798,1,112,2,4,140,0,0,144,0,4,140,144
448798,2,999,1,1,69,0,0,70,0,1,69,70
448798,2,999,2,1,69,0,0,70,0,1,69,70
448798,4,2,1,0,14,0,0,14,0,0,14,14
448798,4,2,2,0,14,0,0,14,0,0,14,14
448798,5,3,1,1,23,0,0,24,0,1,23,24
448798,5,3,2,1,23,0,0,24,0,1,23,24
448798,6,4,1,0,32,0,0,32,0,0,32,32
448798,6,4,2,0,32,0,0,32,0,0,32,32
448798,7,999,1,3,71,0,0,74,0,3,71,74
448798,7,999,2,3,71,0,0,74,0,3,71,74
448798,8,5,1,1,39,0,0,40,0,1,39,40
448798,8,5,2,1,39,0,0,40,0,1,39,40
448798,9,6,1,1,20,0,0,21,0,1,20,21
448798,9,6,2,1,20,0,0,21,0,1,20,21
448798,10,7,1,1,6,0,0,7,0,1,6,7
448798,10,7,2,1,6,0,0,7,0,1,6,7
448798,11,8,1,0,4,0,0,4,0,0,4,4
448798,11,8,2,0,4,0,0,4,0,0,4,4
448798,12,9,1,0,2,0,0,2,0,0,2,2
448798,12,9,2,0,2,0,0,2,0,0,2,2
449320,1,412,1,390,23,144,5,413,149,534,28,562
449320,1,112,2,390,23,144,5,413,149,534,28,562
449320,2,999,1,323,14,98,2,337,100,421,16,437
449320,2,999,2,323,14,98,2,337,100,421,16,437
449320,3,1,1,179,2,31,0,181,31,210,2,212
449320,3,1,2,179,2,31,0,181,31,210,2,212
449320,4,2,1,69,6,33,0,75,33,102,6,108
449320,4,2,2,69,6,33,0,75,33,102,6,108
449320,5,3,1,33,2,11,1,35,12,44,3,47
449320,5,3,2,33,2,11,1,35,12,44,3,47
449320,6,4,1,42,4,23,1,46,24,65,5,70
449320,6,4,2,42,4,23,1,46,24,65,5,70
449320,7,999,1,67,9,46,3,76,49,113,12,125
449320,7,999,2,67,9,46,3,76,49,113,12,125
449320,8,5,1,31,4,18,2,35,20,49,6,55
449320,8,5,2,31,4,18,2,35,20,49,6,55
449320,9,6,1,16,2,22,0,18,22,38,2,40
449320,9,6,2,16,2,22,0,18,22,38,2,40
449320,10,7,1,7,2,3,0,9,3,10,2,12
449320,10,7,2,7,2,3,0,9,3,10,2,12
449320,11,8,1,10,1,2,1,11,3,12,2,14
449320,11,8,2,10,1,2,1,11,3,12,2,14
449320,12,9,1,3,0,1,0,3,1,4,0,4
449320,12,9,2,3,0,1,0,3,1,4,0,4
449357,1,412,1,10,68,0,0,78,0,10,68,78
449357,1,112,2,10,68,0,0,78,0,10,68,78
449357,2,999,1,7,18,0,0,25,0,7,18,25
449357,2,999,2,7,18,0,0,25,0,7,18,25
449357,4,2,1,0,2,0,0,2,0,0,2,2
449357,4,2,2,0,2,0,0,2,0,0,2,2
449357,5,3,1,1,7,0,0,8,0,1,7,8
449357,5,3,2,1,7,0,0,8,0,1,7,8
449357,6,4,1,6,9,0,0,15,0,6,9,15
449357,6,4,2,6,9,0,0,15,0,6,9,15
449357,7,999,1,3,50,0,0,53,0,3,50,53
449357,7,999,2,3,50,0,0,53,0,3,50,53
449357,8,5,1,1,21,0,0,22,0,1,21,22
449357,8,5,2,1,21,0,0,22,0,1,21,22
449357,9,6,1,0,12,0,0,12,0,0,12,12
449357,9,6,2,0,12,0,0,12,0,0,12,12
449357,10,7,1,0,7,0,0,7,0,0,7,7
449357,10,7,2,0,7,0,0,7,0,0,7,7
449357,11,8,1,2,8,0,0,10,0,2,8,10
449357,11,8,2,2,8,0,0,10,0,2,8,10
449357,12,9,1,0,2,0,0,2,0,0,2,2
449357,12,9,2,0,2,0,0,2,0,0,2,2
449384,1,412,1,175,86,200,114,261,314,375,200,575
449384,1,112,2,175,86,200,114,261,314,375,200,575
449384,2,999,1,106,55,32,23,161,55,138,78,216
449384,2,999,2,106,55,32,23,161,55,138,78,216
449384,3,1,1,0,1,2,2,1,4,2,3,5
449384,3,1,2,0,1,2,2,1,4,2,3,5
449384,4,2,1,25,18,4,1,43,5,29,19,48
449384,4,2,2,25,18,4,1,43,5,29,19,48
449384,5,3,1,31,10,7,4,41,11,38,14,52
449384,5,3,2,31,10,7,4,41,11,38,14,52
449384,6,4,1,50,26,19,16,76,35,69,42,111
449384,6,4,2,50,26,19,16,76,35,69,42,111
449384,7,999,1,69,31,160,89,100,249,229,120,349
449384,7,999,2,69,31,160,89,100,249,229,120,349
449384,8,5,1,49,22,36,46,71,82,85,68,153
449384,8,5,2,49,22,36,46,71,82,85,68,153
449384,9,6,1,15,5,49,23,20,72,64,28,92
449384,9,6,2,15,5,49,23,20,72,64,28,92
449384,10,7,1,3,3,27,10,6,37,30,13,43
449384,10,7,2,3,3,27,10,6,37,30,13,43
449384,11,8,1,2,1,39,8,3,47,41,9,50
449384,11,8,2,2,1,39,8,3,47,41,9,50
449384,12,9,1,0,0,9,1,0,10,9,1,10
449384,12,9,2,0,0,9,1,0,10,9,1,10
449384,13,10,1,0,0,0,1,0,1,0,1,1
449384,13,10,2,0,0,0,1,0,1,0,1,1
449384,14,11,1,0,0,8,2,0,10,8,2,10
449384,14,11,2,0,0,8,2,0,10,8,2,10
449481,1,412,1,9,33,0,0,42,0,9,33,42
449481,1,312,5,9,33,0,0,42,0,9,33,42
449481,2,999,1,2,3,0,0,5,0,2,3,5
449481,2,999,5,2,3,0,0,5,0,2,3,5
449481,5,3,1,1,0,0,0,1,0,1,0,1
449481,5,3,5,1,0,0,0,1,0,1,0,1
449481,6,4,1,1,3,0,0,4,0,1,3,4
449481,6,4,5,1,3,0,0,4,0,1,3,4
449481,7,999,1,7,30,0,0,37,0,7,30,37
449481,7,999,5,7,30,0,0,37,0,7,30,37
449481,8,5,1,0,8,0,0,8,0,0,8,8
449481,8,5,5,0,8,0,0,8,0,0,8,8
449481,9,6,1,2,6,0,0,8,0,2,6,8
449481,9,6,5,2,6,0,0,8,0,2,6,8
449481,10,7,1,3,6,0,0,9,0,3,6,9
449481,10,7,5,3,6,0,0,9,0,3,6,9
449481,11,8,1,1,9,0,0,10,0,1,9,10
449481,11,8,5,1,9,0,0,10,0,1,9,10
449481,12,9,1,1,1,0,0,2,0,1,1,2
449481,12,9,5,1,1,0,0,2,0,1,1,2
449719,1,412,1,6,37,0,0,43,0,6,37,43
449719,1,112,2,6,37,0,0,43,0,6,37,43
449719,2,999,1,3,20,0,0,23,0,3,20,23
449719,2,999,2,3,20,0,0,23,0,3,20,23
449719,4,2,1,1,6,0,0,7,0,1,6,7
449719,4,2,2,1,6,0,0,7,0,1,6,7
449719,5,3,1,1,8,0,0,9,0,1,8,9
449719,5,3,2,1,8,0,0,9,0,1,8,9
449719,6,4,1,1,6,0,0,7,0,1,6,7
449719,6,4,2,1,6,0,0,7,0,1,6,7
449719,7,999,1,3,17,0,0,20,0,3,17,20
449719,7,999,2,3,17,0,0,20,0,3,17,20
449719,8,5,1,2,7,0,0,9,0,2,7,9
449719,8,5,2,2,7,0,0,9,0,2,7,9
449719,9,6,1,0,4,0,0,4,0,0,4,4
449719,9,6,2,0,4,0,0,4,0,0,4,4
449719,10,7,1,0,2,0,0,2,0,0,2,2
449719,10,7,2,0,2,0,0,2,0,0,2,2
449719,11,8,1,0,4,0,0,4,0,0,4,4
449719,11,8,2,0,4,0,0,4,0,0,4,4
449719,12,9,1,1,0,0,0,1,0,1,0,1
449719,12,9,2,1,0,0,0,1,0,1,0,1
449728,1,412,1,2,76,0,0,78,0,2,76,78
449728,1,112,2,2,76,0,0,78,0,2,76,78
449728,2,999,1,0,43,0,0,43,0,0,43,43
449728,2,999,2,0,43,0,0,43,0,0,43,43
449728,4,2,1,0,8,0,0,8,0,0,8,8
449728,4,2,2,0,8,0,0,8,0,0,8,8
449728,5,3,1,0,12,0,0,12,0,0,12,12
449728,5,3,2,0,12,0,0,12,0,0,12,12
449728,6,4,1,0,23,0,0,23,0,0,23,23
449728,6,4,2,0,23,0,0,23,0,0,23,23
449728,7,999,1,2,33,0,0,35,0,2,33,35
449728,7,999,2,2,33,0,0,35,0,2,33,35
449728,8,5,1,1,18,0,0,19,0,1,18,19
449728,8,5,2,1,18,0,0,19,0,1,18,19
449728,9,6,1,1,4,0,0,5,0,1,4,5
449728,9,6,2,1,4,0,0,5,0,1,4,5
449728,10,7,1,0,5,0,0,5,0,0,5,5
449728,10,7,2,0,5,0,0,5,0,0,5,5
449728,11,8,1,0,6,0,0,6,0,0,6,6
449728,11,8,2,0,6,0,0,6,0,0,6,6
449889,1,412,1,2109,6003,0,0,8112,0,2109,6003,8112
449889,1,112,2,12,73,0,0,85,0,12,73,85
449889,1,312,5,2097,5930,0,0,8027,0,2097,5930,8027
449889,2,999,1,48,249,0,0,297,0,48,249,297
449889,2,999,2,0,5,0,0,5,0,0,5,5
449889,2,999,5,48,244,0,0,292,0,48,244,292
449889,4,2,1,0,1,0,0,1,0,0,1,1
449889,4,2,2,0,1,0,0,1,0,0,1,1
449889,5,3,1,0,5,0,0,5,0,0,5,5
449889,5,3,5,0,5,0,0,5,0,0,5,5
449889,6,4,1,48,243,0,0,291,0,48,243,291
449889,6,4,2,0,4,0,0,4,0,0,4,4
449889,6,4,5,48,239,0,0,287,0,48,239,287
449889,7,999,1,2053,5732,0,0,7785,0,2053,5732,7785
449889,7,999,2,12,68,0,0,80,0,12,68,80
449889,7,999,5,2041,5664,0,0,7705,0,2041,5664,7705
449889,8,5,1,350,1372,0,0,1722,0,350,1372,1722
449889,8,5,2,1,7,0,0,8,0,1,7,8
449889,8,5,5,349,1365,0,0,1714,0,349,1365,1714
449889,9,6,1,511,1090,0,0,1601,0,511,1090,1601
449889,9,6,2,3,12,0,0,15,0,3,12,15
449889,9,6,5,508,1078,0,0,1586,0,508,1078,1586
449889,10,7,1,427,991,0,0,1418,0,427,991,1418
449889,10,7,2,4,13,0,0,17,0,4,13,17
449889,10,7,5,423,978,0,0,1401,0,423,978,1401
449889,11,8,1,498,1469,0,0,1967,0,498,1469,1967
449889,11,8,2,2,21,0,0,23,0,2,21,23
449889,11,8,5,496,1448,0,0,1944,0,496,1448,1944
449889,12,9,1,248,774,0,0,1022,0,248,774,1022
449889,12,9,2,2,15,0,0,17,0,2,15,17
449889,12,9,5,246,759,0,0,1005,0,246,759,1005
449889,13,10,1,19,36,0,0,55,0,19,36,55
449889,13,10,5,19,36,0,0,55,0,19,36,55
449889,14,11,1,8,22,0,0,30,0,8,22,30
449889,14,11,5,8,22,0,0,30,0,8,22,30
449931,1,412,1,100,233,56,83,333,139,156,316,472
449931,1,112,2,33,75,42,46,108,88,75,121,196
449931,1,312,5,67,158,14,37,225,51,81,195,276
449931,2,999,1,29,37,1,5,66,6,30,42,72
449931,2,999,2,5,12,0,5,17,5,5,17,22
449931,2,999,5,24,25,1,0,49,1,25,25,50
449931,4,2,1,1,5,0,1,6,1,1,6,7
449931,4,2,2,1,5,0,1,6,1,1,6,7
449931,5,3,1,2,4,0,1,6,1,2,5,7
449931,5,3,2,1,3,0,1,4,1,1,4,5
449931,5,3,5,1,1,0,0,2,0,1,1,2
449931,6,4,1,26,28,1,3,54,4,27,31,58
449931,6,4,2,3,4,0,3,7,3,3,7,10
449931,6,4,5,23,24,1,0,47,1,24,24,48
449931,7,999,1,71,196,55,78,267,133,126,274,400
449931,7,999,2,28,63,42,41,91,83,70,104,174
449931,7,999,5,43,133,13,37,176,50,56,170,226
449931,8,5,1,18,57,8,13,75,21,26,70,96
449931,8,5,2,5,20,5,5,25,10,10,25,35
449931,8,5,5,13,37,3,8,50,11,16,45,61
449931,9,6,1,15,40,18,17,55,35,33,57,90
449931,9,6,2,8,11,13,9,19,22,21,20,41
449931,9,6,5,7,29,5,8,36,13,12,37,49
449931,10,7,1,13,33,9,10,46,19,22,43,65
449931,10,7,2,4,11,8,3,15,11,12,14,26
449931,10,7,5,9,22,1,7,31,8,10,29,39
449931,11,8,1,16,44,16,25,60,41,32,69,101
449931,11,8,2,7,14,13,14,21,27,20,28,48
449931,11,8,5,9,30,3,11,39,14,12,41,53
449931,12,9,1,9,22,4,13,31,17,13,35,48
449931,12,9,2,4,7,3,10,11,13,7,17,24
449931,12,9,5,5,15,1,3,20,4,6,18,24
449959,1,412,1,16,108,16,85,124,101,32,193,225
449959,1,112,2,16,108,16,85,124,101,32,193,225
449959,2,999,1,11,69,6,55,80,61,17,124,141
449959,2,999,2,11,69,6,55,80,61,17,124,141
449959,3,1,1,1,2,0,0,3,0,1,2,3
449959,3,1,2,1,2,0,0,3,0,1,2,3
449959,4,2,1,2,27,2,13,29,15,4,40,44
449959,4,2,2,2,27,2,13,29,15,4,40,44
449959,5,3,1,6,18,2,18,24,20,8,36,44
449959,5,3,2,6,18,2,18,24,20,8,36,44
449959,6,4,1,2,22,2,24,24,26,4,46,50
449959,6,4,2,2,22,2,24,24,26,4,46,50
449959,7,999,1,5,39,10,30,44,40,15,69,84
449959,7,999,2,5,39,10,30,44,40,15,69,84
449959,8,5,1,1,19,7,18,20,25,8,37,45
449959,8,5,2,1,19,7,18,20,25,8,37,45
449959,9,6,1,3,11,2,5,14,7,5,16,21
449959,9,6,2,3,11,2,5,14,7,5,16,21
449959,10,7,1,1,4,0,2,5,2,1,6,7
449959,10,7,2,1,4,0,2,5,2,1,6,7
449959,11,8,1,0,5,1,4,5,5,1,9,10
449959,11,8,2,0,5,1,4,5,5,1,9,10
449959,12,9,1,0,0,0,1,0,1,0,1,1
449959,12,9,2,0,0,0,1,0,1,0,1,1
449968,1,412,1,42,191,7,30,233,37,49,221,270
449968,1,112,2,42,191,7,30,233,37,49,221,270
449968,2,999,1,13,122,2,15,135,17,15,137,152
449968,2,999,2,13,122,2,15,135,17,15,137,152
449968,3,1,1,0,2,0,0,2,0,0,2,2
449968,3,1,2,0,2,0,0,2,0,0,2,2
449968,4,2,1,4,35,1,3,39,4,5,38,43
449968,4,2,2,4,35,1,3,39,4,5,38,43
449968,5,3,1,1,36,0,7,37,7,1,43,44
449968,5,3,2,1,36,0,7,37,7,1,43,44
449968,6,4,1,8,49,1,5,57,6,9,54,63
449968,6,4,2,8,49,1,5,57,6,9,54,63
449968,7,999,1,29,69,5,15,98,20,34,84,118
449968,7,999,2,29,69,5,15,98,20,34,84,118
449968,8,5,1,11,39,3,6,50,9,14,45,59
449968,8,5,2,11,39,3,6,50,9,14,45,59
449968,9,6,1,9,19,0,7,28,7,9,26,35
449968,9,6,2,9,19,0,7,28,7,9,26,35
449968,10,7,1,2,6,1,1,8,2,3,7,10
449968,10,7,2,2,6,1,1,8,2,3,7,10
449968,11,8,1,5,5,0,1,10,1,5,6,11
449968,11,8,2,5,5,0,1,10,1,5,6,11
449968,12,9,1,2,0,1,0,2,1,3,0,3
449968,12,9,2,2,0,1,0,2,1,3,0,3
449977,1,412,1,8,146,2,53,154,55,10,199,209
449977,1,112,2,8,146,2,53,154,55,10,199,209
449977,2,999,1,6,112,2,38,118,40,8,150,158
449977,2,999,2,6,112,2,38,118,40,8,150,158
449977,4,2,1,3,52,0,9,55,9,3,61,64
449977,4,2,2,3,52,0,9,55,9,3,61,64
449977,5,3,1,1,36,0,14,37,14,1,50,51
449977,5,3,2,1,36,0,14,37,14,1,50,51
449977,6,4,1,2,24,2,15,26,17,4,39,43
449977,6,4,2,2,24,2,15,26,17,4,39,43
449977,7,999,1,2,34,0,15,36,15,2,49,51
449977,7,999,2,2,34,0,15,36,15,2,49,51
449977,8,5,1,1,21,0,10,22,10,1,31,32
449977,8,5,2,1,21,0,10,22,10,1,31,32
449977,9,6,1,0,5,0,1,5,1,0,6,6
449977,9,6,2,0,5,0,1,5,1,0,6,6
449977,10,7,1,0,6,0,4,6,4,0,10,10
449977,10,7,2,0,6,0,4,6,4,0,10,10
449977,11,8,1,1,2,0,0,3,0,1,2,3
449977,11,8,2,1,2,0,0,3,0,1,2,3
449986,1,412,1,39,167,18,72,206,90,57,239,296
449986,1,112,2,39,167,18,72,206,90,57,239,296
449986,2,999,1,20,109,8,31,129,39,28,140,168
449986,2,999,2,20,109,8,31,129,39,28,140,168
449986,3,1,1,0,1,0,0,1,0,0,1,1
449986,3,1,2,0,1,0,0,1,0,0,1,1
449986,4,2,1,7,45,3,6,52,9,10,51,61
449986,4,2,2,7,45,3,6,52,9,10,51,61
449986,5,3,1,4,32,2,16,36,18,6,48,54
449986,5,3,2,4,32,2,16,36,18,6,48,54
449986,6,4,1,9,31,3,9,40,12,12,40,52
449986,6,4,2,9,31,3,9,40,12,12,40,52
449986,7,999,1,19,58,10,41,77,51,29,99,128
449986,7,999,2,19,58,10,41,77,51,29,99,128
449986,8,5,1,12,34,7,19,46,26,19,53,72
449986,8,5,2,12,34,7,19,46,26,19,53,72
449986,9,6,1,2,13,1,11,15,12,3,24,27
449986,9,6,2,2,13,1,11,15,12,3,24,27
449986,10,7,1,4,7,2,8,11,10,6,15,21
449986,10,7,2,4,7,2,8,11,10,6,15,21
449986,11,8,1,0,3,0,2,3,2,0,5,5
449986,11,8,2,0,3,0,2,3,2,0,5,5
449986,12,9,1,1,1,0,1,2,1,1,2,3
449986,12,9,2,1,1,0,1,2,1,1,2,3
449995,1,412,1,10,105,3,79,115,82,13,184,197
449995,1,112,2,10,105,3,79,115,82,13,184,197
449995,2,999,1,3,62,0,35,65,35,3,97,100
449995,2,999,2,3,62,0,35,65,35,3,97,100
449995,3,1,1,0,2,0,0,2,0,0,2,2
449995,3,1,2,0,2,0,0,2,0,0,2,2
449995,4,2,1,1,20,0,3,21,3,1,23,24
449995,4,2,2,1,20,0,3,21,3,1,23,24
449995,5,3,1,1,24,0,20,25,20,1,44,45
449995,5,3,2,1,24,0,20,25,20,1,44,45
449995,6,4,1,1,16,0,12,17,12,1,28,29
449995,6,4,2,1,16,0,12,17,12,1,28,29
449995,7,999,1,7,43,3,44,50,47,10,87,97
449995,7,999,2,7,43,3,44,50,47,10,87,97
449995,8,5,1,4,24,1,20,28,21,5,44,49
449995,8,5,2,4,24,1,20,28,21,5,44,49
449995,9,6,1,3,9,1,13,12,14,4,22,26
449995,9,6,2,3,9,1,13,12,14,4,22,26
449995,10,7,1,0,6,1,7,6,8,1,13,14
449995,10,7,2,0,6,1,7,6,8,1,13,14
449995,11,8,1,0,4,0,4,4,4,0,8,8
449995,11,8,2,0,4,0,4,4,4,0,8,8
450571,1,412,1,34,279,35,295,313,330,69,574,643
450571,1,112,2,31,269,34,291,300,325,65,560,625
450571,1,312,5,3,10,1,4,13,5,4,14,18
450571,2,999,1,8,75,8,80,83,88,16,155,171
450571,2,999,2,8,75,8,79,83,87,16,154,170
450571,2,999,5,0,0,0,1,0,1,0,1,1
450571,3,1,1,0,0,0,1,0,1,0,1,1
450571,3,1,2,0,0,0,1,0,1,0,1,1
450571,4,2,1,0,2,0,7,2,7,0,9,9
450571,4,2,2,0,2,0,7,2,7,0,9,9
450571,5,3,1,2,28,2,22,30,24,4,50,54
450571,5,3,2,2,28,2,22,30,24,4,50,54
450571,6,4,1,6,45,6,50,51,56,12,95,107
450571,6,4,2,6,45,6,49,51,55,12,94,106
450571,6,4,5,0,0,0,1,0,1,0,1,1
450571,7,999,1,26,204,27,215,230,242,53,419,472
450571,7,999,2,23,194,26,212,217,238,49,406,455
450571,7,999,5,3,10,1,3,13,4,4,13,17
450571,8,5,1,7,72,12,62,79,74,19,134,153
450571,8,5,2,7,69,12,62,76,74,19,131,150
450571,8,5,5,0,3,0,0,3,0,0,3,3
450571,9,6,1,5,49,7,56,54,63,12,105,117
450571,9,6,2,5,47,7,56,52,63,12,103,115
450571,9,6,5,0,2,0,0,2,0,0,2,2
450571,10,7,1,6,30,4,45,36,49,10,75,85
450571,10,7,2,5,27,4,44,32,48,9,71,80
450571,10,7,5,1,3,0,1,4,1,1,4,5
450571,11,8,1,6,41,3,42,47,45,9,83,92
450571,11,8,2,4,39,3,40,43,43,7,79,86
450571,11,8,5,2,2,0,2,4,2,2,4,6
450571,12,9,1,2,12,1,9,14,10,3,21,24
450571,12,9,2,2,12,0,9,14,9,2,21,23
450571,12,9,5,0,0,1,0,0,1,1,0,1
450571,13,10,1,0,0,0,1,0,1,0,1,1
450571,13,10,2,0,0,0,1,0,1,0,1,1
450599,1,412,1,1,74,0,0,75,0,1,74,75
450599,1,112,2,1,74,0,0,75,0,1,74,75
450599,2,999,1,1,46,0,0,47,0,1,46,47
450599,2,999,2,1,46,0,0,47,0,1,46,47
450599,4,2,1,0,16,0,0,16,0,0,16,16
450599,4,2,2,0,16,0,0,16,0,0,16,16
450599,5,3,1,1,20,0,0,21,0,1,20,21
450599,5,3,2,1,20,0,0,21,0,1,20,21
450599,6,4,1,0,10,0,0,10,0,0,10,10
450599,6,4,2,0,10,0,0,10,0,0,10,10
450599,7,999,1,0,28,0,0,28,0,0,28,28
450599,7,999,2,0,28,0,0,28,0,0,28,28
450599,8,5,1,0,8,0,0,8,0,0,8,8
450599,8,5,2,0,8,0,0,8,0,0,8,8
450599,9,6,1,0,12,0,0,12,0,0,12,12
450599,9,6,2,0,12,0,0,12,0,0,12,12
450599,10,7,1,0,6,0,0,6,0,0,6,6
450599,10,7,2,0,6,0,0,6,0,0,6,6
450599,11,8,1,0,2,0,0,2,0,0,2,2
450599,11,8,2,0,2,0,0,2,0,0,2,2
450605,1,412,1,1,49,1,17,50,18,2,66,68
450605,1,112,2,1,49,1,17,50,18,2,66,68
450605,2,999,1,1,35,0,9,36,9,1,44,45
450605,2,999,2,1,35,0,9,36,9,1,44,45
450605,4,2,1,0,17,0,1,17,1,0,18,18
450605,4,2,2,0,17,0,1,17,1,0,18,18
450605,5,3,1,1,14,0,4,15,4,1,18,19
450605,5,3,2,1,14,0,4,15,4,1,18,19
450605,6,4,1,0,4,0,4,4,4,0,8,8
450605,6,4,2,0,4,0,4,4,4,0,8,8
450605,7,999,1,0,14,1,8,14,9,1,22,23
450605,7,999,2,0,14,1,8,14,9,1,22,23
450605,8,5,1,0,8,1,2,8,3,1,10,11
450605,8,5,2,0,8,1,2,8,3,1,10,11
450605,9,6,1,0,5,0,3,5,3,0,8,8
450605,9,6,2,0,5,0,3,5,3,0,8,8
450605,10,7,1,0,1,0,1,1,1,0,2,2
450605,10,7,2,0,1,0,1,1,1,0,2,2
450605,11,8,1,0,0,0,2,0,2,0,2,2
450605,11,8,2,0,0,0,2,0,2,0,2,2
450614,1,412,1,2,65,0,22,67,22,2,87,89
450614,1,112,2,2,65,0,22,67,22,2,87,89
450614,2,999,1,1,36,0,5,37,5,1,41,42
450614,2,999,2,1,36,0,5,37,5,1,41,42
450614,3,1,1,0,1,0,0,1,0,0,1,1
450614,3,1,2,0,1,0,0,1,0,0,1,1
450614,4,2,1,0,9,0,2,9,2,0,11,11
450614,4,2,2,0,9,0,2,9,2,0,11,11
450614,5,3,1,0,13,0,1,13,1,0,14,14
450614,5,3,2,0,13,0,1,13,1,0,14,14
450614,6,4,1,1,13,0,2,14,2,1,15,16
450614,6,4,2,1,13,0,2,14,2,1,15,16
450614,7,999,1,1,29,0,17,30,17,1,46,47
450614,7,999,2,1,29,0,17,30,17,1,46,47
450614,8,5,1,0,10,0,10,10,10,0,20,20
450614,8,5,2,0,10,0,10,10,10,0,20,20
450614,9,6,1,0,13,0,4,13,4,0,17,17
450614,9,6,2,0,13,0,4,13,4,0,17,17
450614,10,7,1,0,3,0,2,3,2,0,5,5
450614,10,7,2,0,3,0,2,3,2,0,5,5
450614,11,8,1,1,2,0,1,3,1,1,3,4
450614,11,8,2,1,2,0,1,3,1,1,3,4
450614,12,9,1,0,1,0,0,1,0,0,1,1
450614,12,9,2,0,1,0,0,1,0,0,1,1
450720,1,412,1,10,240,10,297,250,307,20,537,557
450720,1,112,2,10,240,10,297,250,307,20,537,557
450720,2,999,1,6,172,5,193,178,198,11,365,376
450720,2,999,2,6,172,5,193,178,198,11,365,376
450720,3,1,1,3,64,3,52,67,55,6,116,122
450720,3,1,2,3,64,3,52,67,55,6,116,122
450720,4,2,1,1,34,0,49,35,49,1,83,84
450720,4,2,2,1,34,0,49,35,49,1,83,84
450720,5,3,1,2,28,1,41,30,42,3,69,72
450720,5,3,2,2,28,1,41,30,42,3,69,72
450720,6,4,1,0,46,1,51,46,52,1,97,98
450720,6,4,2,0,46,1,51,46,52,1,97,98
450720,7,999,1,4,68,5,104,72,109,9,172,181
450720,7,999,2,4,68,5,104,72,109,9,172,181
450720,8,5,1,1,31,2,55,32,57,3,86,89
450720,8,5,2,1,31,2,55,32,57,3,86,89
450720,9,6,1,1,12,2,23,13,25,3,35,38
450720,9,6,2,1,12,2,23,13,25,3,35,38
450720,10,7,1,0,13,0,13,13,13,0,26,26
450720,10,7,2,0,13,0,13,13,13,0,26,26
450720,11,8,1,1,10,1,10,11,11,2,20,22
450720,11,8,2,1,10,1,10,11,11,2,20,22
450720,12,9,1,1,2,0,3,3,3,1,5,6
450720,12,9,2,1,2,0,3,3,3,1,5,6
451079,1,412,1,13,78,0,0,91,0,13,78,91
451079,1,312,5,13,78,0,0,91,0,13,78,91
451079,2,999,1,0,2,0,0,2,0,0,2,2
451079,2,999,5,0,2,0,0,2,0,0,2,2
451079,6,4,1,0,2,0,0,2,0,0,2,2
451079,6,4,5,0,2,0,0,2,0,0,2,2
451079,7,999,1,13,76,0,0,89,0,13,76,89
451079,7,999,5,13,76,0,0,89,0,13,76,89
451079,8,5,1,0,17,0,0,17,0,0,17,17
451079,8,5,5,0,17,0,0,17,0,0,17,17
451079,9,6,1,4,15,0,0,19,0,4,15,19
451079,9,6,5,4,15,0,0,19,0,4,15,19
451079,10,7,1,1,14,0,0,15,0,1,14,15
451079,10,7,5,1,14,0,0,15,0,1,14,15
451079,11,8,1,5,17,0,0,22,0,5,17,22
451079,11,8,5,5,17,0,0,22,0,5,17,22
451079,12,9,1,3,13,0,0,16,0,3,13,16
451079,12,9,5,3,13,0,0,16,0,3,13,16
451121,1,412,1,6,67,9,44,73,53,15,111,126
451121,1,112,2,6,67,9,44,73,53,15,111,126
451121,2,999,1,2,29,2,19,31,21,4,48,52
451121,2,999,2,2,29,2,19,31,21,4,48,52
451121,3,1,1,0,1,0,0,1,0,0,1,1
451121,3,1,2,0,1,0,0,1,0,0,1,1
451121,4,2,1,0,6,0,4,6,4,0,10,10
451121,4,2,2,0,6,0,4,6,4,0,10,10
451121,5,3,1,1,14,1,7,15,8,2,21,23
451121,5,3,2,1,14,1,7,15,8,2,21,23
451121,6,4,1,1,8,1,8,9,9,2,16,18
451121,6,4,2,1,8,1,8,9,9,2,16,18
451121,7,999,1,4,38,7,25,42,32,11,63,74
451121,7,999,2,4,38,7,25,42,32,11,63,74
451121,8,5,1,3,18,3,14,21,17,6,32,38
451121,8,5,2,3,18,3,14,21,17,6,32,38
451121,9,6,1,1,9,2,6,10,8,3,15,18
451121,9,6,2,1,9,2,6,10,8,3,15,18
451121,10,7,1,0,5,1,2,5,3,1,7,8
451121,10,7,2,0,5,1,2,5,3,1,7,8
451121,11,8,1,0,6,1,2,6,3,1,8,9
451121,11,8,2,0,6,1,2,6,3,1,8,9
451121,12,9,1,0,0,0,1,0,1,0,1,1
451121,12,9,2,0,0,0,1,0,1,0,1,1
451316,1,412,1,12,47,0,0,59,0,12,47,59
451316,1,112,2,12,47,0,0,59,0,12,47,59
451316,2,999,1,4,26,0,0,30,0,4,26,30
451316,2,999,2,4,26,0,0,30,0,4,26,30
451316,4,2,1,2,13,0,0,15,0,2,13,15
451316,4,2,2,2,13,0,0,15,0,2,13,15
451316,5,3,1,1,10,0,0,11,0,1,10,11
451316,5,3,2,1,10,0,0,11,0,1,10,11
451316,6,4,1,1,3,0,0,4,0,1,3,4
451316,6,4,2,1,3,0,0,4,0,1,3,4
451316,7,999,1,8,21,0,0,29,0,8,21,29
451316,7,999,2,8,21,0,0,29,0,8,21,29
451316,8,5,1,5,9,0,0,14,0,5,9,14
451316,8,5,2,5,9,0,0,14,0,5,9,14
451316,9,6,1,1,6,0,0,7,0,1,6,7
451316,9,6,2,1,6,0,0,7,0,1,6,7
451316,10,7,1,2,1,0,0,3,0,2,1,3
451316,10,7,2,2,1,0,0,3,0,2,1,3
451316,11,8,1,0,4,0,0,4,0,0,4,4
451316,11,8,2,0,4,0,0,4,0,0,4,4
451316,12,9,1,0,1,0,0,1,0,0,1,1
451316,12,9,2,0,1,0,0,1,0,0,1,1
451501,1,412,1,46,110,0,0,156,0,46,110,156
451501,1,112,2,46,110,0,0,156,0,46,110,156
451501,2,999,1,34,99,0,0,133,0,34,99,133
451501,2,999,2,34,99,0,0,133,0,34,99,133
451501,3,1,1,13,22,0,0,35,0,13,22,35
451501,3,1,2,13,22,0,0,35,0,13,22,35
451501,4,2,1,14,46,0,0,60,0,14,46,60
451501,4,2,2,14,46,0,0,60,0,14,46,60
451501,5,3,1,6,21,0,0,27,0,6,21,27
451501,5,3,2,6,21,0,0,27,0,6,21,27
451501,6,4,1,1,10,0,0,11,0,1,10,11
451501,6,4,2,1,10,0,0,11,0,1,10,11
451501,7,999,1,12,11,0,0,23,0,12,11,23
451501,7,999,2,12,11,0,0,23,0,12,11,23
451501,8,5,1,6,5,0,0,11,0,6,5,11
451501,8,5,2,6,5,0,0,11,0,6,5,11
451501,9,6,1,3,2,0,0,5,0,3,2,5
451501,9,6,2,3,2,0,0,5,0,3,2,5
451501,10,7,1,0,2,0,0,2,0,0,2,2
451501,10,7,2,0,2,0,0,2,0,0,2,2
451501,11,8,1,3,2,0,0,5,0,3,2,5
451501,11,8,2,3,2,0,0,5,0,3,2,5
451565,1,412,1,9,172,0,1,181,1,9,173,182
451565,1,112,2,9,172,0,1,181,1,9,173,182
451565,2,999,1,2,110,0,1,112,1,2,111,113
451565,2,999,2,2,110,0,1,112,1,2,111,113
451565,3,1,1,0,2,0,0,2,0,0,2,2
451565,3,1,2,0,2,0,0,2,0,0,2,2
451565,4,2,1,0,42,0,1,42,1,0,43,43
451565,4,2,2,0,42,0,1,42,1,0,43,43
451565,5,3,1,0,36,0,0,36,0,0,36,36
451565,5,3,2,0,36,0,0,36,0,0,36,36
451565,6,4,1,2,30,0,0,32,0,2,30,32
451565,6,4,2,2,30,0,0,32,0,2,30,32
451565,7,999,1,7,62,0,0,69,0,7,62,69
451565,7,999,2,7,62,0,0,69,0,7,62,69
451565,8,5,1,4,33,0,0,37,0,4,33,37
451565,8,5,2,4,33,0,0,37,0,4,33,37
451565,9,6,1,3,17,0,0,20,0,3,17,20
451565,9,6,2,3,17,0,0,20,0,3,17,20
451565,10,7,1,0,7,0,0,7,0,0,7,7
451565,10,7,2,0,7,0,0,7,0,0,7,7
451565,11,8,1,0,3,0,0,3,0,0,3,3
451565,11,8,2,0,3,0,0,3,0,0,3,3
451565,12,9,1,0,2,0,0,2,0,0,2,2
451565,12,9,2,0,2,0,0,2,0,0,2,2
451583,1,412,1,138,66,448,163,204,611,586,229,815
451583,1,112,2,138,66,448,163,204,611,586,229,815
451583,2,999,1,96,48,265,126,144,391,361,174,535
451583,2,999,2,96,48,265,126,144,391,361,174,535
451583,3,1,1,4,1,21,44,5,65,25,45,70
451583,3,1,2,4,1,21,44,5,65,25,45,70
451583,4,2,1,43,19,79,56,62,135,122,75,197
451583,4,2,2,43,19,79,56,62,135,122,75,197
451583,5,3,1,26,15,76,16,41,92,102,31,133
451583,5,3,2,26,15,76,16,41,92,102,31,133
451583,6,4,1,23,13,89,10,36,99,112,23,135
451583,6,4,2,23,13,89,10,36,99,112,23,135
451583,7,999,1,42,18,183,37,60,220,225,55,280
451583,7,999,2,42,18,183,37,60,220,225,55,280
451583,8,5,1,18,7,92,12,25,104,110,19,129
451583,8,5,2,18,7,92,12,25,104,110,19,129
451583,9,6,1,9,0,49,6,9,55,58,6,64
451583,9,6,2,9,0,49,6,9,55,58,6,64
451583,10,7,1,3,3,19,6,6,25,22,9,31
451583,10,7,2,3,3,19,6,6,25,22,9,31
451583,11,8,1,5,5,17,9,10,26,22,14,36
451583,11,8,2,5,5,17,9,10,26,22,14,36
451583,12,9,1,7,3,5,3,10,8,12,6,18
451583,12,9,2,7,3,5,3,10,8,12,6,18
451583,13,10,1,0,0,1,1,0,2,1,1,2
451583,13,10,2,0,0,1,1,0,2,1,1,2
451714,1,412,1,38,258,3,15,296,18,41,273,314
451714,1,112,2,38,258,3,15,296,18,41,273,314
451714,2,999,1,13,149,0,4,162,4,13,153,166
451714,2,999,2,13,149,0,4,162,4,13,153,166
451714,3,1,1,0,2,0,0,2,0,0,2,2
451714,3,1,2,0,2,0,0,2,0,0,2,2
451714,4,2,1,4,47,0,1,51,1,4,48,52
451714,4,2,2,4,47,0,1,51,1,4,48,52
451714,5,3,1,3,56,0,2,59,2,3,58,61
451714,5,3,2,3,56,0,2,59,2,3,58,61
451714,6,4,1,6,44,0,1,50,1,6,45,51
451714,6,4,2,6,44,0,1,50,1,6,45,51
451714,7,999,1,25,109,3,11,134,14,28,120,148
451714,7,999,2,25,109,3,11,134,14,28,120,148
451714,8,5,1,9,60,0,3,69,3,9,63,72
451714,8,5,2,9,60,0,3,69,3,9,63,72
451714,9,6,1,9,20,1,3,29,4,10,23,33
451714,9,6,2,9,20,1,3,29,4,10,23,33
451714,10,7,1,4,18,2,3,22,5,6,21,27
451714,10,7,2,4,18,2,3,22,5,6,21,27
451714,11,8,1,1,10,0,1,11,1,1,11,12
451714,11,8,2,1,10,0,1,11,1,1,11,12
451714,12,9,1,1,1,0,1,2,1,1,2,3
451714,12,9,2,1,1,0,1,2,1,1,2,3
451714,13,10,1,1,0,0,0,1,0,1,0,1
451714,13,10,2,1,0,0,0,1,0,1,0,1
451750,1,412,1,218,652,39,544,870,583,257,1196,1453
451750,1,112,2,218,652,39,544,870,583,257,1196,1453
451750,2,999,1,167,343,10,153,510,163,177,496,673
451750,2,999,2,167,343,10,153,510,163,177,496,673
451750,3,1,1,3,1,0,0,4,0,3,1,4
451750,3,1,2,3,1,0,0,4,0,3,1,4
451750,4,2,1,121,137,3,8,258,11,124,145,269
451750,4,2,2,121,137,3,8,258,11,124,145,269
451750,5,3,1,29,81,1,43,110,44,30,124,154
451750,5,3,2,29,81,1,43,110,44,30,124,154
451750,6,4,1,14,124,6,102,138,108,20,226,246
451750,6,4,2,14,124,6,102,138,108,20,226,246
451750,7,999,1,51,309,29,391,360,420,80,700,780
451750,7,999,2,51,309,29,391,360,420,80,700,780
451750,8,5,1,25,142,9,144,167,153,34,286,320
451750,8,5,2,25,142,9,144,167,153,34,286,320
451750,9,6,1,11,76,8,98,87,106,19,174,193
451750,9,6,2,11,76,8,98,87,106,19,174,193
451750,10,7,1,6,39,11,58,45,69,17,97,114
451750,10,7,2,6,39,11,58,45,69,17,97,114
451750,11,8,1,9,42,1,66,51,67,10,108,118
451750,11,8,2,9,42,1,66,51,67,10,108,118
451750,12,9,1,0,10,0,25,10,25,0,35,35
451750,12,9,2,0,10,0,25,10,25,0,35,35
451857,1,412,1,22,125,0,0,147,0,22,125,147
451857,1,112,2,22,125,0,0,147,0,22,125,147
451857,2,999,1,8,57,0,0,65,0,8,57,65
451857,2,999,2,8,57,0,0,65,0,8,57,65
451857,4,2,1,0,8,0,0,8,0,0,8,8
451857,4,2,2,0,8,0,0,8,0,0,8,8
451857,5,3,1,3,22,0,0,25,0,3,22,25
451857,5,3,2,3,22,0,0,25,0,3,22,25
451857,6,4,1,5,27,0,0,32,0,5,27,32
451857,6,4,2,5,27,0,0,32,0,5,27,32
451857,7,999,1,14,68,0,0,82,0,14,68,82
451857,7,999,2,14,68,0,0,82,0,14,68,82
451857,8,5,1,3,26,0,0,29,0,3,26,29
451857,8,5,2,3,26,0,0,29,0,3,26,29
451857,9,6,1,4,16,0,0,20,0,4,16,20
451857,9,6,2,4,16,0,0,20,0,4,16,20
451857,10,7,1,2,12,0,0,14,0,2,12,14
451857,10,7,2,2,12,0,0,14,0,2,12,14
451857,11,8,1,5,12,0,0,17,0,5,12,17
451857,11,8,2,5,12,0,0,17,0,5,12,17
451857,12,9,1,0,2,0,0,2,0,0,2,2
451857,12,9,2,0,2,0,0,2,0,0,2,2
451866,1,412,1,45,303,0,0,348,0,45,303,348
451866,1,112,2,45,303,0,0,348,0,45,303,348
451866,2,999,1,13,114,0,0,127,0,13,114,127
451866,2,999,2,13,114,0,0,127,0,13,114,127
451866,4,2,1,2,9,0,0,11,0,2,9,11
451866,4,2,2,2,9,0,0,11,0,2,9,11
451866,5,3,1,4,45,0,0,49,0,4,45,49
451866,5,3,2,4,45,0,0,49,0,4,45,49
451866,6,4,1,7,60,0,0,67,0,7,60,67
451866,6,4,2,7,60,0,0,67,0,7,60,67
451866,7,999,1,31,182,0,0,213,0,31,182,213
451866,7,999,2,31,182,0,0,213,0,31,182,213
451866,8,5,1,10,66,0,0,76,0,10,66,76
451866,8,5,2,10,66,0,0,76,0,10,66,76
451866,9,6,1,6,46,0,0,52,0,6,46,52
451866,9,6,2,6,46,0,0,52,0,6,46,52
451866,10,7,1,5,26,0,0,31,0,5,26,31
451866,10,7,2,5,26,0,0,31,0,5,26,31
451866,11,8,1,7,28,0,0,35,0,7,28,35
451866,11,8,2,7,28,0,0,35,0,7,28,35
451866,12,9,1,2,15,0,0,17,0,2,15,17
451866,12,9,2,2,15,0,0,17,0,2,15,17
451866,13,10,1,1,1,0,0,2,0,1,1,2
451866,13,10,2,1,1,0,0,2,0,1,1,2
451866,14,11,1,1,7,0,0,8,0,1,7,8
451866,14,11,2,1,7,0,0,8,0,1,7,8
451918,1,412,1,19,99,0,0,118,0,19,99,118
451918,1,112,2,19,99,0,0,118,0,19,99,118
451918,2,999,1,9,47,0,0,56,0,9,47,56
451918,2,999,2,9,47,0,0,56,0,9,47,56
451918,3,1,1,0,2,0,0,2,0,0,2,2
451918,3,1,2,0,2,0,0,2,0,0,2,2
451918,4,2,1,2,18,0,0,20,0,2,18,20
451918,4,2,2,2,18,0,0,20,0,2,18,20
451918,5,3,1,4,12,0,0,16,0,4,12,16
451918,5,3,2,4,12,0,0,16,0,4,12,16
451918,6,4,1,3,15,0,0,18,0,3,15,18
451918,6,4,2,3,15,0,0,18,0,3,15,18
451918,7,999,1,10,52,0,0,62,0,10,52,62
451918,7,999,2,10,52,0,0,62,0,10,52,62
451918,8,5,1,5,23,0,0,28,0,5,23,28
451918,8,5,2,5,23,0,0,28,0,5,23,28
451918,9,6,1,3,12,0,0,15,0,3,12,15
451918,9,6,2,3,12,0,0,15,0,3,12,15
451918,10,7,1,0,8,0,0,8,0,0,8,8
451918,10,7,2,0,8,0,0,8,0,0,8,8
451918,11,8,1,2,6,0,0,8,0,2,6,8
451918,11,8,2,2,6,0,0,8,0,2,6,8
451918,12,9,1,0,3,0,0,3,0,0,3,3
451918,12,9,2,0,3,0,0,3,0,0,3,3
453297,1,412,1,14,16,0,0,30,0,14,16,30
453297,1,112,2,14,16,0,0,30,0,14,16,30
453297,2,999,1,7,9,0,0,16,0,7,9,16
453297,2,999,2,7,9,0,0,16,0,7,9,16
453297,5,3,1,3,7,0,0,10,0,3,7,10
453297,5,3,2,3,7,0,0,10,0,3,7,10
453297,6,4,1,4,2,0,0,6,0,4,2,6
453297,6,4,2,4,2,0,0,6,0,4,2,6
453297,7,999,1,7,7,0,0,14,0,7,7,14
453297,7,999,2,7,7,0,0,14,0,7,7,14
453297,8,5,1,2,2,0,0,4,0,2,2,4
453297,8,5,2,2,2,0,0,4,0,2,2,4
453297,9,6,1,3,1,0,0,4,0,3,1,4
453297,9,6,2,3,1,0,0,4,0,3,1,4
453297,10,7,1,2,1,0,0,3,0,2,1,3
453297,10,7,2,2,1,0,0,3,0,2,1,3
453297,11,8,1,0,1,0,0,1,0,0,1,1
453297,11,8,2,0,1,0,0,1,0,0,1,1
453297,12,9,1,0,2,0,0,2,0,0,2,2
453297,12,9,2,0,2,0,0,2,0,0,2,2
454227,1,412,1,394,3441,2456,23190,3835,25646,2850,26631,29481
454227,1,112,2,320,2780,1200,10551,3100,11751,1520,13331,14851
454227,1,312,5,74,661,1256,12639,735,13895,1330,13300,14630
454227,2,999,1,71,591,195,1477,662,1672,266,2068,2334
454227,2,999,2,68,555,164,1099,623,1263,232,1654,1886
454227,2,999,5,3,36,31,378,39,409,34,414,448
454227,4,2,1,6,32,5,24,38,29,11,56,67
454227,4,2,2,6,32,5,24,38,29,11,56,67
454227,5,3,1,19,160,32,215,179,247,51,375,426
454227,5,3,2,18,159,32,214,177,246,50,373,423
454227,5,3,5,1,1,0,1,2,1,1,2,3
454227,6,4,1,46,399,158,1238,445,1396,204,1637,1841
454227,6,4,2,44,364,127,861,408,988,171,1225,1396
454227,6,4,5,2,35,31,377,37,408,33,412,445
454227,7,999,1,323,2850,2261,21712,3173,23973,2584,24562,27146
454227,7,999,2,252,2225,1036,9452,2477,10488,1288,11677,12965
454227,7,999,5,71,625,1225,12260,696,13485,1296,12885,14181
454227,8,5,1,116,820,477,4200,936,4677,593,5020,5613
454227,8,5,2,93,672,254,1856,765,2110,347,2528,2875
454227,8,5,5,23,148,223,2344,171,2567,246,2492,2738
454227,9,6,1,68,676,548,4563,744,5111,616,5239,5855
454227,9,6,2,51,529,251,1939,580,2190,302,2468,2770
454227,9,6,5,17,147,297,2624,164,2921,314,2771,3085
454227,10,7,1,69,531,430,3922,600,4352,499,4453,4952
454227,10,7,2,55,419,184,1647,474,1831,239,2066,2305
454227,10,7,5,14,112,246,2275,126,2521,260,2387,2647
454227,11,8,1,57,580,519,5880,637,6399,576,6460,7036
454227,11,8,2,43,434,216,2519,477,2735,259,2953,3212
454227,11,8,5,14,146,303,3361,160,3664,317,3507,3824
454227,12,9,1,13,241,279,3080,254,3359,292,3321,3613
454227,12,9,2,10,171,129,1465,181,1594,139,1636,1775
454227,12,9,5,3,70,150,1615,73,1765,153,1685,1838
454227,13,10,1,0,2,8,67,2,75,8,69,77
454227,13,10,2,0,0,2,26,0,28,2,26,28
454227,13,10,5,0,2,6,41,2,47,6,43,49
454227,14,11,1,0,0,0,1,0,1,0,1,1
454227,14,11,5,0,0,0,1,0,1,0,1,1
454236,1,412,1,33,248,38,425,281,463,71,673,744
454236,1,112,2,33,248,38,425,281,463,71,673,744
454236,2,999,1,6,102,10,171,108,181,16,273,289
454236,2,999,2,6,102,10,171,108,181,16,273,289
454236,3,1,1,0,0,0,3,0,3,0,3,3
454236,3,1,2,0,0,0,3,0,3,0,3,3
454236,4,2,1,1,10,0,26,11,26,1,36,37
454236,4,2,2,1,10,0,26,11,26,1,36,37
454236,5,3,1,0,39,4,48,39,52,4,87,91
454236,5,3,2,0,39,4,48,39,52,4,87,91
454236,6,4,1,5,53,6,94,58,100,11,147,158
454236,6,4,2,5,53,6,94,58,100,11,147,158
454236,7,999,1,27,146,28,254,173,282,55,400,455
454236,7,999,2,27,146,28,254,173,282,55,400,455
454236,8,5,1,18,76,16,126,94,142,34,202,236
454236,8,5,2,18,76,16,126,94,142,34,202,236
454236,9,6,1,4,33,5,70,37,75,9,103,112
454236,9,6,2,4,33,5,70,37,75,9,103,112
454236,10,7,1,2,21,2,30,23,32,4,51,55
454236,10,7,2,2,21,2,30,23,32,4,51,55
454236,11,8,1,3,13,5,22,16,27,8,35,43
454236,11,8,2,3,13,5,22,16,27,8,35,43
454236,12,9,1,0,3,0,6,3,6,0,9,9
454236,12,9,2,0,3,0,6,3,6,0,9,9
454245,1,412,1,37,202,72,414,239,486,109,616,725
454245,1,112,2,37,202,72,414,239,486,109,616,725
454245,2,999,1,11,108,19,187,119,206,30,295,325
454245,2,999,2,11,108,19,187,119,206,30,295,325
454245,4,2,1,0,10,1,7,10,8,1,17,18
454245,4,2,2,0,10,1,7,10,8,1,17,18
454245,5,3,1,5,42,3,59,47,62,8,101,109
454245,5,3,2,5,42,3,59,47,62,8,101,109
454245,6,4,1,6,56,15,121,62,136,21,177,198
454245,6,4,2,6,56,15,121,62,136,21,177,198
454245,7,999,1,26,94,53,227,120,280,79,321,400
454245,7,999,2,26,94,53,227,120,280,79,321,400
454245,8,5,1,8,57,24,126,65,150,32,183,215
454245,8,5,2,8,57,24,126,65,150,32,183,215
454245,9,6,1,12,23,15,59,35,74,27,82,109
454245,9,6,2,12,23,15,59,35,74,27,82,109
454245,10,7,1,3,6,5,21,9,26,8,27,35
454245,10,7,2,3,6,5,21,9,26,8,27,35
454245,11,8,1,3,7,9,19,10,28,12,26,38
454245,11,8,2,3,7,9,19,10,28,12,26,38
454245,12,9,1,0,1,0,2,1,2,0,3,3
454245,12,9,2,0,1,0,2,1,2,0,3,3
454582,1,412,1,22,33,57,109,55,166,79,142,221
454582,1,112,2,16,28,46,73,44,119,62,101,163
454582,1,312,5,6,5,11,36,11,47,17,41,58
454582,2,999,1,3,4,12,17,7,29,15,21,36
454582,2,999,2,2,4,12,15,6,27,14,19,33
454582,2,999,5,1,0,0,2,1,2,1,2,3
454582,3,1,1,0,0,1,1,0,2,1,1,2
454582,3,1,2,0,0,1,1,0,2,1,1,2
454582,4,2,1,0,1,1,1,1,2,1,2,3
454582,4,2,2,0,1,1,1,1,2,1,2,3
454582,5,3,1,2,0,3,4,2,7,5,4,9
454582,5,3,2,1,0,3,4,1,7,4,4,8
454582,5,3,5,1,0,0,0,1,0,1,0,1
454582,6,4,1,1,3,7,11,4,18,8,14,22
454582,6,4,2,1,3,7,9,4,16,8,12,20
454582,6,4,5,0,0,0,2,0,2,0,2,2
454582,7,999,1,19,29,45,92,48,137,64,121,185
454582,7,999,2,14,24,34,58,38,92,48,82,130
454582,7,999,5,5,5,11,34,10,45,16,39,55
454582,8,5,1,5,6,12,16,11,28,17,22,39
454582,8,5,2,5,6,8,12,11,20,13,18,31
454582,8,5,5,0,0,4,4,0,8,4,4,8
454582,9,6,1,3,2,8,12,5,20,11,14,25
454582,9,6,2,3,2,5,8,5,13,8,10,18
454582,9,6,5,0,0,3,4,0,7,3,4,7
454582,10,7,1,6,6,13,18,12,31,19,24,43
454582,10,7,2,3,4,13,13,7,26,16,17,33
454582,10,7,5,3,2,0,5,5,5,3,7,10
454582,11,8,1,4,13,10,29,17,39,14,42,56
454582,11,8,2,3,11,7,16,14,23,10,27,37
454582,11,8,5,1,2,3,13,3,16,4,15,19
454582,12,9,1,1,2,1,16,3,17,2,18,20
454582,12,9,2,0,1,0,8,1,8,0,9,9
454582,12,9,5,1,1,1,8,2,9,2,9,11
454582,13,10,1,0,0,1,1,0,2,1,1,2
454582,13,10,2,0,0,1,1,0,2,1,1,2
454616,1,412,1,75,16,35,7,91,42,110,23,133
454616,1,112,2,75,16,35,7,91,42,110,23,133
454616,2,999,1,41,13,22,5,54,27,63,18,81
454616,2,999,2,41,13,22,5,54,27,63,18,81
454616,4,2,1,9,2,5,1,11,6,14,3,17
454616,4,2,2,9,2,5,1,11,6,14,3,17
454616,5,3,1,17,8,8,1,25,9,25,9,34
454616,5,3,2,17,8,8,1,25,9,25,9,34
454616,6,4,1,15,3,9,3,18,12,24,6,30
454616,6,4,2,15,3,9,3,18,12,24,6,30
454616,7,999,1,34,3,13,2,37,15,47,5,52
454616,7,999,2,34,3,13,2,37,15,47,5,52
454616,8,5,1,19,3,6,1,22,7,25,4,29
454616,8,5,2,19,3,6,1,22,7,25,4,29
454616,9,6,1,10,0,3,0,10,3,13,0,13
454616,9,6,2,10,0,3,0,10,3,13,0,13
454616,10,7,1,4,0,0,0,4,0,4,0,4
454616,10,7,2,4,0,0,0,4,0,4,0,4
454616,11,8,1,1,0,2,0,1,2,3,0,3
454616,11,8,2,1,0,2,0,1,2,3,0,3
454616,12,9,1,0,0,2,1,0,3,2,1,3
454616,12,9,2,0,0,2,1,0,3,2,1,3
454652,1,412,1,3,141,0,0,144,0,3,141,144
454652,1,112,2,3,141,0,0,144,0,3,141,144
454652,2,999,1,1,116,0,0,117,0,1,116,117
454652,2,999,2,1,116,0,0,117,0,1,116,117
454652,3,1,1,0,1,0,0,1,0,0,1,1
454652,3,1,2,0,1,0,0,1,0,0,1,1
454652,4,2,1,1,57,0,0,58,0,1,57,58
454652,4,2,2,1,57,0,0,58,0,1,57,58
454652,5,3,1,0,35,0,0,35,0,0,35,35
454652,5,3,2,0,35,0,0,35,0,0,35,35
454652,6,4,1,0,23,0,0,23,0,0,23,23
454652,6,4,2,0,23,0,0,23,0,0,23,23
454652,7,999,1,2,25,0,0,27,0,2,25,27
454652,7,999,2,2,25,0,0,27,0,2,25,27
454652,8,5,1,2,14,0,0,16,0,2,14,16
454652,8,5,2,2,14,0,0,16,0,2,14,16
454652,9,6,1,0,7,0,0,7,0,0,7,7
454652,9,6,2,0,7,0,0,7,0,0,7,7
454652,10,7,1,0,2,0,0,2,0,0,2,2
454652,10,7,2,0,2,0,0,2,0,0,2,2
454652,11,8,1,0,2,0,0,2,0,0,2,2
454652,11,8,2,0,2,0,0,2,0,0,2,2
454689,1,412,1,158,186,149,121,344,270,307,307,614
454689,1,112,2,0,2,0,0,2,0,0,2,2
454689,1,312,5,158,184,149,121,342,270,307,305,612
454689,2,999,1,0,0,2,0,0,2,2,0,2
454689,2,999,5,0,0,2,0,0,2,2,0,2
454689,6,4,1,0,0,2,0,0,2,2,0,2
454689,6,4,5,0,0,2,0,0,2,2,0,2
454689,7,999,1,155,182,147,120,337,267,302,302,604
454689,7,999,2,0,2,0,0,2,0,0,2,2
454689,7,999,5,155,180,147,120,335,267,302,300,602
454689,8,5,1,6,9,5,3,15,8,11,12,23
454689,8,5,5,6,9,5,3,15,8,11,12,23
454689,9,6,1,9,18,13,6,27,19,22,24,46
454689,9,6,2,0,1,0,0,1,0,0,1,1
454689,9,6,5,9,17,13,6,26,19,22,23,45
454689,10,7,1,23,24,21,21,47,42,44,45,89
454689,10,7,5,23,24,21,21,47,42,44,45,89
454689,11,8,1,47,68,55,54,115,109,102,122,224
454689,11,8,2,0,1,0,0,1,0,0,1,1
454689,11,8,5,47,67,55,54,114,109,102,121,223
454689,12,9,1,56,63,46,31,119,77,102,94,196
454689,12,9,5,56,63,46,31,119,77,102,94,196
454689,13,10,1,14,0,7,5,14,12,21,5,26
454689,13,10,5,14,0,7,5,14,12,21,5,26
454689,14,11,1,3,4,0,1,7,1,3,5,8
454689,14,11,5,3,4,0,1,7,1,3,5,8
454698,1,412,1,90,220,0,0,310,0,90,220,310
454698,1,112,2,90,220,0,0,310,0,90,220,310
454698,2,999,1,42,132,0,0,174,0,42,132,174
454698,2,999,2,42,132,0,0,174,0,42,132,174
454698,3,1,1,1,5,0,0,6,0,1,5,6
454698,3,1,2,1,5,0,0,6,0,1,5,6
454698,4,2,1,13,50,0,0,63,0,13,50,63
454698,4,2,2,13,50,0,0,63,0,13,50,63
454698,5,3,1,12,43,0,0,55,0,12,43,55
454698,5,3,2,12,43,0,0,55,0,12,43,55
454698,6,4,1,16,34,0,0,50,0,16,34,50
454698,6,4,2,16,34,0,0,50,0,16,34,50
454698,7,999,1,48,88,0,0,136,0,48,88,136
454698,7,999,2,48,88,0,0,136,0,48,88,136
454698,8,5,1,11,37,0,0,48,0,11,37,48
454698,8,5,2,11,37,0,0,48,0,11,37,48
454698,9,6,1,12,19,0,0,31,0,12,19,31
454698,9,6,2,12,19,0,0,31,0,12,19,31
454698,10,7,1,13,17,0,0,30,0,13,17,30
454698,10,7,2,13,17,0,0,30,0,13,17,30
454698,11,8,1,10,11,0,0,21,0,10,11,21
454698,11,8,2,10,11,0,0,21,0,10,11,21
454698,12,9,1,2,3,0,0,5,0,2,3,5
454698,12,9,2,2,3,0,0,5,0,2,3,5
454698,13,10,1,0,1,0,0,1,0,0,1,1
454698,13,10,2,0,1,0,0,1,0,0,1,1
454768,1,412,1,23,140,19,81,163,100,42,221,263
454768,1,112,2,23,140,19,81,163,100,42,221,263
454768,2,999,1,12,79,6,38,91,44,18,117,135
454768,2,999,2,12,79,6,38,91,44,18,117,135
454768,3,1,1,0,1,0,1,1,1,0,2,2
454768,3,1,2,0,1,0,1,1,1,0,2,2
454768,4,2,1,1,27,2,7,28,9,3,34,37
454768,4,2,2,1,27,2,7,28,9,3,34,37
454768,5,3,1,3,28,1,8,31,9,4,36,40
454768,5,3,2,3,28,1,8,31,9,4,36,40
454768,6,4,1,8,23,3,22,31,25,11,45,56
454768,6,4,2,8,23,3,22,31,25,11,45,56
454768,7,999,1,11,61,13,43,72,56,24,104,128
454768,7,999,2,11,61,13,43,72,56,24,104,128
454768,8,5,1,3,25,4,22,28,26,7,47,54
454768,8,5,2,3,25,4,22,28,26,7,47,54
454768,9,6,1,3,22,7,12,25,19,10,34,44
454768,9,6,2,3,22,7,12,25,19,10,34,44
454768,10,7,1,2,4,1,4,6,5,3,8,11
454768,10,7,2,2,4,1,4,6,5,3,8,11
454768,11,8,1,2,8,1,3,10,4,3,11,14
454768,11,8,2,2,8,1,3,10,4,3,11,14
454768,12,9,1,1,2,0,2,3,2,1,4,5
454768,12,9,2,1,2,0,2,3,2,1,4,5
454810,1,412,1,2433,5167,0,0,7600,0,2433,5167,7600
454810,1,112,2,2433,5167,0,0,7600,0,2433,5167,7600
454810,2,999,1,524,1300,0,0,1824,0,524,1300,1824
454810,2,999,2,524,1300,0,0,1824,0,524,1300,1824
454810,3,1,1,2,16,0,0,18,0,2,16,18
454810,3,1,2,2,16,0,0,18,0,2,16,18
454810,4,2,1,139,308,0,0,447,0,139,308,447
454810,4,2,2,139,308,0,0,447,0,139,308,447
454810,5,3,1,145,392,0,0,537,0,145,392,537
454810,5,3,2,145,392,0,0,537,0,145,392,537
454810,6,4,1,238,584,0,0,822,0,238,584,822
454810,6,4,2,238,584,0,0,822,0,238,584,822
454810,7,999,1,1909,3867,0,0,5776,0,1909,3867,5776
454810,7,999,2,1909,3867,0,0,5776,0,1909,3867,5776
454810,8,5,1,446,1012,0,0,1458,0,446,1012,1458
454810,8,5,2,446,1012,0,0,1458,0,446,1012,1458
454810,9,6,1,417,794,0,0,1211,0,417,794,1211
454810,9,6,2,417,794,0,0,1211,0,417,794,1211
454810,10,7,1,332,702,0,0,1034,0,332,702,1034
454810,10,7,2,332,702,0,0,1034,0,332,702,1034
454810,11,8,1,490,902,0,0,1392,0,490,902,1392
454810,11,8,2,490,902,0,0,1392,0,490,902,1392
454810,12,9,1,219,448,0,0,667,0,219,448,667
454810,12,9,2,219,448,0,0,667,0,219,448,667
454810,13,10,1,5,9,0,0,14,0,5,9,14
454810,13,10,2,5,9,0,0,14,0,5,9,14
454926,1,412,1,19,242,1,36,261,37,20,278,298
454926,1,112,2,19,242,1,36,261,37,20,278,298
454926,2,999,1,9,162,0,14,171,14,9,176,185
454926,2,999,2,9,162,0,14,171,14,9,176,185
454926,4,2,1,2,60,0,4,62,4,2,64,66
454926,4,2,2,2,60,0,4,62,4,2,64,66
454926,5,3,1,3,53,0,6,56,6,3,59,62
454926,5,3,2,3,53,0,6,56,6,3,59,62
454926,6,4,1,4,49,0,4,53,4,4,53,57
454926,6,4,2,4,49,0,4,53,4,4,53,57
454926,7,999,1,10,80,1,22,90,23,11,102,113
454926,7,999,2,10,80,1,22,90,23,11,102,113
454926,8,5,1,6,48,0,16,54,16,6,64,70
454926,8,5,2,6,48,0,16,54,16,6,64,70
454926,9,6,1,2,18,0,6,20,6,2,24,26
454926,9,6,2,2,18,0,6,20,6,2,24,26
454926,10,7,1,1,6,1,0,7,1,2,6,8
454926,10,7,2,1,6,1,0,7,1,2,6,8
454926,11,8,1,0,5,0,0,5,0,0,5,5
454926,11,8,2,0,5,0,0,5,0,0,5,5
454926,12,9,1,1,3,0,0,4,0,1,3,4
454926,12,9,2,1,3,0,0,4,0,1,3,4
455080,1,412,1,27,195,0,1,222,1,27,196,223
455080,1,112,2,27,195,0,1,222,1,27,196,223
455080,2,999,1,18,145,0,0,163,0,18,145,163
455080,2,999,2,18,145,0,0,163,0,18,145,163
455080,3,1,1,1,2,0,0,3,0,1,2,3
455080,3,1,2,1,2,0,0,3,0,1,2,3
455080,4,2,1,10,58,0,0,68,0,10,58,68
455080,4,2,2,10,58,0,0,68,0,10,58,68
455080,5,3,1,5,55,0,0,60,0,5,55,60
455080,5,3,2,5,55,0,0,60,0,5,55,60
455080,6,4,1,2,30,0,0,32,0,2,30,32
455080,6,4,2,2,30,0,0,32,0,2,30,32
455080,7,999,1,9,50,0,1,59,1,9,51,60
455080,7,999,2,9,50,0,1,59,1,9,51,60
455080,8,5,1,2,23,0,0,25,0,2,23,25
455080,8,5,2,2,23,0,0,25,0,2,23,25
455080,9,6,1,4,9,0,0,13,0,4,9,13
455080,9,6,2,4,9,0,0,13,0,4,9,13
455080,10,7,1,1,11,0,0,12,0,1,11,12
455080,10,7,2,1,11,0,0,12,0,1,11,12
455080,11,8,1,2,3,0,1,5,1,2,4,6
455080,11,8,2,2,3,0,1,5,1,2,4,6
455080,12,9,1,0,3,0,0,3,0,0,3,3
455080,12,9,2,0,3,0,0,3,0,0,3,3
455080,13,10,1,0,1,0,0,1,0,0,1,1
455080,13,10,2,0,1,0,0,1,0,0,1,1
455105,1,412,1,1,79,0,0,80,0,1,79,80
455105,1,112,2,1,79,0,0,80,0,1,79,80
455105,2,999,1,1,53,0,0,54,0,1,53,54
455105,2,999,2,1,53,0,0,54,0,1,53,54
455105,3,1,1,0,2,0,0,2,0,0,2,2
455105,3,1,2,0,2,0,0,2,0,0,2,2
455105,4,2,1,0,17,0,0,17,0,0,17,17
455105,4,2,2,0,17,0,0,17,0,0,17,17
455105,5,3,1,0,21,0,0,21,0,0,21,21
455105,5,3,2,0,21,0,0,21,0,0,21,21
455105,6,4,1,1,13,0,0,14,0,1,13,14
455105,6,4,2,1,13,0,0,14,0,1,13,14
455105,7,999,1,0,26,0,0,26,0,0,26,26
455105,7,999,2,0,26,0,0,26,0,0,26,26
455105,8,5,1,0,13,0,0,13,0,0,13,13
455105,8,5,2,0,13,0,0,13,0,0,13,13
455105,9,6,1,0,10,0,0,10,0,0,10,10
455105,9,6,2,0,10,0,0,10,0,0,10,10
455105,10,7,1,0,1,0,0,1,0,0,1,1
455105,10,7,2,0,1,0,0,1,0,0,1,1
455105,11,8,1,0,1,0,0,1,0,0,1,1
455105,11,8,2,0,1,0,0,1,0,0,1,1
455105,12,9,1,0,1,0,0,1,0,0,1,1
455105,12,9,2,0,1,0,0,1,0,0,1,1
455114,1,412,1,1367,1528,2710,4595,2895,7305,4077,6123,10200
455114,1,112,2,1367,1528,2710,4595,2895,7305,4077,6123,10200
455114,2,999,1,917,1056,2184,3286,1973,5470,3101,4342,7443
455114,2,999,2,917,1056,2184,3286,1973,5470,3101,4342,7443
455114,3,1,1,45,53,1261,1853,98,3114,1306,1906,3212
455114,3,1,2,45,53,1261,1853,98,3114,1306,1906,3212
455114,4,2,1,407,499,379,501,906,880,786,1000,1786
455114,4,2,2,407,499,379,501,906,880,786,1000,1786
455114,5,3,1,258,277,294,490,535,784,552,767,1319
455114,5,3,2,258,277,294,490,535,784,552,767,1319
455114,6,4,1,207,227,250,442,434,692,457,669,1126
455114,6,4,2,207,227,250,442,434,692,457,669,1126
455114,7,999,1,450,472,526,1309,922,1835,976,1781,2757
455114,7,999,2,450,472,526,1309,922,1835,976,1781,2757
455114,8,5,1,209,194,247,491,403,738,456,685,1141
455114,8,5,2,209,194,247,491,403,738,456,685,1141
455114,9,6,1,117,132,126,310,249,436,243,442,685
455114,9,6,2,117,132,126,310,249,436,243,442,685
455114,10,7,1,47,53,59,224,100,283,106,277,383
455114,10,7,2,47,53,59,224,100,283,106,277,383
455114,11,8,1,53,77,67,213,130,280,120,290,410
455114,11,8,2,53,77,67,213,130,280,120,290,410
455114,12,9,1,23,16,25,66,39,91,48,82,130
455114,12,9,2,23,16,25,66,39,91,48,82,130
455114,13,10,1,1,0,2,5,1,7,3,5,8
455114,13,10,2,1,0,2,5,1,7,3,5,8
455202,1,412,1,68,380,1,27,448,28,69,407,476
455202,1,112,2,68,380,1,27,448,28,69,407,476
455202,2,999,1,24,161,1,12,185,13,25,173,198
455202,2,999,2,24,161,1,12,185,13,25,173,198
455202,3,1,1,0,2,0,0,2,0,0,2,2
455202,3,1,2,0,2,0,0,2,0,0,2,2
455202,4,2,1,5,17,1,0,22,1,6,17,23
455202,4,2,2,5,17,1,0,22,1,6,17,23
455202,5,3,1,4,44,0,8,48,8,4,52,56
455202,5,3,2,4,44,0,8,48,8,4,52,56
455202,6,4,1,15,98,0,4,113,4,15,102,117
455202,6,4,2,15,98,0,4,113,4,15,102,117
455202,7,999,1,44,219,0,15,263,15,44,234,278
455202,7,999,2,44,219,0,15,263,15,44,234,278
455202,8,5,1,11,92,0,7,103,7,11,99,110
455202,8,5,2,11,92,0,7,103,7,11,99,110
455202,9,6,1,7,56,0,2,63,2,7,58,65
455202,9,6,2,7,56,0,2,63,2,7,58,65
455202,10,7,1,13,33,0,1,46,1,13,34,47
455202,10,7,2,13,33,0,1,46,1,13,34,47
455202,11,8,1,7,28,0,3,35,3,7,31,38
455202,11,8,2,7,28,0,3,35,3,7,31,38
455202,12,9,1,6,10,0,2,16,2,6,12,18
455202,12,9,2,6,10,0,2,16,2,6,12,18
455211,1,412,1,10,258,0,0,268,0,10,258,268
455211,1,112,2,10,258,0,0,268,0,10,258,268
455211,2,999,1,4,161,0,0,165,0,4,161,165
455211,2,999,2,4,161,0,0,165,0,4,161,165
455211,3,1,1,0,5,0,0,5,0,0,5,5
455211,3,1,2,0,5,0,0,5,0,0,5,5
455211,4,2,1,2,68,0,0,70,0,2,68,70
455211,4,2,2,2,68,0,0,70,0,2,68,70
455211,5,3,1,1,44,0,0,45,0,1,44,45
455211,5,3,2,1,44,0,0,45,0,1,44,45
455211,6,4,1,1,44,0,0,45,0,1,44,45
455211,6,4,2,1,44,0,0,45,0,1,44,45
455211,7,999,1,6,97,0,0,103,0,6,97,103
455211,7,999,2,6,97,0,0,103,0,6,97,103
455211,8,5,1,3,50,0,0,53,0,3,50,53
455211,8,5,2,3,50,0,0,53,0,3,50,53
455211,9,6,1,1,23,0,0,24,0,1,23,24
455211,9,6,2,1,23,0,0,24,0,1,23,24
455211,10,7,1,2,15,0,0,17,0,2,15,17
455211,10,7,2,2,15,0,0,17,0,2,15,17
455211,11,8,1,0,8,0,0,8,0,0,8,8
455211,11,8,2,0,8,0,0,8,0,0,8,8
455211,12,9,1,0,1,0,0,1,0,0,1,1
455211,12,9,2,0,1,0,0,1,0,0,1,1
455284,1,412,1,5,192,1,66,197,67,6,258,264
455284,1,112,2,5,192,1,66,197,67,6,258,264
455284,2,999,1,2,139,0,42,141,42,2,181,183
455284,2,999,2,2,139,0,42,141,42,2,181,183
455284,4,2,1,1,69,0,11,70,11,1,80,81
455284,4,2,2,1,69,0,11,70,11,1,80,81
455284,5,3,1,0,31,0,16,31,16,0,47,47
455284,5,3,2,0,31,0,16,31,16,0,47,47
455284,6,4,1,1,39,0,15,40,15,1,54,55
455284,6,4,2,1,39,0,15,40,15,1,54,55
455284,7,999,1,3,53,1,24,56,25,4,77,81
455284,7,999,2,3,53,1,24,56,25,4,77,81
455284,8,5,1,2,31,0,17,33,17,2,48,50
455284,8,5,2,2,31,0,17,33,17,2,48,50
455284,9,6,1,0,12,1,3,12,4,1,15,16
455284,9,6,2,0,12,1,3,12,4,1,15,16
455284,10,7,1,1,5,0,2,6,2,1,7,8
455284,10,7,2,1,5,0,2,6,2,1,7,8
455284,11,8,1,0,3,0,2,3,2,0,5,5
455284,11,8,2,0,3,0,2,3,2,0,5,5
455284,12,9,1,0,2,0,0,2,0,0,2,2
455284,12,9,2,0,2,0,0,2,0,0,2,2
455406,1,412,1,244,314,6,9,558,15,250,323,573
455406,1,312,5,244,314,6,9,558,15,250,323,573
455406,2,999,1,23,49,0,0,72,0,23,49,72
455406,2,999,5,23,49,0,0,72,0,23,49,72
455406,6,4,1,23,49,0,0,72,0,23,49,72
455406,6,4,5,23,49,0,0,72,0,23,49,72
455406,7,999,1,221,265,6,9,486,15,227,274,501
455406,7,999,5,221,265,6,9,486,15,227,274,501
455406,8,5,1,142,218,2,5,360,7,144,223,367
455406,8,5,5,142,218,2,5,360,7,144,223,367
455406,9,6,1,61,36,3,3,97,6,64,39,103
455406,9,6,5,61,36,3,3,97,6,64,39,103
455406,10,7,1,11,9,1,0,20,1,12,9,21
455406,10,7,5,11,9,1,0,20,1,12,9,21
455406,11,8,1,7,2,0,1,9,1,7,3,10
455406,11,8,5,7,2,0,1,9,1,7,3,10
455512,1,412,1,532,989,1093,1984,1521,3077,1625,2973,4598
455512,1,112,2,532,989,1093,1984,1521,3077,1625,2973,4598
455512,2,999,1,452,749,806,1177,1201,1983,1258,1926,3184
455512,2,999,2,452,749,806,1177,1201,1983,1258,1926,3184
455512,3,1,1,44,78,312,440,122,752,356,518,874
455512,3,1,2,44,78,312,440,122,752,356,518,874
455512,4,2,1,260,412,160,198,672,358,420,610,1030
455512,4,2,2,260,412,160,198,672,358,420,610,1030
455512,5,3,1,104,164,200,284,268,484,304,448,752
455512,5,3,2,104,164,200,284,268,484,304,448,752
455512,6,4,1,44,95,134,255,139,389,178,350,528
455512,6,4,2,44,95,134,255,139,389,178,350,528
455512,7,999,1,80,240,284,805,320,1089,364,1045,1409
455512,7,999,2,80,240,284,805,320,1089,364,1045,1409
455512,8,5,1,39,93,108,302,132,410,147,395,542
455512,8,5,2,39,93,108,302,132,410,147,395,542
455512,9,6,1,16,61,85,185,77,270,101,246,347
455512,9,6,2,16,61,85,185,77,270,101,246,347
455512,10,7,1,14,34,47,114,48,161,61,148,209
455512,10,7,2,14,34,47,114,48,161,61,148,209
455512,11,8,1,8,37,26,147,45,173,34,184,218
455512,11,8,2,8,37,26,147,45,173,34,184,218
455512,12,9,1,2,12,17,47,14,64,19,59,78
455512,12,9,2,2,12,17,47,14,64,19,59,78
455512,13,10,1,1,3,1,10,4,11,2,13,15
455512,13,10,2,1,3,1,10,4,11,2,13,15
455512,14,11,1,0,0,3,2,0,5,3,2,5
455512,14,11,2,0,0,3,2,0,5,3,2,5
455770,1,412,1,64,56,0,1,120,1,64,57,121
455770,1,112,2,64,56,0,1,120,1,64,57,121
455770,2,999,1,63,55,0,1,118,1,63,56,119
455770,2,999,2,63,55,0,1,118,1,63,56,119
455770,3,1,1,0,1,0,0,1,0,0,1,1
455770,3,1,2,0,1,0,0,1,0,0,1,1
455770,4,2,1,20,25,0,0,45,0,20,25,45
455770,4,2,2,20,25,0,0,45,0,20,25,45
455770,5,3,1,19,22,0,0,41,0,19,22,41
455770,5,3,2,19,22,0,0,41,0,19,22,41
455770,6,4,1,24,7,0,1,31,1,24,8,32
455770,6,4,2,24,7,0,1,31,1,24,8,32
455770,7,999,1,1,1,0,0,2,0,1,1,2
455770,7,999,2,1,1,0,0,2,0,1,1,2
455770,8,5,1,1,1,0,0,2,0,1,1,2
455770,8,5,2,1,1,0,0,2,0,1,1,2
455868,1,412,1,38,255,0,0,293,0,38,255,293
455868,1,112,2,38,255,0,0,293,0,38,255,293
455868,2,999,1,27,139,0,0,166,0,27,139,166
455868,2,999,2,27,139,0,0,166,0,27,139,166
455868,3,1,1,0,3,0,0,3,0,0,3,3
455868,3,1,2,0,3,0,0,3,0,0,3,3
455868,4,2,1,8,36,0,0,44,0,8,36,44
455868,4,2,2,8,36,0,0,44,0,8,36,44
455868,5,3,1,4,50,0,0,54,0,4,50,54
455868,5,3,2,4,50,0,0,54,0,4,50,54
455868,6,4,1,15,50,0,0,65,0,15,50,65
455868,6,4,2,15,50,0,0,65,0,15,50,65
455868,7,999,1,11,116,0,0,127,0,11,116,127
455868,7,999,2,11,116,0,0,127,0,11,116,127
455868,8,5,1,4,54,0,0,58,0,4,54,58
455868,8,5,2,4,54,0,0,58,0,4,54,58
455868,9,6,1,3,25,0,0,28,0,3,25,28
455868,9,6,2,3,25,0,0,28,0,3,25,28
455868,10,7,1,1,20,0,0,21,0,1,20,21
455868,10,7,2,1,20,0,0,21,0,1,20,21
455868,11,8,1,1,10,0,0,11,0,1,10,11
455868,11,8,2,1,10,0,0,11,0,1,10,11
455868,12,9,1,2,6,0,0,8,0,2,6,8
455868,12,9,2,2,6,0,0,8,0,2,6,8
455868,13,10,1,0,1,0,0,1,0,0,1,1
455868,13,10,2,0,1,0,0,1,0,0,1,1
455901,1,412,1,13,181,0,1,194,1,13,182,195
455901,1,112,2,13,181,0,1,194,1,13,182,195
455901,2,999,1,9,123,0,1,132,1,9,124,133
455901,2,999,2,9,123,0,1,132,1,9,124,133
455901,4,2,1,4,52,0,0,56,0,4,52,56
455901,4,2,2,4,52,0,0,56,0,4,52,56
455901,5,3,1,3,36,0,0,39,0,3,36,39
455901,5,3,2,3,36,0,0,39,0,3,36,39
455901,6,4,1,2,35,0,1,37,1,2,36,38
455901,6,4,2,2,35,0,1,37,1,2,36,38
455901,7,999,1,4,58,0,0,62,0,4,58,62
455901,7,999,2,4,58,0,0,62,0,4,58,62
455901,8,5,1,1,33,0,0,34,0,1,33,34
455901,8,5,2,1,33,0,0,34,0,1,33,34
455901,9,6,1,1,11,0,0,12,0,1,11,12
455901,9,6,2,1,11,0,0,12,0,1,11,12
455901,10,7,1,1,8,0,0,9,0,1,8,9
455901,10,7,2,1,8,0,0,9,0,1,8,9
455901,11,8,1,0,4,0,0,4,0,0,4,4
455901,11,8,2,0,4,0,0,4,0,0,4,4
455901,12,9,1,1,2,0,0,3,0,1,2,3
455901,12,9,2,1,2,0,0,3,0,1,2,3
456029,1,412,1,13,202,0,15,215,15,13,217,230
456029,1,112,2,13,202,0,15,215,15,13,217,230
456029,2,999,1,7,130,0,12,137,12,7,142,149
456029,2,999,2,7,130,0,12,137,12,7,142,149
456029,3,1,1,0,1,0,0,1,0,0,1,1
456029,3,1,2,0,1,0,0,1,0,0,1,1
456029,4,2,1,2,45,0,4,47,4,2,49,51
456029,4,2,2,2,45,0,4,47,4,2,49,51
456029,5,3,1,1,35,0,5,36,5,1,40,41
456029,5,3,2,1,35,0,5,36,5,1,40,41
456029,6,4,1,4,49,0,3,53,3,4,52,56
456029,6,4,2,4,49,0,3,53,3,4,52,56
456029,7,999,1,6,72,0,3,78,3,6,75,81
456029,7,999,2,6,72,0,3,78,3,6,75,81
456029,8,5,1,3,33,0,3,36,3,3,36,39
456029,8,5,2,3,33,0,3,36,3,3,36,39
456029,9,6,1,2,23,0,0,25,0,2,23,25
456029,9,6,2,2,23,0,0,25,0,2,23,25
456029,10,7,1,0,12,0,0,12,0,0,12,12
456029,10,7,2,0,12,0,0,12,0,0,12,12
456029,11,8,1,1,3,0,0,4,0,1,3,4
456029,11,8,2,1,3,0,0,4,0,1,3,4
456029,12,9,1,0,1,0,0,1,0,0,1,1
456029,12,9,2,0,1,0,0,1,0,0,1,1
456065,1,412,1,10,171,0,3,181,3,10,174,184
456065,1,112,2,10,171,0,3,181,3,10,174,184
456065,2,999,1,7,126,0,0,133,0,7,126,133
456065,2,999,2,7,126,0,0,133,0,7,126,133
456065,4,2,1,2,40,0,0,42,0,2,40,42
456065,4,2,2,2,40,0,0,42,0,2,40,42
456065,5,3,1,3,43,0,0,46,0,3,43,46
456065,5,3,2,3,43,0,0,46,0,3,43,46
456065,6,4,1,2,43,0,0,45,0,2,43,45
456065,6,4,2,2,43,0,0,45,0,2,43,45
456065,7,999,1,3,45,0,3,48,3,3,48,51
456065,7,999,2,3,45,0,3,48,3,3,48,51
456065,8,5,1,2,31,0,1,33,1,2,32,34
456065,8,5,2,2,31,0,1,33,1,2,32,34
456065,9,6,1,1,11,0,1,12,1,1,12,13
456065,9,6,2,1,11,0,1,12,1,1,12,13
456065,10,7,1,0,3,0,1,3,1,0,4,4
456065,10,7,2,0,3,0,1,3,1,0,4,4
456074,1,412,1,6,136,0,1,142,1,6,137,143
456074,1,112,2,6,136,0,1,142,1,6,137,143
456074,2,999,1,3,105,0,0,108,0,3,105,108
456074,2,999,2,3,105,0,0,108,0,3,105,108
456074,3,1,1,0,1,0,0,1,0,0,1,1
456074,3,1,2,0,1,0,0,1,0,0,1,1
456074,4,2,1,1,33,0,0,34,0,1,33,34
456074,4,2,2,1,33,0,0,34,0,1,33,34
456074,5,3,1,0,44,0,0,44,0,0,44,44
456074,5,3,2,0,44,0,0,44,0,0,44,44
456074,6,4,1,2,27,0,0,29,0,2,27,29
456074,6,4,2,2,27,0,0,29,0,2,27,29
456074,7,999,1,3,31,0,1,34,1,3,32,35
456074,7,999,2,3,31,0,1,34,1,3,32,35
456074,8,5,1,0,12,0,1,12,1,0,13,13
456074,8,5,2,0,12,0,1,12,1,0,13,13
456074,9,6,1,2,14,0,0,16,0,2,14,16
456074,9,6,2,2,14,0,0,16,0,2,14,16
456074,10,7,1,0,4,0,0,4,0,0,4,4
456074,10,7,2,0,4,0,0,4,0,0,4,4
456074,11,8,1,1,1,0,0,2,0,1,1,2
456074,11,8,2,1,1,0,0,2,0,1,1,2
456135,1,412,1,0,60,0,19,60,19,0,79,79
456135,1,112,2,0,60,0,19,60,19,0,79,79
456135,2,999,1,0,30,0,10,30,10,0,40,40
456135,2,999,2,0,30,0,10,30,10,0,40,40
456135,4,2,1,0,8,0,3,8,3,0,11,11
456135,4,2,2,0,8,0,3,8,3,0,11,11
456135,5,3,1,0,10,0,3,10,3,0,13,13
456135,5,3,2,0,10,0,3,10,3,0,13,13
456135,6,4,1,0,12,0,4,12,4,0,16,16
456135,6,4,2,0,12,0,4,12,4,0,16,16
456135,7,999,1,0,30,0,9,30,9,0,39,39
456135,7,999,2,0,30,0,9,30,9,0,39,39
456135,8,5,1,0,15,0,6,15,6,0,21,21
456135,8,5,2,0,15,0,6,15,6,0,21,21
456135,9,6,1,0,6,0,2,6,2,0,8,8
456135,9,6,2,0,6,0,2,6,2,0,8,8
456135,10,7,1,0,6,0,0,6,0,0,6,6
456135,10,7,2,0,6,0,0,6,0,0,6,6
456135,11,8,1,0,2,0,1,2,1,0,3,3
456135,11,8,2,0,2,0,1,2,1,0,3,3
456135,12,9,1,0,1,0,0,1,0,0,1,1
456135,12,9,2,0,1,0,0,1,0,0,1,1
456825,1,412,1,3,108,0,1,111,1,3,109,112
456825,1,112,2,3,108,0,1,111,1,3,109,112
456825,2,999,1,3,74,0,1,77,1,3,75,78
456825,2,999,2,3,74,0,1,77,1,3,75,78
456825,4,2,1,1,32,0,0,33,0,1,32,33
456825,4,2,2,1,32,0,0,33,0,1,32,33
456825,5,3,1,0,28,0,0,28,0,0,28,28
456825,5,3,2,0,28,0,0,28,0,0,28,28
456825,6,4,1,2,14,0,1,16,1,2,15,17
456825,6,4,2,2,14,0,1,16,1,2,15,17
456825,7,999,1,0,34,0,0,34,0,0,34,34
456825,7,999,2,0,34,0,0,34,0,0,34,34
456825,8,5,1,0,25,0,0,25,0,0,25,25
456825,8,5,2,0,25,0,0,25,0,0,25,25
456825,9,6,1,0,7,0,0,7,0,0,7,7
456825,9,6,2,0,7,0,0,7,0,0,7,7
456825,10,7,1,0,2,0,0,2,0,0,2,2
456825,10,7,2,0,2,0,0,2,0,0,2,2
456959,1,412,1,137,465,6,24,602,30,143,489,632
456959,1,112,2,137,465,6,24,602,30,143,489,632
456959,2,999,1,130,455,4,20,585,24,134,475,609
456959,2,999,2,130,455,4,20,585,24,134,475,609
456959,3,1,1,2,12,0,1,14,1,2,13,15
456959,3,1,2,2,12,0,1,14,1,2,13,15
456959,4,2,1,58,256,0,2,314,2,58,258,316
456959,4,2,2,58,256,0,2,314,2,58,258,316
456959,5,3,1,58,162,2,12,220,14,60,174,234
456959,5,3,2,58,162,2,12,220,14,60,174,234
456959,6,4,1,12,25,2,5,37,7,14,30,44
456959,6,4,2,12,25,2,5,37,7,14,30,44
456959,7,999,1,7,10,2,4,17,6,9,14,23
456959,7,999,2,7,10,2,4,17,6,9,14,23
456959,8,5,1,3,9,2,2,12,4,5,11,16
456959,8,5,2,3,9,2,2,12,4,5,11,16
456959,9,6,1,2,0,0,0,2,0,2,0,2
456959,9,6,2,2,0,0,0,2,0,2,0,2
456959,10,7,1,1,1,0,1,2,1,1,2,3
456959,10,7,2,1,1,0,1,2,1,1,2,3
456959,11,8,1,1,0,0,1,1,1,1,1,2
456959,11,8,2,1,0,0,1,1,1,1,1,2
457129,1,412,1,39,299,90,656,338,746,129,955,1084
457129,1,112,2,39,299,90,656,338,746,129,955,1084
457129,2,999,1,8,101,26,211,109,237,34,312,346
457129,2,999,2,8,101,26,211,109,237,34,312,346
457129,3,1,1,0,2,0,0,2,0,0,2,2
457129,3,1,2,0,2,0,0,2,0,0,2,2
457129,4,2,1,0,3,2,8,3,10,2,11,13
457129,4,2,2,0,3,2,8,3,10,2,11,13
457129,5,3,1,2,25,9,51,27,60,11,76,87
457129,5,3,2,2,25,9,51,27,60,11,76,87
457129,6,4,1,6,71,15,152,77,167,21,223,244
457129,6,4,2,6,71,15,152,77,167,21,223,244
457129,7,999,1,31,198,64,445,229,509,95,643,738
457129,7,999,2,31,198,64,445,229,509,95,643,738
457129,8,5,1,13,81,26,207,94,233,39,288,327
457129,8,5,2,13,81,26,207,94,233,39,288,327
457129,9,6,1,10,62,17,124,72,141,27,186,213
457129,9,6,2,10,62,17,124,72,141,27,186,213
457129,10,7,1,5,25,9,62,30,71,14,87,101
457129,10,7,2,5,25,9,62,30,71,14,87,101
457129,11,8,1,3,24,8,45,27,53,11,69,80
457129,11,8,2,3,24,8,45,27,53,11,69,80
457129,12,9,1,0,6,4,7,6,11,4,13,17
457129,12,9,2,0,6,4,7,6,11,4,13,17
457174,1,412,1,3,30,0,0,33,0,3,30,33
457174,1,112,2,3,30,0,0,33,0,3,30,33
457174,2,999,1,2,11,0,0,13,0,2,11,13
457174,2,999,2,2,11,0,0,13,0,2,11,13
457174,5,3,1,2,4,0,0,6,0,2,4,6
457174,5,3,2,2,4,0,0,6,0,2,4,6
457174,6,4,1,0,7,0,0,7,0,0,7,7
457174,6,4,2,0,7,0,0,7,0,0,7,7
457174,7,999,1,1,19,0,0,20,0,1,19,20
457174,7,999,2,1,19,0,0,20,0,1,19,20
457174,8,5,1,1,8,0,0,9,0,1,8,9
457174,8,5,2,1,8,0,0,9,0,1,8,9
457174,9,6,1,0,9,0,0,9,0,0,9,9
457174,9,6,2,0,9,0,0,9,0,0,9,9
457174,11,8,1,0,2,0,0,2,0,0,2,2
457174,11,8,2,0,2,0,0,2,0,0,2,2
457253,1,412,1,3,28,3,80,31,83,6,108,114
457253,1,112,2,3,28,3,80,31,83,6,108,114
457253,2,999,1,2,20,1,38,22,39,3,58,61
457253,2,999,2,2,20,1,38,22,39,3,58,61
457253,3,1,1,0,1,0,0,1,0,0,1,1
457253,3,1,2,0,1,0,0,1,0,0,1,1
457253,4,2,1,0,6,1,7,6,8,1,13,14
457253,4,2,2,0,6,1,7,6,8,1,13,14
457253,5,3,1,1,5,0,13,6,13,1,18,19
457253,5,3,2,1,5,0,13,6,13,1,18,19
457253,6,4,1,1,8,0,18,9,18,1,26,27
457253,6,4,2,1,8,0,18,9,18,1,26,27
457253,7,999,1,1,8,2,42,9,44,3,50,53
457253,7,999,2,1,8,2,42,9,44,3,50,53
457253,8,5,1,1,4,2,23,5,25,3,27,30
457253,8,5,2,1,4,2,23,5,25,3,27,30
457253,9,6,1,0,4,0,12,4,12,0,16,16
457253,9,6,2,0,4,0,12,4,12,0,16,16
457253,10,7,1,0,0,0,3,0,3,0,3,3
457253,10,7,2,0,0,0,3,0,3,0,3,3
457253,11,8,1,0,0,0,4,0,4,0,4,4
457253,11,8,2,0,0,0,4,0,4,0,4,4
457493,1,412,1,2,40,0,0,42,0,2,40,42
457493,1,112,2,2,40,0,0,42,0,2,40,42
457493,2,999,1,2,27,0,0,29,0,2,27,29
457493,2,999,2,2,27,0,0,29,0,2,27,29
457493,3,1,1,2,1,0,0,3,0,2,1,3
457493,3,1,2,2,1,0,0,3,0,2,1,3
457493,4,2,1,0,12,0,0,12,0,0,12,12
457493,4,2,2,0,12,0,0,12,0,0,12,12
457493,5,3,1,0,9,0,0,9,0,0,9,9
457493,5,3,2,0,9,0,0,9,0,0,9,9
457493,6,4,1,0,5,0,0,5,0,0,5,5
457493,6,4,2,0,5,0,0,5,0,0,5,5
457493,7,999,1,0,13,0,0,13,0,0,13,13
457493,7,999,2,0,13,0,0,13,0,0,13,13
457493,8,5,1,0,7,0,0,7,0,0,7,7
457493,8,5,2,0,7,0,0,7,0,0,7,7
457493,9,6,1,0,3,0,0,3,0,0,3,3
457493,9,6,2,0,3,0,0,3,0,0,3,3
457493,10,7,1,0,3,0,0,3,0,0,3,3
457493,10,7,2,0,3,0,0,3,0,0,3,3
457545,1,412,1,3,87,1,18,90,19,4,105,109
457545,1,112,2,3,87,1,18,90,19,4,105,109
457545,2,999,1,2,76,0,15,78,15,2,91,93
457545,2,999,2,2,76,0,15,78,15,2,91,93
457545,4,2,1,2,47,0,5,49,5,2,52,54
457545,4,2,2,2,47,0,5,49,5,2,52,54
457545,5,3,1,0,22,0,6,22,6,0,28,28
457545,5,3,2,0,22,0,6,22,6,0,28,28
457545,6,4,1,0,7,0,4,7,4,0,11,11
457545,6,4,2,0,7,0,4,7,4,0,11,11
457545,7,999,1,1,11,1,3,12,4,2,14,16
457545,7,999,2,1,11,1,3,12,4,2,14,16
457545,8,5,1,1,7,0,2,8,2,1,9,10
457545,8,5,2,1,7,0,2,8,2,1,9,10
457545,9,6,1,0,1,1,0,1,1,1,1,2
457545,9,6,2,0,1,1,0,1,1,1,1,2
457545,10,7,1,0,2,0,0,2,0,0,2,2
457545,10,7,2,0,2,0,0,2,0,0,2,2
457545,11,8,1,0,1,0,0,1,0,0,1,1
457545,11,8,2,0,1,0,0,1,0,0,1,1
457545,12,9,1,0,0,0,1,0,1,0,1,1
457545,12,9,2,0,0,0,1,0,1,0,1,1
457679,1,412,1,2,17,0,0,19,0,2,17,19
457679,1,112,2,2,17,0,0,19,0,2,17,19
457679,2,999,1,1,13,0,0,14,0,1,13,14
457679,2,999,2,1,13,0,0,14,0,1,13,14
457679,4,2,1,0,4,0,0,4,0,0,4,4
457679,4,2,2,0,4,0,0,4,0,0,4,4
457679,5,3,1,0,7,0,0,7,0,0,7,7
457679,5,3,2,0,7,0,0,7,0,0,7,7
457679,6,4,1,1,2,0,0,3,0,1,2,3
457679,6,4,2,1,2,0,0,3,0,1,2,3
457679,7,999,1,1,4,0,0,5,0,1,4,5
457679,7,999,2,1,4,0,0,5,0,1,4,5
457679,8,5,1,0,2,0,0,2,0,0,2,2
457679,8,5,2,0,2,0,0,2,0,0,2,2
457679,10,7,1,0,1,0,0,1,0,0,1,1
457679,10,7,2,0,1,0,0,1,0,0,1,1
457679,11,8,1,1,1,0,0,2,0,1,1,2
457679,11,8,2,1,1,0,0,2,0,1,1,2
457855,1,412,1,3,32,0,0,35,0,3,32,35
457855,1,112,2,3,32,0,0,35,0,3,32,35
457855,2,999,1,1,18,0,0,19,0,1,18,19
457855,2,999,2,1,18,0,0,19,0,1,18,19
457855,4,2,1,0,11,0,0,11,0,0,11,11
457855,4,2,2,0,11,0,0,11,0,0,11,11
457855,5,3,1,1,3,0,0,4,0,1,3,4
457855,5,3,2,1,3,0,0,4,0,1,3,4
457855,6,4,1,0,4,0,0,4,0,0,4,4
457855,6,4,2,0,4,0,0,4,0,0,4,4
457855,7,999,1,2,14,0,0,16,0,2,14,16
457855,7,999,2,2,14,0,0,16,0,2,14,16
457855,8,5,1,1,7,0,0,8,0,1,7,8
457855,8,5,2,1,7,0,0,8,0,1,7,8
457855,9,6,1,0,4,0,0,4,0,0,4,4
457855,9,6,2,0,4,0,0,4,0,0,4,4
457855,10,7,1,0,2,0,0,2,0,0,2,2
457855,10,7,2,0,2,0,0,2,0,0,2,2
457855,11,8,1,1,0,0,0,1,0,1,0,1
457855,11,8,2,1,0,0,0,1,0,1,0,1
457855,12,9,1,0,1,0,0,1,0,0,1,1
457855,12,9,2,0,1,0,0,1,0,0,1,1
457916,1,412,1,0,39,0,49,39,49,0,88,88
457916,1,112,2,0,39,0,49,39,49,0,88,88
457916,2,999,1,0,33,0,25,33,25,0,58,58
457916,2,999,2,0,33,0,25,33,25,0,58,58
457916,3,1,1,0,0,0,1,0,1,0,1,1
457916,3,1,2,0,0,0,1,0,1,0,1,1
457916,4,2,1,0,17,0,7,17,7,0,24,24
457916,4,2,2,0,17,0,7,17,7,0,24,24
457916,5,3,1,0,6,0,10,6,10,0,16,16
457916,5,3,2,0,6,0,10,6,10,0,16,16
457916,6,4,1,0,10,0,7,10,7,0,17,17
457916,6,4,2,0,10,0,7,10,7,0,17,17
457916,7,999,1,0,6,0,24,6,24,0,30,30
457916,7,999,2,0,6,0,24,6,24,0,30,30
457916,8,5,1,0,3,0,12,3,12,0,15,15
457916,8,5,2,0,3,0,12,3,12,0,15,15
457916,9,6,1,0,2,0,4,2,4,0,6,6
457916,9,6,2,0,2,0,4,2,4,0,6,6
457916,10,7,1,0,0,0,3,0,3,0,3,3
457916,10,7,2,0,0,0,3,0,3,0,3,3
457916,11,8,1,0,1,0,4,1,4,0,5,5
457916,11,8,2,0,1,0,4,1,4,0,5,5
457916,12,9,1,0,0,0,1,0,1,0,1,1
457916,12,9,2,0,0,0,1,0,1,0,1,1
458131,1,412,1,1,22,0,0,23,0,1,22,23
458131,1,112,2,1,22,0,0,23,0,1,22,23
458131,2,999,1,1,11,0,0,12,0,1,11,12
458131,2,999,2,1,11,0,0,12,0,1,11,12
458131,4,2,1,0,6,0,0,6,0,0,6,6
458131,4,2,2,0,6,0,0,6,0,0,6,6
458131,5,3,1,1,2,0,0,3,0,1,2,3
458131,5,3,2,1,2,0,0,3,0,1,2,3
458131,6,4,1,0,3,0,0,3,0,0,3,3
458131,6,4,2,0,3,0,0,3,0,0,3,3
458131,7,999,1,0,11,0,0,11,0,0,11,11
458131,7,999,2,0,11,0,0,11,0,0,11,11
458131,8,5,1,0,8,0,0,8,0,0,8,8
458131,8,5,2,0,8,0,0,8,0,0,8,8
458131,9,6,1,0,1,0,0,1,0,0,1,1
458131,9,6,2,0,1,0,0,1,0,0,1,1
458131,11,8,1,0,1,0,0,1,0,0,1,1
458131,11,8,2,0,1,0,0,1,0,0,1,1
458131,12,9,1,0,1,0,0,1,0,0,1,1
458131,12,9,2,0,1,0,0,1,0,0,1,1
458140,1,412,1,18,9,0,0,27,0,18,9,27
458140,1,112,2,18,9,0,0,27,0,18,9,27
458140,2,999,1,3,0,0,0,3,0,3,0,3
458140,2,999,2,3,0,0,0,3,0,3,0,3
458140,4,2,1,1,0,0,0,1,0,1,0,1
458140,4,2,2,1,0,0,0,1,0,1,0,1
458140,5,3,1,1,0,0,0,1,0,1,0,1
458140,5,3,2,1,0,0,0,1,0,1,0,1
458140,6,4,1,1,0,0,0,1,0,1,0,1
458140,6,4,2,1,0,0,0,1,0,1,0,1
458140,7,999,1,15,9,0,0,24,0,15,9,24
458140,7,999,2,15,9,0,0,24,0,15,9,24
458140,8,5,1,4,5,0,0,9,0,4,5,9
458140,8,5,2,4,5,0,0,9,0,4,5,9
458140,9,6,1,7,3,0,0,10,0,7,3,10
458140,9,6,2,7,3,0,0,10,0,7,3,10
458140,10,7,1,1,0,0,0,1,0,1,0,1
458140,10,7,2,1,0,0,0,1,0,1,0,1
458140,11,8,1,1,1,0,0,2,0,1,1,2
458140,11,8,2,1,1,0,0,2,0,1,1,2
458140,12,9,1,1,0,0,0,1,0,1,0,1
458140,12,9,2,1,0,0,0,1,0,1,0,1
458140,13,10,1,1,0,0,0,1,0,1,0,1
458140,13,10,2,1,0,0,0,1,0,1,0,1
458210,1,412,1,583,2103,322,1322,2686,1644,905,3425,4330
458210,1,112,2,547,1963,115,365,2510,480,662,2328,2990
458210,1,312,5,36,140,207,957,176,1164,243,1097,1340
458210,2,999,1,260,1010,52,204,1270,256,312,1214,1526
458210,2,999,2,253,978,43,134,1231,177,296,1112,1408
458210,2,999,5,7,32,9,70,39,79,16,102,118
458210,3,1,1,2,13,0,1,15,1,2,14,16
458210,3,1,2,2,13,0,1,15,1,2,14,16
458210,4,2,1,32,108,6,13,140,19,38,121,159
458210,4,2,2,32,107,6,13,139,19,38,120,158
458210,4,2,5,0,1,0,0,1,0,0,1,1
458210,5,3,1,68,312,12,41,380,53,80,353,433
458210,5,3,2,68,311,12,39,379,51,80,350,430
458210,5,3,5,0,1,0,2,1,2,0,3,3
458210,6,4,1,158,577,34,149,735,183,192,726,918
458210,6,4,2,151,547,25,81,698,106,176,628,804
458210,6,4,5,7,30,9,68,37,77,16,98,114
458210,7,999,1,323,1093,270,1118,1416,1388,593,2211,2804
458210,7,999,2,294,985,72,231,1279,303,366,1216,1582
458210,7,999,5,29,108,198,887,137,1085,227,995,1222
458210,8,5,1,181,583,87,338,764,425,268,921,1189
458210,8,5,2,168,540,30,78,708,108,198,618,816
458210,8,5,5,13,43,57,260,56,317,70,303,373
458210,9,6,1,85,266,80,293,351,373,165,559,724
458210,9,6,2,77,243,19,61,320,80,96,304,400
458210,9,6,5,8,23,61,232,31,293,69,255,324
458210,10,7,1,36,132,35,175,168,210,71,307,378
458210,10,7,2,30,114,12,33,144,45,42,147,189
458210,10,7,5,6,18,23,142,24,165,29,160,189
458210,11,8,1,18,89,51,227,107,278,69,316,385
458210,11,8,2,16,78,9,45,94,54,25,123,148
458210,11,8,5,2,11,42,182,13,224,44,193,237
458210,12,9,1,3,23,17,84,26,101,20,107,127
458210,12,9,2,3,10,2,14,13,16,5,24,29
458210,12,9,5,0,13,15,70,13,85,15,83,98
458210,13,10,1,0,0,0,1,0,1,0,1,1
458210,13,10,5,0,0,0,1,0,1,0,1,1
458229,1,412,1,478,1776,39,115,2254,154,517,1891,2408
458229,1,112,2,478,1776,39,115,2254,154,517,1891,2408
458229,2,999,1,219,838,13,58,1057,71,232,896,1128
458229,2,999,2,219,838,13,58,1057,71,232,896,1128
458229,3,1,1,4,8,0,0,12,0,4,8,12
458229,3,1,2,4,8,0,0,12,0,4,8,12
458229,4,2,1,42,135,2,9,177,11,44,144,188
458229,4,2,2,42,135,2,9,177,11,44,144,188
458229,5,3,1,66,243,7,19,309,26,73,262,335
458229,5,3,2,66,243,7,19,309,26,73,262,335
458229,6,4,1,107,452,4,30,559,34,111,482,593
458229,6,4,2,107,452,4,30,559,34,111,482,593
458229,7,999,1,259,938,26,57,1197,83,285,995,1280
458229,7,999,2,259,938,26,57,1197,83,285,995,1280
458229,8,5,1,147,491,14,30,638,44,161,521,682
458229,8,5,2,147,491,14,30,638,44,161,521,682
458229,9,6,1,51,232,8,13,283,21,59,245,304
458229,9,6,2,51,232,8,13,283,21,59,245,304
458229,10,7,1,32,113,4,9,145,13,36,122,158
458229,10,7,2,32,113,4,9,145,13,36,122,158
458229,11,8,1,23,88,0,4,111,4,23,92,115
458229,11,8,2,23,88,0,4,111,4,23,92,115
458229,12,9,1,6,14,0,1,20,1,6,15,21
458229,12,9,2,6,14,0,1,20,1,6,15,21
458274,1,412,1,15,127,7,60,142,67,22,187,209
458274,1,112,2,15,127,7,60,142,67,22,187,209
458274,2,999,1,6,87,4,33,93,37,10,120,130
458274,2,999,2,6,87,4,33,93,37,10,120,130
458274,4,2,1,1,34,2,11,35,13,3,45,48
458274,4,2,2,1,34,2,11,35,13,3,45,48
458274,5,3,1,1,27,2,10,28,12,3,37,40
458274,5,3,2,1,27,2,10,28,12,3,37,40
458274,6,4,1,4,26,0,12,30,12,4,38,42
458274,6,4,2,4,26,0,12,30,12,4,38,42
458274,7,999,1,9,40,3,27,49,30,12,67,79
458274,7,999,2,9,40,3,27,49,30,12,67,79
458274,8,5,1,7,25,2,15,32,17,9,40,49
458274,8,5,2,7,25,2,15,32,17,9,40,49
458274,9,6,1,0,8,0,8,8,8,0,16,16
458274,9,6,2,0,8,0,8,8,8,0,16,16
458274,10,7,1,2,4,0,2,6,2,2,6,8
458274,10,7,2,2,4,0,2,6,2,2,6,8
458274,11,8,1,0,2,1,2,2,3,1,4,5
458274,11,8,2,0,2,1,2,2,3,1,4,5
458274,12,9,1,0,1,0,0,1,0,0,1,1
458274,12,9,2,0,1,0,0,1,0,0,1,1
458803,1,412,1,3,89,0,22,92,22,3,111,114
458803,1,112,2,3,89,0,22,92,22,3,111,114
458803,2,999,1,1,39,0,9,40,9,1,48,49
458803,2,999,2,1,39,0,9,40,9,1,48,49
458803,4,2,1,0,16,0,2,16,2,0,18,18
458803,4,2,2,0,16,0,2,16,2,0,18,18
458803,5,3,1,0,7,0,5,7,5,0,12,12
458803,5,3,2,0,7,0,5,7,5,0,12,12
458803,6,4,1,1,16,0,2,17,2,1,18,19
458803,6,4,2,1,16,0,2,17,2,1,18,19
458803,7,999,1,2,50,0,13,52,13,2,63,65
458803,7,999,2,2,50,0,13,52,13,2,63,65
458803,8,5,1,1,26,0,9,27,9,1,35,36
458803,8,5,2,1,26,0,9,27,9,1,35,36
458803,9,6,1,0,12,0,1,12,1,0,13,13
458803,9,6,2,0,12,0,1,12,1,0,13,13
458803,10,7,1,1,7,0,1,8,1,1,8,9
458803,10,7,2,1,7,0,1,8,1,1,8,9
458803,11,8,1,0,4,0,1,4,1,0,5,5
458803,11,8,2,0,4,0,1,4,1,0,5,5
458803,12,9,1,0,1,0,1,1,1,0,2,2
458803,12,9,2,0,1,0,1,1,1,0,2,2
458812,1,412,1,2,66,1,10,68,11,3,76,79
458812,1,112,2,2,66,1,10,68,11,3,76,79
458812,2,999,1,1,41,1,8,42,9,2,49,51
458812,2,999,2,1,41,1,8,42,9,2,49,51
458812,4,2,1,0,9,0,2,9,2,0,11,11
458812,4,2,2,0,9,0,2,9,2,0,11,11
458812,5,3,1,0,9,0,2,9,2,0,11,11
458812,5,3,2,0,9,0,2,9,2,0,11,11
458812,6,4,1,1,23,1,4,24,5,2,27,29
458812,6,4,2,1,23,1,4,24,5,2,27,29
458812,7,999,1,1,25,0,2,26,2,1,27,28
458812,7,999,2,1,25,0,2,26,2,1,27,28
458812,8,5,1,1,18,0,2,19,2,1,20,21
458812,8,5,2,1,18,0,2,19,2,1,20,21
458812,9,6,1,0,3,0,0,3,0,0,3,3
458812,9,6,2,0,3,0,0,3,0,0,3,3
458812,10,7,1,0,4,0,0,4,0,0,4,4
458812,10,7,2,0,4,0,0,4,0,0,4,4
458821,1,412,1,4,39,0,0,43,0,4,39,43
458821,1,112,2,4,39,0,0,43,0,4,39,43
458821,2,999,1,1,21,0,0,22,0,1,21,22
458821,2,999,2,1,21,0,0,22,0,1,21,22
458821,4,2,1,0,6,0,0,6,0,0,6,6
458821,4,2,2,0,6,0,0,6,0,0,6,6
458821,5,3,1,1,5,0,0,6,0,1,5,6
458821,5,3,2,1,5,0,0,6,0,1,5,6
458821,6,4,1,0,10,0,0,10,0,0,10,10
458821,6,4,2,0,10,0,0,10,0,0,10,10
458821,7,999,1,3,18,0,0,21,0,3,18,21
458821,7,999,2,3,18,0,0,21,0,3,18,21
458821,8,5,1,1,9,0,0,10,0,1,9,10
458821,8,5,2,1,9,0,0,10,0,1,9,10
458821,9,6,1,0,6,0,0,6,0,0,6,6
458821,9,6,2,0,6,0,0,6,0,0,6,6
458821,10,7,1,0,2,0,0,2,0,0,2,2
458821,10,7,2,0,2,0,0,2,0,0,2,2
458821,11,8,1,2,1,0,0,3,0,2,1,3
458821,11,8,2,2,1,0,0,3,0,2,1,3
458830,1,412,1,6,83,3,38,89,41,9,121,130
458830,1,112,2,6,83,3,38,89,41,9,121,130
458830,2,999,1,2,49,0,17,51,17,2,66,68
458830,2,999,2,2,49,0,17,51,17,2,66,68
458830,4,2,1,0,26,0,5,26,5,0,31,31
458830,4,2,2,0,26,0,5,26,5,0,31,31
458830,5,3,1,2,11,0,5,13,5,2,16,18
458830,5,3,2,2,11,0,5,13,5,2,16,18
458830,6,4,1,0,12,0,7,12,7,0,19,19
458830,6,4,2,0,12,0,7,12,7,0,19,19
458830,7,999,1,4,34,3,21,38,24,7,55,62
458830,7,999,2,4,34,3,21,38,24,7,55,62
458830,8,5,1,2,20,0,9,22,9,2,29,31
458830,8,5,2,2,20,0,9,22,9,2,29,31
458830,9,6,1,2,8,0,6,10,6,2,14,16
458830,9,6,2,2,8,0,6,10,6,2,14,16
458830,10,7,1,0,3,2,4,3,6,2,7,9
458830,10,7,2,0,3,2,4,3,6,2,7,9
458830,11,8,1,0,3,1,1,3,2,1,4,5
458830,11,8,2,0,3,1,1,3,2,1,4,5
458830,12,9,1,0,0,0,1,0,1,0,1,1
458830,12,9,2,0,0,0,1,0,1,0,1,1
458858,1,412,1,3,78,4,63,81,67,7,141,148
458858,1,112,2,3,78,4,63,81,67,7,141,148
458858,2,999,1,2,31,1,24,33,25,3,55,58
458858,2,999,2,2,31,1,24,33,25,3,55,58
458858,4,2,1,0,7,1,6,7,7,1,13,14
458858,4,2,2,0,7,1,6,7,7,1,13,14
458858,5,3,1,0,7,0,6,7,6,0,13,13
458858,5,3,2,0,7,0,6,7,6,0,13,13
458858,6,4,1,2,17,0,12,19,12,2,29,31
458858,6,4,2,2,17,0,12,19,12,2,29,31
458858,7,999,1,1,47,3,39,48,42,4,86,90
458858,7,999,2,1,47,3,39,48,42,4,86,90
458858,8,5,1,0,17,3,21,17,24,3,38,41
458858,8,5,2,0,17,3,21,17,24,3,38,41
458858,9,6,1,0,19,0,13,19,13,0,32,32
458858,9,6,2,0,19,0,13,19,13,0,32,32
458858,10,7,1,1,6,0,2,7,2,1,8,9
458858,10,7,2,1,6,0,2,7,2,1,8,9
458858,11,8,1,0,5,0,3,5,3,0,8,8
458858,11,8,2,0,5,0,3,5,3,0,8,8
458867,1,412,1,3,134,1,42,137,43,4,176,180
458867,1,112,2,3,134,1,42,137,43,4,176,180
458867,2,999,1,0,59,0,9,59,9,0,68,68
458867,2,999,2,0,59,0,9,59,9,0,68,68
458867,3,1,1,0,1,0,0,1,0,0,1,1
458867,3,1,2,0,1,0,0,1,0,0,1,1
458867,4,2,1,0,20,0,2,20,2,0,22,22
458867,4,2,2,0,20,0,2,20,2,0,22,22
458867,5,3,1,0,26,0,4,26,4,0,30,30
458867,5,3,2,0,26,0,4,26,4,0,30,30
458867,6,4,1,0,12,0,3,12,3,0,15,15
458867,6,4,2,0,12,0,3,12,3,0,15,15
458867,7,999,1,3,75,1,33,78,34,4,108,112
458867,7,999,2,3,75,1,33,78,34,4,108,112
458867,8,5,1,0,39,0,14,39,14,0,53,53
458867,8,5,2,0,39,0,14,39,14,0,53,53
458867,9,6,1,3,17,0,13,20,13,3,30,33
458867,9,6,2,3,17,0,13,20,13,3,30,33
458867,10,7,1,0,12,0,1,12,1,0,13,13
458867,10,7,2,0,12,0,1,12,1,0,13,13
458867,11,8,1,0,7,1,5,7,6,1,12,13
458867,11,8,2,0,7,1,5,7,6,1,12,13
459000,1,412,1,0,61,0,0,61,0,0,61,61
459000,1,112,2,0,61,0,0,61,0,0,61,61
459000,2,999,1,0,31,0,0,31,0,0,31,31
459000,2,999,2,0,31,0,0,31,0,0,31,31
459000,4,2,1,0,9,0,0,9,0,0,9,9
459000,4,2,2,0,9,0,0,9,0,0,9,9
459000,5,3,1,0,10,0,0,10,0,0,10,10
459000,5,3,2,0,10,0,0,10,0,0,10,10
459000,6,4,1,0,12,0,0,12,0,0,12,12
459000,6,4,2,0,12,0,0,12,0,0,12,12
459000,7,999,1,0,30,0,0,30,0,0,30,30
459000,7,999,2,0,30,0,0,30,0,0,30,30
459000,8,5,1,0,16,0,0,16,0,0,16,16
459000,8,5,2,0,16,0,0,16,0,0,16,16
459000,9,6,1,0,9,0,0,9,0,0,9,9
459000,9,6,2,0,9,0,0,9,0,0,9,9
459000,10,7,1,0,3,0,0,3,0,0,3,3
459000,10,7,2,0,3,0,0,3,0,0,3,3
459000,11,8,1,0,1,0,0,1,0,0,1,1
459000,11,8,2,0,1,0,0,1,0,0,1,1
459000,12,9,1,0,1,0,0,1,0,0,1,1
459000,12,9,2,0,1,0,0,1,0,0,1,1
459019,1,412,1,4,54,0,19,58,19,4,73,77
459019,1,112,2,4,54,0,19,58,19,4,73,77
459019,2,999,1,2,34,0,5,36,5,2,39,41
459019,2,999,2,2,34,0,5,36,5,2,39,41
459019,4,2,1,1,11,0,1,12,1,1,12,13
459019,4,2,2,1,11,0,1,12,1,1,12,13
459019,5,3,1,0,11,0,1,11,1,0,12,12
459019,5,3,2,0,11,0,1,11,1,0,12,12
459019,6,4,1,1,12,0,3,13,3,1,15,16
459019,6,4,2,1,12,0,3,13,3,1,15,16
459019,7,999,1,2,20,0,14,22,14,2,34,36
459019,7,999,2,2,20,0,14,22,14,2,34,36
459019,8,5,1,0,9,0,4,9,4,0,13,13
459019,8,5,2,0,9,0,4,9,4,0,13,13
459019,9,6,1,1,6,0,4,7,4,1,10,11
459019,9,6,2,1,6,0,4,7,4,1,10,11
459019,10,7,1,1,2,0,2,3,2,1,4,5
459019,10,7,2,1,2,0,2,3,2,1,4,5
459019,11,8,1,0,2,0,4,2,4,0,6,6
459019,11,8,2,0,2,0,4,2,4,0,6,6
459019,12,9,1,0,1,0,0,1,0,0,1,1
459019,12,9,2,0,1,0,0,1,0,0,1,1
459046,1,412,1,3,46,1,20,49,21,4,66,70
459046,1,112,2,3,46,1,20,49,21,4,66,70
459046,2,999,1,1,27,1,6,28,7,2,33,35
459046,2,999,2,1,27,1,6,28,7,2,33,35
459046,3,1,1,0,1,0,0,1,0,0,1,1
459046,3,1,2,0,1,0,0,1,0,0,1,1
459046,4,2,1,0,12,0,0,12,0,0,12,12
459046,4,2,2,0,12,0,0,12,0,0,12,12
459046,5,3,1,1,9,0,1,10,1,1,10,11
459046,5,3,2,1,9,0,1,10,1,1,10,11
459046,6,4,1,0,5,1,5,5,6,1,10,11
459046,6,4,2,0,5,1,5,5,6,1,10,11
459046,7,999,1,2,19,0,14,21,14,2,33,35
459046,7,999,2,2,19,0,14,21,14,2,33,35
459046,8,5,1,1,5,0,6,6,6,1,11,12
459046,8,5,2,1,5,0,6,6,6,1,11,12
459046,9,6,1,0,10,0,6,10,6,0,16,16
459046,9,6,2,0,10,0,6,10,6,0,16,16
459046,10,7,1,1,3,0,1,4,1,1,4,5
459046,10,7,2,1,3,0,1,4,1,1,4,5
459046,11,8,1,0,1,0,1,1,1,0,2,2
459046,11,8,2,0,1,0,1,1,1,0,2,2
459055,1,412,1,1,42,0,26,43,26,1,68,69
459055,1,112,2,1,42,0,26,43,26,1,68,69
459055,2,999,1,0,32,0,9,32,9,0,41,41
459055,2,999,2,0,32,0,9,32,9,0,41,41
459055,3,1,1,0,1,0,0,1,0,0,1,1
459055,3,1,2,0,1,0,0,1,0,0,1,1
459055,4,2,1,0,6,0,1,6,1,0,7,7
459055,4,2,2,0,6,0,1,6,1,0,7,7
459055,5,3,1,0,16,0,4,16,4,0,20,20
459055,5,3,2,0,16,0,4,16,4,0,20,20
459055,6,4,1,0,9,0,4,9,4,0,13,13
459055,6,4,2,0,9,0,4,9,4,0,13,13
459055,7,999,1,1,10,0,17,11,17,1,27,28
459055,7,999,2,1,10,0,17,11,17,1,27,28
459055,8,5,1,1,6,0,9,7,9,1,15,16
459055,8,5,2,1,6,0,9,7,9,1,15,16
459055,9,6,1,0,3,0,2,3,2,0,5,5
459055,9,6,2,0,3,0,2,3,2,0,5,5
459055,10,7,1,0,1,0,4,1,4,0,5,5
459055,10,7,2,0,1,0,4,1,4,0,5,5
459055,11,8,1,0,0,0,2,0,2,0,2,2
459055,11,8,2,0,0,0,2,0,2,0,2,2
459064,1,412,1,1,44,1,18,45,19,2,62,64
459064,1,112,2,1,44,1,18,45,19,2,62,64
459064,2,999,1,1,29,0,7,30,7,1,36,37
459064,2,999,2,1,29,0,7,30,7,1,36,37
459064,3,1,1,0,1,0,0,1,0,0,1,1
459064,3,1,2,0,1,0,0,1,0,0,1,1
459064,4,2,1,1,6,0,1,7,1,1,7,8
459064,4,2,2,1,6,0,1,7,1,1,7,8
459064,5,3,1,0,15,0,4,15,4,0,19,19
459064,5,3,2,0,15,0,4,15,4,0,19,19
459064,6,4,1,0,7,0,2,7,2,0,9,9
459064,6,4,2,0,7,0,2,7,2,0,9,9
459064,7,999,1,0,15,1,11,15,12,1,26,27
459064,7,999,2,0,15,1,11,15,12,1,26,27
459064,8,5,1,0,4,0,5,4,5,0,9,9
459064,8,5,2,0,4,0,5,4,5,0,9,9
459064,9,6,1,0,7,0,1,7,1,0,8,8
459064,9,6,2,0,7,0,1,7,1,0,8,8
459064,10,7,1,0,2,1,2,2,3,1,4,5
459064,10,7,2,0,2,1,2,2,3,1,4,5
459064,11,8,1,0,2,0,3,2,3,0,5,5
459064,11,8,2,0,2,0,3,2,3,0,5,5
459116,1,412,1,6,96,0,0,102,0,6,96,102
459116,1,112,2,6,96,0,0,102,0,6,96,102
459116,2,999,1,3,59,0,0,62,0,3,59,62
459116,2,999,2,3,59,0,0,62,0,3,59,62
459116,4,2,1,1,27,0,0,28,0,1,27,28
459116,4,2,2,1,27,0,0,28,0,1,27,28
459116,5,3,1,1,14,0,0,15,0,1,14,15
459116,5,3,2,1,14,0,0,15,0,1,14,15
459116,6,4,1,1,18,0,0,19,0,1,18,19
459116,6,4,2,1,18,0,0,19,0,1,18,19
459116,7,999,1,3,37,0,0,40,0,3,37,40
459116,7,999,2,3,37,0,0,40,0,3,37,40
459116,8,5,1,1,21,0,0,22,0,1,21,22
459116,8,5,2,1,21,0,0,22,0,1,21,22
459116,9,6,1,1,12,0,0,13,0,1,12,13
459116,9,6,2,1,12,0,0,13,0,1,12,13
459116,10,7,1,0,2,0,0,2,0,0,2,2
459116,10,7,2,0,2,0,0,2,0,0,2,2
459116,11,8,1,1,1,0,0,2,0,1,1,2
459116,11,8,2,1,1,0,0,2,0,1,1,2
459116,12,9,1,0,1,0,0,1,0,0,1,1
459116,12,9,2,0,1,0,0,1,0,0,1,1
459170,1,412,1,22,173,3,136,195,139,25,309,334
459170,1,112,2,22,173,3,136,195,139,25,309,334
459170,2,999,1,14,117,2,83,131,85,16,200,216
459170,2,999,2,14,117,2,83,131,85,16,200,216
459170,3,1,1,0,1,0,1,1,1,0,2,2
459170,3,1,2,0,1,0,1,1,1,0,2,2
459170,4,2,1,2,53,1,30,55,31,3,83,86
459170,4,2,2,2,53,1,30,55,31,3,83,86
459170,5,3,1,5,33,1,24,38,25,6,57,63
459170,5,3,2,5,33,1,24,38,25,6,57,63
459170,6,4,1,7,30,0,28,37,28,7,58,65
459170,6,4,2,7,30,0,28,37,28,7,58,65
459170,7,999,1,8,56,1,53,64,54,9,109,118
459170,7,999,2,8,56,1,53,64,54,9,109,118
459170,8,5,1,3,28,1,35,31,36,4,63,67
459170,8,5,2,3,28,1,35,31,36,4,63,67
459170,9,6,1,3,10,0,10,13,10,3,20,23
459170,9,6,2,3,10,0,10,13,10,3,20,23
459170,10,7,1,2,8,0,6,10,6,2,14,16
459170,10,7,2,2,8,0,6,10,6,2,14,16
459170,11,8,1,0,8,0,1,8,1,0,9,9
459170,11,8,2,0,8,0,1,8,1,0,9,9
459170,12,9,1,0,2,0,1,2,1,0,3,3
459170,12,9,2,0,2,0,1,2,1,0,3,3
459198,1,412,1,47,177,6,73,224,79,53,250,303
459198,1,112,2,47,177,6,73,224,79,53,250,303
459198,2,999,1,28,120,6,43,148,49,34,163,197
459198,2,999,2,28,120,6,43,148,49,34,163,197
459198,3,1,1,0,1,0,0,1,0,0,1,1
459198,3,1,2,0,1,0,0,1,0,0,1,1
459198,4,2,1,13,46,1,12,59,13,14,58,72
459198,4,2,2,13,46,1,12,59,13,14,58,72
459198,5,3,1,5,37,2,17,42,19,7,54,61
459198,5,3,2,5,37,2,17,42,19,7,54,61
459198,6,4,1,10,36,3,14,46,17,13,50,63
459198,6,4,2,10,36,3,14,46,17,13,50,63
459198,7,999,1,19,57,0,30,76,30,19,87,106
459198,7,999,2,19,57,0,30,76,30,19,87,106
459198,8,5,1,9,35,0,16,44,16,9,51,60
459198,8,5,2,9,35,0,16,44,16,9,51,60
459198,9,6,1,3,11,0,7,14,7,3,18,21
459198,9,6,2,3,11,0,7,14,7,3,18,21
459198,10,7,1,5,8,0,5,13,5,5,13,18
459198,10,7,2,5,8,0,5,13,5,5,13,18
459198,11,8,1,1,3,0,2,4,2,1,5,6
459198,11,8,2,1,3,0,2,4,2,1,5,6
459198,12,9,1,1,0,0,0,1,0,1,0,1
459198,12,9,2,1,0,0,0,1,0,1,0,1
459286,1,412,1,38,156,0,13,194,13,38,169,207
459286,1,112,2,38,156,0,13,194,13,38,169,207
459286,2,999,1,16,86,0,5,102,5,16,91,107
459286,2,999,2,16,86,0,5,102,5,16,91,107
459286,4,2,1,3,24,0,1,27,1,3,25,28
459286,4,2,2,3,24,0,1,27,1,3,25,28
459286,5,3,1,7,29,0,3,36,3,7,32,39
459286,5,3,2,7,29,0,3,36,3,7,32,39
459286,6,4,1,6,33,0,1,39,1,6,34,40
459286,6,4,2,6,33,0,1,39,1,6,34,40
459286,7,999,1,22,70,0,8,92,8,22,78,100
459286,7,999,2,22,70,0,8,92,8,22,78,100
459286,8,5,1,4,35,0,5,39,5,4,40,44
459286,8,5,2,4,35,0,5,39,5,4,40,44
459286,9,6,1,10,13,0,1,23,1,10,14,24
459286,9,6,2,10,13,0,1,23,1,10,14,24
459286,10,7,1,5,13,0,2,18,2,5,15,20
459286,10,7,2,5,13,0,2,18,2,5,15,20
459286,11,8,1,3,7,0,0,10,0,3,7,10
459286,11,8,2,3,7,0,0,10,0,3,7,10
459286,12,9,1,0,2,0,0,2,0,0,2,2
459286,12,9,2,0,2,0,0,2,0,0,2,2
459301,1,412,1,4,91,3,16,95,19,7,107,114
459301,1,112,2,4,91,3,16,95,19,7,107,114
459301,2,999,1,1,58,1,9,59,10,2,67,69
459301,2,999,2,1,58,1,9,59,10,2,67,69
459301,4,2,1,0,28,0,2,28,2,0,30,30
459301,4,2,2,0,28,0,2,28,2,0,30,30
459301,5,3,1,1,17,0,4,18,4,1,21,22
459301,5,3,2,1,17,0,4,18,4,1,21,22
459301,6,4,1,0,13,1,3,13,4,1,16,17
459301,6,4,2,0,13,1,3,13,4,1,16,17
459301,7,999,1,3,33,2,7,36,9,5,40,45
459301,7,999,2,3,33,2,7,36,9,5,40,45
459301,8,5,1,1,12,1,7,13,8,2,19,21
459301,8,5,2,1,12,1,7,13,8,2,19,21
459301,9,6,1,2,7,0,0,9,0,2,7,9
459301,9,6,2,2,7,0,0,9,0,2,7,9
459301,10,7,1,0,8,1,0,8,1,1,8,9
459301,10,7,2,0,8,1,0,8,1,1,8,9
459301,11,8,1,0,4,0,0,4,0,0,4,4
459301,11,8,2,0,4,0,0,4,0,0,4,4
459301,12,9,1,0,2,0,0,2,0,0,2,2
459301,12,9,2,0,2,0,0,2,0,0,2,2
459392,1,412,1,0,102,1,60,102,61,1,162,163
459392,1,112,2,0,102,1,60,102,61,1,162,163
459392,2,999,1,0,83,0,39,83,39,0,122,122
459392,2,999,2,0,83,0,39,83,39,0,122,122
459392,3,1,1,0,2,0,1,2,1,0,3,3
459392,3,1,2,0,2,0,1,2,1,0,3,3
459392,4,2,1,0,40,0,12,40,12,0,52,52
459392,4,2,2,0,40,0,12,40,12,0,52,52
459392,5,3,1,0,34,0,16,34,16,0,50,50
459392,5,3,2,0,34,0,16,34,16,0,50,50
459392,6,4,1,0,7,0,10,7,10,0,17,17
459392,6,4,2,0,7,0,10,7,10,0,17,17
459392,7,999,1,0,19,1,21,19,22,1,40,41
459392,7,999,2,0,19,1,21,19,22,1,40,41
459392,8,5,1,0,10,0,9,10,9,0,19,19
459392,8,5,2,0,10,0,9,10,9,0,19,19
459392,9,6,1,0,5,0,5,5,5,0,10,10
459392,9,6,2,0,5,0,5,5,5,0,10,10
459392,10,7,1,0,2,1,4,2,5,1,6,7
459392,10,7,2,0,2,1,4,2,5,1,6,7
459392,11,8,1,0,2,0,3,2,3,0,5,5
459392,11,8,2,0,2,0,3,2,3,0,5,5
459417,1,412,1,44,15,11,2,59,13,55,17,72
459417,1,112,2,44,15,11,2,59,13,55,17,72
459417,2,999,1,43,12,11,1,55,12,54,13,67
459417,2,999,2,43,12,11,1,55,12,54,13,67
459417,4,2,1,12,1,1,0,13,1,13,1,14
459417,4,2,2,12,1,1,0,13,1,13,1,14
459417,5,3,1,25,3,5,0,28,5,30,3,33
459417,5,3,2,25,3,5,0,28,5,30,3,33
459417,6,4,1,6,8,5,1,14,6,11,9,20
459417,6,4,2,6,8,5,1,14,6,11,9,20
459417,7,999,1,1,3,0,1,4,1,1,4,5
459417,7,999,2,1,3,0,1,4,1,1,4,5
459417,8,5,1,0,2,0,0,2,0,0,2,2
459417,8,5,2,0,2,0,0,2,0,0,2,2
459417,9,6,1,1,0,0,1,1,1,1,1,2
459417,9,6,2,1,0,0,1,1,1,1,1,2
459417,10,7,1,0,1,0,0,1,0,0,1,1
459417,10,7,2,0,1,0,0,1,0,0,1,1
459550,1,412,1,2,119,0,12,121,12,2,131,133
459550,1,112,2,2,119,0,12,121,12,2,131,133
459550,2,999,1,1,79,0,4,80,4,1,83,84
459550,2,999,2,1,79,0,4,80,4,1,83,84
459550,4,2,1,0,16,0,0,16,0,0,16,16
459550,4,2,2,0,16,0,0,16,0,0,16,16
459550,5,3,1,1,33,0,1,34,1,1,34,35
459550,5,3,2,1,33,0,1,34,1,1,34,35
459550,6,4,1,0,30,0,3,30,3,0,33,33
459550,6,4,2,0,30,0,3,30,3,0,33,33
459550,7,999,1,1,40,0,8,41,8,1,48,49
459550,7,999,2,1,40,0,8,41,8,1,48,49
459550,8,5,1,1,21,0,5,22,5,1,26,27
459550,8,5,2,1,21,0,5,22,5,1,26,27
459550,9,6,1,0,10,0,2,10,2,0,12,12
459550,9,6,2,0,10,0,2,10,2,0,12,12
459550,10,7,1,0,3,0,1,3,1,0,4,4
459550,10,7,2,0,3,0,1,3,1,0,4,4
459550,11,8,1,0,6,0,0,6,0,0,6,6
459550,11,8,2,0,6,0,0,6,0,0,6,6
459578,1,412,1,7,50,10,24,57,34,17,74,91
459578,1,112,2,7,50,10,24,57,34,17,74,91
459578,2,999,1,4,33,2,13,37,15,6,46,52
459578,2,999,2,4,33,2,13,37,15,6,46,52
459578,4,2,1,2,17,1,1,19,2,3,18,21
459578,4,2,2,2,17,1,1,19,2,3,18,21
459578,5,3,1,1,10,0,4,11,4,1,14,15
459578,5,3,2,1,10,0,4,11,4,1,14,15
459578,6,4,1,1,6,1,8,7,9,2,14,16
459578,6,4,2,1,6,1,8,7,9,2,14,16
459578,7,999,1,3,17,8,11,20,19,11,28,39
459578,7,999,2,3,17,8,11,20,19,11,28,39
459578,8,5,1,2,7,0,7,9,7,2,14,16
459578,8,5,2,2,7,0,7,9,7,2,14,16
459578,9,6,1,1,6,3,2,7,5,4,8,12
459578,9,6,2,1,6,3,2,7,5,4,8,12
459578,10,7,1,0,3,3,2,3,5,3,5,8
459578,10,7,2,0,3,3,2,3,5,3,5,8
459578,11,8,1,0,1,2,0,1,2,2,1,3
459578,11,8,2,0,1,2,0,1,2,2,1,3
460349,1,412,1,179,457,422,1094,636,1516,601,1551,2152
460349,1,112,2,108,311,265,634,419,899,373,945,1318
460349,1,312,5,71,146,157,460,217,617,228,606,834
460349,2,999,1,62,240,79,310,302,389,141,550,691
460349,2,999,2,37,167,52,183,204,235,89,350,439
460349,2,999,5,25,73,27,127,98,154,52,200,252
460349,4,2,1,9,10,9,5,19,14,18,15,33
460349,4,2,2,9,10,9,5,19,14,18,15,33
460349,5,3,1,18,102,24,78,120,102,42,180,222
460349,5,3,2,14,82,23,67,96,90,37,149,186
460349,5,3,5,4,20,1,11,24,12,5,31,36
460349,6,4,1,35,128,46,227,163,273,81,355,436
460349,6,4,2,14,75,20,111,89,131,34,186,220
460349,6,4,5,21,53,26,116,74,142,47,169,216
460349,7,999,1,117,217,339,778,334,1117,456,995,1451
460349,7,999,2,71,144,211,447,215,658,282,591,873
460349,7,999,5,46,73,128,331,119,459,174,404,578
460349,8,5,1,31,97,103,307,128,410,134,404,538
460349,8,5,2,21,68,66,158,89,224,87,226,313
460349,8,5,5,10,29,37,149,39,186,47,178,225
460349,9,6,1,27,48,81,150,75,231,108,198,306
460349,9,6,2,22,35,52,97,57,149,74,132,206
460349,9,6,5,5,13,29,53,18,82,34,66,100
460349,10,7,1,19,29,50,137,48,187,69,166,235
460349,10,7,2,8,16,33,88,24,121,41,104,145
460349,10,7,5,11,13,17,49,24,66,28,62,90
460349,11,8,1,28,26,74,124,54,198,102,150,252
460349,11,8,2,15,19,43,73,34,116,58,92,150
460349,11,8,5,13,7,31,51,20,82,44,58,102
460349,12,9,1,12,17,30,58,29,88,42,75,117
460349,12,9,2,5,6,17,30,11,47,22,36,58
460349,12,9,5,7,11,13,28,18,41,20,39,59
460349,13,10,1,0,0,1,2,0,3,1,2,3
460349,13,10,2,0,0,0,1,0,1,0,1,1
460349,13,10,5,0,0,1,1,0,2,1,1,2
460349,14,11,1,0,0,4,6,0,10,4,6,10
460349,14,11,2,0,0,2,4,0,6,2,4,6
460349,14,11,5,0,0,2,2,0,4,2,2,4
460385,1,412,1,4,49,0,0,53,0,4,49,53
460385,1,112,2,4,49,0,0,53,0,4,49,53
460385,2,999,1,2,26,0,0,28,0,2,26,28
460385,2,999,2,2,26,0,0,28,0,2,26,28
460385,4,2,1,1,8,0,0,9,0,1,8,9
460385,4,2,2,1,8,0,0,9,0,1,8,9
460385,5,3,1,0,9,0,0,9,0,0,9,9
460385,5,3,2,0,9,0,0,9,0,0,9,9
460385,6,4,1,1,9,0,0,10,0,1,9,10
460385,6,4,2,1,9,0,0,10,0,1,9,10
460385,7,999,1,2,19,0,0,21,0,2,19,21
460385,7,999,2,2,19,0,0,21,0,2,19,21
460385,8,5,1,1,8,0,0,9,0,1,8,9
460385,8,5,2,1,8,0,0,9,0,1,8,9
460385,9,6,1,1,7,0,0,8,0,1,7,8
460385,9,6,2,1,7,0,0,8,0,1,7,8
460385,10,7,1,0,1,0,0,1,0,0,1,1
460385,10,7,2,0,1,0,0,1,0,0,1,1
460385,11,8,1,0,1,0,0,1,0,0,1,1
460385,11,8,2,0,1,0,0,1,0,0,1,1
460385,12,9,1,0,2,0,0,2,0,0,2,2
460385,12,9,2,0,2,0,0,2,0,0,2,2
460385,14,11,1,0,4,0,0,4,0,0,4,4
460385,14,11,2,0,4,0,0,4,0,0,4,4
460394,1,412,1,666,1166,2891,4435,1832,7326,3557,5601,9158
460394,1,112,2,666,1166,2891,4435,1832,7326,3557,5601,9158
460394,2,999,1,548,883,1803,2726,1431,4529,2351,3609,5960
460394,2,999,2,548,883,1803,2726,1431,4529,2351,3609,5960
460394,3,1,1,25,42,285,397,67,682,310,439,749
460394,3,1,2,25,42,285,397,67,682,310,439,749
460394,4,2,1,298,500,532,760,798,1292,830,1260,2090
460394,4,2,2,298,500,532,760,798,1292,830,1260,2090
460394,5,3,1,124,211,533,804,335,1337,657,1015,1672
460394,5,3,2,124,211,533,804,335,1337,657,1015,1672
460394,6,4,1,101,130,453,765,231,1218,554,895,1449
460394,6,4,2,101,130,453,765,231,1218,554,895,1449
460394,7,999,1,118,283,1088,1709,401,2797,1206,1992,3198
460394,7,999,2,118,283,1088,1709,401,2797,1206,1992,3198
460394,8,5,1,63,120,369,680,183,1049,432,800,1232
460394,8,5,2,63,120,369,680,183,1049,432,800,1232
460394,9,6,1,30,84,249,407,114,656,279,491,770
460394,9,6,2,30,84,249,407,114,656,279,491,770
460394,10,7,1,13,38,164,274,51,438,177,312,489
460394,10,7,2,13,38,164,274,51,438,177,312,489
460394,11,8,1,8,32,205,262,40,467,213,294,507
460394,11,8,2,8,32,205,262,40,467,213,294,507
460394,12,9,1,4,7,96,81,11,177,100,88,188
460394,12,9,2,4,7,96,81,11,177,100,88,188
460394,13,10,1,0,2,5,5,2,10,5,7,12
460394,13,10,2,0,2,5,5,2,10,5,7,12
460464,1,412,1,1116,1088,3328,4729,2204,8057,4444,5817,10261
460464,1,112,2,1116,1088,3328,4729,2204,8057,4444,5817,10261
460464,2,999,1,867,887,2398,3095,1754,5493,3265,3982,7247
460464,2,999,2,867,887,2398,3095,1754,5493,3265,3982,7247
460464,3,1,1,48,60,393,795,108,1188,441,855,1296
460464,3,1,2,48,60,393,795,108,1188,441,855,1296
460464,4,2,1,504,522,681,650,1026,1331,1185,1172,2357
460464,4,2,2,504,522,681,650,1026,1331,1185,1172,2357
460464,5,3,1,190,210,680,868,400,1548,870,1078,1948
460464,5,3,2,190,210,680,868,400,1548,870,1078,1948
460464,6,4,1,125,95,644,782,220,1426,769,877,1646
460464,6,4,2,125,95,644,782,220,1426,769,877,1646
460464,7,999,1,249,201,930,1634,450,2564,1179,1835,3014
460464,7,999,2,249,201,930,1634,450,2564,1179,1835,3014
460464,8,5,1,89,99,412,645,188,1057,501,744,1245
460464,8,5,2,89,99,412,645,188,1057,501,744,1245
460464,9,6,1,51,39,211,399,90,610,262,438,700
460464,9,6,2,51,39,211,399,90,610,262,438,700
460464,10,7,1,42,25,128,223,67,351,170,248,418
460464,10,7,2,42,25,128,223,67,351,170,248,418
460464,11,8,1,49,27,117,248,76,365,166,275,441
460464,11,8,2,49,27,117,248,76,365,166,275,441
460464,12,9,1,17,11,57,114,28,171,74,125,199
460464,12,9,2,17,11,57,114,28,171,74,125,199
460464,13,10,1,1,0,5,5,1,10,6,5,11
460464,13,10,2,1,0,5,5,1,10,6,5,11
460677,1,412,1,79,213,18,36,292,54,97,249,346
460677,1,112,2,79,213,18,36,292,54,97,249,346
460677,2,999,1,55,110,12,18,165,30,67,128,195
460677,2,999,2,55,110,12,18,165,30,67,128,195
460677,3,1,1,1,2,0,0,3,0,1,2,3
460677,3,1,2,1,2,0,0,3,0,1,2,3
460677,4,2,1,23,45,3,2,68,5,26,47,73
460677,4,2,2,23,45,3,2,68,5,26,47,73
460677,5,3,1,21,34,3,9,55,12,24,43,67
460677,5,3,2,21,34,3,9,55,12,24,43,67
460677,6,4,1,10,29,6,7,39,13,16,36,52
460677,6,4,2,10,29,6,7,39,13,16,36,52
460677,7,999,1,24,101,6,18,125,24,30,119,149
460677,7,999,2,24,101,6,18,125,24,30,119,149
460677,8,5,1,5,24,4,7,29,11,9,31,40
460677,8,5,2,5,24,4,7,29,11,9,31,40
460677,9,6,1,6,26,1,4,32,5,7,30,37
460677,9,6,2,6,26,1,4,32,5,7,30,37
460677,10,7,1,3,20,0,3,23,3,3,23,26
460677,10,7,2,3,20,0,3,23,3,3,23,26
460677,11,8,1,7,21,1,2,28,3,8,23,31
460677,11,8,2,7,21,1,2,28,3,8,23,31
460677,12,9,1,3,9,0,2,12,2,3,11,14
460677,12,9,2,3,9,0,2,12,2,3,11,14
460677,13,10,1,0,1,0,0,1,0,0,1,1
460677,13,10,2,0,1,0,0,1,0,0,1,1
460677,14,11,1,0,2,0,0,2,0,0,2,2
460677,14,11,2,0,2,0,0,2,0,0,2,2
460783,1,412,1,39,305,0,0,344,0,39,305,344
460783,1,112,2,39,305,0,0,344,0,39,305,344
460783,2,999,1,9,76,0,0,85,0,9,76,85
460783,2,999,2,9,76,0,0,85,0,9,76,85
460783,4,2,1,1,6,0,0,7,0,1,6,7
460783,4,2,2,1,6,0,0,7,0,1,6,7
460783,5,3,1,3,26,0,0,29,0,3,26,29
460783,5,3,2,3,26,0,0,29,0,3,26,29
460783,6,4,1,5,44,0,0,49,0,5,44,49
460783,6,4,2,5,44,0,0,49,0,5,44,49
460783,7,999,1,30,214,0,0,244,0,30,214,244
460783,7,999,2,30,214,0,0,244,0,30,214,244
460783,8,5,1,9,87,0,0,96,0,9,87,96
460783,8,5,2,9,87,0,0,96,0,9,87,96
460783,9,6,1,7,57,0,0,64,0,7,57,64
460783,9,6,2,7,57,0,0,64,0,7,57,64
460783,10,7,1,6,30,0,0,36,0,6,30,36
460783,10,7,2,6,30,0,0,36,0,6,30,36
460783,11,8,1,6,34,0,0,40,0,6,34,40
460783,11,8,2,6,34,0,0,40,0,6,34,40
460783,12,9,1,1,6,0,0,7,0,1,6,7
460783,12,9,2,1,6,0,0,7,0,1,6,7
460783,13,10,1,1,0,0,0,1,0,1,0,1
460783,13,10,2,1,0,0,0,1,0,1,0,1
460783,14,11,1,0,15,0,0,15,0,0,15,15
460783,14,11,2,0,15,0,0,15,0,0,15,15
460862,1,412,1,14,136,8,129,150,137,22,265,287
460862,1,112,2,14,136,8,129,150,137,22,265,287
460862,2,999,1,5,65,3,62,70,65,8,127,135
460862,2,999,2,5,65,3,62,70,65,8,127,135
460862,4,2,1,0,24,1,16,24,17,1,40,41
460862,4,2,2,0,24,1,16,24,17,1,40,41
460862,5,3,1,2,18,1,19,20,20,3,37,40
460862,5,3,2,2,18,1,19,20,20,3,37,40
460862,6,4,1,3,23,1,27,26,28,4,50,54
460862,6,4,2,3,23,1,27,26,28,4,50,54
460862,7,999,1,9,71,5,67,80,72,14,138,152
460862,7,999,2,9,71,5,67,80,72,14,138,152
460862,8,5,1,3,35,2,38,38,40,5,73,78
460862,8,5,2,3,35,2,38,38,40,5,73,78
460862,9,6,1,3,23,1,13,26,14,4,36,40
460862,9,6,2,3,23,1,13,26,14,4,36,40
460862,10,7,1,0,6,0,11,6,11,0,17,17
460862,10,7,2,0,6,0,11,6,11,0,17,17
460862,11,8,1,2,6,2,4,8,6,4,10,14
460862,11,8,2,2,6,2,4,8,6,4,10,14
460862,12,9,1,1,1,0,1,2,1,1,2,3
460862,12,9,2,1,1,0,1,2,1,1,2,3
460871,1,412,1,20,201,37,364,221,401,57,565,622
460871,1,112,2,20,201,37,364,221,401,57,565,622
460871,2,999,1,3,47,5,89,50,94,8,136,144
460871,2,999,2,3,47,5,89,50,94,8,136,144
460871,3,1,1,0,1,0,1,1,1,0,2,2
460871,3,1,2,0,1,0,1,1,1,0,2,2
460871,4,2,1,0,1,0,3,1,3,0,4,4
460871,4,2,2,0,1,0,3,1,3,0,4,4
460871,5,3,1,0,8,1,20,8,21,1,28,29
460871,5,3,2,0,8,1,20,8,21,1,28,29
460871,6,4,1,3,37,4,65,40,69,7,102,109
460871,6,4,2,3,37,4,65,40,69,7,102,109
460871,7,999,1,17,154,32,275,171,307,49,429,478
460871,7,999,2,17,154,32,275,171,307,49,429,478
460871,8,5,1,8,66,3,114,74,117,11,180,191
460871,8,5,2,8,66,3,114,74,117,11,180,191
460871,9,6,1,3,36,9,65,39,74,12,101,113
460871,9,6,2,3,36,9,65,39,74,12,101,113
460871,10,7,1,3,32,5,38,35,43,8,70,78
460871,10,7,2,3,32,5,38,35,43,8,70,78
460871,11,8,1,3,15,9,50,18,59,12,65,77
460871,11,8,2,3,15,9,50,18,59,12,65,77
460871,12,9,1,0,5,6,8,5,14,6,13,19
460871,12,9,2,0,5,6,8,5,14,6,13,19
461139,1,412,1,16,48,0,0,64,0,16,48,64
461139,1,312,5,16,48,0,0,64,0,16,48,64
461139,2,999,1,0,2,0,0,2,0,0,2,2
461139,2,999,5,0,2,0,0,2,0,0,2,2
461139,6,4,1,0,2,0,0,2,0,0,2,2
461139,6,4,5,0,2,0,0,2,0,0,2,2
461139,7,999,1,16,46,0,0,62,0,16,46,62
461139,7,999,5,16,46,0,0,62,0,16,46,62
461139,8,5,1,2,8,0,0,10,0,2,8,10
461139,8,5,5,2,8,0,0,10,0,2,8,10
461139,9,6,1,2,9,0,0,11,0,2,9,11
461139,9,6,5,2,9,0,0,11,0,2,9,11
461139,10,7,1,2,12,0,0,14,0,2,12,14
461139,10,7,5,2,12,0,0,14,0,2,12,14
461139,11,8,1,7,10,0,0,17,0,7,10,17
461139,11,8,5,7,10,0,0,17,0,7,10,17
461139,12,9,1,3,6,0,0,9,0,3,6,9
461139,12,9,5,3,6,0,0,9,0,3,6,9
461139,13,10,1,0,1,0,0,1,0,0,1,1
461139,13,10,5,0,1,0,0,1,0,0,1,1
461193,1,412,1,8,239,0,14,247,14,8,253,261
461193,1,112,2,8,239,0,14,247,14,8,253,261
461193,2,999,1,8,200,0,8,208,8,8,208,216
461193,2,999,2,8,200,0,8,208,8,8,208,216
461193,4,2,1,3,101,0,1,104,1,3,102,105
461193,4,2,2,3,101,0,1,104,1,3,102,105
461193,5,3,1,2,66,0,4,68,4,2,70,72
461193,5,3,2,2,66,0,4,68,4,2,70,72
461193,6,4,1,3,33,0,3,36,3,3,36,39
461193,6,4,2,3,33,0,3,36,3,3,36,39
461193,7,999,1,0,39,0,6,39,6,0,45,45
461193,7,999,2,0,39,0,6,39,6,0,45,45
461193,8,5,1,0,21,0,4,21,4,0,25,25
461193,8,5,2,0,21,0,4,21,4,0,25,25
461193,9,6,1,0,14,0,1,14,1,0,15,15
461193,9,6,2,0,14,0,1,14,1,0,15,15
461193,10,7,1,0,3,0,1,3,1,0,4,4
461193,10,7,2,0,3,0,1,3,1,0,4,4
461193,11,8,1,0,1,0,0,1,0,0,1,1
461193,11,8,2,0,1,0,0,1,0,0,1,1
461272,1,412,1,0,32,0,33,32,33,0,65,65
461272,1,112,2,0,32,0,33,32,33,0,65,65
461272,2,999,1,0,22,0,23,22,23,0,45,45
461272,2,999,2,0,22,0,23,22,23,0,45,45
461272,3,1,1,0,4,0,0,4,0,0,4,4
461272,3,1,2,0,4,0,0,4,0,0,4,4
461272,4,2,1,0,4,0,8,4,8,0,12,12
461272,4,2,2,0,4,0,8,4,8,0,12,12
461272,5,3,1,0,7,0,5,7,5,0,12,12
461272,5,3,2,0,7,0,5,7,5,0,12,12
461272,6,4,1,0,7,0,10,7,10,0,17,17
461272,6,4,2,0,7,0,10,7,10,0,17,17
461272,7,999,1,0,10,0,10,10,10,0,20,20
461272,7,999,2,0,10,0,10,10,10,0,20,20
461272,8,5,1,0,5,0,4,5,4,0,9,9
461272,8,5,2,0,5,0,4,5,4,0,9,9
461272,9,6,1,0,1,0,4,1,4,0,5,5
461272,9,6,2,0,1,0,4,1,4,0,5,5
461272,10,7,1,0,2,0,1,2,1,0,3,3
461272,10,7,2,0,2,0,1,2,1,0,3,3
461272,11,8,1,0,2,0,0,2,0,0,2,2
461272,11,8,2,0,2,0,0,2,0,0,2,2
461272,12,9,1,0,0,0,1,0,1,0,1,1
461272,12,9,2,0,0,0,1,0,1,0,1,1
461379,1,412,1,0,0,7,26,0,33,7,26,33
461379,1,112,2,0,0,7,26,0,33,7,26,33
461379,2,999,1,0,0,1,5,0,6,1,5,6
461379,2,999,2,0,0,1,5,0,6,1,5,6
461379,5,3,1,0,0,1,3,0,4,1,3,4
461379,5,3,2,0,0,1,3,0,4,1,3,4
461379,6,4,1,0,0,0,2,0,2,0,2,2
461379,6,4,2,0,0,0,2,0,2,0,2,2
461379,7,999,1,0,0,6,21,0,27,6,21,27
461379,7,999,2,0,0,6,21,0,27,6,21,27
461379,8,5,1,0,0,1,4,0,5,1,4,5
461379,8,5,2,0,0,1,4,0,5,1,4,5
461379,9,6,1,0,0,0,11,0,11,0,11,11
461379,9,6,2,0,0,0,11,0,11,0,11,11
461379,10,7,1,0,0,4,4,0,8,4,4,8
461379,10,7,2,0,0,4,4,0,8,4,4,8
461379,11,8,1,0,0,1,0,0,1,1,0,1
461379,11,8,2,0,0,1,0,0,1,1,0,1
461379,12,9,1,0,0,0,2,0,2,0,2,2
461379,12,9,2,0,0,0,2,0,2,0,2,2
461388,1,412,1,16,39,0,0,55,0,16,39,55
461388,1,112,2,16,39,0,0,55,0,16,39,55
461388,2,999,1,6,24,0,0,30,0,6,24,30
461388,2,999,2,6,24,0,0,30,0,6,24,30
461388,4,2,1,1,9,0,0,10,0,1,9,10
461388,4,2,2,1,9,0,0,10,0,1,9,10
461388,5,3,1,2,12,0,0,14,0,2,12,14
461388,5,3,2,2,12,0,0,14,0,2,12,14
461388,6,4,1,3,3,0,0,6,0,3,3,6
461388,6,4,2,3,3,0,0,6,0,3,3,6
461388,7,999,1,10,15,0,0,25,0,10,15,25
461388,7,999,2,10,15,0,0,25,0,10,15,25
461388,8,5,1,4,6,0,0,10,0,4,6,10
461388,8,5,2,4,6,0,0,10,0,4,6,10
461388,9,6,1,5,2,0,0,7,0,5,2,7
461388,9,6,2,5,2,0,0,7,0,5,2,7
461388,10,7,1,1,2,0,0,3,0,1,2,3
461388,10,7,2,1,2,0,0,3,0,1,2,3
461388,11,8,1,0,4,0,0,4,0,0,4,4
461388,11,8,2,0,4,0,0,4,0,0,4,4
461388,12,9,1,0,1,0,0,1,0,0,1,1
461388,12,9,2,0,1,0,0,1,0,0,1,1
461412,1,412,1,0,0,36,116,0,152,36,116,152
461412,1,112,2,0,0,36,116,0,152,36,116,152
461412,2,999,1,0,0,5,23,0,28,5,23,28
461412,2,999,2,0,0,5,23,0,28,5,23,28
461412,4,2,1,0,0,0,2,0,2,0,2,2
461412,4,2,2,0,0,0,2,0,2,0,2,2
461412,5,3,1,0,0,2,5,0,7,2,5,7
461412,5,3,2,0,0,2,5,0,7,2,5,7
461412,6,4,1,0,0,3,16,0,19,3,16,19
461412,6,4,2,0,0,3,16,0,19,3,16,19
461412,7,999,1,0,0,31,93,0,124,31,93,124
461412,7,999,2,0,0,31,93,0,124,31,93,124
461412,8,5,1,0,0,10,31,0,41,10,31,41
461412,8,5,2,0,0,10,31,0,41,10,31,41
461412,9,6,1,0,0,5,16,0,21,5,16,21
461412,9,6,2,0,0,5,16,0,21,5,16,21
461412,10,7,1,0,0,5,13,0,18,5,13,18
461412,10,7,2,0,0,5,13,0,18,5,13,18
461412,11,8,1,0,0,6,22,0,28,6,22,28
461412,11,8,2,0,0,6,22,0,28,6,22,28
461412,12,9,1,0,0,4,11,0,15,4,11,15
461412,12,9,2,0,0,4,11,0,15,4,11,15
461412,13,10,1,0,0,1,0,0,1,1,0,1
461412,13,10,2,0,0,1,0,0,1,1,0,1
461421,1,412,1,9,179,0,0,188,0,9,179,188
461421,1,112,2,9,179,0,0,188,0,9,179,188
461421,2,999,1,5,129,0,0,134,0,5,129,134
461421,2,999,2,5,129,0,0,134,0,5,129,134
461421,4,2,1,2,51,0,0,53,0,2,51,53
461421,4,2,2,2,51,0,0,53,0,2,51,53
461421,5,3,1,2,59,0,0,61,0,2,59,61
461421,5,3,2,2,59,0,0,61,0,2,59,61
461421,6,4,1,1,19,0,0,20,0,1,19,20
461421,6,4,2,1,19,0,0,20,0,1,19,20
461421,7,999,1,4,50,0,0,54,0,4,50,54
461421,7,999,2,4,50,0,0,54,0,4,50,54
461421,8,5,1,1,34,0,0,35,0,1,34,35
461421,8,5,2,1,34,0,0,35,0,1,34,35
461421,9,6,1,2,11,0,0,13,0,2,11,13
461421,9,6,2,2,11,0,0,13,0,2,11,13
461421,10,7,1,0,3,0,0,3,0,0,3,3
461421,10,7,2,0,3,0,0,3,0,0,3,3
461421,11,8,1,1,2,0,0,3,0,1,2,3
461421,11,8,2,1,2,0,0,3,0,1,2,3
461485,1,412,1,37,11,75,13,48,88,112,24,136
461485,1,312,5,37,11,75,13,48,88,112,24,136
461485,2,999,1,4,2,4,1,6,5,8,3,11
461485,2,999,5,4,2,4,1,6,5,8,3,11
461485,4,2,1,0,0,0,1,0,1,0,1,1
461485,4,2,5,0,0,0,1,0,1,0,1,1
461485,6,4,1,4,2,4,0,6,4,8,2,10
461485,6,4,5,4,2,4,0,6,4,8,2,10
461485,7,999,1,33,9,71,12,42,83,104,21,125
461485,7,999,5,33,9,71,12,42,83,104,21,125
461485,8,5,1,11,4,18,1,15,19,29,5,34
461485,8,5,5,11,4,18,1,15,19,29,5,34
461485,9,6,1,4,1,18,2,5,20,22,3,25
461485,9,6,5,4,1,18,2,5,20,22,3,25
461485,10,7,1,3,0,12,0,3,12,15,0,15
461485,10,7,5,3,0,12,0,3,12,15,0,15
461485,11,8,1,6,2,10,1,8,11,16,3,19
461485,11,8,5,6,2,10,1,8,11,16,3,19
461485,12,9,1,7,2,10,6,9,16,17,8,25
461485,12,9,5,7,2,10,6,9,16,17,8,25
461485,13,10,1,2,0,3,2,2,5,5,2,7
461485,13,10,5,2,0,3,2,2,5,5,2,7
461528,1,412,1,39,47,89,72,86,161,128,119,247
461528,1,112,2,30,43,61,53,73,114,91,96,187
461528,1,312,5,9,4,28,19,13,47,37,23,60
461528,2,999,1,12,21,18,10,33,28,30,31,61
461528,2,999,2,12,20,16,9,32,25,28,29,57
461528,2,999,5,0,1,2,1,1,3,2,2,4
461528,3,1,1,0,0,2,0,0,2,2,0,2
461528,3,1,2,0,0,2,0,0,2,2,0,2
461528,4,2,1,2,3,3,2,5,5,5,5,10
461528,4,2,2,2,3,3,2,5,5,5,5,10
461528,5,3,1,4,13,4,3,17,7,8,16,24
461528,5,3,2,4,13,4,3,17,7,8,16,24
461528,6,4,1,6,5,9,5,11,14,15,10,25
461528,6,4,2,6,4,7,4,10,11,13,8,21
461528,6,4,5,0,1,2,1,1,3,2,2,4
461528,7,999,1,27,26,71,62,53,133,98,88,186
461528,7,999,2,18,23,45,44,41,89,63,67,130
461528,7,999,5,9,3,26,18,12,44,35,21,56
461528,8,5,1,6,6,16,8,12,24,22,14,36
461528,8,5,2,5,5,10,6,10,16,15,11,26
461528,8,5,5,1,1,6,2,2,8,7,3,10
461528,9,6,1,4,3,13,8,7,21,17,11,28
461528,9,6,2,1,3,8,6,4,14,9,9,18
461528,9,6,5,3,0,5,2,3,7,8,2,10
461528,10,7,1,8,7,8,7,15,15,16,14,30
461528,10,7,2,5,6,7,4,11,11,12,10,22
461528,10,7,5,3,1,1,3,4,4,4,4,8
461528,11,8,1,5,5,16,24,10,40,21,29,50
461528,11,8,2,4,5,10,18,9,28,14,23,37
461528,11,8,5,1,0,6,6,1,12,7,6,13
461528,12,9,1,4,5,13,14,9,27,17,19,36
461528,12,9,2,3,4,6,9,7,15,9,13,22
461528,12,9,5,1,1,7,5,2,12,8,6,14
461528,13,10,1,0,0,5,1,0,6,5,1,6
461528,13,10,2,0,0,4,1,0,5,4,1,5
461528,13,10,5,0,0,1,0,0,1,1,0,1
461591,1,412,1,10,120,0,0,130,0,10,120,130
461591,1,112,2,10,120,0,0,130,0,10,120,130
461591,2,999,1,2,78,0,0,80,0,2,78,80
461591,2,999,2,2,78,0,0,80,0,2,78,80
461591,3,1,1,0,3,0,0,3,0,0,3,3
461591,3,1,2,0,3,0,0,3,0,0,3,3
461591,4,2,1,1,30,0,0,31,0,1,30,31
461591,4,2,2,1,30,0,0,31,0,1,30,31
461591,5,3,1,0,26,0,0,26,0,0,26,26
461591,5,3,2,0,26,0,0,26,0,0,26,26
461591,6,4,1,1,19,0,0,20,0,1,19,20
461591,6,4,2,1,19,0,0,20,0,1,19,20
461591,7,999,1,8,42,0,0,50,0,8,42,50
461591,7,999,2,8,42,0,0,50,0,8,42,50
461591,8,5,1,3,17,0,0,20,0,3,17,20
461591,8,5,2,3,17,0,0,20,0,3,17,20
461591,9,6,1,3,10,0,0,13,0,3,10,13
461591,9,6,2,3,10,0,0,13,0,3,10,13
461591,10,7,1,1,10,0,0,11,0,1,10,11
461591,10,7,2,1,10,0,0,11,0,1,10,11
461591,11,8,1,1,4,0,0,5,0,1,4,5
461591,11,8,2,1,4,0,0,5,0,1,4,5
461591,12,9,1,0,1,0,0,1,0,0,1,1
461591,12,9,2,0,1,0,0,1,0,0,1,1
461704,1,412,1,20,129,0,0,149,0,20,129,149
461704,1,112,2,20,129,0,0,149,0,20,129,149
461704,2,999,1,9,84,0,0,93,0,9,84,93
461704,2,999,2,9,84,0,0,93,0,9,84,93
461704,4,2,1,3,30,0,0,33,0,3,30,33
461704,4,2,2,3,30,0,0,33,0,3,30,33
461704,5,3,1,2,34,0,0,36,0,2,34,36
461704,5,3,2,2,34,0,0,36,0,2,34,36
461704,6,4,1,4,20,0,0,24,0,4,20,24
461704,6,4,2,4,20,0,0,24,0,4,20,24
461704,7,999,1,11,45,0,0,56,0,11,45,56
461704,7,999,2,11,45,0,0,56,0,11,45,56
461704,8,5,1,7,19,0,0,26,0,7,19,26
461704,8,5,2,7,19,0,0,26,0,7,19,26
461704,9,6,1,1,13,0,0,14,0,1,13,14
461704,9,6,2,1,13,0,0,14,0,1,13,14
461704,10,7,1,1,4,0,0,5,0,1,4,5
461704,10,7,2,1,4,0,0,5,0,1,4,5
461704,11,8,1,1,7,0,0,8,0,1,7,8
461704,11,8,2,1,7,0,0,8,0,1,7,8
461704,12,9,1,1,2,0,0,3,0,1,2,3
461704,12,9,2,1,2,0,0,3,0,1,2,3
461759,1,412,1,53,49,14,24,102,38,67,73,140
461759,1,112,2,53,49,14,24,102,38,67,73,140
461759,2,999,1,39,28,4,7,67,11,43,35,78
461759,2,999,2,39,28,4,7,67,11,43,35,78
461759,4,2,1,13,7,0,1,20,1,13,8,21
461759,4,2,2,13,7,0,1,20,1,13,8,21
461759,5,3,1,14,13,1,5,27,6,15,18,33
461759,5,3,2,14,13,1,5,27,6,15,18,33
461759,6,4,1,12,8,3,1,20,4,15,9,24
461759,6,4,2,12,8,3,1,20,4,15,9,24
461759,7,999,1,14,21,9,17,35,26,23,38,61
461759,7,999,2,14,21,9,17,35,26,23,38,61
461759,8,5,1,3,5,1,2,8,3,4,7,11
461759,8,5,2,3,5,1,2,8,3,4,7,11
461759,9,6,1,1,2,2,2,3,4,3,4,7
461759,9,6,2,1,2,2,2,3,4,3,4,7
461759,10,7,1,1,3,2,1,4,3,3,4,7
461759,10,7,2,1,3,2,1,4,3,3,4,7
461759,11,8,1,3,4,1,3,7,4,4,7,11
461759,11,8,2,3,4,1,3,7,4,4,7,11
461759,12,9,1,6,5,2,6,11,8,8,11,19
461759,12,9,2,6,5,2,6,11,8,8,11,19
461759,13,10,1,0,2,1,3,2,4,1,5,6
461759,13,10,2,0,2,1,3,2,4,1,5,6
461759,14,11,1,0,0,1,0,0,1,1,0,1
461759,14,11,2,0,0,1,0,0,1,1,0,1
461838,1,412,1,0,45,2,158,45,160,2,203,205
461838,1,112,2,0,45,2,158,45,160,2,203,205
461838,2,999,1,0,22,0,59,22,59,0,81,81
461838,2,999,2,0,22,0,59,22,59,0,81,81
461838,3,1,1,0,2,0,1,2,1,0,3,3
461838,3,1,2,0,2,0,1,2,1,0,3,3
461838,4,2,1,0,7,0,13,7,13,0,20,20
461838,4,2,2,0,7,0,13,7,13,0,20,20
461838,5,3,1,0,3,0,16,3,16,0,19,19
461838,5,3,2,0,3,0,16,3,16,0,19,19
461838,6,4,1,0,10,0,29,10,29,0,39,39
461838,6,4,2,0,10,0,29,10,29,0,39,39
461838,7,999,1,0,23,2,99,23,101,2,122,124
461838,7,999,2,0,23,2,99,23,101,2,122,124
461838,8,5,1,0,8,1,46,8,47,1,54,55
461838,8,5,2,0,8,1,46,8,47,1,54,55
461838,9,6,1,0,12,0,30,12,30,0,42,42
461838,9,6,2,0,12,0,30,12,30,0,42,42
461838,10,7,1,0,0,1,12,0,13,1,12,13
461838,10,7,2,0,0,1,12,0,13,1,12,13
461838,11,8,1,0,3,0,9,3,9,0,12,12
461838,11,8,2,0,3,0,9,3,9,0,12,12
461838,12,9,1,0,0,0,2,0,2,0,2,2
461838,12,9,2,0,0,0,2,0,2,0,2,2
461883,1,412,1,81,92,9,14,173,23,90,106,196
461883,1,112,2,31,32,7,12,63,19,38,44,82
461883,1,312,5,50,60,2,2,110,4,52,62,114
461883,2,999,1,20,29,5,8,49,13,25,37,62
461883,2,999,2,16,19,5,8,35,13,21,27,48
461883,2,999,5,4,10,0,0,14,0,4,10,14
461883,4,2,1,0,2,0,0,2,0,0,2,2
461883,4,2,2,0,2,0,0,2,0,0,2,2
461883,5,3,1,8,9,2,2,17,4,10,11,21
461883,5,3,2,8,9,2,2,17,4,10,11,21
461883,6,4,1,12,18,3,6,30,9,15,24,39
461883,6,4,2,8,8,3,6,16,9,11,14,25
461883,6,4,5,4,10,0,0,14,0,4,10,14
461883,7,999,1,61,63,4,6,124,10,65,69,134
461883,7,999,2,15,13,2,4,28,6,17,17,34
461883,7,999,5,46,50,2,2,96,4,48,52,100
461883,8,5,1,35,44,3,3,79,6,38,47,85
461883,8,5,2,11,10,2,2,21,4,13,12,25
461883,8,5,5,24,34,1,1,58,2,25,35,60
461883,9,6,1,19,12,0,2,31,2,19,14,33
461883,9,6,2,3,3,0,2,6,2,3,5,8
461883,9,6,5,16,9,0,0,25,0,16,9,25
461883,10,7,1,3,2,0,0,5,0,3,2,5
461883,10,7,5,3,2,0,0,5,0,3,2,5
461883,11,8,1,3,3,0,1,6,1,3,4,7
461883,11,8,2,1,0,0,0,1,0,1,0,1
461883,11,8,5,2,3,0,1,5,1,2,4,6
461883,12,9,1,1,1,1,0,2,1,2,1,3
461883,12,9,5,1,1,1,0,2,1,2,1,3
461883,13,10,1,0,1,0,0,1,0,0,1,1
461883,13,10,5,0,1,0,0,1,0,0,1,1
461892,1,412,1,15,127,0,0,142,0,15,127,142
461892,1,112,2,15,127,0,0,142,0,15,127,142
461892,2,999,1,7,38,0,0,45,0,7,38,45
461892,2,999,2,7,38,0,0,45,0,7,38,45
461892,3,1,1,1,0,0,0,1,0,1,0,1
461892,3,1,2,1,0,0,0,1,0,1,0,1
461892,4,2,1,1,11,0,0,12,0,1,11,12
461892,4,2,2,1,11,0,0,12,0,1,11,12
461892,5,3,1,3,16,0,0,19,0,3,16,19
461892,5,3,2,3,16,0,0,19,0,3,16,19
461892,6,4,1,2,11,0,0,13,0,2,11,13
461892,6,4,2,2,11,0,0,13,0,2,11,13
461892,7,999,1,8,89,0,0,97,0,8,89,97
461892,7,999,2,8,89,0,0,97,0,8,89,97
461892,8,5,1,3,30,0,0,33,0,3,30,33
461892,8,5,2,3,30,0,0,33,0,3,30,33
461892,9,6,1,3,22,0,0,25,0,3,22,25
461892,9,6,2,3,22,0,0,25,0,3,22,25
461892,10,7,1,0,12,0,0,12,0,0,12,12
461892,10,7,2,0,12,0,0,12,0,0,12,12
461892,11,8,1,2,18,0,0,20,0,2,18,20
461892,11,8,2,2,18,0,0,20,0,2,18,20
461892,12,9,1,0,7,0,0,7,0,0,7,7
461892,12,9,2,0,7,0,0,7,0,0,7,7
461908,1,412,1,2,88,0,3,90,3,2,91,93
461908,1,112,2,2,88,0,3,90,3,2,91,93
461908,2,999,1,2,51,0,2,53,2,2,53,55
461908,2,999,2,2,51,0,2,53,2,2,53,55
461908,4,2,1,0,19,0,0,19,0,0,19,19
461908,4,2,2,0,19,0,0,19,0,0,19,19
461908,5,3,1,1,18,0,1,19,1,1,19,20
461908,5,3,2,1,18,0,1,19,1,1,19,20
461908,6,4,1,1,14,0,1,15,1,1,15,16
461908,6,4,2,1,14,0,1,15,1,1,15,16
461908,7,999,1,0,37,0,1,37,1,0,38,38
461908,7,999,2,0,37,0,1,37,1,0,38,38
461908,8,5,1,0,19,0,1,19,1,0,20,20
461908,8,5,2,0,19,0,1,19,1,0,20,20
461908,9,6,1,0,10,0,0,10,0,0,10,10
461908,9,6,2,0,10,0,0,10,0,0,10,10
461908,10,7,1,0,4,0,0,4,0,0,4,4
461908,10,7,2,0,4,0,0,4,0,0,4,4
461908,11,8,1,0,4,0,0,4,0,0,4,4
461908,11,8,2,0,4,0,0,4,0,0,4,4
461917,1,412,1,5,111,4,58,116,62,9,169,178
461917,1,112,2,5,111,4,58,116,62,9,169,178
461917,2,999,1,2,90,3,42,92,45,5,132,137
461917,2,999,2,2,90,3,42,92,45,5,132,137
461917,3,1,1,0,1,1,17,1,18,1,18,19
461917,3,1,2,0,1,1,17,1,18,1,18,19
461917,4,2,1,1,41,2,13,42,15,3,54,57
461917,4,2,2,1,41,2,13,42,15,3,54,57
461917,5,3,1,1,35,0,7,36,7,1,42,43
461917,5,3,2,1,35,0,7,36,7,1,42,43
461917,6,4,1,0,13,0,5,13,5,0,18,18
461917,6,4,2,0,13,0,5,13,5,0,18,18
461917,7,999,1,3,21,1,16,24,17,4,37,41
461917,7,999,2,3,21,1,16,24,17,4,37,41
461917,8,5,1,1,16,1,9,17,10,2,25,27
461917,8,5,2,1,16,1,9,17,10,2,25,27
461917,9,6,1,1,4,0,4,5,4,1,8,9
461917,9,6,2,1,4,0,4,5,4,1,8,9
461917,10,7,1,1,0,0,2,1,2,1,2,3
461917,10,7,2,1,0,0,2,1,2,1,2,3
461917,11,8,1,0,1,0,0,1,0,0,1,1
461917,11,8,2,0,1,0,0,1,0,0,1,1
461917,12,9,1,0,0,0,1,0,1,0,1,1
461917,12,9,2,0,0,0,1,0,1,0,1,1
462008,1,412,1,13,162,8,91,175,99,21,253,274
462008,1,112,2,13,162,8,91,175,99,21,253,274
462008,2,999,1,3,101,2,52,104,54,5,153,158
462008,2,999,2,3,101,2,52,104,54,5,153,158
462008,3,1,1,0,1,0,1,1,1,0,2,2
462008,3,1,2,0,1,0,1,1,1,0,2,2
462008,4,2,1,1,40,1,16,41,17,2,56,58
462008,4,2,2,1,40,1,16,41,17,2,56,58
462008,5,3,1,0,37,1,22,37,23,1,59,60
462008,5,3,2,0,37,1,22,37,23,1,59,60
462008,6,4,1,2,23,0,13,25,13,2,36,38
462008,6,4,2,2,23,0,13,25,13,2,36,38
462008,7,999,1,10,61,6,39,71,45,16,100,116
462008,7,999,2,10,61,6,39,71,45,16,100,116
462008,8,5,1,3,33,2,31,36,33,5,64,69
462008,8,5,2,3,33,2,31,36,33,5,64,69
462008,9,6,1,4,20,3,4,24,7,7,24,31
462008,9,6,2,4,20,3,4,24,7,7,24,31
462008,10,7,1,2,3,0,3,5,3,2,6,8
462008,10,7,2,2,3,0,3,5,3,2,6,8
462008,11,8,1,0,5,1,1,5,2,1,6,7
462008,11,8,2,0,5,1,1,5,2,1,6,7
462008,12,9,1,1,0,0,0,1,0,1,0,1
462008,12,9,2,1,0,0,0,1,0,1,0,1
462017,1,412,1,21,96,0,0,117,0,21,96,117
462017,1,112,2,21,96,0,0,117,0,21,96,117
462017,2,999,1,13,69,0,0,82,0,13,69,82
462017,2,999,2,13,69,0,0,82,0,13,69,82
462017,3,1,1,1,0,0,0,1,0,1,0,1
462017,3,1,2,1,0,0,0,1,0,1,0,1
462017,4,2,1,5,38,0,0,43,0,5,38,43
462017,4,2,2,5,38,0,0,43,0,5,38,43
462017,5,3,1,3,16,0,0,19,0,3,16,19
462017,5,3,2,3,16,0,0,19,0,3,16,19
462017,6,4,1,4,15,0,0,19,0,4,15,19
462017,6,4,2,4,15,0,0,19,0,4,15,19
462017,7,999,1,8,27,0,0,35,0,8,27,35
462017,7,999,2,8,27,0,0,35,0,8,27,35
462017,8,5,1,4,11,0,0,15,0,4,11,15
462017,8,5,2,4,11,0,0,15,0,4,11,15
462017,9,6,1,1,6,0,0,7,0,1,6,7
462017,9,6,2,1,6,0,0,7,0,1,6,7
462017,10,7,1,1,7,0,0,8,0,1,7,8
462017,10,7,2,1,7,0,0,8,0,1,7,8
462017,11,8,1,2,3,0,0,5,0,2,3,5
462017,11,8,2,2,3,0,0,5,0,2,3,5
462071,1,412,1,31,104,0,3,135,3,31,107,138
462071,1,112,2,31,104,0,3,135,3,31,107,138
462071,2,999,1,16,67,0,0,83,0,16,67,83
462071,2,999,2,16,67,0,0,83,0,16,67,83
462071,4,2,1,8,23,0,0,31,0,8,23,31
462071,4,2,2,8,23,0,0,31,0,8,23,31
462071,5,3,1,5,24,0,0,29,0,5,24,29
462071,5,3,2,5,24,0,0,29,0,5,24,29
462071,6,4,1,3,20,0,0,23,0,3,20,23
462071,6,4,2,3,20,0,0,23,0,3,20,23
462071,7,999,1,15,37,0,3,52,3,15,40,55
462071,7,999,2,15,37,0,3,52,3,15,40,55
462071,8,5,1,7,17,0,1,24,1,7,18,25
462071,8,5,2,7,17,0,1,24,1,7,18,25
462071,9,6,1,2,11,0,2,13,2,2,13,15
462071,9,6,2,2,11,0,2,13,2,2,13,15
462071,10,7,1,2,2,0,0,4,0,2,2,4
462071,10,7,2,2,2,0,0,4,0,2,2,4
462071,11,8,1,2,3,0,0,5,0,2,3,5
462071,11,8,2,2,3,0,0,5,0,2,3,5
462071,12,9,1,2,4,0,0,6,0,2,4,6
462071,12,9,2,2,4,0,0,6,0,2,4,6
462354,1,412,1,121,135,7,11,256,18,128,146,274
462354,1,112,2,121,135,7,11,256,18,128,146,274
462354,2,999,1,115,129,3,9,244,12,118,138,256
462354,2,999,2,115,129,3,9,244,12,118,138,256
462354,3,1,1,2,1,0,0,3,0,2,1,3
462354,3,1,2,2,1,0,0,3,0,2,1,3
462354,4,2,1,40,67,1,1,107,2,41,68,109
462354,4,2,2,40,67,1,1,107,2,41,68,109
462354,5,3,1,53,52,1,6,105,7,54,58,112
462354,5,3,2,53,52,1,6,105,7,54,58,112
462354,6,4,1,20,9,1,2,29,3,21,11,32
462354,6,4,2,20,9,1,2,29,3,21,11,32
462354,7,999,1,6,4,2,2,10,4,8,6,14
462354,7,999,2,6,4,2,2,10,4,8,6,14
462354,8,5,1,4,3,1,0,7,1,5,3,8
462354,8,5,2,4,3,1,0,7,1,5,3,8
462354,9,6,1,1,0,0,0,1,0,1,0,1
462354,9,6,2,1,0,0,0,1,0,1,0,1
462354,10,7,1,0,1,1,0,1,1,1,1,2
462354,10,7,2,0,1,1,0,1,1,1,1,2
462354,11,8,1,1,0,0,0,1,0,1,0,1
462354,11,8,2,1,0,0,0,1,0,1,0,1
462354,12,9,1,0,0,0,2,0,2,0,2,2
462354,12,9,2,0,0,0,2,0,2,0,2,2
462354,14,11,1,0,2,2,0,2,2,2,2,4
462354,14,11,2,0,2,2,0,2,2,2,2,4
463056,1,412,1,719,833,65,66,1552,131,784,899,1683
463056,1,112,2,719,833,65,66,1552,131,784,899,1683
463056,2,999,1,702,812,41,38,1514,79,743,850,1593
463056,2,999,2,702,812,41,38,1514,79,743,850,1593
463056,3,1,1,55,56,1,2,111,3,56,58,114
463056,3,1,2,55,56,1,2,111,3,56,58,114
463056,4,2,1,469,507,20,14,976,34,489,521,1010
463056,4,2,2,469,507,20,14,976,34,489,521,1010
463056,5,3,1,145,199,11,8,344,19,156,207,363
463056,5,3,2,145,199,11,8,344,19,156,207,363
463056,6,4,1,33,50,9,14,83,23,42,64,106
463056,6,4,2,33,50,9,14,83,23,42,64,106
463056,7,999,1,17,21,24,28,38,52,41,49,90
463056,7,999,2,17,21,24,28,38,52,41,49,90
463056,8,5,1,7,14,5,8,21,13,12,22,34
463056,8,5,2,7,14,5,8,21,13,12,22,34
463056,9,6,1,6,3,5,6,9,11,11,9,20
463056,9,6,2,6,3,5,6,9,11,11,9,20
463056,10,7,1,0,1,3,3,1,6,3,4,7
463056,10,7,2,0,1,3,3,1,6,3,4,7
463056,11,8,1,3,3,7,5,6,12,10,8,18
463056,11,8,2,3,3,7,5,6,12,10,8,18
463056,12,9,1,0,0,3,4,0,7,3,4,7
463056,12,9,2,0,0,3,4,0,7,3,4,7
463056,13,10,1,1,0,1,2,1,3,2,2,4
463056,13,10,2,1,0,1,2,1,3,2,2,4
464226,1,412,1,405,273,94,59,678,153,499,332,831
464226,1,112,2,389,259,55,23,648,78,444,282,726
464226,1,312,5,16,14,39,36,30,75,55,50,105
464226,2,999,1,375,258,58,33,633,91,433,291,724
464226,2,999,2,360,246,48,19,606,67,408,265,673
464226,2,999,5,15,12,10,14,27,24,25,26,51
464226,3,1,1,0,0,0,1,0,1,0,1,1
464226,3,1,2,0,0,0,1,0,1,0,1,1
464226,4,2,1,131,113,13,4,244,17,144,117,261
464226,4,2,2,131,113,13,4,244,17,144,117,261
464226,5,3,1,108,96,12,6,204,18,120,102,222
464226,5,3,2,107,96,12,6,203,18,119,102,221
464226,5,3,5,1,0,0,0,1,0,1,0,1
464226,6,4,1,136,49,33,22,185,55,169,71,240
464226,6,4,2,122,37,23,8,159,31,145,45,190
464226,6,4,5,14,12,10,14,26,24,24,26,50
464226,7,999,1,29,14,36,26,43,62,65,40,105
464226,7,999,2,28,12,7,4,40,11,35,16,51
464226,7,999,5,1,2,29,22,3,51,30,24,54
464226,8,5,1,25,5,20,7,30,27,45,12,57
464226,8,5,2,25,5,6,1,30,7,31,6,37
464226,8,5,5,0,0,14,6,0,20,14,6,20
464226,9,6,1,1,3,6,2,4,8,7,5,12
464226,9,6,2,1,2,1,0,3,1,2,2,4
464226,9,6,5,0,1,5,2,1,7,5,3,8
464226,10,7,1,2,2,3,6,4,9,5,8,13
464226,10,7,2,1,2,0,0,3,0,1,2,3
464226,10,7,5,1,0,3,6,1,9,4,6,10
464226,11,8,1,0,3,3,10,3,13,3,13,16
464226,11,8,2,0,3,0,2,3,2,0,5,5
464226,11,8,5,0,0,3,8,0,11,3,8,11
464226,12,9,1,1,1,4,1,2,5,5,2,7
464226,12,9,2,1,0,0,1,1,1,1,1,2
464226,12,9,5,0,1,4,0,1,4,4,1,5
464226,14,11,1,1,1,0,0,2,0,1,1,2
464226,14,11,2,1,1,0,0,2,0,1,1,2
466921,1,412,1,8,116,25,317,124,342,33,433,466
466921,1,112,2,8,116,25,317,124,342,33,433,466
466921,2,999,1,2,48,5,144,50,149,7,192,199
466921,2,999,2,2,48,5,144,50,149,7,192,199
466921,4,2,1,0,11,0,5,11,5,0,16,16
466921,4,2,2,0,11,0,5,11,5,0,16,16
466921,5,3,1,1,10,1,41,11,42,2,51,53
466921,5,3,2,1,10,1,41,11,42,2,51,53
466921,6,4,1,1,27,4,98,28,102,5,125,130
466921,6,4,2,1,27,4,98,28,102,5,125,130
466921,7,999,1,6,68,20,173,74,193,26,241,267
466921,7,999,2,6,68,20,173,74,193,26,241,267
466921,8,5,1,1,34,14,92,35,106,15,126,141
466921,8,5,2,1,34,14,92,35,106,15,126,141
466921,9,6,1,2,16,4,44,18,48,6,60,66
466921,9,6,2,2,16,4,44,18,48,6,60,66
466921,10,7,1,3,9,1,19,12,20,4,28,32
466921,10,7,2,3,9,1,19,12,20,4,28,32
466921,11,8,1,0,9,0,17,9,17,0,26,26
466921,11,8,2,0,9,0,17,9,17,0,26,26
466921,12,9,1,0,0,1,1,0,2,1,1,2
466921,12,9,2,0,0,1,1,0,2,1,1,2
466930,1,412,1,62,354,152,990,416,1142,214,1344,1558
466930,1,112,2,62,354,152,990,416,1142,214,1344,1558
466930,2,999,1,23,149,63,375,172,438,86,524,610
466930,2,999,2,23,149,63,375,172,438,86,524,610
466930,3,1,1,0,0,0,1,0,1,0,1,1
466930,3,1,2,0,0,0,1,0,1,0,1,1
466930,4,2,1,3,12,1,8,15,9,4,20,24
466930,4,2,2,3,12,1,8,15,9,4,20,24
466930,5,3,1,8,44,21,90,52,111,29,134,163
466930,5,3,2,8,44,21,90,52,111,29,134,163
466930,6,4,1,12,93,41,276,105,317,53,369,422
466930,6,4,2,12,93,41,276,105,317,53,369,422
466930,7,999,1,39,205,89,615,244,704,128,820,948
466930,7,999,2,39,205,89,615,244,704,128,820,948
466930,8,5,1,15,82,41,278,97,319,56,360,416
466930,8,5,2,15,82,41,278,97,319,56,360,416
466930,9,6,1,8,58,20,131,66,151,28,189,217
466930,9,6,2,8,58,20,131,66,151,28,189,217
466930,10,7,1,8,37,11,108,45,119,19,145,164
466930,10,7,2,8,37,11,108,45,119,19,145,164
466930,11,8,1,8,25,12,87,33,99,20,112,132
466930,11,8,2,8,25,12,87,33,99,20,112,132
466930,12,9,1,0,3,5,11,3,16,5,14,19
466930,12,9,2,0,3,5,11,3,16,5,14,19
467863,1,412,1,20,127,10,42,147,52,30,169,199
467863,1,112,2,20,127,10,42,147,52,30,169,199
467863,2,999,1,7,89,2,18,96,20,9,107,116
467863,2,999,2,7,89,2,18,96,20,9,107,116
467863,4,2,1,2,33,0,3,35,3,2,36,38
467863,4,2,2,2,33,0,3,35,3,2,36,38
467863,5,3,1,4,32,0,7,36,7,4,39,43
467863,5,3,2,4,32,0,7,36,7,4,39,43
467863,6,4,1,1,24,2,8,25,10,3,32,35
467863,6,4,2,1,24,2,8,25,10,3,32,35
467863,7,999,1,13,38,8,24,51,32,21,62,83
467863,7,999,2,13,38,8,24,51,32,21,62,83
467863,8,5,1,5,18,2,9,23,11,7,27,34
467863,8,5,2,5,18,2,9,23,11,7,27,34
467863,9,6,1,3,7,3,7,10,10,6,14,20
467863,9,6,2,3,7,3,7,10,10,6,14,20
467863,10,7,1,1,10,2,5,11,7,3,15,18
467863,10,7,2,1,10,2,5,11,7,3,15,18
467863,11,8,1,4,2,1,2,6,3,5,4,9
467863,11,8,2,4,2,1,2,6,3,5,4,9
467863,12,9,1,0,1,0,1,1,1,0,2,2
467863,12,9,2,0,1,0,1,1,1,0,2,2
467872,1,412,1,8,139,0,62,147,62,8,201,209
467872,1,112,2,8,139,0,62,147,62,8,201,209
467872,2,999,1,3,94,0,33,97,33,3,127,130
467872,2,999,2,3,94,0,33,97,33,3,127,130
467872,3,1,1,0,1,0,0,1,0,0,1,1
467872,3,1,2,0,1,0,0,1,0,0,1,1
467872,4,2,1,1,30,0,9,31,9,1,39,40
467872,4,2,2,1,30,0,9,31,9,1,39,40
467872,5,3,1,2,36,0,7,38,7,2,43,45
467872,5,3,2,2,36,0,7,38,7,2,43,45
467872,6,4,1,0,27,0,17,27,17,0,44,44
467872,6,4,2,0,27,0,17,27,17,0,44,44
467872,7,999,1,5,45,0,29,50,29,5,74,79
467872,7,999,2,5,45,0,29,50,29,5,74,79
467872,8,5,1,2,27,0,16,29,16,2,43,45
467872,8,5,2,2,27,0,16,29,16,2,43,45
467872,9,6,1,2,12,0,6,14,6,2,18,20
467872,9,6,2,2,12,0,6,14,6,2,18,20
467872,10,7,1,1,2,0,5,3,5,1,7,8
467872,10,7,2,1,2,0,5,3,5,1,7,8
467872,11,8,1,0,3,0,1,3,1,0,4,4
467872,11,8,2,0,3,0,1,3,1,0,4,4
467872,12,9,1,0,1,0,1,1,1,0,2,2
467872,12,9,2,0,1,0,1,1,1,0,2,2
468893,1,412,1,8,116,0,3,124,3,8,119,127
468893,1,112,2,8,116,0,3,124,3,8,119,127
468893,2,999,1,3,89,0,1,92,1,3,90,93
468893,2,999,2,3,89,0,1,92,1,3,90,93
468893,3,1,1,0,1,0,0,1,0,0,1,1
468893,3,1,2,0,1,0,0,1,0,0,1,1
468893,4,2,1,0,32,0,0,32,0,0,32,32
468893,4,2,2,0,32,0,0,32,0,0,32,32
468893,5,3,1,1,31,0,0,32,0,1,31,32
468893,5,3,2,1,31,0,0,32,0,1,31,32
468893,6,4,1,2,25,0,1,27,1,2,26,28
468893,6,4,2,2,25,0,1,27,1,2,26,28
468893,7,999,1,5,27,0,2,32,2,5,29,34
468893,7,999,2,5,27,0,2,32,2,5,29,34
468893,8,5,1,3,20,0,0,23,0,3,20,23
468893,8,5,2,3,20,0,0,23,0,3,20,23
468893,9,6,1,1,5,0,1,6,1,1,6,7
468893,9,6,2,1,5,0,1,6,1,1,6,7
468893,10,7,1,0,2,0,0,2,0,0,2,2
468893,10,7,2,0,2,0,0,2,0,0,2,2
468893,11,8,1,1,0,0,1,1,1,1,1,2
468893,11,8,2,1,0,0,1,1,1,1,1,2
470047,1,412,1,3,32,0,0,35,0,3,32,35
470047,1,112,2,3,32,0,0,35,0,3,32,35
470047,2,999,1,1,12,0,0,13,0,1,12,13
470047,2,999,2,1,12,0,0,13,0,1,12,13
470047,4,2,1,0,2,0,0,2,0,0,2,2
470047,4,2,2,0,2,0,0,2,0,0,2,2
470047,5,3,1,1,5,0,0,6,0,1,5,6
470047,5,3,2,1,5,0,0,6,0,1,5,6
470047,6,4,1,0,5,0,0,5,0,0,5,5
470047,6,4,2,0,5,0,0,5,0,0,5,5
470047,7,999,1,2,20,0,0,22,0,2,20,22
470047,7,999,2,2,20,0,0,22,0,2,20,22
470047,8,5,1,0,8,0,0,8,0,0,8,8
470047,8,5,2,0,8,0,0,8,0,0,8,8
470047,9,6,1,2,3,0,0,5,0,2,3,5
470047,9,6,2,2,3,0,0,5,0,2,3,5
470047,10,7,1,0,7,0,0,7,0,0,7,7
470047,10,7,2,0,7,0,0,7,0,0,7,7
470047,11,8,1,0,2,0,0,2,0,0,2,2
470047,11,8,2,0,2,0,0,2,0,0,2,2
474863,1,412,1,156,556,249,1075,712,1324,405,1631,2036
474863,1,112,2,105,388,231,1022,493,1253,336,1410,1746
474863,1,312,5,51,168,18,53,219,71,69,221,290
474863,2,999,1,15,123,33,133,138,166,48,256,304
474863,2,999,2,14,109,33,130,123,163,47,239,286
474863,2,999,5,1,14,0,3,15,3,1,17,18
474863,3,1,1,0,4,0,3,4,3,0,7,7
474863,3,1,2,0,4,0,3,4,3,0,7,7
474863,4,2,1,0,7,4,15,7,19,4,22,26
474863,4,2,2,0,7,4,15,7,19,4,22,26
474863,5,3,1,3,38,8,27,41,35,11,65,76
474863,5,3,2,3,38,8,27,41,35,11,65,76
474863,6,4,1,12,74,21,88,86,109,33,162,195
474863,6,4,2,11,60,21,85,71,106,32,145,177
474863,6,4,5,1,14,0,3,15,3,1,17,18
474863,7,999,1,141,433,216,941,574,1157,357,1374,1731
474863,7,999,2,91,279,198,891,370,1089,289,1170,1459
474863,7,999,5,50,154,18,50,204,68,68,204,272
474863,8,5,1,33,127,54,219,160,273,87,346,433
474863,8,5,2,20,83,49,207,103,256,69,290,359
474863,8,5,5,13,44,5,12,57,17,18,56,74
474863,9,6,1,35,105,58,237,140,295,93,342,435
474863,9,6,2,28,77,52,227,105,279,80,304,384
474863,9,6,5,7,28,6,10,35,16,13,38,51
474863,10,7,1,29,84,41,190,113,231,70,274,344
474863,10,7,2,17,62,38,183,79,221,55,245,300
474863,10,7,5,12,22,3,7,34,10,15,29,44
474863,11,8,1,31,78,41,219,109,260,72,297,369
474863,11,8,2,18,48,40,202,66,242,58,250,308
474863,11,8,5,13,30,1,17,43,18,14,47,61
474863,12,9,1,13,37,21,74,50,95,34,111,145
474863,12,9,2,8,9,18,71,17,89,26,80,106
474863,12,9,5,5,28,3,3,33,6,8,31,39
474863,13,10,1,0,2,1,2,2,3,1,4,5
474863,13,10,2,0,0,1,1,0,2,1,1,2
474863,13,10,5,0,2,0,1,2,1,0,3,3
474863,14,11,1,0,0,0,1,0,1,0,1,1
474863,14,11,2,0,0,0,1,0,1,0,1,1
474915,1,412,1,7,242,5,183,249,188,12,425,437
474915,1,112,2,7,242,5,183,249,188,12,425,437
474915,2,999,1,3,167,4,96,170,100,7,263,270
474915,2,999,2,3,167,4,96,170,100,7,263,270
474915,3,1,1,0,3,0,0,3,0,0,3,3
474915,3,1,2,0,3,0,0,3,0,0,3,3
474915,4,2,1,0,72,1,33,72,34,1,105,106
474915,4,2,2,0,72,1,33,72,34,1,105,106
474915,5,3,1,1,52,3,27,53,30,4,79,83
474915,5,3,2,1,52,3,27,53,30,4,79,83
474915,6,4,1,2,40,0,36,42,36,2,76,78
474915,6,4,2,2,40,0,36,42,36,2,76,78
474915,7,999,1,4,75,1,87,79,88,5,162,167
474915,7,999,2,4,75,1,87,79,88,5,162,167
474915,8,5,1,2,35,1,52,37,53,3,87,90
474915,8,5,2,2,35,1,52,37,53,3,87,90
474915,9,6,1,1,17,0,19,18,19,1,36,37
474915,9,6,2,1,17,0,19,18,19,1,36,37
474915,10,7,1,1,12,0,8,13,8,1,20,21
474915,10,7,2,1,12,0,8,13,8,1,20,21
474915,11,8,1,0,10,0,6,10,6,0,16,16
474915,11,8,2,0,10,0,6,10,6,0,16,16
474915,12,9,1,0,1,0,2,1,2,0,3,3
474915,12,9,2,0,1,0,2,1,2,0,3,3
474924,1,412,1,0,156,1,49,156,50,1,205,206
474924,1,112,2,0,156,1,49,156,50,1,205,206
474924,2,999,1,0,111,1,34,111,35,1,145,146
474924,2,999,2,0,111,1,34,111,35,1,145,146
474924,4,2,1,0,50,1,16,50,17,1,66,67
474924,4,2,2,0,50,1,16,50,17,1,66,67
474924,5,3,1,0,35,0,6,35,6,0,41,41
474924,5,3,2,0,35,0,6,35,6,0,41,41
474924,6,4,1,0,26,0,12,26,12,0,38,38
474924,6,4,2,0,26,0,12,26,12,0,38,38
474924,7,999,1,0,45,0,15,45,15,0,60,60
474924,7,999,2,0,45,0,15,45,15,0,60,60
474924,8,5,1,0,20,0,4,20,4,0,24,24
474924,8,5,2,0,20,0,4,20,4,0,24,24
474924,9,6,1,0,8,0,5,8,5,0,13,13
474924,9,6,2,0,8,0,5,8,5,0,13,13
474924,10,7,1,0,7,0,3,7,3,0,10,10
474924,10,7,2,0,7,0,3,7,3,0,10,10
474924,11,8,1,0,7,0,2,7,2,0,9,9
474924,11,8,2,0,7,0,2,7,2,0,9,9
474924,12,9,1,0,3,0,0,3,0,0,3,3
474924,12,9,2,0,3,0,0,3,0,0,3,3
474924,13,10,1,0,0,0,1,0,1,0,1,1
474924,13,10,2,0,0,0,1,0,1,0,1,1
475015,1,412,1,3,170,0,0,173,0,3,170,173
475015,1,112,2,3,170,0,0,173,0,3,170,173
475015,2,999,1,3,145,0,0,148,0,3,145,148
475015,2,999,2,3,145,0,0,148,0,3,145,148
475015,4,2,1,2,84,0,0,86,0,2,84,86
475015,4,2,2,2,84,0,0,86,0,2,84,86
475015,5,3,1,0,37,0,0,37,0,0,37,37
475015,5,3,2,0,37,0,0,37,0,0,37,37
475015,6,4,1,1,24,0,0,25,0,1,24,25
475015,6,4,2,1,24,0,0,25,0,1,24,25
475015,7,999,1,0,25,0,0,25,0,0,25,25
475015,7,999,2,0,25,0,0,25,0,0,25,25
475015,8,5,1,0,11,0,0,11,0,0,11,11
475015,8,5,2,0,11,0,0,11,0,0,11,11
475015,9,6,1,0,9,0,0,9,0,0,9,9
475015,9,6,2,0,9,0,0,9,0,0,9,9
475015,10,7,1,0,3,0,0,3,0,0,3,3
475015,10,7,2,0,3,0,0,3,0,0,3,3
475015,11,8,1,0,2,0,0,2,0,0,2,2
475015,11,8,2,0,2,0,0,2,0,0,2,2
475033,1,412,1,0,0,919,2871,0,3790,919,2871,3790
475033,1,112,2,0,0,68,191,0,259,68,191,259
475033,1,312,5,0,0,851,2680,0,3531,851,2680,3531
475033,2,999,1,0,0,313,1185,0,1498,313,1185,1498
475033,2,999,2,0,0,23,88,0,111,23,88,111
475033,2,999,5,0,0,290,1097,0,1387,290,1097,1387
475033,4,2,1,0,0,0,1,0,1,0,1,1
475033,4,2,5,0,0,0,1,0,1,0,1,1
475033,5,3,1,0,0,5,43,0,48,5,43,48
475033,5,3,2,0,0,0,3,0,3,0,3,3
475033,5,3,5,0,0,5,40,0,45,5,40,45
475033,6,4,1,0,0,308,1141,0,1449,308,1141,1449
475033,6,4,2,0,0,23,85,0,108,23,85,108
475033,6,4,5,0,0,285,1056,0,1341,285,1056,1341
475033,7,999,1,0,0,606,1686,0,2292,606,1686,2292
475033,7,999,2,0,0,45,103,0,148,45,103,148
475033,7,999,5,0,0,561,1583,0,2144,561,1583,2144
475033,8,5,1,0,0,288,885,0,1173,288,885,1173
475033,8,5,2,0,0,16,51,0,67,16,51,67
475033,8,5,5,0,0,272,834,0,1106,272,834,1106
475033,9,6,1,0,0,173,349,0,522,173,349,522
475033,9,6,2,0,0,13,21,0,34,13,21,34
475033,9,6,5,0,0,160,328,0,488,160,328,488
475033,10,7,1,0,0,57,188,0,245,57,188,245
475033,10,7,2,0,0,6,7,0,13,6,7,13
475033,10,7,5,0,0,51,181,0,232,51,181,232
475033,11,8,1,0,0,59,172,0,231,59,172,231
475033,11,8,2,0,0,6,17,0,23,6,17,23
475033,11,8,5,0,0,53,155,0,208,53,155,208
475033,12,9,1,0,0,28,90,0,118,28,90,118
475033,12,9,2,0,0,4,7,0,11,4,7,11
475033,12,9,5,0,0,24,83,0,107,24,83,107
475033,13,10,1,0,0,1,2,0,3,1,2,3
475033,13,10,5,0,0,1,2,0,3,1,2,3
475200,1,412,1,9,33,63,157,42,220,72,190,262
475200,1,112,2,9,33,63,157,42,220,72,190,262
475200,2,999,1,1,1,2,13,2,15,3,14,17
475200,2,999,2,1,1,2,13,2,15,3,14,17
475200,5,3,1,0,1,0,2,1,2,0,3,3
475200,5,3,2,0,1,0,2,1,2,0,3,3
475200,6,4,1,1,0,2,11,1,13,3,11,14
475200,6,4,2,1,0,2,11,1,13,3,11,14
475200,7,999,1,8,32,61,144,40,205,69,176,245
475200,7,999,2,8,32,61,144,40,205,69,176,245
475200,8,5,1,1,8,15,25,9,40,16,33,49
475200,8,5,2,1,8,15,25,9,40,16,33,49
475200,9,6,1,3,5,15,28,8,43,18,33,51
475200,9,6,2,3,5,15,28,8,43,18,33,51
475200,10,7,1,1,9,12,35,10,47,13,44,57
475200,10,7,2,1,9,12,35,10,47,13,44,57
475200,11,8,1,2,7,12,42,9,54,14,49,63
475200,11,8,2,2,7,12,42,9,54,14,49,63
475200,12,9,1,1,3,7,14,4,21,8,17,25
475200,12,9,2,1,3,7,14,4,21,8,17,25
475282,1,412,1,26,56,0,0,82,0,26,56,82
475282,1,112,2,26,56,0,0,82,0,26,56,82
475282,2,999,1,13,14,0,0,27,0,13,14,27
475282,2,999,2,13,14,0,0,27,0,13,14,27
475282,4,2,1,1,3,0,0,4,0,1,3,4
475282,4,2,2,1,3,0,0,4,0,1,3,4
475282,5,3,1,4,5,0,0,9,0,4,5,9
475282,5,3,2,4,5,0,0,9,0,4,5,9
475282,6,4,1,8,6,0,0,14,0,8,6,14
475282,6,4,2,8,6,0,0,14,0,8,6,14
475282,7,999,1,13,42,0,0,55,0,13,42,55
475282,7,999,2,13,42,0,0,55,0,13,42,55
475282,8,5,1,2,12,0,0,14,0,2,12,14
475282,8,5,2,2,12,0,0,14,0,2,12,14
475282,9,6,1,3,7,0,0,10,0,3,7,10
475282,9,6,2,3,7,0,0,10,0,3,7,10
475282,10,7,1,3,9,0,0,12,0,3,9,12
475282,10,7,2,3,9,0,0,12,0,3,9,12
475282,11,8,1,5,9,0,0,14,0,5,9,14
475282,11,8,2,5,9,0,0,14,0,5,9,14
475282,12,9,1,0,5,0,0,5,0,0,5,5
475282,12,9,2,0,5,0,0,5,0,0,5,5
475431,1,412,1,3,29,0,0,32,0,3,29,32
475431,1,112,2,3,29,0,0,32,0,3,29,32
475431,2,999,1,1,9,0,0,10,0,1,9,10
475431,2,999,2,1,9,0,0,10,0,1,9,10
475431,4,2,1,0,2,0,0,2,0,0,2,2
475431,4,2,2,0,2,0,0,2,0,0,2,2
475431,5,3,1,1,2,0,0,3,0,1,2,3
475431,5,3,2,1,2,0,0,3,0,1,2,3
475431,6,4,1,0,5,0,0,5,0,0,5,5
475431,6,4,2,0,5,0,0,5,0,0,5,5
475431,7,999,1,2,20,0,0,22,0,2,20,22
475431,7,999,2,2,20,0,0,22,0,2,20,22
475431,8,5,1,1,4,0,0,5,0,1,4,5
475431,8,5,2,1,4,0,0,5,0,1,4,5
475431,9,6,1,1,7,0,0,8,0,1,7,8
475431,9,6,2,1,7,0,0,8,0,1,7,8
475431,10,7,1,0,2,0,0,2,0,0,2,2
475431,10,7,2,0,2,0,0,2,0,0,2,2
475431,11,8,1,0,4,0,0,4,0,0,4,4
475431,11,8,2,0,4,0,0,4,0,0,4,4
475431,12,9,1,0,3,0,0,3,0,0,3,3
475431,12,9,2,0,3,0,0,3,0,0,3,3
475486,1,412,1,43,300,0,3,343,3,43,303,346
475486,1,112,2,43,300,0,3,343,3,43,303,346
475486,2,999,1,19,190,0,1,209,1,19,191,210
475486,2,999,2,19,190,0,1,209,1,19,191,210
475486,3,1,1,1,3,0,0,4,0,1,3,4
475486,3,1,2,1,3,0,0,4,0,1,3,4
475486,4,2,1,6,61,0,0,67,0,6,61,67
475486,4,2,2,6,61,0,0,67,0,6,61,67
475486,5,3,1,5,65,0,0,70,0,5,65,70
475486,5,3,2,5,65,0,0,70,0,5,65,70
475486,6,4,1,7,61,0,1,68,1,7,62,69
475486,6,4,2,7,61,0,1,68,1,7,62,69
475486,7,999,1,24,110,0,2,134,2,24,112,136
475486,7,999,2,24,110,0,2,134,2,24,112,136
475486,8,5,1,13,57,0,0,70,0,13,57,70
475486,8,5,2,13,57,0,0,70,0,13,57,70
475486,9,6,1,3,27,0,2,30,2,3,29,32
475486,9,6,2,3,27,0,2,30,2,3,29,32
475486,10,7,1,5,18,0,0,23,0,5,18,23
475486,10,7,2,5,18,0,0,23,0,5,18,23
475486,11,8,1,3,7,0,0,10,0,3,7,10
475486,11,8,2,3,7,0,0,10,0,3,7,10
475486,12,9,1,0,1,0,0,1,0,0,1,1
475486,12,9,2,0,1,0,0,1,0,0,1,1
475495,1,412,1,419,774,0,0,1193,0,419,774,1193
475495,1,312,5,419,774,0,0,1193,0,419,774,1193
475495,2,999,1,29,79,0,0,108,0,29,79,108
475495,2,999,5,29,79,0,0,108,0,29,79,108
475495,6,4,1,29,79,0,0,108,0,29,79,108
475495,6,4,5,29,79,0,0,108,0,29,79,108
475495,7,999,1,390,695,0,0,1085,0,390,695,1085
475495,7,999,5,390,695,0,0,1085,0,390,695,1085
475495,8,5,1,129,257,0,0,386,0,129,257,386
475495,8,5,5,129,257,0,0,386,0,129,257,386
475495,9,6,1,65,114,0,0,179,0,65,114,179
475495,9,6,5,65,114,0,0,179,0,65,114,179
475495,10,7,1,54,77,0,0,131,0,54,77,131
475495,10,7,5,54,77,0,0,131,0,54,77,131
475495,11,8,1,90,145,0,0,235,0,90,145,235
475495,11,8,5,90,145,0,0,235,0,90,145,235
475495,12,9,1,50,96,0,0,146,0,50,96,146
475495,12,9,5,50,96,0,0,146,0,50,96,146
475495,13,10,1,2,6,0,0,8,0,2,6,8
475495,13,10,5,2,6,0,0,8,0,2,6,8
475547,1,412,1,12,57,13,46,69,59,25,103,128
475547,1,112,2,12,57,13,46,69,59,25,103,128
475547,2,999,1,3,41,3,30,44,33,6,71,77
475547,2,999,2,3,41,3,30,44,33,6,71,77
475547,4,2,1,1,17,1,4,18,5,2,21,23
475547,4,2,2,1,17,1,4,18,5,2,21,23
475547,5,3,1,0,17,0,13,17,13,0,30,30
475547,5,3,2,0,17,0,13,17,13,0,30,30
475547,6,4,1,2,7,2,13,9,15,4,20,24
475547,6,4,2,2,7,2,13,9,15,4,20,24
475547,7,999,1,9,16,10,16,25,26,19,32,51
475547,7,999,2,9,16,10,16,25,26,19,32,51
475547,8,5,1,4,9,6,7,13,13,10,16,26
475547,8,5,2,4,9,6,7,13,13,10,16,26
475547,9,6,1,2,4,2,6,6,8,4,10,14
475547,9,6,2,2,4,2,6,6,8,4,10,14
475547,10,7,1,2,2,1,2,4,3,3,4,7
475547,10,7,2,2,2,1,2,4,3,3,4,7
475547,11,8,1,1,0,1,0,1,1,2,0,2
475547,11,8,2,1,0,1,0,1,1,2,0,2
475547,12,9,1,0,1,0,1,1,1,0,2,2
475547,12,9,2,0,1,0,1,1,1,0,2,2
475556,1,412,1,7,95,6,69,102,75,13,164,177
475556,1,112,2,7,95,6,69,102,75,13,164,177
475556,2,999,1,4,61,3,35,65,38,7,96,103
475556,2,999,2,4,61,3,35,65,38,7,96,103
475556,3,1,1,0,2,0,2,2,2,0,4,4
475556,3,1,2,0,2,0,2,2,2,0,4,4
475556,4,2,1,1,22,0,3,23,3,1,25,26
475556,4,2,2,1,22,0,3,23,3,1,25,26
475556,5,3,1,1,23,1,15,24,16,2,38,40
475556,5,3,2,1,23,1,15,24,16,2,38,40
475556,6,4,1,2,14,2,15,16,17,4,29,33
475556,6,4,2,2,14,2,15,16,17,4,29,33
475556,7,999,1,3,34,3,34,37,37,6,68,74
475556,7,999,2,3,34,3,34,37,37,6,68,74
475556,8,5,1,0,20,2,21,20,23,2,41,43
475556,8,5,2,0,20,2,21,20,23,2,41,43
475556,9,6,1,3,8,0,11,11,11,3,19,22
475556,9,6,2,3,8,0,11,11,11,3,19,22
475556,10,7,1,0,4,0,1,4,1,0,5,5
475556,10,7,2,0,4,0,1,4,1,0,5,5
475556,11,8,1,0,1,0,1,1,1,0,2,2
475556,11,8,2,0,1,0,1,1,1,0,2,2
475556,12,9,1,0,1,1,0,1,1,1,1,2
475556,12,9,2,0,1,1,0,1,1,1,1,2
475565,1,412,1,400,511,57,53,911,110,457,564,1021
475565,1,112,2,400,511,57,53,911,110,457,564,1021
475565,2,999,1,397,502,52,50,899,102,449,552,1001
475565,2,999,2,397,502,52,50,899,102,449,552,1001
475565,3,1,1,2,5,0,0,7,0,2,5,7
475565,3,1,2,2,5,0,0,7,0,2,5,7
475565,4,2,1,253,328,6,9,581,15,259,337,596
475565,4,2,2,253,328,6,9,581,15,259,337,596
475565,5,3,1,120,125,34,28,245,62,154,153,307
475565,5,3,2,120,125,34,28,245,62,154,153,307
475565,6,4,1,22,44,12,13,66,25,34,57,91
475565,6,4,2,22,44,12,13,66,25,34,57,91
475565,7,999,1,3,9,5,3,12,8,8,12,20
475565,7,999,2,3,9,5,3,12,8,8,12,20
475565,8,5,1,3,6,3,3,9,6,6,9,15
475565,8,5,2,3,6,3,3,9,6,6,9,15
475565,9,6,1,0,2,1,0,2,1,1,2,3
475565,9,6,2,0,2,1,0,2,1,1,2,3
475565,11,8,1,0,1,0,0,1,0,0,1,1
475565,11,8,2,0,1,0,0,1,0,0,1,1
475565,12,9,1,0,0,1,0,0,1,1,0,1
475565,12,9,2,0,0,1,0,0,1,1,0,1
475723,1,412,1,46,73,212,135,119,347,258,208,466
475723,1,112,2,46,73,212,135,119,347,258,208,466
475723,2,999,1,31,45,114,62,76,176,145,107,252
475723,2,999,2,31,45,114,62,76,176,145,107,252
475723,3,1,1,0,0,1,1,0,2,1,1,2
475723,3,1,2,0,0,1,1,0,2,1,1,2
475723,4,2,1,19,25,51,36,44,87,70,61,131
475723,4,2,2,19,25,51,36,44,87,70,61,131
475723,5,3,1,9,10,32,13,19,45,41,23,64
475723,5,3,2,9,10,32,13,19,45,41,23,64
475723,6,4,1,3,10,30,12,13,42,33,22,55
475723,6,4,2,3,10,30,12,13,42,33,22,55
475723,7,999,1,15,28,98,73,43,171,113,101,214
475723,7,999,2,15,28,98,73,43,171,113,101,214
475723,8,5,1,3,9,29,11,12,40,32,20,52
475723,8,5,2,3,9,29,11,12,40,32,20,52
475723,9,6,1,5,6,17,9,11,26,22,15,37
475723,9,6,2,5,6,17,9,11,26,22,15,37
475723,10,7,1,1,6,9,6,7,15,10,12,22
475723,10,7,2,1,6,9,6,7,15,10,12,22
475723,11,8,1,3,4,27,22,7,49,30,26,56
475723,11,8,2,3,4,27,22,7,49,30,26,56
475723,12,9,1,2,2,14,23,4,37,16,25,41
475723,12,9,2,2,2,14,23,4,37,16,25,41
475723,13,10,1,1,1,2,2,2,4,3,3,6
475723,13,10,2,1,1,2,2,2,4,3,3,6
475732,1,412,1,43,337,95,855,380,950,138,1192,1330
475732,1,112,2,43,337,95,855,380,950,138,1192,1330
475732,2,999,1,13,119,26,250,132,276,39,369,408
475732,2,999,2,13,119,26,250,132,276,39,369,408
475732,3,1,1,0,1,0,0,1,0,0,1,1
475732,3,1,2,0,1,0,0,1,0,0,1,1
475732,4,2,1,0,4,0,6,4,6,0,10,10
475732,4,2,2,0,4,0,6,4,6,0,10,10
475732,5,3,1,2,31,4,38,33,42,6,69,75
475732,5,3,2,2,31,4,38,33,42,6,69,75
475732,6,4,1,11,83,22,206,94,228,33,289,322
475732,6,4,2,11,83,22,206,94,228,33,289,322
475732,7,999,1,30,218,69,605,248,674,99,823,922
475732,7,999,2,30,218,69,605,248,674,99,823,922
475732,8,5,1,7,80,25,260,87,285,32,340,372
475732,8,5,2,7,80,25,260,87,285,32,340,372
475732,9,6,1,8,52,16,100,60,116,24,152,176
475732,9,6,2,8,52,16,100,60,116,24,152,176
475732,10,7,1,8,35,8,100,43,108,16,135,151
475732,10,7,2,8,35,8,100,43,108,16,135,151
475732,11,8,1,6,40,17,107,46,124,23,147,170
475732,11,8,2,6,40,17,107,46,124,23,147,170
475732,12,9,1,1,11,3,38,12,41,4,49,53
475732,12,9,2,1,11,3,38,12,41,4,49,53
475741,1,412,1,7,109,15,144,116,159,22,253,275
475741,1,112,2,7,109,15,144,116,159,22,253,275
475741,2,999,1,3,30,4,46,33,50,7,76,83
475741,2,999,2,3,30,4,46,33,50,7,76,83
475741,3,1,1,1,0,0,0,1,0,1,0,1
475741,3,1,2,1,0,0,0,1,0,1,0,1
475741,4,2,1,0,3,0,3,3,3,0,6,6
475741,4,2,2,0,3,0,3,3,3,0,6,6
475741,5,3,1,1,11,1,9,12,10,2,20,22
475741,5,3,2,1,11,1,9,12,10,2,20,22
475741,6,4,1,1,16,3,34,17,37,4,50,54
475741,6,4,2,1,16,3,34,17,37,4,50,54
475741,7,999,1,4,79,11,98,83,109,15,177,192
475741,7,999,2,4,79,11,98,83,109,15,177,192
475741,8,5,1,2,36,4,38,38,42,6,74,80
475741,8,5,2,2,36,4,38,38,42,6,74,80
475741,9,6,1,1,15,1,27,16,28,2,42,44
475741,9,6,2,1,15,1,27,16,28,2,42,44
475741,10,7,1,0,16,4,15,16,19,4,31,35
475741,10,7,2,0,16,4,15,16,19,4,31,35
475741,11,8,1,0,11,2,16,11,18,2,27,29
475741,11,8,2,0,11,2,16,11,18,2,27,29
475741,12,9,1,1,1,0,2,2,2,1,3,4
475741,12,9,2,1,1,0,2,2,2,1,3,4
476063,1,412,1,209,9,0,0,218,0,209,9,218
476063,1,112,2,209,9,0,0,218,0,209,9,218
476063,2,999,1,72,4,0,0,76,0,72,4,76
476063,2,999,2,72,4,0,0,76,0,72,4,76
476063,3,1,1,4,0,0,0,4,0,4,0,4
476063,3,1,2,4,0,0,0,4,0,4,0,4
476063,4,2,1,19,0,0,0,19,0,19,0,19
476063,4,2,2,19,0,0,0,19,0,19,0,19
476063,5,3,1,23,0,0,0,23,0,23,0,23
476063,5,3,2,23,0,0,0,23,0,23,0,23
476063,6,4,1,26,4,0,0,30,0,26,4,30
476063,6,4,2,26,4,0,0,30,0,26,4,30
476063,7,999,1,137,5,0,0,142,0,137,5,142
476063,7,999,2,137,5,0,0,142,0,137,5,142
476063,8,5,1,47,0,0,0,47,0,47,0,47
476063,8,5,2,47,0,0,0,47,0,47,0,47
476063,9,6,1,39,2,0,0,41,0,39,2,41
476063,9,6,2,39,2,0,0,41,0,39,2,41
476063,10,7,1,22,2,0,0,24,0,22,2,24
476063,10,7,2,22,2,0,0,24,0,22,2,24
476063,11,8,1,24,1,0,0,25,0,24,1,25
476063,11,8,2,24,1,0,0,25,0,24,1,25
476063,12,9,1,5,0,0,0,5,0,5,0,5
476063,12,9,2,5,0,0,0,5,0,5,0,5
476179,1,412,1,4,70,2,49,74,51,6,119,125
476179,1,112,2,4,70,2,49,74,51,6,119,125
476179,2,999,1,1,40,0,25,41,25,1,65,66
476179,2,999,2,1,40,0,25,41,25,1,65,66
476179,3,1,1,0,1,0,0,1,0,0,1,1
476179,3,1,2,0,1,0,0,1,0,0,1,1
476179,4,2,1,0,13,0,2,13,2,0,15,15
476179,4,2,2,0,13,0,2,13,2,0,15,15
476179,5,3,1,1,15,0,6,16,6,1,21,22
476179,5,3,2,1,15,0,6,16,6,1,21,22
476179,6,4,1,0,11,0,17,11,17,0,28,28
476179,6,4,2,0,11,0,17,11,17,0,28,28
476179,7,999,1,3,30,2,24,33,26,5,54,59
476179,7,999,2,3,30,2,24,33,26,5,54,59
476179,8,5,1,1,16,2,6,17,8,3,22,25
476179,8,5,2,1,16,2,6,17,8,3,22,25
476179,9,6,1,1,5,0,7,6,7,1,12,13
476179,9,6,2,1,5,0,7,6,7,1,12,13
476179,10,7,1,0,4,0,4,4,4,0,8,8
476179,10,7,2,0,4,0,4,4,4,0,8,8
476179,11,8,1,1,4,0,7,5,7,1,11,12
476179,11,8,2,1,4,0,7,5,7,1,11,12
476179,12,9,1,0,1,0,0,1,0,0,1,1
476179,12,9,2,0,1,0,0,1,0,0,1,1
476294,1,412,1,9,56,10,57,65,67,19,113,132
476294,1,112,2,9,56,10,57,65,67,19,113,132
476294,2,999,1,7,37,2,28,44,30,9,65,74
476294,2,999,2,7,37,2,28,44,30,9,65,74
476294,4,2,1,2,14,0,8,16,8,2,22,24
476294,4,2,2,2,14,0,8,16,8,2,22,24
476294,5,3,1,3,11,1,7,14,8,4,18,22
476294,5,3,2,3,11,1,7,14,8,4,18,22
476294,6,4,1,2,12,1,13,14,14,3,25,28
476294,6,4,2,2,12,1,13,14,14,3,25,28
476294,7,999,1,2,19,8,29,21,37,10,48,58
476294,7,999,2,2,19,8,29,21,37,10,48,58
476294,8,5,1,1,8,2,16,9,18,3,24,27
476294,8,5,2,1,8,2,16,9,18,3,24,27
476294,9,6,1,0,3,5,9,3,14,5,12,17
476294,9,6,2,0,3,5,9,3,14,5,12,17
476294,10,7,1,1,3,0,2,4,2,1,5,6
476294,10,7,2,1,3,0,2,4,2,1,5,6
476294,11,8,1,0,4,1,2,4,3,1,6,7
476294,11,8,2,0,4,1,2,4,3,1,6,7
476294,12,9,1,0,1,0,0,1,0,0,1,1
476294,12,9,2,0,1,0,0,1,0,0,1,1
476513,1,412,1,1,43,0,0,44,0,1,43,44
476513,1,112,2,1,43,0,0,44,0,1,43,44
476513,2,999,1,1,32,0,0,33,0,1,32,33
476513,2,999,2,1,32,0,0,33,0,1,32,33
476513,3,1,1,0,1,0,0,1,0,0,1,1
476513,3,1,2,0,1,0,0,1,0,0,1,1
476513,4,2,1,0,13,0,0,13,0,0,13,13
476513,4,2,2,0,13,0,0,13,0,0,13,13
476513,5,3,1,0,9,0,0,9,0,0,9,9
476513,5,3,2,0,9,0,0,9,0,0,9,9
476513,6,4,1,1,9,0,0,10,0,1,9,10
476513,6,4,2,1,9,0,0,10,0,1,9,10
476513,7,999,1,0,11,0,0,11,0,0,11,11
476513,7,999,2,0,11,0,0,11,0,0,11,11
476513,8,5,1,0,6,0,0,6,0,0,6,6
476513,8,5,2,0,6,0,0,6,0,0,6,6
476513,9,6,1,0,2,0,0,2,0,0,2,2
476513,9,6,2,0,2,0,0,2,0,0,2,2
476513,11,8,1,0,1,0,0,1,0,0,1,1
476513,11,8,2,0,1,0,0,1,0,0,1,1
476513,12,9,1,0,2,0,0,2,0,0,2,2
476513,12,9,2,0,2,0,0,2,0,0,2,2
476735,1,412,1,9,5,14,20,14,34,23,25,48
476735,1,112,2,9,5,14,20,14,34,23,25,48
476735,2,999,1,9,5,10,17,14,27,19,22,41
476735,2,999,2,9,5,10,17,14,27,19,22,41
476735,3,1,1,0,0,1,4,0,5,1,4,5
476735,3,1,2,0,0,1,4,0,5,1,4,5
476735,4,2,1,5,1,4,5,6,9,9,6,15
476735,4,2,2,5,1,4,5,6,9,9,6,15
476735,5,3,1,3,3,4,5,6,9,7,8,15
476735,5,3,2,3,3,4,5,6,9,7,8,15
476735,6,4,1,1,1,1,3,2,4,2,4,6
476735,6,4,2,1,1,1,3,2,4,2,4,6
476735,7,999,1,0,0,4,3,0,7,4,3,7
476735,7,999,2,0,0,4,3,0,7,4,3,7
476735,8,5,1,0,0,2,3,0,5,2,3,5
476735,8,5,2,0,0,2,3,0,5,2,3,5
476735,10,7,1,0,0,2,0,0,2,2,0,2
476735,10,7,2,0,0,2,0,0,2,2,0,2
476805,1,412,1,1,45,0,0,46,0,1,45,46
476805,1,112,2,1,45,0,0,46,0,1,45,46
476805,2,999,1,1,31,0,0,32,0,1,31,32
476805,2,999,2,1,31,0,0,32,0,1,31,32
476805,4,2,1,0,13,0,0,13,0,0,13,13
476805,4,2,2,0,13,0,0,13,0,0,13,13
476805,5,3,1,0,10,0,0,10,0,0,10,10
476805,5,3,2,0,10,0,0,10,0,0,10,10
476805,6,4,1,1,8,0,0,9,0,1,8,9
476805,6,4,2,1,8,0,0,9,0,1,8,9
476805,7,999,1,0,14,0,0,14,0,0,14,14
476805,7,999,2,0,14,0,0,14,0,0,14,14
476805,8,5,1,0,8,0,0,8,0,0,8,8
476805,8,5,2,0,8,0,0,8,0,0,8,8
476805,9,6,1,0,3,0,0,3,0,0,3,3
476805,9,6,2,0,3,0,0,3,0,0,3,3
476805,10,7,1,0,3,0,0,3,0,0,3,3
476805,10,7,2,0,3,0,0,3,0,0,3,3
476841,1,412,1,26,124,10,66,150,76,36,190,226
476841,1,112,2,26,124,10,66,150,76,36,190,226
476841,2,999,1,12,78,6,38,90,44,18,116,134
476841,2,999,2,12,78,6,38,90,44,18,116,134
476841,3,1,1,0,0,0,1,0,1,0,1,1
476841,3,1,2,0,0,0,1,0,1,0,1,1
476841,4,2,1,3,25,5,12,28,17,8,37,45
476841,4,2,2,3,25,5,12,28,17,8,37,45
476841,5,3,1,4,28,0,13,32,13,4,41,45
476841,5,3,2,4,28,0,13,32,13,4,41,45
476841,6,4,1,5,25,1,12,30,13,6,37,43
476841,6,4,2,5,25,1,12,30,13,6,37,43
476841,7,999,1,14,46,4,28,60,32,18,74,92
476841,7,999,2,14,46,4,28,60,32,18,74,92
476841,8,5,1,4,20,3,19,24,22,7,39,46
476841,8,5,2,4,20,3,19,24,22,7,39,46
476841,9,6,1,6,17,1,4,23,5,7,21,28
476841,9,6,2,6,17,1,4,23,5,7,21,28
476841,10,7,1,1,5,0,5,6,5,1,10,11
476841,10,7,2,1,5,0,5,6,5,1,10,11
476841,11,8,1,1,3,0,0,4,0,1,3,4
476841,11,8,2,1,3,0,0,4,0,1,3,4
476841,12,9,1,2,1,0,0,3,0,2,1,3
476841,12,9,2,2,1,0,0,3,0,2,1,3
476902,1,412,1,0,45,1,26,45,27,1,71,72
476902,1,112,2,0,45,1,26,45,27,1,71,72
476902,2,999,1,0,29,0,10,29,10,0,39,39
476902,2,999,2,0,29,0,10,29,10,0,39,39
476902,4,2,1,0,10,0,2,10,2,0,12,12
476902,4,2,2,0,10,0,2,10,2,0,12,12
476902,5,3,1,0,10,0,4,10,4,0,14,14
476902,5,3,2,0,10,0,4,10,4,0,14,14
476902,6,4,1,0,9,0,4,9,4,0,13,13
476902,6,4,2,0,9,0,4,9,4,0,13,13
476902,7,999,1,0,16,1,16,16,17,1,32,33
476902,7,999,2,0,16,1,16,16,17,1,32,33
476902,8,5,1,0,9,1,7,9,8,1,16,17
476902,8,5,2,0,9,1,7,9,8,1,16,17
476902,9,6,1,0,3,0,8,3,8,0,11,11
476902,9,6,2,0,3,0,8,3,8,0,11,11
476902,10,7,1,0,1,0,0,1,0,0,1,1
476902,10,7,2,0,1,0,0,1,0,0,1,1
476902,11,8,1,0,2,0,1,2,1,0,3,3
476902,11,8,2,0,2,0,1,2,1,0,3,3
476902,12,9,1,0,1,0,0,1,0,0,1,1
476902,12,9,2,0,1,0,0,1,0,0,1,1
476975,1,412,1,1040,1383,4235,5920,2423,10155,5275,7303,12578
476975,1,112,2,923,1157,2670,3220,2080,5890,3593,4377,7970
476975,1,312,5,117,226,1565,2700,343,4265,1682,2926,4608
476975,2,999,1,195,282,543,716,477,1259,738,998,1736
476975,2,999,2,183,237,438,491,420,929,621,728,1349
476975,2,999,5,12,45,105,225,57,330,117,270,387
476975,3,1,1,0,1,68,93,1,161,68,94,162
476975,3,1,2,0,1,68,93,1,161,68,94,162
476975,4,2,1,10,18,39,36,28,75,49,54,103
476975,4,2,2,10,18,39,36,28,75,49,54,103
476975,5,3,1,57,66,88,93,123,181,145,159,304
476975,5,3,2,57,63,87,87,120,174,144,150,294
476975,5,3,5,0,3,1,6,3,7,1,9,10
476975,6,4,1,128,197,348,494,325,842,476,691,1167
476975,6,4,2,116,155,244,275,271,519,360,430,790
476975,6,4,5,12,42,104,219,54,323,116,261,377
476975,7,999,1,845,1101,3692,5204,1946,8896,4537,6305,10842
476975,7,999,2,740,920,2232,2729,1660,4961,2972,3649,6621
476975,7,999,5,105,181,1460,2475,286,3935,1565,2656,4221
476975,8,5,1,268,387,951,1337,655,2288,1219,1724,2943
476975,8,5,2,245,320,592,678,565,1270,837,998,1835
476975,8,5,5,23,67,359,659,90,1018,382,726,1108
476975,9,6,1,252,253,946,1202,505,2148,1198,1455,2653
476975,9,6,2,221,212,579,629,433,1208,800,841,1641
476975,9,6,5,31,41,367,573,72,940,398,614,1012
476975,10,7,1,146,204,716,944,350,1660,862,1148,2010
476975,10,7,2,122,175,443,522,297,965,565,697,1262
476975,10,7,5,24,29,273,422,53,695,297,451,748
476975,11,8,1,135,203,792,1254,338,2046,927,1457,2384
476975,11,8,2,113,168,479,649,281,1128,592,817,1409
476975,11,8,5,22,35,313,605,57,918,335,640,975
476975,12,9,1,41,53,276,452,94,728,317,505,822
476975,12,9,2,36,44,135,241,80,376,171,285,456
476975,12,9,5,5,9,141,211,14,352,146,220,366
476975,13,10,1,3,1,11,15,4,26,14,16,30
476975,13,10,2,3,1,4,10,4,14,7,11,18
476975,13,10,5,0,0,7,5,0,12,7,5,12
476984,1,412,1,8,145,3,55,153,58,11,200,211
476984,1,112,2,8,145,3,55,153,58,11,200,211
476984,2,999,1,3,103,0,29,106,29,3,132,135
476984,2,999,2,3,103,0,29,106,29,3,132,135
476984,4,2,1,1,42,0,5,43,5,1,47,48
476984,4,2,2,1,42,0,5,43,5,1,47,48
476984,5,3,1,2,40,0,7,42,7,2,47,49
476984,5,3,2,2,40,0,7,42,7,2,47,49
476984,6,4,1,0,21,0,17,21,17,0,38,38
476984,6,4,2,0,21,0,17,21,17,0,38,38
476984,7,999,1,5,42,3,26,47,29,8,68,76
476984,7,999,2,5,42,3,26,47,29,8,68,76
476984,8,5,1,1,22,1,12,23,13,2,34,36
476984,8,5,2,1,22,1,12,23,13,2,34,36
476984,9,6,1,0,11,1,7,11,8,1,18,19
476984,9,6,2,0,11,1,7,11,8,1,18,19
476984,10,7,1,1,7,0,2,8,2,1,9,10
476984,10,7,2,1,7,0,2,8,2,1,9,10
476984,11,8,1,3,2,0,4,5,4,3,6,9
476984,11,8,2,3,2,0,4,5,4,3,6,9
476984,12,9,1,0,0,1,1,0,2,1,1,2
476984,12,9,2,0,0,1,1,0,2,1,1,2
476993,1,412,1,2,210,0,0,212,0,2,210,212
476993,1,112,2,2,210,0,0,212,0,2,210,212
476993,2,999,1,1,141,0,0,142,0,1,141,142
476993,2,999,2,1,141,0,0,142,0,1,141,142
476993,3,1,1,0,1,0,0,1,0,0,1,1
476993,3,1,2,0,1,0,0,1,0,0,1,1
476993,4,2,1,1,37,0,0,38,0,1,37,38
476993,4,2,2,1,37,0,0,38,0,1,37,38
476993,5,3,1,0,53,0,0,53,0,0,53,53
476993,5,3,2,0,53,0,0,53,0,0,53,53
476993,6,4,1,0,50,0,0,50,0,0,50,50
476993,6,4,2,0,50,0,0,50,0,0,50,50
476993,7,999,1,1,69,0,0,70,0,1,69,70
476993,7,999,2,1,69,0,0,70,0,1,69,70
476993,8,5,1,1,33,0,0,34,0,1,33,34
476993,8,5,2,1,33,0,0,34,0,1,33,34
476993,9,6,1,0,14,0,0,14,0,0,14,14
476993,9,6,2,0,14,0,0,14,0,0,14,14
476993,10,7,1,0,8,0,0,8,0,0,8,8
476993,10,7,2,0,8,0,0,8,0,0,8,8
476993,11,8,1,0,10,0,0,10,0,0,10,10
476993,11,8,2,0,10,0,0,10,0,0,10,10
476993,12,9,1,0,4,0,0,4,0,0,4,4
476993,12,9,2,0,4,0,0,4,0,0,4,4
477039,1,412,1,146,936,66,348,1082,414,212,1284,1496
477039,1,112,2,118,865,33,166,983,199,151,1031,1182
477039,1,312,5,28,71,33,182,99,215,61,253,314
477039,2,999,1,47,348,6,43,395,49,53,391,444
477039,2,999,2,40,337,3,33,377,36,43,370,413
477039,2,999,5,7,11,3,10,18,13,10,21,31
477039,3,1,1,0,1,0,0,1,0,0,1,1
477039,3,1,2,0,1,0,0,1,0,0,1,1
477039,4,2,1,3,22,0,1,25,1,3,23,26
477039,4,2,2,3,22,0,1,25,1,3,23,26
477039,5,3,1,16,121,1,8,137,9,17,129,146
477039,5,3,2,16,120,1,8,136,9,17,128,145
477039,5,3,5,0,1,0,0,1,0,0,1,1
477039,6,4,1,28,204,5,34,232,39,33,238,271
477039,6,4,2,21,194,2,24,215,26,23,218,241
477039,6,4,5,7,10,3,10,17,13,10,20,30
477039,7,999,1,99,588,60,305,687,365,159,893,1052
477039,7,999,2,78,528,30,133,606,163,108,661,769
477039,7,999,5,21,60,30,172,81,202,51,232,283
477039,8,5,1,33,226,14,79,259,93,47,305,352
477039,8,5,2,29,216,7,42,245,49,36,258,294
477039,8,5,5,4,10,7,37,14,44,11,47,58
477039,9,6,1,20,125,13,57,145,70,33,182,215
477039,9,6,2,15,114,6,23,129,29,21,137,158
477039,9,6,5,5,11,7,34,16,41,12,45,57
477039,10,7,1,19,104,9,50,123,59,28,154,182
477039,10,7,2,15,88,5,24,103,29,20,112,132
477039,10,7,5,4,16,4,26,20,30,8,42,50
477039,11,8,1,18,106,13,75,124,88,31,181,212
477039,11,8,2,15,92,6,31,107,37,21,123,144
477039,11,8,5,3,14,7,44,17,51,10,58,68
477039,12,9,1,9,27,11,41,36,52,20,68,88
477039,12,9,2,4,18,6,13,22,19,10,31,41
477039,12,9,5,5,9,5,28,14,33,10,37,47
477039,13,10,1,0,0,0,3,0,3,0,3,3
477039,13,10,5,0,0,0,3,0,3,0,3,3
478582,1,412,1,5,83,1,49,88,50,6,132,138
478582,1,112,2,5,83,1,49,88,50,6,132,138
478582,2,999,1,1,45,0,21,46,21,1,66,67
478582,2,999,2,1,45,0,21,46,21,1,66,67
478582,4,2,1,0,7,0,4,7,4,0,11,11
478582,4,2,2,0,7,0,4,7,4,0,11,11
478582,5,3,1,0,20,0,7,20,7,0,27,27
478582,5,3,2,0,20,0,7,20,7,0,27,27
478582,6,4,1,1,18,0,10,19,10,1,28,29
478582,6,4,2,1,18,0,10,19,10,1,28,29
478582,7,999,1,4,38,1,28,42,29,5,66,71
478582,7,999,2,4,38,1,28,42,29,5,66,71
478582,8,5,1,3,14,0,9,17,9,3,23,26
478582,8,5,2,3,14,0,9,17,9,3,23,26
478582,9,6,1,0,11,1,2,11,3,1,13,14
478582,9,6,2,0,11,1,2,11,3,1,13,14
478582,10,7,1,1,9,0,5,10,5,1,14,15
478582,10,7,2,1,9,0,5,10,5,1,14,15
478582,11,8,1,0,4,0,9,4,9,0,13,13
478582,11,8,2,0,4,0,9,4,9,0,13,13
478582,12,9,1,0,0,0,3,0,3,0,3,3
478582,12,9,2,0,0,0,3,0,3,0,3,3
478616,1,412,1,8,61,4,32,69,36,12,93,105
478616,1,112,2,8,61,4,32,69,36,12,93,105
478616,2,999,1,5,33,1,15,38,16,6,48,54
478616,2,999,2,5,33,1,15,38,16,6,48,54
478616,4,2,1,3,11,1,1,14,2,4,12,16
478616,4,2,2,3,11,1,1,14,2,4,12,16
478616,5,3,1,1,14,0,7,15,7,1,21,22
478616,5,3,2,1,14,0,7,15,7,1,21,22
478616,6,4,1,1,8,0,7,9,7,1,15,16
478616,6,4,2,1,8,0,7,9,7,1,15,16
478616,7,999,1,3,28,3,17,31,20,6,45,51
478616,7,999,2,3,28,3,17,31,20,6,45,51
478616,8,5,1,1,13,2,7,14,9,3,20,23
478616,8,5,2,1,13,2,7,14,9,3,20,23
478616,9,6,1,1,9,0,6,10,6,1,15,16
478616,9,6,2,1,9,0,6,10,6,1,15,16
478616,10,7,1,0,2,0,2,2,2,0,4,4
478616,10,7,2,0,2,0,2,2,2,0,4,4
478616,11,8,1,1,4,0,2,5,2,1,6,7
478616,11,8,2,1,4,0,2,5,2,1,6,7
478616,12,9,1,0,0,1,0,0,1,1,0,1
478616,12,9,2,0,0,1,0,0,1,1,0,1
478953,1,412,1,5,150,0,0,155,0,5,150,155
478953,1,112,2,5,150,0,0,155,0,5,150,155
478953,2,999,1,3,113,0,0,116,0,3,113,116
478953,2,999,2,3,113,0,0,116,0,3,113,116
478953,3,1,1,0,1,0,0,1,0,0,1,1
478953,3,1,2,0,1,0,0,1,0,0,1,1
478953,4,2,1,1,53,0,0,54,0,1,53,54
478953,4,2,2,1,53,0,0,54,0,1,53,54
478953,5,3,1,1,36,0,0,37,0,1,36,37
478953,5,3,2,1,36,0,0,37,0,1,36,37
478953,6,4,1,1,23,0,0,24,0,1,23,24
478953,6,4,2,1,23,0,0,24,0,1,23,24
478953,7,999,1,2,37,0,0,39,0,2,37,39
478953,7,999,2,2,37,0,0,39,0,2,37,39
478953,8,5,1,1,22,0,0,23,0,1,22,23
478953,8,5,2,1,22,0,0,23,0,1,22,23
478953,9,6,1,0,10,0,0,10,0,0,10,10
478953,9,6,2,0,10,0,0,10,0,0,10,10
478953,10,7,1,1,3,0,0,4,0,1,3,4
478953,10,7,2,1,3,0,0,4,0,1,3,4
478953,11,8,1,0,1,0,0,1,0,0,1,1
478953,11,8,2,0,1,0,0,1,0,0,1,1
478953,12,9,1,0,1,0,0,1,0,0,1,1
478953,12,9,2,0,1,0,0,1,0,0,1,1
480019,1,412,1,516,39,102,13,555,115,618,52,670
480019,1,112,2,516,39,102,13,555,115,618,52,670
480019,2,999,1,204,8,27,2,212,29,231,10,241
480019,2,999,2,204,8,27,2,212,29,231,10,241
480019,4,2,1,46,0,2,0,46,2,48,0,48
480019,4,2,2,46,0,2,0,46,2,48,0,48
480019,5,3,1,69,5,4,0,74,4,73,5,78
480019,5,3,2,69,5,4,0,74,4,73,5,78
480019,6,4,1,89,3,21,2,92,23,110,5,115
480019,6,4,2,89,3,21,2,92,23,110,5,115
480019,7,999,1,312,31,75,11,343,86,387,42,429
480019,7,999,2,312,31,75,11,343,86,387,42,429
480019,8,5,1,109,12,21,4,121,25,130,16,146
480019,8,5,2,109,12,21,4,121,25,130,16,146
480019,9,6,1,70,1,21,3,71,24,91,4,95
480019,9,6,2,70,1,21,3,71,24,91,4,95
480019,10,7,1,38,8,14,2,46,16,52,10,62
480019,10,7,2,38,8,14,2,46,16,52,10,62
480019,11,8,1,51,8,15,2,59,17,66,10,76
480019,11,8,2,51,8,15,2,59,17,66,10,76
480019,12,9,1,41,2,4,0,43,4,45,2,47
480019,12,9,2,41,2,4,0,43,4,45,2,47
480019,13,10,1,3,0,0,0,3,0,3,0,3
480019,13,10,2,3,0,0,0,3,0,3,0,3
480028,1,412,1,78,22,2,0,100,2,80,22,102
480028,1,112,2,78,22,2,0,100,2,80,22,102
480028,2,999,1,17,9,1,0,26,1,18,9,27
480028,2,999,2,17,9,1,0,26,1,18,9,27
480028,4,2,1,5,2,0,0,7,0,5,2,7
480028,4,2,2,5,2,0,0,7,0,5,2,7
480028,5,3,1,5,4,1,0,9,1,6,4,10
480028,5,3,2,5,4,1,0,9,1,6,4,10
480028,6,4,1,7,3,0,0,10,0,7,3,10
480028,6,4,2,7,3,0,0,10,0,7,3,10
480028,7,999,1,61,13,1,0,74,1,62,13,75
480028,7,999,2,61,13,1,0,74,1,62,13,75
480028,8,5,1,23,5,0,0,28,0,23,5,28
480028,8,5,2,23,5,0,0,28,0,23,5,28
480028,9,6,1,19,3,0,0,22,0,19,3,22
480028,9,6,2,19,3,0,0,22,0,19,3,22
480028,10,7,1,14,2,1,0,16,1,15,2,17
480028,10,7,2,14,2,1,0,16,1,15,2,17
480028,11,8,1,3,1,0,0,4,0,3,1,4
480028,11,8,2,3,1,0,0,4,0,3,1,4
480028,12,9,1,2,2,0,0,4,0,2,2,4
480028,12,9,2,2,2,0,0,4,0,2,2,4
480091,1,412,1,390,3665,149,1390,4055,1539,539,5055,5594
480091,1,112,2,390,3665,149,1390,4055,1539,539,5055,5594
480091,2,999,1,87,798,34,273,885,307,121,1071,1192
480091,2,999,2,87,798,34,273,885,307,121,1071,1192
480091,3,1,1,1,3,0,1,4,1,1,4,5
480091,3,1,2,1,3,0,1,4,1,1,4,5
480091,4,2,1,14,120,5,39,134,44,19,159,178
480091,4,2,2,14,120,5,39,134,44,19,159,178
480091,5,3,1,24,206,12,93,230,105,36,299,335
480091,5,3,2,24,206,12,93,230,105,36,299,335
480091,6,4,1,48,469,17,140,517,157,65,609,674
480091,6,4,2,48,469,17,140,517,157,65,609,674
480091,7,999,1,303,2867,115,1117,3170,1232,418,3984,4402
480091,7,999,2,303,2867,115,1117,3170,1232,418,3984,4402
480091,8,5,1,94,950,25,296,1044,321,119,1246,1365
480091,8,5,2,94,950,25,296,1044,321,119,1246,1365
480091,9,6,1,68,714,24,219,782,243,92,933,1025
480091,9,6,2,68,714,24,219,782,243,92,933,1025
480091,10,7,1,58,464,20,183,522,203,78,647,725
480091,10,7,2,58,464,20,183,522,203,78,647,725
480091,11,8,1,60,519,30,240,579,270,90,759,849
480091,11,8,2,60,519,30,240,579,270,90,759,849
480091,12,9,1,17,210,16,169,227,185,33,379,412
480091,12,9,2,17,210,16,169,227,185,33,379,412
480091,13,10,1,6,10,0,10,16,10,6,20,26
480091,13,10,2,6,10,0,10,16,10,6,20,26
480310,1,412,1,2,56,0,22,58,22,2,78,80
480310,1,112,2,2,56,0,22,58,22,2,78,80
480310,2,999,1,1,25,0,8,26,8,1,33,34
480310,2,999,2,1,25,0,8,26,8,1,33,34
480310,4,2,1,0,6,0,1,6,1,0,7,7
480310,4,2,2,0,6,0,1,6,1,0,7,7
480310,5,3,1,0,11,0,2,11,2,0,13,13
480310,5,3,2,0,11,0,2,11,2,0,13,13
480310,6,4,1,1,8,0,5,9,5,1,13,14
480310,6,4,2,1,8,0,5,9,5,1,13,14
480310,7,999,1,1,31,0,14,32,14,1,45,46
480310,7,999,2,1,31,0,14,32,14,1,45,46
480310,8,5,1,1,14,0,3,15,3,1,17,18
480310,8,5,2,1,14,0,3,15,3,1,17,18
480310,9,6,1,0,9,0,5,9,5,0,14,14
480310,9,6,2,0,9,0,5,9,5,0,14,14
480310,10,7,1,0,5,0,1,5,1,0,6,6
480310,10,7,2,0,5,0,1,5,1,0,6,6
480310,11,8,1,0,2,0,4,2,4,0,6,6
480310,11,8,2,0,2,0,4,2,4,0,6,6
480310,12,9,1,0,1,0,1,1,1,0,2,2
480310,12,9,2,0,1,0,1,1,1,0,2,2
480569,1,412,1,257,405,496,545,662,1041,753,950,1703
480569,1,112,2,251,400,200,250,651,450,451,650,1101
480569,1,312,5,6,5,296,295,11,591,302,300,602
480569,2,999,1,75,105,52,86,180,138,127,191,318
480569,2,999,2,75,105,27,46,180,73,102,151,253
480569,2,999,5,0,0,25,40,0,65,25,40,65
480569,3,1,1,1,1,0,0,2,0,1,1,2
480569,3,1,2,1,1,0,0,2,0,1,1,2
480569,4,2,1,18,17,5,3,35,8,23,20,43
480569,4,2,2,18,17,5,3,35,8,23,20,43
480569,5,3,1,18,31,7,9,49,16,25,40,65
480569,5,3,2,18,31,7,7,49,14,25,38,63
480569,5,3,5,0,0,0,2,0,2,0,2,2
480569,6,4,1,38,56,40,74,94,114,78,130,208
480569,6,4,2,38,56,15,36,94,51,53,92,145
480569,6,4,5,0,0,25,38,0,63,25,38,63
480569,7,999,1,182,300,444,459,482,903,626,759,1385
480569,7,999,2,176,295,173,204,471,377,349,499,848
480569,7,999,5,6,5,271,255,11,526,277,260,537
480569,8,5,1,55,103,120,130,158,250,175,233,408
480569,8,5,2,54,101,36,45,155,81,90,146,236
480569,8,5,5,1,2,84,85,3,169,85,87,172
480569,9,6,1,49,67,117,109,116,226,166,176,342
480569,9,6,2,47,66,55,53,113,108,102,119,221
480569,9,6,5,2,1,62,56,3,118,64,57,121
480569,10,7,1,35,47,73,69,82,142,108,116,224
480569,10,7,2,33,46,30,30,79,60,63,76,139
480569,10,7,5,2,1,43,39,3,82,45,40,85
480569,11,8,1,29,61,88,99,90,187,117,160,277
480569,11,8,2,28,60,31,54,88,85,59,114,173
480569,11,8,5,1,1,57,45,2,102,58,46,104
480569,12,9,1,14,22,44,51,36,95,58,73,131
480569,12,9,2,14,22,19,21,36,40,33,43,76
480569,12,9,5,0,0,25,30,0,55,25,30,55
480569,13,10,1,0,0,2,1,0,3,2,1,3
480569,13,10,2,0,0,2,1,0,3,2,1,3
480657,1,412,1,34,307,29,320,341,349,63,627,690
480657,1,112,2,34,305,29,319,339,348,63,624,687
480657,1,312,5,0,2,0,1,2,1,0,3,3
480657,2,999,1,13,86,9,83,99,92,22,169,191
480657,2,999,2,13,86,9,83,99,92,22,169,191
480657,4,2,1,2,3,3,6,5,9,5,9,14
480657,4,2,2,2,3,3,6,5,9,5,9,14
480657,5,3,1,3,19,3,27,22,30,6,46,52
480657,5,3,2,3,19,3,27,22,30,6,46,52
480657,6,4,1,8,64,3,50,72,53,11,114,125
480657,6,4,2,8,64,3,50,72,53,11,114,125
480657,7,999,1,21,221,20,237,242,257,41,458,499
480657,7,999,2,21,219,20,236,240,256,41,455,496
480657,7,999,5,0,2,0,1,2,1,0,3,3
480657,8,5,1,6,91,9,88,97,97,15,179,194
480657,8,5,2,6,91,9,87,97,96,15,178,193
480657,8,5,5,0,0,0,1,0,1,0,1,1
480657,9,6,1,3,51,5,47,54,52,8,98,106
480657,9,6,2,3,50,5,47,53,52,8,97,105
480657,9,6,5,0,1,0,0,1,0,0,1,1
480657,10,7,1,6,37,2,53,43,55,8,90,98
480657,10,7,2,6,37,2,53,43,55,8,90,98
480657,11,8,1,5,32,0,38,37,38,5,70,75
480657,11,8,2,5,31,0,38,36,38,5,69,74
480657,11,8,5,0,1,0,0,1,0,0,1,1
480657,12,9,1,1,10,4,11,11,15,5,21,26
480657,12,9,2,1,10,4,11,11,15,5,21,26
480930,1,412,1,9,93,0,41,102,41,9,134,143
480930,1,112,2,9,93,0,41,102,41,9,134,143
480930,2,999,1,4,61,0,26,65,26,4,87,91
480930,2,999,2,4,61,0,26,65,26,4,87,91
480930,3,1,1,0,1,0,2,1,2,0,3,3
480930,3,1,2,0,1,0,2,1,2,0,3,3
480930,4,2,1,1,20,0,5,21,5,1,25,26
480930,4,2,2,1,20,0,5,21,5,1,25,26
480930,5,3,1,1,23,0,9,24,9,1,32,33
480930,5,3,2,1,23,0,9,24,9,1,32,33
480930,6,4,1,2,17,0,10,19,10,2,27,29
480930,6,4,2,2,17,0,10,19,10,2,27,29
480930,7,999,1,5,32,0,15,37,15,5,47,52
480930,7,999,2,5,32,0,15,37,15,5,47,52
480930,8,5,1,1,17,0,7,18,7,1,24,25
480930,8,5,2,1,17,0,7,18,7,1,24,25
480930,9,6,1,3,6,0,4,9,4,3,10,13
480930,9,6,2,3,6,0,4,9,4,3,10,13
480930,10,7,1,1,6,0,3,7,3,1,9,10
480930,10,7,2,1,6,0,3,7,3,1,9,10
480930,11,8,1,0,2,0,1,2,1,0,3,3
480930,11,8,2,0,2,0,1,2,1,0,3,3
480930,12,9,1,0,1,0,0,1,0,0,1,1
480930,12,9,2,0,1,0,0,1,0,0,1,1
481021,1,412,1,31,10,11,5,41,16,42,15,57
481021,1,112,2,31,10,11,5,41,16,42,15,57
481021,2,999,1,14,7,5,4,21,9,19,11,30
481021,2,999,2,14,7,5,4,21,9,19,11,30
481021,4,2,1,8,4,1,4,12,5,9,8,17
481021,4,2,2,8,4,1,4,12,5,9,8,17
481021,5,3,1,3,0,3,0,3,3,6,0,6
481021,5,3,2,3,0,3,0,3,3,6,0,6
481021,6,4,1,3,3,1,0,6,1,4,3,7
481021,6,4,2,3,3,1,0,6,1,4,3,7
481021,7,999,1,17,3,6,1,20,7,23,4,27
481021,7,999,2,17,3,6,1,20,7,23,4,27
481021,8,5,1,5,1,5,1,6,6,10,2,12
481021,8,5,2,5,1,5,1,6,6,10,2,12
481021,9,6,1,4,1,0,0,5,0,4,1,5
481021,9,6,2,4,1,0,0,5,0,4,1,5
481021,11,8,1,3,0,1,0,3,1,4,0,4
481021,11,8,2,3,0,1,0,3,1,4,0,4
481021,12,9,1,5,1,0,0,6,0,5,1,6
481021,12,9,2,5,1,0,0,6,0,5,1,6
481137,1,412,1,47,40,0,0,87,0,47,40,87
481137,1,112,2,47,40,0,0,87,0,47,40,87
481137,2,999,1,36,28,0,0,64,0,36,28,64
481137,2,999,2,36,28,0,0,64,0,36,28,64
481137,4,2,1,4,2,0,0,6,0,4,2,6
481137,4,2,2,4,2,0,0,6,0,4,2,6
481137,5,3,1,11,13,0,0,24,0,11,13,24
481137,5,3,2,11,13,0,0,24,0,11,13,24
481137,6,4,1,21,13,0,0,34,0,21,13,34
481137,6,4,2,21,13,0,0,34,0,21,13,34
481137,7,999,1,11,12,0,0,23,0,11,12,23
481137,7,999,2,11,12,0,0,23,0,11,12,23
481137,8,5,1,8,8,0,0,16,0,8,8,16
481137,8,5,2,8,8,0,0,16,0,8,8,16
481137,9,6,1,1,1,0,0,2,0,1,1,2
481137,9,6,2,1,1,0,0,2,0,1,1,2
481137,10,7,1,2,2,0,0,4,0,2,2,4
481137,10,7,2,2,2,0,0,4,0,2,2,4
481137,11,8,1,0,1,0,0,1,0,0,1,1
481137,11,8,2,0,1,0,0,1,0,0,1,1
481191,1,412,1,19,203,0,0,222,0,19,203,222
481191,1,112,2,19,203,0,0,222,0,19,203,222
481191,2,999,1,17,95,0,0,112,0,17,95,112
481191,2,999,2,17,95,0,0,112,0,17,95,112
481191,4,2,1,8,37,0,0,45,0,8,37,45
481191,4,2,2,8,37,0,0,45,0,8,37,45
481191,5,3,1,5,32,0,0,37,0,5,32,37
481191,5,3,2,5,32,0,0,37,0,5,32,37
481191,6,4,1,4,26,0,0,30,0,4,26,30
481191,6,4,2,4,26,0,0,30,0,4,26,30
481191,7,999,1,2,107,0,0,109,0,2,107,109
481191,7,999,2,2,107,0,0,109,0,2,107,109
481191,8,5,1,0,39,0,0,39,0,0,39,39
481191,8,5,2,0,39,0,0,39,0,0,39,39
481191,9,6,1,1,27,0,0,28,0,1,27,28
481191,9,6,2,1,27,0,0,28,0,1,27,28
481191,10,7,1,0,14,0,0,14,0,0,14,14
481191,10,7,2,0,14,0,0,14,0,0,14,14
481191,11,8,1,0,17,0,0,17,0,0,17,17
481191,11,8,2,0,17,0,0,17,0,0,17,17
481191,12,9,1,1,9,0,0,10,0,1,9,10
481191,12,9,2,1,9,0,0,10,0,1,9,10
481191,13,10,1,0,1,0,0,1,0,0,1,1
481191,13,10,2,0,1,0,0,1,0,0,1,1
481191,14,11,1,0,1,0,0,1,0,0,1,1
481191,14,11,2,0,1,0,0,1,0,0,1,1
481225,1,412,1,13,9,0,0,22,0,13,9,22
481225,1,112,2,13,9,0,0,22,0,13,9,22
481225,2,999,1,9,6,0,0,15,0,9,6,15
481225,2,999,2,9,6,0,0,15,0,9,6,15
481225,4,2,1,1,0,0,0,1,0,1,0,1
481225,4,2,2,1,0,0,0,1,0,1,0,1
481225,5,3,1,4,3,0,0,7,0,4,3,7
481225,5,3,2,4,3,0,0,7,0,4,3,7
481225,6,4,1,4,3,0,0,7,0,4,3,7
481225,6,4,2,4,3,0,0,7,0,4,3,7
481225,7,999,1,4,3,0,0,7,0,4,3,7
481225,7,999,2,4,3,0,0,7,0,4,3,7
481225,8,5,1,1,3,0,0,4,0,1,3,4
481225,8,5,2,1,3,0,0,4,0,1,3,4
481225,9,6,1,1,0,0,0,1,0,1,0,1
481225,9,6,2,1,0,0,0,1,0,1,0,1
481225,10,7,1,1,0,0,0,1,0,1,0,1
481225,10,7,2,1,0,0,0,1,0,1,0,1
481225,12,9,1,1,0,0,0,1,0,1,0,1
481225,12,9,2,1,0,0,0,1,0,1,0,1
481429,1,412,1,26,150,0,0,176,0,26,150,176
481429,1,112,2,26,150,0,0,176,0,26,150,176
481429,2,999,1,4,22,0,0,26,0,4,22,26
481429,2,999,2,4,22,0,0,26,0,4,22,26
481429,4,2,1,2,2,0,0,4,0,2,2,4
481429,4,2,2,2,2,0,0,4,0,2,2,4
481429,5,3,1,0,7,0,0,7,0,0,7,7
481429,5,3,2,0,7,0,0,7,0,0,7,7
481429,6,4,1,2,13,0,0,15,0,2,13,15
481429,6,4,2,2,13,0,0,15,0,2,13,15
481429,7,999,1,22,128,0,0,150,0,22,128,150
481429,7,999,2,22,128,0,0,150,0,22,128,150
481429,8,5,1,7,29,0,0,36,0,7,29,36
481429,8,5,2,7,29,0,0,36,0,7,29,36
481429,9,6,1,7,30,0,0,37,0,7,30,37
481429,9,6,2,7,30,0,0,37,0,7,30,37
481429,10,7,1,2,28,0,0,30,0,2,28,30
481429,10,7,2,2,28,0,0,30,0,2,28,30
481429,11,8,1,6,35,0,0,41,0,6,35,41
481429,11,8,2,6,35,0,0,41,0,6,35,41
481429,12,9,1,0,6,0,0,6,0,0,6,6
481429,12,9,2,0,6,0,0,6,0,0,6,6
481508,1,412,1,2,58,0,1,60,1,2,59,61
481508,1,112,2,2,58,0,1,60,1,2,59,61
481508,2,999,1,2,33,0,0,35,0,2,33,35
481508,2,999,2,2,33,0,0,35,0,2,33,35
481508,4,2,1,0,9,0,0,9,0,0,9,9
481508,4,2,2,0,9,0,0,9,0,0,9,9
481508,5,3,1,0,10,0,0,10,0,0,10,10
481508,5,3,2,0,10,0,0,10,0,0,10,10
481508,6,4,1,2,14,0,0,16,0,2,14,16
481508,6,4,2,2,14,0,0,16,0,2,14,16
481508,7,999,1,0,25,0,1,25,1,0,26,26
481508,7,999,2,0,25,0,1,25,1,0,26,26
481508,8,5,1,0,13,0,0,13,0,0,13,13
481508,8,5,2,0,13,0,0,13,0,0,13,13
481508,9,6,1,0,7,0,0,7,0,0,7,7
481508,9,6,2,0,7,0,0,7,0,0,7,7
481508,10,7,1,0,3,0,1,3,1,0,4,4
481508,10,7,2,0,3,0,1,3,1,0,4,4
481508,11,8,1,0,1,0,0,1,0,0,1,1
481508,11,8,2,0,1,0,0,1,0,0,1,1
481508,12,9,1,0,1,0,0,1,0,0,1,1
481508,12,9,2,0,1,0,0,1,0,0,1,1
481517,1,412,1,2,50,0,41,52,41,2,91,93
481517,1,112,2,2,50,0,41,52,41,2,91,93
481517,2,999,1,2,30,0,26,32,26,2,56,58
481517,2,999,2,2,30,0,26,32,26,2,56,58
481517,4,2,1,1,12,0,11,13,11,1,23,24
481517,4,2,2,1,12,0,11,13,11,1,23,24
481517,5,3,1,0,12,0,9,12,9,0,21,21
481517,5,3,2,0,12,0,9,12,9,0,21,21
481517,6,4,1,1,6,0,6,7,6,1,12,13
481517,6,4,2,1,6,0,6,7,6,1,12,13
481517,7,999,1,0,20,0,15,20,15,0,35,35
481517,7,999,2,0,20,0,15,20,15,0,35,35
481517,8,5,1,0,11,0,9,11,9,0,20,20
481517,8,5,2,0,11,0,9,11,9,0,20,20
481517,9,6,1,0,5,0,4,5,4,0,9,9
481517,9,6,2,0,5,0,4,5,4,0,9,9
481517,10,7,1,0,3,0,1,3,1,0,4,4
481517,10,7,2,0,3,0,1,3,1,0,4,4
481517,11,8,1,0,0,0,1,0,1,0,1,1
481517,11,8,2,0,0,0,1,0,1,0,1,1
481517,12,9,1,0,1,0,0,1,0,0,1,1
481517,12,9,2,0,1,0,0,1,0,0,1,1
481535,1,412,1,13,13,0,0,26,0,13,13,26
481535,1,312,5,13,13,0,0,26,0,13,13,26
481535,2,999,1,2,1,0,0,3,0,2,1,3
481535,2,999,5,2,1,0,0,3,0,2,1,3
481535,6,4,1,2,1,0,0,3,0,2,1,3
481535,6,4,5,2,1,0,0,3,0,2,1,3
481535,7,999,1,11,12,0,0,23,0,11,12,23
481535,7,999,5,11,12,0,0,23,0,11,12,23
481535,8,5,1,7,9,0,0,16,0,7,9,16
481535,8,5,5,7,9,0,0,16,0,7,9,16
481535,9,6,1,3,2,0,0,5,0,3,2,5
481535,9,6,5,3,2,0,0,5,0,3,2,5
481535,10,7,1,1,0,0,0,1,0,1,0,1
481535,10,7,5,1,0,0,0,1,0,1,0,1
481535,11,8,1,0,1,0,0,1,0,0,1,1
481535,11,8,5,0,1,0,0,1,0,0,1,1
481678,1,412,1,3,45,5,37,48,42,8,82,90
481678,1,112,2,3,45,5,37,48,42,8,82,90
481678,2,999,1,1,26,3,12,27,15,4,38,42
481678,2,999,2,1,26,3,12,27,15,4,38,42
481678,4,2,1,0,9,1,5,9,6,1,14,15
481678,4,2,2,0,9,1,5,9,6,1,14,15
481678,5,3,1,0,9,0,2,9,2,0,11,11
481678,5,3,2,0,9,0,2,9,2,0,11,11
481678,6,4,1,1,8,2,5,9,7,3,13,16
481678,6,4,2,1,8,2,5,9,7,3,13,16
481678,7,999,1,2,19,2,25,21,27,4,44,48
481678,7,999,2,2,19,2,25,21,27,4,44,48
481678,8,5,1,1,8,1,6,9,7,2,14,16
481678,8,5,2,1,8,1,6,9,7,2,14,16
481678,9,6,1,0,6,0,9,6,9,0,15,15
481678,9,6,2,0,6,0,9,6,9,0,15,15
481678,10,7,1,1,2,1,4,3,5,2,6,8
481678,10,7,2,1,2,1,4,3,5,2,6,8
481678,11,8,1,0,2,0,6,2,6,0,8,8
481678,11,8,2,0,2,0,6,2,6,0,8,8
481678,12,9,1,0,1,0,0,1,0,0,1,1
481678,12,9,2,0,1,0,0,1,0,0,1,1
481739,1,412,1,5,40,1,25,45,26,6,65,71
481739,1,112,2,5,40,1,25,45,26,6,65,71
481739,2,999,1,3,29,1,9,32,10,4,38,42
481739,2,999,2,3,29,1,9,32,10,4,38,42
481739,4,2,1,2,10,0,1,12,1,2,11,13
481739,4,2,2,2,10,0,1,12,1,2,11,13
481739,5,3,1,1,8,1,4,9,5,2,12,14
481739,5,3,2,1,8,1,4,9,5,2,12,14
481739,6,4,1,0,11,0,4,11,4,0,15,15
481739,6,4,2,0,11,0,4,11,4,0,15,15
481739,7,999,1,2,11,0,16,13,16,2,27,29
481739,7,999,2,2,11,0,16,13,16,2,27,29
481739,8,5,1,1,5,0,7,6,7,1,12,13
481739,8,5,2,1,5,0,7,6,7,1,12,13
481739,9,6,1,1,3,0,2,4,2,1,5,6
481739,9,6,2,1,3,0,2,4,2,1,5,6
481739,10,7,1,0,3,0,4,3,4,0,7,7
481739,10,7,2,0,3,0,4,3,4,0,7,7
481739,11,8,1,0,0,0,3,0,3,0,3,3
481739,11,8,2,0,0,0,3,0,3,0,3,3
481748,1,412,1,0,108,1,45,108,46,1,153,154
481748,1,112,2,0,108,1,45,108,46,1,153,154
481748,2,999,1,0,65,0,16,65,16,0,81,81
481748,2,999,2,0,65,0,16,65,16,0,81,81
481748,4,2,1,0,20,0,4,20,4,0,24,24
481748,4,2,2,0,20,0,4,20,4,0,24,24
481748,5,3,1,0,25,0,6,25,6,0,31,31
481748,5,3,2,0,25,0,6,25,6,0,31,31
481748,6,4,1,0,20,0,6,20,6,0,26,26
481748,6,4,2,0,20,0,6,20,6,0,26,26
481748,7,999,1,0,43,1,29,43,30,1,72,73
481748,7,999,2,0,43,1,29,43,30,1,72,73
481748,8,5,1,0,24,0,8,24,8,0,32,32
481748,8,5,2,0,24,0,8,24,8,0,32,32
481748,9,6,1,0,7,0,11,7,11,0,18,18
481748,9,6,2,0,7,0,11,7,11,0,18,18
481748,10,7,1,0,6,1,6,6,7,1,12,13
481748,10,7,2,0,6,1,6,6,7,1,12,13
481748,11,8,1,0,5,0,4,5,4,0,9,9
481748,11,8,2,0,5,0,4,5,4,0,9,9
481748,12,9,1,0,1,0,0,1,0,0,1,1
481748,12,9,2,0,1,0,0,1,0,0,1,1
481845,1,412,1,1,54,0,22,55,22,1,76,77
481845,1,112,2,1,54,0,22,55,22,1,76,77
481845,2,999,1,1,32,0,5,33,5,1,37,38
481845,2,999,2,1,32,0,5,33,5,1,37,38
481845,4,2,1,1,14,0,0,15,0,1,14,15
481845,4,2,2,1,14,0,0,15,0,1,14,15
481845,5,3,1,0,8,0,0,8,0,0,8,8
481845,5,3,2,0,8,0,0,8,0,0,8,8
481845,6,4,1,0,10,0,5,10,5,0,15,15
481845,6,4,2,0,10,0,5,10,5,0,15,15
481845,7,999,1,0,22,0,17,22,17,0,39,39
481845,7,999,2,0,22,0,17,22,17,0,39,39
481845,8,5,1,0,8,0,11,8,11,0,19,19
481845,8,5,2,0,8,0,11,8,11,0,19,19
481845,9,6,1,0,8,0,5,8,5,0,13,13
481845,9,6,2,0,8,0,5,8,5,0,13,13
481845,10,7,1,0,3,0,1,3,1,0,4,4
481845,10,7,2,0,3,0,1,3,1,0,4,4
481845,11,8,1,0,3,0,0,3,0,0,3,3
481845,11,8,2,0,3,0,0,3,0,0,3,3
482149,1,412,1,2450,4709,602,1159,7159,1761,3052,5868,8920
482149,1,112,2,1506,3015,425,728,4521,1153,1931,3743,5674
482149,1,312,5,944,1694,177,431,2638,608,1121,2125,3246
482149,2,999,1,1678,3505,292,556,5183,848,1970,4061,6031
482149,2,999,2,1327,2741,277,513,4068,790,1604,3254,4858
482149,2,999,5,351,764,15,43,1115,58,366,807,1173
482149,3,1,1,21,51,51,115,72,166,72,166,238
482149,3,1,2,21,51,51,115,72,166,72,166,238
482149,4,2,1,537,1128,65,119,1665,184,602,1247,1849
482149,4,2,2,537,1128,65,119,1665,184,602,1247,1849
482149,5,3,1,504,1078,56,140,1582,196,560,1218,1778
482149,5,3,2,487,1038,56,140,1525,196,543,1178,1721
482149,5,3,5,17,40,0,0,57,0,17,40,57
482149,6,4,1,616,1248,120,182,1864,302,736,1430,2166
482149,6,4,2,282,524,105,139,806,244,387,663,1050
482149,6,4,5,334,724,15,43,1058,58,349,767,1116
482149,7,999,1,772,1204,310,603,1976,913,1082,1807,2889
482149,7,999,2,179,274,148,215,453,363,327,489,816
482149,7,999,5,593,930,162,388,1523,550,755,1318,2073
482149,8,5,1,516,786,121,219,1302,340,637,1005,1642
482149,8,5,2,98,169,79,107,267,186,177,276,453
482149,8,5,5,418,617,42,112,1035,154,460,729,1189
482149,9,6,1,152,194,61,112,346,173,213,306,519
482149,9,6,2,40,56,28,40,96,68,68,96,164
482149,9,6,5,112,138,33,72,250,105,145,210,355
482149,10,7,1,49,90,53,104,139,157,102,194,296
482149,10,7,2,10,26,17,29,36,46,27,55,82
482149,10,7,5,39,64,36,75,103,111,75,139,214
482149,11,8,1,47,97,45,108,144,153,92,205,297
482149,11,8,2,26,19,10,21,45,31,36,40,76
482149,11,8,5,21,78,35,87,99,122,56,165,221
482149,12,9,1,8,37,21,51,45,72,29,88,117
482149,12,9,2,5,4,8,14,9,22,13,18,31
482149,12,9,5,3,33,13,37,36,50,16,70,86
482149,13,10,1,0,0,9,9,0,18,9,9,18
482149,13,10,2,0,0,6,4,0,10,6,4,10
482149,13,10,5,0,0,3,5,0,8,3,5,8
482158,1,412,1,2277,2707,1339,2081,4984,3420,3616,4788,8404
482158,1,112,2,2193,2609,1244,1969,4802,3213,3437,4578,8015
482158,1,312,5,84,98,95,112,182,207,179,210,389
482158,2,999,1,1884,2100,818,1144,3984,1962,2702,3244,5946
482158,2,999,2,1869,2084,806,1138,3953,1944,2675,3222,5897
482158,2,999,5,15,16,12,6,31,18,27,22,49
482158,3,1,1,19,30,171,272,49,443,190,302,492
482158,3,1,2,19,30,171,272,49,443,190,302,492
482158,4,2,1,855,848,206,258,1703,464,1061,1106,2167
482158,4,2,2,855,848,206,258,1703,464,1061,1106,2167
482158,5,3,1,608,698,191,310,1306,501,799,1008,1807
482158,5,3,2,608,696,190,310,1304,500,798,1006,1804
482158,5,3,5,0,2,1,0,2,1,1,2,3
482158,6,4,1,402,524,250,304,926,554,652,828,1480
482158,6,4,2,387,510,239,298,897,537,626,808,1434
482158,6,4,5,15,14,11,6,29,17,26,20,46
482158,7,999,1,393,607,521,937,1000,1458,914,1544,2458
482158,7,999,2,324,525,438,831,849,1269,762,1356,2118
482158,7,999,5,69,82,83,106,151,189,152,188,340
482158,8,5,1,193,272,186,316,465,502,379,588,967
482158,8,5,2,167,245,165,288,412,453,332,533,865
482158,8,5,5,26,27,21,28,53,49,47,55,102
482158,9,6,1,81,135,106,201,216,307,187,336,523
482158,9,6,2,68,119,92,177,187,269,160,296,456
482158,9,6,5,13,16,14,24,29,38,27,40,67
482158,10,7,1,54,78,96,148,132,244,150,226,376
482158,10,7,2,43,68,78,129,111,207,121,197,318
482158,10,7,5,11,10,18,19,21,37,29,29,58
482158,11,8,1,52,86,77,157,138,234,129,243,372
482158,11,8,2,37,67,60,141,104,201,97,208,305
482158,11,8,5,15,19,17,16,34,33,32,35,67
482158,12,9,1,11,34,47,96,45,143,58,130,188
482158,12,9,2,7,25,35,78,32,113,42,103,145
482158,12,9,5,4,9,12,18,13,30,16,27,43
482158,13,10,1,2,2,9,19,4,28,11,21,32
482158,13,10,2,2,1,8,18,3,26,10,19,29
482158,13,10,5,0,1,1,1,1,2,1,2,3
482176,1,412,1,9,139,4,48,148,52,13,187,200
482176,1,112,2,9,139,4,48,148,52,13,187,200
482176,2,999,1,5,99,2,29,104,31,7,128,135
482176,2,999,2,5,99,2,29,104,31,7,128,135
482176,4,2,1,1,41,0,5,42,5,1,46,47
482176,4,2,2,1,41,0,5,42,5,1,46,47
482176,5,3,1,3,38,2,10,41,12,5,48,53
482176,5,3,2,3,38,2,10,41,12,5,48,53
482176,6,4,1,1,20,0,14,21,14,1,34,35
482176,6,4,2,1,20,0,14,21,14,1,34,35
482176,7,999,1,4,40,2,19,44,21,6,59,65
482176,7,999,2,4,40,2,19,44,21,6,59,65
482176,8,5,1,2,23,1,11,25,12,3,34,37
482176,8,5,2,2,23,1,11,25,12,3,34,37
482176,9,6,1,1,9,1,2,10,3,2,11,13
482176,9,6,2,1,9,1,2,10,3,2,11,13
482176,10,7,1,1,6,0,4,7,4,1,10,11
482176,10,7,2,1,6,0,4,7,4,1,10,11
482176,11,8,1,0,2,0,1,2,1,0,3,3
482176,11,8,2,0,2,0,1,2,1,0,3,3
482176,12,9,1,0,0,0,1,0,1,0,1,1
482176,12,9,2,0,0,0,1,0,1,0,1,1
482325,1,412,1,1,11,0,0,12,0,1,11,12
482325,1,112,2,1,11,0,0,12,0,1,11,12
482325,7,999,1,1,11,0,0,12,0,1,11,12
482325,7,999,2,1,11,0,0,12,0,1,11,12
482325,8,5,1,0,1,0,0,1,0,0,1,1
482325,8,5,2,0,1,0,0,1,0,0,1,1
482325,9,6,1,0,3,0,0,3,0,0,3,3
482325,9,6,2,0,3,0,0,3,0,0,3,3
482325,10,7,1,0,2,0,0,2,0,0,2,2
482325,10,7,2,0,2,0,0,2,0,0,2,2
482325,11,8,1,0,2,0,0,2,0,0,2,2
482325,11,8,2,0,2,0,0,2,0,0,2,2
482325,12,9,1,1,3,0,0,4,0,1,3,4
482325,12,9,2,1,3,0,0,4,0,1,3,4
482413,1,412,1,380,271,247,315,651,562,627,586,1213
482413,1,112,2,343,237,114,184,580,298,457,421,878
482413,1,312,5,37,34,133,131,71,264,170,165,335
482413,2,999,1,38,37,11,28,75,39,49,65,114
482413,2,999,2,37,34,10,24,71,34,47,58,105
482413,2,999,5,1,3,1,4,4,5,2,7,9
482413,3,1,1,0,0,0,1,0,1,0,1,1
482413,3,1,2,0,0,0,1,0,1,0,1,1
482413,4,2,1,4,3,1,3,7,4,5,6,11
482413,4,2,2,4,3,1,3,7,4,5,6,11
482413,5,3,1,11,11,7,7,22,14,18,18,36
482413,5,3,2,11,11,7,7,22,14,18,18,36
482413,6,4,1,23,23,3,17,46,20,26,40,66
482413,6,4,2,22,20,2,13,42,15,24,33,57
482413,6,4,5,1,3,1,4,4,5,2,7,9
482413,7,999,1,342,234,236,287,576,523,578,521,1099
482413,7,999,2,306,203,104,160,509,264,410,363,773
482413,7,999,5,36,31,132,127,67,259,168,158,326
482413,8,5,1,94,64,64,83,158,147,158,147,305
482413,8,5,2,88,61,26,48,149,74,114,109,223
482413,8,5,5,6,3,38,35,9,73,44,38,82
482413,9,6,1,117,64,69,71,181,140,186,135,321
482413,9,6,2,102,59,35,43,161,78,137,102,239
482413,9,6,5,15,5,34,28,20,62,49,33,82
482413,10,7,1,65,50,46,60,115,106,111,110,221
482413,10,7,2,56,36,18,29,92,47,74,65,139
482413,10,7,5,9,14,28,31,23,59,37,45,82
482413,11,8,1,47,45,31,50,92,81,78,95,173
482413,11,8,2,43,39,13,29,82,42,56,68,124
482413,11,8,5,4,6,18,21,10,39,22,27,49
482413,12,9,1,18,11,24,23,29,47,42,34,76
482413,12,9,2,16,8,12,11,24,23,28,19,47
482413,12,9,5,2,3,12,12,5,24,14,15,29
482413,13,10,1,1,0,2,0,1,2,3,0,3
482413,13,10,2,1,0,0,0,1,0,1,0,1
482413,13,10,5,0,0,2,0,0,2,2,0,2
482422,1,412,1,67,22,86,42,89,128,153,64,217
482422,1,112,2,65,21,75,17,86,92,140,38,178
482422,1,312,5,2,1,11,25,3,36,13,26,39
482422,2,999,1,11,2,14,5,13,19,25,7,32
482422,2,999,2,11,2,12,4,13,16,23,6,29
482422,2,999,5,0,0,2,1,0,3,2,1,3
482422,4,2,1,4,1,1,1,5,2,5,2,7
482422,4,2,2,4,1,1,1,5,2,5,2,7
482422,5,3,1,1,0,5,0,1,5,6,0,6
482422,5,3,2,1,0,5,0,1,5,6,0,6
482422,6,4,1,6,1,8,4,7,12,14,5,19
482422,6,4,2,6,1,6,3,7,9,12,4,16
482422,6,4,5,0,0,2,1,0,3,2,1,3
482422,7,999,1,56,20,72,37,76,109,128,57,185
482422,7,999,2,54,19,63,13,73,76,117,32,149
482422,7,999,5,2,1,9,24,3,33,11,25,36
482422,8,5,1,23,11,13,8,34,21,36,19,55
482422,8,5,2,23,11,13,4,34,17,36,15,51
482422,8,5,5,0,0,0,4,0,4,0,4,4
482422,9,6,1,17,7,11,6,24,17,28,13,41
482422,9,6,2,15,6,10,4,21,14,25,10,35
482422,9,6,5,2,1,1,2,3,3,3,3,6
482422,10,7,1,6,2,15,11,8,26,21,13,34
482422,10,7,2,6,2,13,1,8,14,19,3,22
482422,10,7,5,0,0,2,10,0,12,2,10,12
482422,11,8,1,6,0,23,9,6,32,29,9,38
482422,11,8,2,6,0,21,3,6,24,27,3,30
482422,11,8,5,0,0,2,6,0,8,2,6,8
482422,12,9,1,4,0,10,3,4,13,14,3,17
482422,12,9,2,4,0,6,1,4,7,10,1,11
482422,12,9,5,0,0,4,2,0,6,4,2,6
482431,1,412,1,611,340,564,411,951,975,1175,751,1926
482431,1,112,2,584,326,425,284,910,709,1009,610,1619
482431,1,312,5,27,14,139,127,41,266,166,141,307
482431,2,999,1,98,67,93,59,165,152,191,126,317
482431,2,999,2,94,66,88,51,160,139,182,117,299
482431,2,999,5,4,1,5,8,5,13,9,9,18
482431,3,1,1,1,0,0,0,1,0,1,0,1
482431,3,1,2,1,0,0,0,1,0,1,0,1
482431,4,2,1,9,3,11,3,12,14,20,6,26
482431,4,2,2,9,3,11,3,12,14,20,6,26
482431,5,3,1,23,17,28,17,40,45,51,34,85
482431,5,3,2,23,17,28,16,40,44,51,33,84
482431,5,3,5,0,0,0,1,0,1,0,1,1
482431,6,4,1,65,47,54,39,112,93,119,86,205
482431,6,4,2,61,46,49,32,107,81,110,78,188
482431,6,4,5,4,1,5,7,5,12,9,8,17
482431,7,999,1,513,273,471,352,786,823,984,625,1609
482431,7,999,2,490,260,337,233,750,570,827,493,1320
482431,7,999,5,23,13,134,119,36,253,157,132,289
482431,8,5,1,174,96,107,93,270,200,281,189,470
482431,8,5,2,172,93,86,67,265,153,258,160,418
482431,8,5,5,2,3,21,26,5,47,23,29,52
482431,9,6,1,148,88,117,80,236,197,265,168,433
482431,9,6,2,140,82,81,50,222,131,221,132,353
482431,9,6,5,8,6,36,30,14,66,44,36,80
482431,10,7,1,88,37,96,65,125,161,184,102,286
482431,10,7,2,83,35,73,43,118,116,156,78,234
482431,10,7,5,5,2,23,22,7,45,28,24,52
482431,11,8,1,74,39,114,95,113,209,188,134,322
482431,11,8,2,67,37,74,61,104,135,141,98,239
482431,11,8,5,7,2,40,34,9,74,47,36,83
482431,12,9,1,29,12,36,19,41,55,65,31,96
482431,12,9,2,28,12,23,12,40,35,51,24,75
482431,12,9,5,1,0,13,7,1,20,14,7,21
482431,13,10,1,0,1,1,0,1,1,1,1,2
482431,13,10,2,0,1,0,0,1,0,0,1,1
482431,13,10,5,0,0,1,0,0,1,1,0,1
482440,1,412,1,20,27,20,43,47,63,40,70,110
482440,1,112,2,20,27,20,42,47,62,40,69,109
482440,1,312,5,0,0,0,1,0,1,0,1,1
482440,2,999,1,2,7,4,11,9,15,6,18,24
482440,2,999,2,2,7,4,11,9,15,6,18,24
482440,4,2,1,0,2,0,3,2,3,0,5,5
482440,4,2,2,0,2,0,3,2,3,0,5,5
482440,5,3,1,1,1,2,4,2,6,3,5,8
482440,5,3,2,1,1,2,4,2,6,3,5,8
482440,6,4,1,1,4,2,4,5,6,3,8,11
482440,6,4,2,1,4,2,4,5,6,3,8,11
482440,7,999,1,18,20,16,32,38,48,34,52,86
482440,7,999,2,18,20,16,31,38,47,34,51,85
482440,7,999,5,0,0,0,1,0,1,0,1,1
482440,8,5,1,5,10,4,10,15,14,9,20,29
482440,8,5,2,5,10,4,10,15,14,9,20,29
482440,9,6,1,7,6,7,8,13,15,14,14,28
482440,9,6,2,7,6,7,8,13,15,14,14,28
482440,10,7,1,4,2,4,7,6,11,8,9,17
482440,10,7,2,4,2,4,7,6,11,8,9,17
482440,11,8,1,1,2,1,3,3,4,2,5,7
482440,11,8,2,1,2,1,3,3,4,2,5,7
482440,12,9,1,1,0,0,4,1,4,1,4,5
482440,12,9,2,1,0,0,3,1,3,1,3,4
482440,12,9,5,0,0,0,1,0,1,0,1,1
482459,1,412,1,117,154,177,157,271,334,294,311,605
482459,1,112,2,116,145,138,119,261,257,254,264,518
482459,1,312,5,1,9,39,38,10,77,40,47,87
482459,2,999,1,14,14,23,18,28,41,37,32,69
482459,2,999,2,14,14,22,18,28,40,36,32,68
482459,2,999,5,0,0,1,0,0,1,1,0,1
482459,4,2,1,2,1,2,2,3,4,4,3,7
482459,4,2,2,2,1,2,2,3,4,4,3,7
482459,5,3,1,2,2,3,5,4,8,5,7,12
482459,5,3,2,2,2,3,5,4,8,5,7,12
482459,6,4,1,10,11,18,11,21,29,28,22,50
482459,6,4,2,10,11,17,11,21,28,27,22,49
482459,6,4,5,0,0,1,0,0,1,1,0,1
482459,7,999,1,103,140,154,139,243,293,257,279,536
482459,7,999,2,102,131,116,101,233,217,218,232,450
482459,7,999,5,1,9,38,38,10,76,39,47,86
482459,8,5,1,34,31,28,27,65,55,62,58,120
482459,8,5,2,34,30,25,22,64,47,59,52,111
482459,8,5,5,0,1,3,5,1,8,3,6,9
482459,9,6,1,28,39,49,37,67,86,77,76,153
482459,9,6,2,27,38,41,27,65,68,68,65,133
482459,9,6,5,1,1,8,10,2,18,9,11,20
482459,10,7,1,17,30,30,24,47,54,47,54,101
482459,10,7,2,17,30,20,17,47,37,37,47,84
482459,10,7,5,0,0,10,7,0,17,10,7,17
482459,11,8,1,20,32,33,36,52,69,53,68,121
482459,11,8,2,20,25,19,24,45,43,39,49,88
482459,11,8,5,0,7,14,12,7,26,14,19,33
482459,12,9,1,4,8,13,14,12,27,17,22,39
482459,12,9,2,4,8,10,11,12,21,14,19,33
482459,12,9,5,0,0,3,3,0,6,3,3,6
482459,13,10,1,0,0,1,1,0,2,1,1,2
482459,13,10,2,0,0,1,0,0,1,1,0,1
482459,13,10,5,0,0,0,1,0,1,0,1,1
482468,1,412,1,209,288,211,305,497,516,420,593,1013
482468,1,112,2,200,282,173,246,482,419,373,528,901
482468,1,312,5,9,6,38,59,15,97,47,65,112
482468,2,999,1,56,66,39,43,122,82,95,109,204
482468,2,999,2,56,66,39,43,122,82,95,109,204
482468,3,1,1,9,15,6,7,24,13,15,22,37
482468,3,1,2,9,15,6,7,24,13,15,22,37
482468,4,2,1,10,6,7,6,16,13,17,12,29
482468,4,2,2,10,6,7,6,16,13,17,12,29
482468,5,3,1,8,13,7,11,21,18,15,24,39
482468,5,3,2,8,13,7,11,21,18,15,24,39
482468,6,4,1,29,32,19,19,61,38,48,51,99
482468,6,4,2,29,32,19,19,61,38,48,51,99
482468,7,999,1,153,222,172,262,375,434,325,484,809
482468,7,999,2,144,216,134,203,360,337,278,419,697
482468,7,999,5,9,6,38,59,15,97,47,65,112
482468,8,5,1,41,55,34,62,96,96,75,117,192
482468,8,5,2,40,53,28,54,93,82,68,107,175
482468,8,5,5,1,2,6,8,3,14,7,10,17
482468,9,6,1,50,71,36,59,121,95,86,130,216
482468,9,6,2,48,70,29,48,118,77,77,118,195
482468,9,6,5,2,1,7,11,3,18,9,12,21
482468,10,7,1,21,36,31,55,57,86,52,91,143
482468,10,7,2,19,35,25,39,54,64,44,74,118
482468,10,7,5,2,1,6,16,3,22,8,17,25
482468,11,8,1,33,46,49,58,79,107,82,104,186
482468,11,8,2,29,44,35,43,73,78,64,87,151
482468,11,8,5,4,2,14,15,6,29,18,17,35
482468,12,9,1,8,14,20,28,22,48,28,42,70
482468,12,9,2,8,14,16,19,22,35,24,33,57
482468,12,9,5,0,0,4,9,0,13,4,9,13
482468,13,10,1,0,0,2,0,0,2,2,0,2
482468,13,10,2,0,0,1,0,0,1,1,0,1
482468,13,10,5,0,0,1,0,0,1,1,0,1
482477,1,412,1,2723,4767,4359,8983,7490,13342,7082,13750,20832
482477,1,112,2,2522,4457,3167,7028,6979,10195,5689,11485,17174
482477,1,312,5,201,310,1192,1955,511,3147,1393,2265,3658
482477,2,999,1,555,862,731,1093,1417,1824,1286,1955,3241
482477,2,999,2,544,838,677,1031,1382,1708,1221,1869,3090
482477,2,999,5,11,24,54,62,35,116,65,86,151
482477,3,1,1,32,72,8,28,104,36,40,100,140
482477,3,1,2,32,72,8,28,104,36,40,100,140
482477,4,2,1,77,92,104,111,169,215,181,203,384
482477,4,2,2,77,92,104,111,169,215,181,203,384
482477,5,3,1,141,185,206,247,326,453,347,432,779
482477,5,3,2,141,182,204,246,323,450,345,428,773
482477,5,3,5,0,3,2,1,3,3,2,4,6
482477,6,4,1,305,513,413,707,818,1120,718,1220,1938
482477,6,4,2,294,492,361,646,786,1007,655,1138,1793
482477,6,4,5,11,21,52,61,32,113,63,82,145
482477,7,999,1,2168,3905,3628,7890,6073,11518,5796,11795,17591
482477,7,999,2,1978,3619,2490,5997,5597,8487,4468,9616,14084
482477,7,999,5,190,286,1138,1893,476,3031,1328,2179,3507
482477,8,5,1,729,1143,916,1824,1872,2740,1645,2967,4612
482477,8,5,2,679,1083,731,1492,1762,2223,1410,2575,3985
482477,8,5,5,50,60,185,332,110,517,235,392,627
482477,9,6,1,574,1026,889,1891,1600,2780,1463,2917,4380
482477,9,6,2,537,955,668,1503,1492,2171,1205,2458,3663
482477,9,6,5,37,71,221,388,108,609,258,459,717
482477,10,7,1,387,730,678,1392,1117,2070,1065,2122,3187
482477,10,7,2,349,676,450,1061,1025,1511,799,1737,2536
482477,10,7,5,38,54,228,331,92,559,266,385,651
482477,11,8,1,383,748,818,1895,1131,2713,1201,2643,3844
482477,11,8,2,335,674,468,1334,1009,1802,803,2008,2811
482477,11,8,5,48,74,350,561,122,911,398,635,1033
482477,12,9,1,93,253,305,852,346,1157,398,1105,1503
482477,12,9,2,77,227,164,582,304,746,241,809,1050
482477,12,9,5,16,26,141,270,42,411,157,296,453
482477,13,10,1,2,5,22,36,7,58,24,41,65
482477,13,10,2,1,4,9,25,5,34,10,29,39
482477,13,10,5,1,1,13,11,2,24,14,12,26
482486,1,412,1,8,11,4,10,19,14,12,21,33
482486,1,112,2,7,11,3,9,18,12,10,20,30
482486,1,312,5,1,0,1,1,1,2,2,1,3
482486,2,999,1,2,4,0,2,6,2,2,6,8
482486,2,999,2,2,4,0,2,6,2,2,6,8
482486,4,2,1,0,1,0,0,1,0,0,1,1
482486,4,2,2,0,1,0,0,1,0,0,1,1
482486,5,3,1,1,1,0,0,2,0,1,1,2
482486,5,3,2,1,1,0,0,2,0,1,1,2
482486,6,4,1,1,2,0,2,3,2,1,4,5
482486,6,4,2,1,2,0,2,3,2,1,4,5
482486,7,999,1,6,7,4,8,13,12,10,15,25
482486,7,999,2,5,7,3,7,12,10,8,14,22
482486,7,999,5,1,0,1,1,1,2,2,1,3
482486,8,5,1,0,5,1,1,5,2,1,6,7
482486,8,5,2,0,5,1,1,5,2,1,6,7
482486,9,6,1,3,0,1,0,3,1,4,0,4
482486,9,6,2,2,0,1,0,2,1,3,0,3
482486,9,6,5,1,0,0,0,1,0,1,0,1
482486,10,7,1,1,2,0,4,3,4,1,6,7
482486,10,7,2,1,2,0,4,3,4,1,6,7
482486,11,8,1,2,0,1,2,2,3,3,2,5
482486,11,8,2,2,0,0,1,2,1,2,1,3
482486,11,8,5,0,0,1,1,0,2,1,1,2
482486,12,9,1,0,0,1,0,0,1,1,0,1
482486,12,9,2,0,0,1,0,0,1,1,0,1
482486,13,10,1,0,0,0,1,0,1,0,1,1
482486,13,10,2,0,0,0,1,0,1,0,1,1
482538,1,412,1,18,2,20,9,20,29,38,11,49
482538,1,112,2,18,2,18,8,20,26,36,10,46
482538,1,312,5,0,0,2,1,0,3,2,1,3
482538,2,999,1,1,1,3,1,2,4,4,2,6
482538,2,999,2,1,1,3,1,2,4,4,2,6
482538,5,3,1,0,1,2,0,1,2,2,1,3
482538,5,3,2,0,1,2,0,1,2,2,1,3
482538,6,4,1,1,0,1,1,1,2,2,1,3
482538,6,4,2,1,0,1,1,1,2,2,1,3
482538,7,999,1,17,1,17,8,18,25,34,9,43
482538,7,999,2,17,1,15,7,18,22,32,8,40
482538,7,999,5,0,0,2,1,0,3,2,1,3
482538,8,5,1,6,0,3,2,6,5,9,2,11
482538,8,5,2,6,0,3,2,6,5,9,2,11
482538,9,6,1,7,0,5,3,7,8,12,3,15
482538,9,6,2,7,0,4,3,7,7,11,3,14
482538,9,6,5,0,0,1,0,0,1,1,0,1
482538,10,7,1,3,1,5,3,4,8,8,4,12
482538,10,7,2,3,1,5,2,4,7,8,3,11
482538,10,7,5,0,0,0,1,0,1,0,1,1
482538,11,8,1,1,0,2,0,1,2,3,0,3
482538,11,8,2,1,0,2,0,1,2,3,0,3
482538,12,9,1,0,0,2,0,0,2,2,0,2
482538,12,9,2,0,0,1,0,0,1,1,0,1
482538,12,9,5,0,0,1,0,0,1,1,0,1
482547,1,412,1,16,6,10,9,22,19,26,15,41
482547,1,112,2,15,6,7,7,21,14,22,13,35
482547,1,312,5,1,0,3,2,1,5,4,2,6
482547,2,999,1,3,2,0,3,5,3,3,5,8
482547,2,999,2,3,2,0,3,5,3,3,5,8
482547,5,3,1,1,1,0,2,2,2,1,3,4
482547,5,3,2,1,1,0,2,2,2,1,3,4
482547,6,4,1,2,1,0,1,3,1,2,2,4
482547,6,4,2,2,1,0,1,3,1,2,2,4
482547,7,999,1,13,4,10,6,17,16,23,10,33
482547,7,999,2,12,4,7,4,16,11,19,8,27
482547,7,999,5,1,0,3,2,1,5,4,2,6
482547,8,5,1,3,2,3,0,5,3,6,2,8
482547,8,5,2,3,2,2,0,5,2,5,2,7
482547,8,5,5,0,0,1,0,0,1,1,0,1
482547,9,6,1,3,1,3,1,4,4,6,2,8
482547,9,6,2,3,1,3,1,4,4,6,2,8
482547,10,7,1,5,0,1,0,5,1,6,0,6
482547,10,7,2,4,0,0,0,4,0,4,0,4
482547,10,7,5,1,0,1,0,1,1,2,0,2
482547,11,8,1,1,1,2,4,2,6,3,5,8
482547,11,8,2,1,1,2,2,2,4,3,3,6
482547,11,8,5,0,0,0,2,0,2,0,2,2
482547,12,9,1,1,0,1,1,1,2,2,1,3
482547,12,9,2,1,0,0,1,1,1,1,1,2
482547,12,9,5,0,0,1,0,0,1,1,0,1
482556,1,412,1,65,37,59,29,102,88,124,66,190
482556,1,112,2,63,33,55,18,96,73,118,51,169
482556,1,312,5,2,4,4,11,6,15,6,15,21
482556,2,999,1,31,14,16,4,45,20,47,18,65
482556,2,999,2,31,14,16,4,45,20,47,18,65
482556,4,2,1,6,2,0,0,8,0,6,2,8
482556,4,2,2,6,2,0,0,8,0,6,2,8
482556,5,3,1,11,5,3,2,16,5,14,7,21
482556,5,3,2,11,5,3,2,16,5,14,7,21
482556,6,4,1,14,7,13,2,21,15,27,9,36
482556,6,4,2,14,7,13,2,21,15,27,9,36
482556,7,999,1,34,23,43,25,57,68,77,48,125
482556,7,999,2,32,19,39,14,51,53,71,33,104
482556,7,999,5,2,4,4,11,6,15,6,15,21
482556,8,5,1,14,7,17,10,21,27,31,17,48
482556,8,5,2,14,5,17,4,19,21,31,9,40
482556,8,5,5,0,2,0,6,2,6,0,8,8
482556,9,6,1,8,5,12,2,13,14,20,7,27
482556,9,6,2,8,4,11,2,12,13,19,6,25
482556,9,6,5,0,1,1,0,1,1,1,1,2
482556,10,7,1,5,4,6,4,9,10,11,8,19
482556,10,7,2,4,4,6,3,8,9,10,7,17
482556,10,7,5,1,0,0,1,1,1,1,1,2
482556,11,8,1,6,6,7,6,12,13,13,12,25
482556,11,8,2,6,6,5,3,12,8,11,9,20
482556,11,8,5,0,0,2,3,0,5,2,3,5
482556,12,9,1,1,1,1,3,2,4,2,4,6
482556,12,9,2,0,0,0,2,0,2,0,2,2
482556,12,9,5,1,1,1,1,2,2,2,2,4
482565,1,412,1,8,6,10,17,14,27,18,23,41
482565,1,112,2,7,6,5,6,13,11,12,12,24
482565,1,312,5,1,0,5,11,1,16,6,11,17
482565,2,999,1,0,0,0,2,0,2,0,2,2
482565,2,999,2,0,0,0,2,0,2,0,2,2
482565,6,4,1,0,0,0,2,0,2,0,2,2
482565,6,4,2,0,0,0,2,0,2,0,2,2
482565,7,999,1,8,6,10,15,14,25,18,21,39
482565,7,999,2,7,6,5,4,13,9,12,10,22
482565,7,999,5,1,0,5,11,1,16,6,11,17
482565,8,5,1,4,1,2,2,5,4,6,3,9
482565,8,5,2,3,1,1,0,4,1,4,1,5
482565,8,5,5,1,0,1,2,1,3,2,2,4
482565,9,6,1,1,1,3,1,2,4,4,2,6
482565,9,6,2,1,1,2,1,2,3,3,2,5
482565,9,6,5,0,0,1,0,0,1,1,0,1
482565,10,7,1,1,1,3,2,2,5,4,3,7
482565,10,7,2,1,1,2,0,2,2,3,1,4
482565,10,7,5,0,0,1,2,0,3,1,2,3
482565,11,8,1,2,3,1,7,5,8,3,10,13
482565,11,8,2,2,3,0,3,5,3,2,6,8
482565,11,8,5,0,0,1,4,0,5,1,4,5
482565,12,9,1,0,0,1,3,0,4,1,3,4
482565,12,9,5,0,0,1,3,0,4,1,3,4
482574,1,412,1,111,88,124,96,199,220,235,184,419
482574,1,112,2,109,86,107,82,195,189,216,168,384
482574,1,312,5,2,2,17,14,4,31,19,16,35
482574,2,999,1,32,27,25,13,59,38,57,40,97
482574,2,999,2,32,27,24,12,59,36,56,39,95
482574,2,999,5,0,0,1,1,0,2,1,1,2
482574,3,1,1,0,0,0,1,0,1,0,1,1
482574,3,1,2,0,0,0,1,0,1,0,1,1
482574,4,2,1,4,4,3,1,8,4,7,5,12
482574,4,2,2,4,4,3,1,8,4,7,5,12
482574,5,3,1,13,6,5,1,19,6,18,7,25
482574,5,3,2,13,6,5,1,19,6,18,7,25
482574,6,4,1,15,17,17,10,32,27,32,27,59
482574,6,4,2,15,17,16,9,32,25,31,26,57
482574,6,4,5,0,0,1,1,0,2,1,1,2
482574,7,999,1,79,61,99,83,140,182,178,144,322
482574,7,999,2,77,59,83,70,136,153,160,129,289
482574,7,999,5,2,2,16,13,4,29,18,15,33
482574,8,5,1,30,17,27,18,47,45,57,35,92
482574,8,5,2,30,17,27,17,47,44,57,34,91
482574,8,5,5,0,0,0,1,0,1,0,1,1
482574,9,6,1,24,15,24,18,39,42,48,33,81
482574,9,6,2,24,15,19,17,39,36,43,32,75
482574,9,6,5,0,0,5,1,0,6,5,1,6
482574,10,7,1,12,9,18,14,21,32,30,23,53
482574,10,7,2,12,9,14,13,21,27,26,22,48
482574,10,7,5,0,0,4,1,0,5,4,1,5
482574,11,8,1,10,17,20,24,27,44,30,41,71
482574,11,8,2,8,15,16,17,23,33,24,32,56
482574,11,8,5,2,2,4,7,4,11,6,9,15
482574,12,9,1,3,3,9,9,6,18,12,12,24
482574,12,9,2,3,3,6,6,6,12,9,9,18
482574,12,9,5,0,0,3,3,0,6,3,3,6
482574,13,10,1,0,0,1,0,0,1,1,0,1
482574,13,10,2,0,0,1,0,0,1,1,0,1
482608,1,412,1,25,24,31,35,49,66,56,59,115
482608,1,112,2,25,21,30,26,46,56,55,47,102
482608,1,312,5,0,3,1,9,3,10,1,12,13
482608,2,999,1,4,8,4,3,12,7,8,11,19
482608,2,999,2,4,7,4,3,11,7,8,10,18
482608,2,999,5,0,1,0,0,1,0,0,1,1
482608,4,2,1,0,2,0,1,2,1,0,3,3
482608,4,2,2,0,2,0,1,2,1,0,3,3
482608,5,3,1,0,0,1,0,0,1,1,0,1
482608,5,3,2,0,0,1,0,0,1,1,0,1
482608,6,4,1,4,6,3,2,10,5,7,8,15
482608,6,4,2,4,5,3,2,9,5,7,7,14
482608,6,4,5,0,1,0,0,1,0,0,1,1
482608,7,999,1,21,16,27,32,37,59,48,48,96
482608,7,999,2,21,14,26,23,35,49,47,37,84
482608,7,999,5,0,2,1,9,2,10,1,11,12
482608,8,5,1,7,10,9,8,17,17,16,18,34
482608,8,5,2,7,9,9,7,16,16,16,16,32
482608,8,5,5,0,1,0,1,1,1,0,2,2
482608,9,6,1,10,1,3,8,11,11,13,9,22
482608,9,6,2,10,1,3,5,11,8,13,6,19
482608,9,6,5,0,0,0,3,0,3,0,3,3
482608,10,7,1,2,4,5,2,6,7,7,6,13
482608,10,7,2,2,3,5,2,5,7,7,5,12
482608,10,7,5,0,1,0,0,1,0,0,1,1
482608,11,8,1,2,1,9,7,3,16,11,8,19
482608,11,8,2,2,1,8,4,3,12,10,5,15
482608,11,8,5,0,0,1,3,0,4,1,3,4
482608,12,9,1,0,0,1,7,0,8,1,7,8
482608,12,9,2,0,0,1,5,0,6,1,5,6
482608,12,9,5,0,0,0,2,0,2,0,2,2
482617,1,412,1,7,5,8,6,12,14,15,11,26
482617,1,112,2,7,5,5,3,12,8,12,8,20
482617,1,312,5,0,0,3,3,0,6,3,3,6
482617,2,999,1,1,2,0,0,3,0,1,2,3
482617,2,999,2,1,2,0,0,3,0,1,2,3
482617,6,4,1,1,2,0,0,3,0,1,2,3
482617,6,4,2,1,2,0,0,3,0,1,2,3
482617,7,999,1,6,3,8,6,9,14,14,9,23
482617,7,999,2,6,3,5,3,9,8,11,6,17
482617,7,999,5,0,0,3,3,0,6,3,3,6
482617,8,5,1,3,0,1,0,3,1,4,0,4
482617,8,5,2,3,0,1,0,3,1,4,0,4
482617,9,6,1,0,0,1,1,0,2,1,1,2
482617,9,6,2,0,0,1,1,0,2,1,1,2
482617,10,7,1,2,2,4,1,4,5,6,3,9
482617,10,7,2,2,2,3,1,4,4,5,3,8
482617,10,7,5,0,0,1,0,0,1,1,0,1
482617,11,8,1,0,1,2,2,1,4,2,3,5
482617,11,8,2,0,1,0,0,1,0,0,1,1
482617,11,8,5,0,0,2,2,0,4,2,2,4
482617,12,9,1,1,0,0,2,1,2,1,2,3
482617,12,9,2,1,0,0,1,1,1,1,1,2
482617,12,9,5,0,0,0,1,0,1,0,1,1
482635,1,412,1,97,49,83,78,146,161,180,127,307
482635,1,112,2,89,43,57,45,132,102,146,88,234
482635,1,312,5,8,6,26,33,14,59,34,39,73
482635,2,999,1,13,3,7,7,16,14,20,10,30
482635,2,999,2,13,3,6,6,16,12,19,9,28
482635,2,999,5,0,0,1,1,0,2,1,1,2
482635,4,2,1,2,0,1,2,2,3,3,2,5
482635,4,2,2,2,0,1,2,2,3,3,2,5
482635,5,3,1,5,1,2,2,6,4,7,3,10
482635,5,3,2,5,1,2,2,6,4,7,3,10
482635,6,4,1,6,2,4,3,8,7,10,5,15
482635,6,4,2,6,2,3,2,8,5,9,4,13
482635,6,4,5,0,0,1,1,0,2,1,1,2
482635,7,999,1,84,46,76,71,130,147,160,117,277
482635,7,999,2,76,40,51,39,116,90,127,79,206
482635,7,999,5,8,6,25,32,14,57,33,38,71
482635,8,5,1,19,9,13,12,28,25,32,21,53
482635,8,5,2,18,9,10,6,27,16,28,15,43
482635,8,5,5,1,0,3,6,1,9,4,6,10
482635,9,6,1,20,16,16,18,36,34,36,34,70
482635,9,6,2,19,15,13,14,34,27,32,29,61
482635,9,6,5,1,1,3,4,2,7,4,5,9
482635,10,7,1,22,7,15,18,29,33,37,25,62
482635,10,7,2,21,6,11,9,27,20,32,15,47
482635,10,7,5,1,1,4,9,2,13,5,10,15
482635,11,8,1,18,11,23,15,29,38,41,26,67
482635,11,8,2,14,9,15,7,23,22,29,16,45
482635,11,8,5,4,2,8,8,6,16,12,10,22
482635,12,9,1,5,3,7,8,8,15,12,11,23
482635,12,9,2,4,1,2,3,5,5,6,4,10
482635,12,9,5,1,2,5,5,3,10,6,7,13
482635,13,10,1,0,0,2,0,0,2,2,0,2
482635,13,10,5,0,0,2,0,0,2,2,0,2
482653,1,412,1,41,33,56,58,74,114,97,91,188
482653,1,112,2,35,26,29,28,61,57,64,54,118
482653,1,312,5,6,7,27,30,13,57,33,37,70
482653,2,999,1,5,3,3,6,8,9,8,9,17
482653,2,999,2,4,3,3,6,7,9,7,9,16
482653,2,999,5,1,0,0,0,1,0,1,0,1
482653,5,3,1,0,0,0,2,0,2,0,2,2
482653,5,3,2,0,0,0,2,0,2,0,2,2
482653,6,4,1,5,3,3,4,8,7,8,7,15
482653,6,4,2,4,3,3,4,7,7,7,7,14
482653,6,4,5,1,0,0,0,1,0,1,0,1
482653,7,999,1,36,30,53,52,66,105,89,82,171
482653,7,999,2,31,23,26,22,54,48,57,45,102
482653,7,999,5,5,7,27,30,12,57,32,37,69
482653,8,5,1,11,8,9,14,19,23,20,22,42
482653,8,5,2,10,8,4,6,18,10,14,14,28
482653,8,5,5,1,0,5,8,1,13,6,8,14
482653,9,6,1,12,8,14,10,20,24,26,18,44
482653,9,6,2,9,4,6,4,13,10,15,8,23
482653,9,6,5,3,4,8,6,7,14,11,10,21
482653,10,7,1,2,7,10,9,9,19,12,16,28
482653,10,7,2,1,7,7,6,8,13,8,13,21
482653,10,7,5,1,0,3,3,1,6,4,3,7
482653,11,8,1,8,4,14,10,12,24,22,14,36
482653,11,8,2,8,3,8,4,11,12,16,7,23
482653,11,8,5,0,1,6,6,1,12,6,7,13
482653,12,9,1,3,3,6,9,6,15,9,12,21
482653,12,9,2,3,1,1,2,4,3,4,3,7
482653,12,9,5,0,2,5,7,2,12,5,9,14
482680,1,412,1,5695,7488,2605,4005,13183,6610,8300,11493,19793
482680,1,112,2,5645,7322,2444,3608,12967,6052,8089,10930,19019
482680,1,312,5,50,166,161,397,216,558,211,563,774
482680,2,999,1,5348,6998,2016,2996,12346,5012,7364,9994,17358
482680,2,999,2,5321,6903,1980,2897,12224,4877,7301,9800,17101
482680,2,999,5,27,95,36,99,122,135,63,194,257
482680,3,1,1,79,147,415,774,226,1189,494,921,1415
482680,3,1,2,79,147,415,774,226,1189,494,921,1415
482680,4,2,1,2561,3409,427,603,5970,1030,2988,4012,7000
482680,4,2,2,2561,3408,427,603,5969,1030,2988,4011,6999
482680,4,2,5,0,1,0,0,1,0,0,1,1
482680,5,3,1,1742,2376,623,859,4118,1482,2365,3235,5600
482680,5,3,2,1742,2373,623,849,4115,1472,2365,3222,5587
482680,5,3,5,0,3,0,10,3,10,0,13,13
482680,6,4,1,966,1066,551,760,2032,1311,1517,1826,3343
482680,6,4,2,939,975,515,671,1914,1186,1454,1646,3100
482680,6,4,5,27,91,36,89,118,125,63,180,243
482680,7,999,1,347,490,589,1009,837,1598,936,1499,2435
482680,7,999,2,324,419,464,711,743,1175,788,1130,1918
482680,7,999,5,23,71,125,298,94,423,148,369,517
482680,8,5,1,235,301,296,435,536,731,531,736,1267
482680,8,5,2,218,258,256,322,476,578,474,580,1054
482680,8,5,5,17,43,40,113,60,153,57,156,213
482680,9,6,1,72,76,127,178,148,305,199,254,453
482680,9,6,2,69,68,100,132,137,232,169,200,369
482680,9,6,5,3,8,27,46,11,73,30,54,84
482680,10,7,1,22,51,65,139,73,204,87,190,277
482680,10,7,2,21,45,47,85,66,132,68,130,198
482680,10,7,5,1,6,18,54,7,72,19,60,79
482680,11,8,1,14,42,53,168,56,221,67,210,277
482680,11,8,2,13,34,30,112,47,142,43,146,189
482680,11,8,5,1,8,23,56,9,79,24,64,88
482680,12,9,1,3,18,33,72,21,105,36,90,126
482680,12,9,2,2,14,16,46,16,62,18,60,78
482680,12,9,5,1,4,17,26,5,43,18,30,48
482680,13,10,1,1,2,15,17,3,32,16,19,35
482680,13,10,2,1,0,15,14,1,29,16,14,30
482680,13,10,5,0,2,0,3,2,3,0,5,5
482699,1,412,1,439,725,239,625,1164,864,678,1350,2028
482699,1,112,2,439,725,239,625,1164,864,678,1350,2028
482699,2,999,1,407,607,216,460,1014,676,623,1067,1690
482699,2,999,2,407,607,216,460,1014,676,623,1067,1690
482699,3,1,1,12,19,75,162,31,237,87,181,268
482699,3,1,2,12,19,75,162,31,237,87,181,268
482699,4,2,1,244,343,61,129,587,190,305,472,777
482699,4,2,2,244,343,61,129,587,190,305,472,777
482699,5,3,1,124,179,59,111,303,170,183,290,473
482699,5,3,2,124,179,59,111,303,170,183,290,473
482699,6,4,1,27,66,21,58,93,79,48,124,172
482699,6,4,2,27,66,21,58,93,79,48,124,172
482699,7,999,1,32,118,23,165,150,188,55,283,338
482699,7,999,2,32,118,23,165,150,188,55,283,338
482699,8,5,1,19,57,11,66,76,77,30,123,153
482699,8,5,2,19,57,11,66,76,77,30,123,153
482699,9,6,1,7,22,3,31,29,34,10,53,63
482699,9,6,2,7,22,3,31,29,34,10,53,63
482699,10,7,1,2,19,2,26,21,28,4,45,49
482699,10,7,2,2,19,2,26,21,28,4,45,49
482699,11,8,1,4,17,5,36,21,41,9,53,62
482699,11,8,2,4,17,5,36,21,41,9,53,62
482699,12,9,1,0,3,2,6,3,8,2,9,11
482699,12,9,2,0,3,2,6,3,8,2,9,11
482705,1,412,1,1350,2149,3374,4437,3499,7811,4724,6586,11310
482705,1,112,2,603,925,827,883,1528,1710,1430,1808,3238
482705,1,312,5,747,1224,2547,3554,1971,6101,3294,4778,8072
482705,2,999,1,873,1254,1061,1182,2127,2243,1934,2436,4370
482705,2,999,2,563,751,344,358,1314,702,907,1109,2016
482705,2,999,5,310,503,717,824,813,1541,1027,1327,2354
482705,3,1,1,22,34,0,2,56,2,22,36,58
482705,3,1,2,22,33,0,2,55,2,22,35,57
482705,3,1,5,0,1,0,0,1,0,0,1,1
482705,4,2,1,473,512,56,70,985,126,529,582,1111
482705,4,2,2,472,512,56,70,984,126,528,582,1110
482705,4,2,5,1,0,0,0,1,0,1,0,1
482705,5,3,1,17,31,94,96,48,190,111,127,238
482705,5,3,2,11,10,82,74,21,156,93,84,177
482705,5,3,5,6,21,12,22,27,34,18,43,61
482705,6,4,1,361,677,911,1014,1038,1925,1272,1691,2963
482705,6,4,2,58,196,206,212,254,418,264,408,672
482705,6,4,5,303,481,705,802,784,1507,1008,1283,2291
482705,7,999,1,477,895,2313,3255,1372,5568,2790,4150,6940
482705,7,999,2,40,174,483,525,214,1008,523,699,1222
482705,7,999,5,437,721,1830,2730,1158,4560,2267,3451,5718
482705,8,5,1,336,601,1027,1355,937,2382,1363,1956,3319
482705,8,5,2,29,124,191,211,153,402,220,335,555
482705,8,5,5,307,477,836,1144,784,1980,1143,1621,2764
482705,9,6,1,84,190,477,636,274,1113,561,826,1387
482705,9,6,2,5,29,116,114,34,230,121,143,264
482705,9,6,5,79,161,361,522,240,883,440,683,1123
482705,10,7,1,34,47,270,407,81,677,304,454,758
482705,10,7,2,4,12,69,66,16,135,73,78,151
482705,10,7,5,30,35,201,341,65,542,231,376,607
482705,11,8,1,18,37,364,524,55,888,382,561,943
482705,11,8,2,2,6,77,79,8,156,79,85,164
482705,11,8,5,16,31,287,445,47,732,303,476,779
482705,12,9,1,5,19,169,321,24,490,174,340,514
482705,12,9,2,0,3,29,54,3,83,29,57,86
482705,12,9,5,5,16,140,267,21,407,145,283,428
482705,13,10,1,0,1,6,12,1,18,6,13,19
482705,13,10,2,0,0,1,1,0,2,1,1,2
482705,13,10,5,0,1,5,11,1,16,5,12,17
483018,1,412,1,46,70,0,0,116,0,46,70,116
483018,1,112,2,46,70,0,0,116,0,46,70,116
483018,2,999,1,38,61,0,0,99,0,38,61,99
483018,2,999,2,38,61,0,0,99,0,38,61,99
483018,4,2,1,15,31,0,0,46,0,15,31,46
483018,4,2,2,15,31,0,0,46,0,15,31,46
483018,5,3,1,12,15,0,0,27,0,12,15,27
483018,5,3,2,12,15,0,0,27,0,12,15,27
483018,6,4,1,11,15,0,0,26,0,11,15,26
483018,6,4,2,11,15,0,0,26,0,11,15,26
483018,7,999,1,8,9,0,0,17,0,8,9,17
483018,7,999,2,8,9,0,0,17,0,8,9,17
483018,8,5,1,6,7,0,0,13,0,6,7,13
483018,8,5,2,6,7,0,0,13,0,6,7,13
483018,9,6,1,1,1,0,0,2,0,1,1,2
483018,9,6,2,1,1,0,0,2,0,1,1,2
483018,11,8,1,1,1,0,0,2,0,1,1,2
483018,11,8,2,1,1,0,0,2,0,1,1,2
483036,1,412,1,367,562,544,866,929,1410,911,1428,2339
483036,1,112,2,302,429,457,698,731,1155,759,1127,1886
483036,1,312,5,65,133,87,168,198,255,152,301,453
483036,2,999,1,133,211,138,200,344,338,271,411,682
483036,2,999,2,128,193,130,186,321,316,258,379,637
483036,2,999,5,5,18,8,14,23,22,13,32,45
483036,3,1,1,1,0,0,0,1,0,1,0,1
483036,3,1,2,1,0,0,0,1,0,1,0,1
483036,4,2,1,10,34,17,32,44,49,27,66,93
483036,4,2,2,10,34,17,31,44,48,27,65,92
483036,4,2,5,0,0,0,1,0,1,0,1,1
483036,5,3,1,43,57,32,53,100,85,75,110,185
483036,5,3,2,43,56,32,52,99,84,75,108,183
483036,5,3,5,0,1,0,1,1,1,0,2,2
483036,6,4,1,79,120,89,115,199,204,168,235,403
483036,6,4,2,74,103,81,103,177,184,155,206,361
483036,6,4,5,5,17,8,12,22,20,13,29,42
483036,7,999,1,234,351,406,666,585,1072,640,1017,1657
483036,7,999,2,174,236,327,512,410,839,501,748,1249
483036,7,999,5,60,115,79,154,175,233,139,269,408
483036,8,5,1,87,128,97,153,215,250,184,281,465
483036,8,5,2,70,92,86,118,162,204,156,210,366
483036,8,5,5,17,36,11,35,53,46,28,71,99
483036,9,6,1,50,82,72,156,132,228,122,238,360
483036,9,6,2,40,55,57,119,95,176,97,174,271
483036,9,6,5,10,27,15,37,37,52,25,64,89
483036,10,7,1,35,63,54,121,98,175,89,184,273
483036,10,7,2,27,39,41,88,66,129,68,127,195
483036,10,7,5,8,24,13,33,32,46,21,57,78
483036,11,8,1,44,66,113,170,110,283,157,236,393
483036,11,8,2,28,42,95,137,70,232,123,179,302
483036,11,8,5,16,24,18,33,40,51,34,57,91
483036,12,9,1,18,11,67,63,29,130,85,74,159
483036,12,9,2,9,8,46,47,17,93,55,55,110
483036,12,9,5,9,3,21,16,12,37,30,19,49
483036,13,10,1,0,1,3,3,1,6,3,4,7
483036,13,10,2,0,0,2,3,0,5,2,3,5
483036,13,10,5,0,1,1,0,1,1,1,1,2
483045,1,412,1,680,1140,2285,4035,1820,6320,2965,5175,8140
483045,1,112,2,680,1140,2285,4035,1820,6320,2965,5175,8140
483045,2,999,1,400,573,1576,2342,973,3918,1976,2915,4891
483045,2,999,2,400,573,1576,2342,973,3918,1976,2915,4891
483045,3,1,1,15,29,634,979,44,1613,649,1008,1657
483045,3,1,2,15,29,634,979,44,1613,649,1008,1657
483045,4,2,1,142,172,477,549,314,1026,619,721,1340
483045,4,2,2,142,172,477,549,314,1026,619,721,1340
483045,5,3,1,128,180,243,380,308,623,371,560,931
483045,5,3,2,128,180,243,380,308,623,371,560,931
483045,6,4,1,115,192,222,434,307,656,337,626,963
483045,6,4,2,115,192,222,434,307,656,337,626,963
483045,7,999,1,280,567,709,1693,847,2402,989,2260,3249
483045,7,999,2,280,567,709,1693,847,2402,989,2260,3249
483045,8,5,1,105,196,221,522,301,743,326,718,1044
483045,8,5,2,105,196,221,522,301,743,326,718,1044
483045,9,6,1,58,122,133,421,180,554,191,543,734
483045,9,6,2,58,122,133,421,180,554,191,543,734
483045,10,7,1,44,92,110,252,136,362,154,344,498
483045,10,7,2,44,92,110,252,136,362,154,344,498
483045,11,8,1,51,115,145,336,166,481,196,451,647
483045,11,8,2,51,115,145,336,166,481,196,451,647
483045,12,9,1,20,42,89,155,62,244,109,197,306
483045,12,9,2,20,42,89,155,62,244,109,197,306
483045,13,10,1,2,0,11,7,2,18,13,7,20
483045,13,10,2,2,0,11,7,2,18,13,7,20
483124,1,412,1,6454,12699,13846,20994,19153,34840,20300,33693,53993
483124,1,112,2,5362,10316,10175,14632,15678,24807,15537,24948,40485
483124,1,312,5,1092,2383,3671,6362,3475,10033,4763,8745,13508
483124,2,999,1,1807,5403,2754,6508,7210,9262,4561,11911,16472
483124,2,999,2,1645,4738,2397,5374,6383,7771,4042,10112,14154
483124,2,999,5,162,665,357,1134,827,1491,519,1799,2318
483124,3,1,1,1,3,12,52,4,64,13,55,68
483124,3,1,2,1,3,12,52,4,64,13,55,68
483124,4,2,1,94,337,324,935,431,1259,418,1272,1690
483124,4,2,2,93,337,324,931,430,1255,417,1268,1685
483124,4,2,5,1,0,0,4,1,4,1,4,5
483124,5,3,1,480,1648,591,1488,2128,2079,1071,3136,4207
483124,5,3,2,469,1585,578,1447,2054,2025,1047,3032,4079
483124,5,3,5,11,63,13,41,74,54,24,104,128
483124,6,4,1,1232,3415,1827,4033,4647,5860,3059,7448,10507
483124,6,4,2,1082,2813,1483,2944,3895,4427,2565,5757,8322
483124,6,4,5,150,602,344,1089,752,1433,494,1691,2185
483124,7,999,1,4647,7296,11091,14486,11943,25577,15738,21782,37520
483124,7,999,2,3717,5578,7778,9258,9295,17036,11495,14836,26331
483124,7,999,5,930,1718,3313,5228,2648,8541,4243,6946,11189
483124,8,5,1,1942,3635,3732,5961,5577,9693,5674,9596,15270
483124,8,5,2,1626,2914,2718,3890,4540,6608,4344,6804,11148
483124,8,5,5,316,721,1014,2071,1037,3085,1330,2792,4122
483124,9,6,1,1264,1636,2844,3323,2900,6167,4108,4959,9067
483124,9,6,2,1024,1285,2119,2264,2309,4383,3143,3549,6692
483124,9,6,5,240,351,725,1059,591,1784,965,1410,2375
483124,10,7,1,696,906,1955,1993,1602,3948,2651,2899,5550
483124,10,7,2,522,668,1387,1275,1190,2662,1909,1943,3852
483124,10,7,5,174,238,568,718,412,1286,742,956,1698
483124,11,8,1,566,836,1731,2244,1402,3975,2297,3080,5377
483124,11,8,2,424,558,1108,1326,982,2434,1532,1884,3416
483124,11,8,5,142,278,623,918,420,1541,765,1196,1961
483124,12,9,1,167,269,759,907,436,1666,926,1176,2102
483124,12,9,2,110,147,419,469,257,888,529,616,1145
483124,12,9,5,57,122,340,438,179,778,397,560,957
483124,13,10,1,12,14,70,58,26,128,82,72,154
483124,13,10,2,11,6,27,34,17,61,38,40,78
483124,13,10,5,1,8,43,24,9,67,44,32,76
483124,14,11,1,0,0,1,0,0,1,1,0,1
483124,14,11,5,0,0,1,0,0,1,1,0,1
483212,1,412,1,685,1122,809,1258,1807,2067,1494,2380,3874
483212,1,112,2,685,1122,809,1258,1807,2067,1494,2380,3874
483212,2,999,1,515,642,593,660,1157,1253,1108,1302,2410
483212,2,999,2,515,642,593,660,1157,1253,1108,1302,2410
483212,3,1,1,16,27,227,236,43,463,243,263,506
483212,3,1,2,16,27,227,236,43,463,243,263,506
483212,4,2,1,272,268,168,151,540,319,440,419,859
483212,4,2,2,272,268,168,151,540,319,440,419,859
483212,5,3,1,160,203,100,130,363,230,260,333,593
483212,5,3,2,160,203,100,130,363,230,260,333,593
483212,6,4,1,67,144,98,143,211,241,165,287,452
483212,6,4,2,67,144,98,143,211,241,165,287,452
483212,7,999,1,170,480,216,598,650,814,386,1078,1464
483212,7,999,2,170,480,216,598,650,814,386,1078,1464
483212,8,5,1,60,157,84,193,217,277,144,350,494
483212,8,5,2,60,157,84,193,217,277,144,350,494
483212,9,6,1,34,126,52,136,160,188,86,262,348
483212,9,6,2,34,126,52,136,160,188,86,262,348
483212,10,7,1,30,78,34,99,108,133,64,177,241
483212,10,7,2,30,78,34,99,108,133,64,177,241
483212,11,8,1,34,99,38,135,133,173,72,234,306
483212,11,8,2,34,99,38,135,133,173,72,234,306
483212,12,9,1,12,20,7,33,32,40,19,53,72
483212,12,9,2,12,20,7,33,32,40,19,53,72
483212,13,10,1,0,0,1,2,0,3,1,2,3
483212,13,10,2,0,0,1,2,0,3,1,2,3
483230,1,412,1,131,3,41,3,134,44,172,6,178
483230,1,112,2,131,3,41,3,134,44,172,6,178
483230,2,999,1,72,2,16,3,74,19,88,5,93
483230,2,999,2,72,2,16,3,74,19,88,5,93
483230,3,1,1,1,0,0,0,1,0,1,0,1
483230,3,1,2,1,0,0,0,1,0,1,0,1
483230,4,2,1,21,0,5,1,21,6,26,1,27
483230,4,2,2,21,0,5,1,21,6,26,1,27
483230,5,3,1,25,0,7,0,25,7,32,0,32
483230,5,3,2,25,0,7,0,25,7,32,0,32
483230,6,4,1,25,2,4,2,27,6,29,4,33
483230,6,4,2,25,2,4,2,27,6,29,4,33
483230,7,999,1,58,1,25,0,59,25,83,1,84
483230,7,999,2,58,1,25,0,59,25,83,1,84
483230,8,5,1,26,0,10,0,26,10,36,0,36
483230,8,5,2,26,0,10,0,26,10,36,0,36
483230,9,6,1,12,1,6,0,13,6,18,1,19
483230,9,6,2,12,1,6,0,13,6,18,1,19
483230,10,7,1,9,0,5,0,9,5,14,0,14
483230,10,7,2,9,0,5,0,9,5,14,0,14
483230,11,8,1,9,0,3,0,9,3,12,0,12
483230,11,8,2,9,0,3,0,9,3,12,0,12
483230,12,9,1,2,0,1,0,2,1,3,0,3
483230,12,9,2,2,0,1,0,2,1,3,0,3
483230,14,11,1,1,0,0,0,1,0,1,0,1
483230,14,11,2,1,0,0,0,1,0,1,0,1
483328,1,412,1,8,75,1,50,83,51,9,125,134
483328,1,112,2,8,75,1,50,83,51,9,125,134
483328,2,999,1,6,58,1,27,64,28,7,85,92
483328,2,999,2,6,58,1,27,64,28,7,85,92
483328,4,2,1,5,23,0,11,28,11,5,34,39
483328,4,2,2,5,23,0,11,28,11,5,34,39
483328,5,3,1,1,23,0,9,24,9,1,32,33
483328,5,3,2,1,23,0,9,24,9,1,32,33
483328,6,4,1,0,12,1,7,12,8,1,19,20
483328,6,4,2,0,12,1,7,12,8,1,19,20
483328,7,999,1,2,17,0,23,19,23,2,40,42
483328,7,999,2,2,17,0,23,19,23,2,40,42
483328,8,5,1,1,11,0,14,12,14,1,25,26
483328,8,5,2,1,11,0,14,12,14,1,25,26
483328,9,6,1,1,2,0,6,3,6,1,8,9
483328,9,6,2,1,2,0,6,3,6,1,8,9
483328,10,7,1,0,2,0,3,2,3,0,5,5
483328,10,7,2,0,2,0,3,2,3,0,5,5
483328,11,8,1,0,1,0,0,1,0,0,1,1
483328,11,8,2,0,1,0,0,1,0,0,1,1
483328,12,9,1,0,1,0,0,1,0,0,1,1
483328,12,9,2,0,1,0,0,1,0,0,1,1
483337,1,412,1,1,94,5,53,95,58,6,147,153
483337,1,112,2,1,94,5,53,95,58,6,147,153
483337,2,999,1,1,69,2,23,70,25,3,92,95
483337,2,999,2,1,69,2,23,70,25,3,92,95
483337,3,1,1,0,1,0,1,1,1,0,2,2
483337,3,1,2,0,1,0,1,1,1,0,2,2
483337,4,2,1,0,31,0,1,31,1,0,32,32
483337,4,2,2,0,31,0,1,31,1,0,32,32
483337,5,3,1,0,23,1,9,23,10,1,32,33
483337,5,3,2,0,23,1,9,23,10,1,32,33
483337,6,4,1,1,14,1,12,15,13,2,26,28
483337,6,4,2,1,14,1,12,15,13,2,26,28
483337,7,999,1,0,25,3,30,25,33,3,55,58
483337,7,999,2,0,25,3,30,25,33,3,55,58
483337,8,5,1,0,18,3,16,18,19,3,34,37
483337,8,5,2,0,18,3,16,18,19,3,34,37
483337,9,6,1,0,4,0,8,4,8,0,12,12
483337,9,6,2,0,4,0,8,4,8,0,12,12
483337,10,7,1,0,1,0,1,1,1,0,2,2
483337,10,7,2,0,1,0,1,1,1,0,2,2
483337,11,8,1,0,2,0,5,2,5,0,7,7
483337,11,8,2,0,2,0,5,2,5,0,7,7
483382,1,412,1,199,8,0,0,207,0,199,8,207
483382,1,112,2,199,8,0,0,207,0,199,8,207
483382,2,999,1,116,2,0,0,118,0,116,2,118
483382,2,999,2,116,2,0,0,118,0,116,2,118
483382,4,2,1,43,1,0,0,44,0,43,1,44
483382,4,2,2,43,1,0,0,44,0,43,1,44
483382,5,3,1,34,1,0,0,35,0,34,1,35
483382,5,3,2,34,1,0,0,35,0,34,1,35
483382,6,4,1,39,0,0,0,39,0,39,0,39
483382,6,4,2,39,0,0,0,39,0,39,0,39
483382,7,999,1,83,6,0,0,89,0,83,6,89
483382,7,999,2,83,6,0,0,89,0,83,6,89
483382,8,5,1,40,1,0,0,41,0,40,1,41
483382,8,5,2,40,1,0,0,41,0,40,1,41
483382,9,6,1,19,1,0,0,20,0,19,1,20
483382,9,6,2,19,1,0,0,20,0,19,1,20
483382,10,7,1,11,2,0,0,13,0,11,2,13
483382,10,7,2,11,2,0,0,13,0,11,2,13
483382,11,8,1,7,2,0,0,9,0,7,2,9
483382,11,8,2,7,2,0,0,9,0,7,2,9
483382,12,9,1,6,0,0,0,6,0,6,0,6
483382,12,9,2,6,0,0,0,6,0,6,0,6
483595,1,412,1,447,1215,228,615,1662,843,675,1830,2505
483595,1,112,2,196,550,137,374,746,511,333,924,1257
483595,1,312,5,251,665,91,241,916,332,342,906,1248
483595,2,999,1,61,205,32,122,266,154,93,327,420
483595,2,999,2,39,145,29,107,184,136,68,252,320
483595,2,999,5,22,60,3,15,82,18,25,75,100
483595,3,1,1,1,1,0,3,2,3,1,4,5
483595,3,1,2,1,1,0,3,2,3,1,4,5
483595,4,2,1,3,25,7,12,28,19,10,37,47
483595,4,2,2,3,25,7,12,28,19,10,37,47
483595,5,3,1,14,41,9,30,55,39,23,71,94
483595,5,3,2,12,41,9,30,53,39,21,71,92
483595,5,3,5,2,0,0,0,2,0,2,0,2
483595,6,4,1,43,138,16,77,181,93,59,215,274
483595,6,4,2,23,78,13,62,101,75,36,140,176
483595,6,4,5,20,60,3,15,80,18,23,75,98
483595,7,999,1,386,1009,196,492,1395,688,582,1501,2083
483595,7,999,2,157,404,108,266,561,374,265,670,935
483595,7,999,5,229,605,88,226,834,314,317,831,1148
483595,8,5,1,130,311,70,152,441,222,200,463,663
483595,8,5,2,38,126,48,94,164,142,86,220,306
483595,8,5,5,92,185,22,58,277,80,114,243,357
483595,9,6,1,97,248,57,128,345,185,154,376,530
483595,9,6,2,51,100,26,64,151,90,77,164,241
483595,9,6,5,46,148,31,64,194,95,77,212,289
483595,10,7,1,70,177,29,95,247,124,99,272,371
483595,10,7,2,25,67,16,51,92,67,41,118,159
483595,10,7,5,45,110,13,44,155,57,58,154,212
483595,11,8,1,74,229,30,94,303,124,104,323,427
483595,11,8,2,39,100,14,46,139,60,53,146,199
483595,11,8,5,35,129,16,48,164,64,51,177,228
483595,12,9,1,14,42,8,23,56,31,22,65,87
483595,12,9,2,3,9,3,11,12,14,6,20,26
483595,12,9,5,11,33,5,12,44,17,16,45,61
483595,13,10,1,1,2,2,0,3,2,3,2,5
483595,13,10,2,1,2,1,0,3,1,2,2,4
483595,13,10,5,0,0,1,0,0,1,1,0,1
483595,14,11,1,0,1,0,1,1,1,0,2,2
483595,14,11,2,0,1,0,1,1,1,0,2,2
483823,1,412,1,406,187,0,0,593,0,406,187,593
483823,1,112,2,406,187,0,0,593,0,406,187,593
483823,2,999,1,135,72,0,0,207,0,135,72,207
483823,2,999,2,135,72,0,0,207,0,135,72,207
483823,4,2,1,34,9,0,0,43,0,34,9,43
483823,4,2,2,34,9,0,0,43,0,34,9,43
483823,5,3,1,36,25,0,0,61,0,36,25,61
483823,5,3,2,36,25,0,0,61,0,36,25,61
483823,6,4,1,65,38,0,0,103,0,65,38,103
483823,6,4,2,65,38,0,0,103,0,65,38,103
483823,7,999,1,271,115,0,0,386,0,271,115,386
483823,7,999,2,271,115,0,0,386,0,271,115,386
483823,8,5,1,98,37,0,0,135,0,98,37,135
483823,8,5,2,98,37,0,0,135,0,98,37,135
483823,9,6,1,72,36,0,0,108,0,72,36,108
483823,9,6,2,72,36,0,0,108,0,72,36,108
483823,10,7,1,38,12,0,0,50,0,38,12,50
483823,10,7,2,38,12,0,0,50,0,38,12,50
483823,11,8,1,44,24,0,0,68,0,44,24,68
483823,11,8,2,44,24,0,0,68,0,44,24,68
483823,12,9,1,17,6,0,0,23,0,17,6,23
483823,12,9,2,17,6,0,0,23,0,17,6,23
483823,13,10,1,2,0,0,0,2,0,2,0,2
483823,13,10,2,2,0,0,0,2,0,2,0,2
483911,1,412,1,0,12,0,0,12,0,0,12,12
483911,1,112,2,0,12,0,0,12,0,0,12,12
483911,2,999,1,0,7,0,0,7,0,0,7,7
483911,2,999,2,0,7,0,0,7,0,0,7,7
483911,4,2,1,0,2,0,0,2,0,0,2,2
483911,4,2,2,0,2,0,0,2,0,0,2,2
483911,5,3,1,0,5,0,0,5,0,0,5,5
483911,5,3,2,0,5,0,0,5,0,0,5,5
483911,7,999,1,0,5,0,0,5,0,0,5,5
483911,7,999,2,0,5,0,0,5,0,0,5,5
483911,8,5,1,0,3,0,0,3,0,0,3,3
483911,8,5,2,0,3,0,0,3,0,0,3,3
483911,9,6,1,0,1,0,0,1,0,0,1,1
483911,9,6,2,0,1,0,0,1,0,0,1,1
483911,11,8,1,0,1,0,0,1,0,0,1,1
483911,11,8,2,0,1,0,0,1,0,0,1,1
483957,1,412,1,3,30,0,0,33,0,3,30,33
483957,1,112,2,3,30,0,0,33,0,3,30,33
483957,2,999,1,2,21,0,0,23,0,2,21,23
483957,2,999,2,2,21,0,0,23,0,2,21,23
483957,3,1,1,0,1,0,0,1,0,0,1,1
483957,3,1,2,0,1,0,0,1,0,0,1,1
483957,4,2,1,0,7,0,0,7,0,0,7,7
483957,4,2,2,0,7,0,0,7,0,0,7,7
483957,5,3,1,1,6,0,0,7,0,1,6,7
483957,5,3,2,1,6,0,0,7,0,1,6,7
483957,6,4,1,1,7,0,0,8,0,1,7,8
483957,6,4,2,1,7,0,0,8,0,1,7,8
483957,7,999,1,1,9,0,0,10,0,1,9,10
483957,7,999,2,1,9,0,0,10,0,1,9,10
483957,8,5,1,0,6,0,0,6,0,0,6,6
483957,8,5,2,0,6,0,0,6,0,0,6,6
483957,9,6,1,1,0,0,0,1,0,1,0,1
483957,9,6,2,1,0,0,0,1,0,1,0,1
483957,10,7,1,0,2,0,0,2,0,0,2,2
483957,10,7,2,0,2,0,0,2,0,0,2,2
483957,11,8,1,0,1,0,0,1,0,0,1,1
483957,11,8,2,0,1,0,0,1,0,0,1,1
484011,1,412,1,13,76,5,15,89,20,18,91,109
484011,1,112,2,13,76,5,15,89,20,18,91,109
484011,2,999,1,7,47,1,8,54,9,8,55,63
484011,2,999,2,7,47,1,8,54,9,8,55,63
484011,3,1,1,0,1,0,0,1,0,0,1,1
484011,3,1,2,0,1,0,0,1,0,0,1,1
484011,4,2,1,1,23,0,4,24,4,1,27,28
484011,4,2,2,1,23,0,4,24,4,1,27,28
484011,5,3,1,2,13,0,2,15,2,2,15,17
484011,5,3,2,2,13,0,2,15,2,2,15,17
484011,6,4,1,4,10,1,2,14,3,5,12,17
484011,6,4,2,4,10,1,2,14,3,5,12,17
484011,7,999,1,6,29,4,7,35,11,10,36,46
484011,7,999,2,6,29,4,7,35,11,10,36,46
484011,8,5,1,1,12,2,4,13,6,3,16,19
484011,8,5,2,1,12,2,4,13,6,3,16,19
484011,9,6,1,0,9,1,0,9,1,1,9,10
484011,9,6,2,0,9,1,0,9,1,1,9,10
484011,10,7,1,1,3,0,3,4,3,1,6,7
484011,10,7,2,1,3,0,3,4,3,1,6,7
484011,11,8,1,2,2,1,0,4,1,3,2,5
484011,11,8,2,2,2,1,0,4,1,3,2,5
484011,12,9,1,2,3,0,0,5,0,2,3,5
484011,12,9,2,2,3,0,0,5,0,2,3,5
484093,1,412,1,4,84,4,44,88,48,8,128,136
484093,1,112,2,4,84,4,44,88,48,8,128,136
484093,2,999,1,4,62,2,27,66,29,6,89,95
484093,2,999,2,4,62,2,27,66,29,6,89,95
484093,3,1,1,0,2,0,0,2,0,0,2,2
484093,3,1,2,0,2,0,0,2,0,0,2,2
484093,4,2,1,1,28,0,5,29,5,1,33,34
484093,4,2,2,1,28,0,5,29,5,1,33,34
484093,5,3,1,0,20,0,13,20,13,0,33,33
484093,5,3,2,0,20,0,13,20,13,0,33,33
484093,6,4,1,3,12,2,9,15,11,5,21,26
484093,6,4,2,3,12,2,9,15,11,5,21,26
484093,7,999,1,0,22,2,17,22,19,2,39,41
484093,7,999,2,0,22,2,17,22,19,2,39,41
484093,8,5,1,0,12,2,9,12,11,2,21,23
484093,8,5,2,0,12,2,9,12,11,2,21,23
484093,9,6,1,0,5,0,7,5,7,0,12,12
484093,9,6,2,0,5,0,7,5,7,0,12,12
484093,10,7,1,0,3,0,0,3,0,0,3,3
484093,10,7,2,0,3,0,0,3,0,0,3,3
484093,11,8,1,0,0,0,1,0,1,0,1,1
484093,11,8,2,0,0,0,1,0,1,0,1,1
484093,12,9,1,0,2,0,0,2,0,0,2,2
484093,12,9,2,0,2,0,0,2,0,0,2,2
484109,1,412,1,1,94,0,0,95,0,1,94,95
484109,1,112,2,1,94,0,0,95,0,1,94,95
484109,2,999,1,1,78,0,0,79,0,1,78,79
484109,2,999,2,1,78,0,0,79,0,1,78,79
484109,3,1,1,0,2,0,0,2,0,0,2,2
484109,3,1,2,0,2,0,0,2,0,0,2,2
484109,4,2,1,0,32,0,0,32,0,0,32,32
484109,4,2,2,0,32,0,0,32,0,0,32,32
484109,5,3,1,1,37,0,0,38,0,1,37,38
484109,5,3,2,1,37,0,0,38,0,1,37,38
484109,6,4,1,0,7,0,0,7,0,0,7,7
484109,6,4,2,0,7,0,0,7,0,0,7,7
484109,7,999,1,0,16,0,0,16,0,0,16,16
484109,7,999,2,0,16,0,0,16,0,0,16,16
484109,8,5,1,0,8,0,0,8,0,0,8,8
484109,8,5,2,0,8,0,0,8,0,0,8,8
484109,9,6,1,0,6,0,0,6,0,0,6,6
484109,9,6,2,0,6,0,0,6,0,0,6,6
484109,10,7,1,0,1,0,0,1,0,0,1,1
484109,10,7,2,0,1,0,0,1,0,0,1,1
484109,11,8,1,0,1,0,0,1,0,0,1,1
484109,11,8,2,0,1,0,0,1,0,0,1,1
484190,1,412,1,22,4,0,0,26,0,22,4,26
484190,1,112,2,22,4,0,0,26,0,22,4,26
484190,2,999,1,5,0,0,0,5,0,5,0,5
484190,2,999,2,5,0,0,0,5,0,5,0,5
484190,6,4,1,5,0,0,0,5,0,5,0,5
484190,6,4,2,5,0,0,0,5,0,5,0,5
484190,7,999,1,16,4,0,0,20,0,16,4,20
484190,7,999,2,16,4,0,0,20,0,16,4,20
484190,8,5,1,9,1,0,0,10,0,9,1,10
484190,8,5,2,9,1,0,0,10,0,9,1,10
484190,9,6,1,3,1,0,0,4,0,3,1,4
484190,9,6,2,3,1,0,0,4,0,3,1,4
484190,10,7,1,3,0,0,0,3,0,3,0,3
484190,10,7,2,3,0,0,0,3,0,3,0,3
484190,11,8,1,1,1,0,0,2,0,1,1,2
484190,11,8,2,1,1,0,0,2,0,1,1,2
484190,12,9,1,0,1,0,0,1,0,0,1,1
484190,12,9,2,0,1,0,0,1,0,0,1,1
484190,14,11,1,1,0,0,0,1,0,1,0,1
484190,14,11,2,1,0,0,0,1,0,1,0,1
484473,1,412,1,895,1203,1079,1230,2098,2309,1974,2433,4407
484473,1,112,2,895,1203,1079,1230,2098,2309,1974,2433,4407
484473,2,999,1,741,986,406,571,1727,977,1147,1557,2704
484473,2,999,2,741,986,406,571,1727,977,1147,1557,2704
484473,3,1,1,4,3,121,193,7,314,125,196,321
484473,3,1,2,4,3,121,193,7,314,125,196,321
484473,4,2,1,417,546,77,109,963,186,494,655,1149
484473,4,2,2,417,546,77,109,963,186,494,655,1149
484473,5,3,1,197,257,62,110,454,172,259,367,626
484473,5,3,2,197,257,62,110,454,172,259,367,626
484473,6,4,1,123,180,146,159,303,305,269,339,608
484473,6,4,2,123,180,146,159,303,305,269,339,608
484473,7,999,1,154,217,673,659,371,1332,827,876,1703
484473,7,999,2,154,217,673,659,371,1332,827,876,1703
484473,8,5,1,66,102,177,205,168,382,243,307,550
484473,8,5,2,66,102,177,205,168,382,243,307,550
484473,9,6,1,41,47,172,156,88,328,213,203,416
484473,9,6,2,41,47,172,156,88,328,213,203,416
484473,10,7,1,24,34,143,107,58,250,167,141,308
484473,10,7,2,24,34,143,107,58,250,167,141,308
484473,11,8,1,17,25,131,124,42,255,148,149,297
484473,11,8,2,17,25,131,124,42,255,148,149,297
484473,12,9,1,6,9,46,63,15,109,52,72,124
484473,12,9,2,6,9,46,63,15,109,52,72,124
484473,13,10,1,0,0,4,4,0,8,4,4,8
484473,13,10,2,0,0,4,4,0,8,4,4,8
484613,1,412,1,25836,63927,0,0,89763,0,25836,63927,89763
484613,1,112,2,20749,48659,0,0,69408,0,20749,48659,69408
484613,1,312,5,5087,15268,0,0,20355,0,5087,15268,20355
484613,2,999,1,2810,6924,0,0,9734,0,2810,6924,9734
484613,2,999,2,2661,6376,0,0,9037,0,2661,6376,9037
484613,2,999,5,149,548,0,0,697,0,149,548,697
484613,3,1,1,16,34,0,0,50,0,16,34,50
484613,3,1,2,16,34,0,0,50,0,16,34,50
484613,4,2,1,293,671,0,0,964,0,293,671,964
484613,4,2,2,291,662,0,0,953,0,291,662,953
484613,4,2,5,2,9,0,0,11,0,2,9,11
484613,5,3,1,643,1643,0,0,2286,0,643,1643,2286
484613,5,3,2,640,1609,0,0,2249,0,640,1609,2249
484613,5,3,5,3,34,0,0,37,0,3,34,37
484613,6,4,1,1858,4576,0,0,6434,0,1858,4576,6434
484613,6,4,2,1714,4071,0,0,5785,0,1714,4071,5785
484613,6,4,5,144,505,0,0,649,0,144,505,649
484613,7,999,1,23025,57000,0,0,80025,0,23025,57000,80025
484613,7,999,2,18087,42283,0,0,60370,0,18087,42283,60370
484613,7,999,5,4938,14717,0,0,19655,0,4938,14717,19655
484613,8,5,1,5016,12448,0,0,17464,0,5016,12448,17464
484613,8,5,2,4337,10384,0,0,14721,0,4337,10384,14721
484613,8,5,5,679,2064,0,0,2743,0,679,2064,2743
484613,9,6,1,5626,13163,0,0,18789,0,5626,13163,18789
484613,9,6,2,4764,10539,0,0,15303,0,4764,10539,15303
484613,9,6,5,862,2624,0,0,3486,0,862,2624,3486
484613,10,7,1,4703,11287,0,0,15990,0,4703,11287,15990
484613,10,7,2,3748,8399,0,0,12147,0,3748,8399,12147
484613,10,7,5,955,2888,0,0,3843,0,955,2888,3843
484613,11,8,1,5214,13726,0,0,18940,0,5214,13726,18940
484613,11,8,2,3744,9287,0,0,13031,0,3744,9287,13031
484613,11,8,5,1470,4439,0,0,5909,0,1470,4439,5909
484613,12,9,1,2345,6089,0,0,8434,0,2345,6089,8434
484613,12,9,2,1447,3556,0,0,5003,0,1447,3556,5003
484613,12,9,5,898,2533,0,0,3431,0,898,2533,3431
484613,13,10,1,121,287,0,0,408,0,121,287,408
484613,13,10,2,47,118,0,0,165,0,47,118,165
484613,13,10,5,74,169,0,0,243,0,74,169,243
484613,14,11,1,1,3,0,0,4,0,1,3,4
484613,14,11,2,1,0,0,0,1,0,1,0,1
484613,14,11,5,0,3,0,0,3,0,0,3,3
484631,1,412,1,1897,1282,0,0,3179,0,1897,1282,3179
484631,1,112,2,1535,857,0,0,2392,0,1535,857,2392
484631,1,312,5,362,425,0,0,787,0,362,425,787
484631,2,999,1,81,67,0,0,148,0,81,67,148
484631,2,999,2,81,58,0,0,139,0,81,58,139
484631,2,999,5,0,9,0,0,9,0,0,9,9
484631,3,1,1,0,1,0,0,1,0,0,1,1
484631,3,1,2,0,1,0,0,1,0,0,1,1
484631,4,2,1,3,4,0,0,7,0,3,4,7
484631,4,2,2,3,4,0,0,7,0,3,4,7
484631,5,3,1,11,3,0,0,14,0,11,3,14
484631,5,3,2,11,3,0,0,14,0,11,3,14
484631,6,4,1,67,59,0,0,126,0,67,59,126
484631,6,4,2,67,50,0,0,117,0,67,50,117
484631,6,4,5,0,9,0,0,9,0,0,9,9
484631,7,999,1,1816,1215,0,0,3031,0,1816,1215,3031
484631,7,999,2,1454,799,0,0,2253,0,1454,799,2253
484631,7,999,5,362,416,0,0,778,0,362,416,778
484631,8,5,1,356,239,0,0,595,0,356,239,595
484631,8,5,2,324,187,0,0,511,0,324,187,511
484631,8,5,5,32,52,0,0,84,0,32,52,84
484631,9,6,1,483,284,0,0,767,0,483,284,767
484631,9,6,2,407,193,0,0,600,0,407,193,600
484631,9,6,5,76,91,0,0,167,0,76,91,167
484631,10,7,1,405,241,0,0,646,0,405,241,646
484631,10,7,2,321,156,0,0,477,0,321,156,477
484631,10,7,5,84,85,0,0,169,0,84,85,169
484631,11,8,1,413,314,0,0,727,0,413,314,727
484631,11,8,2,299,186,0,0,485,0,299,186,485
484631,11,8,5,114,128,0,0,242,0,114,128,242
484631,12,9,1,156,133,0,0,289,0,156,133,289
484631,12,9,2,100,74,0,0,174,0,100,74,174
484631,12,9,5,56,59,0,0,115,0,56,59,115
484631,13,10,1,3,4,0,0,7,0,3,4,7
484631,13,10,2,3,3,0,0,6,0,3,3,6
484631,13,10,5,0,1,0,0,1,0,0,1,1
484668,1,412,1,17,23,0,0,40,0,17,23,40
484668,1,112,2,16,22,0,0,38,0,16,22,38
484668,1,312,5,1,1,0,0,2,0,1,1,2
484668,7,999,1,17,23,0,0,40,0,17,23,40
484668,7,999,2,16,22,0,0,38,0,16,22,38
484668,7,999,5,1,1,0,0,2,0,1,1,2
484668,8,5,1,0,3,0,0,3,0,0,3,3
484668,8,5,2,0,3,0,0,3,0,0,3,3
484668,9,6,1,3,1,0,0,4,0,3,1,4
484668,9,6,2,3,1,0,0,4,0,3,1,4
484668,10,7,1,7,6,0,0,13,0,7,6,13
484668,10,7,2,6,6,0,0,12,0,6,6,12
484668,10,7,5,1,0,0,0,1,0,1,0,1
484668,11,8,1,5,11,0,0,16,0,5,11,16
484668,11,8,2,5,10,0,0,15,0,5,10,15
484668,11,8,5,0,1,0,0,1,0,0,1,1
484668,12,9,1,2,2,0,0,4,0,2,2,4
484668,12,9,2,2,2,0,0,4,0,2,2,4
484677,1,412,1,13,14,0,0,27,0,13,14,27
484677,1,112,2,13,14,0,0,27,0,13,14,27
484677,2,999,1,1,0,0,0,1,0,1,0,1
484677,2,999,2,1,0,0,0,1,0,1,0,1
484677,6,4,1,1,0,0,0,1,0,1,0,1
484677,6,4,2,1,0,0,0,1,0,1,0,1
484677,7,999,1,12,14,0,0,26,0,12,14,26
484677,7,999,2,12,14,0,0,26,0,12,14,26
484677,8,5,1,3,0,0,0,3,0,3,0,3
484677,8,5,2,3,0,0,0,3,0,3,0,3
484677,9,6,1,1,8,0,0,9,0,1,8,9
484677,9,6,2,1,8,0,0,9,0,1,8,9
484677,10,7,1,3,1,0,0,4,0,3,1,4
484677,10,7,2,3,1,0,0,4,0,3,1,4
484677,11,8,1,3,3,0,0,6,0,3,3,6
484677,11,8,2,3,3,0,0,6,0,3,3,6
484677,12,9,1,2,2,0,0,4,0,2,2,4
484677,12,9,2,2,2,0,0,4,0,2,2,4
484710,1,412,1,93,50,0,0,143,0,93,50,143
484710,1,112,2,82,45,0,0,127,0,82,45,127
484710,1,312,5,11,5,0,0,16,0,11,5,16
484710,2,999,1,5,4,0,0,9,0,5,4,9
484710,2,999,2,5,2,0,0,7,0,5,2,7
484710,2,999,5,0,2,0,0,2,0,0,2,2
484710,4,2,1,0,1,0,0,1,0,0,1,1
484710,4,2,2,0,1,0,0,1,0,0,1,1
484710,6,4,1,5,3,0,0,8,0,5,3,8
484710,6,4,2,5,1,0,0,6,0,5,1,6
484710,6,4,5,0,2,0,0,2,0,0,2,2
484710,7,999,1,88,46,0,0,134,0,88,46,134
484710,7,999,2,77,43,0,0,120,0,77,43,120
484710,7,999,5,11,3,0,0,14,0,11,3,14
484710,8,5,1,18,6,0,0,24,0,18,6,24
484710,8,5,2,17,6,0,0,23,0,17,6,23
484710,8,5,5,1,0,0,0,1,0,1,0,1
484710,9,6,1,19,14,0,0,33,0,19,14,33
484710,9,6,2,17,13,0,0,30,0,17,13,30
484710,9,6,5,2,1,0,0,3,0,2,1,3
484710,10,7,1,19,9,0,0,28,0,19,9,28
484710,10,7,2,18,8,0,0,26,0,18,8,26
484710,10,7,5,1,1,0,0,2,0,1,1,2
484710,11,8,1,22,15,0,0,37,0,22,15,37
484710,11,8,2,18,14,0,0,32,0,18,14,32
484710,11,8,5,4,1,0,0,5,0,4,1,5
484710,12,9,1,10,2,0,0,12,0,10,2,12
484710,12,9,2,7,2,0,0,9,0,7,2,9
484710,12,9,5,3,0,0,0,3,0,3,0,3
484729,1,412,1,5,9,0,0,14,0,5,9,14
484729,1,112,2,5,9,0,0,14,0,5,9,14
484729,7,999,1,5,9,0,0,14,0,5,9,14
484729,7,999,2,5,9,0,0,14,0,5,9,14
484729,8,5,1,1,0,0,0,1,0,1,0,1
484729,8,5,2,1,0,0,0,1,0,1,0,1
484729,9,6,1,2,0,0,0,2,0,2,0,2
484729,9,6,2,2,0,0,0,2,0,2,0,2
484729,10,7,1,0,2,0,0,2,0,0,2,2
484729,10,7,2,0,2,0,0,2,0,0,2,2
484729,11,8,1,1,2,0,0,3,0,1,2,3
484729,11,8,2,1,2,0,0,3,0,1,2,3
484729,12,9,1,1,5,0,0,6,0,1,5,6
484729,12,9,2,1,5,0,0,6,0,1,5,6
484756,1,412,1,151,122,0,0,273,0,151,122,273
484756,1,112,2,123,105,0,0,228,0,123,105,228
484756,1,312,5,28,17,0,0,45,0,28,17,45
484756,2,999,1,4,5,0,0,9,0,4,5,9
484756,2,999,2,4,5,0,0,9,0,4,5,9
484756,4,2,1,0,2,0,0,2,0,0,2,2
484756,4,2,2,0,2,0,0,2,0,0,2,2
484756,5,3,1,2,0,0,0,2,0,2,0,2
484756,5,3,2,2,0,0,0,2,0,2,0,2
484756,6,4,1,2,3,0,0,5,0,2,3,5
484756,6,4,2,2,3,0,0,5,0,2,3,5
484756,7,999,1,147,117,0,0,264,0,147,117,264
484756,7,999,2,119,100,0,0,219,0,119,100,219
484756,7,999,5,28,17,0,0,45,0,28,17,45
484756,8,5,1,17,15,0,0,32,0,17,15,32
484756,8,5,2,15,14,0,0,29,0,15,14,29
484756,8,5,5,2,1,0,0,3,0,2,1,3
484756,9,6,1,36,32,0,0,68,0,36,32,68
484756,9,6,2,30,30,0,0,60,0,30,30,60
484756,9,6,5,6,2,0,0,8,0,6,2,8
484756,10,7,1,36,19,0,0,55,0,36,19,55
484756,10,7,2,32,15,0,0,47,0,32,15,47
484756,10,7,5,4,4,0,0,8,0,4,4,8
484756,11,8,1,36,39,0,0,75,0,36,39,75
484756,11,8,2,28,31,0,0,59,0,28,31,59
484756,11,8,5,8,8,0,0,16,0,8,8,16
484756,12,9,1,22,12,0,0,34,0,22,12,34
484756,12,9,2,14,10,0,0,24,0,14,10,24
484756,12,9,5,8,2,0,0,10,0,8,2,10
484783,1,412,1,3,6,0,0,9,0,3,6,9
484783,1,112,2,3,6,0,0,9,0,3,6,9
484783,2,999,1,1,0,0,0,1,0,1,0,1
484783,2,999,2,1,0,0,0,1,0,1,0,1
484783,6,4,1,1,0,0,0,1,0,1,0,1
484783,6,4,2,1,0,0,0,1,0,1,0,1
484783,7,999,1,2,6,0,0,8,0,2,6,8
484783,7,999,2,2,6,0,0,8,0,2,6,8
484783,8,5,1,0,3,0,0,3,0,0,3,3
484783,8,5,2,0,3,0,0,3,0,0,3,3
484783,9,6,1,1,1,0,0,2,0,1,1,2
484783,9,6,2,1,1,0,0,2,0,1,1,2
484783,11,8,1,1,0,0,0,1,0,1,0,1
484783,11,8,2,1,0,0,0,1,0,1,0,1
484783,12,9,1,0,2,0,0,2,0,0,2,2
484783,12,9,2,0,2,0,0,2,0,0,2,2
485014,1,412,1,2,54,1,18,56,19,3,72,75
485014,1,112,2,2,54,1,18,56,19,3,72,75
485014,2,999,1,2,26,1,12,28,13,3,38,41
485014,2,999,2,2,26,1,12,28,13,3,38,41
485014,3,1,1,0,1,0,1,1,1,0,2,2
485014,3,1,2,0,1,0,1,1,1,0,2,2
485014,4,2,1,1,7,1,0,8,1,2,7,9
485014,4,2,2,1,7,1,0,8,1,2,7,9
485014,5,3,1,0,12,0,4,12,4,0,16,16
485014,5,3,2,0,12,0,4,12,4,0,16,16
485014,6,4,1,1,6,0,7,7,7,1,13,14
485014,6,4,2,1,6,0,7,7,7,1,13,14
485014,7,999,1,0,28,0,6,28,6,0,34,34
485014,7,999,2,0,28,0,6,28,6,0,34,34
485014,8,5,1,0,13,0,2,13,2,0,15,15
485014,8,5,2,0,13,0,2,13,2,0,15,15
485014,9,6,1,0,11,0,3,11,3,0,14,14
485014,9,6,2,0,11,0,3,11,3,0,14,14
485014,10,7,1,0,3,0,1,3,1,0,4,4
485014,10,7,2,0,3,0,1,3,1,0,4,4
485014,11,8,1,0,1,0,0,1,0,0,1,1
485014,11,8,2,0,1,0,0,1,0,0,1,1
485032,1,412,1,5,102,2,52,107,54,7,154,161
485032,1,112,2,5,102,2,52,107,54,7,154,161
485032,2,999,1,2,52,1,25,54,26,3,77,80
485032,2,999,2,2,52,1,25,54,26,3,77,80
485032,4,2,1,1,12,0,5,13,5,1,17,18
485032,4,2,2,1,12,0,5,13,5,1,17,18
485032,5,3,1,0,23,0,6,23,6,0,29,29
485032,5,3,2,0,23,0,6,23,6,0,29,29
485032,6,4,1,1,17,1,14,18,15,2,31,33
485032,6,4,2,1,17,1,14,18,15,2,31,33
485032,7,999,1,3,50,1,27,53,28,4,77,81
485032,7,999,2,3,50,1,27,53,28,4,77,81
485032,8,5,1,2,30,0,14,32,14,2,44,46
485032,8,5,2,2,30,0,14,32,14,2,44,46
485032,9,6,1,1,12,0,8,13,8,1,20,21
485032,9,6,2,1,12,0,8,13,8,1,20,21
485032,10,7,1,0,5,1,4,5,5,1,9,10
485032,10,7,2,0,5,1,4,5,5,1,9,10
485032,11,8,1,0,1,0,1,1,1,0,2,2
485032,11,8,2,0,1,0,1,1,1,0,2,2
485032,12,9,1,0,2,0,0,2,0,0,2,2
485032,12,9,2,0,2,0,0,2,0,0,2,2
485111,1,412,1,1210,1816,1520,2955,3026,4475,2730,4771,7501
485111,1,112,2,1210,1816,1520,2955,3026,4475,2730,4771,7501
485111,2,999,1,1030,1383,1192,2184,2413,3376,2222,3567,5789
485111,2,999,2,1030,1383,1192,2184,2413,3376,2222,3567,5789
485111,3,1,1,24,37,464,1057,61,1521,488,1094,1582
485111,3,1,2,24,37,464,1057,61,1521,488,1094,1582
485111,4,2,1,444,664,370,632,1108,1002,814,1296,2110
485111,4,2,2,444,664,370,632,1108,1002,814,1296,2110
485111,5,3,1,389,465,187,249,854,436,576,714,1290
485111,5,3,2,389,465,187,249,854,436,576,714,1290
485111,6,4,1,173,217,171,246,390,417,344,463,807
485111,6,4,2,173,217,171,246,390,417,344,463,807
485111,7,999,1,180,433,328,771,613,1099,508,1204,1712
485111,7,999,2,180,433,328,771,613,1099,508,1204,1712
485111,8,5,1,83,186,122,264,269,386,205,450,655
485111,8,5,2,83,186,122,264,269,386,205,450,655
485111,9,6,1,44,102,76,168,146,244,120,270,390
485111,9,6,2,44,102,76,168,146,244,120,270,390
485111,10,7,1,25,58,44,112,83,156,69,170,239
485111,10,7,2,25,58,44,112,83,156,69,170,239
485111,11,8,1,22,65,60,152,87,212,82,217,299
485111,11,8,2,22,65,60,152,87,212,82,217,299
485111,12,9,1,6,20,26,75,26,101,32,95,127
485111,12,9,2,6,20,26,75,26,101,32,95,127
485111,13,10,1,0,2,0,0,2,0,0,2,2
485111,13,10,2,0,2,0,0,2,0,0,2,2
485272,1,412,1,108,753,45,288,861,333,153,1041,1194
485272,1,112,2,108,753,45,288,861,333,153,1041,1194
485272,2,999,1,52,399,23,136,451,159,75,535,610
485272,2,999,2,52,399,23,136,451,159,75,535,610
485272,3,1,1,0,2,0,0,2,0,0,2,2
485272,3,1,2,0,2,0,0,2,0,0,2,2
485272,4,2,1,9,44,1,9,53,10,10,53,63
485272,4,2,2,9,44,1,9,53,10,10,53,63
485272,5,3,1,21,141,6,59,162,65,27,200,227
485272,5,3,2,21,141,6,59,162,65,27,200,227
485272,6,4,1,22,212,16,68,234,84,38,280,318
485272,6,4,2,22,212,16,68,234,84,38,280,318
485272,7,999,1,56,354,22,152,410,174,78,506,584
485272,7,999,2,56,354,22,152,410,174,78,506,584
485272,8,5,1,30,178,8,78,208,86,38,256,294
485272,8,5,2,30,178,8,78,208,86,38,256,294
485272,9,6,1,19,102,6,37,121,43,25,139,164
485272,9,6,2,19,102,6,37,121,43,25,139,164
485272,10,7,1,3,33,4,16,36,20,7,49,56
485272,10,7,2,3,33,4,16,36,20,7,49,56
485272,11,8,1,4,38,3,17,42,20,7,55,62
485272,11,8,2,4,38,3,17,42,20,7,55,62
485272,12,9,1,0,3,1,4,3,5,1,7,8
485272,12,9,2,0,3,1,4,3,5,1,7,8
485342,1,412,1,144,55,75,143,199,218,219,198,417
485342,1,112,2,144,55,75,143,199,218,219,198,417
485342,2,999,1,96,33,75,143,129,218,171,176,347
485342,2,999,2,96,33,75,143,129,218,171,176,347
485342,3,1,1,0,0,66,116,0,182,66,116,182
485342,3,1,2,0,0,66,116,0,182,66,116,182
485342,4,2,1,21,11,9,27,32,36,30,38,68
485342,4,2,2,21,11,9,27,32,36,30,38,68
485342,5,3,1,42,8,0,0,50,0,42,8,50
485342,5,3,2,42,8,0,0,50,0,42,8,50
485342,6,4,1,33,14,0,0,47,0,33,14,47
485342,6,4,2,33,14,0,0,47,0,33,14,47
485342,7,999,1,48,22,0,0,70,0,48,22,70
485342,7,999,2,48,22,0,0,70,0,48,22,70
485342,8,5,1,29,14,0,0,43,0,29,14,43
485342,8,5,2,29,14,0,0,43,0,29,14,43
485342,9,6,1,11,4,0,0,15,0,11,4,15
485342,9,6,2,11,4,0,0,15,0,11,4,15
485342,10,7,1,6,4,0,0,10,0,6,4,10
485342,10,7,2,6,4,0,0,10,0,6,4,10
485342,11,8,1,2,0,0,0,2,0,2,0,2
485342,11,8,2,2,0,0,0,2,0,2,0,2
485397,1,412,1,6,74,1,24,80,25,7,98,105
485397,1,112,2,6,74,1,24,80,25,7,98,105
485397,2,999,1,3,39,0,7,42,7,3,46,49
485397,2,999,2,3,39,0,7,42,7,3,46,49
485397,4,2,1,1,14,0,0,15,0,1,14,15
485397,4,2,2,1,14,0,0,15,0,1,14,15
485397,5,3,1,2,11,0,5,13,5,2,16,18
485397,5,3,2,2,11,0,5,13,5,2,16,18
485397,6,4,1,0,14,0,2,14,2,0,16,16
485397,6,4,2,0,14,0,2,14,2,0,16,16
485397,7,999,1,3,35,1,17,38,18,4,52,56
485397,7,999,2,3,35,1,17,38,18,4,52,56
485397,8,5,1,2,12,0,5,14,5,2,17,19
485397,8,5,2,2,12,0,5,14,5,2,17,19
485397,9,6,1,0,16,0,6,16,6,0,22,22
485397,9,6,2,0,16,0,6,16,6,0,22,22
485397,10,7,1,0,3,1,2,3,3,1,5,6
485397,10,7,2,0,3,1,2,3,3,1,5,6
485397,11,8,1,1,3,0,2,4,2,1,5,6
485397,11,8,2,1,3,0,2,4,2,1,5,6
485397,12,9,1,0,1,0,2,1,2,0,3,3
485397,12,9,2,0,1,0,2,1,2,0,3,3
485458,1,412,1,223,392,1078,1913,615,2991,1301,2305,3606
485458,1,112,2,223,392,1078,1913,615,2991,1301,2305,3606
485458,2,999,1,174,220,927,1334,394,2261,1101,1554,2655
485458,2,999,2,174,220,927,1334,394,2261,1101,1554,2655
485458,3,1,1,55,74,567,830,129,1397,622,904,1526
485458,3,1,2,55,74,567,830,129,1397,622,904,1526
485458,4,2,1,71,48,214,234,119,448,285,282,567
485458,4,2,2,71,48,214,234,119,448,285,282,567
485458,5,3,1,31,55,86,134,86,220,117,189,306
485458,5,3,2,31,55,86,134,86,220,117,189,306
485458,6,4,1,17,43,60,136,60,196,77,179,256
485458,6,4,2,17,43,60,136,60,196,77,179,256
485458,7,999,1,49,172,151,579,221,730,200,751,951
485458,7,999,2,49,172,151,579,221,730,200,751,951
485458,8,5,1,19,71,58,197,90,255,77,268,345
485458,8,5,2,19,71,58,197,90,255,77,268,345
485458,9,6,1,14,48,29,147,62,176,43,195,238
485458,9,6,2,14,48,29,147,62,176,43,195,238
485458,10,7,1,6,30,20,81,36,101,26,111,137
485458,10,7,2,6,30,20,81,36,101,26,111,137
485458,11,8,1,8,22,24,97,30,121,32,119,151
485458,11,8,2,8,22,24,97,30,121,32,119,151
485458,12,9,1,2,1,20,52,3,72,22,53,75
485458,12,9,2,2,1,20,52,3,72,22,53,75
485458,13,10,1,0,0,0,5,0,5,0,5,5
485458,13,10,2,0,0,0,5,0,5,0,5,5
485546,1,412,1,115,85,170,167,200,337,285,252,537
485546,1,112,2,3,5,58,95,8,153,61,100,161
485546,1,312,5,112,80,112,72,192,184,224,152,376
485546,2,999,1,1,1,6,21,2,27,7,22,29
485546,2,999,2,1,0,5,21,1,26,6,21,27
485546,2,999,5,0,1,1,0,1,1,1,1,2
485546,3,1,1,0,1,0,0,1,0,0,1,1
485546,3,1,5,0,1,0,0,1,0,0,1,1
485546,5,3,1,0,0,4,7,0,11,4,7,11
485546,5,3,2,0,0,4,7,0,11,4,7,11
485546,6,4,1,1,0,2,14,1,16,3,14,17
485546,6,4,2,1,0,1,14,1,15,2,14,16
485546,6,4,5,0,0,1,0,0,1,1,0,1
485546,7,999,1,114,84,164,146,198,310,278,230,508
485546,7,999,2,2,5,53,74,7,127,55,79,134
485546,7,999,5,112,79,111,72,191,183,223,151,374
485546,8,5,1,6,7,18,21,13,39,24,28,52
485546,8,5,2,0,0,14,15,0,29,14,15,29
485546,8,5,5,6,7,4,6,13,10,10,13,23
485546,9,6,1,13,10,21,20,23,41,34,30,64
485546,9,6,2,0,3,7,11,3,18,7,14,21
485546,9,6,5,13,7,14,9,20,23,27,16,43
485546,10,7,1,23,8,28,26,31,54,51,34,85
485546,10,7,2,1,0,8,14,1,22,9,14,23
485546,10,7,5,22,8,20,12,30,32,42,20,62
485546,11,8,1,35,39,53,46,74,99,88,85,173
485546,11,8,2,1,1,16,23,2,39,17,24,41
485546,11,8,5,34,38,37,23,72,60,71,61,132
485546,12,9,1,31,16,38,28,47,66,69,44,113
485546,12,9,2,0,1,7,9,1,16,7,10,17
485546,12,9,5,31,15,31,19,46,50,62,34,96
485546,13,10,1,6,4,6,5,10,11,12,9,21
485546,13,10,2,0,0,1,2,0,3,1,2,3
485546,13,10,5,6,4,5,3,10,8,11,7,18
486123,1,412,1,14,8,0,0,22,0,14,8,22
486123,1,112,2,14,8,0,0,22,0,14,8,22
486123,2,999,1,8,4,0,0,12,0,8,4,12
486123,2,999,2,8,4,0,0,12,0,8,4,12
486123,4,2,1,3,1,0,0,4,0,3,1,4
486123,4,2,2,3,1,0,0,4,0,3,1,4
486123,5,3,1,1,2,0,0,3,0,1,2,3
486123,5,3,2,1,2,0,0,3,0,1,2,3
486123,6,4,1,4,1,0,0,5,0,4,1,5
486123,6,4,2,4,1,0,0,5,0,4,1,5
486123,7,999,1,6,4,0,0,10,0,6,4,10
486123,7,999,2,6,4,0,0,10,0,6,4,10
486123,8,5,1,4,0,0,0,4,0,4,0,4
486123,8,5,2,4,0,0,0,4,0,4,0,4
486123,9,6,1,2,2,0,0,4,0,2,2,4
486123,9,6,2,2,2,0,0,4,0,2,2,4
486123,10,7,1,0,2,0,0,2,0,0,2,2
486123,10,7,2,0,2,0,0,2,0,0,2,2
486202,1,412,1,5,14,0,0,19,0,5,14,19
486202,1,112,2,5,14,0,0,19,0,5,14,19
486202,2,999,1,3,6,0,0,9,0,3,6,9
486202,2,999,2,3,6,0,0,9,0,3,6,9
486202,4,2,1,1,0,0,0,1,0,1,0,1
486202,4,2,2,1,0,0,0,1,0,1,0,1
486202,5,3,1,1,1,0,0,2,0,1,1,2
486202,5,3,2,1,1,0,0,2,0,1,1,2
486202,6,4,1,1,5,0,0,6,0,1,5,6
486202,6,4,2,1,5,0,0,6,0,1,5,6
486202,7,999,1,2,8,0,0,10,0,2,8,10
486202,7,999,2,2,8,0,0,10,0,2,8,10
486202,8,5,1,1,4,0,0,5,0,1,4,5
486202,8,5,2,1,4,0,0,5,0,1,4,5
486202,9,6,1,0,1,0,0,1,0,0,1,1
486202,9,6,2,0,1,0,0,1,0,0,1,1
486202,10,7,1,1,3,0,0,4,0,1,3,4
486202,10,7,2,1,3,0,0,4,0,1,3,4
486257,1,412,1,88,108,40,53,196,93,128,161,289
486257,1,112,2,88,108,40,53,196,93,128,161,289
486257,2,999,1,50,38,11,10,88,21,61,48,109
486257,2,999,2,50,38,11,10,88,21,61,48,109
486257,3,1,1,4,3,0,1,7,1,4,4,8
486257,3,1,2,4,3,0,1,7,1,4,4,8
486257,4,2,1,23,10,0,2,33,2,23,12,35
486257,4,2,2,23,10,0,2,33,2,23,12,35
486257,5,3,1,15,15,3,3,30,6,18,18,36
486257,5,3,2,15,15,3,3,30,6,18,18,36
486257,6,4,1,8,10,8,4,18,12,16,14,30
486257,6,4,2,8,10,8,4,18,12,16,14,30
486257,7,999,1,38,70,29,43,108,72,67,113,180
486257,7,999,2,38,70,29,43,108,72,67,113,180
486257,8,5,1,8,16,6,3,24,9,14,19,33
486257,8,5,2,8,16,6,3,24,9,14,19,33
486257,9,6,1,7,14,6,4,21,10,13,18,31
486257,9,6,2,7,14,6,4,21,10,13,18,31
486257,10,7,1,8,9,6,6,17,12,14,15,29
486257,10,7,2,8,9,6,6,17,12,14,15,29
486257,11,8,1,8,19,6,16,27,22,14,35,49
486257,11,8,2,8,19,6,16,27,22,14,35,49
486257,12,9,1,7,11,4,14,18,18,11,25,36
486257,12,9,2,7,11,4,14,18,18,11,25,36
486257,13,10,1,0,1,1,0,1,1,1,1,2
486257,13,10,2,0,1,1,0,1,1,1,1,2
486406,1,412,1,2,4,0,0,6,0,2,4,6
486406,1,112,2,2,4,0,0,6,0,2,4,6
486406,2,999,1,1,4,0,0,5,0,1,4,5
486406,2,999,2,1,4,0,0,5,0,1,4,5
486406,4,2,1,0,1,0,0,1,0,0,1,1
486406,4,2,2,0,1,0,0,1,0,0,1,1
486406,5,3,1,1,1,0,0,2,0,1,1,2
486406,5,3,2,1,1,0,0,2,0,1,1,2
486406,6,4,1,0,2,0,0,2,0,0,2,2
486406,6,4,2,0,2,0,0,2,0,0,2,2
486406,7,999,1,1,0,0,0,1,0,1,0,1
486406,7,999,2,1,0,0,0,1,0,1,0,1
486406,8,5,1,1,0,0,0,1,0,1,0,1
486406,8,5,2,1,0,0,0,1,0,1,0,1
486433,1,412,1,34,102,3,13,136,16,37,115,152
486433,1,312,5,34,102,3,13,136,16,37,115,152
486433,2,999,1,2,5,0,0,7,0,2,5,7
486433,2,999,5,2,5,0,0,7,0,2,5,7
486433,5,3,1,0,1,0,0,1,0,0,1,1
486433,5,3,5,0,1,0,0,1,0,0,1,1
486433,6,4,1,2,4,0,0,6,0,2,4,6
486433,6,4,5,2,4,0,0,6,0,2,4,6
486433,7,999,1,32,97,3,13,129,16,35,110,145
486433,7,999,5,32,97,3,13,129,16,35,110,145
486433,8,5,1,10,41,1,4,51,5,11,45,56
486433,8,5,5,10,41,1,4,51,5,11,45,56
486433,9,6,1,11,35,0,4,46,4,11,39,50
486433,9,6,5,11,35,0,4,46,4,11,39,50
486433,10,7,1,6,8,2,1,14,3,8,9,17
486433,10,7,5,6,8,2,1,14,3,8,9,17
486433,11,8,1,4,10,0,2,14,2,4,12,16
486433,11,8,5,4,10,0,2,14,2,4,12,16
486433,12,9,1,1,2,0,2,3,2,1,4,5
486433,12,9,5,1,2,0,2,3,2,1,4,5
486433,13,10,1,0,1,0,0,1,0,0,1,1
486433,13,10,5,0,1,0,0,1,0,0,1,1
486488,1,412,1,17,6,8,4,23,12,25,10,35
486488,1,112,2,17,6,8,4,23,12,25,10,35
486488,2,999,1,14,4,3,1,18,4,17,5,22
486488,2,999,2,14,4,3,1,18,4,17,5,22
486488,3,1,1,1,0,0,0,1,0,1,0,1
486488,3,1,2,1,0,0,0,1,0,1,0,1
486488,4,2,1,4,2,0,0,6,0,4,2,6
486488,4,2,2,4,2,0,0,6,0,4,2,6
486488,5,3,1,5,0,0,0,5,0,5,0,5
486488,5,3,2,5,0,0,0,5,0,5,0,5
486488,6,4,1,4,2,3,1,6,4,7,3,10
486488,6,4,2,4,2,3,1,6,4,7,3,10
486488,7,999,1,3,2,5,3,5,8,8,5,13
486488,7,999,2,3,2,5,3,5,8,8,5,13
486488,8,5,1,2,2,2,0,4,2,4,2,6
486488,8,5,2,2,2,2,0,4,2,4,2,6
486488,10,7,1,1,0,1,0,1,1,2,0,2
486488,10,7,2,1,0,1,0,1,1,2,0,2
486488,12,9,1,0,0,0,2,0,2,0,2,2
486488,12,9,2,0,0,0,2,0,2,0,2,2
486488,13,10,1,0,0,2,1,0,3,2,1,3
486488,13,10,2,0,0,2,1,0,3,2,1,3
486567,1,412,1,7,188,0,2,195,2,7,190,197
486567,1,112,2,7,188,0,2,195,2,7,190,197
486567,2,999,1,3,135,0,2,138,2,3,137,140
486567,2,999,2,3,135,0,2,138,2,3,137,140
486567,4,2,1,1,49,0,0,50,0,1,49,50
486567,4,2,2,1,49,0,0,50,0,1,49,50
486567,5,3,1,0,47,0,0,47,0,0,47,47
486567,5,3,2,0,47,0,0,47,0,0,47,47
486567,6,4,1,2,39,0,2,41,2,2,41,43
486567,6,4,2,2,39,0,2,41,2,2,41,43
486567,7,999,1,4,53,0,0,57,0,4,53,57
486567,7,999,2,4,53,0,0,57,0,4,53,57
486567,8,5,1,2,30,0,0,32,0,2,30,32
486567,8,5,2,2,30,0,0,32,0,2,30,32
486567,9,6,1,1,14,0,0,15,0,1,14,15
486567,9,6,2,1,14,0,0,15,0,1,14,15
486567,10,7,1,0,6,0,0,6,0,0,6,6
486567,10,7,2,0,6,0,0,6,0,0,6,6
486567,11,8,1,1,3,0,0,4,0,1,3,4
486567,11,8,2,1,3,0,0,4,0,1,3,4
486576,1,412,1,44,113,0,0,157,0,44,113,157
486576,1,112,2,44,113,0,0,157,0,44,113,157
486576,2,999,1,29,83,0,0,112,0,29,83,112
486576,2,999,2,29,83,0,0,112,0,29,83,112
486576,3,1,1,0,2,0,0,2,0,0,2,2
486576,3,1,2,0,2,0,0,2,0,0,2,2
486576,4,2,1,11,38,0,0,49,0,11,38,49
486576,4,2,2,11,38,0,0,49,0,11,38,49
486576,5,3,1,9,21,0,0,30,0,9,21,30
486576,5,3,2,9,21,0,0,30,0,9,21,30
486576,6,4,1,9,22,0,0,31,0,9,22,31
486576,6,4,2,9,22,0,0,31,0,9,22,31
486576,7,999,1,15,30,0,0,45,0,15,30,45
486576,7,999,2,15,30,0,0,45,0,15,30,45
486576,8,5,1,5,15,0,0,20,0,5,15,20
486576,8,5,2,5,15,0,0,20,0,5,15,20
486576,9,6,1,2,7,0,0,9,0,2,7,9
486576,9,6,2,2,7,0,0,9,0,2,7,9
486576,10,7,1,2,4,0,0,6,0,2,4,6
486576,10,7,2,2,4,0,0,6,0,2,4,6
486576,11,8,1,4,1,0,0,5,0,4,1,5
486576,11,8,2,4,1,0,0,5,0,4,1,5
486576,12,9,1,2,3,0,0,5,0,2,3,5
486576,12,9,2,2,3,0,0,5,0,2,3,5
486691,1,412,1,2,86,0,34,88,34,2,120,122
486691,1,112,2,2,86,0,34,88,34,2,120,122
486691,2,999,1,0,53,0,13,53,13,0,66,66
486691,2,999,2,0,53,0,13,53,13,0,66,66
486691,4,2,1,0,17,0,2,17,2,0,19,19
486691,4,2,2,0,17,0,2,17,2,0,19,19
486691,5,3,1,0,20,0,3,20,3,0,23,23
486691,5,3,2,0,20,0,3,20,3,0,23,23
486691,6,4,1,0,16,0,8,16,8,0,24,24
486691,6,4,2,0,16,0,8,16,8,0,24,24
486691,7,999,1,2,33,0,21,35,21,2,54,56
486691,7,999,2,2,33,0,21,35,21,2,54,56
486691,8,5,1,2,17,0,9,19,9,2,26,28
486691,8,5,2,2,17,0,9,19,9,2,26,28
486691,9,6,1,0,11,0,5,11,5,0,16,16
486691,9,6,2,0,11,0,5,11,5,0,16,16
486691,10,7,1,0,2,0,4,2,4,0,6,6
486691,10,7,2,0,2,0,4,2,4,0,6,6
486691,11,8,1,0,3,0,2,3,2,0,5,5
486691,11,8,2,0,3,0,2,3,2,0,5,5
486691,12,9,1,0,0,0,1,0,1,0,1,1
486691,12,9,2,0,0,0,1,0,1,0,1,1
486798,1,412,1,1501,127,0,0,1628,0,1501,127,1628
486798,1,112,2,1501,127,0,0,1628,0,1501,127,1628
486798,2,999,1,978,65,0,0,1043,0,978,65,1043
486798,2,999,2,978,65,0,0,1043,0,978,65,1043
486798,3,1,1,5,0,0,0,5,0,5,0,5
486798,3,1,2,5,0,0,0,5,0,5,0,5
486798,4,2,1,505,28,0,0,533,0,505,28,533
486798,4,2,2,505,28,0,0,533,0,505,28,533
486798,5,3,1,246,17,0,0,263,0,246,17,263
486798,5,3,2,246,17,0,0,263,0,246,17,263
486798,6,4,1,222,20,0,0,242,0,222,20,242
486798,6,4,2,222,20,0,0,242,0,222,20,242
486798,7,999,1,523,62,0,0,585,0,523,62,585
486798,7,999,2,523,62,0,0,585,0,523,62,585
486798,8,5,1,226,34,0,0,260,0,226,34,260
486798,8,5,2,226,34,0,0,260,0,226,34,260
486798,9,6,1,127,16,0,0,143,0,127,16,143
486798,9,6,2,127,16,0,0,143,0,127,16,143
486798,10,7,1,81,6,0,0,87,0,81,6,87
486798,10,7,2,81,6,0,0,87,0,81,6,87
486798,11,8,1,68,5,0,0,73,0,68,5,73
486798,11,8,2,68,5,0,0,73,0,68,5,73
486798,12,9,1,21,1,0,0,22,0,21,1,22
486798,12,9,2,21,1,0,0,22,0,21,1,22
486840,1,412,1,14269,14609,6147,6156,28878,12303,20416,20765,41181
486840,1,112,2,13834,13854,5093,4609,27688,9702,18927,18463,37390
486840,1,312,5,435,755,1054,1547,1190,2601,1489,2302,3791
486840,2,999,1,12478,12931,3465,3236,25409,6701,15943,16167,32110
486840,2,999,2,12349,12706,3379,3125,25055,6504,15728,15831,31559
486840,2,999,5,129,225,86,111,354,197,215,336,551
486840,3,1,1,163,277,195,306,440,501,358,583,941
486840,3,1,2,163,277,195,306,440,501,358,583,941
486840,4,2,1,5390,6106,711,684,11496,1395,6101,6790,12891
486840,4,2,2,5390,6106,711,684,11496,1395,6101,6790,12891
486840,5,3,1,3958,4116,1027,953,8074,1980,4985,5069,10054
486840,5,3,2,3955,4106,1027,950,8061,1977,4982,5056,10038
486840,5,3,5,3,10,0,3,13,3,3,13,16
486840,6,4,1,2967,2432,1532,1293,5399,2825,4499,3725,8224
486840,6,4,2,2841,2217,1446,1185,5058,2631,4287,3402,7689
486840,6,4,5,126,215,86,108,341,194,212,323,535
486840,7,999,1,1791,1678,2682,2920,3469,5602,4473,4598,9071
486840,7,999,2,1485,1148,1714,1484,2633,3198,3199,2632,5831
486840,7,999,5,306,530,968,1436,836,2404,1274,1966,3240
486840,8,5,1,1061,936,1076,996,1997,2072,2137,1932,4069
486840,8,5,2,943,705,840,639,1648,1479,1783,1344,3127
486840,8,5,5,118,231,236,357,349,593,354,588,942
486840,9,6,1,371,296,599,642,667,1241,970,938,1908
486840,9,6,2,295,202,357,324,497,681,652,526,1178
486840,9,6,5,76,94,242,318,170,560,318,412,730
486840,10,7,1,181,190,384,414,371,798,565,604,1169
486840,10,7,2,130,115,195,184,245,379,325,299,624
486840,10,7,5,51,75,189,230,126,419,240,305,545
486840,11,8,1,132,191,427,561,323,988,559,752,1311
486840,11,8,2,90,97,215,205,187,420,305,302,607
486840,11,8,5,42,94,212,356,136,568,254,450,704
486840,12,9,1,39,62,156,261,101,417,195,323,518
486840,12,9,2,22,28,73,96,50,169,95,124,219
486840,12,9,5,17,34,83,165,51,248,100,199,299
486840,13,10,1,7,3,40,46,10,86,47,49,96
486840,13,10,2,5,1,34,36,6,70,39,37,76
486840,13,10,5,2,2,6,10,4,16,8,12,20
486877,1,412,1,0,11,0,0,11,0,0,11,11
486877,1,112,2,0,11,0,0,11,0,0,11,11
486877,2,999,1,0,7,0,0,7,0,0,7,7
486877,2,999,2,0,7,0,0,7,0,0,7,7
486877,4,2,1,0,2,0,0,2,0,0,2,2
486877,4,2,2,0,2,0,0,2,0,0,2,2
486877,5,3,1,0,4,0,0,4,0,0,4,4
486877,5,3,2,0,4,0,0,4,0,0,4,4
486877,6,4,1,0,1,0,0,1,0,0,1,1
486877,6,4,2,0,1,0,0,1,0,0,1,1
486877,7,999,1,0,4,0,0,4,0,0,4,4
486877,7,999,2,0,4,0,0,4,0,0,4,4
486877,8,5,1,0,2,0,0,2,0,0,2,2
486877,8,5,2,0,2,0,0,2,0,0,2,2
486877,9,6,1,0,1,0,0,1,0,0,1,1
486877,9,6,2,0,1,0,0,1,0,0,1,1
486877,11,8,1,0,1,0,0,1,0,0,1,1
486877,11,8,2,0,1,0,0,1,0,0,1,1
486886,1,412,1,0,7,1,14,7,15,1,21,22
486886,1,112,2,0,7,1,14,7,15,1,21,22
486886,2,999,1,0,4,0,13,4,13,0,17,17
486886,2,999,2,0,4,0,13,4,13,0,17,17
486886,4,2,1,0,1,0,5,1,5,0,6,6
486886,4,2,2,0,1,0,5,1,5,0,6,6
486886,5,3,1,0,2,0,3,2,3,0,5,5
486886,5,3,2,0,2,0,3,2,3,0,5,5
486886,6,4,1,0,1,0,5,1,5,0,6,6
486886,6,4,2,0,1,0,5,1,5,0,6,6
486886,7,999,1,0,3,1,1,3,2,1,4,5
486886,7,999,2,0,3,1,1,3,2,1,4,5
486886,8,5,1,0,2,1,1,2,2,1,3,4
486886,8,5,2,0,2,1,1,2,2,1,3,4
486886,9,6,1,0,1,0,0,1,0,0,1,1
486886,9,6,2,0,1,0,0,1,0,0,1,1
486938,1,412,1,52,210,41,205,262,246,93,415,508
486938,1,112,2,52,210,41,205,262,246,93,415,508
486938,2,999,1,24,76,13,66,100,79,37,142,179
486938,2,999,2,24,76,13,66,100,79,37,142,179
486938,3,1,1,0,1,0,0,1,0,0,1,1
486938,3,1,2,0,1,0,0,1,0,0,1,1
486938,4,2,1,4,6,0,4,10,4,4,10,14
486938,4,2,2,4,6,0,4,10,4,4,10,14
486938,5,3,1,4,18,5,11,22,16,9,29,38
486938,5,3,2,4,18,5,11,22,16,9,29,38
486938,6,4,1,16,51,8,51,67,59,24,102,126
486938,6,4,2,16,51,8,51,67,59,24,102,126
486938,7,999,1,28,134,28,139,162,167,56,273,329
486938,7,999,2,28,134,28,139,162,167,56,273,329
486938,8,5,1,14,66,13,63,80,76,27,129,156
486938,8,5,2,14,66,13,63,80,76,27,129,156
486938,9,6,1,6,43,5,36,49,41,11,79,90
486938,9,6,2,6,43,5,36,49,41,11,79,90
486938,10,7,1,4,12,5,23,16,28,9,35,44
486938,10,7,2,4,12,5,23,16,28,9,35,44
486938,11,8,1,4,10,4,14,14,18,8,24,32
486938,11,8,2,4,10,4,14,14,18,8,24,32
486938,12,9,1,0,3,1,3,3,4,1,6,7
486938,12,9,2,0,3,1,3,3,4,1,6,7
486947,1,412,1,20,161,38,278,181,316,58,439,497
486947,1,112,2,20,161,38,278,181,316,58,439,497
486947,2,999,1,5,75,16,120,80,136,21,195,216
486947,2,999,2,5,75,16,120,80,136,21,195,216
486947,4,2,1,0,2,1,8,2,9,1,10,11
486947,4,2,2,0,2,1,8,2,9,1,10,11
486947,5,3,1,2,24,2,29,26,31,4,53,57
486947,5,3,2,2,24,2,29,26,31,4,53,57
486947,6,4,1,3,49,13,83,52,96,16,132,148
486947,6,4,2,3,49,13,83,52,96,16,132,148
486947,7,999,1,15,86,22,158,101,180,37,244,281
486947,7,999,2,15,86,22,158,101,180,37,244,281
486947,8,5,1,7,51,14,96,58,110,21,147,168
486947,8,5,2,7,51,14,96,58,110,21,147,168
486947,9,6,1,4,18,4,26,22,30,8,44,52
486947,9,6,2,4,18,4,26,22,30,8,44,52
486947,10,7,1,1,9,3,17,10,20,4,26,30
486947,10,7,2,1,9,3,17,10,20,4,26,30
486947,11,8,1,3,7,1,17,10,18,4,24,28
486947,11,8,2,3,7,1,17,10,18,4,24,28
486947,12,9,1,0,1,0,2,1,2,0,3,3
486947,12,9,2,0,1,0,2,1,2,0,3,3
486956,1,412,1,44,354,87,538,398,625,131,892,1023
486956,1,112,2,44,354,87,538,398,625,131,892,1023
486956,2,999,1,12,130,20,173,142,193,32,303,335
486956,2,999,2,12,130,20,173,142,193,32,303,335
486956,3,1,1,0,1,1,0,1,1,1,1,2
486956,3,1,2,0,1,1,0,1,1,1,1,2
486956,4,2,1,1,13,1,1,14,2,2,14,16
486956,4,2,2,1,13,1,1,14,2,2,14,16
486956,5,3,1,2,33,5,37,35,42,7,70,77
486956,5,3,2,2,33,5,37,35,42,7,70,77
486956,6,4,1,9,83,13,135,92,148,22,218,240
486956,6,4,2,9,83,13,135,92,148,22,218,240
486956,7,999,1,32,224,67,365,256,432,99,589,688
486956,7,999,2,32,224,67,365,256,432,99,589,688
486956,8,5,1,18,108,34,188,126,222,52,296,348
486956,8,5,2,18,108,34,188,126,222,52,296,348
486956,9,6,1,5,63,15,84,68,99,20,147,167
486956,9,6,2,5,63,15,84,68,99,20,147,167
486956,10,7,1,5,20,6,49,25,55,11,69,80
486956,10,7,2,5,20,6,49,25,55,11,69,80
486956,11,8,1,4,29,4,36,33,40,8,65,73
486956,11,8,2,4,29,4,36,33,40,8,65,73
486956,12,9,1,0,4,8,8,4,16,8,12,20
486956,12,9,2,0,4,8,8,4,16,8,12,20
486983,1,412,1,8,30,0,0,38,0,8,30,38
486983,1,112,2,8,30,0,0,38,0,8,30,38
486983,2,999,1,5,20,0,0,25,0,5,20,25
486983,2,999,2,5,20,0,0,25,0,5,20,25
486983,4,2,1,0,4,0,0,4,0,0,4,4
486983,4,2,2,0,4,0,0,4,0,0,4,4
486983,5,3,1,2,14,0,0,16,0,2,14,16
486983,5,3,2,2,14,0,0,16,0,2,14,16
486983,6,4,1,3,2,0,0,5,0,3,2,5
486983,6,4,2,3,2,0,0,5,0,3,2,5
486983,7,999,1,3,10,0,0,13,0,3,10,13
486983,7,999,2,3,10,0,0,13,0,3,10,13
486983,8,5,1,1,4,0,0,5,0,1,4,5
486983,8,5,2,1,4,0,0,5,0,1,4,5
486983,9,6,1,2,6,0,0,8,0,2,6,8
486983,9,6,2,2,6,0,0,8,0,2,6,8
487010,1,412,1,1149,1848,50,134,2997,184,1199,1982,3181
487010,1,112,2,13,191,4,10,204,14,17,201,218
487010,1,312,5,1136,1657,46,124,2793,170,1182,1781,2963
487010,2,999,1,481,912,0,8,1393,8,481,920,1401
487010,2,999,2,7,145,0,1,152,1,7,146,153
487010,2,999,5,474,767,0,7,1241,7,474,774,1248
487010,5,3,1,23,95,0,0,118,0,23,95,118
487010,5,3,2,1,51,0,0,52,0,1,51,52
487010,5,3,5,22,44,0,0,66,0,22,44,66
487010,6,4,1,458,817,0,8,1275,8,458,825,1283
487010,6,4,2,6,94,0,1,100,1,6,95,101
487010,6,4,5,452,723,0,7,1175,7,452,730,1182
487010,7,999,1,668,936,50,126,1604,176,718,1062,1780
487010,7,999,2,6,46,4,9,52,13,10,55,65
487010,7,999,5,662,890,46,117,1552,163,708,1007,1715
487010,8,5,1,533,706,8,41,1239,49,541,747,1288
487010,8,5,2,3,28,0,3,31,3,3,31,34
487010,8,5,5,530,678,8,38,1208,46,538,716,1254
487010,9,6,1,88,135,13,23,223,36,101,158,259
487010,9,6,2,2,12,1,4,14,5,3,16,19
487010,9,6,5,86,123,12,19,209,31,98,142,240
487010,10,7,1,32,47,9,22,79,31,41,69,110
487010,10,7,2,0,2,1,1,2,2,1,3,4
487010,10,7,5,32,45,8,21,77,29,40,66,106
487010,11,8,1,14,30,8,23,44,31,22,53,75
487010,11,8,2,0,3,2,0,3,2,2,3,5
487010,11,8,5,14,27,6,23,41,29,20,50,70
487010,12,9,1,1,18,10,15,19,25,11,33,44
487010,12,9,2,1,1,0,1,2,1,1,2,3
487010,12,9,5,0,17,10,14,17,24,10,31,41
487010,13,10,1,0,0,2,2,0,4,2,2,4
487010,13,10,5,0,0,2,2,0,4,2,2,4
487092,1,412,1,428,512,2,5,940,7,430,517,947
487092,1,112,2,428,512,2,5,940,7,430,517,947
487092,2,999,1,428,512,2,5,940,7,430,517,947
487092,2,999,2,428,512,2,5,940,7,430,517,947
487092,3,1,1,13,22,0,0,35,0,13,22,35
487092,3,1,2,13,22,0,0,35,0,13,22,35
487092,4,2,1,365,450,1,5,815,6,366,455,821
487092,4,2,2,365,450,1,5,815,6,366,455,821
487092,5,3,1,49,40,1,0,89,1,50,40,90
487092,5,3,2,49,40,1,0,89,1,50,40,90
487092,6,4,1,1,0,0,0,1,0,1,0,1
487092,6,4,2,1,0,0,0,1,0,1,0,1
487162,1,412,1,332,859,916,2047,1191,2963,1248,2906,4154
487162,1,112,2,332,859,916,2047,1191,2963,1248,2906,4154
487162,2,999,1,235,494,777,1401,729,2178,1012,1895,2907
487162,2,999,2,235,494,777,1401,729,2178,1012,1895,2907
487162,3,1,1,15,21,404,640,36,1044,419,661,1080
487162,3,1,2,15,21,404,640,36,1044,419,661,1080
487162,4,2,1,102,159,185,329,261,514,287,488,775
487162,4,2,2,102,159,185,329,261,514,287,488,775
487162,5,3,1,77,154,100,219,231,319,177,373,550
487162,5,3,2,77,154,100,219,231,319,177,373,550
487162,6,4,1,41,160,88,213,201,301,129,373,502
487162,6,4,2,41,160,88,213,201,301,129,373,502
487162,7,999,1,97,365,139,646,462,785,236,1011,1247
487162,7,999,2,97,365,139,646,462,785,236,1011,1247
487162,8,5,1,44,155,48,226,199,274,92,381,473
487162,8,5,2,44,155,48,226,199,274,92,381,473
487162,9,6,1,19,87,26,171,106,197,45,258,303
487162,9,6,2,19,87,26,171,106,197,45,258,303
487162,10,7,1,12,48,20,107,60,127,32,155,187
487162,10,7,2,12,48,20,107,60,127,32,155,187
487162,11,8,1,19,61,22,94,80,116,41,155,196
487162,11,8,2,19,61,22,94,80,116,41,155,196
487162,12,9,1,2,14,19,48,16,67,21,62,83
487162,12,9,2,2,14,19,48,16,67,21,62,83
487162,13,10,1,1,0,4,0,1,4,5,0,5
487162,13,10,2,1,0,4,0,1,4,5,0,5
487296,1,412,1,113,145,71,66,258,137,184,211,395
487296,1,112,2,113,145,48,43,258,91,161,188,349
487296,1,312,5,0,0,23,23,0,46,23,23,46
487296,2,999,1,51,69,14,21,120,35,65,90,155
487296,2,999,2,51,69,8,10,120,18,59,79,138
487296,2,999,5,0,0,6,11,0,17,6,11,17
487296,4,2,1,2,1,1,0,3,1,3,1,4
487296,4,2,2,2,1,1,0,3,1,3,1,4
487296,5,3,1,24,28,0,2,52,2,24,30,54
487296,5,3,2,24,28,0,2,52,2,24,30,54
487296,6,4,1,25,40,13,19,65,32,38,59,97
487296,6,4,2,25,40,7,8,65,15,32,48,80
487296,6,4,5,0,0,6,11,0,17,6,11,17
487296,7,999,1,62,76,57,45,138,102,119,121,240
487296,7,999,2,62,76,40,33,138,73,102,109,211
487296,7,999,5,0,0,17,12,0,29,17,12,29
487296,8,5,1,30,30,15,17,60,32,45,47,92
487296,8,5,2,30,30,9,14,60,23,39,44,83
487296,8,5,5,0,0,6,3,0,9,6,3,9
487296,9,6,1,13,15,11,11,28,22,24,26,50
487296,9,6,2,13,15,7,6,28,13,20,21,41
487296,9,6,5,0,0,4,5,0,9,4,5,9
487296,10,7,1,9,10,11,4,19,15,20,14,34
487296,10,7,2,9,10,10,4,19,14,19,14,33
487296,10,7,5,0,0,1,0,0,1,1,0,1
487296,11,8,1,7,13,12,10,20,22,19,23,42
487296,11,8,2,7,13,9,6,20,15,16,19,35
487296,11,8,5,0,0,3,4,0,7,3,4,7
487296,12,9,1,3,7,8,3,10,11,11,10,21
487296,12,9,2,3,7,5,3,10,8,8,10,18
487296,12,9,5,0,0,3,0,0,3,3,0,3
487296,13,10,1,0,1,0,0,1,0,0,1,1
487296,13,10,2,0,1,0,0,1,0,0,1,1
487348,1,412,1,2,72,2,80,74,82,4,152,156
487348,1,112,2,2,72,2,80,74,82,4,152,156
487348,2,999,1,0,43,0,48,43,48,0,91,91
487348,2,999,2,0,43,0,48,43,48,0,91,91
487348,4,2,1,0,14,0,15,14,15,0,29,29
487348,4,2,2,0,14,0,15,14,15,0,29,29
487348,5,3,1,0,20,0,17,20,17,0,37,37
487348,5,3,2,0,20,0,17,20,17,0,37,37
487348,6,4,1,0,9,0,16,9,16,0,25,25
487348,6,4,2,0,9,0,16,9,16,0,25,25
487348,7,999,1,2,29,2,32,31,34,4,61,65
487348,7,999,2,2,29,2,32,31,34,4,61,65
487348,8,5,1,0,13,1,19,13,20,1,32,33
487348,8,5,2,0,13,1,19,13,20,1,32,33
487348,9,6,1,1,5,1,10,6,11,2,15,17
487348,9,6,2,1,5,1,10,6,11,2,15,17
487348,10,7,1,0,5,0,3,5,3,0,8,8
487348,10,7,2,0,5,0,3,5,3,0,8,8
487348,11,8,1,0,3,0,0,3,0,0,3,3
487348,11,8,2,0,3,0,0,3,0,0,3,3
487348,12,9,1,1,3,0,0,4,0,1,3,4
487348,12,9,2,1,3,0,0,4,0,1,3,4
487524,1,412,1,1083,1540,263,587,2623,850,1346,2127,3473
487524,1,112,2,945,1319,138,277,2264,415,1083,1596,2679
487524,1,312,5,138,221,125,310,359,435,263,531,794
487524,2,999,1,973,1358,104,205,2331,309,1077,1563,2640
487524,2,999,2,893,1218,83,166,2111,249,976,1384,2360
487524,2,999,5,80,140,21,39,220,60,101,179,280
487524,3,1,1,1,4,35,123,5,158,36,127,163
487524,3,1,2,1,4,35,123,5,158,36,127,163
487524,4,2,1,377,573,10,15,950,25,387,588,975
487524,4,2,2,377,571,10,15,948,25,387,586,973
487524,4,2,5,0,2,0,0,2,0,0,2,2
487524,5,3,1,382,528,12,9,910,21,394,537,931
487524,5,3,2,366,509,12,9,875,21,378,518,896
487524,5,3,5,16,19,0,0,35,0,16,19,35
487524,6,4,1,213,253,47,58,466,105,260,311,571
487524,6,4,2,149,134,26,19,283,45,175,153,328
487524,6,4,5,64,119,21,39,183,60,85,158,243
487524,7,999,1,110,182,159,381,292,540,269,563,832
487524,7,999,2,52,101,55,110,153,165,107,211,318
487524,7,999,5,58,81,104,271,139,375,162,352,514
487524,8,5,1,52,78,52,85,130,137,104,163,267
487524,8,5,2,29,41,20,20,70,40,49,61,110
487524,8,5,5,23,37,32,65,60,97,55,102,157
487524,9,6,1,23,48,36,76,71,112,59,124,183
487524,9,6,2,6,28,14,21,34,35,20,49,69
487524,9,6,5,17,20,22,55,37,77,39,75,114
487524,10,7,1,16,30,25,63,46,88,41,93,134
487524,10,7,2,8,17,2,20,25,22,10,37,47
487524,10,7,5,8,13,23,43,21,66,31,56,87
487524,11,8,1,16,19,25,84,35,109,41,103,144
487524,11,8,2,8,9,11,19,17,30,19,28,47
487524,11,8,5,8,10,14,65,18,79,22,75,97
487524,12,9,1,3,7,19,71,10,90,22,78,100
487524,12,9,2,1,6,8,28,7,36,9,34,43
487524,12,9,5,2,1,11,43,3,54,13,44,57
487524,13,10,1,0,0,2,2,0,4,2,2,4
487524,13,10,2,0,0,0,2,0,2,0,2,2
487524,13,10,5,0,0,2,0,0,2,2,0,2
487524,14,11,1,0,0,0,1,0,1,0,1,1
487524,14,11,2,0,0,0,1,0,1,0,1,1
487649,1,412,1,58,148,0,3,206,3,58,151,209
487649,1,312,5,58,148,0,3,206,3,58,151,209
487649,2,999,1,2,9,0,0,11,0,2,9,11
487649,2,999,5,2,9,0,0,11,0,2,9,11
487649,6,4,1,2,9,0,0,11,0,2,9,11
487649,6,4,5,2,9,0,0,11,0,2,9,11
487649,7,999,1,56,139,0,3,195,3,56,142,198
487649,7,999,5,56,139,0,3,195,3,56,142,198
487649,8,5,1,32,100,0,2,132,2,32,102,134
487649,8,5,5,32,100,0,2,132,2,32,102,134
487649,9,6,1,18,33,0,1,51,1,18,34,52
487649,9,6,5,18,33,0,1,51,1,18,34,52
487649,10,7,1,3,4,0,0,7,0,3,4,7
487649,10,7,5,3,4,0,0,7,0,3,4,7
487649,11,8,1,2,2,0,0,4,0,2,2,4
487649,11,8,5,2,2,0,0,4,0,2,2,4
487649,12,9,1,1,0,0,0,1,0,1,0,1
487649,12,9,5,1,0,0,0,1,0,1,0,1
487676,1,412,1,11,179,0,1,190,1,11,180,191
487676,1,112,2,11,179,0,1,190,1,11,180,191
487676,2,999,1,6,124,0,1,130,1,6,125,131
487676,2,999,2,6,124,0,1,130,1,6,125,131
487676,4,2,1,2,53,0,0,55,0,2,53,55
487676,4,2,2,2,53,0,0,55,0,2,53,55
487676,5,3,1,1,34,0,0,35,0,1,34,35
487676,5,3,2,1,34,0,0,35,0,1,34,35
487676,6,4,1,3,37,0,1,40,1,3,38,41
487676,6,4,2,3,37,0,1,40,1,3,38,41
487676,7,999,1,5,55,0,0,60,0,5,55,60
487676,7,999,2,5,55,0,0,60,0,5,55,60
487676,8,5,1,2,33,0,0,35,0,2,33,35
487676,8,5,2,2,33,0,0,35,0,2,33,35
487676,9,6,1,1,10,0,0,11,0,1,10,11
487676,9,6,2,1,10,0,0,11,0,1,10,11
487676,10,7,1,1,5,0,0,6,0,1,5,6
487676,10,7,2,1,5,0,0,6,0,1,5,6
487676,11,8,1,1,7,0,0,8,0,1,7,8
487676,11,8,2,1,7,0,0,8,0,1,7,8
487773,1,412,1,2,35,2,8,37,10,4,43,47
487773,1,112,2,2,35,2,8,37,10,4,43,47
487773,2,999,1,2,25,1,3,27,4,3,28,31
487773,2,999,2,2,25,1,3,27,4,3,28,31
487773,4,2,1,1,4,0,0,5,0,1,4,5
487773,4,2,2,1,4,0,0,5,0,1,4,5
487773,5,3,1,1,10,0,2,11,2,1,12,13
487773,5,3,2,1,10,0,2,11,2,1,12,13
487773,6,4,1,0,11,1,1,11,2,1,12,13
487773,6,4,2,0,11,1,1,11,2,1,12,13
487773,7,999,1,0,10,1,5,10,6,1,15,16
487773,7,999,2,0,10,1,5,10,6,1,15,16
487773,8,5,1,0,7,0,2,7,2,0,9,9
487773,8,5,2,0,7,0,2,7,2,0,9,9
487773,9,6,1,0,2,1,2,2,3,1,4,5
487773,9,6,2,0,2,1,2,2,3,1,4,5
487773,10,7,1,0,1,0,0,1,0,0,1,1
487773,10,7,2,0,1,0,0,1,0,0,1,1
487773,12,9,1,0,0,0,1,0,1,0,1,1
487773,12,9,2,0,0,0,1,0,1,0,1,1
487852,1,412,1,0,0,9,21,0,30,9,21,30
487852,1,112,2,0,0,9,21,0,30,9,21,30
487852,2,999,1,0,0,2,3,0,5,2,3,5
487852,2,999,2,0,0,2,3,0,5,2,3,5
487852,4,2,1,0,0,1,1,0,2,1,1,2
487852,4,2,2,0,0,1,1,0,2,1,1,2
487852,5,3,1,0,0,1,0,0,1,1,0,1
487852,5,3,2,0,0,1,0,0,1,1,0,1
487852,6,4,1,0,0,0,2,0,2,0,2,2
487852,6,4,2,0,0,0,2,0,2,0,2,2
487852,7,999,1,0,0,7,18,0,25,7,18,25
487852,7,999,2,0,0,7,18,0,25,7,18,25
487852,8,5,1,0,0,1,6,0,7,1,6,7
487852,8,5,2,0,0,1,6,0,7,1,6,7
487852,9,6,1,0,0,3,2,0,5,3,2,5
487852,9,6,2,0,0,3,2,0,5,3,2,5
487852,10,7,1,0,0,1,4,0,5,1,4,5
487852,10,7,2,0,0,1,4,0,5,1,4,5
487852,11,8,1,0,0,2,3,0,5,2,3,5
487852,11,8,2,0,0,2,3,0,5,2,3,5
487852,12,9,1,0,0,0,3,0,3,0,3,3
487852,12,9,2,0,0,0,3,0,3,0,3,3
487995,1,412,1,28,74,19,33,102,52,47,107,154
487995,1,112,2,9,25,7,13,34,20,16,38,54
487995,1,312,5,19,49,12,20,68,32,31,69,100
487995,2,999,1,3,8,0,0,11,0,3,8,11
487995,2,999,2,1,4,0,0,5,0,1,4,5
487995,2,999,5,2,4,0,0,6,0,2,4,6
487995,6,4,1,3,8,0,0,11,0,3,8,11
487995,6,4,2,1,4,0,0,5,0,1,4,5
487995,6,4,5,2,4,0,0,6,0,2,4,6
487995,7,999,1,25,66,19,33,91,52,44,99,143
487995,7,999,2,8,21,7,13,29,20,15,34,49
487995,7,999,5,17,45,12,20,62,32,29,65,94
487995,8,5,1,3,8,2,3,11,5,5,11,16
487995,8,5,2,0,4,1,2,4,3,1,6,7
487995,8,5,5,3,4,1,1,7,2,4,5,9
487995,9,6,1,2,14,2,4,16,6,4,18,22
487995,9,6,2,1,5,0,2,6,2,1,7,8
487995,9,6,5,1,9,2,2,10,4,3,11,14
487995,10,7,1,7,7,2,4,14,6,9,11,20
487995,10,7,2,2,2,1,2,4,3,3,4,7
487995,10,7,5,5,5,1,2,10,3,6,7,13
487995,11,8,1,8,22,8,13,30,21,16,35,51
487995,11,8,2,4,7,2,4,11,6,6,11,17
487995,11,8,5,4,15,6,9,19,15,10,24,34
487995,12,9,1,4,14,4,9,18,13,8,23,31
487995,12,9,2,1,3,2,3,4,5,3,6,9
487995,12,9,5,3,11,2,6,14,8,5,17,22
487995,13,10,1,1,1,1,0,2,1,2,1,3
487995,13,10,2,0,0,1,0,0,1,1,0,1
487995,13,10,5,1,1,0,0,2,0,1,1,2
488031,1,412,1,119,118,14,14,237,28,133,132,265
488031,1,112,2,25,24,9,11,49,20,34,35,69
488031,1,312,5,94,94,5,3,188,8,99,97,196
488031,2,999,1,6,7,2,3,13,5,8,10,18
488031,2,999,2,2,5,2,3,7,5,4,8,12
488031,2,999,5,4,2,0,0,6,0,4,2,6
488031,4,2,1,0,1,0,0,1,0,0,1,1
488031,4,2,2,0,1,0,0,1,0,0,1,1
488031,5,3,1,2,2,0,0,4,0,2,2,4
488031,5,3,2,2,2,0,0,4,0,2,2,4
488031,6,4,1,4,4,2,3,8,5,6,7,13
488031,6,4,2,0,2,2,3,2,5,2,5,7
488031,6,4,5,4,2,0,0,6,0,4,2,6
488031,7,999,1,112,111,12,11,223,23,124,122,246
488031,7,999,2,22,19,7,8,41,15,29,27,56
488031,7,999,5,90,92,5,3,182,8,95,95,190
488031,8,5,1,10,19,1,2,29,3,11,21,32
488031,8,5,2,4,6,0,0,10,0,4,6,10
488031,8,5,5,6,13,1,2,19,3,7,15,22
488031,9,6,1,16,15,2,1,31,3,18,16,34
488031,9,6,2,6,5,2,1,11,3,8,6,14
488031,9,6,5,10,10,0,0,20,0,10,10,20
488031,10,7,1,18,13,1,3,31,4,19,16,35
488031,10,7,2,3,1,1,3,4,4,4,4,8
488031,10,7,5,15,12,0,0,27,0,15,12,27
488031,11,8,1,39,41,2,5,80,7,41,46,87
488031,11,8,2,4,6,1,4,10,5,5,10,15
488031,11,8,5,35,35,1,1,70,2,36,36,72
488031,12,9,1,26,23,4,0,49,4,30,23,53
488031,12,9,2,5,1,2,0,6,2,7,1,8
488031,12,9,5,21,22,2,0,43,2,23,22,45
488031,13,10,1,3,0,2,0,3,2,5,0,5
488031,13,10,2,0,0,1,0,0,1,1,0,1
488031,13,10,5,3,0,1,0,3,1,4,0,4
488031,14,11,1,1,0,0,0,1,0,1,0,1
488031,14,11,2,1,0,0,0,1,0,1,0,1
488077,1,412,1,1974,29,699,7,2003,706,2673,36,2709
488077,1,112,2,1974,29,699,7,2003,706,2673,36,2709
488077,2,999,1,155,4,74,3,159,77,229,7,236
488077,2,999,2,155,4,74,3,159,77,229,7,236
488077,4,2,1,5,0,1,0,5,1,6,0,6
488077,4,2,2,5,0,1,0,5,1,6,0,6
488077,5,3,1,34,1,8,2,35,10,42,3,45
488077,5,3,2,34,1,8,2,35,10,42,3,45
488077,6,4,1,116,3,65,1,119,66,181,4,185
488077,6,4,2,116,3,65,1,119,66,181,4,185
488077,7,999,1,1819,25,625,4,1844,629,2444,29,2473
488077,7,999,2,1819,25,625,4,1844,629,2444,29,2473
488077,8,5,1,366,4,142,0,370,142,508,4,512
488077,8,5,2,366,4,142,0,370,142,508,4,512
488077,9,6,1,469,10,182,2,479,184,651,12,663
488077,9,6,2,469,10,182,2,479,184,651,12,663
488077,10,7,1,413,5,140,1,418,141,553,6,559
488077,10,7,2,413,5,140,1,418,141,553,6,559
488077,11,8,1,396,5,120,1,401,121,516,6,522
488077,11,8,2,396,5,120,1,401,121,516,6,522
488077,12,9,1,170,0,41,0,170,41,211,0,211
488077,12,9,2,170,0,41,0,170,41,211,0,211
488077,13,10,1,5,1,0,0,6,0,5,1,6
488077,13,10,2,5,1,0,0,6,0,5,1,6
488305,1,412,1,38,39,19,7,77,26,57,46,103
488305,1,112,2,38,39,19,7,77,26,57,46,103
488305,2,999,1,33,33,6,1,66,7,39,34,73
488305,2,999,2,33,33,6,1,66,7,39,34,73
488305,3,1,1,0,0,2,0,0,2,2,0,2
488305,3,1,2,0,0,2,0,0,2,2,0,2
488305,4,2,1,14,19,1,0,33,1,15,19,34
488305,4,2,2,14,19,1,0,33,1,15,19,34
488305,5,3,1,8,11,1,1,19,2,9,12,21
488305,5,3,2,8,11,1,1,19,2,9,12,21
488305,6,4,1,11,3,2,0,14,2,13,3,16
488305,6,4,2,11,3,2,0,14,2,13,3,16
488305,7,999,1,5,6,13,6,11,19,18,12,30
488305,7,999,2,5,6,13,6,11,19,18,12,30
488305,8,5,1,3,5,1,1,8,2,4,6,10
488305,8,5,2,3,5,1,1,8,2,4,6,10
488305,9,6,1,2,0,4,1,2,5,6,1,7
488305,9,6,2,2,0,4,1,2,5,6,1,7
488305,10,7,1,0,1,2,0,1,2,2,1,3
488305,10,7,2,0,1,2,0,1,2,2,1,3
488305,11,8,1,0,0,6,2,0,8,6,2,8
488305,11,8,2,0,0,6,2,0,8,6,2,8
488305,12,9,1,0,0,0,1,0,1,0,1,1
488305,12,9,2,0,0,0,1,0,1,0,1,1
488305,13,10,1,0,0,0,1,0,1,0,1,1
488305,13,10,2,0,0,0,1,0,1,0,1,1
488387,1,412,1,26,82,40,152,108,192,66,234,300
488387,1,312,5,26,82,40,152,108,192,66,234,300
488387,2,999,1,0,12,0,6,12,6,0,18,18
488387,2,999,5,0,12,0,6,12,6,0,18,18
488387,6,4,1,0,12,0,6,12,6,0,18,18
488387,6,4,5,0,12,0,6,12,6,0,18,18
488387,7,999,1,26,70,40,146,96,186,66,216,282
488387,7,999,5,26,70,40,146,96,186,66,216,282
488387,8,5,1,2,11,2,24,13,26,4,35,39
488387,8,5,5,2,11,2,24,13,26,4,35,39
488387,9,6,1,1,9,6,10,10,16,7,19,26
488387,9,6,5,1,9,6,10,10,16,7,19,26
488387,10,7,1,5,9,6,20,14,26,11,29,40
488387,10,7,5,5,9,6,20,14,26,11,29,40
488387,11,8,1,11,23,16,52,34,68,27,75,102
488387,11,8,5,11,23,16,52,34,68,27,75,102
488387,12,9,1,7,18,9,38,25,47,16,56,72
488387,12,9,5,7,18,9,38,25,47,16,56,72
488387,13,10,1,0,0,1,2,0,3,1,2,3
488387,13,10,5,0,0,1,2,0,3,1,2,3
488554,1,412,1,312,333,0,0,645,0,312,333,645
488554,1,312,5,312,333,0,0,645,0,312,333,645
488554,2,999,1,64,111,0,0,175,0,64,111,175
488554,2,999,5,64,111,0,0,175,0,64,111,175
488554,5,3,1,4,3,0,0,7,0,4,3,7
488554,5,3,5,4,3,0,0,7,0,4,3,7
488554,6,4,1,60,108,0,0,168,0,60,108,168
488554,6,4,5,60,108,0,0,168,0,60,108,168
488554,7,999,1,248,222,0,0,470,0,248,222,470
488554,7,999,5,248,222,0,0,470,0,248,222,470
488554,8,5,1,176,171,0,0,347,0,176,171,347
488554,8,5,5,176,171,0,0,347,0,176,171,347
488554,9,6,1,50,43,0,0,93,0,50,43,93
488554,9,6,5,50,43,0,0,93,0,50,43,93
488554,10,7,1,14,8,0,0,22,0,14,8,22
488554,10,7,5,14,8,0,0,22,0,14,8,22
488554,11,8,1,8,0,0,0,8,0,8,0,8
488554,11,8,5,8,0,0,0,8,0,8,0,8
488730,1,412,1,540,749,2164,3204,1289,5368,2704,3953,6657
488730,1,112,2,540,749,2164,3204,1289,5368,2704,3953,6657
488730,2,999,1,495,698,1682,2378,1193,4060,2177,3076,5253
488730,2,999,2,495,698,1682,2378,1193,4060,2177,3076,5253
488730,3,1,1,41,95,333,642,136,975,374,737,1111
488730,3,1,2,41,95,333,642,136,975,374,737,1111
488730,4,2,1,290,424,564,691,714,1255,854,1115,1969
488730,4,2,2,290,424,564,691,714,1255,854,1115,1969
488730,5,3,1,127,144,505,624,271,1129,632,768,1400
488730,5,3,2,127,144,505,624,271,1129,632,768,1400
488730,6,4,1,37,35,280,421,72,701,317,456,773
488730,6,4,2,37,35,280,421,72,701,317,456,773
488730,7,999,1,45,51,482,826,96,1308,527,877,1404
488730,7,999,2,45,51,482,826,96,1308,527,877,1404
488730,8,5,1,26,27,231,350,53,581,257,377,634
488730,8,5,2,26,27,231,350,53,581,257,377,634
488730,9,6,1,9,13,115,195,22,310,124,208,332
488730,9,6,2,9,13,115,195,22,310,124,208,332
488730,10,7,1,5,6,60,120,11,180,65,126,191
488730,10,7,2,5,6,60,120,11,180,65,126,191
488730,11,8,1,5,3,60,111,8,171,65,114,179
488730,11,8,2,5,3,60,111,8,171,65,114,179
488730,12,9,1,0,2,16,48,2,64,16,50,66
488730,12,9,2,0,2,16,48,2,64,16,50,66
488730,13,10,1,0,0,0,2,0,2,0,2,2
488730,13,10,2,0,0,0,2,0,2,0,2,2
488846,1,412,1,2899,1883,24117,14823,4782,38940,27016,16706,43722
488846,1,112,2,2467,1565,19119,10957,4032,30076,21586,12522,34108
488846,1,312,5,432,318,4998,3866,750,8864,5430,4184,9614
488846,2,999,1,653,486,5044,3004,1139,8048,5697,3490,9187
488846,2,999,2,636,472,4900,2860,1108,7760,5536,3332,8868
488846,2,999,5,17,14,144,144,31,288,161,158,319
488846,3,1,1,15,11,96,67,26,163,111,78,189
488846,3,1,2,15,11,96,67,26,163,111,78,189
488846,4,2,1,111,106,734,525,217,1259,845,631,1476
488846,4,2,2,111,106,733,524,217,1257,844,630,1474
488846,4,2,5,0,0,1,1,0,2,1,1,2
488846,5,3,1,194,146,1446,851,340,2297,1640,997,2637
488846,5,3,2,194,146,1440,838,340,2278,1634,984,2618
488846,5,3,5,0,0,6,13,0,19,6,13,19
488846,6,4,1,333,223,2768,1561,556,4329,3101,1784,4885
488846,6,4,2,316,209,2631,1431,525,4062,2947,1640,4587
488846,6,4,5,17,14,137,130,31,267,154,144,298
488846,7,999,1,2246,1397,19070,11213,3643,30283,21316,12610,33926
488846,7,999,2,1831,1093,14216,7493,2924,21709,16047,8586,24633
488846,7,999,5,415,304,4854,3720,719,8574,5269,4024,9293
488846,8,5,1,666,392,5299,3077,1058,8376,5965,3469,9434
488846,8,5,2,584,330,4519,2386,914,6905,5103,2716,7819
488846,8,5,5,82,62,780,691,144,1471,862,753,1615
488846,9,6,1,625,330,4845,2784,955,7629,5470,3114,8584
488846,9,6,2,512,259,3667,1980,771,5647,4179,2239,6418
488846,9,6,5,113,71,1178,804,184,1982,1291,875,2166
488846,10,7,1,421,298,3706,2196,719,5902,4127,2494,6621
488846,10,7,2,335,234,2596,1404,569,4000,2931,1638,4569
488846,10,7,5,86,64,1110,792,150,1902,1196,856,2052
488846,11,8,1,408,286,3770,2620,694,6390,4178,2906,7084
488846,11,8,2,320,201,2528,1631,521,4159,2848,1832,4680
488846,11,8,5,88,85,1242,989,173,2231,1330,1074,2404
488846,12,9,1,122,85,1358,492,207,1850,1480,577,2057
488846,12,9,2,77,66,852,64,143,916,929,130,1059
488846,12,9,5,45,19,506,428,64,934,551,447,998
488846,13,10,1,4,6,92,44,10,136,96,50,146
488846,13,10,2,3,3,54,28,6,82,57,31,88
488846,13,10,5,1,3,38,16,4,54,39,19,58
488846,14,11,1,0,0,3,606,0,609,3,606,609
488846,14,11,2,0,0,3,604,0,607,3,604,607
488846,14,11,5,0,0,0,2,0,2,0,2,2
488916,1,412,1,0,25,0,0,25,0,0,25,25
488916,1,112,2,0,25,0,0,25,0,0,25,25
488916,2,999,1,0,14,0,0,14,0,0,14,14
488916,2,999,2,0,14,0,0,14,0,0,14,14
488916,4,2,1,0,3,0,0,3,0,0,3,3
488916,4,2,2,0,3,0,0,3,0,0,3,3
488916,5,3,1,0,10,0,0,10,0,0,10,10
488916,5,3,2,0,10,0,0,10,0,0,10,10
488916,6,4,1,0,1,0,0,1,0,0,1,1
488916,6,4,2,0,1,0,0,1,0,0,1,1
488916,7,999,1,0,11,0,0,11,0,0,11,11
488916,7,999,2,0,11,0,0,11,0,0,11,11
488916,8,5,1,0,4,0,0,4,0,0,4,4
488916,8,5,2,0,4,0,0,4,0,0,4,4
488916,9,6,1,0,3,0,0,3,0,0,3,3
488916,9,6,2,0,3,0,0,3,0,0,3,3
488916,10,7,1,0,2,0,0,2,0,0,2,2
488916,10,7,2,0,2,0,0,2,0,0,2,2
488916,11,8,1,0,2,0,0,2,0,0,2,2
488916,11,8,2,0,2,0,0,2,0,0,2,2
488989,1,412,1,8,146,1,45,154,46,9,191,200
488989,1,112,2,8,146,1,45,154,46,9,191,200
488989,2,999,1,1,82,1,26,83,27,2,108,110
488989,2,999,2,1,82,1,26,83,27,2,108,110
488989,4,2,1,1,32,1,7,33,8,2,39,41
488989,4,2,2,1,32,1,7,33,8,2,39,41
488989,5,3,1,0,24,0,8,24,8,0,32,32
488989,5,3,2,0,24,0,8,24,8,0,32,32
488989,6,4,1,0,26,0,11,26,11,0,37,37
488989,6,4,2,0,26,0,11,26,11,0,37,37
488989,7,999,1,7,64,0,19,71,19,7,83,90
488989,7,999,2,7,64,0,19,71,19,7,83,90
488989,8,5,1,3,31,0,14,34,14,3,45,48
488989,8,5,2,3,31,0,14,34,14,3,45,48
488989,9,6,1,2,17,0,4,19,4,2,21,23
488989,9,6,2,2,17,0,4,19,4,2,21,23
488989,10,7,1,2,10,0,0,12,0,2,10,12
488989,10,7,2,2,10,0,0,12,0,2,10,12
488989,11,8,1,0,3,0,0,3,0,0,3,3
488989,11,8,2,0,3,0,0,3,0,0,3,3
488989,12,9,1,0,3,0,1,3,1,0,4,4
488989,12,9,2,0,3,0,1,3,1,0,4,4
488998,1,412,1,16,132,0,0,148,0,16,132,148
488998,1,112,2,16,132,0,0,148,0,16,132,148
488998,2,999,1,7,89,0,0,96,0,7,89,96
488998,2,999,2,7,89,0,0,96,0,7,89,96
488998,3,1,1,0,1,0,0,1,0,0,1,1
488998,3,1,2,0,1,0,0,1,0,0,1,1
488998,4,2,1,1,35,0,0,36,0,1,35,36
488998,4,2,2,1,35,0,0,36,0,1,35,36
488998,5,3,1,4,27,0,0,31,0,4,27,31
488998,5,3,2,4,27,0,0,31,0,4,27,31
488998,6,4,1,2,26,0,0,28,0,2,26,28
488998,6,4,2,2,26,0,0,28,0,2,26,28
488998,7,999,1,9,43,0,0,52,0,9,43,52
488998,7,999,2,9,43,0,0,52,0,9,43,52
488998,8,5,1,4,17,0,0,21,0,4,17,21
488998,8,5,2,4,17,0,0,21,0,4,17,21
488998,9,6,1,2,13,0,0,15,0,2,13,15
488998,9,6,2,2,13,0,0,15,0,2,13,15
488998,10,7,1,1,7,0,0,8,0,1,7,8
488998,10,7,2,1,7,0,0,8,0,1,7,8
488998,11,8,1,2,6,0,0,8,0,2,6,8
488998,11,8,2,2,6,0,0,8,0,2,6,8
489201,1,412,1,975,1211,2396,4286,2186,6682,3371,5497,8868
489201,1,112,2,975,1211,2396,4286,2186,6682,3371,5497,8868
489201,2,999,1,895,1103,1736,2762,1998,4498,2631,3865,6496
489201,2,999,2,895,1103,1736,2762,1998,4498,2631,3865,6496
489201,3,1,1,29,55,192,410,84,602,221,465,686
489201,3,1,2,29,55,192,410,84,602,221,465,686
489201,4,2,1,608,761,577,763,1369,1340,1185,1524,2709
489201,4,2,2,608,761,577,763,1369,1340,1185,1524,2709
489201,5,3,1,186,206,543,822,392,1365,729,1028,1757
489201,5,3,2,186,206,543,822,392,1365,729,1028,1757
489201,6,4,1,72,81,424,767,153,1191,496,848,1344
489201,6,4,2,72,81,424,767,153,1191,496,848,1344
489201,7,999,1,80,108,660,1524,188,2184,740,1632,2372
489201,7,999,2,80,108,660,1524,188,2184,740,1632,2372
489201,8,5,1,37,48,318,638,85,956,355,686,1041
489201,8,5,2,37,48,318,638,85,956,355,686,1041
489201,9,6,1,26,31,163,373,57,536,189,404,593
489201,9,6,2,26,31,163,373,57,536,189,404,593
489201,10,7,1,12,11,90,206,23,296,102,217,319
489201,10,7,2,12,11,90,206,23,296,102,217,319
489201,11,8,1,3,13,60,231,16,291,63,244,307
489201,11,8,2,3,13,60,231,16,291,63,244,307
489201,12,9,1,2,5,27,67,7,94,29,72,101
489201,12,9,2,2,5,27,67,7,94,29,72,101
489201,13,10,1,0,0,2,9,0,11,2,9,11
489201,13,10,2,0,0,2,9,0,11,2,9,11
489256,1,412,1,196,19,2,0,215,2,198,19,217
489256,1,112,2,196,19,2,0,215,2,198,19,217
489256,2,999,1,153,14,2,0,167,2,155,14,169
489256,2,999,2,153,14,2,0,167,2,155,14,169
489256,3,1,1,2,0,0,0,2,0,2,0,2
489256,3,1,2,2,0,0,0,2,0,2,0,2
489256,4,2,1,55,1,2,0,56,2,57,1,58
489256,4,2,2,55,1,2,0,56,2,57,1,58
489256,5,3,1,54,4,0,0,58,0,54,4,58
489256,5,3,2,54,4,0,0,58,0,54,4,58
489256,6,4,1,42,9,0,0,51,0,42,9,51
489256,6,4,2,42,9,0,0,51,0,42,9,51
489256,7,999,1,43,5,0,0,48,0,43,5,48
489256,7,999,2,43,5,0,0,48,0,43,5,48
489256,8,5,1,34,4,0,0,38,0,34,4,38
489256,8,5,2,34,4,0,0,38,0,34,4,38
489256,9,6,1,9,1,0,0,10,0,9,1,10
489256,9,6,2,9,1,0,0,10,0,9,1,10
489344,1,412,1,13,90,12,144,103,156,25,234,259
489344,1,112,2,13,90,12,144,103,156,25,234,259
489344,2,999,1,4,34,3,45,38,48,7,79,86
489344,2,999,2,4,34,3,45,38,48,7,79,86
489344,4,2,1,1,3,1,1,4,2,2,4,6
489344,4,2,2,1,3,1,1,4,2,2,4,6
489344,5,3,1,1,8,0,16,9,16,1,24,25
489344,5,3,2,1,8,0,16,9,16,1,24,25
489344,6,4,1,2,23,2,28,25,30,4,51,55
489344,6,4,2,2,23,2,28,25,30,4,51,55
489344,7,999,1,9,56,9,99,65,108,18,155,173
489344,7,999,2,9,56,9,99,65,108,18,155,173
489344,8,5,1,7,21,4,41,28,45,11,62,73
489344,8,5,2,7,21,4,41,28,45,11,62,73
489344,9,6,1,2,15,3,19,17,22,5,34,39
489344,9,6,2,2,15,3,19,17,22,5,34,39
489344,10,7,1,0,15,2,22,15,24,2,37,39
489344,10,7,2,0,15,2,22,15,24,2,37,39
489344,11,8,1,0,5,0,15,5,15,0,20,20
489344,11,8,2,0,5,0,15,5,15,0,20,20
489344,12,9,1,0,0,0,2,0,2,0,2,2
489344,12,9,2,0,0,0,2,0,2,0,2,2
489353,1,412,1,41,112,16,94,153,110,57,206,263
489353,1,112,2,41,112,16,94,153,110,57,206,263
489353,2,999,1,18,57,6,51,75,57,24,108,132
489353,2,999,2,18,57,6,51,75,57,24,108,132
489353,4,2,1,1,1,1,0,2,1,2,1,3
489353,4,2,2,1,1,1,0,2,1,2,1,3
489353,5,3,1,4,24,1,10,28,11,5,34,39
489353,5,3,2,4,24,1,10,28,11,5,34,39
489353,6,4,1,13,32,4,41,45,45,17,73,90
489353,6,4,2,13,32,4,41,45,45,17,73,90
489353,7,999,1,23,55,10,43,78,53,33,98,131
489353,7,999,2,23,55,10,43,78,53,33,98,131
489353,8,5,1,11,22,4,19,33,23,15,41,56
489353,8,5,2,11,22,4,19,33,23,15,41,56
489353,9,6,1,8,17,4,11,25,15,12,28,40
489353,9,6,2,8,17,4,11,25,15,12,28,40
489353,10,7,1,3,9,2,5,12,7,5,14,19
489353,10,7,2,3,9,2,5,12,7,5,14,19
489353,11,8,1,1,5,0,5,6,5,1,10,11
489353,11,8,2,1,5,0,5,6,5,1,10,11
489353,12,9,1,0,2,0,3,2,3,0,5,5
489353,12,9,2,0,2,0,3,2,3,0,5,5
489779,1,412,1,3861,7916,11967,20183,11777,32150,15828,28099,43927
489779,1,112,2,1794,3644,11222,16532,5438,27754,13016,20176,33192
489779,1,312,5,2067,4272,745,3651,6339,4396,2812,7923,10735
489779,2,999,1,322,971,2523,3682,1293,6205,2845,4653,7498
489779,2,999,2,202,532,2498,3509,734,6007,2700,4041,6741
489779,2,999,5,120,439,25,173,559,198,145,612,757
489779,3,1,1,0,0,0,7,0,7,0,7,7
489779,3,1,2,0,0,0,7,0,7,0,7,7
489779,4,2,1,6,22,186,387,28,573,192,409,601
489779,4,2,2,6,22,186,387,28,573,192,409,601
489779,5,3,1,39,127,736,995,166,1731,775,1122,1897
489779,5,3,2,39,108,735,992,147,1727,774,1100,1874
489779,5,3,5,0,19,1,3,19,4,1,22,23
489779,6,4,1,277,822,1601,2293,1099,3894,1878,3115,4993
489779,6,4,2,157,402,1577,2123,559,3700,1734,2525,4259
489779,6,4,5,120,420,24,170,540,194,144,590,734
489779,7,999,1,3539,6945,9444,16501,10484,25945,12983,23446,36429
489779,7,999,2,1592,3112,8724,13023,4704,21747,10316,16135,26451
489779,7,999,5,1947,3833,720,3478,5780,4198,2667,7311,9978
489779,8,5,1,871,1882,2841,4523,2753,7364,3712,6405,10117
489779,8,5,2,427,866,2731,3812,1293,6543,3158,4678,7836
489779,8,5,5,444,1016,110,711,1460,821,554,1727,2281
489779,9,6,1,857,1582,2395,3796,2439,6191,3252,5378,8630
489779,9,6,2,428,775,2267,3169,1203,5436,2695,3944,6639
489779,9,6,5,429,807,128,627,1236,755,557,1434,1991
489779,10,7,1,661,1195,1818,2819,1856,4637,2479,4014,6493
489779,10,7,2,312,565,1697,2222,877,3919,2009,2787,4796
489779,10,7,5,349,630,121,597,979,718,470,1227,1697
489779,11,8,1,801,1610,1717,3685,2411,5402,2518,5295,7813
489779,11,8,2,315,663,1511,2702,978,4213,1826,3365,5191
489779,11,8,5,486,947,206,983,1433,1189,692,1930,2622
489779,12,9,1,328,648,636,1603,976,2239,964,2251,3215
489779,12,9,2,105,235,495,1076,340,1571,600,1311,1911
489779,12,9,5,223,413,141,527,636,668,364,940,1304
489779,13,10,1,21,28,37,75,49,112,58,103,161
489779,13,10,2,5,8,23,42,13,65,28,50,78
489779,13,10,5,16,20,14,33,36,47,30,53,83
489858,1,412,1,172,335,0,22,507,22,172,357,529
489858,1,312,5,172,335,0,22,507,22,172,357,529
489858,2,999,1,64,157,0,11,221,11,64,168,232
489858,2,999,5,64,157,0,11,221,11,64,168,232
489858,5,3,1,1,7,0,2,8,2,1,9,10
489858,5,3,5,1,7,0,2,8,2,1,9,10
489858,6,4,1,63,150,0,9,213,9,63,159,222
489858,6,4,5,63,150,0,9,213,9,63,159,222
489858,7,999,1,108,178,0,11,286,11,108,189,297
489858,7,999,5,108,178,0,11,286,11,108,189,297
489858,8,5,1,75,134,0,10,209,10,75,144,219
489858,8,5,5,75,134,0,10,209,10,75,144,219
489858,9,6,1,19,23,0,0,42,0,19,23,42
489858,9,6,5,19,23,0,0,42,0,19,23,42
489858,10,7,1,9,12,0,1,21,1,9,13,22
489858,10,7,5,9,12,0,1,21,1,9,13,22
489858,11,8,1,3,9,0,0,12,0,3,9,12
489858,11,8,5,3,9,0,0,12,0,3,9,12
489858,12,9,1,2,0,0,0,2,0,2,0,2
489858,12,9,5,2,0,0,0,2,0,2,0,2
489937,1,412,1,213,172,377,189,385,566,590,361,951
489937,1,112,2,173,157,51,62,330,113,224,219,443
489937,1,312,5,40,15,326,127,55,453,366,142,508
489937,2,999,1,156,119,27,22,275,49,183,141,324
489937,2,999,2,150,116,20,17,266,37,170,133,303
489937,2,999,5,6,3,7,5,9,12,13,8,21
489937,3,1,1,0,0,0,3,0,3,0,3,3
489937,3,1,2,0,0,0,2,0,2,0,2,2
489937,3,1,5,0,0,0,1,0,1,0,1,1
489937,4,2,1,40,37,3,3,77,6,43,40,83
489937,4,2,2,40,37,3,3,77,6,43,40,83
489937,5,3,1,56,52,7,5,108,12,63,57,120
489937,5,3,2,56,52,7,4,108,11,63,56,119
489937,5,3,5,0,0,0,1,0,1,0,1,1
489937,6,4,1,60,30,17,11,90,28,77,41,118
489937,6,4,2,54,27,10,8,81,18,64,35,99
489937,6,4,5,6,3,7,3,9,10,13,6,19
489937,7,999,1,57,53,349,165,110,514,406,218,624
489937,7,999,2,23,41,30,43,64,73,53,84,137
489937,7,999,5,34,12,319,122,46,441,353,134,487
489937,8,5,1,18,20,28,22,38,50,46,42,88
489937,8,5,2,12,18,8,13,30,21,20,31,51
489937,8,5,5,6,2,20,9,8,29,26,11,37
489937,9,6,1,7,12,42,19,19,61,49,31,80
489937,9,6,2,2,7,4,9,9,13,6,16,22
489937,9,6,5,5,5,38,10,10,48,43,15,58
489937,10,7,1,9,5,49,23,14,72,58,28,86
489937,10,7,2,5,3,3,7,8,10,8,10,18
489937,10,7,5,4,2,46,16,6,62,50,18,68
489937,11,8,1,10,6,107,48,16,155,117,54,171
489937,11,8,2,4,5,10,6,9,16,14,11,25
489937,11,8,5,6,1,97,42,7,139,103,43,146
489937,12,9,1,12,8,110,48,20,158,122,56,178
489937,12,9,2,0,7,5,8,7,13,5,15,20
489937,12,9,5,12,1,105,40,13,145,117,41,158
489937,13,10,1,1,2,13,5,3,18,14,7,21
489937,13,10,2,0,1,0,0,1,0,0,1,1
489937,13,10,5,1,1,13,5,2,18,14,6,20
489937,14,11,1,0,0,1,2,0,3,1,2,3
489937,14,11,2,0,0,1,2,0,3,1,2,3
490133,1,412,1,1653,1395,93,73,3048,166,1746,1468,3214
490133,1,112,2,568,356,34,23,924,57,602,379,981
490133,1,312,5,1085,1039,59,50,2124,109,1144,1089,2233
490133,2,999,1,714,588,31,27,1302,58,745,615,1360
490133,2,999,2,525,340,25,20,865,45,550,360,910
490133,2,999,5,189,248,6,7,437,13,195,255,450
490133,3,1,1,5,3,0,0,8,0,5,3,8
490133,3,1,2,5,3,0,0,8,0,5,3,8
490133,4,2,1,168,131,15,12,299,27,183,143,326
490133,4,2,2,168,130,15,12,298,27,183,142,325
490133,4,2,5,0,1,0,0,1,0,0,1,1
490133,5,3,1,197,145,4,3,342,7,201,148,349
490133,5,3,2,193,141,4,3,334,7,197,144,341
490133,5,3,5,4,4,0,0,8,0,4,4,8
490133,6,4,1,344,309,12,12,653,24,356,321,677
490133,6,4,2,159,66,6,5,225,11,165,71,236
490133,6,4,5,185,243,6,7,428,13,191,250,441
490133,7,999,1,939,807,62,46,1746,108,1001,853,1854
490133,7,999,2,43,16,9,3,59,12,52,19,71
490133,7,999,5,896,791,53,43,1687,96,949,834,1783
490133,8,5,1,607,551,30,27,1158,57,637,578,1215
490133,8,5,2,39,9,6,1,48,7,45,10,55
490133,8,5,5,568,542,24,26,1110,50,592,568,1160
490133,9,6,1,219,166,9,7,385,16,228,173,401
490133,9,6,2,3,2,1,1,5,2,4,3,7
490133,9,6,5,216,164,8,6,380,14,224,170,394
490133,10,7,1,54,53,9,7,107,16,63,60,123
490133,10,7,2,0,1,1,1,1,2,1,2,3
490133,10,7,5,54,52,8,6,106,14,62,58,120
490133,11,8,1,49,34,9,4,83,13,58,38,96
490133,11,8,2,0,4,1,0,4,1,1,4,5
490133,11,8,5,49,30,8,4,79,12,57,34,91
490133,12,9,1,10,2,4,1,12,5,14,3,17
490133,12,9,2,1,0,0,0,1,0,1,0,1
490133,12,9,5,9,2,4,1,11,5,13,3,16
490133,13,10,1,0,1,1,0,1,1,1,1,2
490133,13,10,5,0,1,1,0,1,1,1,1,2
490197,1,412,1,5,36,0,0,41,0,5,36,41
490197,1,112,2,5,36,0,0,41,0,5,36,41
490197,2,999,1,2,16,0,0,18,0,2,16,18
490197,2,999,2,2,16,0,0,18,0,2,16,18
490197,4,2,1,0,3,0,0,3,0,0,3,3
490197,4,2,2,0,3,0,0,3,0,0,3,3
490197,5,3,1,1,5,0,0,6,0,1,5,6
490197,5,3,2,1,5,0,0,6,0,1,5,6
490197,6,4,1,1,8,0,0,9,0,1,8,9
490197,6,4,2,1,8,0,0,9,0,1,8,9
490197,7,999,1,3,20,0,0,23,0,3,20,23
490197,7,999,2,3,20,0,0,23,0,3,20,23
490197,8,5,1,2,6,0,0,8,0,2,6,8
490197,8,5,2,2,6,0,0,8,0,2,6,8
490197,9,6,1,1,4,0,0,5,0,1,4,5
490197,9,6,2,1,4,0,0,5,0,1,4,5
490197,10,7,1,0,5,0,0,5,0,0,5,5
490197,10,7,2,0,5,0,0,5,0,0,5,5
490197,11,8,1,0,4,0,0,4,0,0,4,4
490197,11,8,2,0,4,0,0,4,0,0,4,4
490197,12,9,1,0,1,0,0,1,0,0,1,1
490197,12,9,2,0,1,0,0,1,0,0,1,1
490212,1,412,1,1,21,0,0,22,0,1,21,22
490212,1,112,2,1,21,0,0,22,0,1,21,22
490212,2,999,1,0,2,0,0,2,0,0,2,2
490212,2,999,2,0,2,0,0,2,0,0,2,2
490212,5,3,1,0,2,0,0,2,0,0,2,2
490212,5,3,2,0,2,0,0,2,0,0,2,2
490212,7,999,1,1,19,0,0,20,0,1,19,20
490212,7,999,2,1,19,0,0,20,0,1,19,20
490212,8,5,1,1,4,0,0,5,0,1,4,5
490212,8,5,2,1,4,0,0,5,0,1,4,5
490212,9,6,1,0,7,0,0,7,0,0,7,7
490212,9,6,2,0,7,0,0,7,0,0,7,7
490212,10,7,1,0,4,0,0,4,0,0,4,4
490212,10,7,2,0,4,0,0,4,0,0,4,4
490212,11,8,1,0,2,0,0,2,0,0,2,2
490212,11,8,2,0,2,0,0,2,0,0,2,2
490212,12,9,1,0,2,0,0,2,0,0,2,2
490212,12,9,2,0,2,0,0,2,0,0,2,2
490230,1,412,1,75,85,4,4,160,8,79,89,168
490230,1,112,2,70,75,4,3,145,7,74,78,152
490230,1,312,5,5,10,0,1,15,1,5,11,16
490230,2,999,1,13,12,1,0,25,1,14,12,26
490230,2,999,2,13,12,1,0,25,1,14,12,26
490230,3,1,1,0,1,0,0,1,0,0,1,1
490230,3,1,2,0,1,0,0,1,0,0,1,1
490230,4,2,1,3,4,0,0,7,0,3,4,7
490230,4,2,2,3,4,0,0,7,0,3,4,7
490230,5,3,1,5,2,0,0,7,0,5,2,7
490230,5,3,2,5,2,0,0,7,0,5,2,7
490230,6,4,1,5,5,1,0,10,1,6,5,11
490230,6,4,2,5,5,1,0,10,1,6,5,11
490230,7,999,1,60,72,2,4,132,6,62,76,138
490230,7,999,2,55,62,2,3,117,5,57,65,122
490230,7,999,5,5,10,0,1,15,1,5,11,16
490230,8,5,1,25,18,1,0,43,1,26,18,44
490230,8,5,2,25,18,1,0,43,1,26,18,44
490230,9,6,1,10,15,0,0,25,0,10,15,25
490230,9,6,2,10,13,0,0,23,0,10,13,23
490230,9,6,5,0,2,0,0,2,0,0,2,2
490230,10,7,1,7,12,0,0,19,0,7,12,19
490230,10,7,2,7,11,0,0,18,0,7,11,18
490230,10,7,5,0,1,0,0,1,0,0,1,1
490230,11,8,1,12,16,1,1,28,2,13,17,30
490230,11,8,2,8,13,1,1,21,2,9,14,23
490230,11,8,5,4,3,0,0,7,0,4,3,7
490230,12,9,1,5,10,0,2,15,2,5,12,17
490230,12,9,2,4,6,0,1,10,1,4,7,11
490230,12,9,5,1,4,0,1,5,1,1,5,6
490230,13,10,1,1,1,0,1,2,1,1,2,3
490230,13,10,2,1,1,0,1,2,1,1,2,3
490230,14,11,1,2,1,1,0,3,1,3,1,4
490230,14,11,2,2,1,1,0,3,1,3,1,4
490300,1,412,1,5,38,21,27,43,48,26,65,91
490300,1,112,2,5,38,21,27,43,48,26,65,91
490300,2,999,1,2,19,10,9,21,19,12,28,40
490300,2,999,2,2,19,10,9,21,19,12,28,40
490300,3,1,1,0,1,0,0,1,0,0,1,1
490300,3,1,2,0,1,0,0,1,0,0,1,1
490300,4,2,1,0,10,1,1,10,2,1,11,12
490300,4,2,2,0,10,1,1,10,2,1,11,12
490300,5,3,1,2,6,7,3,8,10,9,9,18
490300,5,3,2,2,6,7,3,8,10,9,9,18
490300,6,4,1,0,2,2,5,2,7,2,7,9
490300,6,4,2,0,2,2,5,2,7,2,7,9
490300,7,999,1,3,19,11,18,22,29,14,37,51
490300,7,999,2,3,19,11,18,22,29,14,37,51
490300,8,5,1,1,11,3,4,12,7,4,15,19
490300,8,5,2,1,11,3,4,12,7,4,15,19
490300,9,6,1,1,1,5,6,2,11,6,7,13
490300,9,6,2,1,1,5,6,2,11,6,7,13
490300,10,7,1,0,3,3,4,3,7,3,7,10
490300,10,7,2,0,3,3,4,3,7,3,7,10
490300,11,8,1,1,4,0,3,5,3,1,7,8
490300,11,8,2,1,4,0,3,5,3,1,7,8
490300,12,9,1,0,0,0,1,0,1,0,1,1
490300,12,9,2,0,0,0,1,0,1,0,1,1
490373,1,412,1,170,167,0,0,337,0,170,167,337
490373,1,312,5,170,167,0,0,337,0,170,167,337
490373,2,999,1,32,49,0,0,81,0,32,49,81
490373,2,999,5,32,49,0,0,81,0,32,49,81
490373,6,4,1,32,49,0,0,81,0,32,49,81
490373,6,4,5,32,49,0,0,81,0,32,49,81
490373,7,999,1,138,118,0,0,256,0,138,118,256
490373,7,999,5,138,118,0,0,256,0,138,118,256
490373,8,5,1,113,102,0,0,215,0,113,102,215
490373,8,5,5,113,102,0,0,215,0,113,102,215
490373,9,6,1,14,11,0,0,25,0,14,11,25
490373,9,6,5,14,11,0,0,25,0,14,11,25
490373,10,7,1,8,4,0,0,12,0,8,4,12
490373,10,7,5,8,4,0,0,12,0,8,4,12
490373,11,8,1,3,1,0,0,4,0,3,1,4
490373,11,8,5,3,1,0,0,4,0,3,1,4
490407,1,412,1,0,95,1,46,95,47,1,141,142
490407,1,112,2,0,95,1,46,95,47,1,141,142
490407,2,999,1,0,32,0,16,32,16,0,48,48
490407,2,999,2,0,32,0,16,32,16,0,48,48
490407,4,2,1,0,7,0,2,7,2,0,9,9
490407,4,2,2,0,7,0,2,7,2,0,9,9
490407,5,3,1,0,13,0,2,13,2,0,15,15
490407,5,3,2,0,13,0,2,13,2,0,15,15
490407,6,4,1,0,12,0,12,12,12,0,24,24
490407,6,4,2,0,12,0,12,12,12,0,24,24
490407,7,999,1,0,63,1,30,63,31,1,93,94
490407,7,999,2,0,63,1,30,63,31,1,93,94
490407,8,5,1,0,30,1,19,30,20,1,49,50
490407,8,5,2,0,30,1,19,30,20,1,49,50
490407,9,6,1,0,16,0,5,16,5,0,21,21
490407,9,6,2,0,16,0,5,16,5,0,21,21
490407,10,7,1,0,6,0,2,6,2,0,8,8
490407,10,7,2,0,6,0,2,6,2,0,8,8
490407,11,8,1,0,10,0,4,10,4,0,14,14
490407,11,8,2,0,10,0,4,10,4,0,14,14
490407,12,9,1,0,1,0,0,1,0,0,1,1
490407,12,9,2,0,1,0,0,1,0,0,1,1
490425,1,412,1,2,144,0,0,146,0,2,144,146
490425,1,112,2,2,144,0,0,146,0,2,144,146
490425,2,999,1,1,62,0,0,63,0,1,62,63
490425,2,999,2,1,62,0,0,63,0,1,62,63
490425,4,2,1,1,15,0,0,16,0,1,15,16
490425,4,2,2,1,15,0,0,16,0,1,15,16
490425,5,3,1,0,21,0,0,21,0,0,21,21
490425,5,3,2,0,21,0,0,21,0,0,21,21
490425,6,4,1,0,26,0,0,26,0,0,26,26
490425,6,4,2,0,26,0,0,26,0,0,26,26
490425,7,999,1,1,82,0,0,83,0,1,82,83
490425,7,999,2,1,82,0,0,83,0,1,82,83
490425,8,5,1,0,31,0,0,31,0,0,31,31
490425,8,5,2,0,31,0,0,31,0,0,31,31
490425,9,6,1,1,18,0,0,19,0,1,18,19
490425,9,6,2,1,18,0,0,19,0,1,18,19
490425,10,7,1,0,16,0,0,16,0,0,16,16
490425,10,7,2,0,16,0,0,16,0,0,16,16
490425,11,8,1,0,13,0,0,13,0,0,13,13
490425,11,8,2,0,13,0,0,13,0,0,13,13
490425,12,9,1,0,4,0,0,4,0,0,4,4
490425,12,9,2,0,4,0,0,4,0,0,4,4
490601,1,412,1,349,277,0,0,626,0,349,277,626
490601,1,312,5,349,277,0,0,626,0,349,277,626
490601,2,999,1,92,104,0,0,196,0,92,104,196
490601,2,999,5,92,104,0,0,196,0,92,104,196
490601,4,2,1,1,0,0,0,1,0,1,0,1
490601,4,2,5,1,0,0,0,1,0,1,0,1
490601,5,3,1,6,14,0,0,20,0,6,14,20
490601,5,3,5,6,14,0,0,20,0,6,14,20
490601,6,4,1,85,90,0,0,175,0,85,90,175
490601,6,4,5,85,90,0,0,175,0,85,90,175
490601,7,999,1,257,173,0,0,430,0,257,173,430
490601,7,999,5,257,173,0,0,430,0,257,173,430
490601,8,5,1,205,159,0,0,364,0,205,159,364
490601,8,5,5,205,159,0,0,364,0,205,159,364
490601,9,6,1,38,8,0,0,46,0,38,8,46
490601,9,6,5,38,8,0,0,46,0,38,8,46
490601,10,7,1,9,5,0,0,14,0,9,5,14
490601,10,7,5,9,5,0,0,14,0,9,5,14
490601,11,8,1,5,1,0,0,6,0,5,1,6
490601,11,8,5,5,1,0,0,6,0,5,1,6
490717,1,412,1,3,66,0,0,69,0,3,66,69
490717,1,112,2,3,66,0,0,69,0,3,66,69
490717,2,999,1,1,52,0,0,53,0,1,52,53
490717,2,999,2,1,52,0,0,53,0,1,52,53
490717,4,2,1,0,31,0,0,31,0,0,31,31
490717,4,2,2,0,31,0,0,31,0,0,31,31
490717,5,3,1,0,14,0,0,14,0,0,14,14
490717,5,3,2,0,14,0,0,14,0,0,14,14
490717,6,4,1,1,7,0,0,8,0,1,7,8
490717,6,4,2,1,7,0,0,8,0,1,7,8
490717,7,999,1,2,14,0,0,16,0,2,14,16
490717,7,999,2,2,14,0,0,16,0,2,14,16
490717,8,5,1,2,8,0,0,10,0,2,8,10
490717,8,5,2,2,8,0,0,10,0,2,8,10
490717,9,6,1,0,3,0,0,3,0,0,3,3
490717,9,6,2,0,3,0,0,3,0,0,3,3
490717,10,7,1,0,1,0,0,1,0,0,1,1
490717,10,7,2,0,1,0,0,1,0,0,1,1
490717,11,8,1,0,2,0,0,2,0,0,2,2
490717,11,8,2,0,2,0,0,2,0,0,2,2
490805,1,412,1,2599,2866,1322,2576,5465,3898,3921,5442,9363
490805,1,112,2,2476,2723,1191,2149,5199,3340,3667,4872,8539
490805,1,312,5,123,143,131,427,266,558,254,570,824
490805,2,999,1,2214,2348,855,1278,4562,2133,3069,3626,6695
490805,2,999,2,2155,2283,832,1232,4438,2064,2987,3515,6502
490805,2,999,5,59,65,23,46,124,69,82,111,193
490805,3,1,1,17,23,419,782,40,1201,436,805,1241
490805,3,1,2,17,23,419,782,40,1201,436,805,1241
490805,4,2,1,836,924,107,106,1760,213,943,1030,1973
490805,4,2,2,835,924,107,106,1759,213,942,1030,1972
490805,4,2,5,1,0,0,0,1,0,1,0,1
490805,5,3,1,781,875,78,87,1656,165,859,962,1821
490805,5,3,2,781,872,77,87,1653,164,858,959,1817
490805,5,3,5,0,3,1,0,3,1,1,3,4
490805,6,4,1,580,526,251,303,1106,554,831,829,1660
490805,6,4,2,522,464,229,257,986,486,751,721,1472
490805,6,4,5,58,62,22,46,120,68,80,108,188
490805,7,999,1,385,518,467,1298,903,1765,852,1816,2668
490805,7,999,2,321,440,359,917,761,1276,680,1357,2037
490805,7,999,5,64,78,108,381,142,489,172,459,631
490805,8,5,1,246,241,203,375,487,578,449,616,1065
490805,8,5,2,211,202,166,269,413,435,377,471,848
490805,8,5,5,35,39,37,106,74,143,72,145,217
490805,9,6,1,68,112,100,282,180,382,168,394,562
490805,9,6,2,54,98,71,214,152,285,125,312,437
490805,9,6,5,14,14,29,68,28,97,43,82,125
490805,10,7,1,41,78,56,224,119,280,97,302,399
490805,10,7,2,36,65,41,162,101,203,77,227,304
490805,10,7,5,5,13,15,62,18,77,20,75,95
490805,11,8,1,23,73,83,302,96,385,106,375,481
490805,11,8,2,13,65,63,200,78,263,76,265,341
490805,11,8,5,10,8,20,102,18,122,30,110,140
490805,12,9,1,7,14,22,112,21,134,29,126,155
490805,12,9,2,7,10,16,71,17,87,23,81,104
490805,12,9,5,0,4,6,41,4,47,6,45,51
490805,13,10,1,0,0,3,3,0,6,3,3,6
490805,13,10,2,0,0,2,1,0,3,2,1,3
490805,13,10,5,0,0,1,2,0,3,1,2,3
491136,1,412,1,2,55,0,34,57,34,2,89,91
491136,1,112,2,2,55,0,34,57,34,2,89,91
491136,2,999,1,1,32,0,18,33,18,1,50,51
491136,2,999,2,1,32,0,18,33,18,1,50,51
491136,4,2,1,0,12,0,5,12,5,0,17,17
491136,4,2,2,0,12,0,5,12,5,0,17,17
491136,5,3,1,1,15,0,4,16,4,1,19,20
491136,5,3,2,1,15,0,4,16,4,1,19,20
491136,6,4,1,0,5,0,9,5,9,0,14,14
491136,6,4,2,0,5,0,9,5,9,0,14,14
491136,7,999,1,1,23,0,16,24,16,1,39,40
491136,7,999,2,1,23,0,16,24,16,1,39,40
491136,8,5,1,0,15,0,9,15,9,0,24,24
491136,8,5,2,0,15,0,9,15,9,0,24,24
491136,9,6,1,0,3,0,4,3,4,0,7,7
491136,9,6,2,0,3,0,4,3,4,0,7,7
491136,10,7,1,0,1,0,2,1,2,0,3,3
491136,10,7,2,0,1,0,2,1,2,0,3,3
491136,11,8,1,1,2,0,0,3,0,1,2,3
491136,11,8,2,1,2,0,0,3,0,1,2,3
491136,12,9,1,0,2,0,1,2,1,0,3,3
491136,12,9,2,0,2,0,1,2,1,0,3,3
491145,1,412,1,3,61,2,26,64,28,5,87,92
491145,1,112,2,3,61,2,26,64,28,5,87,92
491145,2,999,1,3,35,1,9,38,10,4,44,48
491145,2,999,2,3,35,1,9,38,10,4,44,48
491145,4,2,1,2,12,1,1,14,2,3,13,16
491145,4,2,2,2,12,1,1,14,2,3,13,16
491145,5,3,1,0,12,0,5,12,5,0,17,17
491145,5,3,2,0,12,0,5,12,5,0,17,17
491145,6,4,1,1,11,0,3,12,3,1,14,15
491145,6,4,2,1,11,0,3,12,3,1,14,15
491145,7,999,1,0,26,1,17,26,18,1,43,44
491145,7,999,2,0,26,1,17,26,18,1,43,44
491145,8,5,1,0,12,1,9,12,10,1,21,22
491145,8,5,2,0,12,1,9,12,10,1,21,22
491145,9,6,1,0,8,0,0,8,0,0,8,8
491145,9,6,2,0,8,0,0,8,0,0,8,8
491145,10,7,1,0,4,0,3,4,3,0,7,7
491145,10,7,2,0,4,0,3,4,3,0,7,7
491145,11,8,1,0,1,0,4,1,4,0,5,5
491145,11,8,2,0,1,0,4,1,4,0,5,5
491145,12,9,1,0,1,0,1,1,1,0,2,2
491145,12,9,2,0,1,0,1,1,1,0,2,2
491659,1,412,1,54,46,0,0,100,0,54,46,100
491659,1,112,2,54,46,0,0,100,0,54,46,100
491659,2,999,1,4,7,0,0,11,0,4,7,11
491659,2,999,2,4,7,0,0,11,0,4,7,11
491659,4,2,1,1,0,0,0,1,0,1,0,1
491659,4,2,2,1,0,0,0,1,0,1,0,1
491659,5,3,1,0,1,0,0,1,0,0,1,1
491659,5,3,2,0,1,0,0,1,0,0,1,1
491659,6,4,1,3,6,0,0,9,0,3,6,9
491659,6,4,2,3,6,0,0,9,0,3,6,9
491659,7,999,1,50,38,0,0,88,0,50,38,88
491659,7,999,2,50,38,0,0,88,0,50,38,88
491659,8,5,1,14,22,0,0,36,0,14,22,36
491659,8,5,2,14,22,0,0,36,0,14,22,36
491659,9,6,1,15,8,0,0,23,0,15,8,23
491659,9,6,2,15,8,0,0,23,0,15,8,23
491659,10,7,1,9,4,0,0,13,0,9,4,13
491659,10,7,2,9,4,0,0,13,0,9,4,13
491659,11,8,1,10,3,0,0,13,0,10,3,13
491659,11,8,2,10,3,0,0,13,0,10,3,13
491659,12,9,1,2,1,0,0,3,0,2,1,3
491659,12,9,2,2,1,0,0,3,0,2,1,3
491659,14,11,1,0,1,0,0,1,0,0,1,1
491659,14,11,2,0,1,0,0,1,0,0,1,1
491756,1,412,1,130,16,0,0,146,0,130,16,146
491756,1,112,2,130,16,0,0,146,0,130,16,146
491756,2,999,1,68,11,0,0,79,0,68,11,79
491756,2,999,2,68,11,0,0,79,0,68,11,79
491756,3,1,1,1,0,0,0,1,0,1,0,1
491756,3,1,2,1,0,0,0,1,0,1,0,1
491756,4,2,1,15,2,0,0,17,0,15,2,17
491756,4,2,2,15,2,0,0,17,0,15,2,17
491756,5,3,1,25,3,0,0,28,0,25,3,28
491756,5,3,2,25,3,0,0,28,0,25,3,28
491756,6,4,1,27,6,0,0,33,0,27,6,33
491756,6,4,2,27,6,0,0,33,0,27,6,33
491756,7,999,1,62,5,0,0,67,0,62,5,67
491756,7,999,2,62,5,0,0,67,0,62,5,67
491756,8,5,1,34,3,0,0,37,0,34,3,37
491756,8,5,2,34,3,0,0,37,0,34,3,37
491756,9,6,1,11,2,0,0,13,0,11,2,13
491756,9,6,2,11,2,0,0,13,0,11,2,13
491756,10,7,1,10,0,0,0,10,0,10,0,10
491756,10,7,2,10,0,0,0,10,0,10,0,10
491756,11,8,1,6,0,0,0,6,0,6,0,6
491756,11,8,2,6,0,0,0,6,0,6,0,6
491756,12,9,1,1,0,0,0,1,0,1,0,1
491756,12,9,2,1,0,0,0,1,0,1,0,1
491774,1,412,1,9,96,7,42,105,49,16,138,154
491774,1,112,2,9,96,7,42,105,49,16,138,154
491774,2,999,1,3,16,0,1,19,1,3,17,20
491774,2,999,2,3,16,0,1,19,1,3,17,20
491774,4,2,1,0,1,0,0,1,0,0,1,1
491774,4,2,2,0,1,0,0,1,0,0,1,1
491774,5,3,1,0,4,0,1,4,1,0,5,5
491774,5,3,2,0,4,0,1,4,1,0,5,5
491774,6,4,1,3,11,0,0,14,0,3,11,14
491774,6,4,2,3,11,0,0,14,0,3,11,14
491774,7,999,1,6,80,7,41,86,48,13,121,134
491774,7,999,2,6,80,7,41,86,48,13,121,134
491774,8,5,1,3,23,2,10,26,12,5,33,38
491774,8,5,2,3,23,2,10,26,12,5,33,38
491774,9,6,1,1,23,1,6,24,7,2,29,31
491774,9,6,2,1,23,1,6,24,7,2,29,31
491774,10,7,1,0,9,2,8,9,10,2,17,19
491774,10,7,2,0,9,2,8,9,10,2,17,19
491774,11,8,1,1,16,2,13,17,15,3,29,32
491774,11,8,2,1,16,2,13,17,15,3,29,32
491774,12,9,1,1,9,0,4,10,4,1,13,14
491774,12,9,2,1,9,0,4,10,4,1,13,14
491808,1,412,1,8,44,14,59,52,73,22,103,125
491808,1,312,5,8,44,14,59,52,73,22,103,125
491808,2,999,1,0,1,0,1,1,1,0,2,2
491808,2,999,5,0,1,0,1,1,1,0,2,2
491808,3,1,1,0,0,0,1,0,1,0,1,1
491808,3,1,5,0,0,0,1,0,1,0,1,1
491808,6,4,1,0,1,0,0,1,0,0,1,1
491808,6,4,5,0,1,0,0,1,0,0,1,1
491808,7,999,1,8,43,14,58,51,72,22,101,123
491808,7,999,5,8,43,14,58,51,72,22,101,123
491808,8,5,1,0,2,0,1,2,1,0,3,3
491808,8,5,5,0,2,0,1,2,1,0,3,3
491808,9,6,1,1,11,0,7,12,7,1,18,19
491808,9,6,5,1,11,0,7,12,7,1,18,19
491808,10,7,1,4,8,0,6,12,6,4,14,18
491808,10,7,5,4,8,0,6,12,6,4,14,18
491808,11,8,1,1,14,7,18,15,25,8,32,40
491808,11,8,5,1,14,7,18,15,25,8,32,40
491808,12,9,1,2,7,5,18,9,23,7,25,32
491808,12,9,5,2,7,5,18,9,23,7,25,32
491808,13,10,1,0,1,2,8,1,10,2,9,11
491808,13,10,5,0,1,2,8,1,10,2,9,11
491826,1,412,1,0,78,0,0,78,0,0,78,78
491826,1,112,2,0,78,0,0,78,0,0,78,78
491826,2,999,1,0,46,0,0,46,0,0,46,46
491826,2,999,2,0,46,0,0,46,0,0,46,46
491826,3,1,1,0,1,0,0,1,0,0,1,1
491826,3,1,2,0,1,0,0,1,0,0,1,1
491826,4,2,1,0,21,0,0,21,0,0,21,21
491826,4,2,2,0,21,0,0,21,0,0,21,21
491826,5,3,1,0,8,0,0,8,0,0,8,8
491826,5,3,2,0,8,0,0,8,0,0,8,8
491826,6,4,1,0,16,0,0,16,0,0,16,16
491826,6,4,2,0,16,0,0,16,0,0,16,16
491826,7,999,1,0,32,0,0,32,0,0,32,32
491826,7,999,2,0,32,0,0,32,0,0,32,32
491826,8,5,1,0,15,0,0,15,0,0,15,15
491826,8,5,2,0,15,0,0,15,0,0,15,15
491826,9,6,1,0,6,0,0,6,0,0,6,6
491826,9,6,2,0,6,0,0,6,0,0,6,6
491826,10,7,1,0,7,0,0,7,0,0,7,7
491826,10,7,2,0,7,0,0,7,0,0,7,7
491826,11,8,1,0,4,0,0,4,0,0,4,4
491826,11,8,2,0,4,0,0,4,0,0,4,4
491835,1,412,1,5,87,0,0,92,0,5,87,92
491835,1,112,2,5,87,0,0,92,0,5,87,92
491835,2,999,1,3,61,0,0,64,0,3,61,64
491835,2,999,2,3,61,0,0,64,0,3,61,64
491835,4,2,1,1,24,0,0,25,0,1,24,25
491835,4,2,2,1,24,0,0,25,0,1,24,25
491835,5,3,1,0,15,0,0,15,0,0,15,15
491835,5,3,2,0,15,0,0,15,0,0,15,15
491835,6,4,1,2,22,0,0,24,0,2,22,24
491835,6,4,2,2,22,0,0,24,0,2,22,24
491835,7,999,1,2,26,0,0,28,0,2,26,28
491835,7,999,2,2,26,0,0,28,0,2,26,28
491835,8,5,1,1,18,0,0,19,0,1,18,19
491835,8,5,2,1,18,0,0,19,0,1,18,19
491835,9,6,1,0,4,0,0,4,0,0,4,4
491835,9,6,2,0,4,0,0,4,0,0,4,4
491835,10,7,1,0,3,0,0,3,0,0,3,3
491835,10,7,2,0,3,0,0,3,0,0,3,3
491835,11,8,1,1,0,0,0,1,0,1,0,1
491835,11,8,2,1,0,0,0,1,0,1,0,1
491835,12,9,1,0,1,0,0,1,0,0,1,1
491835,12,9,2,0,1,0,0,1,0,0,1,1
491853,1,412,1,0,44,0,0,44,0,0,44,44
491853,1,112,2,0,44,0,0,44,0,0,44,44
491853,2,999,1,0,32,0,0,32,0,0,32,32
491853,2,999,2,0,32,0,0,32,0,0,32,32
491853,3,1,1,0,3,0,0,3,0,0,3,3
491853,3,1,2,0,3,0,0,3,0,0,3,3
491853,4,2,1,0,15,0,0,15,0,0,15,15
491853,4,2,2,0,15,0,0,15,0,0,15,15
491853,5,3,1,0,13,0,0,13,0,0,13,13
491853,5,3,2,0,13,0,0,13,0,0,13,13
491853,6,4,1,0,1,0,0,1,0,0,1,1
491853,6,4,2,0,1,0,0,1,0,0,1,1
491853,7,999,1,0,12,0,0,12,0,0,12,12
491853,7,999,2,0,12,0,0,12,0,0,12,12
491853,8,5,1,0,10,0,0,10,0,0,10,10
491853,8,5,2,0,10,0,0,10,0,0,10,10
491853,9,6,1,0,2,0,0,2,0,0,2,2
491853,9,6,2,0,2,0,0,2,0,0,2,2
491969,1,412,1,1,14,0,0,15,0,1,14,15
491969,1,112,2,1,14,0,0,15,0,1,14,15
491969,2,999,1,1,4,0,0,5,0,1,4,5
491969,2,999,2,1,4,0,0,5,0,1,4,5
491969,4,2,1,0,2,0,0,2,0,0,2,2
491969,4,2,2,0,2,0,0,2,0,0,2,2
491969,6,4,1,1,2,0,0,3,0,1,2,3
491969,6,4,2,1,2,0,0,3,0,1,2,3
491969,7,999,1,0,10,0,0,10,0,0,10,10
491969,7,999,2,0,10,0,0,10,0,0,10,10
491969,8,5,1,0,8,0,0,8,0,0,8,8
491969,8,5,2,0,8,0,0,8,0,0,8,8
491969,9,6,1,0,2,0,0,2,0,0,2,2
491969,9,6,2,0,2,0,0,2,0,0,2,2
491978,1,412,1,1,3,1,2,4,3,2,5,7
491978,1,112,2,1,3,1,2,4,3,2,5,7
491978,2,999,1,0,1,1,1,1,2,1,2,3
491978,2,999,2,0,1,1,1,1,2,1,2,3
491978,4,2,1,0,0,1,0,0,1,1,0,1
491978,4,2,2,0,0,1,0,0,1,1,0,1
491978,5,3,1,0,0,0,1,0,1,0,1,1
491978,5,3,2,0,0,0,1,0,1,0,1,1
491978,6,4,1,0,1,0,0,1,0,0,1,1
491978,6,4,2,0,1,0,0,1,0,0,1,1
491978,7,999,1,1,2,0,1,3,1,1,3,4
491978,7,999,2,1,2,0,1,3,1,1,3,4
491978,8,5,1,0,1,0,1,1,1,0,2,2
491978,8,5,2,0,1,0,1,1,1,0,2,2
491978,9,6,1,1,1,0,0,2,0,1,1,2
491978,9,6,2,1,1,0,0,2,0,1,1,2
492209,1,412,1,6,41,0,0,47,0,6,41,47
492209,1,312,5,6,41,0,0,47,0,6,41,47
492209,7,999,1,6,41,0,0,47,0,6,41,47
492209,7,999,5,6,41,0,0,47,0,6,41,47
492209,8,5,1,0,1,0,0,1,0,0,1,1
492209,8,5,5,0,1,0,0,1,0,0,1,1
492209,9,6,1,1,5,0,0,6,0,1,5,6
492209,9,6,5,1,5,0,0,6,0,1,5,6
492209,10,7,1,1,3,0,0,4,0,1,3,4
492209,10,7,5,1,3,0,0,4,0,1,3,4
492209,11,8,1,2,15,0,0,17,0,2,15,17
492209,11,8,5,2,15,0,0,17,0,2,15,17
492209,12,9,1,1,14,0,0,15,0,1,14,15
492209,12,9,5,1,14,0,0,15,0,1,14,15
492209,13,10,1,1,3,0,0,4,0,1,3,4
492209,13,10,5,1,3,0,0,4,0,1,3,4
492476,1,412,1,19,50,23,79,69,102,42,129,171
492476,1,112,2,19,50,23,79,69,102,42,129,171
492476,2,999,1,9,12,10,17,21,27,19,29,48
492476,2,999,2,9,12,10,17,21,27,19,29,48
492476,3,1,1,0,1,0,0,1,0,0,1,1
492476,3,1,2,0,1,0,0,1,0,0,1,1
492476,4,2,1,2,3,3,6,5,9,5,9,14
492476,4,2,2,2,3,3,6,5,9,5,9,14
492476,5,3,1,4,2,4,1,6,5,8,3,11
492476,5,3,2,4,2,4,1,6,5,8,3,11
492476,6,4,1,3,6,3,10,9,13,6,16,22
492476,6,4,2,3,6,3,10,9,13,6,16,22
492476,7,999,1,10,38,13,62,48,75,23,100,123
492476,7,999,2,10,38,13,62,48,75,23,100,123
492476,8,5,1,2,5,2,9,7,11,4,14,18
492476,8,5,2,2,5,2,9,7,11,4,14,18
492476,9,6,1,2,6,5,18,8,23,7,24,31
492476,9,6,2,2,6,5,18,8,23,7,24,31
492476,10,7,1,4,3,4,14,7,18,8,17,25
492476,10,7,2,4,3,4,14,7,18,8,17,25
492476,11,8,1,0,14,2,13,14,15,2,27,29
492476,11,8,2,0,14,2,13,14,15,2,27,29
492476,12,9,1,2,10,0,8,12,8,2,18,20
492476,12,9,2,2,10,0,8,12,8,2,18,20
492643,1,412,1,21,78,0,0,99,0,21,78,99
492643,1,112,2,21,78,0,0,99,0,21,78,99
492643,2,999,1,2,15,0,0,17,0,2,15,17
492643,2,999,2,2,15,0,0,17,0,2,15,17
492643,4,2,1,1,0,0,0,1,0,1,0,1
492643,4,2,2,1,0,0,0,1,0,1,0,1
492643,5,3,1,0,1,0,0,1,0,0,1,1
492643,5,3,2,0,1,0,0,1,0,0,1,1
492643,6,4,1,1,14,0,0,15,0,1,14,15
492643,6,4,2,1,14,0,0,15,0,1,14,15
492643,7,999,1,19,63,0,0,82,0,19,63,82
492643,7,999,2,19,63,0,0,82,0,19,63,82
492643,8,5,1,6,14,0,0,20,0,6,14,20
492643,8,5,2,6,14,0,0,20,0,6,14,20
492643,9,6,1,7,16,0,0,23,0,7,16,23
492643,9,6,2,7,16,0,0,23,0,7,16,23
492643,10,7,1,3,9,0,0,12,0,3,9,12
492643,10,7,2,3,9,0,0,12,0,3,9,12
492643,11,8,1,1,16,0,0,17,0,1,16,17
492643,11,8,2,1,16,0,0,17,0,1,16,17
492643,12,9,1,1,8,0,0,9,0,1,8,9
492643,12,9,2,1,8,0,0,9,0,1,8,9
492643,13,10,1,1,0,0,0,1,0,1,0,1
492643,13,10,2,1,0,0,0,1,0,1,0,1
492689,1,412,1,275,435,13,52,710,65,288,487,775
492689,1,112,2,40,188,12,48,228,60,52,236,288
492689,1,312,5,235,247,1,4,482,5,236,251,487
492689,2,999,1,119,233,1,15,352,16,120,248,368
492689,2,999,2,14,80,1,15,94,16,15,95,110
492689,2,999,5,105,153,0,0,258,0,105,153,258
492689,3,1,1,0,1,0,0,1,0,0,1,1
492689,3,1,2,0,1,0,0,1,0,0,1,1
492689,4,2,1,2,4,1,0,6,1,3,4,7
492689,4,2,2,1,4,1,0,5,1,2,4,6
492689,4,2,5,1,0,0,0,1,0,1,0,1
492689,5,3,1,13,60,0,3,73,3,13,63,76
492689,5,3,2,7,35,0,3,42,3,7,38,45
492689,5,3,5,6,25,0,0,31,0,6,25,31
492689,6,4,1,104,168,0,12,272,12,104,180,284
492689,6,4,2,6,40,0,12,46,12,6,52,58
492689,6,4,5,98,128,0,0,226,0,98,128,226
492689,7,999,1,156,202,12,37,358,49,168,239,407
492689,7,999,2,26,108,11,33,134,44,37,141,178
492689,7,999,5,130,94,1,4,224,5,131,98,229
492689,8,5,1,109,136,6,13,245,19,115,149,264
492689,8,5,2,12,58,6,13,70,19,18,71,89
492689,8,5,5,97,78,0,0,175,0,97,78,175
492689,9,6,1,30,34,4,10,64,14,34,44,78
492689,9,6,2,5,24,3,9,29,12,8,33,41
492689,9,6,5,25,10,1,1,35,2,26,11,37
492689,10,7,1,8,21,0,6,29,6,8,27,35
492689,10,7,2,3,16,0,5,19,5,3,21,24
492689,10,7,5,5,5,0,1,10,1,5,6,11
492689,11,8,1,7,9,2,5,16,7,9,14,23
492689,11,8,2,4,8,2,3,12,5,6,11,17
492689,11,8,5,3,1,0,2,4,2,3,3,6
492689,12,9,1,2,2,0,3,4,3,2,5,7
492689,12,9,2,2,2,0,3,4,3,2,5,7
492759,1,412,1,12,136,14,138,148,152,26,274,300
492759,1,112,2,12,136,14,138,148,152,26,274,300
492759,2,999,1,3,49,3,58,52,61,6,107,113
492759,2,999,2,3,49,3,58,52,61,6,107,113
492759,3,1,1,0,1,0,6,1,6,0,7,7
492759,3,1,2,0,1,0,6,1,6,0,7,7
492759,4,2,1,0,9,0,2,9,2,0,11,11
492759,4,2,2,0,9,0,2,9,2,0,11,11
492759,5,3,1,0,7,0,8,7,8,0,15,15
492759,5,3,2,0,7,0,8,7,8,0,15,15
492759,6,4,1,3,32,3,42,35,45,6,74,80
492759,6,4,2,3,32,3,42,35,45,6,74,80
492759,7,999,1,9,87,11,80,96,91,20,167,187
492759,7,999,2,9,87,11,80,96,91,20,167,187
492759,8,5,1,4,33,4,38,37,42,8,71,79
492759,8,5,2,4,33,4,38,37,42,8,71,79
492759,9,6,1,3,22,3,20,25,23,6,42,48
492759,9,6,2,3,22,3,20,25,23,6,42,48
492759,10,7,1,1,13,2,11,14,13,3,24,27
492759,10,7,2,1,13,2,11,14,13,3,24,27
492759,11,8,1,1,16,1,10,17,11,2,26,28
492759,11,8,2,1,16,1,10,17,11,2,26,28
492759,12,9,1,0,3,1,1,3,2,1,4,5
492759,12,9,2,0,3,1,1,3,2,1,4,5
492801,1,412,1,186,385,179,270,571,449,365,655,1020
492801,1,112,2,186,385,179,270,571,449,365,655,1020
492801,2,999,1,73,157,42,69,230,111,115,226,341
492801,2,999,2,73,157,42,69,230,111,115,226,341
492801,3,1,1,0,0,0,1,0,1,0,1,1
492801,3,1,2,0,0,0,1,0,1,0,1,1
492801,4,2,1,10,17,5,10,27,15,15,27,42
492801,4,2,2,10,17,5,10,27,15,15,27,42
492801,5,3,1,22,58,14,24,80,38,36,82,118
492801,5,3,2,22,58,14,24,80,38,36,82,118
492801,6,4,1,41,82,23,34,123,57,64,116,180
492801,6,4,2,41,82,23,34,123,57,64,116,180
492801,7,999,1,113,228,137,201,341,338,250,429,679
492801,7,999,2,113,228,137,201,341,338,250,429,679
492801,8,5,1,34,94,27,67,128,94,61,161,222
492801,8,5,2,34,94,27,67,128,94,61,161,222
492801,9,6,1,30,53,42,44,83,86,72,97,169
492801,9,6,2,30,53,42,44,83,86,72,97,169
492801,10,7,1,21,41,30,31,62,61,51,72,123
492801,10,7,2,21,41,30,31,62,61,51,72,123
492801,11,8,1,25,25,28,47,50,75,53,72,125
492801,11,8,2,25,25,28,47,50,75,53,72,125
492801,12,9,1,3,14,10,12,17,22,13,26,39
492801,12,9,2,3,14,10,12,17,22,13,26,39
492801,13,10,1,0,1,0,0,1,0,0,1,1
492801,13,10,2,0,1,0,0,1,0,0,1,1
492962,1,412,1,592,1175,792,1287,1767,2079,1384,2462,3846
492962,1,112,2,592,1175,792,1287,1767,2079,1384,2462,3846
492962,2,999,1,93,224,162,317,317,479,255,541,796
492962,2,999,2,93,224,162,317,317,479,255,541,796
492962,3,1,1,0,0,51,137,0,188,51,137,188
492962,3,1,2,0,0,51,137,0,188,51,137,188
492962,4,2,1,13,19,24,31,32,55,37,50,87
492962,4,2,2,13,19,24,31,32,55,37,50,87
492962,5,3,1,24,55,28,51,79,79,52,106,158
492962,5,3,2,24,55,28,51,79,79,52,106,158
492962,6,4,1,56,150,59,98,206,157,115,248,363
492962,6,4,2,56,150,59,98,206,157,115,248,363
492962,7,999,1,499,951,630,970,1450,1600,1129,1921,3050
492962,7,999,2,499,951,630,970,1450,1600,1129,1921,3050
492962,8,5,1,121,284,142,245,405,387,263,529,792
492962,8,5,2,121,284,142,245,405,387,263,529,792
492962,9,6,1,137,246,153,206,383,359,290,452,742
492962,9,6,2,137,246,153,206,383,359,290,452,742
492962,10,7,1,88,159,113,161,247,274,201,320,521
492962,10,7,2,88,159,113,161,247,274,201,320,521
492962,11,8,1,120,177,157,230,297,387,277,407,684
492962,11,8,2,120,177,157,230,297,387,277,407,684
492962,12,9,1,30,78,62,123,108,185,92,201,293
492962,12,9,2,30,78,62,123,108,185,92,201,293
492962,13,10,1,3,7,3,5,10,8,6,12,18
492962,13,10,2,3,7,3,5,10,8,6,12,18
493451,1,412,1,13,67,0,0,80,0,13,67,80
493451,1,112,2,13,67,0,0,80,0,13,67,80
493451,2,999,1,2,26,0,0,28,0,2,26,28
493451,2,999,2,2,26,0,0,28,0,2,26,28
493451,4,2,1,0,4,0,0,4,0,0,4,4
493451,4,2,2,0,4,0,0,4,0,0,4,4
493451,5,3,1,1,8,0,0,9,0,1,8,9
493451,5,3,2,1,8,0,0,9,0,1,8,9
493451,6,4,1,1,14,0,0,15,0,1,14,15
493451,6,4,2,1,14,0,0,15,0,1,14,15
493451,7,999,1,11,41,0,0,52,0,11,41,52
493451,7,999,2,11,41,0,0,52,0,11,41,52
493451,8,5,1,4,11,0,0,15,0,4,11,15
493451,8,5,2,4,11,0,0,15,0,4,11,15
493451,9,6,1,2,11,0,0,13,0,2,11,13
493451,9,6,2,2,11,0,0,13,0,2,11,13
493451,10,7,1,2,9,0,0,11,0,2,9,11
493451,10,7,2,2,9,0,0,11,0,2,9,11
493451,11,8,1,3,9,0,0,12,0,3,9,12
493451,11,8,2,3,9,0,0,12,0,3,9,12
493451,12,9,1,0,1,0,0,1,0,0,1,1
493451,12,9,2,0,1,0,0,1,0,0,1,1
493734,1,412,1,7,1,0,0,8,0,7,1,8
493734,1,112,2,7,1,0,0,8,0,7,1,8
493734,2,999,1,1,0,0,0,1,0,1,0,1
493734,2,999,2,1,0,0,0,1,0,1,0,1
493734,6,4,1,1,0,0,0,1,0,1,0,1
493734,6,4,2,1,0,0,0,1,0,1,0,1
493734,7,999,1,6,1,0,0,7,0,6,1,7
493734,7,999,2,6,1,0,0,7,0,6,1,7
493734,8,5,1,1,0,0,0,1,0,1,0,1
493734,8,5,2,1,0,0,0,1,0,1,0,1
493734,9,6,1,1,1,0,0,2,0,1,1,2
493734,9,6,2,1,1,0,0,2,0,1,1,2
493734,10,7,1,2,0,0,0,2,0,2,0,2
493734,10,7,2,2,0,0,0,2,0,2,0,2
493734,11,8,1,2,0,0,0,2,0,2,0,2
493734,11,8,2,2,0,0,0,2,0,2,0,2
493868,1,412,1,19,9,3,4,28,7,22,13,35
493868,1,112,2,19,9,3,4,28,7,22,13,35
493868,2,999,1,7,3,2,0,10,2,9,3,12
493868,2,999,2,7,3,2,0,10,2,9,3,12
493868,5,3,1,3,0,0,0,3,0,3,0,3
493868,5,3,2,3,0,0,0,3,0,3,0,3
493868,6,4,1,4,3,2,0,7,2,6,3,9
493868,6,4,2,4,3,2,0,7,2,6,3,9
493868,7,999,1,11,6,1,4,17,5,12,10,22
493868,7,999,2,11,6,1,4,17,5,12,10,22
493868,8,5,1,3,0,1,2,3,3,4,2,6
493868,8,5,2,3,0,1,2,3,3,4,2,6
493868,9,6,1,3,2,0,2,5,2,3,4,7
493868,9,6,2,3,2,0,2,5,2,3,4,7
493868,10,7,1,3,3,0,0,6,0,3,3,6
493868,10,7,2,3,3,0,0,6,0,3,3,6
493868,11,8,1,1,1,0,0,2,0,1,1,2
493868,11,8,2,1,1,0,0,2,0,1,1,2
493868,12,9,1,1,0,0,0,1,0,1,0,1
493868,12,9,2,1,0,0,0,1,0,1,0,1
493868,14,11,1,1,0,0,0,1,0,1,0,1
493868,14,11,2,1,0,0,0,1,0,1,0,1
494010,1,412,1,15,32,0,0,47,0,15,32,47
494010,1,312,5,15,32,0,0,47,0,15,32,47
494010,2,999,1,0,10,0,0,10,0,0,10,10
494010,2,999,5,0,10,0,0,10,0,0,10,10
494010,6,4,1,0,10,0,0,10,0,0,10,10
494010,6,4,5,0,10,0,0,10,0,0,10,10
494010,7,999,1,15,22,0,0,37,0,15,22,37
494010,7,999,5,15,22,0,0,37,0,15,22,37
494010,8,5,1,7,7,0,0,14,0,7,7,14
494010,8,5,5,7,7,0,0,14,0,7,7,14
494010,9,6,1,3,7,0,0,10,0,3,7,10
494010,9,6,5,3,7,0,0,10,0,3,7,10
494010,10,7,1,3,4,0,0,7,0,3,4,7
494010,10,7,5,3,4,0,0,7,0,3,4,7
494010,11,8,1,0,1,0,0,1,0,0,1,1
494010,11,8,5,0,1,0,0,1,0,0,1,1
494010,12,9,1,2,3,0,0,5,0,2,3,5
494010,12,9,5,2,3,0,0,5,0,2,3,5
494269,1,412,1,4,1,31,4,5,35,35,5,40
494269,1,112,2,4,1,31,4,5,35,35,5,40
494269,2,999,1,1,1,3,1,2,4,4,2,6
494269,2,999,2,1,1,3,1,2,4,4,2,6
494269,6,4,1,1,1,3,1,2,4,4,2,6
494269,6,4,2,1,1,3,1,2,4,4,2,6
494269,7,999,1,3,0,28,3,3,31,31,3,34
494269,7,999,2,3,0,28,3,3,31,31,3,34
494269,8,5,1,1,0,13,1,1,14,14,1,15
494269,8,5,2,1,0,13,1,1,14,14,1,15
494269,9,6,1,0,0,2,0,0,2,2,0,2
494269,9,6,2,0,0,2,0,0,2,2,0,2
494269,10,7,1,1,0,10,2,1,12,11,2,13
494269,10,7,2,1,0,10,2,1,12,11,2,13
494269,11,8,1,0,0,2,0,0,2,2,0,2
494269,11,8,2,0,0,2,0,0,2,2,0,2
494269,12,9,1,1,0,1,0,1,1,2,0,2
494269,12,9,2,1,0,1,0,1,1,2,0,2
494278,1,412,1,15,60,16,103,75,119,31,163,194
494278,1,112,2,15,60,16,103,75,119,31,163,194
494278,2,999,1,2,15,4,28,17,32,6,43,49
494278,2,999,2,2,15,4,28,17,32,6,43,49
494278,4,2,1,2,5,2,3,7,5,4,8,12
494278,4,2,2,2,5,2,3,7,5,4,8,12
494278,5,3,1,0,8,1,11,8,12,1,19,20
494278,5,3,2,0,8,1,11,8,12,1,19,20
494278,6,4,1,0,2,1,14,2,15,1,16,17
494278,6,4,2,0,2,1,14,2,15,1,16,17
494278,7,999,1,13,45,12,75,58,87,25,120,145
494278,7,999,2,13,45,12,75,58,87,25,120,145
494278,8,5,1,4,7,2,13,11,15,6,20,26
494278,8,5,2,4,7,2,13,11,15,6,20,26
494278,9,6,1,5,17,3,21,22,24,8,38,46
494278,9,6,2,5,17,3,21,22,24,8,38,46
494278,10,7,1,2,3,4,18,5,22,6,21,27
494278,10,7,2,2,3,4,18,5,22,6,21,27
494278,11,8,1,1,13,2,16,14,18,3,29,32
494278,11,8,2,1,13,2,16,14,18,3,29,32
494278,12,9,1,1,5,1,7,6,8,2,12,14
494278,12,9,2,1,5,1,7,6,8,2,12,14
494287,1,412,1,48,87,44,91,135,135,92,178,270
494287,1,112,2,48,87,44,91,135,135,92,178,270
494287,2,999,1,10,17,10,23,27,33,20,40,60
494287,2,999,2,10,17,10,23,27,33,20,40,60
494287,4,2,1,3,5,5,5,8,10,8,10,18
494287,4,2,2,3,5,5,5,8,10,8,10,18
494287,5,3,1,4,5,1,7,9,8,5,12,17
494287,5,3,2,4,5,1,7,9,8,5,12,17
494287,6,4,1,3,7,4,11,10,15,7,18,25
494287,6,4,2,3,7,4,11,10,15,7,18,25
494287,7,999,1,38,70,34,68,108,102,72,138,210
494287,7,999,2,38,70,34,68,108,102,72,138,210
494287,8,5,1,5,11,3,13,16,16,8,24,32
494287,8,5,2,5,11,3,13,16,16,8,24,32
494287,9,6,1,9,14,5,18,23,23,14,32,46
494287,9,6,2,9,14,5,18,23,23,14,32,46
494287,10,7,1,12,18,10,9,30,19,22,27,49
494287,10,7,2,12,18,10,9,30,19,22,27,49
494287,11,8,1,9,18,11,22,27,33,20,40,60
494287,11,8,2,9,18,11,22,27,33,20,40,60
494287,12,9,1,3,9,5,6,12,11,8,15,23
494287,12,9,2,3,9,5,6,12,11,8,15,23
494472,1,412,1,0,7,0,10,7,10,0,17,17
494472,1,112,2,0,7,0,10,7,10,0,17,17
494472,2,999,1,0,2,0,3,2,3,0,5,5
494472,2,999,2,0,2,0,3,2,3,0,5,5
494472,5,3,1,0,1,0,1,1,1,0,2,2
494472,5,3,2,0,1,0,1,1,1,0,2,2
494472,6,4,1,0,1,0,2,1,2,0,3,3
494472,6,4,2,0,1,0,2,1,2,0,3,3
494472,7,999,1,0,5,0,7,5,7,0,12,12
494472,7,999,2,0,5,0,7,5,7,0,12,12
494472,8,5,1,0,1,0,5,1,5,0,6,6
494472,8,5,2,0,1,0,5,1,5,0,6,6
494472,9,6,1,0,3,0,1,3,1,0,4,4
494472,9,6,2,0,3,0,1,3,1,0,4,4
494472,11,8,1,0,1,0,1,1,1,0,2,2
494472,11,8,2,0,1,0,1,1,1,0,2,2
494700,1,412,1,1,29,0,26,30,26,1,55,56
494700,1,112,2,1,29,0,26,30,26,1,55,56
494700,2,999,1,0,19,0,10,19,10,0,29,29
494700,2,999,2,0,19,0,10,19,10,0,29,29
494700,3,1,1,0,4,0,1,4,1,0,5,5
494700,3,1,2,0,4,0,1,4,1,0,5,5
494700,4,2,1,0,8,0,2,8,2,0,10,10
494700,4,2,2,0,8,0,2,8,2,0,10,10
494700,5,3,1,0,4,0,3,4,3,0,7,7
494700,5,3,2,0,4,0,3,4,3,0,7,7
494700,6,4,1,0,3,0,4,3,4,0,7,7
494700,6,4,2,0,3,0,4,3,4,0,7,7
494700,7,999,1,1,10,0,16,11,16,1,26,27
494700,7,999,2,1,10,0,16,11,16,1,26,27
494700,8,5,1,0,3,0,3,3,3,0,6,6
494700,8,5,2,0,3,0,3,3,3,0,6,6
494700,9,6,1,0,2,0,3,2,3,0,5,5
494700,9,6,2,0,2,0,3,2,3,0,5,5
494700,10,7,1,1,2,0,7,3,7,1,9,10
494700,10,7,2,1,2,0,7,3,7,1,9,10
494700,11,8,1,0,2,0,3,2,3,0,5,5
494700,11,8,2,0,2,0,3,2,3,0,5,5
494700,12,9,1,0,1,0,0,1,0,0,1,1
494700,12,9,2,0,1,0,0,1,0,0,1,1
494719,1,412,1,27,8,9,3,35,12,36,11,47
494719,1,112,2,27,8,9,3,35,12,36,11,47
494719,2,999,1,9,4,2,1,13,3,11,5,16
494719,2,999,2,9,4,2,1,13,3,11,5,16
494719,4,2,1,4,1,0,1,5,1,4,2,6
494719,4,2,2,4,1,0,1,5,1,4,2,6
494719,5,3,1,2,1,2,0,3,2,4,1,5
494719,5,3,2,2,1,2,0,3,2,4,1,5
494719,6,4,1,3,2,0,0,5,0,3,2,5
494719,6,4,2,3,2,0,0,5,0,3,2,5
494719,7,999,1,18,4,7,2,22,9,25,6,31
494719,7,999,2,18,4,7,2,22,9,25,6,31
494719,8,5,1,8,1,5,0,9,5,13,1,14
494719,8,5,2,8,1,5,0,9,5,13,1,14
494719,9,6,1,8,3,0,1,11,1,8,4,12
494719,9,6,2,8,3,0,1,11,1,8,4,12
494719,10,7,1,2,0,0,1,2,1,2,1,3
494719,10,7,2,2,0,0,1,2,1,2,1,3
494719,11,8,1,0,0,2,0,0,2,2,0,2
494719,11,8,2,0,0,2,0,0,2,2,0,2
494898,1,412,1,8,64,0,0,72,0,8,64,72
494898,1,112,2,8,64,0,0,72,0,8,64,72
494898,2,999,1,3,18,0,0,21,0,3,18,21
494898,2,999,2,3,18,0,0,21,0,3,18,21
494898,4,2,1,0,2,0,0,2,0,0,2,2
494898,4,2,2,0,2,0,0,2,0,0,2,2
494898,5,3,1,0,9,0,0,9,0,0,9,9
494898,5,3,2,0,9,0,0,9,0,0,9,9
494898,6,4,1,3,7,0,0,10,0,3,7,10
494898,6,4,2,3,7,0,0,10,0,3,7,10
494898,7,999,1,5,45,0,0,50,0,5,45,50
494898,7,999,2,5,45,0,0,50,0,5,45,50
494898,8,5,1,2,18,0,0,20,0,2,18,20
494898,8,5,2,2,18,0,0,20,0,2,18,20
494898,9,6,1,1,6,0,0,7,0,1,6,7
494898,9,6,2,1,6,0,0,7,0,1,6,7
494898,10,7,1,1,4,0,0,5,0,1,4,5
494898,10,7,2,1,4,0,0,5,0,1,4,5
494898,11,8,1,1,12,0,0,13,0,1,12,13
494898,11,8,2,1,12,0,0,13,0,1,12,13
494898,12,9,1,0,5,0,0,5,0,0,5,5
494898,12,9,2,0,5,0,0,5,0,0,5,5
494898,14,11,1,0,1,0,0,1,0,0,1,1
494898,14,11,2,0,1,0,0,1,0,0,1,1
495013,1,412,1,0,0,165,15,0,180,165,15,180
495013,1,112,2,0,0,165,15,0,180,165,15,180
495013,2,999,1,0,0,104,8,0,112,104,8,112
495013,2,999,2,0,0,104,8,0,112,104,8,112
495013,3,1,1,0,0,1,0,0,1,1,0,1
495013,3,1,2,0,0,1,0,0,1,1,0,1
495013,4,2,1,0,0,20,1,0,21,20,1,21
495013,4,2,2,0,0,20,1,0,21,20,1,21
495013,5,3,1,0,0,52,6,0,58,52,6,58
495013,5,3,2,0,0,52,6,0,58,52,6,58
495013,6,4,1,0,0,31,1,0,32,31,1,32
495013,6,4,2,0,0,31,1,0,32,31,1,32
495013,7,999,1,0,0,61,7,0,68,61,7,68
495013,7,999,2,0,0,61,7,0,68,61,7,68
495013,8,5,1,0,0,31,1,0,32,31,1,32
495013,8,5,2,0,0,31,1,0,32,31,1,32
495013,9,6,1,0,0,11,1,0,12,11,1,12
495013,9,6,2,0,0,11,1,0,12,11,1,12
495013,10,7,1,0,0,7,1,0,8,7,1,8
495013,10,7,2,0,0,7,1,0,8,7,1,8
495013,11,8,1,0,0,7,4,0,11,7,4,11
495013,11,8,2,0,0,7,4,0,11,7,4,11
495013,12,9,1,0,0,5,0,0,5,5,0,5
495013,12,9,2,0,0,5,0,0,5,5,0,5
495040,1,412,1,0,53,0,0,53,0,0,53,53
495040,1,112,2,0,53,0,0,53,0,0,53,53
495040,2,999,1,0,23,0,0,23,0,0,23,23
495040,2,999,2,0,23,0,0,23,0,0,23,23
495040,3,1,1,0,2,0,0,2,0,0,2,2
495040,3,1,2,0,2,0,0,2,0,0,2,2
495040,4,2,1,0,7,0,0,7,0,0,7,7
495040,4,2,2,0,7,0,0,7,0,0,7,7
495040,5,3,1,0,7,0,0,7,0,0,7,7
495040,5,3,2,0,7,0,0,7,0,0,7,7
495040,6,4,1,0,7,0,0,7,0,0,7,7
495040,6,4,2,0,7,0,0,7,0,0,7,7
495040,7,999,1,0,30,0,0,30,0,0,30,30
495040,7,999,2,0,30,0,0,30,0,0,30,30
495040,8,5,1,0,15,0,0,15,0,0,15,15
495040,8,5,2,0,15,0,0,15,0,0,15,15
495040,9,6,1,0,10,0,0,10,0,0,10,10
495040,9,6,2,0,10,0,0,10,0,0,10,10
495040,10,7,1,0,3,0,0,3,0,0,3,3
495040,10,7,2,0,3,0,0,3,0,0,3,3
495040,12,9,1,0,2,0,0,2,0,0,2,2
495040,12,9,2,0,2,0,0,2,0,0,2,2
495138,1,412,1,6,6,0,0,12,0,6,6,12
495138,1,112,2,6,6,0,0,12,0,6,6,12
495138,2,999,1,2,3,0,0,5,0,2,3,5
495138,2,999,2,2,3,0,0,5,0,2,3,5
495138,4,2,1,1,3,0,0,4,0,1,3,4
495138,4,2,2,1,3,0,0,4,0,1,3,4
495138,5,3,1,1,0,0,0,1,0,1,0,1
495138,5,3,2,1,0,0,0,1,0,1,0,1
495138,7,999,1,4,3,0,0,7,0,4,3,7
495138,7,999,2,4,3,0,0,7,0,4,3,7
495138,8,5,1,1,0,0,0,1,0,1,0,1
495138,8,5,2,1,0,0,0,1,0,1,0,1
495138,9,6,1,0,2,0,0,2,0,0,2,2
495138,9,6,2,0,2,0,0,2,0,0,2,2
495138,10,7,1,2,1,0,0,3,0,2,1,3
495138,10,7,2,2,1,0,0,3,0,2,1,3
495138,12,9,1,1,0,0,0,1,0,1,0,1
495138,12,9,2,1,0,0,0,1,0,1,0,1
495271,1,412,1,1,2,11,37,3,48,12,39,51
495271,1,112,2,1,2,11,37,3,48,12,39,51
495271,2,999,1,1,1,5,9,2,14,6,10,16
495271,2,999,2,1,1,5,9,2,14,6,10,16
495271,3,1,1,0,0,1,0,0,1,1,0,1
495271,3,1,2,0,0,1,0,0,1,1,0,1
495271,4,2,1,0,0,0,3,0,3,0,3,3
495271,4,2,2,0,0,0,3,0,3,0,3,3
495271,5,3,1,0,0,3,3,0,6,3,3,6
495271,5,3,2,0,0,3,3,0,6,3,3,6
495271,6,4,1,1,1,1,3,2,4,2,4,6
495271,6,4,2,1,1,1,3,2,4,2,4,6
495271,7,999,1,0,1,5,27,1,32,5,28,33
495271,7,999,2,0,1,5,27,1,32,5,28,33
495271,8,5,1,0,0,1,3,0,4,1,3,4
495271,8,5,2,0,0,1,3,0,4,1,3,4
495271,9,6,1,0,0,1,11,0,12,1,11,12
495271,9,6,2,0,0,1,11,0,12,1,11,12
495271,10,7,1,0,1,1,3,1,4,1,4,5
495271,10,7,2,0,1,1,3,1,4,1,4,5
495271,11,8,1,0,0,2,4,0,6,2,4,6
495271,11,8,2,0,0,2,4,0,6,2,4,6
495271,12,9,1,0,0,0,4,0,4,0,4,4
495271,12,9,2,0,0,0,4,0,4,0,4,4
495271,13,10,1,0,0,0,2,0,2,0,2,2
495271,13,10,2,0,0,0,2,0,2,0,2,2
495271,14,11,1,0,0,1,1,0,2,1,1,2
495271,14,11,2,0,0,1,1,0,2,1,1,2
495280,1,412,1,7,9,9,15,16,24,16,24,40
495280,1,112,2,7,9,9,15,16,24,16,24,40
495280,2,999,1,3,8,3,2,11,5,6,10,16
495280,2,999,2,3,8,3,2,11,5,6,10,16
495280,4,2,1,1,4,1,0,5,1,2,4,6
495280,4,2,2,1,4,1,0,5,1,2,4,6
495280,5,3,1,0,1,0,0,1,0,0,1,1
495280,5,3,2,0,1,0,0,1,0,0,1,1
495280,6,4,1,2,3,2,2,5,4,4,5,9
495280,6,4,2,2,3,2,2,5,4,4,5,9
495280,7,999,1,4,1,6,13,5,19,10,14,24
495280,7,999,2,4,1,6,13,5,19,10,14,24
495280,8,5,1,1,1,2,1,2,3,3,2,5
495280,8,5,2,1,1,2,1,2,3,3,2,5
495280,9,6,1,1,0,0,2,1,2,1,2,3
495280,9,6,2,1,0,0,2,1,2,1,2,3
495280,10,7,1,1,0,2,1,1,3,3,1,4
495280,10,7,2,1,0,2,1,1,3,3,1,4
495280,11,8,1,1,0,0,1,1,1,1,1,2
495280,11,8,2,1,0,0,1,1,1,1,1,2
495280,12,9,1,0,0,1,6,0,7,1,6,7
495280,12,9,2,0,0,1,6,0,7,1,6,7
495280,13,10,1,0,0,1,2,0,3,1,2,3
495280,13,10,2,0,0,1,2,0,3,1,2,3
495314,1,412,1,145,127,0,0,272,0,145,127,272
495314,1,312,5,145,127,0,0,272,0,145,127,272
495314,2,999,1,87,84,0,0,171,0,87,84,171
495314,2,999,5,87,84,0,0,171,0,87,84,171
495314,3,1,1,1,0,0,0,1,0,1,0,1
495314,3,1,5,1,0,0,0,1,0,1,0,1
495314,5,3,1,2,4,0,0,6,0,2,4,6
495314,5,3,5,2,4,0,0,6,0,2,4,6
495314,6,4,1,84,80,0,0,164,0,84,80,164
495314,6,4,5,84,80,0,0,164,0,84,80,164
495314,7,999,1,58,43,0,0,101,0,58,43,101
495314,7,999,5,58,43,0,0,101,0,58,43,101
495314,8,5,1,55,41,0,0,96,0,55,41,96
495314,8,5,5,55,41,0,0,96,0,55,41,96
495314,9,6,1,3,1,0,0,4,0,3,1,4
495314,9,6,5,3,1,0,0,4,0,3,1,4
495314,10,7,1,0,1,0,0,1,0,0,1,1
495314,10,7,5,0,1,0,0,1,0,0,1,1
495350,1,412,1,2,7,0,0,9,0,2,7,9
495350,1,112,2,2,7,0,0,9,0,2,7,9
495350,2,999,1,0,3,0,0,3,0,0,3,3
495350,2,999,2,0,3,0,0,3,0,0,3,3
495350,4,2,1,0,2,0,0,2,0,0,2,2
495350,4,2,2,0,2,0,0,2,0,0,2,2
495350,5,3,1,0,1,0,0,1,0,0,1,1
495350,5,3,2,0,1,0,0,1,0,0,1,1
495350,7,999,1,2,4,0,0,6,0,2,4,6
495350,7,999,2,2,4,0,0,6,0,2,4,6
495350,8,5,1,2,1,0,0,3,0,2,1,3
495350,8,5,2,2,1,0,0,3,0,2,1,3
495350,10,7,1,0,2,0,0,2,0,0,2,2
495350,10,7,2,0,2,0,0,2,0,0,2,2
495350,11,8,1,0,1,0,0,1,0,0,1,1
495350,11,8,2,0,1,0,0,1,0,0,1,1
495369,1,412,1,3,38,1,11,41,12,4,49,53
495369,1,112,2,3,38,1,11,41,12,4,49,53
495369,2,999,1,1,22,0,5,23,5,1,27,28
495369,2,999,2,1,22,0,5,23,5,1,27,28
495369,4,2,1,1,8,0,2,9,2,1,10,11
495369,4,2,2,1,8,0,2,9,2,1,10,11
495369,5,3,1,0,7,0,1,7,1,0,8,8
495369,5,3,2,0,7,0,1,7,1,0,8,8
495369,6,4,1,0,7,0,2,7,2,0,9,9
495369,6,4,2,0,7,0,2,7,2,0,9,9
495369,7,999,1,2,16,1,6,18,7,3,22,25
495369,7,999,2,2,16,1,6,18,7,3,22,25
495369,8,5,1,1,6,0,4,7,4,1,10,11
495369,8,5,2,1,6,0,4,7,4,1,10,11
495369,9,6,1,0,6,0,2,6,2,0,8,8
495369,9,6,2,0,6,0,2,6,2,0,8,8
495369,10,7,1,0,1,1,0,1,1,1,1,2
495369,10,7,2,0,1,1,0,1,1,1,1,2
495369,11,8,1,1,3,0,0,4,0,1,3,4
495369,11,8,2,1,3,0,0,4,0,1,3,4
495411,1,412,1,8,141,3,15,149,18,11,156,167
495411,1,112,2,8,141,3,15,149,18,11,156,167
495411,2,999,1,6,115,2,14,121,16,8,129,137
495411,2,999,2,6,115,2,14,121,16,8,129,137
495411,3,1,1,0,2,0,0,2,0,0,2,2
495411,3,1,2,0,2,0,0,2,0,0,2,2
495411,4,2,1,2,41,0,3,43,3,2,44,46
495411,4,2,2,2,41,0,3,43,3,2,44,46
495411,5,3,1,3,39,1,3,42,4,4,42,46
495411,5,3,2,3,39,1,3,42,4,4,42,46
495411,6,4,1,1,33,1,8,34,9,2,41,43
495411,6,4,2,1,33,1,8,34,9,2,41,43
495411,7,999,1,2,26,1,1,28,2,3,27,30
495411,7,999,2,2,26,1,1,28,2,3,27,30
495411,8,5,1,1,14,1,0,15,1,2,14,16
495411,8,5,2,1,14,1,0,15,1,2,14,16
495411,9,6,1,1,5,0,0,6,0,1,5,6
495411,9,6,2,1,5,0,0,6,0,1,5,6
495411,10,7,1,0,3,0,1,3,1,0,4,4
495411,10,7,2,0,3,0,1,3,1,0,4,4
495411,11,8,1,0,4,0,0,4,0,0,4,4
495411,11,8,2,0,4,0,0,4,0,0,4,4
495518,1,412,1,1,40,1,17,41,18,2,57,59
495518,1,112,2,1,40,1,17,41,18,2,57,59
495518,2,999,1,0,29,0,6,29,6,0,35,35
495518,2,999,2,0,29,0,6,29,6,0,35,35
495518,3,1,1,0,1,0,0,1,0,0,1,1
495518,3,1,2,0,1,0,0,1,0,0,1,1
495518,4,2,1,0,6,0,1,6,1,0,7,7
495518,4,2,2,0,6,0,1,6,1,0,7,7
495518,5,3,1,0,13,0,3,13,3,0,16,16
495518,5,3,2,0,13,0,3,13,3,0,16,16
495518,6,4,1,0,9,0,2,9,2,0,11,11
495518,6,4,2,0,9,0,2,9,2,0,11,11
495518,7,999,1,1,11,1,11,12,12,2,22,24
495518,7,999,2,1,11,1,11,12,12,2,22,24
495518,8,5,1,0,5,0,7,5,7,0,12,12
495518,8,5,2,0,5,0,7,5,7,0,12,12
495518,9,6,1,0,4,1,1,4,2,1,5,6
495518,9,6,2,0,4,1,1,4,2,1,5,6
495518,10,7,1,0,0,0,3,0,3,0,3,3
495518,10,7,2,0,0,0,3,0,3,0,3,3
495518,11,8,1,1,2,0,0,3,0,1,2,3
495518,11,8,2,1,2,0,0,3,0,1,2,3
495767,1,412,1,38782,33733,9141,8160,72515,17301,47923,41893,89816
495767,1,112,2,34635,29972,5272,4567,64607,9839,39907,34539,74446
495767,1,312,5,4147,3761,3869,3593,7908,7462,8016,7354,15370
495767,2,999,1,34154,29884,2482,2209,64038,4691,36636,32093,68729
495767,2,999,2,32774,28458,2134,1815,61232,3949,34908,30273,65181
495767,2,999,5,1380,1426,348,394,2806,742,1728,1820,3548
495767,3,1,1,287,347,136,245,634,381,423,592,1015
495767,3,1,2,287,347,136,245,634,381,423,592,1015
495767,4,2,1,13789,12856,335,276,26645,611,14124,13132,27256
495767,4,2,2,13789,12856,335,276,26645,611,14124,13132,27256
495767,5,3,1,13864,12381,562,539,26245,1101,14426,12920,27346
495767,5,3,2,13814,12323,560,532,26137,1092,14374,12855,27229
495767,5,3,5,50,58,2,7,108,9,52,65,117
495767,6,4,1,6214,4300,1449,1149,10514,2598,7663,5449,13112
495767,6,4,2,4884,2932,1103,762,7816,1865,5987,3694,9681
495767,6,4,5,1330,1368,346,387,2698,733,1676,1755,3431
495767,7,999,1,4628,3849,6659,5951,8477,12610,11287,9800,21087
495767,7,999,2,1861,1514,3138,2752,3375,5890,4999,4266,9265
495767,7,999,5,2767,2335,3521,3199,5102,6720,6288,5534,11822
495767,8,5,1,2880,2333,2042,1970,5213,4012,4922,4303,9225
495767,8,5,2,1095,774,965,868,1869,1833,2060,1642,3702
495767,8,5,5,1785,1559,1077,1102,3344,2179,2862,2661,5523
495767,9,6,1,1078,839,1696,1326,1917,3022,2774,2165,4939
495767,9,6,2,428,351,805,628,779,1433,1233,979,2212
495767,9,6,5,650,488,891,698,1138,1589,1541,1186,2727
495767,10,7,1,357,326,1169,910,683,2079,1526,1236,2762
495767,10,7,2,171,180,577,443,351,1020,748,623,1371
495767,10,7,5,186,146,592,467,332,1059,778,613,1391
495767,11,8,1,255,272,1256,1178,527,2434,1511,1450,2961
495767,11,8,2,138,173,581,556,311,1137,719,729,1448
495767,11,8,5,117,99,675,622,216,1297,792,721,1513
495767,12,9,1,55,78,455,543,133,998,510,621,1131
495767,12,9,2,28,36,187,242,64,429,215,278,493
495767,12,9,5,27,42,268,301,69,569,295,343,638
495767,13,10,1,3,1,41,24,4,65,44,25,69
495767,13,10,2,1,0,23,15,1,38,24,15,39
495767,13,10,5,2,1,18,9,3,27,20,10,30
495916,1,412,1,1,0,5,7,1,12,6,7,13
495916,1,112,2,1,0,5,7,1,12,6,7,13
495916,2,999,1,1,0,3,2,1,5,4,2,6
495916,2,999,2,1,0,3,2,1,5,4,2,6
495916,4,2,1,1,0,1,0,1,1,2,0,2
495916,4,2,2,1,0,1,0,1,1,2,0,2
495916,5,3,1,0,0,0,1,0,1,0,1,1
495916,5,3,2,0,0,0,1,0,1,0,1,1
495916,6,4,1,0,0,2,1,0,3,2,1,3
495916,6,4,2,0,0,2,1,0,3,2,1,3
495916,7,999,1,0,0,2,5,0,7,2,5,7
495916,7,999,2,0,0,2,5,0,7,2,5,7
495916,8,5,1,0,0,0,1,0,1,0,1,1
495916,8,5,2,0,0,0,1,0,1,0,1,1
495916,9,6,1,0,0,0,1,0,1,0,1,1
495916,9,6,2,0,0,0,1,0,1,0,1,1
495916,10,7,1,0,0,1,0,0,1,1,0,1
495916,10,7,2,0,0,1,0,0,1,1,0,1
495916,11,8,1,0,0,0,1,0,1,0,1,1
495916,11,8,2,0,0,0,1,0,1,0,1,1
495916,12,9,1,0,0,1,2,0,3,1,2,3
495916,12,9,2,0,0,1,2,0,3,1,2,3
496043,1,412,1,172,179,0,0,351,0,172,179,351
496043,1,312,5,172,179,0,0,351,0,172,179,351
496043,2,999,1,83,96,0,0,179,0,83,96,179
496043,2,999,5,83,96,0,0,179,0,83,96,179
496043,5,3,1,8,4,0,0,12,0,8,4,12
496043,5,3,5,8,4,0,0,12,0,8,4,12
496043,6,4,1,75,92,0,0,167,0,75,92,167
496043,6,4,5,75,92,0,0,167,0,75,92,167
496043,7,999,1,89,83,0,0,172,0,89,83,172
496043,7,999,5,89,83,0,0,172,0,89,83,172
496043,8,5,1,79,73,0,0,152,0,79,73,152
496043,8,5,5,79,73,0,0,152,0,79,73,152
496043,9,6,1,7,8,0,0,15,0,7,8,15
496043,9,6,5,7,8,0,0,15,0,7,8,15
496043,10,7,1,2,0,0,0,2,0,2,0,2
496043,10,7,5,2,0,0,0,2,0,2,0,2
496043,11,8,1,1,0,0,0,1,0,1,0,1
496043,11,8,5,1,0,0,0,1,0,1,0,1
496043,12,9,1,0,2,0,0,2,0,0,2,2
496043,12,9,5,0,2,0,0,2,0,0,2,2